100
0 1 0.25
1 2 0.25
1 3 0.25
2 4 0.25
3 4 0.25
4 1 0.5
4 5 0.25
5 6 0.25
6 7 0.25
7 3 0.75
7 8 0.5
8 9 0.25
9 7 0.25
9 10 0.5
10 8 0.25
10 11 1
10 12 0.25
12 13 0.25
12 14 0.25
14 15 0.5
14 16 0.5
15 17 0.25
16 18 0.25
16 19 0.5
18 17 0.75
19 20 0.75
20 21 0.25
21 22 0.25
22 20 0.5
22 23 0.25
23 24 0.25
24 25 0.25
25 26 0.25
26 27 0.5
27 24 0.5
27 28 0.25
26 29 0.5
29 30 0.25
30 31 0.5
31 28 1.5
31 32 0.5
31 33 0.25
33 34 0.5
34 35 0.25
34 36 0.25
36 37 0.5
37 35 0.25
37 38 0.25
37 39 0.5
39 40 0.25
40 41 0.5
40 42 0.25
41 39 0.75
42 43 0.25
43 44 0.25
44 45 0.25
45 47 0.5
47 46 0.25
46 44 0.25
47 48 0.5
48 49 1
48 51 0.5
49 50 1.5
50 38 1
51 52 0.25
52 54 0.75
54 53 0.5
53 51 0.5
54 55 0.5
55 56 0.5
55 57 0.25
57 58 0.75
58 56 0.25
58 59 0.25
59 60 0.5
60 61 0.25
60 62 0.5
61 63 0.25
63 64 0.5
64 65 0.25
65 62 0.5
65 66 0.5
66 67 0.25
67 62 0.75
67 68 0.75
67 69 0.5
69 66 0.5
69 70 0.25
70 71 0.5
71 72 0.25
72 73 0.25
73 74 0.25
74 75 0.75
74 76 0.5
76 77 0.25
77 75 0.5
77 74 1
77 78 0.5
78 79 0.25
79 77 0.75
79 80 0.75
80 81 0.25
80 82 0.5
82 83 0.5
83 84 0.25
84 85 0.5
85 86 0.25
86 87 0.5
87 85 0.75
87 88 1
88 89 0.75
89 90 0.25
89 91 0.5
91 92 0.25
92 90 0.25
92 89 0.75
92 93 0.5
92 94 0.5
94 95 0.25
95 96 0.75
95 97 0.5
96 98 0.25
98 97 0.25
98 95 1
98 99 1.25