100
0 1 2.35
1 2 4.769
2 3 4.22
3 4 3.572
4 5 3.053
5 6 1.793
6 7 3.68
7 8 4.226
8 9 0.732
9 10 3.823
10 11 3.6
11 12 2.442
12 13 2.339
13 14 0.537
14 15 1.242
15 16 5.48
16 17 2.466
17 18 3.964
18 19 0.282
19 20 4.908
20 21 2.349
21 22 4.315
22 23 4.984
23 24 1.192
24 25 4.717
25 26 4.004
26 27 4.117
27 28 3.314
28 29 4.182
29 30 0.867
30 31 5.295
31 32 2.905
32 33 3.066
33 34 3.155
34 35 3.836
35 36 2.455
36 37 4.426
37 38 3.48
38 39 5.727
39 40 5.354
40 41 1.441
41 42 3.748
42 43 1.803
43 44 1.837
44 45 0.894
45 46 2.963
46 47 1.371
47 48 4.089
48 49 3.927
49 50 1.629
50 51 5.011
51 52 4.089
52 53 3.86
53 54 0.795
54 55 4.258
55 56 4.512
56 57 0.972
57 58 4.981
58 59 1.833
59 60 3.189
60 61 1.044
61 62 4.381
62 63 5.155
63 64 1.278
64 65 0.274
65 66 2.489
66 67 1.94
67 68 3.539
68 69 3.766
69 70 1.429
70 71 1.342
71 72 3.843
72 73 1.546
73 74 1.565
74 75 4.317
75 76 5.382
76 77 1.912
77 78 1.32
78 79 2.335
79 80 4.342
80 81 2.245
81 82 1.909
82 83 2.417
83 84 4.099
84 85 5.098
85 86 2.965
86 87 4.141
87 88 3.262
88 89 3.863
89 90 3.445
90 91 5.683
91 92 5.139
92 93 3.404
93 94 2.205
94 95 0.928
95 96 0.853
96 97 1.563
97 98 1.54
98 99 1.598
99 0 1.696
0 63 1.607
1 45 2.517
2 13 1.676
3 53 3.263
4 2 2.151
5 93 3.178
6 15 2.889
7 19 2.426
8 98 1.909
9 82 2.322
10 69 1.944
11 35 1.885
12 87 3.086
13 86 2.11
14 91 2.55
15 47 2.811
16 65 2.166
17 84 2.47
18 50 0.808
19 36 2.999
20 99 3.679
21 51 2.14
22 75 0.22
23 90 4.272
24 89 1.426
25 92 1.71
26 3 1.805
27 78 2.906
28 60 3.344
29 37 1.065
30 57 4.013
31 25 2.872
32 30 4.326
33 71 1.346
34 11 3.164
35 29 3.731
36 22 3.313
37 73 3.933
38 68 3.197
39 44 0.041
40 62 2.398
41 8 1.003
42 72 2.986
43 77 3.697
44 67 4.764
45 33 1.754
46 10 1.262
47 49 3.111
48 14 2.493
49 4 2.596
50 38 1.875
51 18 2.79
52 24 3.923
53 88 4.165
54 76 1.189
55 20 1.312
56 12 0.356
57 32 2.086
58 34 3.342
59 70 3.826
60 55 2.364
61 26 2.686
62 21 2.361
63 27 1.817
64 83 1.39
65 64 3.189
66 31 2.824
67 48 2.492
68 7 3.241
69 41 2.331
70 40 2.826
71 79 0.851
72 95 1.082
73 42 1.009
74 81 1.698
75 0 2.034
76 28 3.09
77 43 2.479
78 54 1.771
79 85 1.232
80 16 2.694
81 58 2.009
82 66 1.851
83 1 3.731
84 39 2.004
85 17 2.633
86 97 2.306
87 52 3.122
88 9 2.407
89 94 0.995
90 74 2.63
91 56 0.822
92 59 1.023
93 5 3.701
94 46 0.545
95 6 3.657
96 61 4.726
97 96 1.854
98 23 3.311
99 80 4.692