56
0 1 1.001
0 2 2.002
0 3 3.003
0 4 4.004
0 5 5.005
0 6 6.006
0 7 7.007
0 8 8.008
0 9 9.009
0 10 10.01
0 11 11.011
0 12 12.012
0 13 13.013
0 14 14.014
0 15 15.015
0 16 16.016
0 17 17.017
0 18 18.018
0 19 19.019
0 20 20.02
0 21 21.021
0 22 22.022
0 23 23.023
0 24 24.024
0 25 25.025
0 26 26.026
0 27 27.027
0 28 28.028
0 29 29.029
0 30 30.03
0 31 31.031
0 32 32.032
0 33 33.033
0 34 34.034
0 35 35.035
0 36 36.036
0 37 37.037
0 38 38.038
0 39 39.039
0 40 40.04
0 41 41.041
0 42 42.042
0 43 43.043
0 44 44.044
0 45 45.045
0 46 46.046
0 47 47.047
0 48 48.048
0 49 49.049
0 50 50.05
0 51 51.051
0 52 52.052
0 53 53.053
0 54 54.054
0 55 55.055
