70
0 1 1
1 2 6
2 3 3
3 4 1
4 5 4
5 6 1
6 7 5
7 8 9
8 9 2
9 10 6
10 11 5
11 12 3
12 13 5
13 14 8
14 15 9
15 16 7
16 17 9
17 18 3
18 19 2
19 20 3
20 21 8
21 22 2
22 23 7
23 24 4
24 25 6
25 26 9
26 27 2
27 28 5
28 29 3
29 30 4
30 31 8
31 32 6
32 33 7
33 34 2
34 35 8
35 36 1
36 37 7
37 38 5
38 39 9
39 40 3
40 41 8
41 42 9
42 43 1
43 44 2
44 45 4
49 50 6
50 51 6
51 52 7
52 53 5
53 54 2
54 55 8
55 56 3
56 57 4
57 58 7
58 59 9
59 60 4
60 61 4
61 62 9
62 63 7
63 64 2
64 65 8
65 66 5
66 67 3
67 68 7
68 69 5
69 0 4
15 45 4
15 46 9
15 47 2
15 48 6
15 49 3
15 50 5