96
0 1 23
0 32 9
0 34 19
1 2 14
2 3 17
2 19 24
3 4 2
4 5 6
4 20 8
4 21 3
5 6 11
5 7 5
5 8 12
5 21 18
7 8 15
8 9 1
8 24 14
9 10 22
10 11 20
10 13 4
10 24 21
10 25 25
11 12 10
11 13 16
11 36 7
11 38 12
13 14 17
13 25 10
14 15 12
14 39 21
14 40 15
15 16 13
16 17 2
16 25 17
16 26 20
17 18 8
17 23 23
17 27 4
18 19 6
18 20 21
18 22 14
18 23 11
18 26 7
19 27 12
19 32 19
20 21 19
21 22 23
21 23 11
22 23 13
23 24 7
24 25 3
26 27 4
26 28 2
26 29 4
27 31 15
27 34 23
28 40 19
29 30 22
29 43 4
29 44 1
30 31 4
30 32 17
30 43 28
31 34 27
32 33 26
33 34 18
34 45 25
35 37 9
35 38 6
35 39 25
36 37 6
36 39 20
36 40 5
40 45 16
41 42 4
41 44 27
42 43 8
42 45 11
37 46 28
35 46 12
38 52 20
39 47 4
39 48 6
46 47 11
47 48 6
48 49 4
49 50 3
49 54 25
46 53 30
52 53 23
50 51 11
54 55 23
55 56 28
56 57 5
57 58 25
53 54 26
58 55 18
47 54 28
3 59 22
5 60 4
7 58 10
59 63 10
59 61 15
60 61 5
60 62 24
58 61 28
58 62 18
61 64 28
63 64 2
64 69 9
62 64 18
69 66 37
66 68 28
69 75 2
66 67 9
67 65 18
65 70 19
62 70 33
70 71 6
67 71 29
70 79 10
79 80 12
79 78 1
76 78 18
72 78 10
67 72 2
67 74 17
76 80 26
76 77 5
77 80 9
77 81 9
81 82 4
82 83 10
74 83 3
74 87 24
72 73 7
73 84 9
84 75 5
84 85 28
84 89 30
86 84 12
87 89 25
87 85 24
75 88 15
88 90 16
86 88 26
83 90 17
89 90 20
70 95 30
79 95 20
80 94 25
92 95 1
94 92 24
94 93 36
91 92 10
91 93 22
91 52 41
51 93 3
