100
0 2 6.668
0 25 9.033
0 24 4.15
0 62 13.091
0 63 12.589
0 64 12.32
0 65 14.859
0 66 12.24
0 67 8.374
0 68 10.635
0 69 15.138
0 70 8.847
0 71 12.848
0 72 11.595
0 73 13.178
0 74 12.478
0 75 9.384
0 76 11.529
0 77 12.572
0 78 11.083
0 79 11.779
0 80 14.373
0 81 9.325
0 82 9.175
0 83 14.411
0 84 8.68
0 85 12.576
0 86 12.947
0 87 10.843
0 88 11.254
0 89 9.577
0 90 9.707
0 91 10.726
0 92 9.163
0 93 10.815
0 94 10.481
0 95 10.813
0 96 10.082
0 97 12.424
0 98 13.817
0 99 11.116
1 36 1.933
1 46 9.757
1 43 5.537
1 62 11.443
2 43 7.838
2 63 11.345
3 33 5.079
3 44 6.914
4 8 4.651
4 44 5.783
4 64 10.335
5 10 2.485
5 42 6.375
5 51 7.76
5 37 3.164
5 65 11.168
6 37 11.089
6 66 13.361
7 52 8.702
7 31 5.713
7 67 11.771
8 68 10.885
9 58 8.169
9 11 4.432
9 25 10.918
10 69 12.044
11 28 10.519
11 56 9.867
12 44 8.075
12 70 9.015
13 61 9.317
13 71 13.674
14 38 7.548
14 59 8.667
14 72 12.037
15 41 6.011
15 73 8.625
16 55 6.184
16 59 10.646
16 40 6.759
16 74 14.922
17 45 6.154
17 31 4.567
17 20 5.833
17 75 12.048
18 44 6.552
18 22 5.975
19 40 10.233
19 76 11.036
20 26 6.241
20 59 4.903
20 77 10.539
21 52 6.787
21 78 13.99
22 29 5.346
22 42 7.059
23 54 5.568
23 79 10.975
24 32 5.363
24 35 5.451
24 54 4.739
24 41 4.928
25 80 14.534
27 30 3.147
27 38 4.367
27 81 10.981
28 82 10.529
30 48 5.163
30 37 6.476
30 83 14.446
31 84 11.213
32 85 11.175
33 86 12.087
34 50 8.938
34 87 15.432
36 88 6.02
37 53 4.462
37 41 7.944
39 47 4.148
39 89 15.236
40 61 11.076
41 90 10.679
42 91 11.784
43 92 9.288
44 93 13.165
45 94 12.854
46 95 13.988
47 60 8.297
48 96 12.941
49 50 8.218
49 55 8.938
50 97 10.992
51 98 9.357
52 99 11.643
56 60 6.299
57 58 6.04