100
0 1 8.71
1 2 17.13
2 3 11.22
3 4 36.10
4 5 51.11
5 6 18.14
6 7 76.11
7 8 18.32
8 9 22.91
9 10 71.11
10 11 31.45
11 12 24.08
12 13 16.34
13 14 21.32
14 15 41.11
15 16 32.08
16 17 17.11
17 18 18.98
18 19 33.09
19 20 9.17
20 21 8.03
21 22 11.97
22 23 40.19
23 24 19.07
24 25 21.26
25 26 12.74
26 27 18.56
27 28 23.88
28 29 11.39
29 30 47.09
30 31 28.83
31 32 20.31
32 33 43.12
33 34 14.56
34 35 44.09
35 36 18.11
36 37 02.17
37 38 17.16
38 39 18.48
39 40 34.36
40 41 02.34
41 42 87.29
42 43 71.23
43 44 66.10
44 45 15.84
45 46 06.12
46 47 84.41
47 48 78.09
48 49 12.34
49 50 03.34
50 51 15.62
51 52 0.11
52 53 8.08
53 54 67.45
54 55 9.29
55 56 7.65
56 57 12.55
57 58 87.12
58 59 19.27
59 60 12.36
60 61 11.45
61 62 9.45
62 63 63.45
63 64 78.19
64 65 89.65
65 66 37.78
66 67 33.15
67 68 12.33
68 69 54.98
69 70 67.54
70 71 19.67
71 72 80.19
72 73 46.78
73 74 17.23
74 75 11.23
75 76 6.55
76 77 7.90
77 78 98.10
78 79 57.98
79 80 9.87
80 81 2.11
81 82 80.17
82 83 22.29
83 84 69.69
84 85 4.20
85 86 7.55
86 87 8.88
87 88 7.34
88 89 9.99
89 90 8.28
90 91 76.57
91 92 90.99
92 93 5.67
93 94 8.76
94 95 11.19
95 96 20.11
96 97 7.48
97 98 6.04
98 99 12.48
99 0 11.89
