76
0 27 76
0 11 78
0 57 38
0 1 69
0 2 45
0 3 27
0 4 15
0 5 7
0 6 65
0 7 35
0 8 40
0 9 3
0 10 35
0 12 73
0 13 79
0 14 57
0 15 61
0 16 32
0 17 18
0 18 10
0 19 67
0 20 1
0 21 25
0 22 1
0 23 26
0 24 8
0 25 35
0 26 67
0 28 68
0 29 79
0 30 2
0 31 27
0 32 34
0 33 4
0 34 31
0 35 97
0 36 25
0 37 26
0 38 69
0 39 77
0 40 79
0 41 58
0 42 11
0 43 97
0 44 35
0 45 33
0 46 47
0 47 98
0 48 95
0 49 92
0 50 58
0 51 42
0 52 44
0 53 5
0 54 65
0 55 60
0 56 45
0 58 96
0 59 79
0 60 48
0 61 70
0 62 59
0 63 76
0 64 59
0 65 81
0 66 34
0 67 63
0 68 85
0 69 4
0 70 35
0 71 26
0 72 26
0 73 15
0 74 31
0 75 42
1 19 88
1 31 83
1 70 7
2 10 82
2 4 67
3 61 90
3 43 91
3 75 28
5 43 68
5 34 15
5 69 60
6 59 59
7 55 26
7 25 17
7 74 46
8 23 60
8 50 68
9 37 93
9 14 31
10 53 17
12 51 74
13 37 77
13 60 2
14 55 14
15 39 96
16 47 18
17 71 69
18 63 43
18 19 68
18 37 64
18 38 24
19 45 74
20 33 6
21 60 30
22 64 49
22 53 2
23 60 79
23 29 34
23 47 87
24 53 93
25 32 80
25 36 40
25 73 80
26 54 39
27 53 4
28 66 76
30 39 17
32 49 13
33 64 50
35 42 92
35 52 98
36 64 99
38 39 81
38 58 61
38 71 82
40 52 13
41 52 17
42 59 94
42 62 10
44 57 54
45 54 95
46 58 3
46 72 87
48 70 25
50 56 48
50 67 55
51 70 52
51 65 68
52 59 19
59 61 21
63 64 22
66 73 30
68 74 52