100
0 46 7.51
0 35 8.462
0 42 5.71
0 13 0.772
0 65 12.549
0 66 11.358
0 67 11.302
0 68 11.396
0 69 14.597
0 70 10.644
0 71 13.242
0 72 11.863
0 73 11.509
0 74 9.684
0 75 11.807
0 76 13.298
0 77 10.912
0 78 9.472
0 79 14.072
0 80 12.34
0 81 8.087
0 82 12.262
0 83 14.752
0 84 15.023
0 85 9.923
0 86 13.437
0 87 10.702
0 88 10.611
0 89 13.397
0 90 9.833
0 91 12.189
0 92 15.585
0 93 11.731
0 94 7.06
0 95 12.304
0 96 9.549
0 97 13.277
0 98 11.488
0 99 10.397
1 18 7.325
1 65 12.048
2 11 8.312
2 3 9.004
2 66 13.339
3 30 7.333
3 67 11.563
4 9 7.353
5 33 9.453
5 68 13.624
6 61 8.208
6 50 8.352
6 69 11.795
7 54 5.446
7 30 5.786
8 33 8.332
8 10 5.717
9 50 8.256
9 70 10.062
10 39 10.547
10 71 10.329
11 28 7.718
12 13 9.241
12 64 10.909
12 72 10.046
14 47 8.665
14 51 8.747
14 73 11.272
15 37 5.903
15 64 9.605
16 48 6.124
16 58 7.006
16 74 13.159
17 44 9.509
17 30 8.55
17 75 12.224
18 57 4.965
18 39 7.222
18 36 7.336
18 76 12.262
19 41 10.323
19 48 9.883
19 77 12.19
20 26 7.285
20 78 16.152
21 27 12.751
21 44 8.236
21 79 11.566
22 58 11.821
22 80 14.094
23 33 7.041
23 81 13.187
24 30 10.935
24 82 14.623
25 63 4.895
25 58 6.626
25 83 11.731
26 28 7.621
26 84 10.894
27 85 11.974
28 86 11.015
29 51 5.446
29 52 9.968
29 31 5.494
29 87 10.705
30 43 7.937
30 88 11.999
31 45 5.711
31 89 11.143
32 40 5.592
32 49 8.338
32 56 5.627
32 44 6.386
32 90 9.888
33 55 8.584
33 91 12.833
34 49 7.74
35 53 6.31
35 92 12.035
36 61 6.984
36 93 11.639
37 94 13.052
38 47 6.437
38 95 9.23
40 96 10.803
41 97 15.028
42 62 7.756
42 50 6.573
42 98 9.714
43 59 4.457
43 99 13.02
45 60 5.623
45 55 6.626
58 61 8.048
59 61 5.784