100
0 1 59.259
0 11 57.124
0 5 58.003
0 2 60.35
0 25 17.885
0 26 9.685
0 27 17.791
1 8 61.673
1 28 5.383
1 29 9.838
1 30 17.192
2 6 57.493
2 24 70.144
2 31 13.843
2 32 7.624
2 33 12.241
3 16 59.989
3 14 60.014
3 34 4.611
3 35 0.929
3 36 12.995
4 10 65.172
4 37 19.239
4 38 7.984
4 39 14.701
5 15 60.907
5 23 61.464
5 40 15.501
5 41 16.945
5 42 12.621
6 43 10.722
6 44 15.475
6 45 12.676
7 14 63.079
7 9 63.253
7 46 8.72
7 47 8.565
7 48 14.033
8 49 12.896
8 50 0.908
8 51 5.179
9 18 59.741
9 52 8.917
9 53 6.774
9 54 7.804
10 16 55.19
10 55 10.985
10 56 13.164
10 57 12.233
11 58 6.297
11 59 17.811
11 60 7.436
12 21 55.14
12 61 8.48
12 62 17.743
12 63 8.844
13 22 59.656
13 21 55.622
13 64 9.909
13 65 9.637
13 66 10.817
14 20 51.99
14 21 55.413
14 67 5.271
14 68 12.642
14 69 10.059
15 70 12.198
15 71 14.661
15 72 6.743
16 73 9.903
16 74 6.768
16 75 13.297
17 20 60.329
17 76 13.547
17 77 13.64
17 78 14.908
18 24 56.609
18 79 12.444
18 80 13.174
18 81 3.194
19 20 65.351
19 82 9.582
19 83 11.804
19 84 11.823
20 85 0.976
20 86 17.977
20 87 13.278
21 88 7.056
21 89 12.756
21 90 10.211
22 91 16.559
22 92 15.607
22 93 5.766
23 94 12.798
23 95 5.584
23 96 12.514
24 97 8.082
24 98 9.915
24 99 11.364
25 43 10.826
26 80 26.786
26 90 25.535
26 29 24.257
27 49 13.603
27 93 18.249
27 32 16.34
28 81 22.11
28 51 16.165
28 34 10.033
29 66 19.192
29 37 26.024
30 48 23.174
31 40 24.984
31 67 15.233
32 42 15.104
32 75 17.639
33 64 28.281
33 63 23.808
33 57 14.977
33 73 15.203
34 75 24.645
34 65 24.275
35 62 26.737
35 49 20.131
36 42 22.0
37 84 18.453
38 56 28.229
39 93 25.817
40 41 24.512
42 60 17.735
43 73 29.707
44 45 17.375
44 77 17.691
44 94 25.758
44 99 17.161
46 95 17.003
47 80 17.009
48 67 11.339
50 59 30.375
51 85 14.838
51 91 18.263
52 67 25.949
53 74 15.168
53 55 19.721
54 96 9.771
54 87 15.582
55 61 12.56
55 90 21.188
56 77 23.62
57 98 22.661
58 65 23.22
58 94 13.529
59 84 23.173
59 93 17.941
60 78 12.726
61 82 19.574
63 87 19.671
64 68 17.68
64 70 23.517
67 92 28.785
67 95 15.791
69 97 24.843
69 98 12.64
70 83 15.522
71 72 19.181
72 87 17.732
73 91 26.275
76 90 14.391
78 89 14.008
79 95 19.313
79 85 19.319
80 88 18.56
86 95 15.893