100
0 10 37.612
0 12 74.036
0 14 99.184
0 17 94.235
0 23 96.44
0 26 37.699
0 34 98.582
0 35 30.201
0 43 17.49
0 53 27.488
0 54 32.794
0 57 67.532
0 64 69.209
0 65 32.98
0 66 30.649
0 67 57.897
0 80 71.157
0 85 67.019
0 89 42.821
0 98 4.91
1 3 29.739
1 5 71.576
1 10 7.387
1 15 78.17
1 22 66.622
1 23 29.989
1 25 93.768
1 35 6.892
1 37 60.475
1 42 3.804
1 50 92.993
1 51 90.998
1 56 7.37
1 61 69.294
1 67 25.358
1 69 67.926
1 70 49.256
1 83 79.704
1 84 93.824
1 86 75.86
1 91 54.734
1 92 99.69
1 97 69.42
2 65 29.229
2 98 98.483
2 75 23.304
2 43 69.617
2 28 66.19
2 15 73.925
2 17 92.919
2 81 70.667
2 18 90.684
2 52 16.183
2 53 86.987
2 19 37.807
2 55 93.97
2 88 79.576
2 87 47.873
2 26 70.518
2 92 53.299
2 93 78.124
3 4 34.317
3 11 46.069
3 13 23.532
3 19 24.661
3 30 75.246
3 34 89.238
3 35 28.823
3 49 20.754
3 58 83.826
3 59 15.497
3 61 77.284
3 66 0.081
3 72 24.589
3 76 81.846
3 83 20.453
3 91 31.744
3 92 35.417
3 95 54.371
3 98 23.06
4 34 94.263
4 35 46.359
4 69 9.972
4 5 4.938
4 6 50.01
4 58 0.881
4 75 14.241
4 12 5.009
4 44 7.058
4 46 87.96
4 81 94.907
4 19 12.87
4 20 21.828
4 22 17.534
4 26 84.384
4 95 68.807
5 8 18.824
5 21 25.593
5 28 73.02
5 31 9.003
5 33 1.458
5 51 30.908
5 52 35.075
5 57 64.666
5 58 64.221
5 61 62.421
5 66 29.321
5 74 14.695
5 76 12.976
5 79 51.332
5 86 46.372
5 89 66.219
5 94 46.805
5 95 87.191
5 97 96.962
6 96 1.601
6 40 35.309
6 73 23.975
6 75 74.073
6 13 13.376
6 78 59.306
6 15 78.34
6 17 75.139
6 50 20.965
6 84 61.776
6 21 35.453
6 88 87.335
6 59 51.687
6 31 85.482
7 32 57.686
7 66 21.684
7 36 97.832
7 10 72.432
7 11 82.351
7 44 36.696
7 13 18.289
7 48 74.42
7 81 83.658
7 18 34.655
7 19 97.964
7 93 61.293
7 21 7.625
7 23 41.952
7 90 35.662
7 31 82.691
7 29 79.469
7 95 44.221
8 10 28.938
8 12 27.255
8 20 51.786
8 24 73.696
8 27 17.478
8 34 10.05
8 40 34.842
8 42 51.999
8 43 49.647
8 46 27.674
8 47 55.936
8 50 54.739
8 60 32.991
8 62 94.254
8 69 45.107
8 72 14.106
8 77 68.267
8 82 34.445
8 90 84.211
8 91 98.402
8 94 18.318
8 99 59.394
9 32 78.051
9 98 75.883
9 34 55.679
9 70 2.389
9 72 62.077
9 40 68.407
9 46 59.351
9 15 51.608
9 48 54.219
9 17 59.527
9 81 91.591
9 85 87.477
9 24 44.119
9 60 0.433
10 97 8.089
10 34 61.485
10 64 79.182
10 76 40.91
10 13 12.246
10 51 6.66
10 85 94.694
10 25 58.012
10 94 73.357
10 57 7.689
11 33 47.605
11 99 1.446
11 68 22.278
11 70 86.359
11 73 74.265
11 42 86.437
11 78 68.065
11 16 81.6
11 17 27.3
11 50 69.981
11 51 59.133
11 20 4.749
11 58 90.694
11 27 57.053
12 17 76.762
12 18 71.912
12 19 71.579
12 21 76.252
12 25 67.772
12 39 92.332
12 45 71.677
12 55 16.499
12 58 20.899
12 61 41.604
12 62 82.371
12 64 52.079
12 65 46.878
12 77 62.15
12 79 9.661
12 92 40.206
13 17 84.865
13 32 7.253
13 43 84.771
13 44 22.578
13 52 90.37
13 57 47.905
13 59 25.959
13 73 92.086
13 75 77.275
13 76 85.926
13 78 61.047
13 83 14.158
13 85 93.074
13 95 65.059
13 99 71.681
14 33 98.032
14 35 23.643
14 36 62.443
14 56 92.033
14 73 32.999
14 45 51.206
14 78 49.362
14 48 32.913
14 49 7.239
14 50 6.015
14 83 78.19
14 19 93.856
14 24 17.796
14 57 55.085
14 26 64.333
14 93 43.167
15 33 74.353
15 26 72.569
15 99 90.204
15 39 91.617
15 70 1.951
15 73 95.043
15 78 54.147
15 81 75.901
15 20 87.17
15 85 46.919
15 89 45.533
15 90 15.314
15 31 9.383
16 32 49.785
16 96 60.006
16 34 65.607
16 98 33.762
16 68 99.467
16 37 58.74
16 40 15.161
16 43 33.752
16 45 22.882
16 81 5.659
16 84 12.369
16 53 67.751
16 52 53.804
16 55 3.452
16 28 18.557
16 93 16.324
16 31 96.792
17 23 85.245
17 30 61.687
17 32 96.347
17 35 14.946
17 40 13.93
17 43 1.672
17 46 68.559
17 47 49.332
17 50 22.808
17 61 40.383
17 62 4.007
17 65 42.599
17 66 96.353
17 67 44.288
17 70 42.466
17 76 83.948
17 79 81.019
17 81 50.839
17 83 81.239
17 91 71.832
17 98 76.177
18 20 22.734
18 21 51.555
18 31 31.76
18 32 39.448
18 37 63.33
18 38 44.468
18 41 85.101
18 50 44.81
18 54 80.776
18 68 97.505
18 71 24.294
18 74 76.239
18 81 1.764
18 85 96.537
18 88 52.798
18 94 9.768
19 22 61.517
19 27 4.393
19 36 54.684
19 53 30.292
19 54 83.153
19 58 53.076
19 59 35.686
19 66 12.421
19 67 59.385
19 68 33.626
19 81 25.852
19 89 52.437
19 90 74.75
19 91 62.025
19 93 71.502
19 94 10.609
20 64 38.186
20 33 44.887
20 67 43.162
20 35 29.707
20 39 74.17
20 79 56.861
20 80 43.313
20 50 94.119
20 89 21.283
21 31 73.505
21 38 77.888
21 40 39.574
21 53 76.37
21 54 72.383
21 55 30.461
21 57 35.389
21 64 22.515
21 75 11.898
21 76 69.958
21 77 37.734
21 83 11.037
21 97 56.499
21 99 2.409
22 24 54.091
22 35 46.461
22 37 21.422
22 48 96.936
22 50 70.674
22 52 71.04
22 55 83.448
22 59 70.571
22 60 46.709
22 64 31.964
22 65 22.849
22 75 95.351
22 77 65.635
22 81 36.304
22 84 88.046
22 98 44.036
23 33 1.049
23 37 7.186
23 39 22.172
23 40 67.187
23 42 46.468
23 43 11.165
23 49 27.006
23 53 67.715
23 63 90.523
23 71 67.39
23 72 76.499
23 76 87.621
23 82 50.311
23 88 27.757
23 90 72.82
23 93 53.147
23 95 24.896
23 97 97.121
24 96 75.694
24 33 4.324
24 34 19.421
24 67 12.156
24 80 36.091
24 85 61.979
24 55 96.301
24 56 80.635
24 25 95.795
24 91 97.99
24 61 2.368
25 34 38.265
25 71 5.505
25 40 27.287
25 73 52.305
25 44 24.314
25 46 79.078
25 54 58.779
25 56 76.891
25 28 39.594
25 62 29.629
26 29 3.364
26 31 29.962
26 35 61.05
26 37 42.834
26 41 97.497
26 46 7.255
26 48 20.014
26 49 1.958
26 52 27.523
26 56 97.112
26 59 21.097
26 70 25.128
26 83 82.623
26 87 14.184
26 90 42.473
26 92 47.348
26 93 88.324
27 31 57.171
27 32 18.035
27 35 12.921
27 42 45.282
27 46 39.226
27 56 93.885
27 59 23.381
27 75 1.841
27 81 59.153
27 84 7.156
27 86 64.591
27 88 37.217
27 91 13.034
27 92 99.88
27 94 40.687
27 96 95.459
28 29 82.57
28 30 70.043
28 33 15.778
28 34 12.874
28 39 43.017
28 53 26.032
28 57 19.652
28 62 57.176
28 63 35.186
28 65 50.981
28 66 71.387
28 71 80.005
28 73 5.527
28 76 95.087
28 97 29.192
29 65 24.205
29 98 96.66
29 66 35.904
29 38 39.594
29 45 48.337
29 60 19.734
29 92 50.081
29 80 44.512
29 84 58.7
29 85 16.29
29 52 65.721
29 88 7.156
29 59 76.009
30 33 38.516
30 66 82.33
30 34 36.639
30 40 61.573
30 42 91.308
30 44 85.558
30 77 18.477
30 85 59.139
30 55 86.175
30 88 23.179
30 95 56.917
31 33 36.12
31 36 88.108
31 37 98.251
31 38 53.629
31 40 50.503
31 43 46.68
31 52 33.918
31 53 21.318
31 54 34.371
31 65 56.056
31 71 13.061
31 75 17.208
31 77 8.273
31 79 11.129
31 82 21.125
31 91 33.762
32 65 70.821
32 66 50.112
32 99 30.933
32 34 86.613
32 73 34.181
32 79 77.237
32 85 52.407
32 86 55.598
32 89 79.691
33 64 72.391
33 66 26.681
33 71 10.835
33 72 96.778
33 75 87.978
33 76 98.008
33 78 6.78
33 79 74.694
33 90 15.97
33 93 51.163
33 97 22.592
33 36 11.923
33 38 78.067
33 46 79.619
33 48 21.501
33 53 52.182
33 56 86.256
33 63 82.902
34 64 18.296
34 65 68.341
34 68 9.451
34 71 66.563
34 79 74.212
34 80 76.108
34 88 29.909
34 36 70.858
34 56 72.092
34 58 13.789
35 66 8.528
35 68 25.926
35 71 86.701
35 41 66.184
35 46 69.62
35 51 58.032
35 55 18.839
35 95 75.437
36 46 75.253
36 48 49.604
36 50 15.586
36 51 46.692
36 56 58.267
36 59 20.717
36 60 52.02
36 61 90.76
36 67 30.519
36 71 80.331
36 79 98.92
36 80 93.109
36 96 1.546
36 97 8.332
36 99 57.873
37 67 69.924
37 68 70.237
37 72 91.691
37 73 26.158
37 75 93.277
37 79 44.73
37 51 2.554
37 54 31.632
37 88 56.408
38 99 89.855
38 41 18.669
38 45 39.989
38 78 47.085
38 86 4.565
38 87 72.929
38 56 4.035
38 57 27.697
38 62 1.613
39 64 91.697
39 72 65.931
39 75 99.216
39 76 88.489
39 60 8.534
39 80 23.024
39 82 81.976
39 52 97.795
39 55 12.153
39 88 53.124
39 57 97.651
40 96 6.741
40 67 70.346
40 74 74.299
40 75 5.885
40 46 68.837
40 80 51.583
40 52 98.606
40 93 22.952
41 58 2.214
41 69 9.271
41 68 58.672
41 73 8.009
41 44 12.74
41 51 74.039
41 85 77.625
41 86 86.381
41 87 27.82
41 94 74.841
42 98 56.599
42 68 45.453
42 69 13.289
42 72 33.002
42 74 80.837
42 77 57.44
42 81 4.837
42 52 93.238
42 86 76.218
42 93 93.347
43 96 81.222
43 71 66.783
43 78 32.396
43 47 65.5
43 82 17.823
43 90 78.508
43 91 40.652
44 66 78.712
44 75 80.502
44 77 10.285
44 48 54.38
44 85 43.271
44 94 97.62
44 92 15.4
44 63 77.207
44 57 33.771
45 96 99.847
45 77 55.592
45 78 31.442
45 47 27.408
45 50 73.657
45 79 93.231
45 52 12.517
45 53 82.686
45 62 42.85
45 90 61.93
45 91 60.433
45 94 27.786
46 47 24.273
46 55 48.412
46 60 74.274
46 74 79.091
46 76 66.443
46 84 67.262
46 85 32.799
46 86 70.578
46 90 53.434
46 91 39.901
46 96 11.356
47 49 30.752
47 53 60.708
47 54 11.327
47 58 90.947
47 66 99.462
47 72 45.863
47 74 69.618
47 75 42.683
47 77 36.294
47 84 8.021
47 87 76.136
47 90 66.599
47 92 0.704
47 96 16.913
48 64 44.94
48 65 44.254
48 99 7.602
48 72 52.935
48 49 81.567
48 50 54.517
48 52 87.671
48 57 24.811
48 92 96.333
49 98 62.123
49 99 4.784
49 68 30.56
49 81 75.683
49 56 12.167
49 59 33.95
49 60 76.326
49 61 95.104
49 94 65.673
49 95 55.748
50 51 47.756
50 59 54.291
50 60 6.19
50 74 54.437
50 82 89.566
50 85 62.823
50 87 95.7
50 89 77.687
50 93 17.132
50 96 5.769
51 75 64.463
51 78 39.867
51 83 98.898
51 84 90.415
51 54 81.113
51 60 93.435
51 95 13.525
52 54 36.321
52 60 50.31
52 62 82.633
52 64 90.697
52 71 80.502
52 73 3.287
52 78 69.134
52 86 68.398
52 90 89.137
53 64 29.314
53 72 13.958
53 76 56.861
53 77 93.487
53 81 30.773
53 89 29.456
53 92 73.565
53 93 77.175
53 97 25.177
54 57 13.361
54 60 64.544
54 63 45.771
54 75 21.222
54 81 48.798
54 83 28.166
54 86 5.197
54 93 53.828
54 96 50.801
54 99 24.507
55 64 61.428
55 97 69.031
55 99 35.331
55 69 14.645
55 72 38.994
55 82 81.206
55 56 42.594
55 93 15.676
56 68 54.464
56 69 35.813
56 75 16.566
56 80 3.482
56 83 89.853
56 88 52.822
56 93 8.961
56 94 23.678
57 67 62.598
57 70 62.852
57 87 89.528
57 85 76.019
57 90 71.117
58 96 35.668
58 76 88.46
58 86 62.114
58 89 66.823
58 59 45.665
58 61 8.159
59 97 2.996
59 82 46.104
59 84 87.704
59 61 73.885
59 88 66.428
59 95 99.622
60 62 73.599
60 63 29.801
60 64 40.351
60 76 79.614
60 82 18.44
60 89 61.425
60 96 31.604
60 97 35.301
61 67 85.165
61 70 5.076
61 72 42.767
61 79 47.889
61 83 46.743
61 93 54.521
61 63 84.704
62 65 9.677
62 68 76.498
62 78 63.797
62 84 38.077
62 86 39.396
62 90 47.578
63 97 47.116
63 67 34.183
63 99 65.976
63 69 35.311
63 74 78.345
63 92 27.59
64 70 36.18
64 76 65.895
64 82 27.443
64 99 91.461
65 66 75.122
65 69 14.47
65 71 73.998
65 72 29.808
65 77 60.589
65 79 30.908
65 80 1.632
65 92 83.303
66 80 87.205
66 85 37.907
66 98 42.626
66 99 25.393
67 96 90.159
67 99 21.004
67 73 76.822
67 83 44.165
68 96 9.544
68 98 19.913
68 73 40.243
68 77 96.535
68 90 95.185
69 96 40.779
69 98 25.858
69 75 90.247
69 78 7.582
69 84 53.238
70 89 15.799
70 98 88.875
70 99 81.384
70 77 70.707
70 84 27.949
70 86 90.095
71 97 2.625
71 92 5.689
71 80 64.161
71 93 71.273
72 80 30.975
72 82 87.33
72 88 55.139
72 89 41.912
72 98 20.61
73 75 8.38
73 81 17.579
73 84 70.123
73 86 3.086
73 95 53.169
73 96 57.645
74 99 87.134
74 81 41.083
74 83 98.245
74 84 99.748
74 93 99.737
75 76 45.212
75 81 45.503
75 84 45.283
75 86 36.71
75 90 55.524
75 96 15.305
76 82 66.436
76 83 51.84
76 96 97.657
76 98 14.51
77 78 14.371
77 80 26.068
77 84 24.578
77 86 16.144
78 97 89.547
78 85 89.787
78 88 39.568
79 97 25.783
79 87 84.335
79 89 48.242
80 99 11.04
80 83 85.136
80 95 98.468
81 83 74.155
81 90 78.201
81 96 51.019
82 96 90.121
82 98 9.827
82 94 28.923
83 84 62.582
83 87 55.324
83 89 63.136
83 95 64.525
84 87 88.656
84 89 6.81
84 91 74.863
84 94 53.605
85 87 29.259
85 89 53.077
85 91 74.441
85 92 51.004
85 93 56.085
85 94 81.745
86 89 48.647
86 92 57.725
86 93 20.094
86 96 54.689
87 96 11.851
87 94 90.36
88 99 15.941
89 95 34.402
89 97 54.158
89 99 69.614
90 97 24.288
91 96 28.478
91 93 68.708
92 97 83.887
93 98 1.357
93 99 9.589
94 96 97.479
94 95 82.979
