100
0 1 1.466
1 2 1.425
2 3 0.143
3 4 0.692
4 5 0.423
5 6 2.016
6 7 0.222
7 8 0.222
8 9 0.424
9 10 0.561
10 11 1.084
11 12 1.07
12 13 4.3
13 14 1.412
14 15 1.91
15 16 0.808
16 17 4.674
17 18 2.016
18 19 0.463
19 20 0.051
20 21 0.02
21 22 2.289
22 23 0.275
23 24 0.986
24 25 1.379
25 26 0.324
26 27 0.372
27 28 0.263
28 29 3.854
29 30 1.967
30 31 1.506
31 32 4.05
32 33 0.085
33 34 0.978
34 35 0.838
35 36 1.171
36 37 2.281
37 38 0.351
38 39 2.663
39 40 3.729
40 41 0.41
41 42 1.509
42 43 0.715
43 44 0.448
44 45 1.712
45 46 0.487
46 47 2.317
47 48 1.739
48 49 1.456
49 50 3.627
50 51 0.224
51 52 1.028
52 53 0.757
53 54 1.26
54 55 0.507
55 56 0.386
56 57 3.381
57 58 0.724
58 59 1.497
59 60 0.113
60 61 0.628
61 62 0.627
62 63 0.421
63 64 1.136
64 65 1.349
65 66 0.027
66 67 1.436
67 68 1.709
68 69 1.187
69 70 0.145
70 71 0.031
71 72 0.065
72 73 1.12
73 74 0.448
74 75 0.276
75 76 0.159
76 77 0.374
77 78 3.586
78 79 0.644
79 80 0.509
80 81 1.823
81 82 1.976
82 83 0.002
83 84 1.227
84 85 0.84
85 86 1.744
86 87 2.97
87 88 0.104
88 89 0.195
89 90 0.345
90 91 0.099
91 92 0.178
92 93 0.058
93 94 1.567
94 95 0.384
95 96 0.02
96 97 0.381
97 98 0.699
98 99 1.077
16 75 1.743
19 64 0.007
42 57 0.16
1 17 1.249
70 50 0.442
13 34 0.357
68 86 5.644
31 66 0.952
85 48 0.24
13 37 0.197
92 19 0.903
56 14 1.208
18 90 0.131
93 91 0.562
41 58 2.775
44 96 2.322
17 2 1.887
18 72 0.542
11 1 0.73
72 26 1.235
91 37 1.617
23 66 0.367
66 30 0.938
71 35 2.273
67 89 0.154
82 77 5.495
34 73 2.309
53 21 0.669
35 46 1.434
90 14 0.103
80 22 1.254
64 67 1.032
75 13 0.301
34 17 0.098
64 66 1.108
23 70 0.053
0 19 0.66
98 6 1.404
51 46 0.037
92 14 0.787
71 46 0.407
49 25 2.141
62 10 0.657
1 68 0.587
68 15 0.616
84 88 3.065
99 21 0.298
18 71 2.9
41 61 0.354
32 98 5.428
95 39 0.483
58 72 2.097
75 15 0.408
94 36 0.035
13 4 1.463
11 43 0.193
67 95 0.568
27 81 0.423
13 23 0.432
34 52 0.5
75 91 1.713
12 99 1.559
94 34 0.698
72 53 0.887
93 73 3.174
64 82 0.285
11 45 0.883
52 92 0.282
60 23 2.182
32 82 0.755
89 97 0.551
5 83 1.098
12 72 4.7
55 36 4.162
42 98 0.206
69 67 0.333
78 97 0.615
41 83 0.564
27 91 2.055
50 0 0.269
0 86 0.203
13 31 0.251
49 54 0.752
69 57 0.027
2 57 1.568
99 40 0.212
44 6 0.344
74 87 0.544
12 63 0.964
65 46 2.251
52 68 0.124
72 56 0.273
9 73 2.192
31 12 2.484
16 73 0.412
47 30 0.735
91 66 1.868
80 82 2.041
92 10 1.443
57 9 1.844
86 57 0.879
39 79 0.645
50 10 0.491
85 1 2.084
56 0 0.401
6 48 0.125
39 67 0.008
19 67 1.034
47 31 4.03
99 7 2.09
86 89 1.399
97 43 1.22
88 19 0.143
93 19 0.493
48 80 3.271
17 66 0.06
77 42 0.011
95 32 0.552
41 43 2.905
32 19 0.371
94 99 0.414
59 12 1.679
51 30 2.558
72 99 0.589
44 75 0.85
45 95 0.088
93 97 0.234
55 94 0.338
62 72 0.083
83 21 0.381
89 3 0.972
16 61 0.609
37 31 0.015
64 69 0.32
86 41 0.819
42 59 1.074
36 50 1.825
68 4 0.067
23 73 0.766
60 19 0.353
14 38 2.032
10 83 1.132
64 47 0.086
34 27 0.528
32 96 3.649
56 78 1.873
64 60 1.11
15 99 2.664
18 98 0.597
12 28 1.573
72 51 0.463
27 17 1.271
5 74 0.445
81 59 0.198
3 39 0.385
6 71 0.032
89 41 0.601
80 74 0.815
10 25 0.381
18 79 0.227
69 30 1.809
39 54 1.31
85 62 0.014
67 91 2.204
33 18 2.55
23 48 1.387
72 98 2.25
60 26 2.508
26 54 1.521
77 25 0.069
31 71 2.056
58 40 1.309
99 39 1.849
47 11 2.726
25 62 0.994
70 32 1.26
51 7 1.94
39 17 0.549
23 68 0.56
19 30 2.186
73 5 0.958
25 34 1.906
78 5 0.374
67 51 0.082
43 40 0.802
60 72 0.425
14 59 1.271
37 72 0.195
44 80 0.484
2 94 0.173
27 65 0.121
5 92 1.004
63 82 0.873
82 18 2.754
95 14 0.418
83 72 0.387
13 5 0.542
99 62 0.213
15 56 0.066
54 27 0.969
1 97 0.914
47 27 0.101
80 15 1.462
53 99 0.45
93 2 0.766
52 38 2.836
74 63 5.848
87 62 0.282
37 42 0.091
18 39 1.565
37 17 0.694
58 11 0.278
96 18 0.072
64 55 1.513
9 46 1.346
15 52 1.766
37 69 1.822
17 95 0.474
85 70 0.046
88 45 1.643
72 97 1.079
68 12 0.401
11 17 0.675
54 30 0.135
9 99 1.027
95 28 3.292
20 80 2.009
63 66 0.015
63 41 0.375
48 25 0.399
69 60 1.154
42 60 0.958
88 36 0.649
69 93 0.515
92 75 0.806
53 60 2.263
58 6 0.902
56 64 1.766
40 70 0.372
98 58 0.218
7 28 1.31
21 75 0.046
41 29 2.66
92 50 2.91
27 45 1.021
80 55 1.395
34 93 0.148
68 57 0.99
5 79 1.153
39 77 0.806
18 83 0.016
1 19 1.096
57 78 0.123
73 97 0.486
65 56 0.013
88 14 0.586
62 28 0.473
87 25 0.104
37 64 0.608
69 96 2.248
45 60 0.673
9 65 0.305
26 95 2.627
62 19 0.165
78 36 0.515
14 55 0.499
90 27 0.52
60 51 1.973
10 66 1.48
25 98 0.713
55 47 0.23
79 50 0.177
93 33 0.726
12 30 0.87
63 43 1.207
36 51 0.611
71 19 1.415
95 23 0.921
93 55 0.792
14 57 2.997
69 14 0.08
25 0 0.852
87 78 1.786
16 51 0.008
80 84 1.278
27 16 0.827
82 11 0.556
5 95 1.502
76 90 1.158
86 81 0.2
33 20 2.486
84 8 0.237
49 47 0.203
92 99 1.169
37 39 1.624
66 40 0.223
5 39 0.111
32 55 1.508
84 86 0.05
19 3 0.15
80 41 1.436
97 63 1.084
44 4 0.178
10 28 0.823
2 56 0.106
44 40 0.101
24 43 2.253
78 7 0.539
28 73 1.646
63 7 1.405
53 55 1.389
84 60 0.725
58 5 2.43
41 47 1.388
0 37 1.585
4 92 0.515
70 87 1.561
97 49 1.696
5 98 0.615
97 84 1.442
16 57 0.672
12 5 2.443
15 5 1.304
26 3 1.022
51 15 0.364
13 8 1.602
74 13 0.034
54 13 0.062
52 57 0.503
66 88 0.607
27 61 0.196
69 41 0.514
31 23 0.002
93 59 0.207
37 98 0.204
84 74 0.056
20 34 2.229
48 65 0.314
85 97 0.258
10 81 0.395
67 61 0.774
95 8 4.011
98 48 3.697
87 38 3.972
92 81 0.344
90 43 0.039
35 88 1.414
94 38 0.502
12 98 0.729
28 65 1.097
90 4 1.625
73 44 0.817
39 1 2.057
98 1 0.781
37 76 1.697
35 97 0.645
4 35 1.173
67 3 1.384
90 48 0.063
95 62 1.311
26 42 0.472
58 13 0.457
64 57 1.334
43 37 3.564
80 0 5.032
82 28 0.122
61 14 0.287
9 60 0.608
26 89 0.186
24 27 2.169
91 72 0.69
10 12 4.258
9 31 2.692
52 36 0.217
56 53 0.078
77 79 0.158
59 56 0.122
11 33 0.56
88 17 0.735
89 62 0.562
70 63 0.062
82 75 1.037
72 16 0.615
59 98 0.336
30 17 0.537
91 19 1.542
32 79 1.331
54 94 0.912
42 76 0.841
0 79 1.365
14 91 0.062
11 9 0.417
44 71 0.795
91 33 0.241
37 68 1.41
64 21 0.627
62 18 0.861
52 78 3.721
52 83 0.02
2 18 1.209
74 60 0.723
4 97 1.159
26 12 1.599
0 3 0.386
72 46 0.718
54 44 1.878
45 59 0.294
48 14 1.263
31 61 0.506
52 88 0.555
29 66 0.07
54 59 0.164
3 95 0.126
38 60 0.372
20 3 0.436
61 9 4.501
78 83 0.382
82 2 1.078
61 2 0.679
72 95 0.055
50 45 0.193
45 82 0.309
70 60 3.898
63 77 0.847
1 35 1.206
38 84 0.235
32 8 0.076
88 41 0.459
56 88 0.033
97 76 0.757
62 22 0.25
89 20 1.055
47 50 2.258
58 12 1.133
24 79 2.41
44 5 0.952
40 53 3.045
13 87 0.577
0 8 0.59
49 57 0.449
7 50 2.792
90 45 0.971
59 34 1.372
41 8 0.378
39 56 1.823
10 41 0.695
44 19 3.096
76 19 0.052
67 10 2.09
71 83 0.935
86 78 0.211
70 4 0.92
67 30 1.752
1 62 1.608
4 22 1.034
43 70 1.359
72 39 0.463
68 60 0.386
4 91 1.236
12 60 0.487
93 51 1.55
89 12 0.288
48 36 0.454
13 28 0.364
28 86 2.217
61 33 0.725
95 37 3.082
9 37 0.038
11 63 0.115
77 97 0.346
62 11 0.68
53 95 0.274
10 91 1.436
27 32 1.985
73 61 0.4
95 97 6.548
83 86 0.081
40 4 1.996
90 23 0.573
37 40 1.851
74 12 0.029
55 51 0.212
27 6 0.168
33 27 1.784
69 42 3.325
2 45 0.04
4 73 0.361
25 58 0.314
89 22 1.181
21 52 1.237
49 85 2.034
72 90 0.393
5 20 2.17
90 46 1.395
94 52 0.323
71 98 2.491
67 17 2.894
23 33 0.855
21 77 0.831
98 66 1.697
87 68 0.845
73 88 0.877
10 77 2.539
26 34 1.114
95 36 0.356
28 36 0.715
7 69 1.694
64 24 1.056
72 54 0.775
35 89 0.8
85 11 2.224
74 90 1.359
16 71 3.002
72 92 0.27
26 76 0.193
47 81 2.37
33 79 0.457
88 13 0.678
89 71 1.429
2 27 0.547
80 3 0.314
81 15 0.902
23 4 1.372
34 9 0.449
30 88 0.085
72 2 1.109
9 63 0.652
90 58 1.674
32 21 1.112
61 48 0.331
25 31 1.898
70 61 3.265
44 20 0.805
93 45 0.143
0 28 0.854
14 47 0.083
62 45 1.445
90 95 0.621
34 61 0.539
3 53 0.813
24 8 1.34
73 90 0.422
11 98 0.153
83 89 0.714
76 20 0.942
39 64 0.722
6 95 1.422
74 47 0.184
94 4 0.563
32 91 1.55
