90
0 40 6.36
0 11 15.89
0 32 20.63
0 61 8.86
0 6 22.97
0 78 2.82
0 56 14.3
0 13 11.7
0 12 16.76
0 9 23.19
0 15 19.07
0 35 7.02
0 71 15.49
0 53 2.39
0 16 18.17
0 50 12.18
0 58 0.76
0 19 3.27
0 66 2.46
0 39 5.94
0 65 23.49
0 31 22.14
0 28 9.9
0 79 17.86
0 21 22.38
0 2 10.22
0 68 18.75
0 41 10.82
0 23 4.06
0 48 8.58
0 33 15.43
0 38 8.63
0 4 6.68
0 34 13.6
0 74 11.67
0 27 23.63
0 7 11.77
0 10 4.42
0 17 17.07
0 20 2.49
0 49 12.19
0 52 20.19
0 55 15.79
0 59 18.72
0 60 4.69
0 69 11.18
0 70 4.42
0 73 4.48
0 76 6.24
0 82 11.76
0 83 12.91
0 87 14.02
0 88 15.7
89 1 15.22
89 3 22.46
89 4 18.73
89 7 2.5
89 10 7.95
89 13 13.46
89 14 17.06
89 15 3.68
89 17 14.72
89 19 2.42
89 20 22.24
89 26 17.63
89 29 4.01
89 30 16.84
89 33 9.89
89 34 21.67
89 40 4.12
89 41 24.01
89 45 9.55
89 51 18.17
89 53 12.34
89 55 19.04
89 57 19.79
89 60 2.58
89 64 6.56
89 68 4.35
89 70 21.13
89 76 20.57
89 79 22.46
89 80 15.34
89 81 8.86
89 83 18.53
89 84 20.08
89 86 0.53
89 50 21.58
89 88 21.17
89 75 17.75
89 67 7.97
89 62 21.35
89 56 13.17
89 27 1.68
89 73 12.03
89 24 11.63
89 16 1.75
89 18 9.39
89 28 4.25
89 85 3.05
89 32 15.07
89 61 5.96
89 54 20.33
89 23 12.73
89 69 6.58
40 3 1.01
40 6 20.65
40 7 5.34
40 10 15.07
40 13 16.2
40 16 1.61
40 17 22.78
40 18 9.05
40 22 8.09
40 26 20.9
40 28 20.38
40 29 16.51
40 30 17.28
40 31 7.61
40 32 21.33
40 33 10.77
40 35 24.57
40 36 12.74
40 37 8.82
40 79 10.6
40 73 23.06
40 38 13.8
40 23 10.61
40 8 5.1
40 1 16.05
40 88 15.14
40 72 24.74
40 77 10.56
40 15 20.91
40 42 6.66
40 53 15.97
40 66 3.28
40 41 19.8
40 65 22.47
40 45 9.65
40 12 10.0
40 4 5.31
40 44 1.13
40 21 20.91
40 25 6.74
40 50 6.8
40 24 23.63
40 62 19.35
40 56 13.61
40 52 20.2
40 46 19.17
40 51 9.45
40 55 24.71
40 63 7.17
40 64 2.58
40 67 14.26
40 80 2.33
40 81 13.61
40 83 12.14
40 85 7.42
11 3 17.73
11 4 6.96
11 6 9.67
11 9 9.63
11 29 10.47
11 86 6.78
11 47 14.15
11 41 2.92
11 48 19.37
11 28 4.22
11 50 13.88
11 68 20.49
11 82 12.71
11 56 24.76
11 10 12.1
11 33 12.33
11 52 23.68
11 78 2.4
11 27 4.37
11 87 10.92
11 5 8.1
11 45 9.94
11 32 11.14
11 59 14.99
11 46 1.33
11 57 0.21
11 26 1.48
11 2 23.95
11 88 24.28
11 71 7.58
11 21 3.3
11 69 16.89
11 24 24.99
11 55 24.41
11 73 4.64
11 14 5.67
11 12 4.81
11 18 19.24
11 19 19.01
11 20 2.11
11 22 16.57
11 42 22.01
11 43 11.86
11 44 9.2
11 49 15.53
11 58 21.9
11 61 15.26
11 64 14.56
11 70 11.48
11 72 14.45
11 76 9.59
11 80 21.97
11 83 6.24
11 84 3.27
32 4 22.71
32 5 12.23
32 6 0.28
32 10 12.35
32 14 5.27
32 17 15.45
32 18 16.65
32 19 2.36
32 21 5.68
32 22 17.37
32 25 5.16
32 26 13.29
32 30 21.28
32 51 19.17
32 43 22.8
32 58 12.33
32 38 9.79
32 62 14.99
32 36 8.81
32 84 18.94
32 52 3.9
32 64 11.12
32 45 9.68
32 57 2.92
32 70 21.15
32 71 14.04
32 60 15.06
32 86 22.16
32 46 3.66
32 83 2.35
32 50 1.6
32 69 1.53
32 35 15.84
32 20 6.43
32 41 4.93
32 59 3.43
32 79 10.54
32 55 9.06
32 12 11.36
32 29 0.56
32 1 4.84
32 13 20.86
32 34 8.97
32 42 5.06
32 44 8.88
32 53 16.75
32 61 22.98
32 65 24.05
32 66 2.04
32 67 16.34
32 72 7.73
32 73 9.5
32 81 15.19
32 82 16.9
32 85 18.19
32 88 6.12
61 2 1.04
61 4 20.49
61 7 10.58
61 10 17.99
61 17 5.1
61 18 2.79
61 19 16.73
61 22 16.0
61 26 3.2
61 27 5.68
61 29 6.16
61 31 0.96
61 39 22.28
61 41 6.52
61 44 1.78
61 45 12.55
61 48 11.25
61 58 21.89
61 37 12.88
61 12 14.81
61 76 13.93
61 77 14.44
61 83 21.94
61 23 10.08
61 35 4.94
61 16 3.6
61 78 3.43
61 8 18.37
61 14 14.0
61 82 0.56
61 49 20.19
61 68 1.51
61 38 6.53
61 13 4.23
61 28 11.29
61 54 19.52
61 53 18.84
61 65 4.55
61 67 17.79
61 70 0.52
61 71 9.95
61 73 5.31
61 74 0.33
61 75 12.62
61 88 6.52
6 1 19.51
6 3 5.16
6 5 20.94
6 49 4.44
6 82 16.11
6 30 13.14
6 51 8.23
6 76 17.02
6 46 12.41
6 37 14.92
6 44 23.89
6 57 6.2
6 19 14.47
6 84 11.45
6 12 13.64
6 72 0.88
6 35 18.33
6 60 9.13
6 71 9.42
6 54 8.97
6 83 16.39
6 31 12.68
6 53 22.65
6 36 12.45
6 55 7.58
6 87 15.34
6 24 7.57
6 65 9.36
6 41 1.6
6 14 1.67
6 20 4.75
6 80 24.5
6 42 2.63
6 77 22.92
6 50 7.19
6 10 17.15
6 15 20.77
6 22 12.38
6 27 14.84
6 28 9.67
6 29 10.28
6 33 2.17
6 48 21.86
6 52 2.09
6 62 21.8
6 66 24.03
6 81 15.64
6 86 6.76
6 88 14.03
78 1 2.25
78 2 20.7
78 9 18.56
78 12 3.0
78 17 4.92
78 18 13.58
78 19 7.91
78 24 7.69
78 26 23.83
78 27 6.92
78 28 17.7
78 30 18.27
78 35 13.4
78 36 18.23
78 38 24.97
78 41 21.04
78 46 23.87
78 47 0.72
78 48 17.99
78 51 17.77
78 58 10.19
78 67 1.45
78 69 20.15
78 72 2.85
78 76 23.22
78 77 17.14
78 54 6.11
78 44 17.76
78 66 14.15
78 33 19.77
78 53 18.49
78 85 23.16
78 74 0.22
78 75 5.74
78 34 3.84
78 29 19.04
78 84 9.43
78 39 6.91
78 22 11.81
78 87 5.76
78 16 9.18
78 25 18.85
78 71 4.28
78 8 3.79
78 65 10.18
78 70 0.92
78 55 15.17
78 86 23.07
78 13 18.99
78 73 10.9
78 81 19.35
78 88 4.59
56 4 17.27
56 8 8.99
56 9 7.7
56 10 7.03
56 14 19.75
56 18 18.94
56 21 13.72
56 22 10.69
56 23 16.36
56 30 21.43
56 31 24.1
56 34 22.45
56 37 22.68
56 38 7.06
56 42 22.22
56 43 10.06
56 44 1.31
56 47 24.01
56 48 22.92
56 49 5.56
56 50 22.93
56 52 8.63
56 24 3.47
56 72 8.45
56 76 5.69
56 62 23.75
56 73 18.53
56 79 20.3
56 19 24.05
56 39 15.53
56 13 18.69
56 41 1.88
56 74 10.8
56 17 18.14
56 2 8.24
56 1 10.37
56 64 18.03
56 58 16.01
56 68 24.69
56 84 5.85
56 60 0.61
56 77 7.92
56 81 20.23
56 57 6.7
56 66 13.52
56 59 2.59
56 3 2.95
56 16 3.44
56 65 17.52
56 70 8.77
56 71 21.6
56 85 19.67
13 1 20.36
13 4 7.44
13 7 7.7
13 10 13.33
13 12 12.25
13 15 14.36
13 88 10.29
13 21 19.08
13 67 9.24
13 75 3.21
13 81 3.26
13 65 15.27
13 45 1.54
13 55 24.44
13 48 14.73
13 16 3.22
13 25 1.89
13 36 14.53
13 51 23.15
13 64 6.29
13 86 1.63
13 3 1.38
13 68 20.63
13 42 11.57
13 27 13.0
13 66 15.03
13 47 1.67
13 35 5.77
13 84 12.43
13 22 8.67
13 53 13.19
13 28 6.58
13 13 21.76
13 2 24.07
13 87 12.98
13 29 20.01
13 17 10.99
13 23 9.91
13 26 16.65
13 30 18.47
13 46 24.65
13 49 3.38
13 50 21.85
13 57 18.94
13 58 7.51
13 60 9.54
13 69 10.46
13 71 4.0
13 73 19.25
13 77 7.4
13 79 7.68
13 80 8.11
12 5 5.03
12 23 0.72
12 82 21.17
12 4 18.52
12 1 6.76
12 60 5.95
12 50 16.54
12 43 0.96
12 27 6.72
12 84 5.48
12 67 12.06
12 52 9.03
12 30 20.01
12 55 21.22
12 72 6.02
12 29 21.77
12 83 19.15
12 35 6.06
12 54 1.54
12 46 18.57
12 20 2.3
12 71 11.35
12 41 2.02
12 85 23.35
12 75 9.37
12 42 5.78
12 38 13.62
12 14 2.57
12 87 4.67
12 80 18.06
12 65 10.48
12 81 19.96
12 26 16.66
12 2 20.34
12 15 13.41
12 17 19.34
12 24 23.24
12 28 13.8
12 31 15.59
12 33 4.34
12 34 3.86
12 37 2.18
12 39 0.95
12 47 6.4
12 58 18.32
12 59 6.91
12 62 23.5
12 63 5.6
12 64 7.85
12 69 20.71
12 74 20.52
12 77 21.41
12 79 6.22
12 88 24.8
9 1 16.28
9 4 11.11
9 8 11.99
9 84 4.35
9 44 10.64
9 87 16.2
9 79 17.71
9 42 9.72
9 2 12.1
9 20 12.32
9 34 19.82
9 69 24.71
9 17 21.67
9 23 10.24
9 86 11.67
9 43 7.37
9 52 6.97
9 57 6.5
9 25 19.81
9 75 21.42
9 64 20.36
9 76 12.37
9 48 14.27
9 58 16.08
9 27 23.86
9 83 18.36
9 36 22.43
9 31 13.74
9 50 23.08
9 71 19.52
9 5 0.59
9 73 12.26
9 38 8.4
9 24 15.22
9 39 2.01
9 62 16.63
9 18 14.1
9 19 18.43
9 26 22.72
9 30 11.42
9 33 22.47
9 47 4.33
9 49 14.98
9 51 20.24
9 54 23.93
9 67 0.21
9 88 12.96
15 8 14.63
15 88 4.99
15 86 6.97
15 20 1.8
15 18 24.56
15 14 7.57
15 28 8.51
15 81 3.09
15 24 2.71
15 51 23.92
15 85 4.3
15 45 17.13
15 64 16.15
15 47 4.64
15 57 4.88
15 31 19.84
15 1 12.24
15 55 4.93
15 46 11.15
15 70 15.07
15 4 13.0
15 79 2.37
15 60 12.81
15 75 4.46
15 54 10.86
15 37 18.4
15 72 8.21
15 76 11.38
15 36 4.47
15 42 11.49
15 65 4.53
15 7 9.66
15 16 5.38
15 19 24.45
15 22 3.63
15 23 4.4
15 26 5.91
15 27 17.79
15 29 19.15
15 30 1.19
15 34 3.17
15 35 19.12
15 39 13.5
15 44 0.11
15 50 24.56
15 53 13.11
15 58 16.41
15 63 12.71
15 66 15.01
15 68 17.04
15 69 13.47
15 71 3.26
15 74 0.99
35 3 23.68
35 4 10.39
35 5 21.25
35 8 5.67
35 14 22.9
35 18 22.02
35 19 18.46
35 20 18.5
35 22 11.76
35 25 3.12
35 29 14.38
35 30 22.92
35 31 20.48
35 34 14.16
35 52 0.28
35 45 22.07
35 49 21.97
35 75 8.59
35 81 8.39
35 63 21.52
35 66 4.79
35 68 15.82
35 39 12.53
35 60 10.8
35 51 15.64
35 28 0.09
35 44 14.7
35 74 4.54
35 46 0.34
35 73 16.32
35 65 14.57
35 42 8.25
35 24 4.95
35 17 18.01
35 67 0.69
35 53 22.74
35 84 5.0
35 37 19.02
35 47 23.61
35 23 11.04
35 7 12.35
35 55 19.01
35 36 12.89
35 41 8.05
35 57 10.45
35 58 21.17
35 76 0.24
35 77 22.27
35 80 18.95
35 83 2.16
35 86 12.95
35 87 18.45
71 1 12.56
71 2 8.25
71 4 9.33
71 16 17.47
71 18 2.21
71 21 8.15
71 22 14.92
71 24 8.33
71 25 20.3
71 31 19.74
71 33 20.22
71 37 10.08
71 43 18.49
71 46 12.98
71 48 4.49
71 49 3.45
71 51 21.51
71 53 5.87
71 55 4.43
71 58 16.59
71 64 9.18
71 66 24.45
71 70 13.83
71 38 19.73
71 88 23.64
71 26 21.17
71 68 10.76
71 67 0.48
71 17 21.98
71 71 2.46
71 19 23.39
71 65 17.05
71 60 21.44
71 45 2.77
71 84 14.35
71 39 2.09
71 83 5.51
71 36 23.0
71 10 0.3
71 69 24.46
71 76 0.96
71 87 6.69
71 27 14.2
71 41 23.19
71 62 16.69
71 29 7.56
71 42 11.59
71 72 1.26
71 73 7.2
71 82 6.2
71 85 22.71
71 86 12.91
53 4 21.74
53 5 17.71
53 17 14.09
53 19 7.4
53 23 24.28
53 25 1.84
53 28 21.79
53 34 18.64
53 38 12.32
53 42 20.07
53 43 4.48
53 45 15.39
53 47 13.16
53 48 4.31
53 49 22.27
53 83 8.24
53 55 9.45
53 69 0.73
53 8 14.88
53 63 10.99
53 72 15.77
53 33 3.21
53 84 9.68
53 88 17.97
53 60 19.42
53 58 1.3
53 81 12.89
53 10 24.04
53 76 3.33
53 30 9.67
53 20 16.12
53 2 2.02
53 1 22.45
53 79 12.23
53 87 9.88
53 51 5.79
53 59 1.78
53 68 2.62
53 52 23.64
53 66 12.92
53 67 19.87
53 80 9.7
16 1 0.95
16 3 5.48
16 7 13.88
16 10 20.95
16 74 8.73
16 62 21.47
16 20 20.45
16 75 15.89
16 73 1.44
16 38 16.36
16 66 14.09
16 5 14.3
16 67 6.31
16 79 18.74
16 45 23.67
16 82 24.66
16 49 11.07
16 48 1.31
16 76 18.64
16 77 18.93
16 86 12.7
16 2 16.45
16 33 8.01
16 51 11.13
16 36 23.23
16 39 12.9
16 55 22.11
16 81 12.8
16 21 10.78
16 23 15.98
16 25 6.54
16 26 10.47
16 29 13.04
16 30 15.82
16 34 15.3
16 37 6.13
16 43 11.46
16 44 15.11
16 47 22.87
16 54 21.54
16 57 15.48
16 59 1.93
16 63 13.86
16 65 11.26
16 69 2.4
16 72 5.52
16 84 9.96
16 87 17.23
16 88 22.36
50 5 3.38
50 7 7.82
50 14 5.12
50 17 1.93
50 20 9.95
50 21 23.25
50 24 24.39
50 25 16.12
50 27 7.87
50 29 24.16
50 33 21.27
50 34 6.91
50 39 1.21
50 41 4.53
50 42 1.24
50 45 19.42
50 46 1.5
50 47 12.99
50 48 12.96
50 49 14.84
50 54 20.14
50 69 5.54
50 23 8.35
50 4 16.52
50 82 17.03
50 84 23.46
50 43 0.91
50 22 15.71
50 87 23.16
50 85 6.75
50 74 1.83
50 77 5.75
50 75 12.25
50 8 7.21
50 57 21.5
50 59 13.38
50 70 15.86
50 51 6.82
50 58 13.98
50 52 5.48
50 76 19.54
50 62 8.68
50 63 18.44
50 65 20.25
50 66 9.74
50 80 4.08
50 81 1.27
50 83 3.81
50 88 3.56
58 8 20.57
58 14 10.44
58 17 11.88
58 20 21.02
58 22 18.51
58 23 9.93
58 26 5.82
58 28 12.22
58 31 24.74
58 34 2.75
58 36 1.88
58 37 1.05
58 38 4.74
58 42 22.07
58 44 14.63
58 45 5.55
58 47 10.82
58 48 3.13
58 54 4.53
58 3 6.51
58 33 15.04
58 84 5.22
58 51 23.43
58 52 6.95
58 82 24.13
58 81 24.74
58 66 19.88
58 5 13.74
58 24 9.58
58 39 1.07
58 83 11.84
58 30 19.71
58 55 4.74
58 43 23.2
58 88 6.96
58 64 22.52
58 27 13.73
58 10 24.21
58 60 5.69
58 62 11.92
58 63 21.65
58 65 4.94
58 67 13.41
58 70 16.29
58 73 6.31
58 74 15.83
58 75 14.86
58 76 19.45
58 86 14.31
58 87 11.0
19 3 20.04
19 4 17.02
19 5 4.81
19 8 12.36
19 10 10.78
19 14 18.42
19 18 1.24
19 31 1.55
19 74 12.71
19 68 4.5
19 26 19.11
19 54 12.81
19 20 5.81
19 55 3.13
19 76 23.96
19 46 14.77
19 2 16.23
19 64 20.2
19 44 9.22
19 60 23.88
19 88 15.62
19 48 3.6
19 39 5.79
19 27 5.93
19 37 8.04
19 29 1.86
19 36 9.93
19 75 4.38
19 30 17.92
19 47 17.4
19 28 6.91
19 23 24.82
19 59 5.22
19 21 4.82
19 22 8.0
19 25 11.29
19 34 19.84
19 38 15.36
19 52 7.12
19 69 8.21
19 70 2.61
19 72 14.44
19 79 9.37
19 84 21.33
66 1 12.83
66 2 11.47
66 5 21.65
66 7 1.91
66 14 14.2
66 17 19.69
66 20 14.16
66 21 18.67
66 23 16.43
66 24 20.86
66 27 2.54
66 28 18.72
66 29 21.45
66 30 1.02
66 34 12.83
66 36 1.14
66 39 2.81
66 43 16.35
66 44 3.39
66 46 14.17
66 48 12.87
66 52 23.8
66 54 15.99
66 57 21.08
66 62 4.55
66 63 3.73
66 64 1.55
66 49 3.64
66 74 11.29
66 77 2.57
66 65 23.94
66 47 17.39
66 42 3.39
66 80 15.63
66 72 17.79
66 45 20.8
66 25 21.68
66 10 7.83
66 79 17.44
66 8 15.6
66 82 7.46
66 60 10.65
66 51 19.84
66 68 11.39
66 70 0.62
66 75 3.94
66 76 17.75
66 88 10.65
39 4 14.55
39 8 15.33
39 10 10.08
39 17 12.72
39 18 9.47
39 22 15.65
39 24 16.7
39 25 15.7
39 29 20.85
39 30 14.73
39 34 2.31
39 36 2.08
39 37 10.86
39 38 17.69
39 54 16.38
39 20 2.34
39 33 24.34
39 2 2.59
39 21 5.05
39 62 0.73
39 81 22.56
39 80 10.62
39 55 16.7
39 26 17.66
39 76 16.07
39 28 17.3
39 57 9.16
39 75 0.05
39 82 9.96
39 68 21.97
39 39 20.86
39 49 21.75
39 60 22.06
39 85 23.63
39 48 20.25
39 41 24.07
39 43 13.57
39 47 10.42
39 51 2.46
39 52 3.81
39 64 3.26
39 69 3.59
39 83 0.35
39 84 22.82
39 87 4.72
65 1 21.0
65 2 12.63
65 5 10.01
65 7 14.44
65 8 22.67
65 17 9.79
65 20 1.13
65 21 15.43
65 22 5.89
65 26 17.82
65 31 4.5
65 34 8.61
65 37 9.68
65 41 2.7
65 44 10.49
65 45 18.34
65 49 7.97
65 57 14.51
65 60 0.99
65 63 14.33
65 27 2.31
65 59 17.19
65 83 8.78
65 3 21.55
65 38 24.51
65 14 8.43
65 23 8.64
65 28 12.37
65 64 16.89
65 42 2.16
65 46 22.92
65 82 9.76
65 43 20.41
65 10 16.9
65 30 17.88
65 75 6.12
65 86 16.48
65 33 15.7
65 73 5.46
65 25 0.51
65 69 24.3
65 85 11.5
65 67 0.58
65 76 12.56
65 79 9.99
65 81 0.94
65 87 23.27
65 88 13.49
31 1 21.39
31 5 9.95
31 10 6.64
31 21 1.4
31 22 13.2
31 23 14.39
31 24 12.74
31 26 3.44
31 27 24.65
31 17 23.22
31 30 8.6
31 51 24.96
31 80 0.93
31 43 18.79
31 63 10.82
31 81 10.9
31 83 16.89
31 8 20.37
31 72 22.21
31 2 19.83
31 76 1.21
31 73 9.59
31 34 17.76
31 68 22.08
31 79 10.94
31 37 2.05
31 69 1.61
31 18 21.36
31 74 13.25
31 33 6.23
31 36 1.97
31 47 13.67
31 49 17.71
31 52 14.44
31 55 7.27
31 77 24.74
31 84 15.92
31 85 22.01
31 86 11.35
31 88 18.11
28 3 21.74
28 5 16.99
28 8 10.21
28 20 19.16
28 64 24.03
28 29 22.57
28 46 7.38
28 63 15.74
28 43 14.91
28 47 18.88
28 30 14.36
28 87 24.11
28 14 6.52
28 17 12.36
28 62 17.89
28 37 3.92
28 55 20.12
28 72 12.99
28 45 24.41
28 81 5.18
28 36 16.36
28 76 17.45
28 33 2.57
28 24 13.14
28 42 22.76
28 18 15.26
28 49 21.5
28 52 20.16
28 54 16.18
28 59 0.31
28 60 5.76
28 67 12.35
28 69 22.23
28 70 23.42
28 74 21.77
28 82 20.25
28 86 7.44
79 2 8.44
79 4 14.21
79 7 2.54
79 10 10.92
79 14 2.02
79 20 9.76
79 21 6.68
79 23 14.65
79 29 10.09
79 34 3.26
79 37 23.96
79 38 11.09
79 42 19.89
79 43 8.9
79 45 20.28
79 46 12.69
79 48 1.52
79 51 23.14
79 59 16.8
79 62 0.05
79 70 12.4
79 73 5.43
79 75 22.42
79 64 1.59
79 27 10.1
79 77 17.47
79 52 19.17
79 36 12.63
79 5 14.63
79 30 10.88
79 79 13.84
79 82 24.58
79 18 16.76
79 83 23.65
79 84 2.51
79 17 3.02
79 60 19.0
79 80 10.86
79 54 17.67
79 47 5.41
79 26 21.97
79 72 21.55
79 81 22.62
79 88 16.08
21 2 4.52
21 10 15.97
21 18 8.19
21 20 10.26
21 83 6.59
21 64 17.85
21 80 7.04
21 26 12.51
21 67 4.13
21 38 4.94
21 22 24.86
21 43 14.34
21 60 8.19
21 44 17.99
21 45 17.76
21 47 8.45
21 36 21.42
21 51 8.46
21 23 7.28
21 8 15.85
21 5 9.83
21 77 7.6
21 72 0.08
21 7 2.44
21 82 13.04
21 29 8.74
21 30 2.76
21 37 2.03
21 41 5.32
21 46 23.39
21 52 13.77
21 59 11.84
21 63 19.63
21 69 2.93
21 70 6.21
21 74 16.67
21 76 2.52
21 86 24.15
2 55 12.55
2 77 3.72
2 63 18.99
2 24 18.07
2 36 14.07
2 43 0.68
2 48 0.47
2 42 18.03
2 2 6.12
2 81 11.32
2 51 2.89
2 22 17.45
2 27 24.43
2 86 11.38
2 44 22.76
2 7 14.96
2 4 7.5
2 45 6.08
2 10 11.47
2 83 6.21
2 82 13.86
2 88 7.36
2 46 1.61
2 64 15.05
2 18 19.55
2 3 1.75
2 5 7.96
2 14 15.72
2 37 13.83
2 38 2.53
2 47 4.38
2 57 11.99
2 59 11.73
2 60 7.44
2 62 21.91
2 69 19.56
2 70 6.68
2 74 8.49
2 75 18.28
2 84 19.61
2 85 24.27
68 7 9.72
68 10 12.54
68 17 3.42
68 18 6.72
68 22 14.7
68 23 8.46
68 24 16.4
68 29 5.37
68 37 16.15
68 41 4.36
68 42 2.22
68 45 0.92
68 48 17.4
68 49 23.78
68 55 20.11
68 59 7.58
68 62 21.77
68 67 15.57
68 52 20.03
68 80 18.35
68 46 13.85
68 83 6.93
68 87 11.78
68 77 5.97
68 38 2.88
68 88 1.7
68 81 16.72
68 36 2.21
68 75 11.99
68 47 8.44
68 73 7.23
68 30 3.52
68 72 20.45
68 25 8.57
68 69 21.21
68 70 2.75
68 82 21.4
68 84 10.28
68 85 12.56
68 86 16.51
41 3 2.57
41 7 3.16
41 8 19.73
41 10 18.61
41 14 1.61
41 17 1.12
41 18 20.02
41 36 24.7
41 46 15.23
41 27 5.39
41 24 15.22
41 82 4.49
41 77 20.98
41 57 16.21
41 83 8.48
41 67 13.14
41 33 18.88
41 87 16.78
41 85 1.27
41 30 16.46
41 4 4.8
41 62 14.05
41 88 5.8
41 38 18.78
41 22 10.87
41 1 6.5
41 55 13.92
41 23 18.69
41 34 13.93
41 59 13.75
41 42 8.0
41 44 7.58
41 51 24.26
41 69 12.79
41 72 8.84
41 73 24.38
41 74 6.57
23 1 4.03
23 3 18.48
23 5 19.33
23 8 16.52
23 10 8.5
23 14 10.99
23 17 10.39
23 20 19.63
23 76 14.27
23 67 3.51
23 18 3.1
23 60 18.13
23 24 6.03
23 45 15.12
23 49 15.0
23 63 19.24
23 25 15.17
23 47 14.42
23 7 0.4
23 54 18.06
23 83 5.99
23 46 18.15
23 72 6.67
23 82 2.4
23 88 2.6
23 77 5.44
23 26 24.26
23 29 4.74
23 34 21.69
23 36 16.41
23 38 1.88
23 48 11.93
23 51 14.32
23 52 10.39
23 57 7.45
23 59 18.34
23 64 20.54
23 69 6.64
23 70 3.1
23 81 14.0
23 87 5.21
48 4 23.35
48 7 1.25
48 24 8.24
48 25 2.64
48 27 18.74
48 29 11.64
48 30 15.79
48 34 18.57
48 36 17.43
48 47 16.64
48 51 12.0
48 81 7.65
48 57 15.22
48 55 4.18
48 38 15.75
48 77 12.57
48 63 4.2
48 82 3.3
48 37 12.44
48 17 15.74
48 75 3.79
48 3 1.91
48 1 18.5
48 69 5.29
48 46 5.51
48 14 7.01
48 33 10.62
48 64 3.5
48 45 17.51
48 52 22.28
48 60 20.0
48 62 23.73
48 67 15.9
48 74 18.79
48 80 20.05
48 87 16.42
48 88 7.2
33 1 4.31
33 3 6.22
33 7 22.73
33 10 0.89
33 18 21.86
33 22 11.86
33 26 12.63
33 27 23.62
33 81 8.4
33 45 16.51
33 44 10.3
33 46 0.35
33 43 0.72
33 5 2.24
33 36 18.4
33 77 11.77
33 17 5.64
33 55 0.95
33 60 9.56
33 70 20.04
33 49 19.68
33 29 9.17
33 88 0.35
33 87 17.88
33 4 20.43
33 76 18.59
33 51 19.94
33 83 5.91
33 69 11.68
33 67 22.26
33 34 15.17
33 52 6.01
33 54 5.18
33 59 2.33
33 85 23.98
33 86 9.63
38 8 11.1
38 10 13.13
38 17 6.4
38 22 20.25
38 37 5.46
38 64 9.11
38 38 24.93
38 29 13.14
38 34 9.84
38 26 9.2
38 52 23.18
38 46 13.69
38 7 17.09
38 84 18.85
38 63 10.58
38 80 16.06
38 86 18.49
38 43 8.93
38 30 16.77
38 70 18.07
38 73 10.65
38 59 5.43
38 88 11.0
38 36 10.19
38 3 4.16
38 45 18.79
38 47 6.02
38 51 17.35
38 55 17.02
38 62 20.35
38 72 20.15
38 74 8.81
38 76 9.15
38 77 12.95
38 81 20.98
38 83 13.31
4 87 12.08
4 24 8.88
4 17 9.04
4 44 21.04
4 57 19.39
4 86 2.29
4 82 3.22
4 69 8.67
4 72 2.62
4 27 9.99
4 84 8.52
4 46 11.51
4 10 17.37
4 67 1.73
4 29 6.67
4 63 21.68
4 42 12.57
4 75 0.25
4 1 5.51
4 14 16.43
4 8 0.83
4 76 23.26
4 5 22.22
4 20 5.21
4 26 6.28
4 34 23.04
4 37 10.82
4 45 13.35
4 51 16.88
4 54 20.05
4 59 1.02
4 60 20.89
4 62 23.43
4 73 22.45
4 85 21.98
34 5 23.27
34 7 0.77
34 8 0.96
34 18 4.68
34 24 13.85
34 25 0.25
34 26 20.63
34 27 24.65
34 85 24.39
34 86 22.31
34 17 23.22
34 81 24.74
34 20 23.3
34 70 0.7
34 83 8.25
34 76 20.02
34 54 8.66
34 52 7.09
34 37 6.6
34 60 7.38
34 87 6.05
34 88 16.37
34 75 1.27
34 42 15.64
34 64 14.77
34 46 21.5
34 14 11.4
34 36 17.0
34 49 19.2
34 57 11.21
34 73 3.52
34 80 22.43
74 1 4.53
74 14 20.72
74 17 18.45
74 24 21.87
74 29 22.45
74 36 18.31
74 46 23.0
74 57 20.01
74 62 16.57
74 67 7.51
74 55 11.15
74 82 9.93
74 45 24.56
74 44 14.41
74 26 17.15
74 80 18.32
74 42 10.8
74 5 19.59
74 52 22.43
74 85 6.57
74 10 17.16
74 87 18.79
74 63 2.07
74 7 19.43
74 3 1.94
74 20 7.47
74 47 24.68
74 75 11.75
74 84 3.02
74 86 4.3
27 8 2.23
27 17 7.03
27 20 17.85
27 25 7.95
27 26 13.1
27 54 13.48
27 75 2.03
27 42 11.71
27 18 4.18
27 27 19.57
27 67 23.78
27 87 22.14
27 7 21.01
27 57 19.8
27 1 14.84
27 88 21.72
27 64 5.78
27 46 21.69
27 84 1.35
27 45 5.15
27 52 18.08
27 10 4.87
27 47 12.42
27 81 24.27
27 22 13.67
27 36 18.79
27 37 2.7
27 55 0.63
27 60 15.08
27 62 15.06
27 63 0.46
27 70 12.79
27 76 10.91
27 77 14.15
27 83 16.97
1 57 3.26
1 3 16.48
1 22 14.95
1 60 22.53
1 80 1.88
1 18 10.91
1 63 4.05
1 87 11.42
1 82 19.57
1 86 15.09
1 81 16.81
1 70 12.54
1 69 11.65
1 83 7.83
1 84 2.96
1 54 21.26
1 76 23.68
1 8 14.56
1 17 17.8
1 46 0.85
1 52 0.72
1 5 7.98
1 44 5.58
1 10 11.73
1 14 14.55
1 20 6.4
1 24 9.61
1 25 1.66
1 26 8.55
1 42 7.45
1 43 1.59
1 47 4.4
1 51 10.72
1 62 0.75
1 75 3.2
57 7 5.39
57 8 18.28
57 18 1.76
57 29 0.35
57 37 0.7
57 42 6.2
57 45 3.1
57 46 17.2
57 5 15.71
57 87 10.94
57 72 2.5
57 84 24.98
57 36 24.16
57 81 7.83
57 73 9.32
57 22 20.77
57 55 11.15
57 76 10.76
57 26 2.68
57 88 13.85
57 59 8.53
57 54 2.69
57 51 0.43
57 3 3.58
57 69 14.66
57 70 1.44
57 82 9.26
3 73 8.83
3 83 14.73
3 63 14.56
3 70 1.11
3 46 10.0
3 49 10.16
3 80 21.16
3 69 11.15
3 76 22.54
3 8 10.18
3 47 15.19
3 84 14.02
3 45 13.12
3 55 18.89
3 60 17.98
3 36 6.58
3 37 9.88
3 20 10.01
3 77 21.14
3 64 9.36
3 7 15.94
3 17 2.91
3 18 5.71
3 22 23.07
3 26 9.3
3 29 21.86
3 44 20.48
3 52 18.01
3 54 7.67
3 81 13.73
3 82 7.83
3 87 0.23
22 5 19.84
22 10 18.99
22 87 13.38
22 59 5.98
22 43 22.72
22 52 11.08
22 85 11.02
22 46 2.95
22 22 8.11
22 25 5.67
22 20 12.03
22 76 8.87
22 86 22.23
22 29 23.56
22 45 12.05
22 49 12.04
22 83 9.63
22 14 21.86
22 26 7.41
22 30 18.0
22 42 3.62
22 44 7.6
22 51 23.92
22 54 22.72
22 63 10.56
22 70 4.19
22 73 19.06
22 77 0.83
22 80 4.85
22 84 17.67
60 10 17.56
60 25 6.88
60 26 20.02
60 37 24.02
60 43 2.96
60 44 24.17
60 45 15.08
60 46 23.32
60 52 3.74
60 54 15.1
60 82 7.28
60 30 2.95
60 47 21.1
60 59 8.13
60 42 15.34
60 18 21.34
60 80 3.83
60 86 2.97
60 36 5.97
60 51 16.54
60 67 8.45
60 14 0.54
60 83 22.85
60 62 13.95
60 63 9.48
60 75 3.93
60 77 11.78
60 81 11.35
60 87 11.9
80 5 15.82
80 20 23.94
80 24 1.28
80 36 9.3
80 43 8.43
80 46 0.6
80 49 0.73
80 62 17.3
80 63 17.13
80 64 2.66
80 72 11.74
80 77 1.25
80 14 13.53
80 85 9.02
80 25 18.34
80 51 0.59
80 80 19.68
80 47 15.14
80 52 15.07
80 84 20.41
80 67 7.54
80 54 17.95
80 18 5.94
80 55 2.4
80 82 17.65
80 29 19.67
80 10 19.67
80 70 3.35
80 88 21.21
18 10 6.58
18 76 1.09
18 88 10.89
18 67 7.41
18 47 15.51
18 7 23.7
18 73 18.74
18 24 1.66
18 62 21.46
18 46 1.74
18 37 23.28
18 55 15.29
18 51 1.44
18 25 17.49
18 8 3.11
18 36 0.77
18 44 13.09
18 54 15.2
18 63 10.77
18 64 14.45
18 75 6.4
18 82 11.18
18 84 19.35
18 85 12.58
18 87 16.35
63 20 23.62
63 24 17.01
63 25 20.27
63 30 15.23
63 42 4.86
63 43 9.32
63 44 3.74
63 45 12.45
63 82 20.54
63 14 14.41
63 73 24.82
63 63 21.48
63 64 11.38
63 54 15.75
63 49 3.68
63 55 16.05
63 5 2.22
63 62 21.13
63 85 18.47
63 36 3.45
63 29 13.58
63 84 2.61
63 67 1.01
63 72 14.01
63 77 3.88
63 81 18.73
63 83 18.5
63 88 17.41
87 7 22.49
87 8 20.67
87 10 9.63
87 14 4.73
87 26 22.17
87 29 7.47
87 36 14.98
87 37 14.81
87 42 16.67
87 46 13.23
87 47 22.05
87 49 2.61
87 55 4.34
87 59 8.29
87 64 17.56
87 70 22.17
87 72 10.35
87 73 8.85
87 75 19.31
87 77 15.8
87 86 22.49
87 24 3.53
87 43 3.81
87 69 4.03
87 67 7.43
87 45 19.02
87 5 12.2
87 52 11.89
87 87 19.68
87 54 11.3
87 76 4.16
82 8 20.71
82 14 5.49
82 25 12.48
82 26 7.22
82 30 17.31
82 43 24.37
82 49 17.96
82 51 22.57
82 52 19.42
82 62 1.37
82 64 10.17
82 72 7.55
82 75 17.39
82 81 20.16
82 42 2.23
82 55 2.43
82 54 0.15
82 73 1.22
82 70 11.76
82 86 12.56
82 85 3.69
82 67 12.78
82 36 11.58
82 82 18.95
82 45 22.33
82 88 17.69
86 8 22.99
86 14 12.11
86 24 13.87
86 26 2.1
86 29 7.25
86 37 22.19
86 42 23.22
86 45 3.2
86 49 9.64
86 51 18.41
86 52 6.47
86 54 17.53
86 59 14.38
86 64 3.14
86 70 1.77
86 73 8.19
86 76 1.67
86 77 11.59
86 83 6.06
86 85 23.28
86 88 21.45
86 62 13.85
86 81 0.16
86 86 4.81
86 75 3.24
86 55 6.0
86 5 21.0
86 43 16.45
86 84 24.01
86 10 2.53
86 44 0.73
81 7 22.68
81 14 12.54
81 20 16.47
81 24 18.61
81 44 16.72
81 52 0.33
81 54 23.0
81 62 11.69
81 67 23.02
81 69 12.73
81 75 7.27
81 26 24.06
81 45 11.57
81 10 15.46
81 17 22.72
81 73 10.88
81 5 11.44
81 70 6.78
81 76 4.8
81 84 24.56
81 46 18.18
81 59 15.71
81 36 17.45
81 72 2.52
81 85 23.43
70 7 7.93
70 8 13.43
70 14 16.32
70 24 24.84
70 26 20.82
70 29 1.58
70 30 8.11
70 37 17.93
70 43 17.85
70 44 7.26
70 46 10.87
70 49 3.16
70 52 6.4
70 54 19.23
70 55 0.93
70 69 2.04
70 17 19.74
70 25 21.08
70 75 10.32
70 72 14.52
70 77 3.33
70 42 15.64
70 67 10.9
70 70 2.08
70 88 15.49
70 76 3.69
70 83 17.76
69 5 18.23
69 10 6.22
69 14 22.89
69 24 3.77
69 25 17.31
69 30 9.57
69 37 20.56
69 42 18.71
69 44 9.76
69 46 12.71
69 52 17.72
69 54 3.61
69 59 21.29
69 51 24.06
69 69 19.33
69 55 11.96
69 20 2.06
69 17 19.96
69 49 11.13
69 8 15.9
69 67 18.13
69 72 23.67
69 29 23.23
69 83 18.89
69 84 6.01
69 73 22.09
83 8 1.17
83 14 17.97
83 24 1.28
83 36 10.58
83 37 17.79
83 42 4.72
83 43 15.98
83 44 11.63
83 59 6.0
83 62 7.57
83 64 14.54
83 67 22.41
83 72 17.88
83 77 20.38
83 84 7.28
83 51 20.05
83 88 24.24
83 30 4.74
83 73 12.24
83 83 8.24
83 85 10.91
84 7 6.2
84 8 11.99
84 10 10.75
84 14 3.81
84 25 1.69
84 30 2.47
84 37 15.57
84 42 12.22
84 44 20.17
84 46 20.67
84 54 18.56
84 62 4.0
84 72 5.66
84 76 2.35
84 64 23.81
84 24 8.94
84 75 10.44
84 73 12.87
84 84 24.06
84 36 1.93
84 45 24.44
84 43 9.45
84 52 0.78
84 5 0.12
84 20 3.52
84 47 22.2
84 85 20.59
84 88 7.63
54 7 14.5
54 8 7.19
54 10 16.15
54 20 4.04
54 29 24.39
54 36 1.36
54 37 12.89
54 44 4.69
54 52 5.47
54 54 0.24
54 72 4.99
54 64 20.67
54 62 23.66
54 17 9.92
54 30 23.97
54 51 21.52
54 76 11.56
54 14 14.02
54 55 21.12
54 59 10.76
54 73 5.65
54 85 18.65
76 5 12.41
76 7 16.3
76 10 18.2
76 14 18.98
76 36 19.46
76 37 18.1
76 46 15.58
76 47 6.56
76 55 16.38
76 59 20.99
76 62 10.01
76 72 0.12
76 73 3.82
76 24 7.26
76 49 20.68
76 8 2.71
76 88 2.69
76 52 3.09
76 29 14.92
76 77 0.82
8 43 10.83
8 26 8.88
8 37 3.43
8 25 21.98
8 59 1.54
8 64 21.35
8 14 2.25
8 45 11.06
8 7 10.97
8 77 20.12
8 44 12.48
8 5 2.94
8 20 0.51
8 29 10.92
8 36 1.42
8 47 8.22
8 51 22.89
8 75 12.58
8 88 22.75
17 5 15.79
17 42 9.03
17 62 17.36
17 25 20.59
17 17 24.06
17 46 7.04
17 45 10.28
17 52 4.24
17 85 7.81
17 49 1.98
17 55 18.99
17 72 13.64
17 77 10.89
17 64 0.87
17 20 6.44
17 26 9.58
17 30 24.03
17 36 21.7
17 44 20.89
17 67 8.29
17 75 24.7
17 88 0.47
46 5 16.07
46 7 17.01
46 10 8.84
46 20 3.51
46 24 4.58
46 26 23.63
46 29 13.07
46 30 9.02
46 44 13.78
46 51 8.57
46 36 15.97
46 72 6.2
46 49 6.93
46 37 5.34
46 75 6.01
46 67 0.79
46 85 0.44
46 43 0.13
46 47 22.21
46 52 16.73
46 55 22.11
46 64 13.01
46 73 15.68
52 7 24.47
52 10 16.85
52 20 5.03
52 24 16.12
52 25 3.16
52 30 9.35
52 14 20.04
52 88 7.27
52 72 15.78
52 51 1.26
52 75 16.45
52 45 1.12
52 73 2.58
52 42 3.06
52 49 4.29
52 52 2.14
52 64 21.02
52 5 16.19
52 85 13.01
52 55 4.06
5 77 14.13
5 24 2.7
5 55 9.89
5 42 16.95
5 72 2.72
5 88 9.01
5 43 15.24
5 25 6.03
5 85 23.42
5 73 21.18
5 49 6.13
5 30 9.26
5 20 16.44
5 26 7.83
5 47 0.24
5 51 22.42
44 7 11.83
44 14 4.01
44 20 10.85
44 25 2.2
44 43 23.74
44 85 2.74
44 51 18.33
44 88 24.93
44 10 18.17
44 37 1.33
44 55 19.11
44 42 1.53
44 26 2.36
44 45 7.79
44 47 19.22
44 64 7.27
44 67 23.65
44 75 3.96
55 25 3.6
55 36 23.71
55 42 21.35
55 49 12.44
55 45 8.73
55 75 15.4
55 14 2.92
55 30 22.24
55 64 13.44
55 85 6.45
55 37 10.49
55 73 16.92
55 59 13.8
55 67 7.58
55 77 24.48
77 14 1.5
77 20 0.97
77 24 8.85
77 26 2.19
77 30 17.19
77 37 13.73
77 42 15.71
77 43 9.5
77 47 15.07
77 67 23.23
77 72 24.19
77 73 11.69
77 75 14.38
77 59 20.06
77 49 21.98
77 51 11.89
77 29 16.6
77 10 22.21
24 10 15.47
24 20 21.06
24 51 15.11
24 59 5.66
24 47 18.53
24 72 5.69
24 26 5.98
24 25 6.91
24 49 16.09
24 64 19.56
24 42 18.68
24 30 22.42
24 14 15.82
24 29 0.39
24 36 2.04
24 43 19.73
24 75 17.19
24 85 7.63
36 7 21.96
36 25 17.5
36 45 19.86
36 30 16.24
36 14 15.53
36 75 18.06
36 67 21.11
36 73 4.22
36 36 7.26
36 42 12.52
36 88 15.57
36 20 4.33
36 59 6.84
36 47 1.21
36 51 19.82
36 62 20.99
36 85 8.52
43 7 22.84
43 25 0.29
43 26 21.33
43 37 24.25
43 43 8.45
43 20 3.4
43 75 7.58
43 72 21.01
43 64 4.82
43 30 3.06
43 73 5.87
43 47 3.46
43 51 4.89
43 59 5.72
43 67 5.65
42 10 14.45
42 14 24.76
42 20 14.28
42 30 21.96
42 37 19.62
42 45 20.66
42 51 14.65
42 67 15.58
42 29 9.37
42 42 21.19
42 88 2.43
42 49 18.38
42 62 8.97
42 47 11.01
42 64 8.42
42 73 6.42
51 7 13.0
51 47 17.88
51 49 9.35
51 75 13.2
51 45 13.33
51 62 20.29
51 72 5.4
51 10 1.14
51 14 19.59
51 73 8.5
51 88 1.06
7 59 5.12
7 73 12.33
7 7 9.37
7 25 8.93
7 10 5.56
7 67 14.7
7 85 4.28
7 20 24.26
7 64 0.66
7 72 4.28
45 10 15.72
45 29 20.99
45 30 22.06
45 37 16.88
45 62 18.46
45 47 15.48
45 59 8.47
45 14 9.77
45 20 14.87
45 45 22.71
45 26 20.95
45 75 19.38
45 67 24.43
45 25 8.81
45 72 7.53
10 29 0.88
10 25 16.37
10 72 19.4
10 88 9.66
10 62 21.64
10 73 2.57
10 14 6.31
10 20 14.26
10 30 19.06
10 47 6.26
10 67 22.75
10 75 19.0
88 14 20.24
88 29 3.61
88 47 21.07
88 49 15.43
88 67 12.63
88 72 13.67
88 20 5.52
88 26 16.91
88 37 21.38
64 26 8.87
64 49 8.0
64 64 8.94
64 25 0.53
64 20 19.13
64 14 2.13
64 59 22.11
64 73 24.16
64 85 19.9
64 29 14.65
73 14 19.26
73 25 22.26
73 26 18.59
73 49 24.67
73 62 17.14
73 72 10.15
73 73 11.62
73 37 21.05
73 29 21.85
73 75 19.07
73 59 13.57
49 20 11.47
49 25 20.48
49 26 1.99
49 30 1.81
49 37 24.56
49 47 13.45
49 29 23.09
49 67 10.24
49 62 19.78
49 14 18.95
49 72 17.13
49 59 10.64
49 75 0.2
47 14 18.08
47 20 5.96
47 26 21.57
47 29 18.9
47 75 21.66
47 59 1.02
47 62 18.68
47 67 15.83
37 20 14.66
37 25 5.77
37 26 5.91
37 29 10.89
37 30 18.13
37 75 17.63
37 37 11.42
37 59 17.98
37 67 22.59
37 85 20.17
20 62 15.99
20 85 17.52
20 75 7.15
20 59 13.44
20 30 10.11
20 25 10.11
20 26 13.67
20 67 18.15
20 72 23.93
72 25 15.13
72 26 20.33
72 30 6.23
72 62 14.92
72 29 21.6
72 85 7.68
72 75 12.28
67 26 22.24
67 59 22.39
67 62 20.6
67 75 12.02
67 14 22.14
67 30 3.54
67 85 11.22
29 14 20.84
29 26 15.21
29 59 19.78
29 30 24.93
29 75 21.08
29 85 0.6
75 25 13.09
75 62 13.28
75 14 19.96
14 25 3.27
14 59 11.05
14 62 24.61
14 85 11.4
14 30 13.8
25 85 4.32
25 30 7.84
25 25 17.38
85 30 7.93
85 59 17.51
85 62 10.34
85 85 15.98
85 26 22.12
30 26 8.58
30 59 11.43
30 62 4.54
59 26 13.81
59 59 2.85
26 62 2.71
62 62 22.67