100
1 0 39.29
2 0 93.28
2 1 58.23
3 0 61.03
3 1 80.29
3 2 64.94
4 0 48.98
4 1 40.46
4 2 33.46
4 3 71.81
5 0 69.42
5 1 31.56
5 2 70.47
5 3 80.29
5 4 96.49
6 0 28.29
6 1 0.39
6 2 44.5
6 3 88.34
6 4 13.58
6 5 88.82
7 0 81.05
7 1 58.06
7 2 17.68
7 3 79.87
7 4 66.92
7 5 1.7
7 6 46.55
8 0 66.23
8 1 15.03
8 2 6.19
8 3 42.43
8 4 84.66
8 5 85.84
8 6 38.14
8 7 7.49
9 0 22.33
9 1 4.62
9 2 4.56
9 3 77.84
9 4 2.47
9 5 1.34
9 6 53.68
9 7 81.36
9 8 78.94
10 0 67.27
10 1 21.14
10 2 34.01
10 3 35.08
10 4 55.45
10 5 43.78
10 6 7.56
10 7 75.49
10 8 2.26
10 9 79.8
11 0 95.43
11 1 41.4
11 2 51.58
11 3 3.41
11 4 45.03
11 5 64.96
11 6 9.56
11 7 79.08
11 8 4.59
11 9 7.31
11 10 22.76
12 0 46.94
12 1 87.68
12 2 51.42
12 3 54.86
12 4 17.7
12 5 21.46
12 6 80.5
12 7 95.63
12 8 36.41
12 9 68.7
12 10 41.96
12 11 41.47
13 0 89.35
13 1 31.59
13 2 86.54
13 3 38.48
13 4 45.95
13 5 1.39
13 6 83.11
13 7 49.02
13 8 84.22
13 9 72.95
13 10 50.26
13 11 44.24
13 12 70.05
14 0 74.63
14 1 77.85
14 2 41.81
14 3 66.59
14 4 77.79
14 5 3.01
14 6 46.65
14 7 41.98
14 8 26.88
14 9 63.3
14 10 14.4
14 11 24.02
14 12 90.54
14 13 25.89
15 0 55.41
15 1 83.96
15 2 19.68
15 3 81.32
15 4 58.27
15 5 90.39
15 6 27.85
15 7 79.4
15 8 1.8
15 9 11.54
15 10 42.92
15 11 13.17
15 12 60.48
15 13 46.25
15 14 32.48
16 0 11.68
16 1 88.99
16 2 66.17
16 3 33.69
16 4 0.12
16 5 2.62
16 6 60.76
16 7 43.42
16 8 28.42
16 9 37.05
16 10 63.74
16 11 37.71
16 12 74.38
16 13 37.71
16 14 37.34
16 15 51.03
17 0 37.13
17 1 99.79
17 2 8.06
17 3 93.1
17 4 16.23
17 5 90.96
17 6 5.45
17 7 32.24
17 8 2.68
17 9 95.46
17 10 11.01
17 11 38.05
17 12 81.8
17 13 79.36
17 14 36.84
17 15 31.08
17 16 84.68
18 0 59.15
18 1 43.56
18 2 90.05
18 3 85.43
18 4 67.62
18 5 34.26
18 6 30.33
18 7 4.35
18 8 21.44
18 9 2.85
18 10 66.76
18 11 10.99
18 12 98.27
18 13 50.53
18 14 4.37
18 15 66.01
18 16 94.06
18 17 15.74
19 0 21.8
19 1 36.97
19 2 85.1
19 3 15.74
19 4 15.22
19 5 44.06
19 6 32.01
19 7 84.11
19 8 25.78
19 9 15.11
19 10 88.91
19 11 52.24
19 12 51.09
19 13 49.81
19 14 38.67
19 15 67.3
19 16 28.24
19 17 61.19
19 18 56.02
20 0 79.63
20 1 46.5
20 2 20.95
20 3 54.11
20 4 17.62
20 5 38.83
20 6 26.51
20 7 81.55
20 8 72.93
20 9 31.97
20 10 48.76
20 11 70.2
20 12 10.94
20 13 79.57
20 14 35.14
20 15 34.36
20 16 66.99
20 17 27.91
20 18 40.55
20 19 0.36
21 0 80.99
21 1 10.62
21 2 77.73
21 3 19.85
21 4 51.43
21 5 5.67
21 6 49.85
21 7 74.84
21 8 50.52
21 9 16.48
21 10 73.65
21 11 34.93
21 12 17.97
21 13 67.6
21 14 78.6
21 15 40.29
21 16 79.54
21 17 92.42
21 18 7.37
21 19 9.98
21 20 18.28
22 0 3.24
22 1 38.85
22 2 65.34
22 3 32.58
22 4 56.82
22 5 88.64
22 6 48.54
22 7 34.96
22 8 53.63
22 9 70.81
22 10 23.41
22 11 20.87
22 12 50.08
22 13 31.04
22 14 97.13
22 15 41.92
22 16 15.56
22 17 18.19
22 18 30.32
22 19 6.17
22 20 73.29
22 21 65.52
23 0 25.8
23 1 46.5
23 2 35.04
23 3 27.11
23 4 42.4
23 5 3.22
23 6 22.9
23 7 77.17
23 8 32.34
23 9 44.96
23 10 32.93
23 11 23.08
23 12 22.38
23 13 77.39
23 14 41.37
23 15 46.33
23 16 97.6
23 17 69.79
23 18 39.82
23 19 22.66
23 20 7.94
23 21 97.12
23 22 5.57
24 0 10.87
24 1 53.55
24 2 59.51
24 3 76.64
24 4 83.42
24 5 62.5
24 6 73.03
24 7 92.84
24 8 41.69
24 9 29.59
24 10 25.93
24 11 65.6
24 12 74.33
24 13 8.88
24 14 48.64
24 15 14.06
24 16 69.39
24 17 91.8
24 18 85.8
24 19 29.43
24 20 42.26
24 21 56.2
24 22 71.9
24 23 89.52
25 0 75.43
25 1 9.01
25 2 3.98
25 3 93.35
25 4 39.32
25 5 19.8
25 6 79.36
25 7 33.29
25 8 72.69
25 9 33.41
25 10 53.29
25 11 7.14
25 12 6.25
25 13 46.88
25 14 31.49
25 15 37.01
25 16 8.42
25 17 76.68
25 18 92.44
25 19 27.61
25 20 64.44
25 21 37.88
25 22 12.96
25 23 10.94
25 24 41.23
26 0 64.92
26 1 53.74
26 2 59.27
26 3 74.82
26 4 79.14
26 5 84.69
26 6 23.09
26 7 74.16
26 8 60.99
26 9 92.85
26 10 40.37
26 11 20.48
26 12 69.61
26 13 63.81
26 14 63.53
26 15 6.21
26 16 0.4
26 17 60.76
26 18 91.92
26 19 16.59
26 20 27.21
26 21 63.08
26 22 27.02
26 23 59.33
26 24 85.19
26 25 38.43
27 0 58.42
27 1 34.36
27 2 78.01
27 3 40.35
27 4 27.6
27 5 87.89
27 6 83.22
27 7 22.86
27 8 0.92
27 9 31.06
27 10 60.27
27 11 87.15
27 12 32.38
27 13 18.13
27 14 64.59
27 15 52.4
27 16 26.11
27 17 57.14
27 18 55.12
27 19 33.4
27 20 70.53
27 21 50.67
27 22 32.57
27 23 39.31
27 24 16.87
27 25 21.45
27 26 12.33
28 0 27.56
28 1 87.1
28 2 54.44
28 3 11.37
28 4 40.91
28 5 63.58
28 6 63.1
28 7 65.04
28 8 60.26
28 9 16.57
28 10 85.17
28 11 39.53
28 12 77.19
28 13 15.5
28 14 20.45
28 15 93.42
28 16 94.11
28 17 21.07
28 18 63.27
28 19 93.67
28 20 93.64
28 21 66.64
28 22 71.06
28 23 4.62
28 24 72.15
28 25 43.39
28 26 1.93
28 27 21.63
29 0 9.11
29 1 92.37
29 2 62.21
29 3 29.85
29 4 23.26
29 5 98.33
29 6 39.39
29 7 83.63
29 8 99.54
29 9 12.39
29 10 96.72
29 11 42.11
29 12 49.71
29 13 54.8
29 14 68.72
29 15 88.24
29 16 40.83
29 17 88.96
29 18 42.96
29 19 11.01
29 20 65.69
29 21 36.7
29 22 78.23
29 23 27.89
29 24 2.08
29 25 67.13
29 26 17.18
29 27 68.95
29 28 80.22
30 0 4.0
30 1 72.34
30 2 63.13
30 3 96.85
30 4 4.57
30 5 56.27
30 6 47.09
30 7 99.75
30 8 63.81
30 9 94.09
30 10 55.52
30 11 80.65
30 12 0.69
30 13 84.07
30 14 70.22
30 15 97.78
30 16 18.98
30 17 4.39
30 18 58.92
30 19 58.31
30 20 89.24
30 21 13.77
30 22 8.19
30 23 59.4
30 24 60.05
30 25 95.11
30 26 90.74
30 27 13.57
30 28 46.41
30 29 83.32
31 0 59.55
31 1 12.38
31 2 44.19
31 3 86.35
31 4 20.81
31 5 70.6
31 6 11.42
31 7 25.88
31 8 13.36
31 9 5.14
31 10 78.4
31 11 90.09
31 12 72.44
31 13 77.88
31 14 91.05
31 15 62.94
31 16 51.62
31 17 40.97
31 18 17.56
31 19 18.22
31 20 14.07
31 21 3.71
31 22 21.76
31 23 16.14
31 24 20.78
31 25 32.38
31 26 11.13
31 27 23.22
31 28 33.52
31 29 25.48
31 30 35.02
32 0 51.98
32 1 30.9
32 2 18.58
32 3 80.14
32 4 70.98
32 5 63.76
32 6 71.95
32 7 90.06
32 8 13.19
32 9 61.15
32 10 84.12
32 11 97.76
32 12 76.25
32 13 99.24
32 14 11.7
32 15 97.85
32 16 30.36
32 17 69.44
32 18 93.01
32 19 15.65
32 20 19.17
32 21 3.27
32 22 61.05
32 23 57.22
32 24 81.54
32 25 1.09
32 26 12.07
32 27 6.78
32 28 72.16
32 29 63.25
32 30 26.46
32 31 17.12
33 0 80.05
33 1 27.85
33 2 60.78
33 3 52.95
33 4 28.83
33 5 51.83
33 6 7.49
33 7 55.22
33 8 19.11
33 9 87.49
33 10 13.83
33 11 53.42
33 12 56.07
33 13 95.84
33 14 81.05
33 15 33.96
33 16 8.17
33 17 20.54
33 18 83.71
33 19 84.59
33 20 13.64
33 21 91.42
33 22 77.64
33 23 63.49
33 24 20.73
33 25 91.39
33 26 23.72
33 27 13.94
33 28 73.0
33 29 93.7
33 30 94.52
33 31 34.53
33 32 9.43
34 0 45.68
34 1 93.87
34 2 29.35
34 3 12.52
34 4 88.24
34 5 25.99
34 6 38.33
34 7 11.26
34 8 27.82
34 9 33.32
34 10 89.28
34 11 64.47
34 12 81.28
34 13 81.58
34 14 74.9
34 15 63.09
34 16 3.51
34 17 15.06
34 18 44.49
34 19 11.14
34 20 43.71
34 21 53.61
34 22 44.16
34 23 92.3
34 24 91.33
34 25 77.25
34 26 64.12
34 27 77.16
34 28 40.4
34 29 62.1
34 30 67.8
34 31 79.89
34 32 30.28
34 33 50.48
35 0 87.72
35 1 99.95
35 2 65.86
35 3 7.5
35 4 21.77
35 5 48.84
35 6 25.7
35 7 78.1
35 8 41.24
35 9 46.64
35 10 76.79
35 11 50.95
35 12 81.92
35 13 73.18
35 14 77.36
35 15 76.66
35 16 13.62
35 17 73.54
35 18 55.81
35 19 37.57
35 20 28.24
35 21 32.36
35 22 86.48
35 23 76.58
35 24 1.94
35 25 37.95
35 26 49.48
35 27 55.08
35 28 26.97
35 29 37.66
35 30 96.68
35 31 42.91
35 32 11.17
35 33 61.19
35 34 80.44
36 0 13.12
36 1 52.56
36 2 65.76
36 3 64.04
36 4 10.94
36 5 86.01
36 6 80.0
36 7 87.04
36 8 46.69
36 9 53.13
36 10 74.46
36 11 88.7
36 12 20.6
36 13 52.65
36 14 40.26
36 15 73.75
36 16 31.79
36 17 17.35
36 18 46.71
36 19 85.91
36 20 37.0
36 21 73.83
36 22 22.25
36 23 10.01
36 24 95.41
36 25 12.82
36 26 28.95
36 27 8.51
36 28 20.61
36 29 5.77
36 30 60.23
36 31 75.6
36 32 90.58
36 33 94.18
36 34 32.55
36 35 50.74
37 0 79.2
37 1 14.03
37 2 76.32
37 3 2.69
37 4 34.28
37 5 45.44
37 6 52.69
37 7 4.45
37 8 81.49
37 9 3.68
37 10 45.18
37 11 83.36
37 12 25.79
37 13 86.01
37 14 99.97
37 15 59.85
37 16 0.9
37 17 49.49
37 18 81.44
37 19 23.95
37 20 79.83
37 21 42.04
37 22 46.05
37 23 18.69
37 24 86.78
37 25 31.75
37 26 44.03
37 27 74.32
37 28 31.46
37 29 95.22
37 30 48.17
37 31 44.17
37 32 47.71
37 33 28.55
37 34 73.73
37 35 68.68
37 36 72.95
38 0 57.77
38 1 24.89
38 2 3.79
38 3 61.45
38 4 44.89
38 5 67.44
38 6 1.57
38 7 66.82
38 8 21.66
38 9 36.93
38 10 88.76
38 11 34.24
38 12 98.15
38 13 63.88
38 14 99.73
38 15 63.44
38 16 19.1
38 17 52.95
38 18 87.84
38 19 58.19
38 20 79.13
38 21 58.77
38 22 32.15
38 23 22.16
38 24 55.67
38 25 85.22
38 26 32.5
38 27 70.85
38 28 3.9
38 29 81.63
38 30 44.6
38 31 89.5
38 32 57.28
38 33 32.61
38 34 20.96
38 35 55.29
38 36 72.48
38 37 89.95
39 0 68.32
39 1 38.12
39 2 54.47
39 3 33.32
39 4 31.79
39 5 26.65
39 6 83.78
39 7 47.89
39 8 49.72
39 9 46.24
39 10 84.75
39 11 59.75
39 12 8.96
39 13 40.69
39 14 76.88
39 15 43.72
39 16 42.04
39 17 87.28
39 18 83.91
39 19 11.89
39 20 64.17
39 21 67.39
39 22 64.48
39 23 34.08
39 24 3.85
39 25 5.91
39 26 8.98
39 27 38.24
39 28 9.18
39 29 45.13
39 30 0.07
39 31 88.17
39 32 97.1
39 33 49.52
39 34 94.84
39 35 83.69
39 36 95.89
39 37 19.62
39 38 60.61
40 0 52.88
40 1 65.44
40 2 51.97
40 3 14.1
40 4 3.59
40 5 61.11
40 6 83.27
40 7 40.73
40 8 85.34
40 9 42.68
40 10 0.48
40 11 31.57
40 12 43.99
40 13 40.6
40 14 24.21
40 15 48.77
40 16 56.92
40 17 85.55
40 18 26.2
40 19 83.39
40 20 77.73
40 21 57.06
40 22 19.97
40 23 33.15
40 24 27.27
40 25 56.7
40 26 3.95
40 27 12.35
40 28 45.62
40 29 25.05
40 30 24.35
40 31 45.3
40 32 95.76
40 33 84.76
40 34 82.57
40 35 32.52
40 36 45.43
40 37 73.95
40 38 22.43
40 39 44.33
41 0 10.71
41 1 72.26
41 2 3.81
41 3 72.93
41 4 23.7
41 5 6.59
41 6 99.53
41 7 0.48
41 8 22.3
41 9 70.21
41 10 75.65
41 11 34.48
41 12 10.37
41 13 88.71
41 14 99.12
41 15 6.2
41 16 69.66
41 17 21.5
41 18 11.44
41 19 94.01
41 20 47.48
41 21 90.4
41 22 66.53
41 23 56.4
41 24 0.23
41 25 22.82
41 26 63.05
41 27 11.51
41 28 9.23
41 29 66.16
41 30 23.06
41 31 13.5
41 32 3.47
41 33 16.07
41 34 24.94
41 35 15.95
41 36 67.91
41 37 26.93
41 38 50.79
41 39 47.57
41 40 16.7
42 0 72.85
42 1 1.67
42 2 20.76
42 3 69.08
42 4 7.4
42 5 33.67
42 6 22.45
42 7 52.16
42 8 67.96
42 9 5.91
42 10 95.38
42 11 77.63
42 12 22.83
42 13 40.0
42 14 29.39
42 15 40.78
42 16 50.33
42 17 17.36
42 18 86.21
42 19 71.8
42 20 75.34
42 21 71.4
42 22 97.64
42 23 13.83
42 24 42.49
42 25 7.16
42 26 81.92
42 27 31.3
42 28 5.07
42 29 32.53
42 30 98.08
42 31 88.47
42 32 10.8
42 33 39.74
42 34 72.43
42 35 84.67
42 36 4.38
42 37 11.93
42 38 40.14
42 39 0.72
42 40 33.86
42 41 42.0
43 0 43.05
43 1 70.13
43 2 7.22
43 3 57.48
43 4 23.32
43 5 52.98
43 6 38.99
43 7 74.29
43 8 31.79
43 9 35.91
43 10 33.73
43 11 82.3
43 12 6.97
43 13 6.53
43 14 27.03
43 15 35.38
43 16 32.72
43 17 52.57
43 18 79.1
43 19 20.2
43 20 88.18
43 21 90.22
43 22 21.77
43 23 49.19
43 24 94.81
43 25 68.89
43 26 73.07
43 27 66.34
43 28 1.54
43 29 68.16
43 30 36.96
43 31 62.08
43 32 94.24
43 33 59.49
43 34 49.29
43 35 96.77
43 36 13.6
43 37 98.16
43 38 17.34
43 39 43.46
43 40 10.65
43 41 47.36
43 42 79.61
44 0 7.24
44 1 50.87
44 2 12.33
44 3 88.13
44 4 7.97
44 5 60.52
44 6 37.54
44 7 60.57
44 8 92.7
44 9 83.27
44 10 25.67
44 11 12.01
44 12 3.38
44 13 40.21
44 14 55.34
44 15 84.15
44 16 56.9
44 17 40.83
44 18 76.28
44 19 14.43
44 20 94.89
44 21 85.61
44 22 33.68
44 23 73.14
44 24 61.83
44 25 4.57
44 26 37.52
44 27 8.56
44 28 26.8
44 29 17.42
44 30 3.58
44 31 9.97
44 32 71.97
44 33 81.68
44 34 10.59
44 35 37.09
44 36 81.27
44 37 2.98
44 38 33.47
44 39 91.63
44 40 58.8
44 41 72.55
44 42 37.73
44 43 10.6
45 0 72.17
45 1 1.01
45 2 29.0
45 3 91.46
45 4 72.55
45 5 31.89
45 6 0.65
45 7 24.82
45 8 82.62
45 9 75.11
45 10 58.95
45 11 71.32
45 12 45.43
45 13 61.05
45 14 75.71
45 15 12.95
45 16 87.2
45 17 33.6
45 18 20.36
45 19 60.97
45 20 7.91
45 21 12.57
45 22 89.66
45 23 13.58
45 24 13.55
45 25 76.39
45 26 87.56
45 27 78.05
45 28 4.32
45 29 68.96
45 30 36.27
45 31 23.89
45 32 91.91
45 33 32.78
45 34 97.92
45 35 45.76
45 36 39.85
45 37 27.97
45 38 69.78
45 39 68.0
45 40 30.86
45 41 74.32
45 42 14.08
45 43 28.78
45 44 89.83
46 0 21.66
46 1 21.31
46 2 28.02
46 3 95.02
46 4 4.02
46 5 20.11
46 6 22.89
46 7 46.48
46 8 91.37
46 9 82.34
46 10 63.92
46 11 31.91
46 12 24.55
46 13 22.26
46 14 24.95
46 15 36.71
46 16 79.02
46 17 13.8
46 18 84.53
46 19 24.65
46 20 36.29
46 21 81.0
46 22 71.73
46 23 10.96
46 24 4.52
46 25 76.52
46 26 86.75
46 27 81.56
46 28 85.32
46 29 38.57
46 30 90.38
46 31 60.95
46 32 22.93
46 33 84.81
46 34 11.23
46 35 88.15
46 36 16.62
46 37 57.82
46 38 83.64
46 39 55.62
46 40 55.32
46 41 14.0
46 42 18.93
46 43 91.61
46 44 41.56
46 45 76.21
47 0 11.32
47 1 7.2
47 2 64.98
47 3 24.41
47 4 28.77
47 5 23.02
47 6 12.82
47 7 67.82
47 8 28.46
47 9 20.24
47 10 92.63
47 11 98.82
47 12 23.52
47 13 68.06
47 14 35.93
47 15 76.17
47 16 45.06
47 17 55.6
47 18 30.81
47 19 53.72
47 20 34.05
47 21 25.57
47 22 13.78
47 23 0.24
47 24 23.52
47 25 67.36
47 26 25.91
47 27 96.07
47 28 9.74
47 29 84.16
47 30 75.39
47 31 70.32
47 32 88.03
47 33 82.47
47 34 97.58
47 35 18.69
47 36 2.56
47 37 89.82
47 38 80.91
47 39 21.43
47 40 77.56
47 41 42.1
47 42 54.18
47 43 29.71
47 44 95.76
47 45 7.37
47 46 55.99
48 0 26.97
48 1 75.38
48 2 4.16
48 3 48.72
48 4 33.96
48 5 96.2
48 6 41.42
48 7 32.69
48 8 94.7
48 9 49.79
48 10 55.14
48 11 24.9
48 12 67.1
48 13 55.02
48 14 94.18
48 15 80.67
48 16 3.34
48 17 99.8
48 18 18.44
48 19 98.19
48 20 57.87
48 21 91.57
48 22 13.15
48 23 24.77
48 24 9.12
48 25 24.14
48 26 19.92
48 27 25.78
48 28 80.16
48 29 50.6
48 30 70.36
48 31 7.84
48 32 72.74
48 33 75.38
48 34 24.38
48 35 62.07
48 36 93.48
48 37 19.91
48 38 14.59
48 39 8.1
48 40 59.91
48 41 26.27
48 42 14.35
48 43 90.27
48 44 32.43
48 45 53.74
48 46 79.52
48 47 39.6
49 0 93.05
49 1 94.76
49 2 77.67
49 3 92.13
49 4 16.47
49 5 34.22
49 6 66.29
49 7 33.04
49 8 51.42
49 9 8.16
49 10 88.97
49 11 9.55
49 12 92.98
49 13 87.44
49 14 50.45
49 15 14.86
49 16 80.91
49 17 43.25
49 18 91.68
49 19 40.1
49 20 16.0
49 21 3.33
49 22 54.35
49 23 25.91
49 24 70.41
49 25 93.05
49 26 69.48
49 27 48.59
49 28 81.24
49 29 38.69
49 30 97.78
49 31 56.58
49 32 24.14
49 33 22.58
49 34 65.59
49 35 24.15
49 36 42.41
49 37 3.46
49 38 15.47
49 39 43.33
49 40 80.39
49 41 17.69
49 42 46.3
49 43 8.43
49 44 40.59
49 45 53.94
49 46 14.89
49 47 60.91
49 48 34.42
50 0 39.63
50 1 69.56
50 2 66.76
50 3 69.66
50 4 14.76
50 5 10.46
50 6 64.9
50 7 64.52
50 8 46.11
50 9 43.26
50 10 78.89
50 11 65.53
50 12 10.12
50 13 38.28
50 14 73.58
50 15 78.9
50 16 69.95
50 17 46.48
50 18 41.48
50 19 66.9
50 20 68.05
50 21 65.39
50 22 67.24
50 23 28.54
50 24 24.05
50 25 17.86
50 26 77.72
50 27 27.21
50 28 76.66
50 29 8.1
50 30 24.72
50 31 16.96
50 32 28.1
50 33 25.22
50 34 39.04
50 35 23.94
50 36 60.0
50 37 79.0
50 38 85.87
50 39 2.79
50 40 58.11
50 41 61.4
50 42 57.15
50 43 94.13
50 44 87.59
50 45 21.06
50 46 50.66
50 47 11.17
50 48 86.6
50 49 91.38
51 0 80.96
51 1 20.62
51 2 7.22
51 3 63.64
51 4 66.42
51 5 60.75
51 6 68.04
51 7 14.54
51 8 36.08
51 9 78.31
51 10 42.77
51 11 59.72
51 12 8.65
51 13 29.37
51 14 24.16
51 15 76.18
51 16 33.63
51 17 94.64
51 18 66.71
51 19 1.75
51 20 22.63
51 21 75.1
51 22 40.7
51 23 37.98
51 24 37.94
51 25 66.52
51 26 73.69
51 27 89.7
51 28 27.64
51 29 99.38
51 30 45.26
51 31 57.93
51 32 46.03
51 33 20.98
51 34 46.44
51 35 16.36
51 36 36.44
51 37 74.16
51 38 60.67
51 39 83.52
51 40 28.71
51 41 63.27
51 42 18.32
51 43 64.77
51 44 24.62
51 45 26.25
51 46 73.15
51 47 66.87
51 48 2.47
51 49 98.78
51 50 24.18
52 0 57.52
52 1 18.7
52 2 47.49
52 3 87.97
52 4 55.91
52 5 23.43
52 6 64.76
52 7 25.15
52 8 39.89
52 9 89.8
52 10 75.37
52 11 26.5
52 12 37.29
52 13 76.46
52 14 55.45
52 15 92.37
52 16 75.19
52 17 33.02
52 18 99.28
52 19 92.42
52 20 84.67
52 21 19.76
52 22 46.01
52 23 65.39
52 24 29.63
52 25 37.59
52 26 15.96
52 27 61.57
52 28 58.9
52 29 71.64
52 30 42.26
52 31 86.6
52 32 7.37
52 33 10.09
52 34 36.19
52 35 49.72
52 36 70.75
52 37 57.97
52 38 43.42
52 39 13.28
52 40 99.54
52 41 32.27
52 42 56.95
52 43 12.69
52 44 82.06
52 45 70.77
52 46 73.01
52 47 83.58
52 48 63.78
52 49 64.03
52 50 29.21
52 51 55.78
53 0 62.47
53 1 36.75
53 2 75.88
53 3 31.39
53 4 81.83
53 5 90.59
53 6 92.39
53 7 26.92
53 8 43.9
53 9 69.79
53 10 98.88
53 11 73.26
53 12 63.41
53 13 58.19
53 14 54.2
53 15 29.2
53 16 33.44
53 17 86.93
53 18 14.76
53 19 33.79
53 20 4.74
53 21 31.64
53 22 96.61
53 23 55.62
53 24 16.43
53 25 54.62
53 26 72.25
53 27 27.77
53 28 17.14
53 29 56.91
53 30 97.63
53 31 31.55
53 32 3.05
53 33 35.42
53 34 32.16
53 35 13.09
53 36 67.72
53 37 17.48
53 38 26.4
53 39 41.08
53 40 0.61
53 41 89.44
53 42 25.2
53 43 30.36
53 44 28.94
53 45 63.45
53 46 42.19
53 47 0.9
53 48 56.16
53 49 47.98
53 50 0.25
53 51 40.23
53 52 22.03
54 0 96.08
54 1 76.98
54 2 15.73
54 3 47.69
54 4 45.12
54 5 88.68
54 6 27.36
54 7 41.83
54 8 39.9
54 9 84.59
54 10 82.87
54 11 68.16
54 12 46.51
54 13 10.68
54 14 51.04
54 15 94.26
54 16 30.52
54 17 43.64
54 18 30.84
54 19 79.3
54 20 22.14
54 21 31.56
54 22 90.98
54 23 39.11
54 24 19.12
54 25 73.05
54 26 91.93
54 27 13.38
54 28 53.49
54 29 41.23
54 30 37.58
54 31 89.05
54 32 73.2
54 33 0.85
54 34 83.53
54 35 87.61
54 36 29.29
54 37 45.48
54 38 62.04
54 39 40.79
54 40 81.88
54 41 14.25
54 42 70.5
54 43 15.85
54 44 70.38
54 45 84.27
54 46 33.0
54 47 53.09
54 48 85.23
54 49 45.83
54 50 1.4
54 51 48.78
54 52 30.02
54 53 41.62
55 0 79.59
55 1 5.24
55 2 82.87
55 3 69.44
55 4 71.02
55 5 66.11
55 6 0.2
55 7 20.69
55 8 34.44
55 9 86.2
55 10 20.14
55 11 23.96
55 12 75.42
55 13 47.61
55 14 16.47
55 15 64.66
55 16 65.04
55 17 93.33
55 18 22.78
55 19 23.79
55 20 45.92
55 21 44.85
55 22 50.98
55 23 28.55
55 24 28.07
55 25 23.58
55 26 39.46
55 27 0.99
55 28 31.02
55 29 70.5
55 30 17.1
55 31 8.42
55 32 32.95
55 33 31.24
55 34 53.98
55 35 63.31
55 36 77.72
55 37 23.25
55 38 70.22
55 39 21.31
55 40 66.99
55 41 98.29
55 42 13.97
55 43 17.19
55 44 53.36
55 45 29.06
55 46 84.93
55 47 53.36
55 48 15.6
55 49 23.11
55 50 47.92
55 51 41.79
55 52 94.19
55 53 26.21
55 54 27.3
56 0 75.94
56 1 17.82
56 2 48.54
56 3 80.93
56 4 72.53
56 5 93.19
56 6 44.59
56 7 56.89
56 8 91.09
56 9 31.43
56 10 89.2
56 11 14.79
56 12 53.3
56 13 30.87
56 14 82.29
56 15 27.24
56 16 29.12
56 17 19.9
56 18 93.28
56 19 4.38
56 20 97.53
56 21 87.06
56 22 22.48
56 23 66.89
56 24 38.14
56 25 53.78
56 26 73.5
56 27 60.52
56 28 98.39
56 29 75.23
56 30 91.5
56 31 4.11
56 32 58.05
56 33 25.87
56 34 28.91
56 35 12.42
56 36 83.02
56 37 12.98
56 38 45.69
56 39 52.16
56 40 47.31
56 41 12.56
56 42 59.59
56 43 86.32
56 44 3.94
56 45 83.31
56 46 97.34
56 47 56.2
56 48 51.92
56 49 12.15
56 50 92.99
56 51 43.28
56 52 15.83
56 53 45.52
56 54 62.28
56 55 21.57
57 0 79.07
57 1 41.37
57 2 29.81
57 3 9.48
57 4 86.92
57 5 51.83
57 6 19.2
57 7 43.99
57 8 44.23
57 9 17.79
57 10 59.46
57 11 46.16
57 12 50.49
57 13 49.03
57 14 94.24
57 15 55.79
57 16 50.6
57 17 72.14
57 18 74.61
57 19 50.02
57 20 95.23
57 21 51.33
57 22 48.11
57 23 80.97
57 24 54.11
57 25 41.9
57 26 1.69
57 27 21.01
57 28 92.64
57 29 41.18
57 30 54.42
57 31 39.4
57 32 17.58
57 33 11.07
57 34 68.48
57 35 53.1
57 36 29.21
57 37 45.15
57 38 52.51
57 39 58.4
57 40 47.77
57 41 13.66
57 42 8.73
57 43 4.23
57 44 21.96
57 45 31.15
57 46 54.7
57 47 55.05
57 48 46.11
57 49 59.79
57 50 59.37
57 51 75.66
57 52 74.57
57 53 14.84
57 54 66.3
57 55 40.05
57 56 81.72
58 0 76.84
58 1 2.04
58 2 80.18
58 3 31.83
58 4 40.35
58 5 66.05
58 6 49.57
58 7 16.26
58 8 38.9
58 9 70.12
58 10 95.16
58 11 54.36
58 12 0.58
58 13 68.6
58 14 77.32
58 15 64.15
58 16 53.81
58 17 73.58
58 18 71.08
58 19 57.17
58 20 99.73
58 21 6.17
58 22 38.51
58 23 94.0
58 24 91.2
58 25 70.95
58 26 5.42
58 27 91.69
58 28 18.16
58 29 89.74
58 30 48.69
58 31 96.55
58 32 75.16
58 33 15.52
58 34 18.01
58 35 11.71
58 36 98.41
58 37 1.82
58 38 32.52
58 39 86.82
58 40 83.54
58 41 39.25
58 42 10.37
58 43 70.61
58 44 26.27
58 45 48.2
58 46 41.83
58 47 26.37
58 48 15.73
58 49 79.56
58 50 72.86
58 51 20.05
58 52 92.08
58 53 20.03
58 54 2.66
58 55 40.69
58 56 4.69
58 57 88.96
59 0 45.33
59 1 45.16
59 2 27.1
59 3 61.63
59 4 93.08
59 5 59.65
59 6 62.1
59 7 13.93
59 8 65.62
59 9 83.96
59 10 16.62
59 11 51.85
59 12 35.1
59 13 85.8
59 14 27.09
59 15 29.92
59 16 26.93
59 17 69.57
59 18 8.56
59 19 32.85
59 20 63.01
59 21 43.48
59 22 50.41
59 23 37.34
59 24 43.07
59 25 37.5
59 26 72.15
59 27 92.88
59 28 7.85
59 29 77.08
59 30 35.82
59 31 34.77
59 32 1.5
59 33 54.9
59 34 57.02
59 35 19.15
59 36 27.96
59 37 35.2
59 38 99.58
59 39 42.92
59 40 15.4
59 41 13.0
59 42 36.85
59 43 48.56
59 44 90.21
59 45 20.64
59 46 31.74
59 47 15.77
59 48 76.1
59 49 33.65
59 50 47.67
59 51 28.32
59 52 20.79
59 53 80.03
59 54 17.31
59 55 47.6
59 56 9.71
59 57 94.85
59 58 89.85
60 0 50.6
60 1 66.89
60 2 99.02
60 3 75.52
60 4 30.69
60 5 29.83
60 6 70.63
60 7 37.95
60 8 52.61
60 9 87.51
60 10 43.13
60 11 86.33
60 12 50.81
60 13 89.08
60 14 28.07
60 15 54.97
60 16 94.45
60 17 91.64
60 18 22.68
60 19 15.67
60 20 91.98
60 21 75.34
60 22 57.12
60 23 4.09
60 24 92.27
60 25 48.28
60 26 0.82
60 27 1.96
60 28 28.59
60 29 95.39
60 30 87.76
60 31 61.4
60 32 31.13
60 33 75.03
60 34 20.44
60 35 93.81
60 36 63.69
60 37 33.07
60 38 44.55
60 39 92.63
60 40 33.13
60 41 25.72
60 42 99.4
60 43 59.57
60 44 39.67
60 45 45.07
60 46 31.86
60 47 31.72
60 48 63.59
60 49 13.35
60 50 78.09
60 51 8.72
60 52 86.49
60 53 69.88
60 54 10.83
60 55 22.64
60 56 58.6
60 57 70.93
60 58 52.79
60 59 11.15
61 0 40.68
61 1 22.55
61 2 3.35
61 3 83.48
61 4 1.34
61 5 51.22
61 6 5.43
61 7 94.16
61 8 13.41
61 9 90.54
61 10 33.21
61 11 47.32
61 12 32.64
61 13 85.47
61 14 5.3
61 15 19.99
61 16 65.97
61 17 90.56
61 18 96.34
61 19 97.88
61 20 7.12
61 21 82.48
61 22 3.15
61 23 25.36
61 24 0.01
61 25 8.73
61 26 54.99
61 27 27.18
61 28 48.02
61 29 67.97
61 30 48.34
61 31 91.33
61 32 60.46
61 33 52.83
61 34 38.06
61 35 51.1
61 36 73.83
61 37 38.91
61 38 32.94
61 39 20.17
61 40 4.03
61 41 30.16
61 42 23.98
61 43 55.54
61 44 27.63
61 45 60.02
61 46 15.64
61 47 46.11
61 48 97.61
61 49 23.42
61 50 14.35
61 51 64.98
61 52 92.63
61 53 11.66
61 54 98.46
61 55 0.3
61 56 21.38
61 57 20.46
61 58 71.72
61 59 11.47
61 60 64.92
62 0 90.1
62 1 43.86
62 2 80.99
62 3 52.73
62 4 80.49
62 5 7.28
62 6 35.22
62 7 90.37
62 8 29.77
62 9 1.09
62 10 7.24
62 11 94.21
62 12 12.14
62 13 9.67
62 14 96.61
62 15 9.13
62 16 1.62
62 17 79.23
62 18 77.92
62 19 10.5
62 20 10.74
62 21 72.61
62 22 63.82
62 23 54.93
62 24 53.96
62 25 22.69
62 26 80.46
62 27 6.88
62 28 63.51
62 29 36.86
62 30 82.24
62 31 37.52
62 32 69.36
62 33 2.51
62 34 26.68
62 35 20.08
62 36 44.57
62 37 96.75
62 38 13.51
62 39 85.97
62 40 79.72
62 41 4.15
62 42 10.55
62 43 57.04
62 44 73.27
62 45 90.74
62 46 97.23
62 47 81.19
62 48 20.96
62 49 97.96
62 50 75.36
62 51 15.96
62 52 36.27
62 53 99.97
62 54 56.72
62 55 21.37
62 56 67.89
62 57 2.7
62 58 58.2
62 59 84.32
62 60 41.26
62 61 22.49
63 0 17.57
63 1 7.42
63 2 69.49
63 3 77.8
63 4 37.21
63 5 44.75
63 6 36.28
63 7 96.19
63 8 11.03
63 9 46.02
63 10 91.26
63 11 37.02
63 12 53.24
63 13 72.14
63 14 73.97
63 15 80.92
63 16 19.71
63 17 34.05
63 18 67.77
63 19 51.39
63 20 98.09
63 21 73.23
63 22 56.34
63 23 9.78
63 24 82.72
63 25 82.31
63 26 15.68
63 27 15.35
63 28 62.02
63 29 65.22
63 30 17.54
63 31 96.18
63 32 86.52
63 33 1.84
63 34 10.12
63 35 64.04
63 36 13.42
63 37 98.39
63 38 70.82
63 39 16.28
63 40 79.53
63 41 84.44
63 42 11.3
63 43 70.73
63 44 51.69
63 45 87.14
63 46 87.56
63 47 97.32
63 48 65.61
63 49 44.45
63 50 22.45
63 51 22.65
63 52 27.77
63 53 8.58
63 54 79.59
63 55 86.48
63 56 56.81
63 57 63.86
63 58 34.71
63 59 32.7
63 60 46.23
63 61 7.48
63 62 91.0
64 0 90.66
64 1 28.89
64 2 3.21
64 3 33.67
64 4 80.26
64 5 94.51
64 6 77.94
64 7 81.91
64 8 85.98
64 9 44.09
64 10 6.6
64 11 86.44
64 12 97.27
64 13 31.07
64 14 53.88
64 15 25.16
64 16 99.84
64 17 81.36
64 18 13.09
64 19 4.87
64 20 52.28
64 21 69.13
64 22 76.05
64 23 89.51
64 24 38.25
64 25 86.86
64 26 71.76
64 27 97.28
64 28 9.45
64 29 12.3
64 30 89.73
64 31 88.51
64 32 23.11
64 33 54.27
64 34 3.87
64 35 8.71
64 36 31.86
64 37 4.11
64 38 7.48
64 39 77.39
64 40 30.21
64 41 14.13
64 42 73.35
64 43 38.65
64 44 56.32
64 45 75.06
64 46 79.59
64 47 36.15
64 48 45.76
64 49 96.11
64 50 12.59
64 51 53.95
64 52 68.47
64 53 13.11
64 54 61.05
64 55 58.48
64 56 62.39
64 57 61.83
64 58 89.66
64 59 29.13
64 60 1.11
64 61 1.67
64 62 5.0
64 63 53.05
65 0 98.93
65 1 27.24
65 2 31.29
65 3 53.81
65 4 64.96
65 5 86.51
65 6 83.48
65 7 2.97
65 8 7.81
65 9 85.63
65 10 13.71
65 11 61.59
65 12 87.2
65 13 73.77
65 14 93.98
65 15 95.91
65 16 68.61
65 17 99.66
65 18 60.75
65 19 55.93
65 20 38.39
65 21 74.27
65 22 1.75
65 23 85.82
65 24 93.73
65 25 88.19
65 26 38.45
65 27 35.58
65 28 23.78
65 29 93.06
65 30 16.04
65 31 87.42
65 32 82.74
65 33 0.51
65 34 31.97
65 35 65.35
65 36 83.36
65 37 52.76
65 38 26.54
65 39 33.88
65 40 24.45
65 41 70.91
65 42 49.94
65 43 24.72
65 44 20.85
65 45 56.42
65 46 4.4
65 47 17.04
65 48 7.4
65 49 24.43
65 50 45.68
65 51 30.83
65 52 23.98
65 53 34.26
65 54 65.12
65 55 99.85
65 56 1.88
65 57 12.34
65 58 65.78
65 59 46.87
65 60 16.95
65 61 53.09
65 62 67.06
65 63 85.9
65 64 14.72
66 0 70.92
66 1 46.96
66 2 28.19
66 3 13.71
66 4 82.6
66 5 91.64
66 6 64.97
66 7 29.76
66 8 38.24
66 9 56.29
66 10 68.24
66 11 95.91
66 12 21.09
66 13 77.77
66 14 98.48
66 15 38.58
66 16 69.16
66 17 52.55
66 18 9.82
66 19 79.49
66 20 31.47
66 21 21.74
66 22 25.56
66 23 23.15
66 24 46.8
66 25 90.11
66 26 62.44
66 27 71.61
66 28 11.32
66 29 55.16
66 30 4.58
66 31 10.51
66 32 29.93
66 33 6.13
66 34 31.5
66 35 51.95
66 36 42.67
66 37 21.26
66 38 3.57
66 39 14.66
66 40 31.6
66 41 11.41
66 42 56.07
66 43 43.74
66 44 73.71
66 45 32.89
66 46 11.32
66 47 84.3
66 48 61.08
66 49 56.99
66 50 18.03
66 51 7.12
66 52 67.17
66 53 58.94
66 54 41.1
66 55 20.54
66 56 88.62
66 57 77.88
66 58 68.2
66 59 22.08
66 60 8.88
66 61 14.35
66 62 60.0
66 63 19.61
66 64 23.38
66 65 65.09
67 0 32.52
67 1 40.67
67 2 14.31
67 3 1.57
67 4 86.55
67 5 64.36
67 6 39.3
67 7 21.57
67 8 80.82
67 9 58.63
67 10 86.45
67 11 55.03
67 12 90.35
67 13 40.21
67 14 53.13
67 15 60.9
67 16 40.1
67 17 29.18
67 18 3.2
67 19 19.18
67 20 49.4
67 21 42.32
67 22 52.31
67 23 6.9
67 24 48.99
67 25 65.08
67 26 98.24
67 27 83.7
67 28 81.41
67 29 98.59
67 30 56.01
67 31 88.93
67 32 79.97
67 33 90.78
67 34 50.4
67 35 17.77
67 36 40.58
67 37 82.76
67 38 82.63
67 39 94.14
67 40 60.41
67 41 95.01
67 42 70.1
67 43 17.01
67 44 87.88
67 45 33.57
67 46 55.33
67 47 0.34
67 48 86.0
67 49 89.97
67 50 42.77
67 51 3.0
67 52 86.22
67 53 72.23
67 54 43.11
67 55 88.34
67 56 98.74
67 57 10.43
67 58 25.49
67 59 50.91
67 60 27.26
67 61 74.96
67 62 38.38
67 63 85.49
67 64 44.18
67 65 63.18
67 66 81.67
68 0 86.55
68 1 63.57
68 2 46.8
68 3 7.16
68 4 63.57
68 5 2.24
68 6 71.56
68 7 39.04
68 8 96.5
68 9 2.76
68 10 73.47
68 11 46.43
68 12 95.2
68 13 8.33
68 14 35.84
68 15 14.75
68 16 39.14
68 17 24.04
68 18 12.45
68 19 84.37
68 20 57.39
68 21 96.17
68 22 5.7
68 23 29.61
68 24 75.12
68 25 59.5
68 26 22.24
68 27 11.8
68 28 37.91
68 29 73.09
68 30 93.12
68 31 31.26
68 32 38.81
68 33 84.52
68 34 52.29
68 35 3.87
68 36 50.05
68 37 16.03
68 38 18.1
68 39 27.49
68 40 65.88
68 41 26.41
68 42 47.75
68 43 35.23
68 44 59.79
68 45 70.39
68 46 83.67
68 47 7.56
68 48 18.5
68 49 21.86
68 50 74.69
68 51 80.16
68 52 48.33
68 53 94.66
68 54 96.59
68 55 73.79
68 56 4.94
68 57 29.91
68 58 0.9
68 59 19.94
68 60 62.91
68 61 1.07
68 62 46.91
68 63 7.82
68 64 31.37
68 65 78.6
68 66 3.6
68 67 8.73
69 0 16.75
69 1 79.73
69 2 39.55
69 3 56.98
69 4 69.87
69 5 6.91
69 6 39.27
69 7 76.07
69 8 74.74
69 9 98.53
69 10 55.09
69 11 59.4
69 12 24.06
69 13 50.48
69 14 83.12
69 15 73.61
69 16 82.87
69 17 68.52
69 18 29.53
69 19 40.33
69 20 69.52
69 21 36.79
69 22 36.42
69 23 43.49
69 24 50.42
69 25 7.23
69 26 63.94
69 27 13.26
69 28 78.45
69 29 23.76
69 30 44.71
69 31 41.61
69 32 94.53
69 33 42.92
69 34 51.72
69 35 96.56
69 36 26.91
69 37 88.06
69 38 30.8
69 39 33.67
69 40 75.03
69 41 46.78
69 42 39.53
69 43 29.07
69 44 63.12
69 45 89.69
69 46 21.41
69 47 3.16
69 48 5.64
69 49 37.96
69 50 67.16
69 51 37.52
69 52 56.95
69 53 4.96
69 54 26.56
69 55 91.39
69 56 45.2
69 57 87.19
69 58 2.62
69 59 12.61
69 60 28.88
69 61 16.61
69 62 84.6
69 63 65.94
69 64 37.06
69 65 16.03
69 66 17.78
69 67 74.52
69 68 41.37
70 0 60.83
70 1 14.9
70 2 19.18
70 3 46.66
70 4 99.86
70 5 54.44
70 6 60.24
70 7 1.62
70 8 89.99
70 9 74.56
70 10 65.5
70 11 59.55
70 12 27.01
70 13 65.76
70 14 49.06
70 15 60.43
70 16 12.66
70 17 42.04
70 18 90.94
70 19 29.77
70 20 91.44
70 21 96.74
70 22 51.87
70 23 53.5
70 24 18.26
70 25 31.5
70 26 95.26
70 27 8.27
70 28 33.86
70 29 96.19
70 30 22.77
70 31 35.29
70 32 8.33
70 33 93.49
70 34 84.93
70 35 81.57
70 36 53.62
70 37 94.85
70 38 2.85
70 39 22.18
70 40 69.06
70 41 99.35
70 42 19.03
70 43 89.95
70 44 11.75
70 45 5.97
70 46 91.47
70 47 59.25
70 48 19.31
70 49 89.6
70 50 49.19
70 51 52.83
70 52 0.67
70 53 0.36
70 54 14.14
70 55 32.6
70 56 27.64
70 57 6.44
70 58 21.86
70 59 64.59
70 60 83.74
70 61 13.01
70 62 89.68
70 63 13.96
70 64 6.91
70 65 54.8
70 66 25.74
70 67 74.79
70 68 62.78
70 69 87.66
71 0 83.84
71 1 5.82
71 2 24.11
71 3 86.76
71 4 4.64
71 5 30.98
71 6 89.64
71 7 66.13
71 8 67.75
71 9 72.33
71 10 21.13
71 11 53.78
71 12 42.05
71 13 77.65
71 14 97.01
71 15 88.45
71 16 0.77
71 17 57.88
71 18 22.36
71 19 9.6
71 20 37.62
71 21 50.92
71 22 45.6
71 23 61.93
71 24 45.29
71 25 47.85
71 26 65.24
71 27 97.7
71 28 84.44
71 29 87.8
71 30 21.88
71 31 54.35
71 32 99.03
71 33 79.31
71 34 2.36
71 35 51.63
71 36 18.16
71 37 3.69
71 38 8.23
71 39 72.43
71 40 67.97
71 41 36.14
71 42 0.64
71 43 61.13
71 44 35.19
71 45 40.24
71 46 39.19
71 47 2.69
71 48 93.55
71 49 10.48
71 50 35.23
71 51 68.41
71 52 82.85
71 53 54.92
71 54 79.86
71 55 36.83
71 56 5.97
71 57 52.11
71 58 7.18
71 59 43.41
71 60 27.71
71 61 91.09
71 62 84.03
71 63 12.89
71 64 7.39
71 65 15.86
71 66 44.47
71 67 72.63
71 68 40.19
71 69 91.27
71 70 15.24
72 0 2.25
72 1 73.52
72 2 24.4
72 3 43.72
72 4 71.54
72 5 10.66
72 6 26.3
72 7 8.68
72 8 15.05
72 9 80.77
72 10 62.18
72 11 44.67
72 12 53.49
72 13 15.76
72 14 3.19
72 15 24.15
72 16 53.59
72 17 93.41
72 18 22.28
72 19 72.29
72 20 76.4
72 21 34.49
72 22 86.94
72 23 69.06
72 24 31.59
72 25 99.03
72 26 6.84
72 27 84.52
72 28 23.8
72 29 46.38
72 30 60.73
72 31 2.95
72 32 79.81
72 33 82.42
72 34 4.88
72 35 32.68
72 36 77.61
72 37 38.75
72 38 43.29
72 39 20.52
72 40 69.28
72 41 85.77
72 42 57.09
72 43 88.38
72 44 62.84
72 45 19.64
72 46 64.15
72 47 10.87
72 48 48.8
72 49 17.7
72 50 24.26
72 51 42.94
72 52 61.5
72 53 98.32
72 54 93.5
72 55 33.14
72 56 26.33
72 57 82.23
72 58 1.75
72 59 58.13
72 60 45.53
72 61 64.68
72 62 10.62
72 63 43.99
72 64 91.45
72 65 79.66
72 66 15.69
72 67 47.88
72 68 5.53
72 69 13.13
72 70 20.84
72 71 35.62
73 0 4.62
73 1 2.88
73 2 44.73
73 3 20.53
73 4 50.16
73 5 92.62
73 6 66.07
73 7 68.45
73 8 92.03
73 9 4.48
73 10 87.45
73 11 49.75
73 12 75.18
73 13 26.76
73 14 95.26
73 15 36.84
73 16 93.81
73 17 2.18
73 18 78.86
73 19 13.73
73 20 88.43
73 21 12.38
73 22 36.27
73 23 17.84
73 24 78.75
73 25 19.54
73 26 35.74
73 27 10.31
73 28 8.76
73 29 27.05
73 30 83.66
73 31 7.15
73 32 60.77
73 33 85.3
73 34 40.58
73 35 46.89
73 36 27.56
73 37 90.07
73 38 60.36
73 39 14.52
73 40 42.15
73 41 66.71
73 42 90.89
73 43 75.11
73 44 4.01
73 45 35.25
73 46 85.26
73 47 4.52
73 48 91.96
73 49 12.21
73 50 90.27
73 51 17.5
73 52 30.38
73 53 46.26
73 54 14.09
73 55 86.82
73 56 80.73
73 57 34.24
73 58 93.85
73 59 90.66
73 60 69.31
73 61 99.28
73 62 26.02
73 63 78.86
73 64 17.73
73 65 52.1
73 66 23.06
73 67 12.86
73 68 37.73
73 69 5.11
73 70 84.57
73 71 29.06
73 72 19.57
74 0 96.61
74 1 70.39
74 2 61.14
74 3 88.06
74 4 61.2
74 5 34.79
74 6 26.18
74 7 34.8
74 8 68.44
74 9 60.06
74 10 86.75
74 11 28.1
74 12 31.09
74 13 7.38
74 14 41.89
74 15 75.34
74 16 99.5
74 17 83.27
74 18 82.24
74 19 69.13
74 20 98.84
74 21 2.54
74 22 10.58
74 23 23.52
74 24 67.85
74 25 58.27
74 26 54.63
74 27 27.74
74 28 80.86
74 29 73.28
74 30 52.14
74 31 72.44
74 32 82.91
74 33 64.97
74 34 36.29
74 35 15.35
74 36 65.81
74 37 69.22
74 38 3.8
74 39 88.85
74 40 56.66
74 41 38.51
74 42 15.8
74 43 14.38
74 44 71.69
74 45 95.55
74 46 30.05
74 47 14.71
74 48 5.57
74 49 27.15
74 50 7.96
74 51 39.08
74 52 77.94
74 53 60.0
74 54 63.81
74 55 66.73
74 56 45.94
74 57 47.21
74 58 0.46
74 59 53.04
74 60 34.48
74 61 95.5
74 62 21.3
74 63 50.86
74 64 15.88
74 65 14.41
74 66 44.98
74 67 74.06
74 68 29.65
74 69 23.22
74 70 32.36
74 71 33.8
74 72 73.05
74 73 28.77
75 0 0.54
75 1 21.48
75 2 82.54
75 3 77.51
75 4 2.38
75 5 50.66
75 6 88.52
75 7 11.28
75 8 49.19
75 9 28.13
75 10 88.19
75 11 79.93
75 12 48.66
75 13 93.28
75 14 29.19
75 15 73.49
75 16 56.43
75 17 63.68
75 18 97.01
75 19 92.02
75 20 62.87
75 21 36.89
75 22 50.71
75 23 52.79
75 24 68.36
75 25 77.96
75 26 79.93
75 27 92.3
75 28 32.75
75 29 80.51
75 30 12.36
75 31 67.67
75 32 34.61
75 33 29.95
75 34 27.99
75 35 67.23
75 36 30.13
75 37 68.09
75 38 3.09
75 39 71.1
75 40 11.32
75 41 53.11
75 42 84.34
75 43 79.56
75 44 31.56
75 45 45.61
75 46 70.37
75 47 65.92
75 48 93.6
75 49 90.53
75 50 60.01
75 51 42.38
75 52 71.91
75 53 13.35
75 54 81.85
75 55 71.91
75 56 24.69
75 57 12.19
75 58 21.94
75 59 62.13
75 60 99.52
75 61 49.52
75 62 39.27
75 63 26.76
75 64 23.36
75 65 44.28
75 66 23.67
75 67 47.85
75 68 44.76
75 69 25.24
75 70 94.67
75 71 8.03
75 72 33.92
75 73 1.36
75 74 80.18
76 0 13.9
76 1 76.5
76 2 29.75
76 3 47.79
76 4 67.59
76 5 62.32
76 6 92.01
76 7 19.5
76 8 6.59
76 9 99.91
76 10 97.85
76 11 72.32
76 12 55.69
76 13 49.08
76 14 32.57
76 15 64.29
76 16 88.38
76 17 85.93
76 18 92.0
76 19 85.37
76 20 85.94
76 21 14.8
76 22 50.71
76 23 87.1
76 24 35.25
76 25 97.3
76 26 8.72
76 27 0.51
76 28 57.87
76 29 59.41
76 30 96.59
76 31 81.15
76 32 48.29
76 33 13.33
76 34 15.19
76 35 75.8
76 36 57.3
76 37 92.99
76 38 41.46
76 39 52.78
76 40 7.79
76 41 56.42
76 42 65.97
76 43 22.56
76 44 35.43
76 45 60.09
76 46 29.44
76 47 86.77
76 48 46.23
76 49 86.21
76 50 57.96
76 51 40.12
76 52 36.88
76 53 14.21
76 54 83.77
76 55 97.25
76 56 81.2
76 57 76.32
76 58 61.69
76 59 79.59
76 60 37.86
76 61 20.53
76 62 25.57
76 63 87.18
76 64 79.62
76 65 60.15
76 66 31.6
76 67 50.41
76 68 1.12
76 69 56.53
76 70 51.47
76 71 9.92
76 72 76.51
76 73 14.63
76 74 75.35
76 75 43.54
77 0 34.68
77 1 87.77
77 2 52.43
77 3 55.17
77 4 98.52
77 5 70.51
77 6 8.52
77 7 92.07
77 8 88.24
77 9 33.08
77 10 89.8
77 11 89.3
77 12 46.76
77 13 57.07
77 14 96.39
77 15 88.62
77 16 51.58
77 17 56.88
77 18 13.09
77 19 50.94
77 20 8.68
77 21 40.17
77 22 86.39
77 23 91.54
77 24 82.61
77 25 28.01
77 26 23.77
77 27 77.63
77 28 65.83
77 29 89.94
77 30 66.1
77 31 43.63
77 32 52.09
77 33 91.53
77 34 19.91
77 35 22.56
77 36 78.42
77 37 10.11
77 38 55.02
77 39 62.35
77 40 66.25
77 41 93.07
77 42 92.9
77 43 66.36
77 44 18.4
77 45 13.18
77 46 37.62
77 47 89.06
77 48 57.03
77 49 18.12
77 50 78.06
77 51 51.95
77 52 81.56
77 53 36.86
77 54 62.75
77 55 21.24
77 56 9.77
77 57 50.2
77 58 29.96
77 59 96.41
77 60 68.27
77 61 18.4
77 62 0.66
77 63 42.28
77 64 54.87
77 65 44.62
77 66 43.49
77 67 72.56
77 68 24.05
77 69 2.88
77 70 22.25
77 71 64.31
77 72 37.48
77 73 12.08
77 74 55.35
77 75 34.28
77 76 37.32
78 0 37.08
78 1 90.62
78 2 25.31
78 3 10.04
78 4 59.43
78 5 89.04
78 6 76.6
78 7 76.49
78 8 16.4
78 9 42.71
78 10 78.04
78 11 0.86
78 12 84.94
78 13 68.64
78 14 65.36
78 15 43.86
78 16 43.52
78 17 15.31
78 18 4.4
78 19 60.31
78 20 13.09
78 21 74.6
78 22 13.85
78 23 43.57
78 24 95.0
78 25 62.79
78 26 12.42
78 27 77.31
78 28 44.63
78 29 23.58
78 30 87.86
78 31 90.37
78 32 77.17
78 33 71.24
78 34 49.1
78 35 80.28
78 36 67.73
78 37 10.36
78 38 92.6
78 39 18.92
78 40 21.29
78 41 72.55
78 42 42.8
78 43 45.63
78 44 79.41
78 45 99.47
78 46 44.76
78 47 21.0
78 48 9.03
78 49 46.02
78 50 95.85
78 51 86.04
78 52 84.68
78 53 8.34
78 54 35.43
78 55 28.87
78 56 74.09
78 57 30.54
78 58 70.49
78 59 74.34
78 60 6.78
78 61 82.3
78 62 48.26
78 63 89.43
78 64 2.55
78 65 66.22
78 66 70.68
78 67 16.86
78 68 5.66
78 69 23.54
78 70 78.41
78 71 67.97
78 72 70.81
78 73 9.12
78 74 81.66
78 75 87.96
78 76 14.07
78 77 80.71
79 0 69.89
79 1 16.9
79 2 99.52
79 3 76.6
79 4 32.68
79 5 71.51
79 6 24.05
79 7 8.12
79 8 66.93
79 9 9.57
79 10 19.07
79 11 23.85
79 12 51.68
79 13 8.52
79 14 42.8
79 15 16.15
79 16 48.41
79 17 26.15
79 18 39.17
79 19 71.14
79 20 79.71
79 21 75.15
79 22 76.64
79 23 51.36
79 24 14.83
79 25 30.34
79 26 22.51
79 27 9.72
79 28 98.55
79 29 61.96
79 30 8.45
79 31 30.55
79 32 7.82
79 33 77.55
79 34 57.25
79 35 0.97
79 36 80.23
79 37 41.87
79 38 21.99
79 39 61.96
79 40 39.6
79 41 71.28
79 42 26.21
79 43 19.04
79 44 65.18
79 45 29.85
79 46 81.14
79 47 44.15
79 48 78.81
79 49 3.14
79 50 43.41
79 51 67.1
79 52 40.87
79 53 40.73
79 54 66.92
79 55 60.0
79 56 57.02
79 57 58.24
79 58 59.48
79 59 99.35
79 60 95.43
79 61 47.25
79 62 33.55
79 63 17.78
79 64 52.29
79 65 6.63
79 66 5.52
79 67 1.76
79 68 52.73
79 69 92.69
79 70 39.77
79 71 21.6
79 72 24.85
79 73 60.27
79 74 35.18
79 75 77.91
79 76 63.84
79 77 37.0
79 78 20.03
80 0 52.66
80 1 54.77
80 2 40.53
80 3 70.33
80 4 75.13
80 5 88.62
80 6 13.27
80 7 71.99
80 8 61.77
80 9 74.47
80 10 78.87
80 11 96.46
80 12 79.77
80 13 21.54
80 14 53.21
80 15 48.02
80 16 90.17
80 17 26.93
80 18 64.75
80 19 7.39
80 20 64.86
80 21 20.33
80 22 2.8
80 23 46.87
80 24 54.88
80 25 99.38
80 26 49.51
80 27 61.42
80 28 39.76
80 29 82.27
80 30 69.45
80 31 93.14
80 32 42.27
80 33 61.65
80 34 87.79
80 35 41.69
80 36 40.78
80 37 46.86
80 38 74.5
80 39 36.22
80 40 45.58
80 41 0.18
80 42 41.48
80 43 76.46
80 44 4.77
80 45 50.06
80 46 35.69
80 47 10.17
80 48 42.85
80 49 59.39
80 50 19.65
80 51 12.65
80 52 72.21
80 53 6.42
80 54 12.29
80 55 76.33
80 56 39.4
80 57 78.58
80 58 24.36
80 59 48.11
80 60 2.56
80 61 71.91
80 62 11.51
80 63 71.53
80 64 3.38
80 65 34.43
80 66 89.54
80 67 63.57
80 68 13.55
80 69 72.6
80 70 34.25
80 71 3.52
80 72 17.64
80 73 58.63
80 74 43.82
80 75 5.71
80 76 95.41
80 77 64.42
80 78 53.08
80 79 4.21
81 0 86.1
81 1 2.14
81 2 59.87
81 3 27.78
81 4 26.6
81 5 70.83
81 6 42.31
81 7 68.87
81 8 74.1
81 9 44.79
81 10 97.55
81 11 20.56
81 12 87.31
81 13 59.5
81 14 43.68
81 15 1.87
81 16 88.88
81 17 80.72
81 18 20.75
81 19 11.0
81 20 14.67
81 21 26.83
81 22 38.16
81 23 9.07
81 24 39.87
81 25 90.81
81 26 92.3
81 27 46.34
81 28 50.72
81 29 6.71
81 30 32.3
81 31 1.41
81 32 13.11
81 33 74.71
81 34 94.87
81 35 6.22
81 36 91.0
81 37 70.61
81 38 33.26
81 39 40.53
81 40 90.53
81 41 41.48
81 42 71.12
81 43 55.52
81 44 13.38
81 45 56.0
81 46 80.54
81 47 34.77
81 48 12.51
81 49 22.93
81 50 30.61
81 51 64.13
81 52 65.19
81 53 31.74
81 54 37.43
81 55 61.04
81 56 29.28
81 57 41.51
81 58 50.55
81 59 62.75
81 60 63.0
81 61 39.37
81 62 87.27
81 63 66.66
81 64 12.08
81 65 81.52
81 66 72.5
81 67 49.18
81 68 61.66
81 69 7.93
81 70 48.08
81 71 7.13
81 72 79.74
81 73 9.9
81 74 5.89
81 75 24.92
81 76 87.57
81 77 9.56
81 78 21.18
81 79 4.21
81 80 23.81
82 0 53.25
82 1 15.74
82 2 38.12
82 3 75.42
82 4 35.27
82 5 70.96
82 6 14.6
82 7 29.02
82 8 52.89
82 9 44.18
82 10 47.66
82 11 86.36
82 12 92.65
82 13 47.41
82 14 19.69
82 15 37.53
82 16 29.47
82 17 39.54
82 18 76.52
82 19 78.1
82 20 56.37
82 21 16.39
82 22 38.35
82 23 89.8
82 24 51.16
82 25 97.51
82 26 72.91
82 27 54.89
82 28 8.58
82 29 66.23
82 30 74.87
82 31 6.74
82 32 34.81
82 33 68.4
82 34 82.21
82 35 55.54
82 36 70.07
82 37 88.26
82 38 22.74
82 39 50.32
82 40 76.73
82 41 84.1
82 42 69.77
82 43 60.13
82 44 93.87
82 45 58.85
82 46 86.29
82 47 84.25
82 48 78.57
82 49 94.29
82 50 61.01
82 51 69.04
82 52 79.89
82 53 8.15
82 54 53.71
82 55 91.85
82 56 72.32
82 57 34.38
82 58 86.53
82 59 60.02
82 60 30.65
82 61 4.3
82 62 9.5
82 63 13.5
82 64 39.05
82 65 55.92
82 66 2.51
82 67 61.74
82 68 27.28
82 69 5.23
82 70 59.19
82 71 91.56
82 72 16.63
82 73 60.21
82 74 52.27
82 75 56.9
82 76 28.96
82 77 88.27
82 78 19.38
82 79 79.32
82 80 81.51
82 81 33.31
83 0 73.55
83 1 85.35
83 2 49.17
83 3 17.78
83 4 25.4
83 5 43.79
83 6 39.47
83 7 8.18
83 8 53.42
83 9 47.23
83 10 41.03
83 11 20.46
83 12 2.68
83 13 14.56
83 14 67.99
83 15 40.28
83 16 56.7
83 17 27.65
83 18 83.03
83 19 2.37
83 20 2.43
83 21 37.37
83 22 69.28
83 23 18.96
83 24 15.58
83 25 14.3
83 26 59.39
83 27 16.91
83 28 21.51
83 29 30.89
83 30 71.27
83 31 16.82
83 32 56.02
83 33 78.81
83 34 3.97
83 35 68.91
83 36 88.1
83 37 67.6
83 38 88.97
83 39 75.95
83 40 60.68
83 41 46.9
83 42 17.06
83 43 10.48
83 44 72.86
83 45 6.5
83 46 74.96
83 47 62.48
83 48 60.34
83 49 71.19
83 50 8.32
83 51 98.28
83 52 13.26
83 53 15.56
83 54 71.29
83 55 62.9
83 56 25.06
83 57 96.2
83 58 34.94
83 59 21.4
83 60 20.48
83 61 32.8
83 62 98.31
83 63 90.67
83 64 9.93
83 65 91.05
83 66 67.1
83 67 89.39
83 68 71.42
83 69 6.29
83 70 68.23
83 71 46.77
83 72 87.84
83 73 75.63
83 74 63.52
83 75 83.11
83 76 31.0
83 77 96.46
83 78 29.78
83 79 2.91
83 80 36.74
83 81 57.73
83 82 86.82
84 0 47.63
84 1 79.72
84 2 38.88
84 3 53.89
84 4 96.53
84 5 29.09
84 6 13.06
84 7 8.23
84 8 68.46
84 9 45.55
84 10 82.79
84 11 20.67
84 12 22.68
84 13 69.81
84 14 35.33
84 15 94.73
84 16 89.84
84 17 54.84
84 18 96.2
84 19 55.09
84 20 10.92
84 21 72.32
84 22 31.59
84 23 70.84
84 24 66.73
84 25 39.06
84 26 39.71
84 27 84.69
84 28 14.2
84 29 62.07
84 30 98.99
84 31 31.04
84 32 30.31
84 33 15.55
84 34 76.22
84 35 40.57
84 36 53.38
84 37 13.63
84 38 31.7
84 39 98.95
84 40 46.72
84 41 14.7
84 42 10.61
84 43 54.06
84 44 28.49
84 45 17.15
84 46 40.02
84 47 53.88
84 48 99.99
84 49 49.84
84 50 60.05
84 51 76.66
84 52 85.82
84 53 26.65
84 54 67.81
84 55 22.26
84 56 91.75
84 57 38.0
84 58 20.09
84 59 75.67
84 60 24.35
84 61 9.95
84 62 34.44
84 63 48.74
84 64 22.94
84 65 42.15
84 66 10.12
84 67 73.32
84 68 64.83
84 69 22.32
84 70 12.98
84 71 3.21
84 72 22.82
84 73 93.78
84 74 34.0
84 75 45.07
84 76 67.14
84 77 91.78
84 78 82.9
84 79 52.33
84 80 53.94
84 81 83.7
84 82 34.6
84 83 93.85
85 0 62.33
85 1 42.41
85 2 65.16
85 3 55.05
85 4 96.23
85 5 72.11
85 6 71.23
85 7 78.45
85 8 18.73
85 9 96.16
85 10 42.26
85 11 57.25
85 12 66.79
85 13 62.28
85 14 40.64
85 15 11.01
85 16 0.39
85 17 17.05
85 18 9.72
85 19 49.32
85 20 16.43
85 21 27.55
85 22 4.17
85 23 5.29
85 24 15.9
85 25 88.93
85 26 40.06
85 27 92.33
85 28 10.37
85 29 61.0
85 30 90.83
85 31 85.16
85 32 13.03
85 33 62.52
85 34 43.65
85 35 92.75
85 36 74.92
85 37 69.38
85 38 29.2
85 39 91.68
85 40 91.97
85 41 3.51
85 42 68.86
85 43 90.82
85 44 17.79
85 45 60.88
85 46 77.73
85 47 14.57
85 48 3.89
85 49 14.82
85 50 83.44
85 51 28.29
85 52 80.73
85 53 72.01
85 54 34.11
85 55 81.12
85 56 9.98
85 57 2.48
85 58 46.0
85 59 6.04
85 60 59.16
85 61 27.56
85 62 22.95
85 63 4.84
85 64 3.15
85 65 68.31
85 66 87.75
85 67 46.79
85 68 72.42
85 69 50.3
85 70 24.36
85 71 89.73
85 72 95.33
85 73 50.61
85 74 71.03
85 75 74.97
85 76 69.18
85 77 13.12
85 78 75.9
85 79 96.25
85 80 59.14
85 81 33.74
85 82 69.71
85 83 42.22
85 84 85.72
86 0 51.58
86 1 62.72
86 2 64.72
86 3 99.66
86 4 55.38
86 5 50.46
86 6 40.06
86 7 35.19
86 8 92.55
86 9 92.97
86 10 79.84
86 11 23.41
86 12 19.89
86 13 75.27
86 14 44.33
86 15 47.45
86 16 90.41
86 17 76.68
86 18 71.63
86 19 53.78
86 20 2.43
86 21 58.74
86 22 77.81
86 23 16.73
86 24 50.48
86 25 68.19
86 26 21.92
86 27 62.2
86 28 20.58
86 29 29.85
86 30 1.85
86 31 6.84
86 32 88.63
86 33 6.24
86 34 64.73
86 35 68.91
86 36 25.15
86 37 66.5
86 38 80.73
86 39 18.28
86 40 59.17
86 41 49.67
86 42 26.13
86 43 34.91
86 44 89.97
86 45 41.27
86 46 65.75
86 47 43.79
86 48 3.29
86 49 43.21
86 50 69.36
86 51 2.53
86 52 3.29
86 53 46.35
86 54 51.18
86 55 91.31
86 56 62.38
86 57 55.26
86 58 65.05
86 59 4.7
86 60 92.58
86 61 4.81
86 62 21.93
86 63 80.29
86 64 28.13
86 65 89.41
86 66 99.14
86 67 12.09
86 68 39.27
86 69 42.92
86 70 66.84
86 71 6.57
86 72 74.92
86 73 2.57
86 74 3.06
86 75 0.76
86 76 47.1
86 77 37.15
86 78 22.4
86 79 40.43
86 80 66.08
86 81 14.14
86 82 5.71
86 83 69.58
86 84 43.1
86 85 85.6
87 0 29.28
87 1 32.05
87 2 30.19
87 3 12.55
87 4 8.39
87 5 39.65
87 6 19.18
87 7 23.57
87 8 68.19
87 9 78.69
87 10 90.12
87 11 42.43
87 12 72.43
87 13 54.61
87 14 5.07
87 15 45.18
87 16 76.03
87 17 43.06
87 18 7.6
87 19 63.86
87 20 2.07
87 21 65.72
87 22 86.3
87 23 90.84
87 24 26.03
87 25 19.62
87 26 9.43
87 27 46.15
87 28 35.26
87 29 21.26
87 30 57.67
87 31 31.28
87 32 11.98
87 33 4.99
87 34 37.61
87 35 5.07
87 36 81.61
87 37 48.05
87 38 49.62
87 39 64.23
87 40 37.88
87 41 34.0
87 42 10.23
87 43 48.02
87 44 40.43
87 45 49.79
87 46 49.84
87 47 89.58
87 48 48.3
87 49 81.92
87 50 80.59
87 51 9.14
87 52 74.66
87 53 55.62
87 54 30.06
87 55 26.39
87 56 6.06
87 57 53.48
87 58 11.25
87 59 62.03
87 60 49.93
87 61 45.81
87 62 0.35
87 63 2.47
87 64 38.98
87 65 19.41
87 66 66.32
87 67 20.5
87 68 23.84
87 69 93.05
87 70 33.36
87 71 58.64
87 72 15.62
87 73 74.51
87 74 2.2
87 75 98.84
87 76 65.69
87 77 36.84
87 78 63.74
87 79 57.44
87 80 70.12
87 81 93.8
87 82 71.14
87 83 62.72
87 84 67.87
87 85 7.16
87 86 32.86
88 0 7.46
88 1 96.23
88 2 94.85
88 3 6.77
88 4 53.76
88 5 14.75
88 6 26.33
88 7 11.75
88 8 84.75
88 9 63.84
88 10 3.66
88 11 47.73
88 12 83.78
88 13 33.52
88 14 16.14
88 15 5.02
88 16 87.42
88 17 81.75
88 18 3.11
88 19 67.98
88 20 60.27
88 21 62.9
88 22 96.04
88 23 39.11
88 24 71.31
88 25 52.87
88 26 26.79
88 27 86.14
88 28 22.05
88 29 56.42
88 30 93.6
88 31 46.51
88 32 2.69
88 33 97.81
88 34 82.34
88 35 73.27
88 36 57.43
88 37 21.72
88 38 48.33
88 39 22.78
88 40 85.33
88 41 20.24
88 42 19.21
88 43 77.3
88 44 24.54
88 45 60.5
88 46 64.55
88 47 53.33
88 48 37.61
88 49 2.27
88 50 28.15
88 51 27.5
88 52 19.1
88 53 57.53
88 54 49.02
88 55 90.73
88 56 36.02
88 57 74.83
88 58 24.82
88 59 13.96
88 60 3.22
88 61 86.44
88 62 2.84
88 63 90.9
88 64 80.43
88 65 80.29
88 66 30.31
88 67 69.41
88 68 76.96
88 69 40.46
88 70 87.82
88 71 30.18
88 72 48.91
88 73 54.5
88 74 24.99
88 75 43.78
88 76 26.84
88 77 0.29
88 78 74.43
88 79 63.5
88 80 96.15
88 81 17.56
88 82 71.72
88 83 60.01
88 84 43.16
88 85 27.98
88 86 64.67
88 87 72.19
89 0 1.26
89 1 77.64
89 2 69.89
89 3 27.07
89 4 4.14
89 5 68.32
89 6 65.86
89 7 24.15
89 8 71.94
89 9 8.81
89 10 54.24
89 11 9.64
89 12 86.6
89 13 2.9
89 14 61.79
89 15 87.65
89 16 92.79
89 17 71.75
89 18 45.06
89 19 14.12
89 20 27.22
89 21 10.44
89 22 82.51
89 23 38.46
89 24 50.21
89 25 92.61
89 26 85.91
89 27 57.66
89 28 67.5
89 29 77.49
89 30 10.74
89 31 30.25
89 32 20.53
89 33 92.49
89 34 4.4
89 35 16.36
89 36 29.49
89 37 6.85
89 38 66.69
89 39 46.37
89 40 7.62
89 41 94.57
89 42 19.36
89 43 18.51
89 44 13.26
89 45 25.55
89 46 38.51
89 47 88.08
89 48 65.71
89 49 72.75
89 50 84.01
89 51 51.45
89 52 75.21
89 53 50.08
89 54 46.25
89 55 58.34
89 56 26.45
89 57 29.16
89 58 61.23
89 59 50.0
89 60 31.12
89 61 84.43
89 62 69.22
89 63 18.45
89 64 24.26
89 65 42.37
89 66 3.39
89 67 60.29
89 68 65.87
89 69 61.55
89 70 61.61
89 71 48.59
89 72 37.67
89 73 15.65
89 74 39.89
89 75 60.86
89 76 35.16
89 77 83.96
89 78 74.53
89 79 30.72
89 80 85.79
89 81 18.76
89 82 91.84
89 83 5.41
89 84 54.57
89 85 72.43
89 86 28.45
89 87 69.25
89 88 45.08
90 0 17.35
90 1 30.53
90 2 48.17
90 3 91.59
90 4 51.08
90 5 6.77
90 6 68.6
90 7 70.81
90 8 59.85
90 9 25.8
90 10 60.44
90 11 46.65
90 12 96.83
90 13 55.33
90 14 39.16
90 15 87.45
90 16 80.27
90 17 31.62
90 18 44.22
90 19 9.54
90 20 93.66
90 21 4.38
90 22 28.91
90 23 58.42
90 24 91.37
90 25 77.85
90 26 22.36
90 27 12.79
90 28 55.38
90 29 31.62
90 30 4.67
90 31 81.71
90 32 1.6
90 33 23.62
90 34 6.74
90 35 40.05
90 36 84.98
90 37 69.43
90 38 95.2
90 39 87.37
90 40 60.46
90 41 71.78
90 42 33.85
90 43 78.46
90 44 68.36
90 45 84.5
90 46 82.26
90 47 25.89
90 48 42.67
90 49 5.55
90 50 2.58
90 51 31.45
90 52 60.81
90 53 32.02
90 54 16.9
90 55 3.36
90 56 40.83
90 57 97.18
90 58 76.51
90 59 12.12
90 60 3.1
90 61 88.17
90 62 16.29
90 63 37.12
90 64 36.92
90 65 25.83
90 66 42.89
90 67 47.71
90 68 89.77
90 69 72.53
90 70 27.06
90 71 68.36
90 72 22.95
90 73 78.01
90 74 54.56
90 75 41.73
90 76 78.31
90 77 7.35
90 78 86.25
90 79 88.25
90 80 1.31
90 81 9.0
90 82 87.75
90 83 11.89
90 84 34.07
90 85 85.3
90 86 80.34
90 87 2.4
90 88 58.63
90 89 40.61
91 0 33.91
91 1 22.54
91 2 90.93
91 3 10.12
91 4 55.16
91 5 34.33
91 6 93.45
91 7 98.17
91 8 35.23
91 9 33.05
91 10 6.37
91 11 60.4
91 12 62.24
91 13 67.18
91 14 81.63
91 15 65.68
91 16 92.69
91 17 98.35
91 18 74.93
91 19 21.17
91 20 26.95
91 21 71.51
91 22 8.19
91 23 18.12
91 24 15.69
91 25 93.69
91 26 37.52
91 27 67.53
91 28 34.72
91 29 88.4
91 30 3.3
91 31 60.77
91 32 60.11
91 33 37.58
91 34 85.83
91 35 70.43
91 36 82.69
91 37 95.76
91 38 93.16
91 39 23.09
91 40 91.53
91 41 23.96
91 42 15.55
91 43 45.27
91 44 90.28
91 45 28.69
91 46 87.73
91 47 25.56
91 48 0.91
91 49 20.0
91 50 34.71
91 51 96.08
91 52 61.08
91 53 87.11
91 54 90.13
91 55 76.41
91 56 90.07
91 57 48.38
91 58 26.0
91 59 73.23
91 60 68.14
91 61 18.99
91 62 82.4
91 63 39.0
91 64 1.7
91 65 25.02
91 66 19.9
91 67 75.5
91 68 59.68
91 69 54.59
91 70 56.41
91 71 96.15
91 72 41.92
91 73 52.75
91 74 23.85
91 75 6.72
91 76 26.16
91 77 87.16
91 78 42.69
91 79 7.76
91 80 24.81
91 81 16.63
91 82 27.69
91 83 58.24
91 84 45.93
91 85 1.57
91 86 52.34
91 87 11.9
91 88 17.97
91 89 78.7
91 90 67.86
92 0 88.55
92 1 49.64
92 2 32.43
92 3 14.97
92 4 51.73
92 5 56.75
92 6 95.88
92 7 19.57
92 8 29.23
92 9 55.91
92 10 36.29
92 11 70.06
92 12 59.05
92 13 53.47
92 14 7.56
92 15 49.72
92 16 25.78
92 17 92.22
92 18 77.03
92 19 0.61
92 20 15.76
92 21 28.13
92 22 69.79
92 23 93.67
92 24 92.41
92 25 26.27
92 26 73.7
92 27 47.19
92 28 95.15
92 29 88.61
92 30 82.78
92 31 10.45
92 32 27.95
92 33 37.71
92 34 97.14
92 35 77.68
92 36 4.37
92 37 85.53
92 38 5.89
92 39 24.28
92 40 1.54
92 41 34.54
92 42 78.51
92 43 81.88
92 44 48.44
92 45 1.91
92 46 55.86
92 47 68.4
92 48 6.74
92 49 1.65
92 50 2.32
92 51 9.18
92 52 67.37
92 53 34.0
92 54 36.64
92 55 2.85
92 56 33.38
92 57 55.79
92 58 61.98
92 59 11.93
92 60 31.68
92 61 86.31
92 62 94.89
92 63 18.51
92 64 27.08
92 65 27.16
92 66 29.4
92 67 24.98
92 68 28.07
92 69 92.57
92 70 57.06
92 71 65.29
92 72 55.83
92 73 77.3
92 74 97.5
92 75 64.42
92 76 42.47
92 77 54.56
92 78 24.46
92 79 71.18
92 80 58.03
92 81 16.21
92 82 41.65
92 83 38.83
92 84 76.43
92 85 35.21
92 86 67.77
92 87 45.17
92 88 31.27
92 89 64.58
92 90 18.82
92 91 88.74
93 0 40.03
93 1 90.07
93 2 61.69
93 3 22.72
93 4 27.93
93 5 6.46
93 6 88.97
93 7 88.07
93 8 15.7
93 9 79.17
93 10 54.71
93 11 51.34
93 12 43.53
93 13 57.55
93 14 62.32
93 15 87.8
93 16 72.66
93 17 63.28
93 18 62.82
93 19 74.52
93 20 51.61
93 21 64.69
93 22 27.33
93 23 12.49
93 24 71.06
93 25 66.41
93 26 43.71
93 27 77.28
93 28 89.6
93 29 74.95
93 30 34.61
93 31 89.94
93 32 98.19
93 33 19.16
93 34 44.16
93 35 92.98
93 36 70.87
93 37 3.58
93 38 39.49
93 39 57.18
93 40 45.9
93 41 11.45
93 42 46.93
93 43 45.4
93 44 7.81
93 45 75.34
93 46 4.28
93 47 85.24
93 48 77.59
93 49 47.58
93 50 60.55
93 51 30.04
93 52 0.77
93 53 42.32
93 54 49.98
93 55 99.77
93 56 9.95
93 57 8.02
93 58 39.23
93 59 54.11
93 60 7.05
93 61 99.17
93 62 65.52
93 63 25.73
93 64 72.23
93 65 25.21
93 66 59.99
93 67 58.25
93 68 69.26
93 69 60.45
93 70 81.32
93 71 74.19
93 72 96.34
93 73 89.38
93 74 43.76
93 75 70.29
93 76 26.68
93 77 35.96
93 78 93.88
93 79 2.96
93 80 88.25
93 81 99.72
93 82 83.6
93 83 53.07
93 84 86.86
93 85 64.22
93 86 71.51
93 87 51.72
93 88 46.33
93 89 77.03
93 90 7.6
93 91 93.61
93 92 78.17
94 0 70.33
94 1 23.8
94 2 81.93
94 3 81.11
94 4 52.34
94 5 76.29
94 6 54.61
94 7 99.87
94 8 65.48
94 9 42.31
94 10 37.69
94 11 0.66
94 12 91.56
94 13 22.92
94 14 45.97
94 15 80.38
94 16 4.07
94 17 69.92
94 18 10.76
94 19 64.44
94 20 65.75
94 21 20.95
94 22 68.08
94 23 24.76
94 24 86.9
94 25 97.16
94 26 23.65
94 27 83.03
94 28 67.05
94 29 49.87
94 30 79.77
94 31 84.79
94 32 16.13
94 33 36.14
94 34 36.92
94 35 3.54
94 36 85.13
94 37 83.21
94 38 2.38
94 39 61.48
94 40 81.16
94 41 44.76
94 42 62.62
94 43 72.31
94 44 36.07
94 45 56.66
94 46 76.94
94 47 20.04
94 48 37.54
94 49 33.1
94 50 77.7
94 51 87.78
94 52 1.88
94 53 68.44
94 54 75.07
94 55 83.61
94 56 42.74
94 57 12.81
94 58 14.45
94 59 88.99
94 60 60.24
94 61 96.09
94 62 30.48
94 63 17.59
94 64 25.55
94 65 19.98
94 66 98.47
94 67 96.64
94 68 12.06
94 69 13.24
94 70 92.39
94 71 91.0
94 72 16.63
94 73 85.57
94 74 5.57
94 75 1.93
94 76 79.49
94 77 83.65
94 78 62.98
94 79 55.35
94 80 86.81
94 81 98.72
94 82 74.85
94 83 46.72
94 84 72.15
94 85 10.09
94 86 0.76
94 87 92.96
94 88 87.39
94 89 29.16
94 90 7.85
94 91 28.66
94 92 73.05
94 93 41.49
95 0 72.91
95 1 47.7
95 2 88.77
95 3 69.88
95 4 60.41
95 5 90.79
95 6 86.98
95 7 3.41
95 8 44.84
95 9 38.03
95 10 41.28
95 11 89.77
95 12 48.55
95 13 10.84
95 14 66.78
95 15 84.09
95 16 8.16
95 17 39.97
95 18 25.56
95 19 32.41
95 20 85.94
95 21 52.76
95 22 48.42
95 23 28.44
95 24 89.35
95 25 75.35
95 26 34.09
95 27 89.75
95 28 53.42
95 29 80.38
95 30 54.84
95 31 30.02
95 32 41.51
95 33 66.17
95 34 53.77
95 35 28.89
95 36 43.96
95 37 6.63
95 38 9.31
95 39 80.74
95 40 70.48
95 41 35.28
95 42 9.84
95 43 56.65
95 44 48.27
95 45 2.52
95 46 67.17
95 47 46.57
95 48 76.38
95 49 48.24
95 50 81.48
95 51 16.83
95 52 78.16
95 53 81.86
95 54 55.77
95 55 77.13
95 56 5.22
95 57 43.36
95 58 91.17
95 59 51.35
95 60 14.96
95 61 95.24
95 62 29.22
95 63 0.65
95 64 54.7
95 65 6.37
95 66 44.11
95 67 8.55
95 68 58.34
95 69 79.18
95 70 27.43
95 71 0.04
95 72 86.62
95 73 7.12
95 74 76.87
95 75 20.78
95 76 41.18
95 77 49.42
95 78 43.36
95 79 39.82
95 80 33.75
95 81 68.81
95 82 26.32
95 83 31.58
95 84 17.29
95 85 88.08
95 86 58.18
95 87 35.93
95 88 93.59
95 89 36.53
95 90 20.28
95 91 36.31
95 92 91.35
95 93 87.74
95 94 1.23
96 0 73.79
96 1 99.02
96 2 62.88
96 3 11.03
96 4 85.05
96 5 7.88
96 6 68.83
96 7 86.22
96 8 25.81
96 9 20.59
96 10 1.73
96 11 39.4
96 12 35.82
96 13 69.5
96 14 30.84
96 15 78.36
96 16 56.87
96 17 75.22
96 18 63.22
96 19 35.82
96 20 21.05
96 21 76.02
96 22 94.14
96 23 16.73
96 24 8.13
96 25 72.76
96 26 49.88
96 27 84.38
96 28 34.04
96 29 90.1
96 30 40.11
96 31 37.65
96 32 90.14
96 33 11.51
96 34 52.04
96 35 46.27
96 36 8.77
96 37 15.59
96 38 16.94
96 39 79.88
96 40 56.16
96 41 32.63
96 42 37.84
96 43 49.09
96 44 78.5
96 45 36.34
96 46 37.36
96 47 92.05
96 48 42.29
96 49 74.48
96 50 23.23
96 51 49.15
96 52 27.42
96 53 93.01
96 54 38.99
96 55 75.48
96 56 14.93
96 57 78.84
96 58 11.56
96 59 32.05
96 60 22.99
96 61 31.51
96 62 59.46
96 63 91.55
96 64 64.95
96 65 73.9
96 66 54.92
96 67 58.27
96 68 81.59
96 69 62.8
96 70 21.39
96 71 12.82
96 72 96.87
96 73 34.88
96 74 77.22
96 75 15.42
96 76 47.43
96 77 51.17
96 78 41.81
96 79 58.37
96 80 15.08
96 81 87.25
96 82 30.14
96 83 21.35
96 84 33.54
96 85 44.55
96 86 76.52
96 87 25.63
96 88 17.93
96 89 60.7
96 90 10.81
96 91 24.64
96 92 81.4
96 93 17.92
96 94 29.1
96 95 37.36
97 0 95.58
97 1 26.1
97 2 5.01
97 3 84.39
97 4 58.91
97 5 32.14
97 6 42.81
97 7 92.39
97 8 26.57
97 9 47.18
97 10 54.8
97 11 18.14
97 12 28.07
97 13 66.47
97 14 21.59
97 15 42.98
97 16 85.05
97 17 2.38
97 18 15.91
97 19 40.48
97 20 33.57
97 21 53.93
97 22 69.34
97 23 82.4
97 24 10.01
97 25 87.59
97 26 0.58
97 27 68.0
97 28 58.95
97 29 91.23
97 30 12.34
97 31 64.48
97 32 97.56
97 33 64.59
97 34 76.13
97 35 15.66
97 36 77.05
97 37 56.89
97 38 92.71
97 39 1.11
97 40 97.41
97 41 29.52
97 42 47.28
97 43 70.54
97 44 88.17
97 45 12.57
97 46 68.85
97 47 16.92
97 48 33.68
97 49 87.23
97 50 48.33
97 51 0.04
97 52 70.66
97 53 37.22
97 54 52.21
97 55 59.62
97 56 88.56
97 57 7.06
97 58 57.1
97 59 44.38
97 60 91.21
97 61 30.96
97 62 3.76
97 63 16.76
97 64 13.3
97 65 0.71
97 66 86.33
97 67 48.37
97 68 88.34
97 69 15.8
97 70 98.29
97 71 33.86
97 72 26.04
97 73 12.22
97 74 2.53
97 75 46.71
97 76 53.35
97 77 57.17
97 78 54.57
97 79 93.02
97 80 81.33
97 81 7.25
97 82 12.55
97 83 64.31
97 84 99.35
97 85 98.3
97 86 0.7
97 87 86.01
97 88 46.73
97 89 82.94
97 90 72.71
97 91 94.98
97 92 88.05
97 93 73.26
97 94 33.72
97 95 13.01
97 96 94.25
98 0 60.62
98 1 77.91
98 2 87.64
98 3 58.66
98 4 90.32
98 5 3.02
98 6 84.73
98 7 61.71
98 8 19.42
98 9 41.73
98 10 82.55
98 11 57.14
98 12 88.7
98 13 55.56
98 14 42.26
98 15 15.07
98 16 24.01
98 17 58.59
98 18 31.99
98 19 20.79
98 20 87.81
98 21 81.63
98 22 1.33
98 23 47.52
98 24 28.15
98 25 23.31
98 26 84.78
98 27 74.5
98 28 43.46
98 29 51.73
98 30 65.45
98 31 65.46
98 32 91.95
98 33 51.38
98 34 12.42
98 35 66.45
98 36 95.46
98 37 25.53
98 38 45.43
98 39 2.78
98 40 81.53
98 41 35.16
98 42 62.42
98 43 89.6
98 44 29.52
98 45 92.38
98 46 54.51
98 47 61.51
98 48 9.1
98 49 18.38
98 50 84.22
98 51 13.18
98 52 83.82
98 53 25.68
98 54 2.66
98 55 27.37
98 56 84.26
98 57 76.02
98 58 93.99
98 59 51.86
98 60 72.74
98 61 0.38
98 62 80.93
98 63 41.62
98 64 11.79
98 65 21.0
98 66 3.17
98 67 3.18
98 68 43.98
98 69 94.82
98 70 41.66
98 71 75.95
98 72 29.77
98 73 37.9
98 74 88.8
98 75 10.4
98 76 27.32
98 77 33.15
98 78 66.8
98 79 5.85
98 80 44.59
98 81 77.23
98 82 65.85
98 83 43.34
98 84 10.72
98 85 47.68
98 86 11.1
98 87 66.5
98 88 93.84
98 89 56.5
98 90 85.4
98 91 26.33
98 92 74.26
98 93 79.64
98 94 89.75
98 95 83.39
98 96 11.23
98 97 26.82
99 0 44.5
99 1 96.4
99 2 17.05
99 3 63.43
99 4 22.27
99 5 47.22
99 6 56.27
99 7 60.87
99 8 11.62
99 9 81.38
99 10 95.05
99 11 36.38
99 12 1.4
99 13 82.75
99 14 22.13
99 15 54.23
99 16 82.45
99 17 49.21
99 18 54.17
99 19 7.24
99 20 91.44
99 21 8.83
99 22 40.14
99 23 91.13
99 24 16.6
99 25 38.98
99 26 52.43
99 27 35.32
99 28 90.39
99 29 37.23
99 30 17.21
99 31 46.82
99 32 89.98
99 33 19.0
99 34 74.71
99 35 38.18
99 36 15.3
99 37 37.6
99 38 40.86
99 39 32.44
99 40 49.32
99 41 73.14
99 42 6.16
99 43 62.7
99 44 22.6
99 45 88.78
99 46 80.36
99 47 38.94
99 48 71.03
99 49 74.56
99 50 93.71
99 51 34.88
99 52 0.2
99 53 87.88
99 54 50.55
99 55 30.85
99 56 1.41
99 57 43.73
99 58 89.56
99 59 39.51
99 60 92.96
99 61 79.85
99 62 29.22
99 63 55.96
99 64 32.02
99 65 17.41
99 66 72.04
99 67 65.89
99 68 90.99
99 69 95.59
99 70 83.27
99 71 81.74
99 72 12.34
99 73 36.8
99 74 62.55
99 75 87.55
99 76 81.4
99 77 97.82
99 78 35.15
99 79 53.19
99 80 90.03
99 81 43.94
99 82 61.5
99 83 16.78
99 84 38.31
99 85 68.05
99 86 71.29
99 87 24.04
99 88 89.89
99 89 20.01
99 90 78.02
99 91 29.02
99 92 26.27
99 93 83.94
99 94 29.57
99 95 54.95
99 96 42.77
99 97 2.97
99 98 84.48
