100
0 1 10
1 2 10
2 3 10
2 5 40
2 9 40
3 4 10
4 5 10
5 6 10
6 7 10
7 8 10
8 9 10
0 9 40
0 10 50
0 11 50
0 12 50
0 13 50
0 14 50
0 15 50
0 16 50
0 17 50
0 18 50
1 19 1
19 20 50
19 21 50
19 22 50
19 23 50
19 24 50
19 25 50
19 26 50
19 27 50
2 28 50
2 29 50
2 30 50
2 31 50
2 32 50
2 33 50
2 34 50
2 35 50
2 36 50
3 37 50
3 38 50
3 39 50
3 40 50
3 41 50
3 42 50
3 43 50
3 44 50
3 45 50
4 46 50
4 47 50
4 48 50
4 49 50
4 50 50
4 51 50
4 52 50
4 53 50
4 54 50
5 55 60
5 56 60
5 57 60
5 58 60
5 59 60
5 60 60
5 61 60
5 62 60
5 63 60
6 64 1
64 65 60
64 66 60
64 67 60
64 68 60
64 69 60
64 70 60
64 71 60
64 72 60
7 73 60
7 74 60
7 75 60
7 76 60
7 77 60
7 78 60
7 79 60
7 80 60
7 81 60
8 82 1
82 83 60
82 84 60
82 85 60
82 86 60
82 87 60
82 88 60
82 89 60
82 90 60
9 91 70
9 92 70
9 93 70
9 94 70
9 95 70
9 96 70
9 97 70
9 98 70
9 99 70