100
0 4 83.811
0 3 14.593
1 2 3.279
1 3 97.197
1 8 36.049
1 16 32.099
1 17 29.257
2 4 18.29
2 14 96.531
2 15 13.435
2 19 88.697
2 8 97.081
2 12 71.483
2 18 11.396
3 19 77.398
3 11 55.303
3 14 4.166
3 20 97.197
4 6 3.906
4 13 12.281
4 19 28.658
5 7 30.496
5 19 66.238
5 11 78.908
6 7 3.479
6 16 73.564
7 13 26.063
7 14 93.851
8 14 85.182
9 10 91.925
9 11 71.427
9 14 54.988
10 11 28.894
10 18 58.879
11 15 77.237
12 15 36.464
12 13 0.852
13 15 99.459
13 17 20.927
16 18 91.507
17 53 29.257
17 76 13.435
18 19 55.393
20 21 44.598
20 22 36.422
20 23 20.38
20 24 28.222
20 25 44.119
20 26 13.397
20 27 12.157
20 28 49.798
20 29 12.677
21 22 47.053
21 23 45.083
21 24 79.132
21 25 34.672
21 26 5.696
21 27 95.648
21 28 60.218
21 29 70.285
22 23 16.362
22 24 49.616
22 25 10.329
22 26 72.358
22 27 38.428
22 28 82.398
22 29 81.071
23 24 47.401
23 25 75.675
23 26 25.204
23 27 92.35
23 28 9.117
23 29 6.007
24 25 86.674
24 26 29.872
24 27 37.931
24 28 10.459
24 29 30.513
25 26 13.239
25 27 49.824
25 28 36.435
25 29 59.43
26 27 83.321
26 28 47.82
26 29 21.32
27 28 48.521
27 29 46.567
28 29 27.461
29 30 87.842
30 31 34.994
31 32 91.989
32 33 89.594
33 34 84.94
34 35 9.359
35 36 79.841
36 37 83.228
37 38 22.432
38 39 70.011
39 40 95.569
40 41 32.088
40 42 21.418
40 43 60.59
40 44 49.736
40 45 35.383
40 46 83.887
40 47 90.199
40 48 73.001
40 49 28.786
41 42 89.734
41 43 42.505
41 44 7.332
41 45 30.022
41 46 4.208
41 47 41.348
41 48 52.582
41 49 35.094
42 43 8.676
42 44 27.654
42 45 74.342
42 46 94.099
42 47 41.246
42 48 27.87
42 49 85.91
43 44 65.436
43 45 51.857
43 46 84.26
43 47 60.143
43 48 18.727
43 49 34.719
44 45 18.302
44 46 32.326
44 47 97.648
44 48 73.58
44 49 70.645
45 46 34.439
45 47 97.913
45 48 76.623
45 49 56.156
46 47 76.485
46 48 52.351
46 49 47.448
47 48 28.747
47 49 18.132
48 49 66.785
50 55 64.687
50 56 11.916
50 57 99.062
50 58 6.176
50 59 14.372
50 60 20.034
50 64 82.241
51 55 20.97
51 56 89.193
51 57 55.334
51 60 78.173
51 61 8.327
51 62 50.433
51 64 50.02
52 55 78.105
52 56 61.349
52 57 69.353
52 58 32.954
52 62 72.513
53 55 1.505
53 56 89.167
53 57 94.467
53 58 15.015
53 61 89.354
53 62 70.382
54 55 98.42
54 56 34.974
54 59 84.013
55 58 44.588
55 61 14.622
55 63 38.47
55 64 56.986
56 57 20.731
56 58 59.471
56 59 0.426
56 61 94.647
56 63 94.33
57 59 34.523
57 60 65.613
58 59 99.872
58 60 23.417
58 62 66.543
58 64 13.948
59 60 81.96
59 61 39.118
59 62 83.749
59 64 66.541
60 63 79.819
61 63 26.072
62 63 20.033
65 78 49.01
65 79 99.944
66 78 21.175
66 79 70.698
67 78 69.515
67 79 0.075
68 78 78.505
68 79 42.488
69 78 64.043
69 79 2.553
69 85 77.398
70 78 14.663
70 79 47.577
71 78 40.307
71 79 31.386
72 78 7.593
72 79 31.572
73 78 74.365
74 78 10.323
74 79 11.227
75 78 95.933
75 79 63.7
76 78 9.072
76 79 99.694
77 78 69.823
77 79 16.484
78 79 16.829
84 88 86.475
84 95 62.297
84 82 72.064
88 94 21.644
88 83 34.742
85 99 69.164
85 91 79.508
85 96 55.462
99 97 27.761
99 86 70.687
90 95 98.995
90 82 95.674
90 96 90.423
95 96 26.366
93 97 93.448
93 87 40.858
93 98 52.297
97 86 88.04
91 94 85.181
91 92 48.945
94 81 57.423
86 98 67.84
81 80 59.178
81 87 15.861
98 80 32.494
80 89 29.452
82 83 8.393
83 92 44.314
92 89 2.758
87 89 77.111