100
79 12 99.805
12 96 57.014
96 40 13.562
79 29 7.216
29 74 43.266
79 37 23.852
12 60 19.687
37 38 53.604
12 91 47.733
79 76 78.171
91 6 31.704
96 39 81.178
29 89 41.602
38 10 87.824
96 52 34.789
60 54 43.875
54 15 61.181
79 65 21.521
76 82 6.578
15 42 85.978
65 97 21.16
10 80 85.594
29 8 7.079
91 88 77.592
29 17 63.569
96 7 76.421
89 55 18.091
7 98 29.314
40 77 59.721
15 99 16.311
91 3 8.161
60 21 19.345
52 67 73.173
29 57 96.446
37 78 93.438
91 48 53.639
52 83 17.836
98 56 51.195
77 49 95.343
97 68 9.381
91 50 93.682
78 81 78.15
55 41 58.58
74 24 99.931
80 19 84.178
67 28 7.333
97 64 32.562
89 46 62.723
68 18 79.447
79 1 53.936
65 43 26.808
89 51 28.028
39 75 76.636
49 66 89.96
64 9 99.336
57 20 22.449
6 73 51.415
19 71 34.357
64 44 57.439
52 59 16.903
1 27 53.166
43 72 20.356
8 36 23.983
43 95 7.92
55 25 34.196
59 58 34.149
66 30 74.775
72 0 25.463
75 16 11.644
9 90 23.465
42 61 41.867
91 92 11.883
6 23 74.446
48 62 50.628
25 2 97.921
49 47 94.754
43 34 65.129
49 35 88.884
18 45 84.143
37 53 57.921
82 85 8.325
19 33 70.5
53 11 5.347
62 86 48.271
51 93 61.349
35 26 24.313
86 94 10.39
48 87 67.669
3 31 71.573
58 32 34.046
39 13 21.06
20 22 55.746
37 4 41.814
34 69 71.487
66 70 24.554
6 5 67.136
91 14 98.211
29 84 63.323
68 63 25.451
40 71 81.389
54 36 3.567
10 39 9.128
98 85 70.71
40 68 45.36
22 12 58.068
99 42 2.094
8 81 69.73
21 36 53.176
71 17 1.318
29 25 78.698
32 70 46.049
5 27 17.612
39 69 37.273
10 87 97.194
46 45 22.946
4 59 1.886
64 69 8.431
44 33 90.892
23 21 39.135
66 24 26.734
74 35 12.3
76 43 90.221
40 43 60.712
61 81 72.845
16 64 83.058
6 94 33.174
55 81 87.173
1 26 5.906
75 44 11.927
18 0 18.592
79 50 79.268
81 29 73.4
91 52 6.851
71 80 55.433
85 92 65.558
97 90 42.195
77 6 80.497
61 33 65.042
21 28 72.052
29 34 60.713
73 25 41.327
8 84 88.143
9 96 82.664
6 43 53.457
10 85 24.475
35 61 47.44
31 36 47.161
27 93 17.836
6 0 48.428
43 67 47.224
20 25 23.19
27 75 82.361
35 75 22.654
27 14 80.385
98 38 21.507
6 71 34.152
21 88 88.704
39 48 82.718
94 83 28.12
38 15 93.289
72 18 2.995
82 46 94.014
21 32 65.278
88 70 16.524
68 46 95.254
61 3 99.949
2 21 1.805
99 31 88.246
45 5 50.232
22 18 7.234
94 2 24.942
83 36 10.405
16 71 45.159
47 40 50.337
93 34 72.416
60 43 19.108
9 86 29.488
96 2 20.808
5 57 67.321
91 38 28.229
84 39 86.601
21 19 78.941
25 69 80.239
29 43 20.3
90 18 55.307
12 67 77.844
19 73 66.188
88 97 48.586
76 47 86.953
49 93 15.437
33 13 82.562
70 54 95.601
27 40 89.634
51 30 72.314
58 61 25.774
80 47 23.588
46 14 51.461
91 47 5.28
9 19 7.495
65 86 23.025
59 83 51.294
23 96 81.966
18 28 30.267
86 77 12.929
58 66 80.985
96 21 39.173
32 22 68.218
76 33 84.265
25 7 50.331
12 32 30.417
64 77 85.116
93 0 28.873
43 80 19.119
37 92 25.398
69 42 90.656
50 32 11.128
6 59 67.65
79 4 61.696
16 2 59.413
33 25 21.681
34 78 47.226
4 55 95.18
23 17 92.848
68 65 95.669
83 75 15.614
63 48 16.348
40 0 26.637
41 16 80.625
24 16 56.546
24 5 44.875
63 83 38.124
7 9 55.024
76 90 68.01
57 59 74.723
8 34 10.62
5 59 82.696
26 96 89.302
33 48 42.178
12 15 17.111
64 62 60.684
63 91 68.019
24 79 11.688
88 65 41.443
62 39 56.598
66 10 71.806
68 6 85.337
23 89 21.533
41 97 0.331
14 66 52.358
5 98 95.729
0 89 38.621
85 31 34.226
83 82 27.986
27 17 10.332
24 81 59.821
13 74 33.164
83 76 77.949
92 2 41.558
34 86 7.896
37 90 14.93
53 98 90.78
33 30 24.392
60 77 98.053
52 94 92.71
77 12 15.195
52 24 43.251
6 45 90.936
18 87 51.087
52 64 68.625
54 78 80.429
21 97 39.861
10 88 61.414
52 21 99.205
97 75 63.444
51 38 89.986
52 2 53.804
18 26 31.022
5 58 47.833
4 23 31.14
12 87 80.967
2 24 83.506
55 23 42.936
94 50 92.039
36 65 33.873
25 52 68.694
80 29 21.582
17 61 27.782
0 24 69.291
74 68 37.293
73 78 54.619
83 73 91.586
77 82 70.868
68 94 89.015
26 63 39.416
0 99 65.509
35 94 80.577
22 66 55.573
93 64 60.741
62 85 50.218
71 88 58.543
71 10 48.125
11 93 15.223
76 14 82.106
20 84 63.975
36 86 39.416
46 38 32.274
14 55 88.427
7 51 49.474
20 70 74.594
17 21 59.783
9 16 59.042
18 10 95.735
11 5 27.993
58 33 92.528
47 73 92.654
62 11 37.533
51 81 55.568
24 1 1.853
67 79 30.662
36 67 51.061
83 87 69.806
18 65 76.743
43 58 13.322
27 35 79.372
77 25 30.949
81 62 35.547
97 91 33.955
66 53 29.352
82 74 31.605
61 28 82.325
59 92 21.331
1 61 8.714
79 77 28.219
87 35 24.217
63 59 80.86
5 39 3.126
19 65 94.766
27 99 69.066
66 12 82.811
74 42 61.554
11 52 86.489
78 43 8.102
25 68 18.871
93 26 43.204
12 51 37.004
50 81 72.918
89 91 62.278
73 10 18.305
31 35 87.971
91 58 42.547
74 48 10.924
86 48 1.763
95 87 4.051
0 53 65.619
43 23 41.954
48 46 30.163
62 47 4.725
75 73 81.295
2 42 5.797
83 49 29.089
44 40 51.559
64 6 2.56
32 75 51.638
64 3 57.028
61 13 64.771
13 97 60.387
32 85 52.516
