100
0 34 2
0 35 2.1
1 34 99
1 35 1
1 36 2.1
1 37 2
2 36 99
2 37 1
2 38 2.1
2 39 2
3 38 99
3 39 1
3 40 2.1
3 41 2
4 40 99
4 41 1
4 42 2.1
4 43 2
5 42 99
5 43 1
5 44 2.1
5 45 2
6 44 99
6 45 1
6 46 2.1
6 47 2
7 46 99
7 47 1
7 48 2.1
7 49 2
8 48 99
8 49 1
8 50 2.1
8 51 2
9 50 99
9 51 1
9 52 2.1
9 53 2
10 52 99
10 53 1
10 54 2.1
10 55 2
11 54 99
11 55 1
11 56 2.1
11 57 2
12 56 99
12 57 1
12 58 2.1
12 59 2
13 58 99
13 59 1
13 60 2.1
13 61 2
14 60 99
14 61 1
14 62 2.1
14 63 2
15 62 99
15 63 1
15 64 2.1
15 65 2
16 64 99
16 65 1
16 66 2.1
16 67 2
17 66 99
17 67 1
17 68 2.1
17 69 2
18 68 99
18 69 1
18 70 2.1
18 71 2
19 70 99
19 71 1
19 72 2.1
19 73 2
20 72 99
20 73 1
20 74 2.1
20 75 2
21 74 99
21 75 1
21 76 2.1
21 77 2
22 76 99
22 77 1
22 78 2.1
22 79 2
23 78 99
23 79 1
23 80 2.1
23 81 2
24 80 99
24 81 1
24 82 2.1
24 83 2
25 82 99
25 83 1
25 84 2.1
25 85 2
26 84 99
26 85 1
26 86 2.1
26 87 2
27 86 99
27 87 1
27 88 2.1
27 89 2
28 88 99
28 89 1
28 90 2.1
28 91 2
29 90 99
29 91 1
29 92 2.1
29 93 2
30 92 99
30 93 1
30 94 2.1
30 95 2
31 94 99
31 95 1
31 96 2.1
31 97 2
32 96 99
32 97 1
32 98 2.1
32 99 2
33 98 99
33 99 1