100
0 50 21.492
0 20 8.781
0 39 90.618
0 8 12.0
0 9 30.219
0 10 13.503
0 29 93.104
0 45 28.459
1 67 36.618
1 4 74.429
1 21 59.51
1 87 25.781
1 9 63.209
1 63 24.919
2 32 77.275
2 92 4.805
2 27 6.307
2 76 20.689
3 68 9.638
3 85 42.683
3 73 36.378
3 8 6.557
3 25 37.457
3 26 37.085
3 62 40.819
4 68 92.722
4 53 94.555
4 33 70.44
4 56 62.289
4 31 58.831
5 16 38.532
5 33 83.709
5 98 87.772
5 51 68.616
5 87 65.676
6 73 88.54
6 94 26.879
6 89 1.028
7 40 13.544
7 17 2.72
7 74 98.911
7 95 79.089
7 23 43.722
8 98 24.629
8 18 66.373
8 46 52.463
8 10 26.931
8 92 19.177
8 61 43.223
8 30 97.444
8 47 49.288
9 99 19.817
9 21 72.297
9 93 81.834
9 24 92.246
9 91 78.751
9 29 30.715
9 85 2.059
9 31 12.534
10 19 0.423
10 71 69.548
10 92 46.144
10 44 25.008
10 79 17.57
11 97 66.195
11 36 42.792
11 21 64.511
11 56 76.072
11 76 8.428
11 12 27.748
11 45 7.176
11 62 85.861
11 95 98.646
12 66 10.456
12 21 74.11
12 67 33.17
12 27 57.768
12 15 96.809
13 50 83.9
13 70 29.725
13 72 35.336
13 89 3.447
13 58 68.051
13 78 78.6
14 32 0.833
14 18 68.071
14 84 16.115
14 76 93.604
14 74 10.832
14 28 6.766
14 46 64.115
15 35 49.281
15 86 94.008
15 76 21.997
15 47 16.422
15 48 71.257
15 51 77.048
15 84 46.811
15 22 56.55
15 55 88.542
15 56 84.831
15 27 79.281
15 63 72.723
16 32 52.427
16 45 60.362
16 67 97.015
16 37 50.459
17 80 0.827
17 49 42.533
17 24 87.976
17 89 87.031
17 42 78.249
17 27 14.186
17 92 10.859
17 79 39.52
18 36 30.915
19 98 28.643
19 68 33.267
19 71 59.62
19 46 9.019
19 79 45.182
19 49 13.621
19 82 42.865
19 56 46.82
19 92 13.742
19 29 69.064
19 94 12.378
19 31 60.971
20 96 42.282
20 67 68.83
20 71 79.857
20 31 93.089
20 43 62.473
20 82 65.075
20 51 55.988
20 84 59.511
20 27 59.153
20 28 35.454
20 61 85.749
20 63 67.555
21 80 2.846
21 35 40.057
21 68 47.978
21 56 76.391
21 61 72.812
21 44 67.829
22 97 1.936
22 95 89.181
22 46 63.924
23 65 42.586
23 97 56.343
23 73 74.751
23 28 93.136
23 63 24.553
24 27 96.062
25 81 8.591
25 34 62.756
25 51 64.747
25 53 14.262
25 58 18.094
25 76 84.262
25 90 87.763
25 79 40.576
26 72 52.142
26 78 16.191
27 36 16.033
28 78 29.847
28 56 14.979
28 85 28.831
28 87 41.698
28 31 38.592
29 64 40.538
29 98 77.714
29 38 13.191
29 54 38.904
29 61 32.839
29 79 46.223
30 72 12.458
30 35 52.204
30 81 58.86
30 88 65.79
30 58 62.844
30 45 75.999
31 67 0.599
31 68 32.642
31 75 57.473
31 44 98.437
31 93 53.564
31 49 46.399
31 85 28.895
31 58 7.565
31 90 49.117
31 63 18.744
32 80 0.938
32 97 66.056
32 88 16.32
32 44 6.419
33 89 56.822
33 82 99.306
33 53 43.09
34 96 31.622
34 65 1.417
34 97 63.332
34 70 56.432
34 39 65.21
34 72 29.394
34 95 0.871
34 81 73.014
35 98 71.44
35 37 44.027
35 90 67.957
35 44 10.871
36 75 3.931
36 89 56.841
37 97 20.975
37 66 12.802
37 52 86.321
37 82 62.891
37 58 46.708
37 74 41.747
37 47 55.705
38 56 25.318
38 64 69.791
38 65 36.117
39 48 20.206
39 78 81.452
39 70 40.834
39 80 44.148
39 62 0.179
40 58 29.597
40 82 8.926
41 57 69.411
41 89 24.0
41 54 83.682
41 46 96.194
41 65 69.753
42 80 73.794
42 52 12.348
42 57 23.304
42 74 31.403
42 46 93.774
42 47 20.314
43 81 53.515
43 99 50.528
43 68 30.905
43 87 53.43
43 63 8.569
44 84 91.983
44 74 28.913
44 57 11.705
44 45 73.199
44 46 61.808
45 84 15.098
45 54 78.42
45 58 25.596
45 93 81.936
45 95 14.95
46 82 67.024
46 50 59.243
46 88 52.186
46 91 24.089
46 74 74.148
47 48 71.791
47 51 13.492
47 68 79.115
47 79 70.603
47 76 67.75
47 77 37.354
48 52 87.284
48 81 94.503
49 64 3.619
49 66 70.303
49 51 55.985
49 99 27.983
49 93 86.101
50 83 60.288
50 84 42.823
50 92 47.993
51 75 74.392
51 76 95.754
51 77 55.403
51 85 40.144
51 92 1.285
51 93 14.64
52 84 16.039
52 85 30.423
52 59 71.059
52 62 75.611
52 63 85.52
53 54 73.754
53 90 6.611
53 60 95.346
53 95 23.304
54 64 78.231
54 98 22.332
54 99 1.179
54 89 5.62
54 77 27.31
54 74 24.626
54 69 60.837
55 63 67.373
56 58 43.813
57 84 23.951
57 58 80.407
57 62 71.599
57 95 71.449
58 87 46.24
58 76 60.294
58 81 88.371
58 79 44.823
58 62 48.139
61 65 56.088
62 71 95.58
62 65 5.875
63 98 84.128
63 81 47.457
63 84 94.247
63 87 81.933
64 66 1.506
64 91 82.847
64 85 16.762
64 77 67.43
66 70 47.753
66 97 58.001
66 75 5.875
67 83 55.707
67 74 48.559
68 96 92.568
68 83 12.333
68 69 57.697
69 92 57.611
69 91 28.88
69 94 15.538
70 88 71.717
70 84 99.385
70 85 72.091
70 72 34.823
70 79 44.682
71 85 89.617
71 86 90.869
71 73 15.148
71 90 57.167
75 99 8.262
75 81 97.211
75 82 7.155
76 90 35.176
77 97 39.903
77 89 67.341
77 78 55.616
78 88 31.507
80 99 99.248
81 93 55.421
81 90 42.575
82 90 30.34
84 88 41.98
87 95 33.125
90 94 80.597
91 97 65.283
91 94 39.089
92 96 39.712
93 99 27.896
98 99 13.459
