100
0 7 3.981
0 1 8.307
0 31 12.443
0 32 9.791
0 33 17.895
0 34 7.539
0 35 15.665
0 36 10.784
0 37 10.753
0 38 13.191
0 39 13.217
0 40 10.75
0 41 9.869
0 42 9.652
0 43 9.164
0 44 9.317
0 45 14.61
0 46 12.826
0 47 14.08
0 48 11.61
0 49 11.116
0 50 12.911
0 51 10.483
0 52 12.994
0 53 14.648
0 54 9.353
0 55 11.129
0 56 13.733
0 57 19.718
1 3 8.435
1 31 9.762
1 58 11.726
1 59 16.135
1 60 13.731
1 61 11.201
1 62 11.499
1 63 12.129
1 64 14.714
1 65 16.058
1 66 10.723
1 67 8.8
1 68 10.414
1 69 10.236
1 70 12.366
1 71 9.534
1 72 12.144
1 73 14.3
1 74 11.859
1 75 13.255
1 76 12.793
2 26 5.551
2 4 5.225
2 32 13.498
2 58 12.683
2 77 13.829
2 78 13.013
2 79 11.049
2 80 11.036
2 81 12.152
2 82 14.238
2 83 11.136
2 84 10.743
2 85 14.602
2 86 10.79
2 87 14.172
2 88 14.603
2 89 12.951
2 90 14.662
2 91 8.08
2 92 14.231
2 93 9.403
2 94 13.049
2 95 14.499
2 96 10.918
2 97 6.353
3 9 12.169
3 19 7.303
3 10 6.694
3 59 12.136
3 77 9.228
3 98 11.059
3 99 13.199
4 27 6.035
4 5 6.153
4 33 8.909
4 60 11.754
4 98 12.18
5 14 8.038
5 19 9.874
5 34 14.051
5 61 11.243
5 78 10.487
6 19 12.659
6 35 12.908
6 62 12.204
6 79 11.961
6 99 12.239
7 29 7.622
7 36 9.282
7 80 12.818
8 12 7.509
8 15 6.173
8 37 13.745
8 81 7.525
9 13 5.775
9 38 11.196
9 63 12.545
10 11 5.308
10 39 12.84
10 82 9.825
11 28 8.039
11 83 8.202
12 40 13.964
12 64 16.771
12 84 10.993
13 41 12.466
14 42 13.161
15 23 6.391
15 43 8.289
15 65 10.326
15 85 11.174
16 24 2.681
16 44 12.096
16 66 14.715
16 86 9.597
17 28 6.261
17 18 4.771
17 45 12.731
17 67 11.106
17 87 12.272
18 30 9.815
18 46 14.493
18 68 13.027
18 88 11.516
19 47 12.659
20 27 8.716
20 69 10.981
20 89 9.686
21 28 2.264
21 48 13.834
21 70 11.091
21 90 13.942
22 23 9.476
22 25 10.818
22 49 12.221
22 91 12.498
23 50 14.219
23 71 12.035
23 92 10.828
24 30 5.815
24 51 10.802
24 72 12.596
25 28 7.843
25 52 13.51
25 73 9.324
25 93 13.313
26 53 11.842
26 74 11.958
26 94 12.379
27 54 13.373
27 75 13.246
27 95 11.792
28 55 12.895
28 96 13.844
29 56 9.503
29 76 9.944
30 57 10.475
30 97 13.362