78
0 1 1.00
1 2 2.50
2 3 4.00
3 4 0.50
4 5 3.25
5 6 3.75
6 7 2.50
7 8 1.50
8 9 3.00
9 10 2.00
10 11 1.75
11 12 0.75
12 13 4.25
13 14 3.25
14 15 2.75
15 16 2.50
16 17 4.25
17 18 3.50
18 19 2.25
19 20 1.50
20 21 3.50
21 22 2.75
22 23 1.75
23 24 0.50
24 25 3.25
25 26 1.25
26 27 0.25
27 28 1.00
28 29 2.00
29 30 4.00
30 31 3.75
31 32 0.75
32 33 2.50
33 34 2.25
34 35 3.25
35 36 1.75
36 37 4.50
37 38 2.75
38 39 3.00
39 40 4.00
40 41 2.25
41 42 4.25
42 43 3.75
43 44 2.50
44 45 1.75
45 46 1.25
46 47 3.50
47 48 2.75
48 49 2.25
49 50 4.50
50 51 0.75
51 52 4.75
52 53 3.75
53 54 2.25
54 55 3.25
55 56 2.75
56 57 3.75
57 58 3.50
58 59 4.50
59 60 2.25
60 61 2.75
61 62 4.75
62 63 2.00
63 64 4.25
64 65 3.50
65 66 3.25
66 67 2.50
67 68 4.25
68 69 0.25
69 70 1.50
70 71 2.00
71 72 4.00
72 73 1.25
73 74 1.75
74 75 3.00
75 76 3.75
76 77 1.75
0 63 4.50
0 70 5.25
0 25 4.25
0 35 3.75
0 75 4.00
0 15 2.75
0 49 3.25
0 41 4.25
0 27 5.50
27 33 2.50
11 35 4.75
11 21 5.75
8 24 5.50
9 20 3.25
21 41 1.50
21 35 3.50
21 27 2.75
9 21 3.75
6 21 3.25
20 43 4.50
20 41 5.75
15 43 3.50
22 42 3.75
22 38 2.50
38 41 2.75
1 71 5.25
3 36 4.25
5 15 3.75
9 45 5.50
15 47 3.75
25 38 2.25
10 31 5.75
24 31 3.25
28 37 2.25
43 77 5.25
51 65 2.75
55 68 4.25
58 70 5.00
61 68 3.00
51 58 1.75
63 77 3.50
68 77 1.75
59 64 2.00
69 74 2.50
24 76 5.25
48 67 4.00
45 65 5.50
35 70 4.25
7 70 2.25
36 56 1.25
26 60 2.75
21 77 2.00
22 74 4.50
11 75 3.50
8 52 1.75
21 63 1.00
49 64 4.50
1 41 5.75
1 62 5.00
23 35 3.25
23 31 2.75
50 75 2.25
1 77 6.00
