99
0 1 5.051
0 2 5.191
0 3 4.866
0 4 5.532
0 5 3.39
0 6 6.91
0 7 3.802
0 8 6.456
0 9 5.836
0 10 6.226
0 11 4.92
0 12 4.294
0 13 2.352
0 14 7.477
0 15 4.897
0 16 4.658
0 17 4.53
0 18 4.519
0 19 6.061
0 20 3.009
0 21 4.66
0 22 5.845
0 23 4.502
0 24 5.006
0 25 4.089
0 26 2.222
0 27 4.246
0 28 5.847
0 29 3.595
0 30 4.451
0 31 6.006
0 32 4.127
0 33 2.89
0 34 2.504
1 2 3.482
1 3 6.104
1 4 6.897
1 5 5.462
1 6 3.379
1 7 5.512
1 8 4.252
1 9 5.383
1 10 4.224
1 11 6.741
1 12 5.158
1 13 5.356
1 14 7.057
1 15 7.003
1 16 4.881
1 17 5.414
1 18 5.609
1 19 6.039
1 20 5.104
1 21 5.189
1 22 5.28
1 23 4.709
1 24 4.845
1 25 3.362
1 26 4.688
1 27 4.716
1 28 3.632
1 29 4.585
1 30 5.507
1 31 3.989
1 32 4.846
1 35 3.871
1 36 1.379
2 3 5.939
2 4 4.728
2 5 2.979
2 6 5.053
2 7 3.56
2 8 3.989
2 9 5.742
2 10 4.218
2 11 4.411
2 12 4.302
2 13 5.401
2 14 7.079
2 15 6.091
2 16 5.433
2 17 4.853
2 18 3.996
2 19 5.364
2 20 5.346
2 21 4.365
2 22 6.02
2 23 4.784
2 24 3.461
2 25 4.208
2 26 4.472
2 27 5.501
2 28 4.755
2 29 3.544
2 30 5.424
2 31 3.732
2 32 5.951
2 37 2.706
2 38 2.307
3 4 5.535
3 5 6.016
3 6 3.643
3 7 4.51
3 8 5.638
3 9 5.916
3 10 5.743
3 11 4.67
3 12 2.851
3 13 2.645
3 14 5.04
3 15 3.318
3 16 4.444
3 17 5.101
3 18 4.376
3 19 5.136
3 20 5.803
3 21 6.474
3 22 5.951
3 23 5.631
3 24 3.954
3 25 6.23
3 26 4.381
3 27 5.037
3 28 4.519
3 29 5.09
3 30 3.221
3 31 4.897
3 32 4.46
3 39 1.458
3 40 2.999
4 5 3.897
4 6 5.736
4 7 4.877
4 8 4.587
4 9 6.563
4 10 4.509
4 11 6.206
4 12 3.106
4 13 3.249
4 14 3.637
4 15 5.922
4 16 5.635
4 17 3.181
4 18 4.774
4 19 4.36
4 20 5.357
4 21 7.312
4 22 5.379
4 23 6.802
4 24 6.415
4 25 5.792
4 26 4.597
4 27 3.978
4 28 2.9
4 29 3.795
4 30 5.306
4 31 5.486
4 32 5.042
4 41 3.089
4 42 1.415
5 6 5.226
5 7 4.352
5 8 3.66
5 9 4.554
5 10 4.352
5 11 5.716
5 12 7.1
5 13 7.144
5 14 3.669
5 15 5.046
5 16 5.558
5 17 3.491
5 18 5.802
5 19 4.525
5 20 3.783
5 21 4.022
5 22 4.134
5 23 6.958
5 24 6.621
5 25 5.609
5 26 4.594
5 27 4.771
5 28 4.218
5 29 3.824
5 30 5.195
5 31 6.742
5 32 5.608
5 43 1.83
5 44 0.932
6 7 4.32
6 8 6.277
6 9 7.149
6 10 5.794
6 11 4.278
6 12 6.347
6 13 2.724
6 14 5.771
6 15 5.644
6 16 3.838
6 17 6.038
6 18 6.463
6 19 4.678
6 20 5.046
6 21 3.509
6 22 4.766
6 23 4.318
6 24 3.96
6 25 5.662
6 26 4.161
6 27 3.7
6 28 3.504
6 29 5.836
6 30 5.177
6 31 4.363
6 32 3.817
6 45 3.571
6 46 4.885
7 8 5.998
7 9 4.037
7 10 5.126
7 11 5.868
7 12 5.503
7 13 6.931
7 14 5.081
7 15 4.421
7 16 3.945
7 17 4.327
7 18 4.438
7 19 4.251
7 20 4.279
7 21 4.309
7 22 4.701
7 23 4.908
7 24 5.847
7 25 4.481
7 26 5.861
7 27 4.783
7 28 5.588
7 29 5.983
7 30 3.082
7 31 6.993
7 32 4.252
7 47 3.802
7 48 2.183
8 9 4.084
8 10 3.973
8 11 5.669
8 12 6.011
8 13 4.128
8 14 5.789
8 15 5.753
8 16 4.7
8 17 3.718
8 18 4.861
8 19 3.703
8 20 6.389
8 21 5.743
8 22 4.386
8 23 5.859
8 24 3.486
8 25 5.694
8 26 4.349
8 27 3.981
8 28 6.119
8 29 5.0
8 30 5.104
8 31 6.012
8 32 6.424
8 49 4.493
8 50 2.912
9 10 4.542
9 11 3.87
9 12 5.027
9 13 6.206
9 14 2.532
9 15 5.014
9 16 3.899
9 17 6.057
9 18 3.959
9 19 6.316
9 20 5.324
9 21 6.193
9 22 4.116
9 23 5.77
9 24 4.856
9 25 5.088
9 26 4.097
9 27 6.081
9 28 5.785
9 29 4.801
9 30 4.478
9 31 5.761
9 32 4.287
9 51 3.909
9 52 3.694
10 11 6.009
10 12 5.808
10 13 3.836
10 14 5.377
10 15 5.342
10 16 5.104
10 17 6.766
10 18 5.351
10 19 5.475
10 20 5.14
10 21 5.253
10 22 5.464
10 23 4.003
10 24 3.969
10 25 6.791
10 26 4.399
10 27 6.27
10 28 3.607
10 29 4.285
10 30 5.255
10 31 4.178
10 32 4.715
10 53 3.819
10 54 1.343
11 12 5.163
11 13 5.103
11 14 3.2
11 15 4.103
11 16 3.228
11 17 2.61
11 18 3.852
11 19 6.198
11 20 4.84
11 21 4.061
11 22 5.403
11 23 5.668
11 24 5.87
11 25 3.904
11 26 5.138
11 27 5.279
11 28 5.594
11 29 4.144
11 30 4.487
11 31 4.15
11 32 3.883
11 55 2.291
11 56 3.724
12 13 5.285
12 14 5.667
12 15 5.12
12 16 6.278
12 17 7.144
12 18 5.164
12 19 5.081
12 20 2.935
12 21 6.282
12 22 4.799
12 23 3.164
12 24 3.85
12 25 3.838
12 26 4.829
12 27 5.688
12 28 6.064
12 29 3.913
12 30 4.345
12 31 5.228
12 32 5.034
12 57 4.329
12 58 2.639
13 14 5.205
13 15 3.486
13 16 4.809
13 17 3.274
13 18 4.295
13 19 5.054
13 20 4.789
13 21 5.221
13 22 4.748
13 23 4.916
13 24 4.3
13 25 6.672
13 26 5.179
13 27 3.787
13 28 5.407
13 29 5.587
13 30 4.748
13 31 4.628
13 32 3.139
13 59 3.527
13 60 3.687
14 15 5.039
14 16 4.591
14 17 5.374
14 18 6.03
14 19 4.529
14 20 5.093
14 21 4.936
14 22 4.028
14 23 4.468
14 24 3.447
14 25 5.558
14 26 4.303
14 27 5.439
14 28 5.264
14 29 6.054
14 30 4.377
14 31 5.421
14 32 5.141
14 61 5.24
14 62 3.61
15 16 4.025
15 17 5.052
15 18 7.645
15 19 5.216
15 20 4.878
15 21 6.423
15 22 5.408
15 23 4.318
15 24 3.487
15 25 4.045
15 26 3.778
15 27 5.021
15 28 4.854
15 29 5.225
15 30 6.193
15 31 3.734
15 32 4.437
15 63 2.786
15 64 4.093
16 17 4.454
16 18 5.611
16 19 6.458
16 20 6.291
16 21 4.793
16 22 4.088
16 23 7.166
16 24 4.884
16 25 6.237
16 26 5.18
16 27 5.884
16 28 5.255
16 29 4.71
16 30 4.229
16 31 4.888
16 32 4.028
16 65 5.517
16 66 2.835
17 18 5.228
17 19 5.608
17 20 4.091
17 21 5.863
17 22 5.061
17 23 5.697
17 24 5.134
17 25 4.205
17 26 5.021
17 27 4.862
17 28 4.592
17 29 4.03
17 30 5.505
17 31 6.19
17 32 3.31
17 67 4.247
17 68 5.049
18 19 5.93
18 20 4.686
18 21 4.366
18 22 4.093
18 23 3.462
18 24 3.858
18 25 6.442
18 26 5.952
18 27 4.662
18 28 4.626
18 29 3.931
18 30 5.688
18 31 5.042
18 32 4.832
18 69 3.041
18 70 1.274
19 20 3.297
19 21 4.172
19 22 6.991
19 23 7.358
19 24 3.384
19 25 5.278
19 26 5.91
19 27 4.51
19 28 3.534
19 29 5.582
19 30 4.114
19 31 4.957
19 32 5.118
19 71 2.906
19 72 3.929
20 21 4.114
20 22 5.827
20 23 6.132
20 24 3.944
20 25 5.413
20 26 4.031
20 27 5.189
20 28 4.818
20 29 5.208
20 30 6.121
20 31 4.328
20 32 5.24
20 73 1.484
20 74 3.878
21 22 5.502
21 23 4.603
21 24 4.749
21 25 5.919
21 26 5.059
21 27 6.461
21 28 4.659
21 29 4.947
21 30 5.216
21 31 4.314
21 32 5.366
21 75 3.994
21 76 0.705
22 23 4.838
22 24 3.434
22 25 4.372
22 26 4.617
22 27 4.954
22 28 5.0
22 29 4.352
22 30 4.506
22 31 3.867
22 32 4.542
22 77 2.552
22 78 2.736
23 24 5.059
23 25 5.678
23 26 5.691
23 27 6.226
23 28 5.206
23 29 5.626
23 30 4.574
23 31 6.286
23 32 5.033
23 79 4.547
23 80 3.213
24 25 5.946
24 26 3.369
24 27 4.683
24 28 4.814
24 29 4.426
24 30 5.833
24 31 8.453
24 32 4.915
24 81 2.823
24 82 2.309
25 26 4.597
25 27 4.437
25 28 5.913
25 29 5.655
25 30 4.065
25 31 4.618
25 32 5.2
25 83 2.687
25 84 4.76
26 27 4.046
26 28 4.736
26 29 6.0
26 30 5.704
26 31 5.318
26 32 5.202
26 85 1.428
26 86 1.868
27 28 3.853
27 29 4.623
27 30 6.451
27 31 5.289
27 32 4.926
27 87 2.574
27 88 2.072
28 29 5.129
28 30 3.554
28 31 5.888
28 32 5.626
28 89 4.043
28 90 2.408
29 30 5.752
29 31 5.807
29 32 4.985
29 91 5.11
29 92 2.252
30 31 5.395
30 32 4.142
30 93 4.762
30 94 1.721
31 32 4.244
31 95 1.271
31 96 2.884
32 97 4.751
32 98 3.068
33 35 2.507
34 36 4.015
37 39 2.109
38 40 2.263
41 43 3.119
42 44 2.242
45 47 2.894
46 48 3.024
49 51 4.183
50 52 1.793
53 55 2.742
54 56 0.878
57 59 2.711
58 60 1.591
61 63 1.723
62 64 1.652
65 67 2.502
66 68 2.929
69 71 4.328
70 72 3.385
73 75 2.39
74 76 3.01
77 79 5.093
78 80 4.093
81 83 2.825
82 84 3.355
85 87 2.145
86 88 2.382
89 91 2.383
90 92 3.296
93 95 3.033
94 96 3.968