99
0 1 4.244
0 2 6.544
0 3 6.742
0 4 2.781
0 5 4.446
0 6 5.869
0 7 3.778
0 8 3.134
0 9 7.706
0 10 5.936
0 11 3.937
0 12 4.347
0 13 6.201
0 14 5.119
0 15 6.163
0 16 5.628
0 17 5.345
0 18 5.334
0 19 2.169
0 20 5.203
0 21 4.507
0 22 4.672
0 23 3.647
0 24 5.163
0 25 5.328
0 26 5.568
0 27 4.978
0 28 3.73
0 29 4.528
0 30 5.75
0 31 5.674
0 32 5.98
0 33 3.213
0 34 2.054
1 2 4.926
1 3 5.823
1 4 5.854
1 5 4.912
1 6 5.239
1 7 5.949
1 8 7.126
1 9 3.477
1 10 6.315
1 11 5.063
1 12 6.405
1 13 5.343
1 14 5.135
1 15 5.212
1 16 4.942
1 17 6.576
1 18 4.229
1 19 6.17
1 20 5.106
1 21 4.317
1 22 3.314
1 23 4.151
1 24 6.184
1 25 3.891
1 26 5.08
1 27 4.231
1 28 3.61
1 29 5.081
1 30 6.37
1 31 6.273
1 32 5.004
1 35 1.31
1 36 3.401
2 3 4.591
2 4 4.46
2 5 4.988
2 6 5.211
2 7 5.731
2 8 7.213
2 9 4.16
2 10 6.36
2 11 5.194
2 12 4.355
2 13 4.061
2 14 6.689
2 15 2.996
2 16 4.346
2 17 5.97
2 18 5.986
2 19 4.478
2 20 3.865
2 21 3.141
2 22 4.561
2 23 6.815
2 24 4.525
2 25 5.236
2 26 5.794
2 27 5.082
2 28 4.826
2 29 5.167
2 30 4.721
2 31 5.387
2 32 5.148
2 37 2.726
2 38 3.367
3 4 5.79
3 5 4.695
3 6 3.876
3 7 5.516
3 8 4.765
3 9 7.476
3 10 5.437
3 11 6.425
3 12 5.642
3 13 4.44
3 14 4.697
3 15 4.392
3 16 5.678
3 17 4.347
3 18 5.905
3 19 5.987
3 20 5.964
3 21 5.523
3 22 6.232
3 23 5.209
3 24 5.49
3 25 6.689
3 26 4.392
3 27 2.96
3 28 4.46
3 29 5.681
3 30 4.478
3 31 4.316
3 32 5.665
3 39 2.213
3 40 3.0
4 5 3.763
4 6 4.607
4 7 5.645
4 8 3.783
4 9 4.823
4 10 4.484
4 11 5.366
4 12 5.49
4 13 4.185
4 14 5.206
4 15 5.301
4 16 6.023
4 17 4.581
4 18 4.914
4 19 4.928
4 20 5.597
4 21 4.409
4 22 3.719
4 23 5.756
4 24 3.204
4 25 5.426
4 26 6.067
4 27 5.521
4 28 5.933
4 29 4.817
4 30 4.632
4 31 5.804
4 32 6.487
4 41 3.994
4 42 3.025
5 6 6.476
5 7 3.473
5 8 3.773
5 9 5.275
5 10 5.189
5 11 2.995
5 12 4.193
5 13 6.241
5 14 5.651
5 15 5.888
5 16 4.636
5 17 5.845
5 18 4.463
5 19 6.884
5 20 5.219
5 21 5.053
5 22 5.06
5 23 6.555
5 24 3.784
5 25 6.464
5 26 3.502
5 27 6.044
5 28 4.576
5 29 4.667
5 30 5.469
5 31 5.323
5 32 4.93
5 43 0.165
5 44 2.099
6 7 5.65
6 8 5.217
6 9 6.316
6 10 4.28
6 11 5.139
6 12 4.497
6 13 4.349
6 14 5.219
6 15 2.432
6 16 4.655
6 17 5.947
6 18 4.768
6 19 3.303
6 20 4.652
6 21 6.316
6 22 4.137
6 23 5.628
6 24 5.112
6 25 5.903
6 26 6.955
6 27 5.29
6 28 6.077
6 29 4.883
6 30 4.915
6 31 5.511
6 32 4.529
6 45 3.812
6 46 2.916
7 8 5.432
7 9 4.597
7 10 5.613
7 11 4.593
7 12 5.147
7 13 6.275
7 14 5.968
7 15 4.405
7 16 4.409
7 17 5.683
7 18 4.727
7 19 6.615
7 20 6.316
7 21 4.234
7 22 5.495
7 23 4.237
7 24 6.121
7 25 5.903
7 26 4.722
7 27 5.461
7 28 6.629
7 29 5.577
7 30 3.982
7 31 4.715
7 32 7.521
7 47 1.502
7 48 1.852
8 9 5.324
8 10 4.72
8 11 5.004
8 12 6.75
8 13 5.905
8 14 5.757
8 15 4.985
8 16 3.7
8 17 4.639
8 18 4.128
8 19 5.527
8 20 4.799
8 21 4.553
8 22 5.625
8 23 3.625
8 24 6.066
8 25 4.921
8 26 5.814
8 27 2.993
8 28 3.938
8 29 2.766
8 30 5.606
8 31 5.488
8 32 6.355
8 49 2.12
8 50 4.011
9 10 4.517
9 11 5.816
9 12 5.42
9 13 6.09
9 14 6.489
9 15 3.842
9 16 5.761
9 17 5.678
9 18 3.625
9 19 3.652
9 20 4.425
9 21 4.298
9 22 4.957
9 23 5.807
9 24 4.972
9 25 5.282
9 26 3.59
9 27 3.911
9 28 5.08
9 29 3.771
9 30 4.062
9 31 3.474
9 32 7.113
9 51 2.512
9 52 3.122
10 11 5.868
10 12 4.375
10 13 6.101
10 14 5.165
10 15 5.383
10 16 4.046
10 17 5.576
10 18 4.646
10 19 5.642
10 20 4.908
10 21 4.934
10 22 6.644
10 23 5.015
10 24 4.92
10 25 6.094
10 26 5.575
10 27 4.4
10 28 3.657
10 29 4.655
10 30 6.225
10 31 6.887
10 32 5.214
10 53 2.735
10 54 3.321
11 12 4.901
11 13 5.365
11 14 4.925
11 15 4.783
11 16 5.361
11 17 4.379
11 18 4.971
11 19 5.946
11 20 4.876
11 21 5.199
11 22 5.092
11 23 2.584
11 24 5.651
11 25 5.847
11 26 5.616
11 27 4.827
11 28 4.218
11 29 3.276
11 30 4.876
11 31 5.659
11 32 4.306
11 55 5.151
11 56 3.182
12 13 5.862
12 14 5.327
12 15 5.052
12 16 5.511
12 17 5.718
12 18 5.921
12 19 6.138
12 20 4.584
12 21 5.919
12 22 5.766
12 23 4.252
12 24 3.617
12 25 5.222
12 26 4.868
12 27 4.256
12 28 3.562
12 29 5.77
12 30 6.763
12 31 5.219
12 32 5.315
12 57 2.664
12 58 2.501
13 14 5.037
13 15 5.258
13 16 5.642
13 17 5.299
13 18 4.249
13 19 5.52
13 20 4.922
13 21 4.726
13 22 5.347
13 23 6.931
13 24 4.988
13 25 4.896
13 26 5.157
13 27 8.397
13 28 4.367
13 29 6.12
13 30 5.434
13 31 4.345
13 32 6.1
13 59 2.802
13 60 3.973
14 15 4.336
14 16 7.859
14 17 3.702
14 18 3.288
14 19 4.366
14 20 4.133
14 21 4.598
14 22 2.595
14 23 5.128
14 24 4.981
14 25 5.384
14 26 7.178
14 27 3.714
14 28 4.237
14 29 4.284
14 30 4.192
14 31 4.297
14 32 4.58
14 61 2.015
14 62 3.248
15 16 3.591
15 17 3.863
15 18 5.225
15 19 5.421
15 20 5.223
15 21 3.011
15 22 5.377
15 23 6.783
15 24 4.48
15 25 4.841
15 26 5.177
15 27 5.919
15 28 6.598
15 29 4.866
15 30 4.929
15 31 2.976
15 32 3.861
15 63 2.997
15 64 3.876
16 17 3.733
16 18 4.785
16 19 5.672
16 20 5.111
16 21 6.089
16 22 3.296
16 23 4.171
16 24 6.048
16 25 4.616
16 26 4.719
16 27 7.91
16 28 6.372
16 29 4.808
16 30 5.403
16 31 5.652
16 32 3.277
16 65 4.878
16 66 1.955
17 18 4.909
17 19 5.989
17 20 5.773
17 21 5.32
17 22 3.395
17 23 6.603
17 24 5.902
17 25 3.772
17 26 5.314
17 27 3.252
17 28 4.922
17 29 4.574
17 30 5.75
17 31 5.002
17 32 3.381
17 67 0.92
17 68 2.499
18 19 3.792
18 20 4.637
18 21 4.38
18 22 4.749
18 23 4.779
18 24 2.856
18 25 4.941
18 26 4.974
18 27 4.544
18 28 4.115
18 29 4.973
18 30 4.482
18 31 4.976
18 32 4.176
18 69 3.783
18 70 3.662
19 20 5.082
19 21 4.031
19 22 5.25
19 23 3.813
19 24 5.656
19 25 6.288
19 26 4.533
19 27 3.949
19 28 4.962
19 29 5.188
19 30 3.62
19 31 4.345
19 32 3.788
19 71 3.721
19 72 3.081
20 21 5.345
20 22 5.088
20 23 5.182
20 24 5.342
20 25 5.163
20 26 3.956
20 27 4.702
20 28 3.428
20 29 5.022
20 30 4.928
20 31 4.996
20 32 4.998
20 73 2.12
20 74 3.941
21 22 3.374
21 23 5.17
21 24 4.66
21 25 7.779
21 26 5.339
21 27 4.611
21 28 5.048
21 29 3.835
21 30 2.834
21 31 4.39
21 32 4.684
21 75 2.746
21 76 4.179
22 23 5.35
22 24 5.775
22 25 4.478
22 26 4.883
22 27 6.357
22 28 4.148
22 29 3.796
22 30 3.942
22 31 4.131
22 32 2.844
22 77 2.733
22 78 3.357
23 24 4.77
23 25 3.819
23 26 4.521
23 27 5.869
23 28 4.691
23 29 4.942
23 30 5.569
23 31 5.882
23 32 5.467
23 79 3.416
23 80 3.642
24 25 4.552
24 26 5.845
24 27 5.239
24 28 4.827
24 29 3.95
24 30 3.998
24 31 4.219
24 32 3.921
24 81 2.604
24 82 2.053
25 26 4.321
25 27 3.984
25 28 5.381
25 29 5.545
25 30 4.087
25 31 6.241
25 32 4.801
25 83 2.653
25 84 1.479
26 27 5.101
26 28 3.599
26 29 6.065
26 30 4.158
26 31 5.908
26 32 5.072
26 85 5.088
26 86 3.791
27 28 4.529
27 29 5.226
27 30 4.72
27 31 4.161
27 32 5.394
27 87 3.305
27 88 3.102
28 29 4.411
28 30 4.348
28 31 6.531
28 32 5.906
28 89 1.211
28 90 1.977
29 30 5.527
29 31 6.673
29 32 5.927
29 91 2.727
29 92 3.075
30 31 5.04
30 32 6.62
30 93 3.404
30 94 4.834
31 32 3.2
31 95 3.591
31 96 3.673
32 97 1.549
32 98 1.637
33 35 1.5
34 36 2.142
37 39 4.517
38 40 3.244
41 43 3.439
42 44 4.7
45 47 3.456
46 48 3.123
49 51 3.211
50 52 3.478
53 55 4.041
54 56 3.271
57 59 3.924
58 60 2.457
61 63 3.041
62 64 3.849
65 67 3.315
66 68 4.061
69 71 2.889
70 72 2.723
73 75 3.623
74 76 3.963
77 79 0.36
78 80 4.28
81 83 2.857
82 84 2.043
85 87 4.039
86 88 2.661
89 91 2.398
90 92 1.798
93 95 3.402
94 96 2.941