100
0 5 76.826
0 6 46.268
0 7 29.214
0 8 68.281
0 14 80.179
0 16 73.724
0 18 12.59
0 19 30.999
0 31 56.052
0 38 94.198
0 46 7.985
0 47 48.503
0 53 84.615
0 61 96.143
0 63 69.219
0 72 64.759
0 76 98.681
1 5 7.682
1 6 71.856
1 7 2.396
1 8 33.381
1 9 54.531
1 10 36.972
1 12 66.424
1 13 36.855
1 16 15.246
1 24 40.933
1 30 21.914
1 33 44.482
1 34 70.316
1 38 53.562
1 40 75.974
1 43 78.914
1 45 15.034
1 49 6.819
1 56 60.488
1 65 10.335
1 70 91.754
1 84 4.402
1 91 63.114
2 5 84.775
2 6 53.133
2 7 4.909
2 9 61.397
2 13 44.917
2 15 71.097
2 19 91.395
2 27 83.585
2 35 14.397
2 36 47.951
2 39 8.637
2 48 54.297
2 51 58.226
2 59 69.526
2 67 62.183
2 76 44.152
2 79 40.855
2 81 76.487
2 84 39.371
2 85 16.986
2 91 26.826
2 94 76.893
2 97 56.253
3 5 78.412
3 6 26.564
3 10 92.297
3 34 86.23
3 65 27.346
3 89 99.657
3 99 16.297
4 5 30.457
4 37 46.942
4 78 28.571
4 97 71.747
5 6 25.446
5 7 42.726
5 8 68.951
5 9 90.726
5 11 88.093
5 12 80.733
5 15 93.046
5 18 16.261
5 25 10.067
5 28 79.067
5 29 42.965
5 30 31.269
5 38 38.851
5 41 37.612
5 48 5.786
5 49 40.367
5 51 91.387
5 61 49.621
5 62 59.545
5 73 68.047
5 84 92.165
5 86 35.263
5 92 57.069
5 99 52.776
6 7 50.315
6 8 82.542
6 9 46.017
6 10 77.679
6 11 52.307
6 12 77.666
6 14 2.887
6 17 15.658
6 21 57.704
6 22 32.269
6 23 80.326
6 26 5.509
6 28 17.354
6 31 83.297
6 37 95.483
6 42 12.448
6 46 39.018
6 49 84.121
6 56 56.593
6 61 82.078
6 64 6.644
6 65 76.134
6 71 82.301
6 74 32.866
6 76 78.195
6 82 74.601
6 83 61.503
6 86 34.669
6 88 15.518
7 8 47.601
7 9 19.471
7 10 13.17
7 11 94.853
7 12 88.803
7 13 54.923
7 14 97.358
7 16 74.998
7 18 75.656
7 20 21.133
7 24 82.828
7 27 96.871
7 30 74.49
7 35 31.323
7 37 32.19
7 42 97.672
7 43 53.094
7 46 83.009
7 48 84.679
7 50 89.673
7 52 26.57
7 54 50.949
7 59 49.141
7 63 93.149
7 64 69.184
7 67 86.853
7 76 26.499
7 79 37.437
7 85 63.706
8 10 88.547
8 11 64.665
8 12 44.753
8 13 8.466
8 21 89.729
8 25 1.247
8 26 88.759
8 27 31.69
8 33 18.311
8 34 84.446
8 35 29.039
8 36 5.749
8 39 45.031
8 44 90.1
8 49 55.044
8 50 99.073
8 52 96.805
8 60 66.639
8 65 65.473
8 71 98.285
8 74 39.279
8 75 15.433
8 82 16.071
8 92 31.174
8 93 3.082
9 15 72.727
9 19 78.917
9 23 2.391
9 24 39.106
9 25 34.778
9 32 78.663
9 38 72.659
9 40 39.012
9 41 36.034
9 51 88.479
9 55 75.461
9 57 71.344
9 59 7.762
9 68 35.137
9 69 85.197
9 70 42.393
9 75 38.659
9 84 80.995
9 98 54.789
10 11 49.099
10 22 56.491
10 29 9.122
10 33 18.735
10 62 53.256
10 80 64.929
10 89 17.376
10 94 63.532
11 13 94.231
11 14 20.588
11 15 1.452
11 16 96.387
11 17 53.654
11 24 64.87
11 26 25.442
11 28 91.782
11 31 47.128
11 32 9.522
11 40 60.884
11 41 68.36
11 58 95.948
11 75 47.259
11 80 10.247
11 81 89.867
11 92 6.271
12 18 78.409
12 20 76.87
12 27 92.874
12 43 2.201
12 50 62.656
12 59 10.995
12 67 55.845
12 69 20.083
12 85 49.645
13 14 33.337
13 15 9.048
13 17 20.499
13 21 1.353
13 22 78.762
13 23 84.485
13 53 78.029
13 62 86.506
13 68 35.925
13 75 75.425
13 79 83.947
13 91 35.617
13 98 84.317
14 17 24.392
14 19 85.68
14 20 29.725
14 22 0.386
14 23 92.595
14 37 36.945
14 44 6.239
14 47 8.203
14 61 60.311
14 63 70.676
14 66 53.442
14 70 73.858
14 83 58.767
14 85 33.254
14 86 40.508
14 93 68.057
14 94 39.44
14 99 56.945
15 16 39.809
15 20 8.828
15 21 26.519
15 26 61.036
15 30 89.311
15 32 71.084
15 39 84.466
15 42 68.563
15 49 83.206
15 55 18.932
15 77 89.062
15 82 49.808
15 87 5.495
15 91 75.373
16 17 66.415
16 18 63.669
16 21 47.532
16 25 34.78
16 26 48.115
16 28 10.189
16 29 49.452
16 57 83.332
16 60 94.099
16 73 74.444
16 83 27.225
17 27 76.015
17 37 49.934
17 52 16.208
18 19 28.234
18 20 74.97
18 35 48.737
18 39 42.669
18 55 47.454
18 60 74.663
18 71 14.922
18 80 19.251
19 33 83.02
19 35 24.078
19 78 89.61
19 87 49.812
19 89 85.587
20 24 46.888
20 32 99.201
20 80 28.022
21 22 94.621
21 34 30.671
21 36 26.923
21 43 55.421
21 47 2.554
21 56 24.576
21 65 39.133
21 66 5.046
21 68 37.681
21 70 87.737
21 77 64.997
21 79 28.069
21 92 22.635
22 23 16.208
22 25 17.754
22 30 59.276
22 33 64.744
22 43 43.241
22 44 17.983
22 45 70.124
22 53 75.609
22 54 68.924
22 55 31.658
22 58 65.401
22 63 85.767
22 79 61.314
22 93 34.598
22 96 15.411
23 32 90.016
23 40 18.917
23 44 25.624
23 47 0.697
23 48 69.029
23 54 63.445
23 88 14.154
23 98 42.267
24 45 79.399
24 47 34.1
24 60 77.1
25 28 61.51
25 36 20.199
25 41 71.869
25 73 78.7
26 52 48.973
26 64 93.463
26 83 58.096
26 92 81.68
27 29 45.782
27 31 9.075
27 41 4.515
27 46 58.704
27 48 12.44
27 57 48.017
27 58 38.565
27 72 55.915
28 29 15.554
28 53 60.326
28 62 40.532
28 66 10.058
28 67 45.538
28 90 8.85
29 45 7.463
29 57 74.089
29 58 46.782
29 64 82.657
29 93 70.032
29 96 79.501
30 31 96.144
30 42 88.465
30 62 38.67
30 67 91.738
30 70 4.411
30 73 23.654
30 84 0.101
31 34 72.023
31 36 39.926
31 55 20.651
31 59 83.765
31 72 26.686
31 94 87.984
31 98 4.871
32 39 75.524
32 68 85.943
32 74 16.674
32 95 26.599
33 38 4.008
33 44 15.674
33 51 80.195
33 73 32.621
34 72 1.025
34 88 70.947
36 40 60.383
37 46 24.117
37 50 44.832
37 51 46.78
37 69 33.071
37 78 91.906
38 45 52.034
39 60 68.685
39 95 14.608
40 50 80.403
40 54 83.99
40 58 14.229
40 64 79.403
40 82 73.191
41 42 43.651
41 52 8.36
41 54 99.448
41 77 52.844
41 94 57.977
41 95 7.901
42 53 36.475
42 66 84.77
42 86 2.514
42 95 5.941
43 56 51.055
43 81 76.807
43 96 90.703
45 86 42.829
45 97 26.201
46 61 12.99
47 69 78.614
47 83 18.184
47 87 67.466
49 99 21.43
50 56 94.281
50 63 86.847
51 66 26.293
51 99 21.286
53 57 3.205
53 68 44.056
54 77 21.716
54 85 40.431
55 71 35.589
55 74 42.993
55 93 72.099
57 81 5.308
57 90 18.203
58 69 75.954
58 80 70.692
59 90 9.99
60 76 74.607
60 87 42.271
61 78 9.618
61 95 24.752
63 98 41.639
66 71 8.621
66 72 77.234
66 89 53.869
67 97 5.257
69 87 31.944
71 74 90.96
72 77 25.761
72 90 17.892
73 75 93.182
74 81 96.986
74 88 50.036
75 78 13.285
78 90 77.342
79 96 85.733
80 82 70.209
82 91 79.526
82 96 47.525
85 89 52.828
86 88 95.989
86 97 92.734
