100
0 1 60
0 75 60
0 33 82
0 97 90
0 49 28
0 14 44
0 74 95
0 12 3
0 26 43
0 30 51
1 2 38
1 98 9
2 3 42
2 82 40
2 50 18
2 65 15
2 27 48
2 71 21
2 49 43
2 59 24
2 70 11
3 4 78
3 22 60
4 5 64
4 81 62
4 89 58
4 75 51
5 6 23
5 63 97
5 41 68
5 88 87
5 84 78
5 13 61
5 50 35
5 49 46
5 96 8
5 19 45
6 7 91
6 40 78
6 66 24
6 75 43
6 96 54
6 12 75
6 53 35
6 9 5
6 10 4
6 29 84
7 8 51
7 97 61
7 38 31
8 9 90
8 87 50
8 45 61
8 68 23
8 83 64
8 79 1
9 10 1
9 93 11
9 89 65
9 71 15
10 11 44
10 64 91
10 29 38
10 58 2
10 84 83
10 62 62
10 35 89
11 12 92
11 83 96
12 13 5
12 85 70
12 55 93
12 59 46
12 50 50
12 20 92
12 92 63
12 67 98
12 76 72
12 87 80
13 14 24
13 58 3
13 48 11
13 25 93
13 20 47
14 15 63
14 58 28
15 16 28
15 38 50
15 21 36
15 60 44
15 47 34
15 37 14
15 81 64
15 87 63
15 83 53
15 72 77
16 17 7
16 35 41
16 76 12
16 65 34
16 90 26
16 85 6
16 93 54
17 18 48
17 60 47
17 64 45
17 39 46
17 27 71
17 68 17
17 93 77
17 19 72
17 79 16
18 19 64
18 71 20
18 48 12
18 49 72
19 20 5
19 22 30
19 59 63
19 92 54
19 50 86
20 21 74
20 56 95
20 27 46
21 22 25
21 33 6
21 38 5
21 64 31
21 29 97
21 24 98
21 32 43
21 85 66
22 23 68
22 64 78
22 28 44
22 88 41
22 65 24
22 91 94
23 24 82
23 26 45
23 91 82
23 61 62
23 54 4
23 41 80
23 70 29
24 25 46
24 71 61
24 35 71
24 40 68
24 43 94
24 59 35
24 39 81
24 30 95
24 38 22
25 26 86
25 42 15
25 66 98
25 69 27
25 59 68
25 53 59
25 72 65
25 54 62
25 93 34
25 64 43
26 27 5
26 28 40
26 77 82
26 65 32
26 79 35
26 71 51
26 63 96
26 88 19
27 28 20
27 79 59
27 94 58
27 49 36
27 85 53
27 74 11
27 44 89
27 73 24
27 92 29
28 29 83
28 42 84
28 74 10
28 97 82
28 57 95
28 84 74
29 30 22
29 62 3
29 80 72
29 83 53
29 74 47
30 31 5
30 42 31
30 72 85
30 66 79
30 52 67
31 32 4
31 44 55
31 78 50
32 33 6
32 89 94
32 98 91
32 55 27
32 81 98
32 39 6
33 34 62
33 38 12
33 60 66
33 84 44
34 35 75
34 57 72
34 68 7
34 49 78
35 36 15
35 87 22
35 42 66
35 50 6
35 62 54
35 96 83
35 44 23
35 70 62
35 90 86
36 37 24
36 96 86
36 53 93
36 60 11
36 73 4
36 95 22
36 82 38
36 54 90
36 69 92
36 81 27
37 38 42
37 82 59
37 76 30
37 75 90
37 62 43
38 39 18
38 73 42
38 84 12
39 40 23
39 79 68
39 84 51
39 88 87
39 75 9
39 42 53
39 52 52
40 41 44
40 66 49
40 53 72
40 89 60
40 72 15
40 56 39
40 49 95
41 42 97
41 49 84
41 88 78
41 65 45
41 95 3
41 60 54
41 56 61
41 77 52
42 43 40
42 81 39
42 44 66
42 65 87
42 95 63
43 44 64
43 87 83
43 96 21
43 91 4
43 94 84
43 76 96
43 90 50
43 73 20
44 45 75
44 71 13
44 70 74
44 68 59
44 86 39
44 84 88
44 93 67
45 46 1
45 58 98
45 66 83
46 47 56
46 55 45
46 51 41
47 48 1
47 60 5
48 49 64
48 74 25
48 54 8
48 88 18
49 50 77
49 85 39
49 61 7
49 63 83
49 55 69
49 91 75
49 65 41
49 62 32
50 51 19
50 60 9
50 71 29
51 52 52
51 96 49
51 75 37
51 68 13
51 97 59
51 71 30
51 57 93
51 69 9
51 85 28
51 89 48
52 53 3
52 79 2
52 66 80
52 84 79
52 95 42
53 54 31
53 87 96
53 91 35
53 57 97
53 75 69
53 74 51
54 55 9
54 68 90
54 80 1
55 56 32
55 87 19
55 73 62
55 71 25
55 74 30
56 57 7
56 94 66
56 82 71
56 83 92
56 77 57
56 67 8
56 76 38
56 89 12
56 86 36
57 58 68
57 96 61
57 81 26
57 94 93
57 87 98
57 89 59
57 65 76
57 78 44
57 84 27
57 63 52
58 59 53
58 69 72
58 82 86
59 60 3
59 84 37
59 86 87
59 66 58
59 68 98
59 77 80
59 67 70
59 96 20
59 92 96
59 75 40
60 61 72
60 88 49
60 63 64
61 62 77
61 90 46
61 79 32
61 96 49
61 87 75
61 97 30
61 84 74
62 63 45
62 95 33
62 90 18
62 77 22
62 83 26
62 82 46
62 71 79
62 70 71
62 88 75
63 64 10
63 98 78
63 87 15
63 80 29
63 79 20
63 92 26
63 81 78
63 84 45
63 67 60
64 65 56
64 67 49
64 95 46
64 86 90
64 85 48
64 96 73
64 73 92
64 76 58
65 66 43
65 91 48
65 67 30
65 92 32
65 82 24
65 71 78
65 73 67
65 95 7
66 67 49
66 98 58
66 89 51
66 81 61
66 77 88
66 74 3
67 68 59
67 69 39
67 85 19
67 84 13
67 86 24
67 95 26
67 76 29
67 88 64
67 80 12
68 69 43
68 77 73
68 93 62
69 70 85
69 78 58
69 75 74
69 79 39
69 89 16
69 77 19
69 98 70
70 71 87
70 91 50
71 72 12
71 84 61
71 96 82
71 91 86
72 73 41
72 85 44
72 93 93
73 74 55
73 91 52
74 75 58
74 93 39
74 80 7
74 96 37
74 77 79
74 85 14
74 98 53
75 76 39
75 98 62
75 80 31
76 77 8
76 81 36
76 83 35
76 79 81
76 78 75
76 80 61
76 84 12
76 89 64
76 98 86
76 85 11
77 78 20
77 98 55
77 97 62
77 95 83
78 79 4
78 96 61
78 91 89
78 94 12
78 98 45
78 93 20
78 82 1
79 80 57
79 85 15
79 84 32
79 89 38
79 91 31
79 88 44
79 98 31
79 81 82
79 97 60
80 81 84
80 82 29
80 86 60
80 88 87
80 97 25
80 96 43
80 91 6
80 94 63
80 95 55
80 92 38
81 82 79
81 98 33
81 91 95
81 88 26
81 94 65
81 85 33
81 89 47
81 84 38
81 86 37
81 92 81
82 83 43
82 98 34
82 90 32
82 94 24
82 91 92
82 95 72
82 86 16
83 84 60
83 95 84
83 88 47
83 85 42
83 98 23
84 85 70
84 93 80
84 95 67
84 94 17
84 96 69
84 98 25
84 92 73
84 97 51
85 86 24
85 93 38
85 92 91
85 88 33
85 96 60
85 98 97
85 90 66
86 87 26
86 90 64
86 97 67
86 98 73
86 92 51
86 94 15
86 96 67
87 88 41
87 98 29
87 97 7
87 89 36
87 92 39
88 89 36
89 90 96
90 91 75
91 92 37
92 93 40
93 94 11
94 95 16
95 96 59
96 97 85
97 98 89
98 99 27