100
33 65 11.04
93 14 91.08
88 75 62.25
82 84 80.33
99 15 3.43
33 87 84.08
11 75 10.11
73 35 28.49
87 37 26.77
44 92 47.56
91 5 23.13
11 26 53.78
92 70 80.51
29 73 1.87
35 20 35.26
75 85 21.31
28 4 58.54
90 65 25.99
44 43 82.59
84 37 52.99
14 0 97.06
45 27 4.48
11 94 5.92
65 23 0.52
41 6 8.59
52 21 49.66
33 78 36.16
41 51 84.82
68 39 74.03
43 21 54.93
85 45 84.07
43 61 4.92
43 84 42.61
21 47 26.92
90 68 64.82
94 69 33.7
43 80 54.24
49 34 61.38
81 76 47.46
28 10 32.86
95 68 29.02
26 62 77.12
7 72 67.16
39 96 74.63
43 93 83.0
9 90 21.57
39 1 39.67
18 53 57.43
68 14 99.7
35 57 67.03
78 2 26.06
92 49 29.99
82 62 12.43
71 70 84.22
57 83 94.19
5 27 46.34
20 50 38.25
73 46 20.87
14 12 6.53
8 96 60.72
61 64 53.44
99 2 47.89
32 18 94.24
95 49 23.42
78 76 4.85
69 26 39.7
6 12 74.83
76 61 4.43
93 27 14.18
11 64 16.29
19 20 93.79
47 64 78.36
21 80 54.8
91 59 61.57
24 3 20.31
44 8 84.68
60 96 4.26
25 43 24.69
22 64 98.88
31 23 33.71
31 78 92.02
29 9 99.76
50 33 57.76
3 92 10.5
16 1 14.79
37 21 34.56
1 34 94.58
42 93 70.15
9 8 85.27
39 45 90.26
27 96 3.64
56 2 86.03
25 87 0.45
42 95 1.87
84 95 8.71
60 53 0.47
4 33 89.8
9 76 6.45
51 10 85.33
50 51 2.06
45 64 20.4
93 6 60.06
93 13 24.79
24 30 26.02
83 45 17.73
9 69 20.7
72 61 45.4
81 98 25.83
82 57 61.41
80 50 10.87
15 76 72.15
4 21 27.33
42 19 26.92
32 51 90.73
24 39 18.81
33 5 95.04
69 54 60.08
24 43 26.42
56 71 88.61
8 63 61.47
70 18 84.4
83 30 14.32
42 98 55.74
22 58 48.2
99 47 47.28
31 85 76.81
24 57 37.38
48 58 12.26
7 26 61.56
84 17 65.4
39 90 17.23
20 51 63.5
85 62 92.04
96 80 25.59
8 90 73.75
1 70 27.96
44 65 24.83
98 59 18.81
53 81 30.98
67 94 83.16
24 15 44.13
96 0 76.48
72 38 48.22
9 23 95.52
44 10 91.04
19 62 12.29
75 57 35.8
83 23 72.87
77 56 76.35
20 12 5.86
65 25 83.68
53 80 45.4
19 24 14.32
41 34 22.05
44 69 47.69
44 50 98.46
81 71 10.68
79 6 5.86
26 9 60.01
42 54 88.63
65 76 68.39
96 61 34.89
15 98 44.84
91 41 61.39
98 41 35.57
56 99 55.39
30 87 93.45
28 59 84.87
87 18 69.77
83 4 5.6
87 59 62.65
18 75 40.23
16 80 39.13
36 71 73.06
37 33 69.99
7 85 51.44
39 34 74.93
50 75 17.99
15 56 94.64
27 51 54.07
43 99 71.61
94 82 76.08
12 72 46.08
98 38 38.1
66 64 15.86
46 27 15.55
54 79 41.01
31 10 98.52
71 83 52.73
82 30 41.38
95 31 18.27
83 72 24.7
68 0 63.93
88 82 66.74
47 75 92.05
61 87 11.32
48 68 56.22
11 87 45.78
87 24 62.87
50 52 35.96
46 40 46.52
23 87 74.73
21 51 16.07
2 70 55.82
86 36 83.02
24 74 10.66
34 75 93.25
25 16 7.78
90 13 24.79
76 72 18.4
81 54 94.21
20 47 98.77
29 11 78.49
80 52 95.19
75 31 55.11
23 74 81.73
7 98 78.83
13 33 62.58
85 81 62.94
3 7 67.41
53 47 18.04
55 84 34.71
4 97 54.2
29 24 4.25
17 22 89.82
73 95 85.04
94 34 23.1
91 13 87.5
85 74 6.91
49 80 85.11
26 48 94.09
19 32 11.29
34 6 77.61
95 62 44.31
38 11 5.95
35 14 27.16
25 68 11.49
9 24 87.46
34 54 61.08
81 83 27.83
88 10 4.41
25 17 73.23
8 70 39.49
87 17 18.86
19 12 65.03
83 67 41.71
3 54 50.4
50 82 27.74
15 49 2.48
93 68 13.08
35 43 4.87
55 30 97.4
80 11 36.14
74 65 85.22
32 8 20.17
21 14 53.63
89 30 68.89
55 25 88.92
90 97 29.39
18 94 0.39
49 53 32.94
25 15 37.93
92 65 76.08
53 0 45.38
32 15 85.84
61 47 1.85
12 38 54.84
5 35 95.31
21 45 53.64
38 85 88.46
93 26 21.55
15 36 37.67
72 13 13.25
2 77 56.98
38 66 72.18
81 9 92.57
66 5 61.51
19 88 30.02
37 9 38.19
93 50 87.93
24 41 37.18
16 26 89.39
38 57 77.53
67 28 60.13
33 32 55.2
12 25 26.94
98 78 16.87
65 42 15.88
13 11 84.7
66 24 78.35
50 9 77.18
47 62 75.74
89 57 29.63
16 57 26.12
38 46 87.26
25 23 15.27
56 4 85.77
38 48 3.81
92 98 16.61
94 45 49.76
6 3 44.72
72 67 17.87
38 42 40.3
29 16 45.84
26 49 3.14
23 1 24.04
25 56 83.65
59 73 58.42
96 73 75.39
51 64 92.11
94 84 94.12
37 99 55.51
63 1 30.76
25 96 94.89
32 93 69.25
22 81 57.41
27 73 28.02
22 89 65.47
39 80 14.03
47 33 6.52
19 52 48.34
3 82 79.1
10 52 96.74
74 7 90.0
12 79 92.4
94 35 65.83
38 6 55.0
98 62 61.48
84 73 6.8
10 54 5.29
15 31 97.26
16 30 76.77
56 29 17.9
36 81 90.75
30 58 1.99
96 63 7.95
51 5 20.44
82 33 12.57
45 12 58.2
18 80 29.74
56 16 72.78
85 71 47.35
31 35 99.84
14 41 29.68
60 82 69.33
85 58 14.39
20 86 61.82
87 2 8.01
7 10 40.93
37 59 5.98
26 63 67.54
82 55 13.12
0 63 86.11
55 23 35.62
24 34 31.22
99 87 72.13
79 2 52.29
56 48 95.26
14 54 81.35
39 76 69.95
40 47 24.29
78 57 21.26
53 87 78.62
88 36 96.15
99 44 17.86
88 97 74.64
27 97 11.91
13 19 25.53
94 44 18.2
68 80 37.11
63 38 2.05
33 23 52.81
86 65 63.44
75 95 26.91
30 68 84.61
8 85 64.64
62 22 75.31
49 9 67.43
28 81 30.38
30 38 81.23
12 16 49.5
68 3 97.97
53 65 28.24
73 70 55.87
54 58 69.71
40 27 0.47
32 58 30.68
86 76 63.49
89 43 76.24
13 23 80.77
68 24 99.47
39 62 29.23
51 70 60.2
36 9 70.56
26 73 96.96
88 95 80.42
41 86 12.58
55 49 20.23
44 76 40.28
47 10 12.08
92 8 3.34
22 10 40.0
69 61 68.86
27 50 42.46
83 66 88.36
96 18 54.31
74 52 49.78
20 27 66.25
87 76 97.41
77 32 68.13
23 50 39.77
88 52 93.81
50 5 30.83
1 48 68.79
41 92 21.57
71 55 55.96
47 52 58.03
44 11 15.32
62 14 50.96
34 44 1.57
97 41 63.38
26 4 83.75
31 88 33.09
52 66 89.6
94 72 57.15
1 78 66.51
3 55 47.76
49 62 21.02
53 6 14.64
65 37 31.85
86 83 60.84
44 88 15.65
6 89 68.08
66 59 79.03
23 89 9.63
85 89 84.29
77 88 24.9
46 56 52.62
97 3 52.07
6 63 27.55
50 37 69.48
57 45 40.93
14 40 85.8
21 9 23.49
36 74 54.12
22 79 91.29
9 6 75.69
72 57 89.59
11 3 26.81
58 51 13.68
55 60 88.15
95 37 57.97
96 1 47.25
0 81 91.44
88 50 38.63
46 90 54.53
14 42 32.74
2 44 84.52
84 70 66.94
3 73 11.2
21 76 70.04
36 10 21.26
17 46 20.52
50 66 94.9
46 63 79.5
75 42 38.2
70 42 58.52
50 12 93.59
27 65 62.38
10 97 45.85
12 59 9.05
26 35 4.11
0 38 46.79
78 68 72.28
38 83 20.41
19 79 33.78
29 21 32.45
84 57 91.71
97 45 86.83
97 77 32.74
91 7 83.99
62 40 38.2
77 8 77.7
59 34 4.54
50 31 91.44
68 42 46.59
26 76 47.18
41 21 16.82
56 64 13.43
30 77 22.62
5 74 89.51
31 27 43.5
43 42 65.6
74 42 57.82
30 17 39.55
36 90 34.37
93 38 29.7
62 8 71.44
59 99 56.97
70 45 26.1
96 51 86.67
88 91 16.81
43 67 1.2
14 17 18.22
41 42 81.3
5 72 95.81
67 57 2.07
39 94 45.46
48 82 32.83
10 68 40.37
46 92 44.39
85 34 91.81
18 39 87.17
67 87 5.32
29 92 68.92
20 63 90.24
59 63 42.25
74 68 98.16
88 68 20.69
26 94 83.17
0 67 69.7
51 85 87.3
27 42 84.32
14 24 77.76
36 52 61.73
48 93 3.05
25 8 43.04
74 82 22.45
48 81 39.71
2 63 5.08
31 28 61.06
86 66 82.76
88 8 39.94
74 2 54.77
35 32 33.35
40 92 88.74
87 84 30.24
49 0 24.95
71 39 1.94
22 65 69.52
49 14 80.84
36 7 39.64
86 52 14.2
38 33 55.69
11 85 34.59
34 14 22.61
34 57 86.38
37 76 83.46
92 7 67.85
80 13 63.19
97 51 51.46
92 21 34.99
52 85 12.53
6 99 14.67
32 55 27.0
64 21 2.33
78 26 8.36
93 45 70.01
69 12 24.37
82 71 33.75
60 73 49.55
49 18 65.9
79 67 65.5
55 85 23.44
36 98 92.47
1 74 37.97
27 14 87.97
95 5 38.48
56 40 83.94
52 34 32.4
83 7 46.74
27 2 32.88
17 0 36.39
10 48 46.66
28 98 47.01
64 7 5.96
95 13 83.0
8 78 85.09
20 32 60.16
57 1 71.6
59 95 60.98
14 80 58.42
96 98 78.49
19 16 78.23
33 94 32.24
60 65 26.07
4 12 89.2
41 13 42.1
37 54 47.44
77 92 9.37
55 96 55.08
13 45 16.73
89 39 90.25
41 77 14.83
77 1 35.1
7 81 42.09
74 39 35.72
80 56 83.51
85 6 80.84
13 85 74.98
34 60 8.51
27 37 2.96
16 28 34.89
72 45 49.33
77 19 53.72
58 63 61.88
98 22 45.71
58 62 9.92
18 40 90.76
74 12 97.94
94 7 61.48
96 94 94.64
29 51 15.5
76 28 90.42
71 64 35.14
51 80 76.82
44 60 64.98
66 73 59.47
44 93 9.9
54 59 76.16
65 43 53.63
64 28 29.15
85 41 6.15
58 59 53.69
34 77 80.9
98 31 63.12
24 35 83.52
28 13 72.36
78 90 45.17
61 79 52.81
10 57 51.35
66 84 86.96
83 44 60.3
36 17 26.27
87 8 62.18
4 2 33.32
52 77 22.37
76 74 59.34
30 91 44.32
23 77 81.61
86 82 70.14
94 92 99.5
88 21 49.14
8 5 92.02
32 75 60.28
3 12 67.51
21 6 22.2
39 97 45.33
21 2 42.38
33 89 4.02
5 59 46.14
34 47 16.12
2 30 97.86
58 47 0.49
78 10 19.76
44 13 26.81
17 73 97.13
31 67 75.3
37 94 50.4
4 6 84.41
35 39 86.43
44 77 86.84
37 38 49.06
69 51 42.79
13 39 36.03
11 67 42.82
58 3 15.13
89 91 79.67
91 4 30.73
7 1 51.38
54 71 60.89
82 16 81.31
56 24 18.22
76 42 80.98
8 12 81.57
26 0 53.43
95 71 24.32
9 25 14.21
5 89 13.04
29 50 87.01
80 36 52.7
73 88 76.5
52 37 43.7
13 51 38.6
94 46 24.41
30 70 54.62
3 37 71.34
87 5 85.71
51 18 60.54
82 17 92.04
28 82 39.84
49 83 82.24
89 80 96.34
63 30 41.8
72 25 35.54
9 7 81.6
22 0 69.53
92 60 60.11
86 69 26.13
64 53 59.32
74 58 81.25
3 28 59.22
88 35 64.72
20 82 24.34
55 52 96.86
85 14 17.45
86 81 25.43
10 26 70.47
37 43 10.74
81 51 63.76
74 9 10.92
33 68 56.04
28 58 25.19
87 95 37.28
45 50 74.65
45 81 75.24
33 79 67.33
41 46 28.52
3 23 89.06
88 17 17.91
5 56 71.0
28 55 87.22
61 82 15.13
43 2 27.06
17 74 27.14
29 98 26.98
81 8 4.13
2 5 6.59
40 74 38.63
86 51 34.56
54 65 14.72
3 47 43.48
49 57 32.26
35 89 75.63
51 67 21.91
69 14 48.32
31 21 57.81
43 88 2.41
26 43 34.2
36 91 10.09
29 42 37.83
76 47 20.3
51 75 52.56
16 35 30.48
69 33 5.63
34 81 7.39
11 99 64.5
15 20 68.48
15 43 73.67
94 86 29.89
24 11 37.97
49 27 1.65
99 24 86.31
22 59 9.09
80 79 46.16
80 78 16.85
6 98 18.3
48 30 5.34
96 16 96.27
1 83 52.0
4 29 59.6
51 12 52.88
73 18 35.82
26 17 42.36
24 5 7.77
8 1 66.22
12 96 89.36
79 66 21.34
89 71 1.48
95 36 88.98
28 89 63.4
53 74 49.54
18 69 28.05
23 24 73.11
78 66 95.84
76 94 82.27
45 4 6.82
17 61 9.7
49 88 70.33
3 75 52.87
97 30 60.52
34 36 79.81
51 91 31.58
38 75 53.56
79 75 1.49
28 36 23.75
35 36 1.48
18 67 75.33
41 28 7.23
72 9 91.26
88 28 39.87
88 48 14.36
31 0 93.14
81 40 81.62
18 79 91.08
3 67 37.54
60 89 93.98
91 93 83.32
19 28 67.89
74 26 87.08
36 77 42.09
9 45 72.01
99 85 12.93
65 75 56.29
66 57 17.58
25 92 5.27
75 91 28.95
35 59 17.19
98 74 3.09
78 99 33.26
80 25 17.77
39 57 34.52
56 21 93.27
76 98 10.27
35 42 52.25
17 81 71.8
94 24 78.2
18 74 39.85
19 50 70.72
37 2 91.03
96 35 5.84
14 72 69.39
84 78 95.66
93 73 42.08
87 83 24.7
65 93 50.22
13 97 57.13
44 59 92.52
25 40 89.2
89 66 45.16
68 5 26.36
28 39 51.53
45 6 96.62
65 79 64.97
97 72 26.65
13 8 95.48
86 45 55.35
46 32 14.04
25 5 42.49
94 3 4.25
9 3 10.53