100
0 15 67.895
0 20 64.269
0 25 13.593
0 26 20.084
0 27 0.484
1 4 59.671
1 28 10.954
1 29 12.577
1 30 12.395
2 24 63.807
2 31 1.841
2 32 11.661
2 33 7.065
3 4 52.294
3 22 64.711
3 10 58.051
3 34 6.358
3 35 6.476
3 36 7.272
4 37 8.317
4 38 8.106
4 39 17.665
5 12 57.573
5 18 60.405
5 40 15.595
5 41 15.946
5 42 12.21
6 7 63.744
6 24 50.415
6 43 9.817
6 44 12.538
6 45 10.202
7 14 67.692
7 19 62.559
7 46 10.859
7 47 14.613
7 48 3.629
8 23 64.967
8 49 13.835
8 50 10.032
8 51 12.386
9 12 55.417
9 52 4.975
9 53 16.06
9 54 8.485
10 24 58.192
10 55 17.709
10 56 7.909
10 57 18.62
11 22 59.606
11 58 6.986
11 59 10.834
11 60 7.464
12 61 15.562
12 62 11.489
12 63 12.227
13 16 60.697
13 64 16.703
13 65 14.844
13 66 6.764
14 67 10.345
14 68 14.625
14 69 6.248
15 21 52.932
15 18 67.689
15 70 10.055
15 71 16.532
15 72 12.756
16 20 56.924
16 24 54.09
16 73 13.199
16 74 11.083
16 75 8.622
17 21 66.237
17 76 17.858
17 77 15.135
17 78 9.59
18 23 49.855
18 79 11.326
18 80 13.867
18 81 14.105
19 82 7.276
19 83 2.737
19 84 21.128
20 85 12.517
20 86 3.718
20 87 11.28
21 88 14.877
21 89 8.908
21 90 8.088
22 91 14.73
22 92 14.625
22 93 7.013
23 94 16.272
23 95 10.324
23 96 3.466
24 97 12.404
24 98 17.647
24 99 7.373
25 78 15.906
25 42 17.867
25 97 18.442
25 90 21.167
26 72 19.317
26 61 17.051
27 91 21.089
28 76 26.191
29 57 27.637
29 71 24.691
29 43 20.616
29 62 26.048
30 68 17.489
31 44 12.755
32 76 14.645
33 79 30.817
34 36 26.007
35 85 19.546
35 43 21.368
36 84 15.012
36 60 16.399
37 61 17.179
38 50 24.258
39 41 19.375
40 46 18.078
41 66 18.668
42 60 24.08
43 46 11.721
43 77 21.219
43 86 19.303
44 86 21.024
45 97 18.927
46 75 13.847
47 73 17.484
47 81 22.143
48 64 21.435
48 62 15.043
48 91 17.762
49 74 12.2
50 53 17.076
51 74 16.491
52 58 24.096
52 63 25.261
53 82 23.07
53 80 20.819
54 77 17.799
55 70 20.046
56 93 15.297
56 81 14.005
59 66 21.692
59 64 17.431
61 83 26.381
63 94 24.818
64 88 20.251
65 75 24.573
67 86 23.832
68 94 20.752
69 76 18.487
69 93 23.8
70 92 26.349
73 96 19.316
74 80 29.393
74 84 22.011
76 95 24.878
79 80 21.01
80 89 16.661
81 91 20.397
81 98 18.878
81 99 20.155
83 86 18.698
86 87 12.203
86 92 19.908
90 93 18.723
94 97 19.666