99
0 1 4.922
0 2 6.029
0 3 5.839
0 4 4.467
0 5 5.568
0 6 3.998
0 7 3.826
0 8 4.131
0 9 5.069
0 10 4.227
0 11 6.294
0 12 5.414
0 13 3.824
0 14 5.495
0 15 4.289
0 16 3.875
0 17 5.307
0 18 6.244
0 19 3.56
0 20 2.931
0 21 4.696
0 22 4.491
0 23 3.842
0 24 5.301
0 25 4.352
0 26 3.669
0 27 4.228
0 28 4.246
0 29 5.22
0 30 4.634
0 31 3.323
0 32 6.082
0 33 5.007
0 34 2.678
1 2 5.302
1 3 4.415
1 4 5.781
1 5 5.854
1 6 5.879
1 7 6.92
1 8 3.893
1 9 5.108
1 10 6.904
1 11 3.367
1 12 3.906
1 13 4.136
1 14 5.214
1 15 4.424
1 16 3.53
1 17 4.248
1 18 5.876
1 19 5.602
1 20 4.498
1 21 4.507
1 22 4.274
1 23 6.877
1 24 4.75
1 25 7.882
1 26 5.538
1 27 5.642
1 28 5.301
1 29 4.274
1 30 3.491
1 31 4.859
1 32 4.044
1 35 3.143
1 36 4.073
2 3 5.517
2 4 5.631
2 5 4.39
2 6 4.207
2 7 3.819
2 8 5.591
2 9 3.435
2 10 4.33
2 11 5.53
2 12 5.644
2 13 5.052
2 14 5.333
2 15 5.902
2 16 6.518
2 17 5.107
2 18 5.288
2 19 4.194
2 20 6.272
2 21 5.668
2 22 6.238
2 23 5.058
2 24 4.66
2 25 5.98
2 26 5.978
2 27 4.78
2 28 4.991
2 29 6.963
2 30 7.222
2 31 3.86
2 32 4.098
2 37 3.687
2 38 2.478
3 4 5.377
3 5 5.581
3 6 5.033
3 7 5.509
3 8 4.549
3 9 4.146
3 10 4.616
3 11 4.144
3 12 5.939
3 13 4.842
3 14 4.992
3 15 4.807
3 16 5.03
3 17 5.307
3 18 3.636
3 19 4.213
3 20 3.992
3 21 4.817
3 22 5.583
3 23 5.301
3 24 6.281
3 25 5.52
3 26 3.437
3 27 6.089
3 28 3.122
3 29 4.605
3 30 3.562
3 31 6.027
3 32 5.706
3 39 3.265
3 40 2.955
4 5 4.5
4 6 6.223
4 7 6.09
4 8 4.771
4 9 5.238
4 10 5.114
4 11 4.237
4 12 4.242
4 13 5.71
4 14 5.59
4 15 3.816
4 16 6.1
4 17 2.968
4 18 4.965
4 19 6.081
4 20 4.628
4 21 6.397
4 22 6.424
4 23 4.862
4 24 4.641
4 25 5.247
4 26 5.577
4 27 4.601
4 28 5.911
4 29 3.039
4 30 3.872
4 31 7.238
4 32 5.146
4 41 3.944
4 42 2.278
5 6 3.134
5 7 2.277
5 8 4.133
5 9 3.285
5 10 5.33
5 11 3.757
5 12 6.068
5 13 5.142
5 14 3.615
5 15 4.373
5 16 4.745
5 17 4.802
5 18 4.277
5 19 2.812
5 20 4.991
5 21 4.641
5 22 6.158
5 23 7.445
5 24 7.092
5 25 4.026
5 26 5.285
5 27 4.351
5 28 4.196
5 29 5.771
5 30 6.693
5 31 7.252
5 32 4.571
5 43 3.406
5 44 2.611
6 7 6.097
6 8 4.805
6 9 6.072
6 10 6.009
6 11 3.959
6 12 5.69
6 13 6.244
6 14 5.765
6 15 4.807
6 16 4.509
6 17 5.543
6 18 6.71
6 19 4.494
6 20 5.875
6 21 4.538
6 22 6.046
6 23 4.841
6 24 4.505
6 25 4.807
6 26 4.734
6 27 4.814
6 28 4.622
6 29 4.658
6 30 5.399
6 31 5.543
6 32 4.33
6 45 2.557
6 46 2.028
7 8 3.241
7 9 4.848
7 10 4.545
7 11 5.886
7 12 7.126
7 13 5.045
7 14 3.57
7 15 2.652
7 16 5.932
7 17 4.945
7 18 5.967
7 19 4.193
7 20 4.844
7 21 4.977
7 22 7.38
7 23 6.482
7 24 4.862
7 25 2.861
7 26 5.926
7 27 5.343
7 28 6.278
7 29 3.096
7 30 5.952
7 31 5.352
7 32 4.924
7 47 2.141
7 48 3.632
8 9 6.942
8 10 4.954
8 11 5.053
8 12 5.303
8 13 5.756
8 14 4.207
8 15 6.534
8 16 5.574
8 17 4.035
8 18 4.629
8 19 5.947
8 20 6.803
8 21 5.668
8 22 4.468
8 23 5.031
8 24 5.451
8 25 6.478
8 26 4.814
8 27 5.207
8 28 6.211
8 29 5.833
8 30 4.551
8 31 4.365
8 32 4.256
8 49 1.709
8 50 3.002
9 10 6.115
9 11 4.465
9 12 5.973
9 13 2.892
9 14 4.504
9 15 5.496
9 16 4.49
9 17 4.676
9 18 3.777
9 19 4.713
9 20 5.617
9 21 4.55
9 22 4.641
9 23 4.728
9 24 4.823
9 25 4.943
9 26 6.639
9 27 5.169
9 28 5.306
9 29 6.653
9 30 7.025
9 31 4.524
9 32 5.057
9 51 3.65
9 52 2.532
10 11 5.187
10 12 5.858
10 13 4.966
10 14 5.18
10 15 4.627
10 16 4.935
10 17 6.549
10 18 6.372
10 19 5.053
10 20 5.653
10 21 5.707
10 22 5.949
10 23 5.134
10 24 4.077
10 25 5.159
10 26 5.155
10 27 3.703
10 28 5.271
10 29 5.063
10 30 4.649
10 31 5.52
10 32 4.307
10 53 3.727
10 54 3.262
11 12 5.411
11 13 5.093
11 14 4.122
11 15 4.608
11 16 5.503
11 17 5.154
11 18 3.921
11 19 3.439
11 20 5.149
11 21 5.556
11 22 4.235
11 23 7.151
11 24 4.845
11 25 4.599
11 26 3.846
11 27 5.439
11 28 5.299
11 29 3.618
11 30 3.143
11 31 4.642
11 32 6.117
11 55 1.963
11 56 2.114
12 13 5.572
12 14 3.63
12 15 5.872
12 16 5.279
12 17 6.013
12 18 6.207
12 19 3.797
12 20 4.686
12 21 6.747
12 22 4.626
12 23 4.159
12 24 5.13
12 25 5.691
12 26 5.436
12 27 4.216
12 28 4.367
12 29 4.25
12 30 3.014
12 31 5.833
12 32 6.851
12 57 4.049
12 58 3.517
13 14 4.431
13 15 5.965
13 16 5.818
13 17 5.919
13 18 4.089
13 19 5.865
13 20 5.043
13 21 6.05
13 22 6.363
13 23 4.66
13 24 3.563
13 25 4.204
13 26 5.449
13 27 4.867
13 28 5.887
13 29 4.584
13 30 6.086
13 31 3.769
13 32 5.795
13 59 2.009
13 60 4.529
14 15 5.929
14 16 4.084
14 17 5.013
14 18 4.962
14 19 4.503
14 20 5.693
14 21 4.061
14 22 5.201
14 23 4.73
14 24 4.442
14 25 4.224
14 26 4.373
14 27 4.03
14 28 3.62
14 29 5.057
14 30 4.408
14 31 5.241
14 32 4.518
14 61 1.787
14 62 2.653
15 16 4.671
15 17 5.307
15 18 5.921
15 19 3.122
15 20 4.462
15 21 4.017
15 22 7.217
15 23 4.723
15 24 5.673
15 25 5.835
15 26 5.149
15 27 5.19
15 28 4.835
15 29 5.171
15 30 4.383
15 31 4.591
15 32 4.337
15 63 1.919
15 64 3.367
16 17 4.252
16 18 3.282
16 19 5.199
16 20 5.063
16 21 4.282
16 22 4.581
16 23 4.745
16 24 6.616
16 25 5.118
16 26 3.459
16 27 5.587
16 28 6.983
16 29 4.188
16 30 2.599
16 31 4.493
16 32 3.766
16 65 3.44
16 66 2.761
17 18 4.288
17 19 4.763
17 20 6.403
17 21 5.735
17 22 3.087
17 23 4.621
17 24 3.236
17 25 5.733
17 26 3.363
17 27 4.493
17 28 4.709
17 29 3.288
17 30 4.729
17 31 4.358
17 32 5.13
17 67 3.345
17 68 3.44
18 19 5.852
18 20 4.981
18 21 5.712
18 22 4.379
18 23 6.908
18 24 4.692
18 25 2.737
18 26 4.467
18 27 6.781
18 28 5.714
18 29 5.066
18 30 3.812
18 31 5.85
18 32 3.797
18 69 3.327
18 70 2.283
19 20 3.364
19 21 4.698
19 22 4.234
19 23 4.218
19 24 5.309
19 25 6.003
19 26 5.383
19 27 5.621
19 28 6.464
19 29 4.069
19 30 4.584
19 31 3.9
19 32 3.789
19 71 2.667
19 72 2.844
20 21 3.977
20 22 4.622
20 23 7.695
20 24 6.156
20 25 4.983
20 26 5.157
20 27 4.454
20 28 5.854
20 29 5.058
20 30 4.033
20 31 5.449
20 32 7.098
20 73 1.634
20 74 5.116
21 22 4.589
21 23 5.62
21 24 4.567
21 25 5.091
21 26 4.644
21 27 3.368
21 28 5.843
21 29 5.014
21 30 5.869
21 31 5.275
21 32 5.978
21 75 2.022
21 76 1.681
22 23 3.852
22 24 3.653
22 25 7.627
22 26 6.305
22 27 2.822
22 28 6.265
22 29 5.043
22 30 5.738
22 31 6.077
22 32 3.978
22 77 4.164
22 78 3.312
23 24 3.562
23 25 4.514
23 26 3.62
23 27 5.025
23 28 6.643
23 29 5.57
23 30 4.359
23 31 7.408
23 32 5.851
23 79 2.891
23 80 3.447
24 25 6.763
24 26 4.538
24 27 3.707
24 28 5.615
24 29 4.367
24 30 4.35
24 31 4.343
24 32 5.168
24 81 3.509
24 82 4.797
25 26 5.714
25 27 5.227
25 28 4.482
25 29 6.064
25 30 3.492
25 31 3.398
25 32 4.067
25 83 3.354
25 84 2.381
26 27 4.475
26 28 5.819
26 29 6.695
26 30 3.568
26 31 5.15
26 32 5.182
26 85 3.21
26 86 4.347
27 28 7.729
27 29 4.91
27 30 3.825
27 31 5.826
27 32 5.041
27 87 3.735
27 88 1.135
28 29 5.69
28 30 6.235
28 31 5.827
28 32 5.372
28 89 4.156
28 90 3.343
29 30 6.124
29 31 5.041
29 32 4.813
29 91 3.53
29 92 4.285
30 31 7.019
30 32 6.176
30 93 5.141
30 94 2.797
31 32 5.164
31 95 2.037
31 96 2.084
32 97 3.451
32 98 4.009
33 35 5.371
34 36 2.714
37 39 1.957
38 40 3.917
41 43 2.007
42 44 3.685
45 47 2.383
46 48 2.224
49 51 2.118
50 52 3.253
53 55 3.945
54 56 4.047
57 59 0.752
58 60 5.262
61 63 2.133
62 64 4.175
65 67 1.821
66 68 1.836
69 71 2.518
70 72 1.645
73 75 2.856
74 76 4.287
77 79 1.488
78 80 4.049
81 83 3.615
82 84 3.149
85 87 3.257
86 88 2.04
89 91 3.879
90 92 2.559
93 95 3.343
94 96 1.764