99
80 58 11.23
14 55 93
7 11 37.22
83 20 80
86 94 2
58 42 49
92 12 62.16
47 36 71
50 47 7
44 82 2
59 63 55
81 64 34
0 74 67
6 39 66
48 5 92
24 41 72
19 89 87
30 83 59
3 28 49
87 23 35
9 37 66
97 37 42.7
67 33 62
94 27 10
61 10 39
16 54 28
43 60 97
58 3 8
65 52 37
37 55 30
23 97 7
8 28 69
12 10 91
51 12 2
19 81 21
70 68 47
34 50 8
3 97 56
30 12 51
78 71 92
14 61 13
39 42 32
32 88 72
35 13 84
51 66 40
26 97 65
37 86 43
55 9 98
14 42 35
50 30 41
21 37 14
43 33 81
26 72 98
50 15 90.01
74 98 10
41 4 29
95 93 19.06
25 10 39
83 17 95
3 8 81
31 56 72
54 82 20
68 87 70
13 48 21
97 49 36
0 80 93
34 59 83
19 49 79
14 71 49
60 2 6
32 0 39
26 67 39
60 96 67
9 88 39
17 41 86
13 67 13
92 77 72
81 33 66
73 67 41
72 49 63
8 79 31
50 53 29
42 59 53
38 77 41
69 23 51
31 37 69
20 8 43
68 14 65
83 8 97
94 80 28
58 10 12
34 6 73
59 30 72
74 75 30
98 64 21
1 65 84
19 7 15
66 77 43
24 15 15
42 33 34
61 22 71
62 21 75
95 13 86
89 59 23
40 17 16
24 79 76
14 84 83
63 39 30
33 0 79
91 29 93
71 89 10
75 50 13
43 14 92
56 36 2
53 31 29
22 64 22
86 57 26
22 71 50
46 23 71
88 21 74
7 37 77
89 77 79
65 27 6
25 54 29
72 42 61
71 19 96
62 35 33
36 16 14
37 18 79
58 18 10
35 49 7
96 6 36
50 68 39
69 10 8
29 36 84
42 45 88
6 70 67
29 51 37
28 92 32
96 42 44
30 19 28
15 46 39
8 5 98
21 41 66
82 80 30
60 59 24
75 87 63.33
85 34 65
89 87 83
85 52 46
41 28 99
65 71 58
90 72 49
37 83 63
31 76 57
