100
0 31 89.81
0 43 78.39
0 45 62.557
0 71 55.21
0 28 8.781
0 36 66.156
0 88 33.499
0 93 56.722
1 44 42.904
1 45 83.076
1 68 67.233
1 5 4.174
1 20 76.708
1 22 70.626
1 33 35.666
1 92 61.71
2 40 50.293
2 67 38.225
2 72 3.142
2 73 29.129
2 10 1.076
2 32 70.552
2 65 53.29
2 77 55.135
3 18 11.824
3 70 21.949
3 7 26.711
3 81 91.678
4 16 22.751
4 20 19.72
4 23 15.478
4 56 49.906
4 60 30.82
4 77 98.134
4 70 48.463
4 72 32.168
5 24 59.276
5 31 15.632
5 70 64.471
5 71 72.599
5 11 34.856
5 14 14.419
5 42 33.097
6 24 53.953
6 43 39.977
6 50 41.179
6 55 61.855
6 62 46.931
6 90 42.935
6 93 66.933
6 97 95.219
7 79 62.301
7 31 59.942
7 43 16.66
7 85 72.588
7 91 13.49
8 41 42.334
8 45 75.28
8 61 82.44
8 82 52.585
8 30 69.312
8 33 79.966
8 40 77.232
8 46 10.286
9 51 25.92
9 54 30.411
9 68 99.2
9 97 66.556
9 10 89.33
9 62 56.967
9 69 55.457
10 21 51.87
10 37 52.384
10 38 45.459
10 42 93.554
10 75 42.494
10 87 78.063
11 11 32.139
11 70 41.681
11 73 65.354
11 19 99.068
11 37 85.088
12 14 19.243
12 32 93.447
12 72 89.745
12 77 56.296
12 85 93.783
13 30 58.529
13 31 25.946
13 39 90.15
13 54 31.306
13 64 11.946
13 67 94.606
13 71 68.494
13 74 58.377
14 33 27.911
14 54 72.419
14 60 27.906
14 87 40.749
14 67 70.184
14 92 27.462
15 16 28.983
15 66 68.541
15 82 20.826
15 63 14.651
15 75 97.86
16 23 11.582
16 28 50.703
16 33 25.175
16 55 23.241
16 81 82.04
16 92 33.615
17 33 14.678
17 47 11.987
17 79 93.845
17 90 78.772
17 26 96.807
17 37 94.258
17 39 65.052
17 45 61.928
18 29 85.033
18 30 47.079
18 32 60.436
18 55 45.167
18 81 41.93
18 99 26.472
18 87 14.326
19 29 13.488
19 34 55.006
19 44 66.036
19 23 51.894
19 48 28.511
19 83 22.93
19 98 52.426
20 29 62.472
20 39 85.837
20 41 24.648
20 45 7.219
20 69 47.106
20 70 2.325
21 22 42.578
21 37 36.506
21 49 18.543
21 61 29.284
21 76 5.217
21 24 55.198
21 28 2.4
22 51 51.648
22 64 28.304
22 76 70.034
22 88 42.411
23 27 89.21
23 33 74.286
23 94 12.295
24 27 4.946
24 34 42.142
24 57 76.455
24 61 75.574
24 62 24.805
25 47 70.31
25 49 86.531
25 72 94.025
25 66 2.487
25 67 22.762
25 89 72.182
26 28 56.998
26 35 56.702
26 47 84.45
26 64 5.416
26 83 13.773
26 89 79.944
26 91 71.417
27 35 2.807
27 40 61.507
27 44 73.871
27 86 89.3
27 45 81.942
27 55 53.34
28 57 63.835
28 75 89.331
28 82 66.623
28 87 26.096
29 29 50.961
29 41 72.815
29 47 81.461
29 49 26.442
29 71 11.052
30 54 64.381
30 68 13.242
30 69 97.08
30 74 3.168
30 80 71.497
31 70 41.309
31 57 86.998
32 73 40.576
32 34 68.152
32 36 63.18
32 37 79.287
32 55 1.092
33 40 88.346
33 42 10.564
34 56 38.779
34 59 51.191
34 63 92.363
34 74 53.15
34 77 75.844
35 58 82.709
35 97 69.435
35 53 94.904
35 59 32.007
35 60 99.975
36 86 31.375
36 45 14.843
36 65 0.384
37 74 45.226
37 98 57.274
37 51 84.885
38 58 81.443
38 67 1.16
38 82 69.529
38 49 99.524
38 55 89.822
38 74 86.974
38 98 46.518
39 55 56.154
39 68 6.34
39 83 57.747
39 92 92.469
39 62 84.991
40 43 39.3
40 52 64.966
40 70 45.782
40 77 37.337
41 71 42.891
41 72 20.969
41 81 27.106
41 84 79.506
41 90 18.642
42 48 72.58
42 54 92.67
42 61 49.073
42 69 94.629
42 76 72.036
43 73 61.899
43 80 25.032
44 59 95.024
44 76 40.887
44 81 46.321
44 86 9.635
44 94 49.613
45 51 32.999
46 78 97.871
46 48 35.181
46 68 11.775
47 49 73.181
47 52 39.091
47 54 89.665
47 69 7.941
48 60 79.311
48 67 43.501
48 80 46.838
48 83 0.967
48 88 86.137
49 60 78.503
49 87 36.419
50 62 73.431
50 77 54.404
50 90 71.037
50 60 16.772
50 89 50.914
51 58 22.94
51 68 88.196
51 72 57.787
51 86 32.605
52 63 11.275
52 73 58.25
52 84 56.628
53 60 72.674
53 69 28.524
53 87 22.616
53 71 91.654
54 63 51.656
54 70 72.007
55 64 89.525
56 86 71.378
56 92 27.515
56 66 55.352
57 58 54.228
57 71 58.001
57 73 51.342
57 81 57.503
57 96 62.824
58 58 83.022
58 65 19.25
58 78 84.568
58 68 75.064
59 65 20.992
59 71 88.655
59 60 35.586
61 80 41.385
62 85 17.274
62 90 57.099
62 97 22.217
63 99 42.245
64 86 77.514
64 87 20.574
65 65 66.256
65 76 28.567
65 77 32.972
65 89 55.811
66 89 73.52
66 90 98.945
67 69 12.88
68 72 1.362
69 89 42.753
72 86 35.794
73 92 89.658
74 97 17.666
74 90 19.72
74 91 94.237
75 80 46.935
75 86 75.586
76 78 10.435
76 79 84.059
76 83 66.339
77 87 33.288
78 84 15.028
78 97 69.465
80 97 50.671
80 98 23.376
81 83 17.681
81 90 33.155
82 91 99.832
83 98 41.545
84 98 60.966
88 91 20.447
88 92 58.274
94 95 8.707
94 98 26.468
95 99 68.905
97 97 20.842
98 99 80.524