99
0 57 24
0 9 38
0 18 98
0 36 9
0 39 94
0 49 73
0 64 31
0 75 36
0 91 97
0 92 59
0 97 51
1 91 69
1 10 40
1 12 37
1 25 79
1 27 61
1 36 5
1 41 65
1 49 58
1 53 83
1 60 60
1 73 29
1 74 8
1 77 64
1 80 93
1 85 74
1 92 49
1 94 26
1 96 55
2 15 76
2 7 7
2 3 19
2 19 60
2 25 98
2 27 41
2 28 56
2 29 2
2 30 33
2 40 87
2 48 84
2 54 77
2 59 54
2 62 83
2 64 65
2 72 19
2 73 84
2 78 63
3 78 72
3 83 57
3 47 9
3 34 69
3 81 22
3 84 90
3 91 42
4 78 31
4 5 83
4 9 4
4 12 2
4 28 20
4 35 91
4 47 59
4 51 26
4 58 61
4 62 62
4 64 87
4 72 18
4 79 48
4 83 24
4 97 21
5 40 73
5 77 36
5 56 22
5 9 57
5 14 25
5 20 54
5 23 38
5 29 73
5 43 87
5 44 66
5 48 73
5 57 14
5 59 13
5 75 17
5 78 90
5 85 96
6 50 39
6 7 83
6 10 20
6 18 46
6 22 10
6 32 50
6 38 76
6 45 51
6 66 46
6 75 33
6 82 53
6 97 43
7 70 46
7 84 49
7 97 47
7 9 76
7 23 82
7 26 82
7 29 53
7 31 11
7 37 31
7 46 47
7 51 77
7 52 57
7 60 24
7 75 87
7 83 79
8 9 69
8 76 27
8 89 23
8 62 27
8 16 2
8 30 82
8 31 31
8 41 98
8 43 23
8 56 59
8 57 74
8 77 43
9 11 4
9 18 43
9 33 89
9 34 68
9 44 97
9 46 22
9 54 23
9 56 48
9 61 55
9 69 94
9 73 72
9 82 28
9 83 58
9 89 81
9 93 94
9 97 33
10 23 3
10 38 31
10 96 19
10 34 44
10 14 13
10 19 96
10 21 1
10 54 86
10 57 34
10 61 13
10 66 72
10 69 28
10 73 8
10 82 29
10 93 92
11 33 32
11 55 25
11 25 25
11 27 50
11 30 78
11 38 79
11 39 7
11 46 69
11 53 62
11 58 67
11 62 42
11 63 47
11 64 37
11 73 34
12 69 5
12 87 71
12 45 30
12 13 55
12 16 44
12 28 5
12 36 94
12 38 52
12 40 83
12 42 1
12 44 87
12 51 93
12 66 56
12 77 56
12 86 61
12 89 12
12 95 22
12 96 80
12 98 22
13 24 71
13 92 39
13 14 95
13 15 54
13 16 47
13 33 75
13 43 62
13 49 51
13 70 77
13 86 69
13 91 53
14 27 56
14 31 74
14 36 12
14 45 69
14 50 64
14 60 84
14 67 96
14 74 86
14 75 33
14 90 40
14 91 66
14 96 90
15 22 24
15 20 89
15 32 37
15 39 21
15 40 89
15 43 40
15 46 66
15 49 90
15 50 20
15 59 74
15 74 61
15 76 54
15 82 85
16 30 16
16 43 74
16 18 77
16 24 69
16 32 97
16 33 80
16 47 30
16 50 74
16 51 6
16 60 36
16 77 92
16 78 1
16 82 41
16 83 98
16 91 67
17 20 99
17 92 35
17 26 66
17 32 67
17 38 29
17 39 7
17 45 74
17 53 41
17 59 83
17 68 29
17 70 71
17 74 70
17 76 94
17 83 56
18 28 79
18 74 85
18 27 28
18 51 2
18 68 30
18 69 81
18 84 42
18 87 43
18 94 47
19 93 69
19 62 37
19 27 83
19 37 65
19 42 24
19 48 47
19 65 64
19 66 14
19 82 55
19 83 47
19 89 40
19 96 73
20 21 78
20 26 30
20 32 17
20 44 28
20 54 83
20 57 44
20 58 45
20 59 1
20 60 71
20 65 37
20 71 33
20 79 81
20 85 42
20 86 63
20 92 35
21 24 92
21 28 57
21 30 41
21 40 36
21 42 86
21 45 71
21 48 9
21 56 80
21 61 14
21 68 5
21 71 72
21 72 17
21 89 33
21 98 9
22 92 72
22 24 92
22 35 71
22 41 44
22 53 67
22 70 17
22 81 2
22 83 81
22 89 9
22 95 66
22 96 22
23 25 34
23 32 69
23 35 22
23 50 12
23 63 26
23 70 53
23 76 22
23 82 58
23 84 28
23 90 89
23 98 44
24 27 91
24 31 9
24 38 94
24 54 77
24 58 23
24 75 12
24 83 51
24 88 71
24 92 68
25 60 78
25 57 77
25 79 70
25 68 30
25 50 3
25 55 29
25 63 46
25 69 98
25 81 34
25 87 18
25 95 75
25 97 70
26 95 98
26 30 54
26 45 90
26 47 76
26 53 57
26 56 86
26 58 34
26 61 3
26 62 65
26 69 50
26 70 44
26 75 22
26 81 46
26 82 93
27 82 68
27 44 42
27 59 1
27 60 49
27 69 79
27 70 52
27 84 38
27 90 99
28 33 6
28 46 67
28 48 7
28 49 92
28 55 4
28 81 21
28 85 92
28 88 84
28 91 24
28 93 34
28 96 95
29 75 53
29 77 99
29 44 78
29 45 55
29 48 54
29 53 64
29 73 89
29 86 31
29 88 63
29 94 30
29 95 84
30 33 80
30 41 84
30 47 12
30 65 9
30 72 49
30 73 77
30 76 62
30 80 52
30 83 5
30 90 97
30 98 44
31 35 1
31 95 79
31 34 82
31 51 49
31 58 73
31 65 23
31 70 60
31 74 23
31 83 91
32 59 98
32 45 12
32 47 5
32 61 79
32 87 99
32 88 59
32 96 60
33 82 71
33 37 86
33 43 23
33 52 86
33 65 75
33 68 36
33 71 52
33 74 34
33 81 17
33 83 18
33 93 86
34 97 49
34 88 47
34 39 34
34 44 36
34 72 63
34 94 61
35 43 82
35 47 35
35 49 43
35 55 92
35 62 94
35 75 20
35 86 90
35 88 34
35 95 26
36 58 66
36 48 53
36 52 58
36 54 22
36 57 50
36 65 23
36 70 18
36 72 89
36 73 86
36 78 59
36 79 67
36 80 83
36 82 26
36 84 97
36 92 38
36 98 89
37 64 91
37 47 72
37 43 2
37 50 98
37 53 78
37 66 25
37 69 39
37 71 52
37 76 84
37 94 84
37 95 36
37 96 29
38 44 71
38 50 96
38 60 74
38 65 46
38 72 32
38 75 3
38 81 38
38 84 60
38 96 95
39 80 73
39 44 89
39 43 60
39 49 83
39 51 98
39 53 32
39 56 7
39 68 41
39 79 22
39 92 52
39 93 3
39 94 21
40 49 5
40 61 13
40 79 94
40 90 24
40 98 49
41 44 66
41 50 63
41 61 75
41 71 86
41 75 27
41 97 64
41 98 42
42 70 28
42 54 4
42 55 13
42 60 72
42 71 18
42 74 22
42 90 10
43 98 93
43 50 86
43 62 11
43 73 39
43 87 37
44 90 76
44 93 95
44 50 96
44 55 55
44 61 15
44 62 98
44 65 36
44 68 35
44 72 26
44 73 8
44 75 97
44 76 24
45 71 43
45 58 58
45 63 3
45 67 44
45 68 74
45 79 67
45 87 45
45 94 42
46 57 46
46 48 96
46 49 49
46 51 52
46 53 81
46 58 39
46 59 58
46 65 38
46 66 94
46 74 42
46 78 70
46 86 99
46 89 1
46 90 28
46 97 19
47 54 57
47 58 71
47 70 77
47 82 4
47 84 17
47 91 49
47 92 59
47 93 83
48 63 55
48 71 79
48 79 7
49 61 64
49 50 38
49 51 42
49 52 50
49 53 91
49 57 76
49 60 61
49 67 2
49 71 29
49 80 2
50 98 62
50 52 15
50 54 18
50 55 18
50 58 87
50 81 99
50 84 39
51 58 92
51 96 57
51 64 42
51 71 41
51 74 91
51 76 36
51 79 77
51 82 64
51 85 14
52 62 13
52 94 6
52 58 39
52 76 20
52 89 43
53 55 63
53 58 79
53 70 84
53 78 7
53 81 77
53 85 13
53 94 58
54 94 21
54 59 80
54 60 60
54 66 61
54 74 98
54 76 6
54 79 81
54 85 37
55 67 18
55 60 34
55 69 25
55 70 27
55 79 92
55 88 43
55 90 27
56 74 45
56 81 44
56 71 11
56 68 54
56 70 12
56 72 78
56 80 85
56 86 38
56 88 32
56 89 5
56 98 34
57 72 87
57 68 54
57 70 50
57 73 42
57 75 85
57 77 53
57 85 25
58 68 59
58 76 27
58 79 74
58 83 42
58 91 74
58 92 62
58 97 10
59 73 92
59 97 24
59 77 5
59 80 68
59 85 85
59 88 49
59 93 2
60 69 81
60 71 80
60 79 44
60 91 76
60 92 32
61 65 2
61 72 54
61 67 72
61 69 14
61 75 40
61 78 46
61 94 56
61 97 19
62 89 42
62 91 16
63 95 75
63 74 57
63 75 85
63 80 90
63 88 51
64 65 60
64 76 61
64 82 54
64 86 46
64 93 10
65 80 49
65 83 61
66 98 34
66 73 39
66 87 46
66 88 90
66 93 47
66 95 64
67 71 28
67 70 52
67 73 27
67 85 50
67 86 46
67 87 8
67 91 98
67 98 35
68 86 87
68 74 2
68 83 20
68 88 25
68 93 60
69 70 89
69 83 75
69 96 35
69 97 20
70 75 75
70 76 94
70 77 21
70 84 42
70 85 15
70 90 61
71 76 82
71 87 30
71 90 31
71 91 53
71 97 56
72 77 59
72 78 25
72 92 87
73 80 22
73 98 75
74 77 58
74 83 12
74 86 72
74 93 77
75 82 38
75 85 18
75 89 18
75 97 77
76 80 20
76 81 41
76 95 30
77 86 36
77 88 28
77 90 50
77 93 83
78 90 16
78 93 17
78 94 23
78 95 93
79 80 50
79 82 32
79 91 67
80 94 72
80 96 44
81 83 8
81 90 87
81 91 9
82 95 97
82 97 43
83 93 56
83 95 62
84 94 14
84 87 2
84 89 28
85 97 9
85 87 66
85 94 89
86 91 27
86 92 54
87 91 66
87 96 25
88 95 19
92 96 22
93 96 29