89
84 31 76.983
42 49 92.911
59 48 1.575
86 50 46.861
39 70 98.208
10 66 98.673
63 62 27.5
31 85 41.766
42 67 98.859
76 54 92.751
25 11 45.123
25 6 97.914
67 72 56.47
23 7 33.196
36 41 10.855
72 45 43.9
27 46 51.066
78 51 92.94
8 69 98.05
31 51 39.074
80 84 72.041
31 40 68.073
58 74 55.321
11 34 60.188
10 50 38.066
38 54 11.219
69 30 88.89
84 16 86.65
34 6 16.583
54 69 65.056
9 38 17.232
62 8 18.109
70 54 51.358
50 74 29.799
15 2 62.185
15 19 92.485
56 49 75.49
29 16 75.195
1 13 39.143
87 24 49.539
68 28 41.101
5 88 44.067
87 62 56.018
55 35 12.395
23 72 24.737
48 35 14.945
77 46 63.265
75 11 34.775
64 42 88.571
71 74 32.388
32 80 89.937
65 82 95.927
58 35 17.301
42 59 68.001
58 71 8.145
53 48 46.362
16 78 23.055
22 36 75.998
7 20 57.055
37 12 83.095
34 17 78.161
68 24 26.791
88 72 81.144
6 58 40.185
5 45 82.53
88 30 78.511
81 62 72.759
87 61 12.486
23 10 33.1
13 6 80.538
31 8 80.853
88 18 72.105
78 65 58.207
18 72 98.213
64 23 40.962
24 50 18.684
73 55 68.212
11 23 4.954
9 84 14.681
72 50 94.2
76 85 98.001
45 13 60.502
27 84 93.275
24 40 39.263
31 58 26.674
31 74 66.101
10 53 79.317
11 77 23.502
48 29 91.67
0 1 45.961
1 2 1.381
2 3 22.913
3 4 72.837
4 5 20.514
5 6 26.802
6 7 95.022
7 8 57.741
8 9 87.532
9 10 41.267
10 11 18.744
11 12 55.707
12 13 72.873
13 14 51.272
14 15 49.436
15 16 26.248
16 17 89.942
17 18 27.799
18 19 67.149
19 20 36.568
20 21 82.984
21 22 70.76
22 23 91.574
23 24 6.662
24 25 68.68
25 26 58.183
26 27 49.436
27 28 62.683
28 29 71.23
29 30 61.595
30 31 81.16
31 32 12.626
32 33 94.533
33 34 60.551
34 35 94.454
35 36 75.396
36 37 60.92
37 38 42.792
38 39 64.629
39 40 57.894
40 41 8.069
41 42 80.513
42 43 65.539
43 44 42.131
44 45 49.979
45 46 11.679
46 47 53.325
47 48 46.317
48 49 69.386
49 50 57.288
50 51 91.85
51 52 61.602
52 53 37.606
53 54 37.327
54 55 47.705
55 56 78.85
56 57 31.497
57 58 81.518
58 59 89.369
59 60 17.064
60 61 29.756
61 62 18.504
63 64 29.682
64 65 67.384
65 66 27.388
66 67 96.627
67 68 97.852
68 69 46.28
69 70 67.704
70 71 68.25
71 72 8.546
72 73 47.021
73 74 53.558
74 75 46.109
75 76 76.309
76 77 16.088
77 78 95.931
78 79 64.639
79 80 83.85
80 81 41.586
81 82 15.133
82 83 37.321
83 84 78.185
84 85 38.812
85 86 7.751
86 87 57.759
87 88 85.676
