99
30 48 22.758
30 72 13.574
45 90 15.904
98 35 23.961
15 37 20.154
98 21 20.796
17 58 21.136
50 11 15.906
36 32 10.456
78 73 23.58
72 11 24.086
14 47 13.525
37 67 12.307
16 36 24.074
87 42 21.285
4 11 24.639
25 86 16.313
51 48 11.686
91 88 11.927
85 41 20.608
2 43 20.713
73 38 16.629
60 63 16.978
26 30 23.999
38 57 13.441
27 32 10.428
0 4 18.039
60 19 24.763
52 26 14.652
12 86 20.277
84 34 15.165
81 66 12.105
51 65 11.5
1 78 24.351
7 96 14.855
7 78 17.991
63 43 18.947
12 50 21.825
7 87 15.334
49 26 11.75
64 30 11.78
0 78 15.633
77 95 14.854
17 71 22.898
78 92 16.195
25 81 11.971
96 68 20.794
27 82 5.141
82 73 8.0
89 81 23.921
93 66 11.461
92 75 7.64
22 74 13.546
84 95 12.068
82 75 9.777
46 69 24.197
46 58 22.216
83 56 14.039
51 80 19.12
6 50 21.511
60 9 16.079
35 48 16.673
85 65 22.853
40 0 28.731
1 73 11.052
25 44 21.741
29 85 23.752
67 17 19.356
90 92 20.777
14 5 11.041
53 49 21.178
3 25 16.677
68 91 20.933
71 36 22.235
54 83 24.156
71 43 17.094
64 9 19.358
22 81 24.276
39 82 17.147
81 13 11.301
98 2 12.386
50 54 15.706
75 48 18.689
21 22 28.03
79 68 13.402
73 54 12.871
21 62 17.66
92 6 18.36
19 17 27.277
33 31 14.011
69 65 12.879
81 4 12.743
49 4 19.319
17 98 13.286
94 98 10.537
89 64 10.798
74 89 16.61
61 71 24.403
43 53 23.009
12 38 22.559
29 24 12.846
89 39 14.342
41 70 18.987
32 76 12.396
78 10 7.817
16 60 17.879
98 43 18.368
48 82 8.437
80 49 20.662
36 57 17.905
48 36 19.783
10 27 10.249
68 11 22.016
46 82 16.494
97 11 19.262
56 16 12.899
67 40 17.1
65 50 20.257
31 46 12.188
91 2 23.987
63 6 11.874
85 11 21.022
61 2 13.758
23 33 24.742
28 38 22.602
66 20 22.376
63 56 18.144
17 48 19.292
84 69 22.985
81 2 16.62
82 76 6.675
40 43 18.947
3 97 23.715
91 71 14.659
17 62 15.247
4 41 13.758
76 23 23.411
37 23 20.947
27 14 13.216
60 11 15.38
79 54 15.232
74 93 22.656
8 91 20.39
69 37 11.321
61 11 20.778
59 32 12.832
73 46 14.55
14 86 19.258
12 84 15.728
81 75 6.914
43 74 22.544
31 87 11.661
95 25 12.571
13 7 12.857
82 15 7.798
21 8 16.557
94 12 13.485
54 45 15.006
29 76 21.491
57 39 18.6
37 54 20.533
89 72 14.128
94 2 19.14
16 26 23.346
84 37 12.839
56 7 16.055
72 75 14.141
42 2 12.343
37 60 16.083
2 88 18.041
12 26 18.804
52 8 15.456
47 92 16.392
29 77 13.341
73 57 11.105
57 22 14.463
9 53 14.592
15 92 20.872
86 38 13.838
34 25 16.017
59 61 19.534
32 43 9.851
47 36 11.607
25 36 14.981
11 14 15.92
74 41 22.695
93 33 14.043
19 11 16.583
82 34 18.757
63 52 19.524
33 64 16.959
34 77 16.971
87 38 11.738
59 30 18.225
55 49 14.616
23 69 18.67
62 66 12.268
41 57 21.327
61 42 29.275
68 59 23.761
51 15 19.256
27 31 10.362
24 43 17.151
24 72 23.918
8 11 20.174
31 82 14.476
21 19 24.366
96 41 23.998
14 37 12.038
49 97 11.681
57 93 16.093
79 82 11.243
10 33 8.2
67 13 20.979
47 42 13.936
48 49 13.274
77 13 15.876
53 92 19.074
83 75 8.446
88 82 15.54
44 36 19.458
90 94 7.669
66 78 20.665
17 90 22.033
14 51 16.689
33 42 19.01
94 52 10.486
77 44 18.479
35 74 15.485
65 31 11.498
15 50 11.425
92 61 17.8
77 66 13.212
73 58 24.841
58 47 23.862
28 87 15.241
82 68 16.864
83 35 13.021
79 88 18.305
24 79 11.405
40 38 27.466
25 32 11.657
24 61 19.982
43 94 9.082
39 15 20.412
2 57 19.266
37 52 17.062
73 24 21.554
29 69 11.163
18 68 14.133
56 92 19.152
40 49 28.674
65 18 13.505
34 28 19.741
13 82 11.143
60 68 18.746
51 66 24.442
90 52 14.932
20 93 16.744
18 25 17.815
83 28 21.817
58 91 17.28
47 57 19.06
47 83 21.71
56 25 19.431
69 28 23.507
16 37 24.626
95 19 14.457
58 37 18.202
81 18 18.904
93 95 19.038
84 68 15.746
74 70 19.053
80 65 15.981
55 62 21.971
85 23 24.159
72 67 20.992
20 95 13.638
85 86 20.941
23 45 22.8
19 40 16.205
29 45 16.365
92 96 20.627
68 75 19.473
41 87 21.985
18 91 16.862
53 87 24.684
80 96 22.997
62 45 18.494
24 60 14.578
84 61 14.108
75 62 7.435
68 72 24.859
93 81 17.9
91 45 11.66
58 39 15.505
89 42 21.483
17 77 13.632
57 40 22.173
26 86 21.036
79 14 18.011
24 2 23.674
49 87 21.714
25 79 17.618
60 73 17.646
49 65 23.49
64 26 17.675
33 30 22.075
63 86 6.735
26 32 18.669
59 50 19.855
26 80 22.784
57 78 22.545
39 51 14.818
42 41 19.648
21 73 14.492
56 81 20.994
82 86 19.677
40 85 12.331
94 32 17.521
39 60 14.113
43 38 23.326
96 69 11.832
41 83 11.352
37 64 17.104
87 45 13.658
66 90 15.811
94 95 11.888
60 87 11.388
94 55 9.087
36 82 6.764
52 40 24.656
41 89 19.215
78 61 23.811
81 90 15.464
43 51 23.166
97 77 18.627
92 97 16.518
94 77 11.069
50 96 12.405
57 96 16.37
64 24 17.899
58 45 21.411
21 96 18.311
72 39 15.654
44 31 19.412
43 52 16.615
24 49 23.379
75 88 11.697
19 43 24.466
29 22 17.18
33 41 11.531
85 81 23.12
71 57 22.917
88 83 22.044
96 87 23.689
48 95 12.556
58 41 21.113
88 25 12.495
81 64 16.345
70 81 13.401
81 94 8.046
53 96 11.507
51 2 19.751
67 82 16.413
71 77 21.781
51 38 20.838
67 49 17.203
55 73 18.844
52 53 15.547
67 90 20.481
49 29 20.845
86 87 22.7
91 70 10.886
58 77 14.228
70 2 17.289
52 74 17.461
84 23 21.816
71 2 23.686
48 31 19.396
90 86 20.867
32 56 18.018
69 64 12.014
51 83 24.857
93 2 21.438
22 54 12.35
70 18 19.684
76 86 23.544
47 73 18.774
95 56 14.722
81 87 13.029
32 81 6.212
40 61 22.82
54 87 24.073
70 27 5.639
86 49 15.132
27 63 6.882
42 92 23.517
39 44 21.597
74 78 17.501
79 70 15.222
52 73 18.665
53 45 25.911
88 76 22.515
35 94 10.333
89 54 16.363
32 71 6.861
67 94 12.176
56 31 18.956
59 49 19.462
66 64 6.304
23 92 20.767
52 83 19.815
44 71 16.464
80 34 19.814
58 92 12.532
76 39 16.567
25 61 20.999
66 96 20.218
75 27 8.254
88 56 23.258
49 92 21.777
64 70 9.834
61 96 16.276
57 30 23.169
69 90 11.422
27 94 9.181
72 44 22.849
65 41 22.114
26 84 22.476
35 42 15.484
87 39 17.267
86 43 19.856
46 2 16.754
81 97 15.21
52 32 13.284
23 36 20.025
73 59 17.474
65 25 23.043
51 95 20.401
33 63 6.257
63 30 6.29
90 96 18.027
81 50 19.478
71 25 17.607
83 40 15.368
25 41 15.188
46 67 13.965
41 38 19.751
95 65 13.304
62 98 24.098
64 27 12.389
67 68 19.278
86 88 13.737
47 45 20.825
67 88 16.184
56 76 14.383
83 69 19.154
76 36 13.795
90 91 15.126
54 2 22.828
73 72 22.067
98 88 19.502
58 56 14.767
56 73 12.964
28 90 17.294
63 96 8.143
28 84 16.154
83 90 18.119
40 60 22.64
33 65 23.333
35 82 19.125
29 79 23.23
29 36 15.669
40 41 24.209
90 49 11.896
50 67 12.792
92 34 12.328
91 38 23.041
77 81 14.081
93 56 18.436
76 78 21.948
53 97 17.597
80 33 14.823
43 78 21.188
84 88 17.336
76 64 16.195
37 81 11.329
32 96 9.935
92 2 16.213
72 69 21.566
60 59 24.705
94 97 7.893
60 62 19.659
80 75 18.533
61 44 24.345
82 78 8.774
91 95 23.861
69 42 16.205
66 35 13.917
77 89 11.926
34 49 18.654
95 86 20.713
34 68 14.24
80 88 16.64
68 45 19.46
70 72 8.531
80 92 12.37
52 55 15.466
41 98 19.684
62 61 23.31
93 60 21.423
38 77 14.104
73 97 11.298
97 95 20.866
97 67 23.108
68 78 14.822
50 92 14.584
40 33 21.187
42 85 15.067
35 44 21.754
64 93 11.659
63 57 9.748
97 48 15.137
77 67 16.898
86 65 23.137
76 51 20.246
63 91 9.01
94 59 8.982
90 87 11.047
94 70 11.044
81 80 11.295
92 98 15.243
41 92 16.076
66 55 16.337
44 86 14.843
71 92 13.661
46 55 21.733
64 74 15.475
66 59 11.983
60 89 17.478
59 91 20.43
54 96 16.14
62 59 11.659
74 66 14.733
79 93 14.077
85 62 13.637
74 91 21.366
71 58 20.67
72 96 19.461
87 2 15.375
71 98 11.783
2 75 14.672
71 78 14.546
56 50 11.828
85 67 16.346
61 95 16.885
51 86 20.097
94 54 16.343
87 74 24.284
71 95 22.136
89 83 16.973
93 50 16.805
97 61 11.6
83 72 20.72
92 69 14.545
95 66 13.575
86 91 20.88
57 82 10.612
71 83 11.413
63 84 6.062
87 95 23.024
59 67 11.64
65 91 11.076
58 94 10.949
59 64 14.972
54 80 19.358
89 52 20.717
68 95 20.328
75 71 19.931
72 90 15.58
71 69 14.234
71 63 12.067
60 57 14.154
53 98 22.676
72 61 14.81
68 61 18.582
70 89 7.85
54 55 15.63
92 77 24.109
79 65 20.155
92 62 21.513
93 68 15.705
88 72 16.185
68 92 22.029
54 93 16.333
88 61 15.83
65 77 18.93
70 90 6.608
80 98 16.564
60 71 20.653
84 55 15.043
79 95 14.528
95 57 15.989
78 97 16.314
98 84 13.25
88 78 11.725
66 67 24.527
74 88 17.544
87 72 19.581
60 74 15.627
85 76 19.001
91 83 12.295
82 95 19.102
65 78 17.788
84 80 11.545
61 81 21.248
65 98 24.515
73 63 6.762
88 87 16.224
75 85 6.091
67 71 20.302
97 86 23.164
78 72 22.333
94 80 7.815
64 67 15.577
64 86 11.582
85 94 15.729
64 97 14.269
77 82 11.447
80 95 23.489
90 98 17.963
94 78 16.876
69 66 12.034
76 69 20.731
93 67 11.454
93 91 18.286
72 76 20.505
87 75 15.265
87 84 18.519
82 97 13.04
77 79 14.029
92 94 17.946
98 77 18.967
89 79 22.606
98 83 22.177
98 96 24.814
87 80 16.901
74 75 11.402
89 91 14.196
76 97 17.286
87 92 22.124
87 98 15.443
95 83 21.334
91 85 23.068
82 85 8.324
86 79 16.002
84 94 14.371
79 84 16.938
2 96 13.053
89 85 11.522
92 81 11.983
97 88 14.014
94 87 12.909
93 98 19.214
98 95 18.751
96 95 14.28
93 88 11.466
2 97 13.418
97 84 24.489
84 2 16.878
95 88 24.283
