99
0 1 6.115
0 2 6.281
0 3 4.945
0 4 3.924
0 5 4.603
0 6 6.385
0 7 5.669
0 8 3.57
0 9 6.227
0 10 5.222
0 11 4.302
0 12 4.232
0 13 5.933
0 14 5.445
0 15 4.656
0 16 4.292
0 17 3.987
0 18 3.612
0 19 4.789
0 20 5.53
0 21 5.682
0 22 5.992
0 23 6.247
0 24 5.445
0 25 5.506
0 26 5.27
0 27 6.419
0 28 5.17
0 29 5.184
0 30 5.644
0 31 7.166
0 32 4.243
0 33 2.259
0 34 3.351
1 2 5.069
1 3 4.194
1 4 4.594
1 5 4.273
1 6 6.067
1 7 5.8
1 8 4.003
1 9 5.909
1 10 5.196
1 11 3.286
1 12 5.99
1 13 3.109
1 14 5.587
1 15 3.512
1 16 6.37
1 17 5.155
1 18 4.33
1 19 6.426
1 20 5.377
1 21 3.34
1 22 5.25
1 23 5.772
1 24 3.568
1 25 4.555
1 26 5.893
1 27 3.912
1 28 3.919
1 29 4.982
1 30 4.422
1 31 3.512
1 32 5.277
1 35 3.66
1 36 2.377
2 3 5.668
2 4 5.482
2 5 6.236
2 6 4.545
2 7 3.54
2 8 5.887
2 9 5.258
2 10 5.579
2 11 3.845
2 12 4.08
2 13 4.654
2 14 4.378
2 15 5.486
2 16 5.873
2 17 4.163
2 18 6.322
2 19 6.748
2 20 5.006
2 21 5.337
2 22 4.585
2 23 4.687
2 24 4.1
2 25 2.575
2 26 4.554
2 27 6.438
2 28 6.127
2 29 4.774
2 30 2.884
2 31 3.594
2 32 4.836
2 37 3.416
2 38 3.61
3 4 5.488
3 5 6.116
3 6 4.021
3 7 3.937
3 8 5.729
3 9 6.481
3 10 4.834
3 11 4.603
3 12 5.41
3 13 5.829
3 14 4.984
3 15 4.477
3 16 4.569
3 17 4.045
3 18 3.374
3 19 4.504
3 20 5.504
3 21 4.355
3 22 3.783
3 23 5.101
3 24 3.83
3 25 4.719
3 26 5.552
3 27 5.27
3 28 4.468
3 29 5.476
3 30 4.511
3 31 5.679
3 32 3.469
3 39 3.67
3 40 2.891
4 5 4.31
4 6 6.297
4 7 3.801
4 8 4.532
4 9 4.808
4 10 5.157
4 11 6.505
4 12 3.329
4 13 3.042
4 14 4.861
4 15 4.51
4 16 6.75
4 17 5.135
4 18 5.682
4 19 2.809
4 20 7.547
4 21 6.024
4 22 6.094
4 23 5.013
4 24 3.376
4 25 4.775
4 26 4.709
4 27 6.467
4 28 5.325
4 29 3.43
4 30 4.915
4 31 4.382
4 32 5.325
4 41 2.082
4 42 2.563
5 6 6.173
5 7 4.004
5 8 5.435
5 9 5.11
5 10 6.055
5 11 4.885
5 12 5.239
5 13 4.108
5 14 6.299
5 15 5.528
5 16 5.083
5 17 3.521
5 18 5.392
5 19 5.253
5 20 5.807
5 21 5.824
5 22 5.436
5 23 4.66
5 24 5.095
5 25 6.315
5 26 6.241
5 27 4.837
5 28 5.961
5 29 3.945
5 30 5.271
5 31 4.591
5 32 5.357
5 43 1.727
5 44 3.56
6 7 3.666
6 8 4.523
6 9 4.886
6 10 2.819
6 11 5.347
6 12 5.321
6 13 5.838
6 14 4.935
6 15 4.018
6 16 4.578
6 17 5.041
6 18 5.478
6 19 4.315
6 20 3.84
6 21 3.483
6 22 3.885
6 23 3.954
6 24 3.952
6 25 6.556
6 26 4.089
6 27 5.166
6 28 6.15
6 29 4.777
6 30 5.024
6 31 4.188
6 32 5.493
6 45 1.799
6 46 0.696
7 8 5.688
7 9 4.141
7 10 5.351
7 11 5.681
7 12 5.908
7 13 4.125
7 14 5.804
7 15 3.862
7 16 3.294
7 17 5.609
7 18 4.786
7 19 5.098
7 20 4.691
7 21 5.557
7 22 6.228
7 23 4.3
7 24 3.007
7 25 6.599
7 26 3.968
7 27 5.876
7 28 6.245
7 29 3.543
7 30 6.131
7 31 5.455
7 32 5.812
7 47 2.087
7 48 4.732
8 9 5.463
8 10 5.913
8 11 4.017
8 12 3.256
8 13 6.58
8 14 3.709
8 15 6.427
8 16 3.702
8 17 4.43
8 18 6.257
8 19 5.734
8 20 3.35
8 21 6.199
8 22 3.822
8 23 4.536
8 24 4.508
8 25 6.08
8 26 4.13
8 27 4.424
8 28 5.963
8 29 3.65
8 30 4.415
8 31 3.844
8 32 5.996
8 49 2.74
8 50 3.275
9 10 5.44
9 11 4.334
9 12 5.364
9 13 3.951
9 14 4.19
9 15 4.933
9 16 4.133
9 17 5.53
9 18 6.017
9 19 5.812
9 20 4.923
9 21 5.915
9 22 4.27
9 23 5.025
9 24 4.04
9 25 3.623
9 26 5.553
9 27 3.968
9 28 5.057
9 29 2.572
9 30 3.875
9 31 5.377
9 32 5.491
9 51 2.068
9 52 2.817
10 11 6.051
10 12 5.066
10 13 3.665
10 14 5.124
10 15 5.038
10 16 5.854
10 17 5.055
10 18 4.985
10 19 4.872
10 20 4.611
10 21 5.362
10 22 3.645
10 23 4.497
10 24 3.827
10 25 4.495
10 26 4.066
10 27 5.94
10 28 3.802
10 29 6.167
10 30 2.099
10 31 5.187
10 32 4.901
10 53 3.256
10 54 3.635
11 12 6.342
11 13 6.141
11 14 4.063
11 15 7.236
11 16 4.529
11 17 7.106
11 18 4.467
11 19 7.02
11 20 4.046
11 21 4.308
11 22 6.873
11 23 6.128
11 24 5.185
11 25 4.521
11 26 3.41
11 27 6.386
11 28 5.589
11 29 5.437
11 30 4.274
11 31 5.985
11 32 3.577
11 55 2.781
11 56 2.787
12 13 5.966
12 14 6.208
12 15 5.411
12 16 5.052
12 17 5.177
12 18 6.845
12 19 4.156
12 20 6.18
12 21 4.912
12 22 6.447
12 23 5.026
12 24 4.843
12 25 4.822
12 26 4.793
12 27 5.644
12 28 5.893
12 29 4.13
12 30 4.304
12 31 6.74
12 32 4.439
12 57 2.946
12 58 5.115
13 14 3.196
13 15 5.103
13 16 5.575
13 17 6.53
13 18 4.381
13 19 3.673
13 20 5.129
13 21 4.232
13 22 4.116
13 23 3.915
13 24 6.705
13 25 5.126
13 26 5.403
13 27 4.836
13 28 4.942
13 29 3.706
13 30 5.139
13 31 5.559
13 32 6.085
13 59 3.818
13 60 2.878
14 15 6.233
14 16 5.546
14 17 3.065
14 18 6.75
14 19 5.119
14 20 5.496
14 21 6.516
14 22 6.112
14 23 4.632
14 24 6.08
14 25 4.798
14 26 3.472
14 27 4.527
14 28 4.697
14 29 4.792
14 30 5.821
14 31 3.879
14 32 5.538
14 61 2.772
14 62 4.631
15 16 5.843
15 17 4.24
15 18 5.268
15 19 5.642
15 20 6.176
15 21 5.741
15 22 4.013
15 23 6.176
15 24 6.115
15 25 5.696
15 26 3.286
15 27 4.983
15 28 5.109
15 29 6.584
15 30 5.503
15 31 3.239
15 32 4.856
15 63 3.23
15 64 2.891
16 17 5.245
16 18 5.322
16 19 6.097
16 20 6.392
16 21 5.411
16 22 4.586
16 23 3.445
16 24 5.019
16 25 6.887
16 26 7.5
16 27 6.031
16 28 4.173
16 29 4.525
16 30 4.658
16 31 4.263
16 32 5.464
16 65 1.293
16 66 1.912
17 18 4.574
17 19 4.011
17 20 3.7
17 21 5.754
17 22 4.326
17 23 6.467
17 24 6.56
17 25 4.952
17 26 4.394
17 27 4.384
17 28 4.512
17 29 5.63
17 30 5.256
17 31 6.339
17 32 5.63
17 67 4.609
17 68 3.566
18 19 6.034
18 20 5.752
18 21 5.3
18 22 5.635
18 23 5.178
18 24 3.412
18 25 4.544
18 26 4.182
18 27 5.123
18 28 6.389
18 29 4.311
18 30 4.105
18 31 5.394
18 32 3.956
18 69 3.251
18 70 2.797
19 20 5.308
19 21 3.985
19 22 5.537
19 23 4.85
19 24 5.28
19 25 4.139
19 26 5.187
19 27 4.991
19 28 4.624
19 29 4.714
19 30 4.195
19 31 5.645
19 32 5.791
19 71 2.05
19 72 1.868
20 21 5.827
20 22 5.116
20 23 5.486
20 24 4.426
20 25 4.787
20 26 4.647
20 27 4.134
20 28 5.389
20 29 3.931
20 30 5.999
20 31 4.877
20 32 5.424
20 73 1.738
20 74 2.764
21 22 6.643
21 23 5.192
21 24 5.815
21 25 4.774
21 26 5.84
21 27 3.833
21 28 4.217
21 29 2.235
21 30 5.843
21 31 4.05
21 32 5.441
21 75 3.158
21 76 2.877
22 23 6.012
22 24 5.822
22 25 5.419
22 26 2.584
22 27 2.615
22 28 4.889
22 29 4.305
22 30 3.354
22 31 4.664
22 32 4.702
22 77 3.522
22 78 2.483
23 24 5.493
23 25 5.17
23 26 5.495
23 27 6.345
23 28 5.674
23 29 4.486
23 30 4.52
23 31 4.836
23 32 5.395
23 79 1.842
23 80 3.296
24 25 4.578
24 26 4.083
24 27 5.791
24 28 5.96
24 29 3.812
24 30 5.167
24 31 6.174
24 32 5.235
24 81 3.486
24 82 1.736
25 26 4.968
25 27 6.368
25 28 4.206
25 29 4.698
25 30 4.207
25 31 5.01
25 32 4.817
25 83 4.322
25 84 4.367
26 27 6.198
26 28 4.644
26 29 4.869
26 30 6.803
26 31 5.013
26 32 2.982
26 85 3.397
26 86 3.443
27 28 5.849
27 29 4.757
27 30 5.944
27 31 5.813
27 32 4.611
27 87 3.425
27 88 2.243
28 29 4.002
28 30 4.977
28 31 4.58
28 32 4.729
28 89 3.137
28 90 3.684
29 30 4.333
29 31 4.937
29 32 4.622
29 91 2.556
29 92 4.266
30 31 4.395
30 32 5.589
30 93 0.957
30 94 3.827
31 32 4.647
31 95 3.64
31 96 1.989
32 97 3.101
32 98 1.508
33 35 5.319
34 36 3.367
37 39 4.112
38 40 2.994
41 43 4.974
42 44 2.646
45 47 4.477
46 48 1.518
49 51 2.971
50 52 2.489
53 55 3.194
54 56 3.691
57 59 3.585
58 60 2.338
61 63 4.383
62 64 3.401
65 67 1.836
66 68 1.874
69 71 2.338
70 72 2.805
73 75 4.358
74 76 4.134
77 79 3.687
78 80 3.282
81 83 1.036
82 84 2.378
85 87 2.677
86 88 2.681
89 91 1.656
90 92 2.576
93 95 1.574
94 96 2.216