100
0 27 39.523
0 32 83.079
0 33 76.458
0 41 63.842
0 47 96.259
0 52 17.339
0 53 31.836
0 56 12.359
0 61 60.019
0 62 31.444
0 63 71.544
0 74 18.223
0 75 66.799
0 81 0.495
0 89 45.742
0 91 19.952
0 92 30.014
0 99 66.805
1 8 77.52
1 10 94.666
1 14 76.248
1 15 10.646
1 18 69.669
1 31 40.271
1 33 46.901
1 37 1.671
1 40 13.789
1 45 88.776
1 46 89.476
1 48 19.595
1 54 31.163
1 61 60.447
1 72 21.223
1 83 65.666
1 84 51.492
1 86 27.028
1 89 15.689
1 99 48.866
2 15 74.93
2 16 14.803
2 26 67.898
2 28 26.287
2 30 96.42
2 41 72.253
2 49 35.216
2 50 22.982
2 51 72.564
2 59 34.39
2 66 94.821
2 69 20.6
2 70 35.848
2 73 18.383
2 76 91.688
2 86 48.737
2 89 32.466
2 93 64.668
3 7 17.756
3 10 12.949
3 12 6.657
3 20 3.605
3 23 21.652
3 29 96.164
3 32 65.585
3 44 94.8
3 48 7.323
3 52 84.57
3 54 97.139
3 59 16.35
3 68 36.556
3 70 48.259
3 78 61.375
3 87 8.852
3 92 77.485
4 12 28.336
4 17 73.198
4 19 31.873
4 51 27.626
4 53 69.603
4 56 16.767
4 59 70.283
4 62 61.655
4 63 34.208
4 69 53.984
4 70 17.739
4 78 10.947
4 85 25.703
4 95 45.208
4 97 98.539
5 8 75.706
5 12 25.925
5 19 5.128
5 21 41.556
5 35 78.794
5 39 8.763
5 55 71.961
5 61 75.431
5 62 39.589
5 65 20.631
5 88 47.731
5 90 38.011
5 99 45.487
6 10 35.421
6 20 62.091
6 24 10.806
6 25 30.939
6 32 99.669
6 34 49.924
6 37 87.902
6 43 52.185
6 47 18.753
6 53 47.756
6 62 69.495
6 67 22.025
6 86 41.782
6 94 57.105
6 95 53.9
6 97 22.518
7 24 54.835
7 44 13.659
7 50 13.279
7 56 97.816
7 73 22.141
7 75 36.698
7 88 16.489
7 94 31.576
8 11 33.643
8 12 93.488
8 24 69.283
8 33 50.048
8 48 36.67
8 58 30.9
8 60 53.649
8 65 14.196
8 71 2.368
8 74 8.711
8 77 93.343
8 79 23.119
8 90 15.628
8 95 43.488
8 99 11.643
9 16 27.605
9 18 38.834
9 23 42.794
9 36 86.862
9 46 57.216
9 55 32.369
9 62 62.212
9 80 47.891
9 85 72.128
9 88 60.599
10 14 67.371
10 16 74.806
10 24 91.031
10 34 85.295
10 38 91.912
10 43 58.962
10 46 30.899
10 48 45.528
10 50 47.466
10 63 89.055
10 74 9.871
10 80 28.424
10 87 73.05
10 96 54.204
10 98 53.007
10 99 66.546
11 17 11.212
11 20 56.157
11 24 94.671
11 31 80.646
11 33 93.329
11 35 94.625
11 36 84.944
11 54 64.362
11 65 0.732
11 68 49.819
11 79 84.465
12 23 98.57
12 24 56.421
12 30 10.754
12 31 77.249
12 34 1.414
12 41 69.336
12 46 1.007
12 48 65.479
12 49 71.362
12 60 6.312
12 67 71.04
12 68 43.99
12 70 19.967
12 71 23.547
12 72 8.599
12 81 31.654
12 92 48.586
13 14 9.321
13 33 77.507
13 34 78.103
13 56 83.102
13 61 68.963
13 65 60.974
13 68 63.854
13 76 76.337
13 93 78.521
13 94 15.266
13 99 54.456
14 23 62.137
14 26 47.312
14 27 72.637
14 29 99.263
14 32 4.548
14 34 22.199
14 44 3.05
14 45 0.941
14 46 53.788
14 48 99.93
14 62 6.689
14 68 51.546
14 71 37.206
14 72 90.853
14 74 83.233
14 79 40.28
14 83 49.117
14 89 71.505
14 90 11.365
14 99 56.969
15 22 13.193
15 26 64.456
15 28 9.961
15 34 81.169
15 37 85.604
15 42 24.26
15 61 61.543
15 85 37.744
15 88 75.417
15 98 28.757
16 22 90.44
16 35 26.918
16 37 65.54
16 47 91.939
16 58 43.184
16 59 10.745
16 64 61.962
16 66 83.208
16 72 10.785
17 30 31.964
17 38 22.598
17 42 70.166
17 47 85.389
17 55 62.064
17 57 86.213
17 59 49.513
17 62 48.078
17 65 84.771
17 67 80.04
17 71 28.894
17 77 51.627
17 78 96.175
17 86 32.478
17 92 0.159
17 93 55.364
18 25 20.292
18 27 92.164
18 29 82.053
18 32 16.6
18 38 37.948
18 45 16.916
18 48 61.836
18 64 92.321
18 68 9.518
18 74 59.009
18 77 22.196
18 81 96.368
18 86 31.337
19 20 53.881
19 24 2.937
19 26 4.943
19 39 12.254
19 43 97.327
19 47 1.954
19 53 87.861
19 54 2.444
19 57 45.082
19 66 62.303
19 67 87.95
19 71 72.417
19 79 73.652
19 81 55.45
19 85 24.178
19 97 70.666
19 98 27.249
20 21 0.998
20 22 1.014
20 23 29.541
20 30 67.251
20 31 74.243
20 43 4.724
20 68 15.032
20 69 92.534
20 70 13.607
20 74 85.751
20 76 72.263
20 82 22.172
20 89 42.15
20 97 20.793
21 23 86.85
21 24 70.455
21 26 86.207
21 32 64.115
21 43 85.594
21 45 17.343
21 50 47.598
21 56 95.602
21 57 37.147
21 72 0.37
21 81 98.344
21 94 77.598
22 38 64.753
22 46 71.045
22 50 96.254
22 53 18.051
22 60 65.93
22 66 77.541
22 74 77.322
22 86 81.028
22 94 74.684
22 98 38.692
23 41 18.848
23 43 21.622
23 64 84.047
23 74 79.347
23 83 22.279
23 87 15.011
23 88 70.737
23 90 71.538
23 97 61.363
24 28 51.598
24 37 41.746
24 77 42.234
24 88 14.699
24 98 6.767
25 29 64.229
25 43 27.498
25 60 5.853
25 71 60.619
25 72 80.948
25 75 33.423
25 79 91.703
25 80 70.898
25 81 10.372
25 89 74.947
26 28 53.73
26 29 98.059
26 31 7.412
26 32 79.79
26 35 87.739
26 51 4.077
26 53 19.955
26 57 9.496
26 65 26.291
26 71 10.395
26 73 2.567
26 83 73.488
26 88 94.406
26 95 21.93
26 98 54.401
27 28 15.377
27 29 2.342
27 34 75.787
27 45 11.889
27 62 71.852
27 63 49.54
27 70 6.534
27 72 78.294
27 77 51.86
27 80 89.293
27 81 35.013
27 82 55.677
27 85 11.945
27 87 41.873
27 98 61.726
27 99 57.286
28 29 6.84
28 37 9.762
28 39 92.319
28 40 18.665
28 42 54.136
28 49 11.147
28 51 97.409
28 52 36.398
28 57 92.286
28 60 75.926
28 68 4.966
28 69 12.277
28 72 99.39
28 74 10.618
28 82 20.118
28 88 74.395
28 92 65.898
29 30 38.367
29 37 75.257
29 38 10.837
29 42 5.922
29 50 70.362
29 54 20.672
29 57 45.146
29 62 16.809
29 65 63.645
29 68 69.487
29 73 76.653
29 88 57.879
29 98 88.907
30 46 66.503
30 50 54.877
30 51 3.919
30 54 73.558
30 65 26.098
30 75 55.127
30 84 22.395
30 89 81.481
30 95 27.804
31 35 13.193
31 37 24.947
31 42 11.25
31 45 11.43
31 48 65.392
31 59 0.185
31 69 73.769
31 72 14.551
31 79 68.302
31 84 21.167
31 85 41.133
31 87 43.225
31 90 61.849
31 93 85.066
31 96 61.392
32 42 55.862
32 63 14.831
32 66 1.84
32 76 37.377
32 86 91.864
32 88 46.42
32 93 39.567
32 94 92.374
32 95 52.898
33 34 22.876
33 35 49.119
33 40 58.839
33 47 62.561
33 48 65.472
33 52 33.053
33 62 5.383
33 69 42.897
33 80 62.202
33 83 73.532
33 87 94.824
33 91 17.304
34 37 42.986
34 38 53.666
34 53 46.088
34 55 76.423
34 66 30.121
34 67 23.718
34 69 87.289
34 70 9.199
34 79 61.688
34 90 98.275
35 42 73.966
35 44 63.356
35 45 16.075
35 49 42.594
35 63 78.138
35 78 69.981
35 88 59.032
35 96 46.707
36 44 19.549
36 50 86.441
36 55 62.055
36 62 31.774
36 70 51.405
36 73 88.079
37 48 76.518
37 57 9.974
37 61 27.049
37 65 64.042
37 67 76.969
37 72 88.174
37 81 82.778
37 91 74.998
37 92 93.938
37 97 16.588
38 41 6.973
38 69 51.116
38 70 31.574
38 75 66.819
38 77 84.719
38 82 96.18
38 94 59.115
38 95 74.098
39 50 80.071
39 56 16.438
39 57 66.151
39 72 51.388
39 74 54.449
39 78 38.467
39 80 19.226
39 81 60.301
39 95 17.201
39 96 90.869
39 99 63.154
40 56 19.982
40 64 33.948
40 70 32.943
40 85 12.334
40 86 59.988
40 96 20.505
41 48 45.614
41 65 4.498
41 68 63.664
41 80 67.081
41 85 85.996
41 92 79.267
41 98 14.794
42 45 70.749
42 49 78.416
42 52 83.128
42 75 62.816
42 86 78.256
42 98 91.091
43 48 50.898
43 65 74.074
43 69 24.624
43 87 59.191
43 96 96.766
43 97 85.554
43 99 38.962
44 49 11.504
44 52 34.716
44 53 40.351
44 62 78.917
44 63 47.159
44 65 23.796
44 74 11.737
44 75 54.895
44 78 62.489
44 84 20.046
44 88 72.356
44 96 80.846
44 99 72.465
45 74 70.255
45 82 10.436
45 84 70.446
45 86 71.548
45 94 79.024
46 51 19.38
46 52 28.639
46 53 91.316
46 61 19.237
46 62 25.907
46 64 38.75
46 67 78.441
46 68 87.278
46 72 93.349
46 80 4.215
46 81 76.461
46 85 13.03
46 92 71.74
46 94 71.845
46 95 3.9
46 96 75.436
47 54 51.967
47 62 88.191
47 78 46.021
47 85 49.758
47 89 80.916
47 90 53.766
47 93 41.566
47 95 43.089
47 97 91.092
48 54 23.009
48 68 20.098
48 71 34.331
48 80 42.359
48 83 3.253
48 87 55.836
48 88 54.661
49 53 14.353
49 84 16.556
49 88 61.139
49 91 60.049
49 98 50.454
50 51 18.068
50 57 21.736
50 59 75.494
50 62 15.98
50 64 31.686
50 84 46.314
50 86 20.979
50 97 97.938
51 52 68.001
51 54 94.272
51 56 85.335
51 60 14.492
51 62 34.921
51 64 13.995
51 78 73.14
51 91 14.988
51 93 28.156
51 99 56.823
52 57 40.7
52 61 92.163
52 68 42.544
52 74 33.417
52 83 90.859
52 92 7.151
52 94 34.32
53 54 1.493
53 62 19.952
53 66 2.097
53 83 67.292
53 86 7.024
53 88 95.295
53 97 12.792
53 99 83.083
54 55 17.548
54 60 52.461
54 73 26.156
54 76 5.619
54 82 34.072
54 91 93.638
54 96 32.382
54 99 61.414
55 66 46.721
55 70 75.87
55 77 49.133
55 82 94.335
55 90 88.598
56 58 98.319
56 63 65.752
56 67 18.71
56 69 96.494
56 74 88.037
56 87 88.559
56 88 70.752
57 60 27.738
57 61 90.192
57 68 32.913
57 69 47.075
57 92 65.619
57 97 5.066
58 64 25.163
58 70 25.609
58 77 96.861
58 83 39.913
58 93 76.377
58 94 96.45
59 68 48.161
59 69 94.337
59 70 37.024
59 75 31.007
59 82 39.782
59 92 66.436
59 93 90.953
60 63 59.616
60 71 24.393
60 77 28.491
60 80 25.344
60 90 39.084
60 97 41.95
60 99 44.168
61 65 61.043
61 67 14.225
61 71 3.528
61 81 9.308
61 83 37.949
61 84 63.764
61 96 48.518
62 67 38.5
62 72 50.569
62 73 61.538
62 79 77.881
62 80 13.505
62 86 66.56
62 92 78.728
63 70 38.088
63 75 64.916
63 83 51.534
63 92 90.474
63 96 93.359
64 87 54.585
65 70 24.384
65 71 3.197
65 78 50.809
65 88 13.994
65 94 40.302
65 96 31.347
65 98 95.787
65 99 82.071
66 91 45.477
67 79 80.157
67 83 87.74
67 92 96.96
68 72 15.474
68 73 67.507
68 82 80.399
68 88 74.366
68 98 59.782
69 92 70.908
70 72 93.052
70 89 36.046
70 90 15.671
70 99 57.482
71 76 71.681
71 85 32.266
71 92 15.999
71 99 89.136
72 76 71.709
72 86 5.884
72 96 12.145
72 98 32.202
73 77 76.293
73 80 14.756
73 84 91.285
73 90 89.96
73 92 49.641
74 83 32.041
74 84 0.355
74 89 38.158
75 83 60.636
75 84 13.556
75 85 11.849
75 87 42.91
75 94 87.228
75 95 30.931
76 78 36.503
76 86 80.587
76 88 10.752
76 92 18.511
76 93 52.751
76 95 98.652
77 88 46.668
77 94 35.73
77 96 20.564
78 81 28.245
78 97 20.039
78 98 84.957
80 97 96.685
81 88 51.925
81 93 72.53
81 95 66.233
81 99 56.234
82 90 89.587
82 97 86.266
83 94 71.972
84 85 48.338
84 87 14.992
84 90 2.439
84 96 17.438
84 97 32.935
86 88 5.575
86 96 68.06
87 93 42.12
88 94 86.369
88 96 74.687
88 97 50.747
90 92 44.185
90 97 57.326
91 92 3.264
92 93 4.558
92 97 22.965
92 99 23.654
94 95 41.072
