78
0 1 5
0 3 6
1 2 7
1 3 8
3 4 5
4 5 9
3 6 3
6 7 1
6 8 2
6 9 4
3 10 1
10 11 9
6 12 2
6 13 4
5 14 6
7 15 2
14 16 1
14 17 2
14 18 2
14 19 3
15 20 2
15 21 3
15 22 5
15 23 8
15 24 9
15 25 7
11 26 4
11 27 4
11 28 5
11 29 4
26 30 5
26 31 8
26 32 4
26 33 2
26 0 1
1 27 4
27 28 3
28 29 1
29 30 4
30 31 5
31 23 6
33 25 8
33 34 1
34 35 1
35 36 1
36 37 10
37 3 1
38 5 3
39 36 2
40 25 5
41 25 3
42 41 5
43 41 2
44 39 1
45 44 2
46 45 1
47 3 3
48 21 5
49 1 50
50 2 5
51 3 19
52 43 5
53 49 8
54 20 5
55 47 3
56 29 4
57 29 7
58 38 9
59 8 7
60 45 6
61 56 9
62 37 8
63 77 3
64 62 7
65 9 8
66 39 7
67 60 21
68 58 3
69 46 5
70 66 3
71 59 3
72 46 2
73 38 3
74 55 5
75 61 8
76 49 43
77 75 3
