99
0 1 5.984
0 2 4.411
0 3 2.96
0 4 3.957
0 5 4.12
0 6 3.254
0 7 4.872
0 8 5.024
0 9 5.055
0 10 5.192
0 11 6.995
0 12 3.407
0 13 3.827
0 14 3.563
0 15 5.389
0 16 6.067
0 17 4.656
0 18 4.393
0 19 5.449
0 20 5.797
0 21 4.571
0 22 5.419
0 23 5.171
0 24 4.005
0 25 4.825
0 26 5.623
0 27 4.706
0 28 6.011
0 29 4.965
0 30 4.834
0 31 6.395
0 32 3.41
0 33 2.478
0 34 3.297
1 2 5.445
1 3 5.561
1 4 4.994
1 5 4.59
1 6 4.363
1 7 5.568
1 8 3.579
1 9 7.253
1 10 5.775
1 11 3.882
1 12 4.857
1 13 5.671
1 14 5.32
1 15 4.311
1 16 6.025
1 17 3.17
1 18 5.831
1 19 4.916
1 20 6.679
1 21 5.15
1 22 5.415
1 23 4.996
1 24 4.891
1 25 5.283
1 26 4.022
1 27 4.116
1 28 5.711
1 29 4.923
1 30 4.017
1 31 4.472
1 32 4.722
1 35 3.942
1 36 2.739
2 3 3.679
2 4 3.951
2 5 3.264
2 6 6.88
2 7 4.231
2 8 5.28
2 9 5.83
2 10 5.921
2 11 5.932
2 12 5.731
2 13 6.726
2 14 4.45
2 15 4.341
2 16 4.568
2 17 3.536
2 18 6.718
2 19 5.584
2 20 5.723
2 21 6.73
2 22 6.244
2 23 4.953
2 24 4.173
2 25 5.706
2 26 4.02
2 27 4.903
2 28 4.192
2 29 4.008
2 30 3.026
2 31 5.666
2 32 5.127
2 37 2.369
2 38 2.275
3 4 4.242
3 5 4.313
3 6 7.407
3 7 7.017
3 8 6.222
3 9 5.372
3 10 4.081
3 11 4.792
3 12 5.871
3 13 5.105
3 14 3.033
3 15 5.712
3 16 5.982
3 17 5.307
3 18 4.815
3 19 5.081
3 20 5.385
3 21 5.857
3 22 4.135
3 23 5.229
3 24 5.19
3 25 4.753
3 26 5.77
3 27 6.178
3 28 4.767
3 29 4.24
3 30 5.013
3 31 3.932
3 32 4.949
3 39 2.647
3 40 4.231
4 5 7.049
4 6 5.781
4 7 3.977
4 8 5.735
4 9 4.064
4 10 4.263
4 11 4.722
4 12 7.646
4 13 3.605
4 14 6.867
4 15 4.704
4 16 2.371
4 17 6.546
4 18 4.818
4 19 5.169
4 20 6.599
4 21 5.237
4 22 6.952
4 23 7.509
4 24 5.7
4 25 2.515
4 26 4.821
4 27 4.512
4 28 5.996
4 29 4.452
4 30 5.958
4 31 4.613
4 32 4.481
4 41 2.113
4 42 2.796
5 6 5.113
5 7 5.976
5 8 5.133
5 9 4.149
5 10 3.504
5 11 6.139
5 12 4.157
5 13 3.141
5 14 3.793
5 15 6.174
5 16 5.183
5 17 4.354
5 18 6.11
5 19 5.326
5 20 5.003
5 21 3.767
5 22 5.847
5 23 2.887
5 24 5.476
5 25 5.122
5 26 4.595
5 27 4.005
5 28 3.808
5 29 3.626
5 30 3.931
5 31 6.171
5 32 5.005
5 43 2.519
5 44 0.978
6 7 4.176
6 8 4.559
6 9 5.717
6 10 4.485
6 11 5.772
6 12 4.706
6 13 5.641
6 14 5.129
6 15 6.43
6 16 4.928
6 17 4.574
6 18 5.912
6 19 4.158
6 20 6.306
6 21 3.243
6 22 5.432
6 23 5.176
6 24 6.709
6 25 4.568
6 26 6.428
6 27 4.853
6 28 4.736
6 29 3.902
6 30 5.431
6 31 5.843
6 32 5.694
6 45 4.158
6 46 1.361
7 8 6.4
7 9 3.865
7 10 6.374
7 11 4.193
7 12 5.551
7 13 5.333
7 14 6.345
7 15 3.825
7 16 4.696
7 17 3.407
7 18 5.357
7 19 5.325
7 20 4.809
7 21 6.708
7 22 3.432
7 23 7.73
7 24 5.016
7 25 4.079
7 26 5.786
7 27 4.104
7 28 4.037
7 29 5.486
7 30 5.318
7 31 3.851
7 32 4.834
7 47 2.528
7 48 2.657
8 9 5.432
8 10 5.371
8 11 4.461
8 12 5.416
8 13 5.229
8 14 3.782
8 15 5.367
8 16 7.879
8 17 5.054
8 18 5.22
8 19 3.51
8 20 5.982
8 21 4.523
8 22 5.67
8 23 3.8
8 24 3.667
8 25 4.703
8 26 5.254
8 27 5.185
8 28 5.935
8 29 5.075
8 30 3.834
8 31 5.008
8 32 3.609
8 49 2.492
8 50 2.918
9 10 4.833
9 11 5.062
9 12 5.111
9 13 5.179
9 14 3.08
9 15 5.612
9 16 4.583
9 17 5.705
9 18 4.163
9 19 6.15
9 20 4.353
9 21 5.65
9 22 6.221
9 23 5.166
9 24 3.577
9 25 5.887
9 26 5.159
9 27 5.521
9 28 5.589
9 29 5.008
9 30 4.442
9 31 6.195
9 32 4.738
9 51 3.585
9 52 2.614
10 11 6.546
10 12 5.028
10 13 5.546
10 14 5.131
10 15 4.856
10 16 3.913
10 17 4.605
10 18 4.914
10 19 5.063
10 20 6.337
10 21 4.939
10 22 5.546
10 23 4.976
10 24 4.183
10 25 2.883
10 26 5.473
10 27 6.66
10 28 4.546
10 29 5.431
10 30 5.918
10 31 4.978
10 32 4.724
10 53 1.628
10 54 2.337
11 12 3.903
11 13 4.101
11 14 4.727
11 15 5.387
11 16 5.314
11 17 6.045
11 18 5.695
11 19 4.618
11 20 3.961
11 21 5.418
11 22 4.502
11 23 6.967
11 24 5.748
11 25 6.818
11 26 4.623
11 27 5.107
11 28 5.266
11 29 6.635
11 30 6.239
11 31 5.991
11 32 4.648
11 55 2.635
11 56 3.86
12 13 5.259
12 14 5.751
12 15 4.894
12 16 4.184
12 17 2.112
12 18 4.401
12 19 2.79
12 20 3.829
12 21 5.726
12 22 5.834
12 23 5.841
12 24 3.752
12 25 3.595
12 26 5.664
12 27 3.128
12 28 6.59
12 29 5.034
12 30 6.3
12 31 6.161
12 32 3.583
12 57 2.654
12 58 2.154
13 14 5.832
13 15 4.026
13 16 6.003
13 17 4.765
13 18 6.334
13 19 5.224
13 20 4.884
13 21 4.657
13 22 4.695
13 23 7.294
13 24 5.18
13 25 3.371
13 26 6.745
13 27 4.837
13 28 3.208
13 29 8.015
13 30 7.224
13 31 6.205
13 32 4.521
13 59 2.925
13 60 2.272
14 15 5.286
14 16 3.067
14 17 4.849
14 18 5.85
14 19 5.335
14 20 6.154
14 21 6.112
14 22 4.388
14 23 5.564
14 24 3.774
14 25 4.869
14 26 4.304
14 27 5.31
14 28 6.052
14 29 4.648
14 30 4.741
14 31 5.07
14 32 4.541
14 61 1.887
14 62 3.29
15 16 4.953
15 17 4.896
15 18 5.183
15 19 4.636
15 20 3.475
15 21 6.314
15 22 6.107
15 23 4.023
15 24 5.949
15 25 5.549
15 26 4.589
15 27 3.812
15 28 5.339
15 29 3.352
15 30 3.89
15 31 5.791
15 32 4.685
15 63 3.094
15 64 6.003
16 17 4.321
16 18 5.43
16 19 4.567
16 20 5.485
16 21 6.739
16 22 4.409
16 23 5.193
16 24 3.884
16 25 5.509
16 26 6.731
16 27 3.748
16 28 5.461
16 29 3.88
16 30 4.945
16 31 3.842
16 32 4.839
16 65 3.146
16 66 4.143
17 18 4.875
17 19 4.761
17 20 6.55
17 21 3.653
17 22 5.142
17 23 6.251
17 24 3.002
17 25 4.167
17 26 5.153
17 27 4.538
17 28 5.857
17 29 4.647
17 30 4.186
17 31 3.997
17 32 5.319
17 67 2.4
17 68 3.012
18 19 5.886
18 20 4.173
18 21 6.052
18 22 5.239
18 23 7.278
18 24 6.595
18 25 5.611
18 26 4.692
18 27 3.709
18 28 4.969
18 29 4.511
18 30 4.987
18 31 4.871
18 32 5.322
18 69 3.013
18 70 3.313
19 20 4.116
19 21 3.227
19 22 5.483
19 23 5.91
19 24 5.441
19 25 5.049
19 26 4.881
19 27 6.246
19 28 4.927
19 29 4.431
19 30 4.601
19 31 5.803
19 32 3.593
19 71 3.683
19 72 1.844
20 21 5.272
20 22 3.549
20 23 4.507
20 24 5.092
20 25 5.949
20 26 4.329
20 27 5.97
20 28 2.765
20 29 5.286
20 30 4.019
20 31 3.531
20 32 5.479
20 73 1.465
20 74 2.7
21 22 6.205
21 23 4.865
21 24 6.175
21 25 5.189
21 26 2.678
21 27 4.902
21 28 4.067
21 29 5.018
21 30 5.175
21 31 4.471
21 32 6.273
21 75 1.463
21 76 1.457
22 23 5.28
22 24 6.407
22 25 4.245
22 26 4.697
22 27 4.006
22 28 5.257
22 29 6.619
22 30 4.088
22 31 2.907
22 32 6.633
22 77 4.203
22 78 2.377
23 24 3.55
23 25 3.599
23 26 4.963
23 27 5.302
23 28 3.908
23 29 5.185
23 30 8.214
23 31 4.313
23 32 4.966
23 79 4.394
23 80 4.318
24 25 6.001
24 26 4.903
24 27 5.856
24 28 3.803
24 29 4.852
24 30 5.727
24 31 4.83
24 32 6.058
24 81 3.879
24 82 1.647
25 26 2.902
25 27 4.053
25 28 3.774
25 29 4.771
25 30 6.448
25 31 4.998
25 32 6.079
25 83 3.027
25 84 2.307
26 27 5.456
26 28 5.973
26 29 4.262
26 30 5.02
26 31 3.829
26 32 3.398
26 85 4.608
26 86 3.972
27 28 6.822
27 29 4.867
27 30 3.903
27 31 5.466
27 32 3.065
27 87 2.483
27 88 2.59
28 29 4.021
28 30 4.236
28 31 5.316
28 32 5.748
28 89 4.199
28 90 2.021
29 30 4.873
29 31 3.672
29 32 3.61
29 91 3.974
29 92 4.075
30 31 4.682
30 32 4.916
30 93 1.791
30 94 5.713
31 32 4.21
31 95 3.795
31 96 3.527
32 97 3.063
32 98 3.157
33 35 2.413
34 36 3.527
37 39 3.328
38 40 4.25
41 43 3.726
42 44 1.591
45 47 4.221
46 48 3.171
49 51 3.255
50 52 3.218
53 55 4.83
54 56 2.369
57 59 2.645
58 60 3.8
61 63 3.324
62 64 2.784
65 67 4.832
66 68 2.053
69 71 4.611
70 72 3.613
73 75 4.485
74 76 1.696
77 79 2.766
78 80 3.026
81 83 1.391
82 84 3.597
85 87 1.986
86 88 2.97
89 91 3.973
90 92 5.081
93 95 2.422
94 96 2.537