100
0 9 58.031
0 18 62.055
0 25 8.89
0 26 7.929
0 27 17.445
1 8 62.003
1 20 57.921
1 28 13.242
1 29 4.758
1 30 3.228
2 24 58.682
2 31 3.965
2 32 4.733
2 33 6.347
3 4 63.57
3 11 51.197
3 34 7.849
3 35 16.067
3 36 15.255
4 12 61.078
4 16 62.317
4 23 56.38
4 37 16.771
4 38 9.316
4 39 0.439
5 15 53.718
5 24 56.289
5 40 5.147
5 41 4.208
5 42 14.47
6 14 53.985
6 9 62.416
6 43 3.412
6 44 1.291
6 45 9.287
7 23 60.746
7 46 8.649
7 47 10.628
7 48 17.066
8 17 66.564
8 49 14.662
8 50 17.572
8 51 0.283
9 52 9.433
9 53 1.329
9 54 15.459
10 21 48.395
10 11 55.525
10 55 14.119
10 56 8.957
10 57 9.345
11 24 59.806
11 58 8.085
11 59 7.686
11 60 9.657
12 13 61.252
12 61 4.612
12 62 11.266
12 63 4.265
13 64 12.358
13 65 12.996
13 66 15.247
14 20 66.131
14 67 6.566
14 68 10.685
14 69 22.096
15 70 6.299
15 71 10.778
15 72 4.927
16 73 0.232
16 74 21.721
16 75 3.492
17 76 8.57
17 77 9.435
17 78 12.521
18 19 55.904
18 21 49.065
18 79 8.441
18 80 14.465
18 81 12.499
19 82 10.713
19 83 13.956
19 84 12.461
20 85 11.146
20 86 14.919
20 87 10.546
21 22 53.024
21 88 3.324
21 89 5.767
21 90 7.682
22 91 6.123
22 92 12.541
22 93 11.464
23 94 0.899
23 95 0.134
23 96 3.545
24 97 5.994
24 98 16.778
24 99 10.38
25 37 23.661
25 59 15.304
26 27 20.528
26 56 15.48
27 79 24.471
28 76 18.345
29 39 25.877
30 92 22.538
31 87 18.184
31 71 25.534
31 36 13.481
32 45 28.344
33 55 28.173
34 55 12.38
34 36 14.459
35 86 18.819
35 95 22.729
36 53 23.884
38 91 20.374
38 96 20.394
38 71 13.303
39 45 25.235
39 41 26.504
40 59 21.452
41 59 33.847
41 66 19.252
41 86 23.232
42 68 22.121
42 88 22.412
43 88 19.143
44 98 24.636
45 54 26.522
46 57 16.899
46 75 22.598
46 99 21.495
47 74 27.455
47 91 18.128
48 76 18.378
48 93 26.25
48 57 14.872
49 97 16.324
49 54 26.332
50 71 14.947
51 78 18.545
52 73 18.679
53 62 27.877
53 64 18.773
53 70 18.011
56 83 22.54
58 63 22.794
60 65 23.192
61 85 13.743
61 83 24.941
61 71 20.325
63 94 20.096
65 99 28.616
66 98 19.519
67 69 16.896
69 98 20.821
70 94 15.967
72 81 12.347
72 94 24.421
73 94 25.934
73 75 20.619
74 78 25.364
75 90 20.079
77 78 18.304
79 89 15.676
80 95 22.536
80 89 15.622
82 86 15.599
84 88 20.445
86 88 19.541
88 92 23.306