46
0 1 4.2
0 3 6.5
1 2 1.0
1 6 3.0
3 4 1.0
3 5 1.0
3 8 7.0
6 7 1.0
7 8 2.0
8 9 5.0
8 10 3.0
9 18 4.0
10 18 2.0
10 11 8.0
10 14 9.0
11 12 1.0
11 13 1.0
11 14 2.0
14 15 5.0
14 17 3.0
15 16 4.0
16 17 1.0
18 19 9.0
18 31 8.0
18 34 6.0
19 20 1.0
19 23 1.0
19 24 3.0
20 21 1.0
20 22 1.0
24 25 1.0
25 26 5.0
26 27 4.5
27 28 1.0
27 29 1.0
27 30 2.0
30 31 9.5
31 33 1.0
31 32 1.0
34 35 8.0
34 36 4.0
35 39 5.0
36 37 1.0
36 38 1.0
36 39 2.0
39 40 3.0
39 41 6.0
40 42 1.5
41 42 2.0
42 43 1.0
42 44 1.0
42 45 1.0
