100
0 80 6
0 95 18
0 7 85
0 86 85
0 23 19
0 83 80
0 81 1
0 35 36
0 24 35
1 24 19
1 54 59
1 67 70
1 89 89
1 72 4
1 88 37
2 18 98
2 22 94
2 34 95
2 14 87
2 99 7
3 34 56
3 78 77
3 86 40
3 52 79
3 10 3
3 26 68
3 39 13
3 5 95
4 92 57
4 77 31
4 17 1
4 94 6
4 43 44
4 13 69
5 42 18
5 27 38
5 30 79
5 61 50
5 70 50
5 18 92
5 99 75
5 83 5
6 22 34
6 43 8
6 56 92
6 95 14
6 49 79
7 28 79
7 9 90
7 58 88
7 72 83
7 68 53
7 20 25
7 42 76
8 51 27
8 12 22
8 16 33
9 85 69
9 81 1
9 21 31
9 38 61
10 92 83
10 61 40
10 76 66
10 39 58
11 52 56
11 91 82
11 23 62
11 67 8
12 43 56
12 99 60
12 86 58
12 81 47
13 84 11
13 88 29
13 32 50
13 30 82
14 90 44
14 78 49
14 27 3
14 98 71
14 53 89
14 61 13
14 66 91
14 31 96
14 55 92
14 40 31
14 54 32
14 75 88
15 78 12
16 80 71
16 90 41
16 92 86
16 67 44
16 88 22
17 29 87
17 44 40
17 31 19
17 45 74
17 47 49
17 98 61
17 74 79
17 30 74
17 77 23
18 93 26
18 75 50
18 74 67
18 86 32
18 30 62
18 36 88
18 26 83
19 98 97
20 56 53
20 97 1
20 98 2
20 24 28
20 51 85
20 94 14
21 46 21
21 43 6
21 33 15
21 99 12
21 72 50
21 87 92
21 63 39
21 75 9
21 67 32
22 38 33
22 24 78
22 51 30
22 46 75
22 41 68
22 40 79
22 78 85
23 94 7
23 37 22
23 82 92
24 43 11
24 65 97
24 62 75
24 77 2
24 58 57
24 66 89
24 97 31
24 39 46
25 38 24
25 87 16
26 80 80
26 83 13
26 51 60
26 77 91
26 60 56
26 81 68
26 33 71
27 69 41
27 77 14
27 39 22
27 92 13
28 85 73
28 63 18
28 36 30
28 55 29
28 45 33
28 43 24
29 30 1
29 87 65
29 39 15
29 37 23
29 78 15
29 54 23
30 83 53
30 72 96
30 32 94
30 85 64
31 84 71
31 33 82
31 53 63
31 42 98
31 39 85
32 53 96
32 37 8
32 97 14
33 73 43
33 46 55
33 63 53
33 69 17
33 62 29
33 79 3
34 41 87
34 58 7
34 43 17
34 67 87
35 50 23
35 80 76
35 52 83
35 85 10
35 38 54
35 48 21
35 69 39
36 67 95
36 98 18
36 81 60
37 59 71
37 76 10
37 62 29
37 84 97
38 63 81
38 82 18
38 83 60
38 78 5
38 68 19
38 88 80
38 57 11
38 86 15
38 97 5
39 81 14
39 86 69
39 93 17
39 97 45
40 52 49
40 43 19
40 61 51
41 98 17
42 86 67
42 93 76
42 97 15
42 95 21
43 61 73
43 72 14
43 85 31
43 89 52
43 92 91
43 57 56
44 72 64
44 62 35
44 93 17
44 97 30
44 75 14
45 85 38
45 59 3
45 67 90
45 79 86
45 57 51
46 61 21
46 78 26
46 85 49
46 57 46
47 55 97
47 76 55
47 71 84
48 57 71
49 91 95
49 58 59
49 77 20
49 57 20
49 61 20
50 97 59
50 90 22
50 62 84
51 72 28
51 91 74
51 97 29
52 98 15
52 60 66
52 78 31
53 74 4
53 69 16
53 87 25
53 98 13
55 87 6
55 82 70
55 81 94
56 88 42
56 92 22
56 79 52
56 66 98
56 96 36
57 88 36
57 77 72
58 70 37
58 61 82
59 98 21
59 67 21
59 62 28
60 61 31
61 75 58
61 82 37
61 67 92
62 76 61
62 98 55
63 71 79
63 67 43
63 74 6
63 83 78
63 80 48
63 96 48
63 90 3
64 75 79
64 80 47
64 66 71
64 89 28
65 66 48
66 92 72
67 78 10
69 81 77
69 70 95
71 75 73
71 93 34
72 74 8
72 95 15
76 98 53
77 90 13
78 82 3
78 85 34
79 84 89
79 91 6
80 81 96
81 91 38
81 86 25
81 87 17
81 99 13
82 87 69
83 84 74
83 94 58
86 96 28
87 98 22
89 97 72
89 94 43
91 98 80
95 97 21