100
0 2 84.5
0 4 81.9
0 5 64.3
1 4 6.55
1 5 7.84
2 3 11.4
2 4 22.0
4 5 51.1
23 24 7.41
7 24 66.0
24 17 68.9
1 16 3.14
7 1 3.80
10 7 83.0
12 5 41.1
10 5 51.4
15 10 62.2
6 2 28.6
18 6 19.1
21 19 8.67
3 19 80.5
6 19 89.1
14 22 64.7
14 11 71.3
9 14 71.7
12 9 24.0
8 12 86.5
15 0 79.0
6 15 58.5
16 18 13.3
16 6 84.8
1 3 81.3
2 13 31.0
0 9 23.1
17 4 94.0
4 8 84.0
22 3 30.7
3 20 0.97
6 13 58.9
5 11 94.1
30 23 0.2
32 10 12.1
29 32 3.26
34 31 51.7
29 31 83.4
29 30 13.6
43 44 17.3
42 17 53.9
44 38 71.2
38 1 95.7
38 39 58.1
39 40 67.5
40 41 88.4
46 22 91.5
45 13 61.4
9 36 75.6
25 26 80.5
26 0 64.1
15 36 93.6
27 1 84.5
33 12 58.1
35 8 12.4
8 10 46.2
32 7 16.5
24 44 98.7
48 49 1.0
49 28 15.4
26 14 87.3
47 2 95.9
0 14 64.6
26 28 66.8
25 37 24.8
37 27 51.0
6 40 86.2
39 15 6.2
47 41 61.9
13 21 21.2
48 46 20.4
7 0 78.6
34 8 57.2
27 34 30.5
1 39 4.4
69 93 73.8
93 70 40.8
70 92 47.6
52 32 32.2
52 24 89.4
23 89 7.4
89 52 60.0
92 64 42.6
29 64 79.7
34 68 35.4
69 95 25.0
68 33 49.2
8 33 41.8
71 92 17.7
92 10 24.6
71 37 69.3
71 72 27.3
73 25 92.8
5 73 37.6
73 36 95.6
72 36 59.4
94 28 86.6
74 28 16.9
74 11 7.2
74 36 54.5
74 75 49.6
49 75 72.9
78 75 17.1
76 75 9.9
46 76 99.2
79 22 90.5
77 46 48.9
35 71 69.3
91 8 55.5
89 88 11.4
98 96 98.3
96 7 26.8
60 98 22.8
16 53 89.9
51 85 75.7
24 85 47.6
85 88 4.8
87 86 41.4
42 87 7.9
97 99 48.0
97 98 36.2
44 61 53.0
86 24 47.6
60 61 54.2
62 38 59.9
54 63 12.3
39 63 14.2
55 62 83.4
0 67 45.7
57 67 53.2
67 6 19.9
67 17 2.82
63 65 24.8
40 65 58.6
19 18 91.2
79 77 67.8
72 37 69.1
41 82 88.0
82 59 62.0
59 58 53.8
83 66 53.4
58 83 11.6
57 84 75.7
65 56 71.1
63 84 21.3
55 56 29.4
84 41 84.2
81 80 48.9
81 47 38.0
94 52 47.8
90 23 0.6
23 51 30.2
59 57 90.2
58 57 35.1
60 54 63.3
33 72 17.8
90 10 40.5
34 92 8.7
44 17 40.5
20 82 14.7
54 55 48.6
50 53 4.8
