100
0 27 8.498
0 40 12.767
0 41 12.85
0 42 12.394
0 43 14.948
0 44 12.924
0 45 11.71
0 46 15.819
0 47 12.314
0 48 11.317
0 49 8.776
0 50 9.717
0 51 9.914
0 52 12.698
0 53 12.531
0 54 13.886
0 55 13.373
0 56 11.113
0 57 8.357
0 58 11.339
0 59 11.59
0 60 8.578
0 61 12.008
0 62 11.241
0 63 8.756
0 64 11.461
0 65 12.07
0 66 16.151
0 67 8.658
0 68 14.524
1 12 4.197
1 40 13.364
1 69 8.842
1 70 10.015
1 71 15.359
1 72 14.283
1 73 13.145
1 74 10.326
1 75 10.557
1 76 12.543
1 77 11.332
1 78 9.98
1 79 11.613
1 80 10.642
1 81 10.741
1 82 16.138
1 83 9.61
1 84 10.82
1 85 9.3
1 86 10.85
1 87 11.749
1 88 8.826
1 89 12.621
1 90 13.247
1 91 11.438
1 92 14.176
1 93 12.11
1 94 13.115
1 95 12.494
1 96 9.373
1 97 11.841
1 98 10.825
1 99 10.915
2 6 4.642
2 69 9.68
3 6 2.998
3 41 6.848
3 70 11.151
4 18 8.341
4 42 13.379
4 71 12.346
5 11 9.065
5 28 5.566
5 37 7.751
5 30 7.023
5 43 8.633
5 72 11.613
6 27 10.946
6 35 8.923
6 25 3.927
6 44 12.286
6 73 13.586
7 8 6.127
7 31 7.86
7 29 5.324
7 13 5.546
7 45 12.25
7 74 12.166
8 46 9.057
8 75 12.849
9 31 8.808
9 76 13.872
10 19 5.655
10 47 8.676
11 24 3.463
11 48 9.439
11 77 11.187
12 21 7.706
12 78 9.026
13 33 5.913
13 49 10.734
13 79 11.118
14 17 8.289
14 23 5.843
14 80 13.602
15 35 7.408
15 50 10.29
15 81 12.895
16 19 8.034
16 25 9.032
16 51 11.183
17 20 7.009
17 52 11.309
18 34 7.824
18 19 5.895
18 53 12.791
18 82 10.988
19 54 12.285
20 36 5.067
20 83 9.777
21 22 3.958
21 26 6.439
21 55 13.741
21 84 11.443
22 56 11.487
22 85 11.08
23 28 7.192
24 86 10.662
25 29 6.685
25 87 12.102
26 38 8.223
26 30 6.105
26 88 10.732
27 57 8.452
27 89 13.636
28 58 12.79
28 90 10.457
29 32 5.769
29 59 10.777
29 91 12.539
30 39 6.463
30 60 11.343
30 92 12.521
31 61 9.935
31 93 10.411
32 62 10.161
33 36 8.438
33 63 12.112
33 94 11.167
34 95 9.123
35 64 11.747
35 96 12.66
36 65 10.754
36 97 10.395
37 66 9.596
37 98 13.752
38 67 12.279
38 99 12.581
39 68 12.704