100
87 4 9.488
21 8 59.907
41 70 41.039
54 72 43.327
66 41 55.436
56 18 40.808
50 8 41.018
18 25 14.101
39 27 68.674
84 96 91.906
64 26 10.223
49 79 72.167
33 92 60.112
5 8 9.283
3 18 24.672
31 35 14.898
61 80 79.508
89 42 62.745
68 66 41.261
32 10 72.939
39 50 90.141
34 19 66.242
80 82 62.481
24 35 52.777
80 51 21.436
34 52 48.003
53 33 65.966
8 68 34.976
64 73 37.701
10 56 71.04
16 15 68.269
63 26 2.689
97 50 37.669
31 79 25.604
19 7 28.186
70 64 89.568
63 57 58.077
25 77 71.522
43 10 12.334
96 21 74.667
71 8 79.322
9 89 70.165
59 96 13.547
68 62 84.738
90 68 84.629
43 15 37.701
64 32 61.183
62 30 78.36
6 99 15.48
36 0 69.278
9 82 66.312
35 24 10.957
97 26 36.258
73 75 0.528
13 70 30.708
47 1 11.854
51 37 56.979
39 49 73.345
61 50 65.381
67 63 97.865
20 5 71.372
19 42 87.534
83 75 59.726
26 58 34.538
41 39 6.974
6 17 74.185
25 44 35.881
62 56 29.36
18 53 26.918
43 18 91.609
86 46 87.488
47 62 64.669
91 2 16.997
96 32 76.83
12 11 70.483
22 62 29.303
81 14 14.088
84 55 9.58
58 45 51.681
28 29 49.99
39 21 35.91
7 56 82.384
31 38 44.0
33 64 9.934
29 57 21.05
34 16 54.3
55 93 9.909
34 15 63.371
38 59 93.273
4 46 93.422
4 32 10.808
86 61 10.256
36 82 93.278
91 43 53.183
79 12 79.447
48 33 1.307
54 78 26.186
57 27 98.869
9 25 11.023
93 35 8.011
65 52 37.082
8 88 75.768
36 9 35.067
93 2 89.957
77 43 0.842
81 10 41.411
24 44 71.068
20 51 11.673
88 84 98.109
37 44 53.356
11 7 66.652
29 38 67.663
24 20 1.989
14 61 44.848
55 67 28.958
30 91 23.159
88 85 71.417
93 50 84.7
19 48 36.498
87 55 36.223
2 58 41.997
41 9 97.767
60 4 29.585
99 8 23.416
64 73 78.512
45 26 6.727
24 0 57.817
83 74 64.504
40 99 29.297
1 24 39.9
92 30 1.055
12 26 9.731
43 18 23.38
18 67 54.759
49 73 62.823
15 92 15.694
79 64 94.08
31 18 84.297
74 75 56.164
42 60 80.042
23 29 61.87
81 76 60.72
92 95 83.381
89 26 51.42
89 6 19.744
41 71 31.004
99 3 39.877
91 50 18.875
96 65 97.381
25 89 40.678
77 51 68.27
30 52 31.439
11 48 45.106
59 16 36.608
75 16 51.721
53 8 54.075
58 67 92.903
38 69 31.359
89 85 59.867
69 91 62.323
26 83 77.806
75 45 61.865
93 62 0.908
5 24 64.42
36 42 86.071
81 52 27.478
72 63 54.944
29 3 96.365
52 49 56.742
26 89 38.137
85 21 71.511
77 79 32.502
47 55 86.499
89 86 37.67
58 77 63.942
76 58 54.304
63 36 34.548
71 2 48.02
33 70 6.888
66 77 2.828
33 97 83.912
13 47 9.725
42 26 29.895
35 90 73.429
61 60 25.559
32 16 70.876
45 2 70.192
98 33 93.536
62 23 61.315
50 90 5.724
16 54 30.305
0 53 63.244
55 97 41.472
62 66 74.814
71 6 83.505
45 59 48.814
53 85 39.237
20 82 21.943
63 87 28.242
63 44 4.019
39 87 46.695
31 38 50.383
5 3 96.858
11 10 6.917
86 27 54.697
83 16 35.378
54 8 41.856
41 83 64.27
7 67 29.055
67 52 83.836
95 91 22.571
32 22 82.266
61 4 72.307
77 79 72.251
37 59 26.529
70 48 63.89
68 9 74.791
52 26 65.858
63 46 17.975
27 70 34.886
77 56 75.042
18 29 74.736
81 20 18.114
67 85 8.787
39 81 82.598
63 25 90.79
64 89 25.075
43 98 46.859
51 21 72.803
41 57 86.899
83 0 63.71
29 74 66.103
12 53 12.472
56 64 8.552
57 45 94.454
25 34 82.428
73 50 93.034
92 1 17.49
27 96 43.971
74 1 65.022
22 19 22.537
70 25 31.758
61 41 50.034
64 3 95.909
20 39 14.184
55 66 8.739
93 90 9.519
84 34 51.457
3 13 88.331
93 53 30.968
39 66 2.721
58 59 50.428
99 34 16.132
68 64 19.432
96 42 91.429
75 99 54.597
27 46 44.385
8 1 68.869
37 81 60.815
40 37 73.249
41 31 66.7
35 51 60.052
65 40 40.327
34 92 8.079
22 83 73.481
72 56 78.265
44 6 88.12
87 55 75.395
48 46 85.61
68 27 91.722
13 70 55.073
13 97 9.758
4 67 95.948
90 84 72.684
46 48 73.682
48 80 96.794
51 88 92.949
70 67 55.513
91 80 97.091
91 97 27.694
97 83 97.84
11 40 71.558
53 56 64.011
11 73 65.101
95 82 19.037
13 56 12.195
7 1 91.276
97 33 21.827
94 33 38.78
