100
0 20 5.972
0 13 8.513
0 27 8.926
0 28 10.295
0 29 11.028
0 30 10.707
0 31 13.96
0 32 11.637
0 33 12.919
0 34 9.528
0 35 16.297
0 36 9.092
0 37 12.564
0 38 11.218
0 39 12.149
0 40 11.962
0 41 9.748
0 42 9.885
0 43 12.438
0 44 10.715
0 45 10.449
0 46 13.216
1 3 9.161
1 27 11.856
1 47 11.144
1 48 13.007
1 49 12.743
1 50 12.227
1 51 13.73
1 52 10.588
1 53 8.151
1 54 13.289
1 55 11.753
1 56 12.983
1 57 9.996
1 58 10.753
1 59 11.317
1 60 11.127
1 61 13.076
1 62 7.548
2 11 5.163
2 28 13.183
2 47 10.809
2 63 13.979
2 64 14.951
2 65 13.463
2 66 10.328
2 67 11.798
2 68 11.542
2 69 11.695
2 70 10.57
2 71 12.092
2 72 15.511
2 73 9.765
2 74 10.251
2 75 11.673
2 76 14.078
2 77 10.79
3 17 6.183
3 29 11.919
3 63 14.209
3 78 10.331
3 79 7.622
3 80 15.155
3 81 6.314
3 82 16.193
3 83 14.483
3 84 14.486
3 85 9.431
3 86 13.827
3 87 11.293
3 88 13.893
3 89 11.316
3 90 12.563
3 91 14.313
3 92 13.768
3 93 16.958
4 12 2.452
4 26 6.261
4 30 15.727
4 48 11.767
4 78 11.808
4 94 12.274
4 95 14.992
4 96 11.782
4 97 11.355
4 98 14.419
4 99 14.039
5 24 6.194
5 10 7.708
5 31 10.319
5 49 9.088
5 79 10.279
6 17 2.521
6 32 14.428
6 80 14.707
6 94 14.377
7 19 4.369
7 12 5.68
7 50 10.779
7 64 9.699
7 81 10.825
8 21 7.685
8 33 9.923
8 65 14.821
8 95 10.627
9 23 6.847
9 66 10.382
9 96 12.333
10 23 9.167
10 14 7.295
10 20 7.713
10 34 13.693
10 51 12.011
10 67 13.753
10 82 11.018
10 97 12.749
11 15 7.776
11 35 12.522
11 52 9.432
11 68 11.064
11 83 10.33
11 98 10.056
12 99 15.828
13 22 5.892
13 36 10.47
13 53 12.352
13 69 12.845
13 84 10.547
14 21 9.529
14 25 4.57
14 70 9.444
15 16 6.953
15 18 6.211
15 85 10.63
16 37 13.906
16 54 10.882
16 71 11.037
16 86 11.806
17 21 7.811
17 38 10.64
17 55 15.549
17 87 10.838
18 19 2.468
18 39 10.454
18 56 13.842
18 72 14.643
18 88 12.466
19 22 10.31
19 40 10.16
19 57 12.304
19 73 10.501
19 89 9.837
20 41 9.948
21 42 11.771
21 58 15.766
21 74 13.837
21 90 10.328
22 43 13.039
22 59 15.174
22 91 10.033
23 44 11.503
23 60 14.007
23 75 13.211
23 92 10.837
24 45 10.03
24 61 11.638
24 93 11.252
25 46 15.524
25 76 14.878
26 62 12.645
26 77 9.827