100
0 3 64.728
0 25 11.965
0 26 11.932
0 27 2.054
1 4 58.147
1 28 10.086
1 29 5.12
1 30 11.064
2 11 63.878
2 31 16.133
2 32 8.485
2 33 4.843
3 11 58.76
3 18 55.435
3 4 67.155
3 34 13.237
3 35 0.769
3 36 5.985
4 7 51.273
4 12 63.175
4 9 64.339
4 37 11.346
4 38 17.252
4 39 15.962
5 8 59.19
5 40 9.883
5 41 16.891
5 42 14.973
6 9 61.063
6 43 17.597
6 44 3.855
6 45 12.844
7 46 9.704
7 47 6.304
7 48 2.64
8 22 58.861
8 49 3.481
8 50 8.213
8 51 7.221
9 10 63.709
9 22 62.281
9 52 9.361
9 53 9.503
9 54 5.042
10 55 5.043
10 56 14.887
10 57 9.496
11 58 17.479
11 59 2.581
11 60 8.143
12 61 16.917
12 62 7.282
12 63 3.191
13 18 56.838
13 64 8.086
13 65 8.955
13 66 15.758
14 20 51.951
14 22 58.437
14 16 56.33
14 67 17.492
14 68 8.335
14 69 6.005
15 22 56.306
15 70 18.395
15 71 10.908
15 72 11.889
16 24 61.005
16 73 10.04
16 74 12.707
16 75 5.303
17 19 56.96
17 24 54.787
17 76 8.382
17 77 0.924
17 78 7.554
18 79 21.932
18 80 8.914
18 81 11.259
19 82 9.642
19 83 9.131
19 84 8.305
20 21 59.898
20 85 7.076
20 86 13.876
20 87 17.918
21 88 10.67
21 89 18.805
21 90 0.818
22 23 61.548
22 91 5.911
22 92 13.5
22 93 7.514
23 94 7.518
23 95 0.508
23 96 6.218
24 97 4.109
24 98 8.68
24 99 5.338
25 39 16.133
25 77 20.132
26 97 18.437
27 96 17.202
28 58 25.39
28 67 16.833
29 61 17.983
30 55 11.078
30 91 21.892
31 88 19.899
32 37 18.259
32 45 27.461
33 75 17.958
33 52 24.441
34 57 21.285
35 84 25.465
35 88 20.284
35 57 23.921
36 78 19.766
36 62 17.158
37 46 23.374
38 84 21.757
40 81 20.422
40 89 24.775
41 83 23.402
41 95 17.311
42 49 23.293
42 61 18.859
43 76 19.118
44 89 31.933
44 76 19.971
44 71 9.661
45 65 17.241
45 77 19.215
47 86 24.292
48 56 18.781
48 80 19.594
49 94 19.546
49 96 20.197
50 54 16.865
50 94 24.391
51 53 15.216
52 53 18.396
52 77 16.289
52 88 25.379
55 82 19.978
55 71 17.29
56 66 17.934
57 74 23.547
57 76 18.353
59 90 20.685
59 73 23.692
60 82 15.178
61 99 16.618
62 86 21.102
62 79 21.684
63 72 13.607
63 80 14.259
64 88 19.62
65 70 24.378
67 86 22.639
68 82 24.51
69 77 23.545
73 93 19.994
73 88 18.584
76 87 20.015
77 79 29.455
78 85 22.456
80 91 25.397
80 99 11.301
84 95 13.139
88 92 17.534
88 98 15.838
89 97 28.926