56
0 1 3
1 2 12
2 3 8
3 4 6
4 5 12
3 9 4
8 9 6
6 8 5
6 7 3
8 7 8
9 10 7
0 10 5
10 11 9
0 11 2
4 12 5
12 13 6
13 14 8
14 15 1
12 15 2
15 16 8
16 17 3
17 18 4
18 19 4
5 19 7
19 20 8
6 26 4
26 21 19
21 22 12
22 18 14
18 23 16
23 24 7
24 25 6
25 26 11
7 27 14
27 28 6
28 29 3
29 30 5
30 31 9
31 32 7
32 33 8
33 34 4
34 35 2
35 8 16
30 36 12
36 37 3
37 38 14
38 39 5
39 40 7
40 41 4
41 42 6
42 43 7
43 44 3
44 45 9
44 46 12
45 46 3
46 47 13
47 48 5
48 49 6
49 50 4
48 50 10
44 49 7
49 51 8
50 51 6
51 53 6
53 52 4
52 43 25
52 37 18
53 36 17
53 54 9
54 55 6
31 55 8