100
0 1 74.627
0 2 70.588
0 3 57.481
0 4 83.948
0 5 90.349
0 6 80.867
0 7 3.109
0 8 95.715
0 9 41.606
0 10 89.176
0 11 66.315
0 12 23.069
0 13 37.634
0 14 19.513
0 15 96.240
0 16 56.193
0 17 2.668
0 18 80.058
0 19 91.825
0 20 67.623
0 21 86.363
0 22 68.802
0 23 44.603
0 24 36.224
0 25 61.109
0 26 70.832
0 27 9.935
0 28 19.900
0 29 28.886
0 30 65.685
0 31 6.250
0 32 99.523
0 33 59.637
0 34 28.683
0 35 56.262
0 36 52.944
0 37 32.242
0 39 93.492
0 40 50.124
0 41 61.153
0 42 65.309
0 43 8.812
0 44 10.116
0 45 12.916
0 46 73.167
0 47 20.872
0 48 6.145
0 49 36.248
0 50 90.090
0 52 74.381
0 53 67.939
0 54 20.052
0 55 60.276
0 56 22.428
0 58 12.147
0 59 54.078
0 60 86.703
0 61 2.923
0 62 86.472
0 63 91.905
0 64 31.966
0 65 39.964
0 66 90.623
0 67 63.047
0 68 60.932
0 69 64.498
0 70 46.032
0 71 99.490
0 72 80.627
0 73 37.357
0 74 7.092
0 75 58.205
0 76 95.415
0 77 20.036
0 78 49.227
0 79 33.780
0 80 32.676
0 81 8.879
0 82 80.091
0 83 56.762
0 84 15.480
0 85 91.019
0 86 74.150
0 87 93.039
0 88 66.390
0 89 83.657
0 90 61.638
0 91 34.651
0 92 62.733
0 93 44.075
0 94 69.365
0 95 38.645
0 96 39.064
0 97 18.241
0 98 12.208
0 99 40.005
1 2 12.568
1 3 24.360
1 4 87.479
1 5 97.005
1 6 56.177
1 7 49.623
1 8 40.892
1 9 56.588
1 10 11.855
1 11 49.881
1 12 11.375
1 13 89.385
1 14 69.592
1 15 71.969
1 16 12.129
1 17 39.991
1 18 76.983
1 19 8.542
1 20 14.739
1 21 81.310
1 22 91.290
1 23 81.288
1 24 22.006
1 25 60.261
1 26 88.348
1 28 85.864
1 29 87.477
1 30 10.897
1 31 46.195
1 33 15.745
1 34 75.090
1 36 80.704
1 37 66.973
1 38 78.193
1 39 32.683
1 40 31.741
1 41 51.790
1 42 62.804
1 43 82.149
1 44 59.960
1 45 89.404
1 46 42.239
1 47 12.309
1 48 33.819
1 50 22.884
1 51 44.755
1 52 29.893
1 53 2.469
1 54 36.487
1 55 84.356
1 56 81.073
1 57 89.089
1 58 8.100
1 59 24.275
1 60 79.552
1 61 7.128
1 62 24.847
1 63 28.797
1 64 90.553
1 65 13.459
1 66 52.907
1 67 92.794
1 68 1.033
1 69 28.832
1 70 80.688
1 71 31.253
1 72 13.888
1 73 69.059
1 74 16.551
1 76 83.910
1 77 47.809
1 78 82.677
1 79 90.484
1 80 87.886
1 81 78.917
1 82 35.308
1 83 80.886
1 84 79.023
1 85 79.139
1 87 1.761
1 88 3.413
1 89 22.519
1 90 61.489
1 91 58.439
1 92 68.583
1 93 22.297
1 94 34.963
1 95 41.412
1 96 99.900
1 97 91.979
1 98 96.459
2 4 78.136
2 8 2.476
2 10 33.347
2 12 76.826
2 18 7.449
2 20 61.828
2 21 17.313
2 23 15.816
2 25 15.149
2 26 18.159
2 27 81.657
2 30 50.884
2 31 85.268
2 34 65.294
2 35 38.850
2 38 68.631
2 40 51.526
2 41 62.507
2 42 14.563
2 43 90.219
2 44 7.952
2 45 50.442
2 46 56.707
2 48 3.634
2 49 99.733
2 51 18.877
2 52 93.837
2 53 69.071
2 55 30.815
2 56 2.622
2 60 17.899
2 61 24.220
2 63 58.261
2 64 89.274
2 65 77.102
2 70 64.344
2 73 28.428
2 78 92.138
2 79 42.748
2 80 25.657
2 82 30.888
2 83 70.408
2 85 68.618
2 88 51.766
2 89 98.191
2 90 80.620
2 92 78.643
2 93 16.274
2 94 54.401
2 96 56.692
2 97 11.764
2 98 41.258
3 2 77.202
3 4 36.254
3 6 67.706
3 7 9.379
3 9 60.902
3 10 32.039
3 12 96.718
3 13 50.938
3 14 92.477
3 15 88.290
3 17 94.142
3 20 99.513
3 21 89.701
3 22 1.373
3 23 58.218
3 25 43.658
3 26 27.279
3 29 62.133
3 30 50.629
3 33 61.706
3 34 18.561
3 35 58.494
3 36 57.193
3 37 75.154
3 38 50.294
3 40 76.646
3 42 80.930
3 43 99.756
3 45 44.300
3 46 17.577
3 47 82.112
3 48 20.565
3 50 97.974
3 51 22.250
3 53 30.232
3 54 37.596
3 55 13.585
3 56 34.643
3 58 69.139
3 59 69.496
3 60 3.958
3 64 28.403
3 66 49.923
3 67 57.116
3 68 24.438
3 69 98.662
3 72 84.971
3 73 35.559
3 74 6.950
3 75 54.266
3 76 90.006
3 77 12.957
3 79 75.940
3 80 25.609
3 81 91.789
3 86 81.608
3 87 96.777
3 88 84.364
3 89 39.790
3 91 62.837
3 92 20.509
3 94 68.030
3 95 65.591
3 96 78.831
3 97 76.751
3 98 77.728
4 6 0.166
5 2 85.797
5 3 98.839
5 4 27.381
5 6 51.963
5 7 81.908
5 9 83.127
5 10 13.591
5 11 6.510
5 12 48.260
5 14 67.352
5 16 44.400
5 17 54.865
5 18 72.399
5 19 60.556
5 21 1.840
5 22 96.869
5 23 14.249
5 24 67.163
5 25 19.891
5 26 89.221
5 27 94.113
5 29 45.097
5 30 93.935
5 32 44.161
5 33 59.006
5 35 61.139
5 36 73.371
5 38 26.005
5 39 38.416
5 40 72.626
5 41 79.223
5 42 69.736
5 43 54.196
5 44 28.234
5 46 35.208
5 47 95.017
5 48 5.281
5 52 76.008
5 53 74.597
5 55 39.555
5 56 39.362
5 57 19.843
5 58 60.013
5 60 88.768
5 61 35.476
5 62 4.387
5 63 11.919
5 64 72.742
5 65 42.450
5 66 27.584
5 67 39.700
5 68 78.484
5 69 56.850
5 71 60.914
5 72 30.066
5 73 31.591
5 75 3.361
5 76 16.655
5 77 52.646
5 78 96.273
5 79 74.793
5 81 23.497
5 82 83.656
5 84 89.312
5 85 74.009
5 86 25.770
5 87 92.686
5 88 68.640
5 90 32.916
5 91 46.267
5 92 35.451
5 95 32.281
5 96 75.147
5 97 12.192
5 98 54.620
5 99 87.286
6 2 29.105
6 7 29.945
6 8 32.366
6 10 58.244
6 11 98.829
6 12 47.899
6 13 76.922
6 15 33.654
6 16 3.772
6 17 27.394
6 19 26.159
6 20 23.614
6 24 78.813
6 25 41.947
6 26 1.576
6 27 94.636
6 28 50.197
6 30 24.562
6 31 9.515
6 33 29.380
6 34 28.869
6 36 75.458
6 39 70.294
6 40 26.864
6 41 82.607
6 42 13.519
6 43 44.137
6 44 33.840
6 45 95.493
6 46 17.076
6 47 97.481
6 48 29.281
6 49 5.500
6 50 6.569
6 51 58.326
6 52 13.007
6 54 33.093
6 55 62.979
6 56 68.498
6 61 4.143
6 62 65.626
6 63 79.287
6 66 98.976
6 67 69.824
6 68 71.787
6 70 36.079
6 72 93.197
6 73 51.923
6 74 76.296
6 76 58.137
6 78 74.886
6 80 49.026
6 81 63.140
6 82 95.819
6 83 55.170
6 84 5.065
6 88 39.288
6 89 96.205
6 92 16.637
6 93 42.518
6 95 85.371
6 96 55.288
6 97 67.731
6 98 67.248
6 99 54.427
7 2 46.708
7 8 62.118
7 10 67.577
7 11 41.955
7 12 4.772
7 13 64.883
7 14 55.954
7 15 85.498
7 16 76.426
7 17 78.174
7 18 9.492
7 19 24.643
7 20 98.305
7 22 42.470
7 24 78.116
7 27 87.191
7 29 44.519
7 32 47.503
7 34 95.424
7 35 0.815
7 40 15.483
7 41 6.508
7 42 2.971
7 43 20.693
7 45 39.185
7 48 19.589
7 50 95.488
7 52 30.267
7 55 94.931
7 56 51.171
7 57 82.703
7 59 50.060
7 60 99.582
7 62 28.097
7 63 11.669
7 64 6.886
7 65 71.645
7 66 65.068
7 67 34.848
7 68 55.566
7 69 30.197
7 70 85.256
7 73 22.218
7 77 0.257
7 78 41.537
7 80 89.284
7 81 61.182
7 82 57.581
7 85 57.888
7 86 45.425
7 87 92.431
7 88 40.448
7 89 61.879
7 90 3.958
7 92 64.475
7 93 84.533
7 94 51.940
7 95 87.745
7 96 42.369
7 97 23.664
7 98 40.649
7 99 77.361
8 10 95.595
8 13 92.290
8 14 46.647
8 15 41.598
8 16 44.101
8 17 91.481
8 18 51.429
8 20 38.908
8 21 65.191
8 22 76.417
8 23 91.252
8 24 73.091
8 26 70.415
8 27 51.947
8 28 20.919
8 29 20.227
8 30 28.301
8 31 52.666
8 33 95.899
8 34 34.739
8 35 90.808
8 42 32.698
8 43 3.390
8 44 15.432
8 45 62.398
8 46 17.673
8 47 36.545
8 48 54.734
8 49 16.043
8 50 80.564
8 51 27.819
8 52 51.192
8 54 56.762
8 56 31.888
8 57 55.639
8 58 82.896
8 60 19.465
8 62 40.976
8 63 47.607
8 64 9.978
8 66 83.674
8 67 8.155
8 71 36.030
8 72 42.137
8 75 6.932
8 76 76.020
8 78 95.425
8 79 82.439
8 80 94.343
8 81 90.373
8 82 59.113
8 85 44.240
8 86 7.326
8 88 2.355
8 90 19.123
8 98 78.324
8 99 82.440
9 2 35.352
9 4 97.486
9 10 92.763
9 13 51.608
9 15 47.574
9 16 5.938
9 17 47.414
9 18 39.367
9 20 29.036
9 21 72.937
9 23 35.388
9 25 61.211
9 27 17.078
9 28 29.723
9 29 13.569
9 32 35.038
9 33 39.750
9 34 12.441
9 35 27.114
9 37 26.081
9 38 91.701
9 41 89.246
9 42 72.811
9 43 71.321
9 45 72.431
9 46 7.611
9 47 46.852
9 48 23.812
9 49 54.405
9 50 54.393
9 51 33.046
9 52 95.807
9 54 12.429
9 55 21.019
9 57 66.306
9 58 63.245
9 59 58.554
9 63 55.490
9 64 4.164
9 67 76.777
9 69 78.674
9 71 18.937
9 74 95.858
9 75 26.341
9 77 2.597
9 79 19.234
9 80 73.402
9 81 73.142
9 83 97.262
9 84 72.160
9 85 29.889
9 87 79.158
9 89 83.360
9 90 32.626
9 91 53.756
9 95 4.494
9 96 27.582
9 97 60.492
9 99 76.393
10 11 73.591
10 17 79.112
10 23 72.111
10 25 51.560
10 29 49.663
10 31 75.119
10 33 98.454
10 35 38.893
10 37 90.195
10 38 6.038
10 47 43.923
10 51 30.220
10 52 24.578
10 53 20.997
10 55 32.165
10 56 75.436
10 65 16.053
10 66 65.653
10 69 92.950
10 71 15.524
10 73 81.500
10 74 25.566
10 80 51.787
10 81 76.630
10 83 83.551
10 85 3.214
10 90 68.696
10 92 43.705
10 94 13.869
10 95 18.871
10 96 34.138
10 98 59.335
11 2 96.170
11 3 39.466
11 4 82.351
11 8 28.003
11 9 56.978
11 12 81.817
11 13 35.122
11 14 14.045
11 15 63.263
11 16 67.357
11 17 41.917
11 18 50.074
11 19 62.389
11 20 15.243
11 21 37.089
11 22 77.649
11 23 99.321
11 24 89.556
11 25 22.698
11 26 57.404
11 27 57.521
11 29 68.145
11 31 61.222
11 33 51.769
11 34 68.834
11 35 7.466
11 36 2.703
11 37 61.147
11 38 22.533
11 39 50.891
11 40 73.123
11 41 39.928
11 42 93.784
11 43 96.318
11 45 30.340
11 46 67.184
11 47 64.166
11 49 29.968
11 50 49.031
11 52 72.103
11 53 64.297
11 54 35.974
11 55 90.450
11 56 24.876
11 57 47.307
11 58 76.462
11 59 50.392
11 60 22.534
11 62 44.307
11 63 33.841
11 64 5.637
11 66 53.990
11 67 92.630
11 68 47.982
11 69 74.595
11 70 52.210
11 71 67.894
11 72 52.697
11 73 80.749
11 74 1.354
11 75 39.064
11 76 14.021
11 78 8.099
11 79 57.887
11 80 26.970
11 82 75.639
11 84 15.071
11 85 91.392
11 86 87.817
11 87 38.836
11 88 34.151
11 89 44.334
11 90 95.251
11 92 57.276
11 93 22.074
11 94 71.835
11 95 6.446
11 96 52.061
11 97 97.815
11 98 26.504
11 99 77.368
12 20 97.367
12 22 41.661
12 47 23.408
12 74 36.509
12 80 89.365
13 4 13.315
13 18 60.523
13 24 81.870
13 40 3.273
13 53 9.585
13 56 94.515
13 68 45.682
13 80 93.665
13 91 54.297
13 99 22.259
14 4 49.500
14 10 72.087
14 12 9.833
14 15 24.004
14 16 8.928
14 17 78.871
14 18 38.369
14 19 82.998
14 20 49.035
14 21 72.537
14 22 67.150
14 23 94.594
14 26 63.177
14 27 37.786
14 28 16.930
14 29 78.622
14 30 42.712
14 31 0.340
14 32 63.264
14 34 91.263
14 35 89.585
14 36 20.086
14 37 80.088
14 38 14.618
14 40 43.852
14 41 78.883
14 42 77.799
14 43 38.596
14 44 77.282
14 46 20.268
14 48 12.460
14 49 9.571
14 50 60.514
14 51 31.334
14 52 61.822
14 54 85.460
14 58 59.322
14 61 36.454
14 62 8.591
14 63 77.501
14 64 13.511
14 66 29.157
14 67 81.421
14 68 0.134
14 69 90.393
14 70 8.428
14 71 1.497
14 72 15.642
14 73 20.054
14 74 60.841
14 75 29.360
14 76 19.915
14 77 34.878
14 78 32.157
14 80 54.116
14 83 62.863
14 84 55.073
14 85 38.817
14 86 3.147
14 87 26.594
14 88 56.244
14 90 6.311
14 91 82.693
14 93 85.566
14 94 62.931
14 95 27.045
14 96 83.663
14 99 54.189
15 19 2.004
15 23 81.238
15 24 54.930
15 27 37.606
15 29 87.471
15 35 19.396
15 37 83.937
15 38 87.121
15 39 24.033
15 41 3.574
15 42 92.051
15 47 59.484
15 49 52.495
15 52 71.611
15 55 5.097
15 57 42.414
15 58 37.696
15 59 8.555
15 62 1.068
15 69 98.807
15 73 37.492
15 75 11.025
15 77 58.567
15 80 41.304
15 81 81.497
15 90 50.553
15 91 93.358
15 95 68.364
16 3 70.375
16 4 19.773
16 15 89.233
16 17 39.386
16 19 43.306
16 20 36.253
16 22 70.060
16 23 12.024
16 24 89.451
16 27 50.109
16 30 45.821
16 31 6.340
16 33 50.994
16 40 65.749
16 44 84.401
16 50 92.121
16 58 15.142
16 59 41.864
16 60 7.091
16 61 59.729
16 64 82.797
16 66 29.484
16 70 52.550
16 73 50.748
16 81 1.836
16 82 14.883
16 83 50.940
16 85 35.719
16 86 11.253
16 91 24.387
16 95 59.886
16 96 24.058
16 97 20.516
17 4 72.302
17 12 62.111
17 13 44.979
17 15 19.546
17 23 66.284
17 27 42.134
17 28 32.575
17 29 40.875
17 35 98.695
17 37 75.109
17 38 67.651
17 40 19.011
17 42 86.224
17 43 88.395
17 44 54.652
17 45 18.554
17 47 56.655
17 48 67.834
17 49 57.224
17 50 4.028
17 53 56.647
17 54 55.261
17 56 93.480
17 57 62.902
17 58 18.998
17 59 86.810
17 60 61.377
17 63 85.987
17 64 37.666
17 66 55.130
17 67 21.392
17 71 51.616
17 75 42.942
17 76 96.333
17 77 60.079
17 78 52.178
17 81 80.401
17 83 40.004
17 86 16.366
17 89 47.764
17 90 71.808
17 91 34.849
17 92 24.102
17 93 90.201
17 94 54.771
17 95 2.796
17 96 74.702
17 97 41.545
17 98 66.894
17 99 4.108
18 3 81.146
18 4 46.729
18 6 11.747
18 10 15.191
18 12 53.588
18 15 81.889
18 16 26.956
18 17 96.704
18 19 98.825
18 20 97.143
18 21 99.834
18 22 57.566
18 23 44.428
18 24 45.360
18 26 3.568
18 27 57.233
18 29 27.654
18 30 27.153
18 31 10.044
18 32 36.713
18 33 29.791
18 34 15.983
18 35 19.076
18 36 44.486
18 37 7.582
18 38 64.299
18 39 78.082
18 40 31.244
18 41 91.811
18 42 54.820
18 43 73.527
18 44 39.268
18 45 80.448
18 46 24.908
18 47 50.555
18 48 48.779
18 49 2.150
18 50 98.734
18 52 1.001
18 54 34.094
18 55 79.478
18 56 48.995
18 57 59.439
18 58 23.782
18 59 55.568
18 61 58.512
18 62 22.991
18 63 36.123
18 64 54.304
18 65 17.686
18 66 70.391
18 67 84.875
18 68 69.196
18 69 97.248
18 70 75.242
18 71 12.049
18 72 46.822
18 73 69.201
18 74 31.415
18 75 33.733
18 76 82.138
18 77 50.333
18 78 9.816
18 80 21.691
18 81 86.707
18 82 45.511
18 83 88.261
18 84 6.188
18 85 42.440
18 86 63.963
18 87 70.990
18 88 14.522
18 90 81.563
18 91 70.264
18 92 75.014
18 94 38.625
18 95 57.108
18 96 33.262
18 97 17.642
18 98 72.439
18 99 41.182
19 9 60.988
19 24 55.981
19 30 21.252
19 31 38.843
19 33 60.547
19 34 38.022
19 36 71.822
19 37 68.464
19 40 12.507
19 41 37.272
19 42 6.027
19 44 68.388
19 46 87.448
19 51 13.799
19 52 14.094
19 53 22.550
19 59 0.377
19 62 41.953
19 66 56.567
19 68 20.740
19 69 37.532
19 70 75.090
19 75 73.356
19 79 23.864
19 81 97.640
19 83 99.157
19 85 96.865
19 95 32.172
20 5 30.895
20 10 0.655
20 13 93.768
20 15 0.696
20 17 78.356
20 19 63.706
20 21 19.923
20 23 1.585
20 24 96.359
20 26 25.925
20 27 45.710
20 28 85.236
20 30 9.233
20 31 68.588
20 32 39.837
20 33 80.050
20 35 89.067
20 37 94.777
20 39 67.971
20 40 20.909
20 41 36.067
20 42 20.871
20 43 42.013
20 44 17.123
20 45 98.392
20 46 54.173
20 49 86.634
20 50 8.442
20 51 39.535
20 52 24.793
20 54 92.490
20 55 44.134
20 57 98.954
20 58 62.376
20 59 45.856
20 60 55.419
20 61 50.155
20 62 55.745
20 65 32.209
20 67 98.894
20 69 50.020
20 71 85.002
20 72 47.283
20 74 90.022
20 75 49.738
20 77 48.203
20 78 33.085
20 80 2.688
20 81 7.705
20 82 44.902
20 83 34.505
20 84 69.895
20 89 58.261
20 93 2.610
20 95 1.197
20 96 20.701
21 7 22.469
21 12 81.869
21 13 18.326
21 16 30.617
21 23 59.597
21 26 19.662
21 28 81.021
21 29 88.529
21 31 85.183
21 35 70.549
21 37 58.298
21 39 64.486
21 43 18.927
21 48 49.397
21 53 93.652
21 56 24.523
21 58 24.324
21 60 99.571
21 61 90.935
21 62 60.534
21 63 12.236
21 64 36.211
21 65 78.794
21 66 6.582
21 67 84.346
21 69 19.032
21 70 53.009
21 71 26.855
21 72 35.053
21 73 90.542
21 78 90.997
21 79 59.054
21 81 93.891
21 84 4.024
21 85 99.640
21 86 5.821
21 89 90.092
21 90 52.681
21 91 3.551
21 92 27.631
21 93 96.502
21 95 49.588
21 99 49.948
22 2 1.575
22 4 88.409
22 6 59.150
22 9 2.094
22 10 67.460
22 13 18.100
22 15 28.095
22 19 95.969
22 20 0.880
22 21 79.137
22 23 19.053
22 24 70.182
22 25 51.564
22 26 0.491
22 27 73.083
22 28 36.626
22 29 79.062
22 30 86.288
22 31 45.227
22 32 52.874
22 34 13.199
22 36 61.544
22 37 83.726
22 38 69.274
22 39 88.868
22 40 60.300
22 41 40.135
22 42 2.140
22 43 48.809
22 45 68.566
22 46 52.765
22 47 53.589
22 48 72.399
22 49 71.097
22 50 94.622
22 51 56.393
22 52 50.374
22 53 45.327
22 54 41.998
22 55 1.636
22 56 4.273
22 57 17.603
22 58 87.753
22 59 5.347
22 60 61.199
22 61 88.454
22 62 10.863
22 63 10.856
22 64 55.744
22 65 0.409
22 66 37.279
22 67 42.678
22 68 91.440
22 69 92.766
22 70 58.700
22 71 20.052
22 72 60.397
22 73 90.332
22 74 92.150
22 75 46.392
22 76 95.825
22 77 19.397
22 79 45.785
22 80 38.747
22 81 10.699
22 82 47.950
22 83 30.789
22 84 41.705
22 85 4.474
22 86 61.451
22 87 59.793
22 88 65.472
22 89 47.415
22 90 0.868
22 91 96.675
22 92 11.903
22 93 0.380
22 94 52.320
22 95 99.885
22 96 4.689
22 97 57.243
22 98 56.375
22 99 73.707
23 4 34.532
23 7 96.457
23 12 6.493
23 13 40.607
23 19 24.090
23 24 40.552
23 27 28.915
23 28 7.359
23 29 6.881
23 30 22.271
23 31 6.761
23 32 30.890
23 33 88.433
23 34 38.183
23 36 48.886
23 38 63.710
23 40 60.460
23 41 39.420
23 44 23.601
23 45 88.005
23 46 40.690
23 47 68.104
23 48 13.702
23 49 11.268
23 50 19.299
23 51 71.045
23 52 99.436
23 53 42.563
23 54 32.215
23 55 79.380
23 57 7.038
23 58 86.116
23 59 70.989
23 60 84.783
23 61 7.375
23 62 15.480
23 63 51.886
23 64 77.669
23 65 20.939
23 66 71.894
23 67 18.504
23 68 5.208
23 69 21.070
23 70 47.722
23 71 85.082
23 72 77.828
23 75 65.821
23 76 14.962
23 77 91.289
23 78 74.724
23 79 52.408
23 81 23.618
23 82 87.089
23 83 63.158
23 84 68.095
23 85 13.727
23 86 82.570
23 87 4.644
23 89 68.878
23 90 84.647
23 91 70.429
23 93 12.578
23 94 49.740
23 95 41.519
23 96 79.160
23 97 95.482
23 98 36.833
24 27 92.306
24 37 61.321
24 43 47.363
24 55 54.435
24 71 21.932
24 84 30.245
24 89 85.111
25 4 58.847
25 7 62.813
25 8 41.826
25 12 25.968
25 13 6.177
25 14 98.755
25 16 49.625
25 17 66.861
25 18 16.282
25 21 50.967
25 23 46.667
25 26 38.251
25 27 73.008
25 28 94.767
25 29 34.000
25 32 53.432
25 33 52.143
25 35 32.735
25 37 79.636
25 38 49.765
25 39 65.392
25 40 68.783
25 41 72.569
25 42 56.182
25 43 76.165
25 44 20.692
25 45 25.403
25 47 87.828
25 49 10.856
25 51 27.303
25 52 50.266
25 55 7.679
25 56 91.121
25 57 88.617
25 58 84.928
25 59 77.031
25 60 57.098
25 63 86.762
25 64 67.718
25 66 82.380
25 67 33.026
25 68 91.817
25 69 25.573
25 70 14.346
25 72 41.604
25 73 18.800
25 76 21.869
25 77 51.881
25 78 10.615
25 80 13.094
25 81 79.900
25 82 72.154
25 88 51.287
25 91 16.952
25 92 21.013
25 93 14.140
25 94 9.864
25 97 49.708
25 98 76.564
25 99 50.598
26 4 21.512
26 7 78.908
26 9 14.627
26 10 1.404
26 12 46.647
26 13 47.070
26 15 2.558
26 16 8.412
26 17 42.088
26 19 59.201
26 23 39.500
26 24 22.302
26 27 17.190
26 28 97.541
26 29 50.889
26 30 42.927
26 32 91.077
26 33 58.682
26 34 32.699
26 35 16.897
26 36 5.172
26 37 88.915
26 39 73.664
26 40 24.040
26 41 97.708
26 42 98.598
26 43 52.703
26 44 58.768
26 45 14.479
26 47 11.282
26 48 44.124
26 49 54.103
26 50 74.230
26 51 68.952
26 53 76.890
26 55 83.713
26 56 80.605
26 57 1.708
26 58 13.221
26 59 14.138
26 60 28.079
26 62 98.169
26 63 92.885
26 64 7.831
26 65 70.465
26 66 84.859
26 67 5.270
26 68 4.594
26 69 80.600
26 70 27.528
26 71 73.260
26 73 94.081
26 74 40.281
26 75 51.290
26 77 44.887
26 78 55.888
26 79 12.398
26 80 3.401
26 81 81.791
26 82 37.132
26 83 24.170
26 84 25.827
26 85 93.102
26 86 31.257
26 87 61.622
26 88 75.975
26 89 20.736
26 90 76.227
26 91 61.870
26 93 43.404
26 94 64.512
26 96 29.213
26 97 75.804
26 98 23.591
27 1 65.901
27 4 77.408
27 10 53.972
27 12 9.242
27 13 86.497
27 19 78.498
27 21 12.744
27 29 15.789
27 32 61.642
27 40 25.227
27 44 59.501
27 46 17.879
27 51 35.572
27 52 59.122
27 53 67.252
27 56 50.754
27 57 45.018
27 63 58.578
27 65 63.939
27 67 90.694
27 68 91.400
27 69 95.932
27 70 51.740
27 72 63.909
27 76 81.191
27 77 10.946
27 78 67.366
27 79 15.368
27 80 78.137
27 81 50.848
27 82 77.968
27 85 50.242
27 87 11.188
27 88 70.469
27 91 57.479
27 95 40.944
27 96 50.922
27 97 4.974
27 98 50.717
27 99 41.195
28 2 68.113
28 4 73.529
28 7 84.390
28 24 80.455
28 33 29.290
28 38 70.540
28 43 59.644
28 46 21.947
28 60 77.714
28 63 92.280
28 64 29.458
28 71 76.756
28 74 86.260
28 75 68.204
28 78 5.553
28 79 29.464
28 82 28.541
28 84 4.870
28 86 35.570
28 87 16.947
28 92 44.985
28 93 22.952
28 99 73.646
29 2 99.337
29 4 56.497
29 6 53.889
29 12 3.775
29 13 72.347
29 19 39.491
29 20 61.560
29 30 6.162
29 38 56.729
29 39 53.188
29 42 43.237
29 43 17.644
29 44 69.999
29 45 68.646
29 46 1.976
29 47 65.730
29 48 26.942
29 49 83.883
29 50 86.496
29 51 16.525
29 53 64.758
29 54 73.538
29 59 33.522
29 62 70.006
29 63 14.327
29 64 84.342
29 66 60.087
29 67 77.499
29 69 93.362
29 73 77.944
29 75 66.294
29 76 68.873
29 77 2.903
29 78 86.915
29 80 63.006
29 81 52.399
29 85 91.623
29 86 95.881
29 88 30.580
29 89 5.923
29 91 43.939
29 92 92.946
29 94 98.574
29 96 61.934
29 97 27.563
29 98 69.844
29 99 34.751
30 4 12.899
30 7 86.794
30 11 60.778
30 12 17.326
30 13 79.827
30 15 14.224
30 17 13.489
30 21 80.719
30 24 60.390
30 25 40.462
30 27 19.341
30 32 76.614
30 33 61.349
30 34 34.922
30 36 2.410
30 39 33.070
30 40 89.667
30 42 31.441
30 44 68.245
30 46 27.580
30 50 17.037
30 52 86.374
30 55 95.075
30 56 31.803
30 59 8.234
30 60 32.098
30 62 15.212
30 63 61.721
30 64 6.020
30 65 73.077
30 67 54.794
30 68 53.022
30 69 37.592
30 71 9.824
30 72 55.326
30 73 64.352
30 74 37.756
30 75 93.933
30 76 69.994
30 77 41.058
30 78 68.066
30 79 64.247
30 80 91.021
30 83 33.611
30 85 94.152
30 88 52.333
30 89 15.778
30 91 5.448
30 92 48.666
30 93 82.287
30 94 22.309
30 95 54.685
30 96 34.733
30 98 64.536
31 13 46.062
31 15 74.870
31 17 51.044
31 25 75.562
31 26 19.541
31 29 68.047
31 32 99.108
31 36 83.015
31 38 38.820
31 41 22.409
31 43 96.015
31 44 2.667
31 45 70.186
31 51 27.839
31 52 82.628
31 53 38.469
31 59 43.798
31 64 22.763
31 66 23.441
31 67 86.854
31 70 63.807
31 71 22.408
31 73 62.692
31 76 70.743
31 78 70.796
31 81 52.342
31 84 67.377
31 90 75.952
31 91 45.573
31 94 0.261
31 99 23.476
32 1 24.174
32 3 27.180
32 4 27.334
32 19 24.358
32 28 26.952
32 33 8.720
32 34 56.361
32 36 67.616
32 42 29.936
32 43 97.271
32 44 78.572
32 45 33.760
32 53 68.659
32 57 85.116
32 60 3.615
32 64 73.722
32 65 18.069
32 67 8.637
32 68 4.043
32 70 66.118
32 71 72.941
32 73 34.029
32 74 79.799
32 77 20.462
32 80 3.609
32 82 94.669
32 84 10.612
32 88 60.463
32 90 14.818
32 94 51.082
32 97 25.321
32 99 99.775
33 2 28.666
33 4 34.996
33 7 60.628
33 12 47.562
33 13 77.258
33 15 71.701
33 17 23.379
33 21 83.900
33 24 74.693
33 27 59.345
33 29 40.097
33 31 72.176
33 34 75.100
33 36 58.308
33 39 30.537
33 41 55.493
33 42 65.709
33 43 92.008
33 44 41.303
33 45 28.809
33 46 54.276
33 47 2.647
33 48 12.866
33 49 44.872
33 50 25.713
33 51 63.735
33 55 62.362
33 56 34.781
33 58 6.369
33 59 26.491
33 61 15.287
33 62 73.324
33 63 83.407
33 64 96.716
33 65 57.132
33 67 5.105
33 68 21.692
33 69 97.278
33 70 44.342
33 71 62.800
33 75 96.362
33 76 30.821
33 77 65.469
33 80 9.006
33 81 35.600
33 82 86.013
33 84 74.807
33 85 50.793
33 88 21.505
33 89 68.314
33 91 56.377
33 93 20.746
33 95 60.355
33 96 7.958
33 97 42.046
33 98 81.850
33 99 28.536
34 10 19.974
34 12 37.784
34 15 38.208
34 16 31.313
34 17 84.468
34 20 72.545
34 21 74.758
34 24 95.285
34 25 61.890
34 27 42.470
34 29 66.548
34 35 70.549
34 36 15.119
34 37 39.289
34 38 64.179
34 39 20.346
34 41 26.294
34 44 80.774
34 46 13.913
34 47 99.679
34 48 42.883
34 49 43.305
34 51 63.675
34 52 44.153
34 53 72.243
34 54 85.281
34 57 25.119
34 58 47.423
34 60 38.313
34 62 65.325
34 63 82.714
34 64 62.204
34 65 48.833
34 67 23.852
34 68 60.982
34 69 26.986
34 70 92.781
34 71 70.836
34 72 58.163
34 73 40.969
34 74 23.338
34 77 21.442
34 79 81.351
34 81 56.437
34 82 80.922
34 83 27.897
34 85 56.001
34 86 10.863
34 87 57.828
34 89 93.155
34 90 89.374
34 91 53.171
34 93 21.183
34 94 45.069
34 95 7.139
34 96 41.858
34 97 30.228
34 98 55.006
34 99 1.073
35 13 19.353
35 49 11.998
35 58 39.792
35 65 84.607
35 86 96.096
35 96 24.112
35 99 96.649
36 2 94.114
36 4 88.197
36 7 50.355
36 8 24.509
36 9 39.124
36 10 91.785
36 12 18.872
36 13 85.481
36 16 26.523
36 17 53.343
36 20 42.008
36 21 49.515
36 24 12.770
36 25 91.376
36 28 39.761
36 29 25.432
36 35 17.683
36 37 92.127
36 38 56.888
36 39 34.878
36 40 51.020
36 43 94.435
36 44 45.616
36 46 86.616
36 47 71.235
36 48 96.164
36 49 22.387
36 50 0.210
36 51 50.226
36 52 44.736
36 54 84.846
36 55 47.569
36 58 56.420
36 59 18.273
36 60 77.644
36 62 86.877
36 63 0.772
36 64 80.518
36 66 92.582
36 67 75.585
36 69 23.839
36 70 89.833
36 71 17.678
36 72 57.056
36 73 78.287
36 74 26.268
36 75 7.892
36 77 76.075
36 78 36.045
36 79 49.618
36 82 71.194
36 83 83.063
36 84 8.120
36 86 91.369
36 87 47.124
36 88 23.588
36 89 18.508
36 90 75.596
36 91 41.806
36 92 69.669
36 94 76.405
36 95 0.015
36 96 37.598
36 97 9.534
36 98 23.525
36 99 86.284
37 4 76.240
37 6 91.983
37 8 70.900
37 28 17.640
37 31 38.763
37 33 71.241
37 39 78.763
37 43 37.765
37 46 96.766
37 48 37.396
37 52 1.887
37 53 58.491
37 54 13.170
37 60 96.259
37 62 65.863
37 64 29.714
37 67 70.771
37 68 83.333
37 74 48.344
37 77 39.540
37 82 76.850
37 83 8.792
37 84 39.266
37 86 52.412
37 88 51.563
37 89 75.777
37 90 49.765
37 94 64.505
37 97 39.839
38 12 31.388
38 13 37.178
38 20 46.049
38 21 25.610
38 24 31.537
38 35 45.058
38 39 40.304
38 40 50.757
38 41 10.862
38 43 4.792
38 44 76.069
38 48 84.539
38 49 49.329
38 50 93.660
38 52 24.872
38 53 65.450
38 54 95.040
38 58 1.558
38 59 98.917
38 61 65.866
38 62 87.774
38 64 51.532
38 66 99.560
38 67 79.293
38 68 14.139
38 70 62.219
38 72 41.457
38 73 51.909
38 75 99.470
38 76 88.895
38 77 43.522
38 79 71.319
38 80 4.189
38 84 57.420
38 86 86.356
38 87 37.207
38 89 41.675
38 90 70.507
38 91 26.709
38 93 7.905
38 94 20.498
38 98 85.974
39 2 45.729
39 3 63.246
39 4 73.961
39 7 74.534
39 8 18.386
39 9 69.013
39 10 81.517
39 12 53.514
39 13 0.139
39 14 11.427
39 16 60.494
39 17 70.314
39 19 32.700
39 23 70.157
39 24 58.157
39 27 26.861
39 28 28.485
39 31 94.738
39 32 94.454
39 35 11.409
39 42 67.399
39 43 88.771
39 44 85.669
39 45 64.616
39 46 12.573
39 47 4.957
39 49 67.951
39 50 49.643
39 51 30.741
39 52 50.549
39 53 37.766
39 54 72.228
39 55 22.905
39 56 22.423
39 57 38.558
39 58 8.012
39 59 92.740
39 61 86.713
39 62 19.694
39 63 60.347
39 64 96.020
39 65 9.646
39 67 90.706
39 69 44.473
39 70 2.113
39 71 21.830
39 72 54.012
39 74 19.197
39 75 84.204
39 76 33.059
39 77 94.250
39 78 62.673
39 79 15.096
39 80 77.118
39 81 62.810
39 82 89.081
39 83 54.971
39 84 27.531
39 85 67.878
39 86 61.584
39 87 22.527
39 88 59.394
39 89 10.148
39 90 80.354
39 91 91.861
39 92 12.755
39 93 77.594
39 94 68.003
39 95 16.584
39 96 6.316
39 97 61.705
39 98 40.290
39 99 82.165
40 8 74.730
40 9 25.820
40 10 58.022
40 15 28.724
40 24 31.671
40 29 64.810
40 31 8.455
40 33 28.683
40 35 87.080
40 37 99.925
40 39 49.545
40 42 69.067
40 45 41.148
40 46 71.164
40 48 51.620
40 49 53.969
40 51 71.697
40 53 5.901
40 54 50.454
40 55 63.068
40 56 90.173
40 58 2.850
40 62 72.077
40 63 31.495
40 64 5.231
40 65 44.703
40 66 73.616
40 69 96.835
40 70 11.622
40 71 85.871
40 72 61.105
40 74 11.675
40 75 8.597
40 76 48.619
40 78 18.961
40 80 39.568
40 81 70.599
40 82 40.444
40 83 67.881
40 84 5.185
40 85 7.936
40 88 78.025
40 89 34.181
40 90 64.016
40 91 4.924
40 92 77.303
40 93 74.634
40 94 82.729
40 96 0.976
40 97 23.110
40 98 95.392
40 99 98.614
41 3 81.463
41 12 43.612
41 13 27.346
41 28 28.635
41 30 78.016
41 32 4.744
41 39 68.716
41 40 12.173
41 51 35.852
41 52 18.320
41 55 44.265
41 56 42.820
41 60 45.505
41 66 20.570
41 67 92.324
41 69 24.475
41 72 56.622
41 74 85.556
41 76 85.242
41 79 65.239
41 80 7.250
41 84 93.160
41 87 25.768
41 88 27.497
41 90 98.758
41 93 1.844
41 95 19.702
41 97 71.956
42 4 43.173
42 13 69.782
42 34 43.911
42 35 47.342
42 36 50.341
42 38 49.426
42 41 95.988
42 54 93.453
42 55 74.308
42 58 3.868
42 59 71.571
42 60 96.434
42 66 66.916
42 69 91.785
42 73 31.076
42 80 33.997
42 88 75.519
42 90 93.390
42 91 21.683
42 93 50.210
42 96 0.618
42 98 99.874
43 10 20.403
43 12 8.776
43 27 52.055
43 34 56.503
43 35 35.570
43 48 8.676
43 54 45.842
43 57 42.852
43 62 31.340
43 64 45.692
43 66 96.988
43 73 1.060
43 79 62.565
43 80 99.822
43 82 84.437
43 84 27.343
43 85 61.328
43 86 25.792
43 87 47.877
43 97 95.358
44 4 22.139
44 10 45.180
44 12 2.174
44 13 85.129
44 15 30.671
44 21 34.151
44 22 66.216
44 24 67.926
44 43 95.139
44 45 81.057
44 46 18.635
44 48 13.063
44 49 91.053
44 50 71.797
44 52 87.668
44 55 99.616
44 57 28.619
44 58 90.856
44 59 27.964
44 61 59.709
44 63 69.878
44 64 21.209
44 66 6.236
44 67 61.280
44 68 66.053
44 69 42.870
44 70 67.016
44 71 92.252
44 72 83.248
44 76 69.979
44 77 97.181
44 79 60.004
44 80 70.858
44 84 67.193
44 85 50.816
44 86 77.580
44 87 26.715
44 88 67.597
44 89 84.646
44 90 84.357
44 91 13.402
44 92 62.359
44 94 88.411
44 95 40.062
44 96 46.614
44 98 49.344
46 4 8.139
46 7 52.892
46 10 54.643
46 12 66.205
46 13 89.659
46 15 10.866
46 16 13.366
46 17 66.936
46 21 85.456
46 24 4.239
46 25 8.920
46 26 20.599
46 31 25.392
46 32 48.123
46 35 36.353
46 38 91.575
46 41 72.929
46 42 24.464
46 43 58.956
46 45 40.586
46 47 16.626
46 48 40.000
46 49 91.084
46 50 9.411
46 51 52.307
46 52 58.595
46 54 41.203
46 55 23.754
46 56 2.682
46 58 91.408
46 59 22.668
46 60 24.080
46 61 87.438
46 62 15.809
46 63 74.375
46 64 81.459
46 65 64.936
46 66 25.027
46 67 7.096
46 68 54.234
46 69 85.512
46 70 43.175
46 71 1.270
46 72 56.534
46 73 88.571
46 74 39.358
46 75 45.670
46 76 0.998
46 77 9.334
46 78 88.561
46 79 45.746
46 80 17.677
46 81 51.377
46 82 77.030
46 83 35.088
46 84 90.092
46 86 24.557
46 87 10.077
46 88 79.891
46 89 82.877
46 90 96.707
46 91 26.554
46 92 51.013
46 93 94.967
46 94 41.919
46 95 21.626
46 96 63.848
46 98 32.340
46 99 39.741
47 2 15.930
47 4 55.866
47 7 0.560
47 14 86.250
47 16 64.867
47 19 44.516
47 20 72.441
47 24 66.715
47 27 49.501
47 28 18.682
47 30 63.193
47 31 61.514
47 32 32.587
47 35 86.816
47 37 20.630
47 38 55.983
47 41 40.940
47 42 71.378
47 45 65.712
47 50 71.605
47 51 34.592
47 52 35.825
47 53 23.713
47 55 38.258
47 56 21.320
47 57 92.796
47 58 64.702
47 59 87.034
47 60 5.101
47 61 97.293
47 62 31.267
47 63 93.424
47 64 47.598
47 65 69.588
47 66 95.667
47 67 28.345
47 68 10.071
47 69 42.736
47 70 9.976
47 71 80.657
47 72 38.641
47 74 67.763
47 76 97.228
47 77 8.713
47 79 52.785
47 80 10.982
47 82 54.955
47 83 1.183
47 84 50.537
47 85 3.739
47 86 65.960
47 87 46.676
47 88 19.311
47 89 76.016
47 90 24.765
47 91 98.724
47 92 52.653
47 93 95.565
47 94 42.000
47 95 59.201
47 96 29.154
47 97 29.712
48 4 21.811
48 11 49.504
48 16 59.763
48 19 0.771
48 24 78.105
48 28 98.125
48 31 10.440
48 32 5.450
48 35 98.292
48 39 68.155
48 42 61.768
48 47 48.215
48 49 73.235
48 51 0.426
48 52 29.786
48 53 35.671
48 54 71.913
48 55 37.027
48 57 64.039
48 58 8.110
48 60 98.166
48 61 14.650
48 62 85.288
48 63 7.144
48 65 64.603
48 66 64.932
48 68 25.878
48 69 83.943
48 71 58.145
48 73 54.747
48 74 53.853
48 75 23.754
48 76 32.650
48 79 62.304
48 80 22.865
48 81 68.608
48 82 28.459
48 83 80.214
48 87 26.405
48 88 26.842
48 89 94.090
48 90 86.723
48 91 39.338
48 92 15.228
48 94 30.190
48 95 88.846
48 97 57.037
48 99 82.801
49 10 89.830
49 12 6.015
49 16 25.492
49 27 24.244
49 31 2.874
49 32 59.234
49 45 46.130
49 54 78.414
49 59 15.741
49 63 83.038
49 64 73.185
49 70 51.771
49 71 43.604
49 72 67.745
49 75 3.453
49 77 91.828
49 80 90.723
49 81 36.952
49 82 94.587
49 84 48.823
49 85 61.523
49 86 82.572
49 88 54.489
49 89 89.330
49 92 71.184
49 95 21.314
49 97 45.094
50 2 92.750
50 10 25.190
50 15 94.067
50 19 30.364
50 27 58.084
50 31 12.448
50 34 38.266
50 42 87.421
50 43 31.101
50 45 98.941
50 48 12.248
50 49 95.871
50 51 46.369
50 53 49.527
50 54 36.358
50 55 28.863
50 56 97.994
50 57 36.861
50 58 2.424
50 60 63.265
50 63 21.775
50 64 97.961
50 65 74.748
50 66 18.717
50 67 32.239
50 68 86.308
50 69 54.797
50 71 84.544
50 73 6.299
50 74 42.890
50 75 14.095
50 77 73.306
50 78 62.320
50 80 73.045
50 81 64.671
50 82 28.562
50 83 59.488
50 85 54.879
50 86 84.247
50 87 66.881
50 88 73.096
50 90 3.100
50 91 81.401
50 92 79.886
50 94 99.647
50 95 29.460
50 96 17.693
50 99 37.639
51 11 7.322
51 28 74.842
51 45 30.723
51 53 19.462
51 55 54.689
51 59 73.205
51 62 66.396
51 74 25.612
51 78 81.494
51 82 77.752
51 89 87.715
51 92 10.017
51 99 48.746
52 13 25.876
52 21 1.561
52 26 33.023
52 29 81.675
52 43 41.467
52 49 24.835
52 50 59.764
52 53 76.937
52 54 96.087
52 56 52.841
52 58 51.409
52 60 63.087
52 63 35.714
52 65 25.451
52 66 21.634
52 67 78.565
52 68 80.471
52 70 7.690
52 71 15.483
52 72 89.064
52 73 56.055
52 74 21.689
52 75 92.859
52 78 42.612
52 79 73.043
52 83 51.501
52 85 20.407
52 87 70.324
52 91 68.860
52 92 51.367
52 95 35.866
52 97 28.451
53 4 62.650
53 62 3.738
53 69 74.419
53 84 36.711
53 95 59.881
54 2 7.209
54 4 43.130
54 5 3.310
54 7 76.543
54 10 80.092
54 12 27.429
54 13 81.547
54 15 68.775
54 16 77.017
54 19 33.525
54 21 88.417
54 24 74.079
54 25 89.480
54 26 25.321
54 27 0.547
54 28 65.617
54 30 7.852
54 31 51.150
54 32 36.206
54 33 75.057
54 35 71.520
54 41 71.541
54 44 42.693
54 45 33.135
54 47 46.850
54 51 23.471
54 55 95.212
54 56 17.676
54 57 29.645
54 58 19.057
54 59 11.730
54 60 25.022
54 62 82.468
54 63 93.959
54 64 13.844
54 66 91.664
54 67 22.886
54 68 53.951
54 69 19.280
54 71 98.673
54 72 34.580
54 73 98.344
54 74 14.347
54 75 63.015
54 76 99.260
54 77 43.949
54 78 94.653
54 79 48.125
54 80 65.739
54 81 99.849
54 82 0.527
54 83 58.428
54 85 84.542
54 86 0.732
54 87 82.147
54 88 72.619
54 89 81.493
54 90 82.734
54 91 1.826
54 92 27.890
54 93 82.249
54 95 18.513
54 96 99.911
54 97 38.894
54 98 19.525
54 99 99.396
55 4 44.065
55 12 90.261
55 16 14.275
55 17 46.633
55 19 23.606
55 21 99.764
55 27 35.185
55 28 88.255
55 29 8.242
55 31 65.466
55 32 69.077
55 34 11.139
55 35 84.407
55 37 51.960
55 38 3.436
55 43 2.884
55 45 50.444
55 52 35.342
55 56 19.710
55 57 70.098
55 58 82.884
55 60 42.869
55 61 22.490
55 62 94.065
55 64 26.905
55 65 50.920
55 67 38.598
55 68 24.332
55 69 88.116
55 71 36.851
55 72 11.413
55 73 53.096
55 74 76.130
55 76 98.527
55 78 25.568
55 79 60.783
55 81 46.097
55 82 63.127
55 83 12.975
55 84 28.078
55 85 43.895
55 86 66.942
55 87 80.471
55 88 2.992
55 89 51.862
55 90 79.732
55 91 50.575
55 92 2.067
55 94 73.380
55 97 97.288
55 98 94.567
55 99 40.004
56 4 16.591
56 9 14.778
56 14 71.863
56 16 71.990
56 19 28.335
56 23 94.033
56 24 48.294
56 29 75.773
56 35 34.766
56 38 79.947
56 45 58.197
56 48 94.110
56 51 96.012
56 53 41.304
56 57 85.946
56 58 39.205
56 61 72.039
56 63 7.185
56 66 2.955
56 67 84.728
56 68 50.537
56 69 12.048
56 70 91.432
56 71 80.133
56 73 35.878
56 76 34.469
56 78 12.636
56 79 36.804
56 82 60.706
56 83 45.943
56 86 19.709
56 87 20.312
56 88 61.237
56 90 17.594
56 91 65.963
56 92 10.685
56 93 10.794
56 94 54.093
56 95 80.686
56 99 2.636
57 4 78.294
57 6 24.080
57 12 75.898
57 13 43.501
57 14 13.330
57 31 71.469
57 35 19.807
57 36 93.456
57 42 43.413
57 58 38.801
57 62 88.397
57 64 50.770
57 66 44.631
57 68 93.186
57 69 22.342
57 73 49.954
57 74 9.719
57 77 10.839
57 80 69.695
57 84 38.751
57 88 1.840
57 89 20.409
57 90 78.727
57 94 82.108
57 97 87.406
57 99 33.854
58 2 47.192
58 4 47.764
58 12 70.874
58 13 7.682
58 32 31.339
58 49 13.569
58 53 10.749
58 59 75.486
58 60 78.006
58 62 75.864
58 65 53.076
58 66 47.062
58 67 21.066
58 68 25.644
58 70 20.581
58 73 34.832
58 77 59.708
58 86 80.393
58 92 62.429
59 14 25.529
59 34 23.963
59 65 73.727
59 75 14.353
59 78 89.657
59 80 62.570
59 89 29.001
59 94 55.908
60 6 99.857
60 9 22.262
60 12 31.702
60 13 90.484
60 14 68.279
60 27 96.962
60 29 66.113
60 31 45.070
60 33 79.999
60 35 54.292
60 38 35.114
60 40 80.687
60 43 83.222
60 49 84.750
60 56 14.637
60 62 17.984
60 64 69.517
60 66 83.482
60 67 16.530
60 68 79.002
60 70 25.144
60 75 7.334
60 78 34.549
60 79 36.684
60 82 15.486
60 83 72.646
60 84 38.050
60 85 65.385
60 86 44.060
60 87 13.278
60 88 94.173
60 90 59.412
60 93 82.042
60 95 72.836
60 96 15.628
60 99 24.718
61 3 81.623
61 7 30.085
61 8 42.845
61 11 31.670
61 15 15.842
61 19 98.069
61 24 90.268
61 25 96.240
61 27 1.467
61 28 60.642
61 29 87.741
61 34 83.749
61 35 36.517
61 37 27.633
61 40 68.089
61 41 47.089
61 45 68.062
61 50 78.069
61 51 29.262
61 54 38.652
61 57 38.299
61 60 87.732
61 62 67.402
61 64 5.090
61 65 9.865
61 66 73.032
61 69 1.876
61 70 50.024
61 71 85.014
61 73 44.984
61 75 66.795
61 78 78.962
61 81 68.745
61 84 18.319
61 85 61.588
61 86 73.467
61 89 30.257
61 91 66.027
61 93 51.406
61 94 73.943
61 95 44.443
61 97 71.987
61 98 73.754
62 3 62.162
62 4 30.538
62 9 92.198
62 10 45.204
62 16 87.868
62 17 80.667
62 24 98.470
62 25 25.255
62 27 60.916
62 28 20.787
62 31 30.435
62 32 34.045
62 35 26.694
62 41 13.913
62 44 45.033
62 49 92.366
62 50 42.647
62 52 69.254
62 56 1.769
62 59 79.429
62 63 81.777
62 64 33.602
62 65 69.167
62 66 27.879
62 67 39.553
62 69 86.889
62 70 86.207
62 71 67.272
62 72 72.371
62 73 48.582
62 74 84.926
62 75 28.307
62 76 91.047
62 77 63.646
62 79 41.355
62 80 99.448
62 82 89.688
62 84 45.990
62 85 78.833
62 86 2.958
62 88 61.937
62 89 28.873
62 90 60.847
62 93 89.128
62 94 38.842
62 95 22.523
62 96 14.180
62 98 44.223
62 99 7.261
63 3 80.535
63 10 57.890
63 12 94.181
63 13 43.304
63 15 27.373
63 16 81.146
63 20 57.432
63 24 71.977
63 32 52.261
63 37 70.861
63 38 73.107
63 41 44.356
63 43 56.868
63 45 13.044
63 53 23.509
63 55 69.260
63 57 0.812
63 60 65.212
63 61 51.071
63 64 57.531
63 65 96.921
63 66 23.373
63 67 67.547
63 68 34.924
63 69 74.024
63 70 24.260
63 71 18.599
63 72 91.334
63 74 16.864
63 75 91.377
63 78 84.409
63 79 5.426
63 80 15.449
63 81 20.411
63 82 68.365
63 84 63.970
63 87 8.512
63 88 9.854
63 89 11.488
63 90 11.496
63 91 40.974
63 92 76.287
63 93 99.583
63 95 95.011
63 96 77.890
63 98 81.977
64 6 42.514
64 13 52.497
64 19 1.232
64 20 64.452
64 27 87.281
64 42 70.414
64 45 99.148
64 48 55.487
64 51 39.243
64 52 15.683
64 66 75.075
64 68 5.380
64 71 53.746
64 72 24.932
64 73 75.343
64 75 24.961
64 77 80.110
64 78 77.485
64 79 89.739
64 81 88.452
64 85 15.883
64 86 28.945
64 87 59.706
64 90 94.824
64 91 43.468
64 93 19.864
64 95 35.550
64 96 44.659
64 98 29.042
64 99 23.853
65 3 22.893
65 4 24.029
65 8 62.991
65 13 67.553
65 14 1.512
65 15 33.124
65 16 76.567
65 19 11.867
65 24 14.597
65 25 78.897
65 28 30.639
65 29 90.464
65 31 27.534
65 38 44.765
65 49 92.477
65 53 94.766
65 56 80.675
65 57 35.864
65 60 43.228
65 64 78.001
65 67 26.326
65 68 49.854
65 69 80.798
65 70 67.434
65 71 24.465
65 72 24.412
65 73 77.297
65 75 16.548
65 78 15.685
65 79 87.102
65 80 28.217
65 81 95.647
65 83 12.636
65 84 43.241
65 85 62.534
65 86 71.362
65 88 59.816
65 91 81.273
65 93 12.333
65 95 2.307
65 99 21.308
66 4 67.790
66 9 63.260
66 24 27.448
66 32 93.115
66 34 84.519
66 37 80.856
66 49 59.390
66 53 32.480
66 55 46.265
66 59 42.026
66 69 72.730
66 74 37.666
66 75 34.998
66 77 69.009
66 82 61.914
66 84 96.203
66 86 67.577
66 89 61.198
66 91 76.877
66 96 47.969
66 99 54.948
67 2 64.348
67 4 90.730
67 13 10.395
67 15 21.164
67 24 81.017
67 28 95.185
67 35 56.216
67 40 86.767
67 42 28.454
67 48 89.533
67 51 79.585
67 53 45.822
67 57 93.237
67 59 84.755
67 61 41.867
67 64 18.013
67 66 58.226
67 68 99.712
67 69 19.801
67 70 8.065
67 71 3.454
67 72 40.306
67 74 50.233
67 75 31.957
67 77 87.632
67 78 20.389
67 79 7.148
67 82 16.730
67 83 30.011
67 85 85.346
67 86 39.894
67 87 63.979
67 88 36.384
67 93 11.892
67 94 68.639
67 95 77.736
67 96 62.479
67 97 81.827
67 98 97.037
67 99 86.918
68 2 90.960
68 4 52.089
68 8 46.803
68 15 3.529
68 20 43.172
68 24 99.210
68 36 36.075
68 40 97.329
68 43 54.865
68 45 92.332
68 53 57.317
68 59 13.403
68 62 30.012
68 66 78.036
68 69 13.934
68 71 25.435
68 72 81.415
68 73 22.295
68 81 9.218
68 82 87.987
68 83 91.562
68 89 35.677
68 91 93.524
68 93 58.070
68 94 43.826
68 97 67.836
68 98 79.194
68 99 37.715
69 4 5.571
69 8 29.607
69 28 25.345
69 45 95.757
69 49 12.240
69 51 95.321
69 58 4.018
69 64 88.009
69 70 28.701
69 74 83.601
69 76 56.027
69 79 77.451
69 80 85.989
69 81 43.790
69 85 96.974
69 86 80.555
69 87 34.518
69 89 39.314
69 94 50.302
69 95 19.823
70 5 96.748
70 20 54.071
70 43 32.243
70 74 54.299
70 88 59.395
71 2 24.511
71 3 75.148
71 4 76.811
71 6 71.529
71 7 7.599
71 12 75.608
71 13 69.853
71 15 41.373
71 16 52.802
71 19 54.603
71 25 56.359
71 27 39.885
71 29 4.852
71 35 65.817
71 37 3.275
71 38 67.779
71 41 60.815
71 42 31.678
71 43 90.271
71 45 69.445
71 53 17.568
71 57 38.457
71 58 56.811
71 59 11.460
71 60 42.975
71 66 63.202
71 69 3.696
71 70 66.306
71 72 75.915
71 73 61.888
71 74 66.160
71 75 13.985
71 76 39.395
71 77 45.028
71 78 41.046
71 79 69.855
71 81 70.812
71 82 28.318
71 83 57.222
71 84 48.980
71 85 7.358
71 86 72.575
71 87 69.880
71 88 25.002
71 89 72.994
71 90 91.865
71 91 69.651
71 92 32.429
71 93 98.887
71 94 89.582
71 95 49.127
71 96 91.026
71 97 4.412
71 98 85.614
71 99 16.375
72 2 17.374
72 4 0.880
72 7 32.502
72 9 80.843
72 12 84.148
72 15 58.479
72 16 25.351
72 19 61.185
72 24 71.968
72 28 42.721
72 29 47.373
72 32 95.466
72 37 77.456
72 42 93.121
72 45 92.178
72 48 34.757
72 50 54.047
72 51 29.340
72 56 76.705
72 59 41.195
72 60 85.203
72 61 10.503
72 66 37.479
72 69 10.162
72 70 36.301
72 74 60.122
72 75 21.336
72 76 34.566
72 78 71.357
72 79 63.106
72 80 75.273
72 81 66.253
72 82 28.133
72 84 16.676
72 88 43.536
72 89 4.790
72 90 94.077
72 91 0.389
72 92 17.102
72 93 64.837
72 95 95.158
72 96 60.263
72 97 55.328
72 98 75.285
72 99 60.588
73 4 22.409
73 8 12.945
73 9 48.857
73 12 63.462
73 13 40.840
73 17 69.067
73 20 84.103
73 23 88.708
73 24 91.782
73 28 49.773
73 33 87.614
73 35 85.079
73 37 90.500
73 39 97.511
73 40 18.060
73 44 35.969
73 45 43.896
73 51 82.647
73 53 13.342
73 60 6.321
73 63 11.319
73 66 0.626
73 67 82.523
73 69 99.238
73 70 31.006
73 72 91.747
73 74 42.300
73 75 26.425
73 76 15.082
73 77 9.153
73 78 29.615
73 79 52.177
73 80 45.431
73 81 72.330
73 82 48.167
73 83 36.074
73 84 29.261
73 85 53.421
73 86 7.475
73 87 20.688
73 88 15.672
73 89 22.456
73 90 55.842
73 91 37.373
73 92 29.578
73 93 92.318
73 94 62.898
73 95 24.410
73 96 10.222
73 97 44.182
73 98 3.088
73 99 55.760
74 81 4.758
75 1 52.121
75 2 28.078
75 4 9.262
75 6 89.145
75 10 54.737
75 12 58.221
75 13 47.806
75 21 24.373
75 25 68.424
75 27 7.005
75 32 44.723
75 34 72.475
75 37 85.445
75 42 28.287
75 43 48.516
75 47 2.225
75 51 91.452
75 55 57.410
75 58 46.922
75 68 9.681
75 70 55.997
75 76 32.008
75 77 57.296
75 78 98.256
75 79 51.756
75 81 29.878
75 82 14.743
75 83 78.001
75 84 23.261
75 85 91.089
75 87 42.617
75 88 37.579
75 89 32.116
75 90 68.147
75 91 29.353
75 92 61.626
75 93 81.291
75 94 32.024
75 96 36.989
75 97 78.893
75 98 1.408
75 99 45.291
76 2 31.785
76 4 13.308
76 9 12.133
76 10 39.507
76 12 42.586
76 13 1.901
76 15 45.700
76 16 28.147
76 19 98.192
76 20 93.516
76 21 72.175
76 26 74.978
76 28 46.729
76 34 24.871
76 35 20.348
76 36 87.717
76 43 96.006
76 45 91.721
76 49 92.706
76 50 41.655
76 51 72.322
76 52 37.191
76 53 97.231
76 57 22.756
76 58 3.474
76 60 75.046
76 61 86.014
76 63 40.663
76 64 72.999
76 65 66.633
76 67 53.318
76 68 19.119
76 70 22.254
76 77 57.041
76 79 76.235
76 81 94.333
76 84 4.027
76 85 85.235
76 86 62.969
76 87 17.717
76 89 21.211
76 91 0.263
76 92 51.998
76 93 18.477
76 97 5.184
76 98 80.290
76 99 95.276
77 6 40.770
77 8 41.618
77 10 24.740
77 11 50.480
77 12 32.364
77 13 38.495
77 16 78.718
77 19 90.053
77 21 77.418
77 28 25.402
77 35 29.915
77 40 97.842
77 43 25.282
77 45 3.223
77 51 14.584
77 52 40.893
77 53 97.651
77 55 28.907
77 59 23.856
77 60 31.908
77 63 80.037
77 65 24.838
77 69 86.150
77 70 61.668
77 81 49.753
77 83 89.124
77 86 21.198
77 88 77.217
77 89 43.549
77 92 90.177
77 93 22.567
77 94 77.082
77 95 37.100
77 98 54.117
77 99 2.855
78 9 86.425
78 15 95.279
78 38 11.649
78 43 82.630
78 47 34.472
78 62 6.484
78 68 27.304
78 70 50.033
78 74 58.032
78 76 98.612
78 80 70.183
78 81 48.213
78 82 55.715
78 84 30.258
78 91 54.405
78 97 15.054
78 98 18.930
78 99 63.524
79 20 84.067
79 25 86.108
79 31 96.183
79 32 37.138
79 40 32.935
79 42 26.696
79 49 88.224
79 51 10.058
79 58 9.033
79 82 82.020
79 85 11.213
79 86 38.918
79 87 25.507
79 88 82.630
79 95 99.740
80 4 38.187
80 21 64.863
80 23 68.993
80 24 98.947
80 28 30.546
80 31 85.355
80 34 0.837
80 35 90.202
80 36 14.230
80 55 44.917
80 56 81.080
80 60 60.928
80 61 20.531
80 64 48.791
80 68 87.692
80 71 92.894
80 76 29.264
80 79 49.092
80 81 97.767
80 82 5.150
80 83 77.640
80 84 89.927
80 87 77.384
80 88 75.266
80 93 66.085
80 97 55.623
80 98 98.526
81 24 75.784
81 32 98.591
81 58 67.023
81 60 73.967
81 84 60.891
81 88 91.793
82 12 19.402
82 15 49.393
82 24 82.223
82 30 92.612
82 35 96.682
82 53 4.748
82 57 74.688
82 61 5.999
82 64 39.102
82 70 41.332
82 74 51.869
82 76 92.373
82 81 50.298
82 84 29.264
82 86 7.168
82 91 38.084
82 92 15.799
82 97 25.026
82 98 90.524
83 3 44.346
83 5 87.921
83 7 24.071
83 8 33.959
83 11 88.201
83 12 59.518
83 13 40.757
83 15 58.517
83 24 13.619
83 28 48.081
83 29 59.126
83 33 32.849
83 35 70.930
83 38 66.462
83 43 59.772
83 44 14.460
83 49 29.840
83 62 46.531
83 63 13.223
83 74 40.085
83 76 62.182
83 78 8.595
83 79 52.797
83 81 9.565
83 82 51.783
83 85 74.831
83 87 10.836
83 88 14.319
83 92 67.208
83 93 91.332
83 95 98.238
83 96 38.800
84 4 3.914
84 10 62.608
84 13 37.430
84 16 40.060
84 17 37.121
84 34 31.698
84 45 81.033
84 52 33.290
84 54 71.187
84 59 40.537
84 64 72.607
84 67 62.897
84 69 3.878
84 74 24.466
84 79 85.394
84 83 13.953
84 86 48.635
84 90 50.924
84 91 40.490
84 92 0.450
84 95 34.909
84 96 37.621
85 17 67.967
85 37 41.166
85 41 0.768
85 66 43.920
85 78 62.695
85 92 19.770
85 94 30.550
86 2 69.169
86 6 43.235
86 9 22.325
86 12 81.351
86 15 44.606
86 19 13.108
86 20 54.672
86 24 9.003
86 25 1.571
86 27 2.836
86 31 35.566
86 32 56.237
86 33 20.151
86 40 68.582
86 42 69.337
86 52 99.196
86 53 34.132
86 57 32.559
86 59 63.361
86 68 61.228
86 70 25.494
86 72 92.168
86 74 5.439
86 78 95.023
86 81 47.769
86 83 60.623
86 85 14.592
86 88 50.497
86 90 67.122
86 91 16.521
86 92 11.808
86 93 40.865
86 94 71.914
86 95 7.376
86 96 17.426
86 97 71.482
86 98 84.773
87 2 74.592
87 4 32.141
87 6 87.827
87 8 9.881
87 10 89.169
87 12 53.013
87 13 9.434
87 16 46.930
87 17 70.035
87 19 62.594
87 20 17.218
87 21 27.052
87 24 22.953
87 25 47.239
87 29 68.271
87 30 22.883
87 31 86.500
87 32 13.617
87 33 8.092
87 35 96.180
87 37 51.191
87 40 2.729
87 45 99.455
87 49 7.823
87 53 25.384
87 57 23.253
87 58 6.748
87 61 47.408
87 62 52.828
87 65 89.027
87 66 74.980
87 68 87.013
87 70 56.426
87 72 87.076
87 74 95.970
87 77 60.256
87 78 72.527
87 82 61.478
87 84 49.529
87 85 58.207
87 86 2.247
87 90 99.215
87 91 51.892
87 92 22.045
87 93 56.417
87 94 92.187
87 95 92.131
87 96 24.034
87 97 21.055
87 98 33.831
87 99 94.051
88 4 62.733
88 9 77.643
88 12 45.830
88 13 27.297
88 16 91.927
88 17 63.072
88 24 72.270
88 38 20.038
88 43 76.200
88 51 53.929
88 52 97.916
88 61 33.609
88 68 46.224
88 69 64.791
88 84 97.102
88 89 32.959
88 93 76.672
88 96 70.609
88 97 16.161
89 4 13.619
89 5 58.401
89 13 72.239
89 14 92.987
89 15 45.271
89 16 97.178
89 18 25.114
89 19 25.521
89 25 11.233
89 27 56.121
89 28 73.435
89 31 79.618
89 32 65.786
89 41 17.025
89 42 44.040
89 43 33.418
89 45 88.235
89 50 29.388
89 52 8.993
89 53 40.706
89 56 34.249
89 58 42.837
89 60 39.121
89 65 75.943
89 67 9.689
89 70 2.116
89 79 39.346
89 81 74.241
89 82 74.625
89 86 97.175
89 87 62.185
89 90 35.709
89 91 97.924
89 92 54.927
89 93 6.828
89 94 67.989
89 95 89.315
89 96 0.568
89 97 66.841
89 99 96.270
90 4 2.852
90 6 92.664
90 13 86.795
90 16 52.223
90 19 51.132
90 20 94.784
90 25 46.419
90 27 92.480
90 29 80.918
90 30 10.967
90 33 71.576
90 35 27.146
90 45 47.617
90 49 98.475
90 51 71.382
90 52 84.860
90 58 34.741
90 61 59.202
90 65 3.067
90 66 56.456
90 69 33.955
90 70 24.916
90 74 90.421
90 77 42.798
90 79 0.374
90 80 37.515
90 81 68.716
90 82 3.196
90 85 19.108
90 88 23.130
90 92 29.376
90 93 92.653
90 95 2.891
90 96 79.032
90 97 25.247
90 98 29.250
90 99 87.957
91 8 65.448
91 70 25.652
91 80 69.627
91 81 61.096
91 93 68.437
91 95 7.820
92 4 55.111
92 9 58.397
92 12 25.127
92 13 55.914
92 16 25.668
92 19 20.697
92 20 56.488
92 24 15.960
92 26 56.338
92 31 74.979
92 32 51.726
92 34 61.235
92 35 71.959
92 37 95.868
92 38 68.796
92 41 46.401
92 42 62.537
92 53 16.226
92 59 14.085
92 60 80.025
92 61 76.368
92 62 3.615
92 64 88.906
92 65 85.843
92 66 18.735
92 67 90.848
92 68 34.936
92 70 10.592
92 74 36.239
92 78 51.536
92 80 7.651
92 88 99.451
92 91 90.846
92 93 42.163
92 94 18.279
92 95 13.335
92 96 62.021
92 97 33.386
92 98 31.551
92 99 2.348
93 3 86.980
93 8 2.709
93 12 87.499
93 13 74.673
93 15 19.185
93 37 2.297
93 43 0.401
93 49 77.219
93 57 95.545
93 58 53.260
93 85 65.386
93 97 88.621
93 99 94.936
94 12 33.199
94 21 80.924
94 42 2.680
94 43 17.549
94 54 71.376
94 58 93.581
94 64 68.132
95 28 96.124
95 29 10.025
95 40 94.823
95 66 34.569
95 68 71.807
95 80 21.502
95 81 41.085
95 94 28.945
95 99 94.732
96 4 76.956
96 8 80.683
96 12 94.614
96 15 47.679
96 19 66.037
96 24 49.056
96 25 77.480
96 32 12.543
96 37 32.899
96 41 7.735
96 43 7.308
96 45 77.764
96 48 16.526
96 49 36.871
96 51 23.889
96 52 45.447
96 55 32.502
96 56 27.525
96 57 53.754
96 58 21.525
96 59 97.237
96 68 45.453
96 69 85.863
96 70 36.736
96 74 5.224
96 76 86.167
96 77 57.024
96 78 54.365
96 79 38.203
96 80 98.389
96 81 45.396
96 82 29.585
96 85 46.421
96 91 28.328
96 93 78.968
96 94 95.229
96 95 76.933
96 97 45.959
96 99 81.457
97 10 7.829
97 13 89.568
97 14 70.587
97 19 43.419
97 20 47.280
97 24 90.327
97 28 95.980
97 30 41.758
97 42 97.478
97 44 80.443
97 46 62.610
97 51 98.367
97 56 52.357
97 58 64.068
97 62 1.041
97 63 81.887
97 64 53.223
97 65 15.483
97 69 99.298
97 74 31.933
97 77 45.789
97 79 9.703
97 83 11.617
97 91 78.679
97 95 47.116
97 99 14.803
98 9 19.218
98 28 15.786
98 32 27.560
98 35 40.052
98 41 56.995
98 43 86.321
98 45 87.030
98 47 36.582
98 51 94.132
98 56 17.940
98 60 11.153
98 69 30.287
98 70 78.555
98 74 44.881
98 83 95.344
98 95 98.280
98 97 15.177
99 43 6.837
99 91 73.103
