100
55 16 98.539
16 67 81.779
67 77 34.833
77 96 99.7
96 64 98.764
64 54 97.878
54 1 5.067
1 98 67.061
98 56 49.085
56 29 29.797
29 80 5.803
80 18 40.724
18 62 82.327
62 28 98.233
28 57 51.285
57 86 68.595
86 59 7.077
59 72 0.129
72 46 64.262
46 20 64.303
20 50 80.959
50 31 48.009
31 87 99.162
87 78 97.324
78 69 29.108
69 32 99.512
32 49 16.912
49 94 15.388
94 2 13.986
2 3 9.408
3 76 85.561
76 48 26.054
48 38 27.62
38 51 23.781
51 6 60.394
6 89 87.63
89 12 48.514
12 5 17.681
5 14 68.049
14 84 38.237
84 24 56.848
24 23 8.974
23 85 5.199
85 93 78.654
93 17 77.35
17 33 56.656
33 36 91.286
36 53 30.074
53 52 32.196
52 37 21.862
37 60 28.269
60 79 94.055
79 88 12.857
88 10 53.322
10 61 79.206
61 66 81.709
66 75 28.18
75 58 74.927
58 44 34.851
44 91 69.062
91 92 28.462
92 90 69.568
90 41 77.733
41 9 27.336
9 39 19.984
39 63 10.45
63 95 78.99
95 30 66.288
30 13 28.426
13 7 78.804
7 71 20.76
71 4 80.416
4 73 95.878
73 74 37.999
74 27 43.337
27 65 59.907
65 21 42.154
21 15 91.941
15 8 75.175
8 82 45.046
82 97 79.79
97 99 63.29
99 26 80.857
26 43 44.857
43 42 78.748
42 22 50.372
22 35 95.923
35 70 33.425
70 47 69.904
47 19 6.471
19 25 28.274
25 34 3.067
34 40 66.219
40 68 32.748
68 11 52.004
11 83 68.57
83 0 71.52
0 81 10.536
81 45 67.279
0 3 12.238
0 11 43.761
0 12 30.209
0 17 15.293
0 19 84.307
0 20 13.143
0 25 60.462
0 27 18.175
0 48 25.568
0 50 14.643
0 52 15.001
0 57 9.897
0 67 60.239
0 73 71.028
0 74 12.002
0 85 96.161
0 98 31.168
0 99 68.749
1 8 0.634
1 22 60.83
1 30 43.822
1 35 64.999
1 39 10.143
1 41 92.963
1 48 15.798
1 52 91.98
1 57 93.861
1 59 27.851
1 60 47.467
1 65 33.771
1 66 53.498
1 67 0.881
1 79 99.393
1 96 40.43
1 97 44.207
2 16 6.626
2 17 75.558
2 23 9.491
2 26 79.603
2 28 65.267
2 36 45.901
2 50 27.25
2 51 30.141
2 52 44.687
3 11 55.397
3 12 49.784
3 16 13.977
3 21 80.152
3 22 26.921
3 23 83.817
3 29 63.135
3 30 42.555
3 36 30.719
3 44 13.948
3 52 39.426
3 53 11.323
3 73 49.563
3 82 98.474
3 84 15.933
3 85 55.251
3 87 64.67
3 88 41.478
3 91 67.388
3 98 77.725
3 99 91.644
4 7 81.215
4 8 21.644
4 14 68.043
4 15 18.379
4 17 80.97
4 18 96.417
4 20 89.764
4 24 10.054
4 26 84.146
4 28 32.589
4 30 78.65
4 32 85.668
4 36 99.921
4 37 76.981
4 44 2.035
4 46 67.116
4 55 84.95
4 58 21.219
4 59 76.622
4 62 68.049
4 63 53.432
4 64 71.479
4 69 37.917
4 78 98.436
4 79 0.963
4 83 65.673
4 84 24.569
4 88 19.593
4 89 52.087
4 91 41.925
4 92 52.937
4 98 45.617
5 7 58.731
5 16 6.989
5 23 19.793
5 26 2.753
5 27 97.551
5 31 43.651
5 37 99.875
5 38 9.082
5 47 7.043
5 52 91.396
5 53 78.703
5 59 58.242
5 68 80.196
5 77 82.099
5 81 47.471
5 89 0.67
5 93 91.096
5 95 83.097
6 7 58.207
6 10 74.486
6 11 40.747
6 16 31.976
6 21 92.08
6 23 7.819
6 31 33.455
6 33 98.942
6 35 98.327
6 40 59.402
6 41 81.055
6 43 92.136
6 44 52.558
6 50 52.816
6 53 93.854
6 64 71.218
6 66 75.403
6 73 28.504
6 80 6.877
6 83 22.917
6 94 72.108
7 10 10.476
7 11 85.895
7 18 63.819
7 27 17.646
7 31 83.271
7 35 96.587
7 36 17.564
7 38 12.837
7 41 7.503
7 42 5.792
7 46 79.341
7 47 77.042
7 48 76.17
7 52 92.112
7 57 79.438
7 64 97.806
7 67 36.12
7 69 39.111
7 72 92.118
7 81 87.806
7 86 80.519
7 87 30.422
7 89 23.334
7 90 0.515
7 94 43.067
8 28 47.549
8 39 57.217
8 45 99.99
8 51 4.894
8 53 41.216
8 54 27.529
8 55 54.884
8 57 8.586
8 58 35.165
8 60 56.535
8 61 83.433
8 63 87.493
8 69 4.503
8 73 55.922
8 75 23.911
8 77 82.272
8 78 46.988
8 79 50.494
8 85 88.918
8 87 25.819
8 96 89.654
9 15 63.777
9 17 94.039
9 20 66.957
9 23 46.811
9 26 93.179
9 28 46.509
9 33 69.188
9 35 16.758
9 47 65.925
9 56 39.483
9 61 34.396
9 68 36.902
9 69 54.2
9 75 86.546
9 76 22.61
9 92 55.594
10 13 17.415
10 19 86.782
10 23 8.071
10 25 92.638
10 28 3.419
10 42 96.831
10 45 69.055
10 50 70.486
10 53 35.214
10 55 38.208
10 59 56.064
10 63 94.808
10 64 2.283
10 71 48.655
10 79 84.632
10 82 63.069
10 83 51.278
10 89 21.823
10 94 11.785
11 24 9.609
11 30 87.086
11 40 81.662
11 46 60.821
11 47 47.9
11 58 74.131
11 59 31.404
11 61 73.096
11 65 57.334
11 70 47.068
11 73 7.649
11 74 90.061
11 79 81.388
11 80 90.199
11 92 28.301
11 94 87.148
12 14 22.504
12 22 71.975
12 23 60.062
12 24 28.418
12 36 26.068
12 38 49.992
12 59 99.444
12 61 98.75
12 65 59.924
12 71 44.204
12 75 93.835
12 76 4.931
12 82 59.016
12 97 24.967
13 15 81.163
13 31 65.145
13 34 91.505
13 37 36.55
13 38 92.702
13 39 0.87
13 54 50.681
13 55 11.425
13 58 70.444
13 65 83.121
13 66 38.879
13 70 29.2
13 72 93.258
13 76 25.122
13 81 66.857
13 90 17.217
13 92 93.689
13 93 86.158
13 98 3.226
14 16 90.017
14 17 83.783
14 24 2.071
14 32 9.137
14 39 78.195
14 40 1.495
14 48 16.005
14 49 76.039
14 54 5.917
14 57 68.882
14 64 45.537
14 73 67.818
14 74 65.021
14 88 8.069
15 25 37.103
15 26 76.874
15 33 28.197
15 34 68.791
15 36 5.604
15 37 48.72
15 43 10.451
15 44 26.605
15 45 71.728
15 49 75.702
15 57 96.722
15 58 59.961
15 64 21.397
15 73 54.027
15 76 56.723
15 77 62.892
15 85 20.018
15 90 1.571
15 96 12.94
15 97 33.593
16 20 27.833
16 21 41.046
16 23 78.187
16 27 99.724
16 46 26.112
16 51 16.127
16 52 21.701
16 63 67.243
16 64 7.492
16 66 42.789
16 68 94.274
16 75 29.838
16 77 21.814
16 82 70.143
16 91 81.732
16 99 14.195
17 21 83.641
17 24 9.416
17 25 48.955
17 29 97.846
17 39 98.701
17 41 95.481
17 45 64.058
17 59 83.859
17 62 87.97
17 73 3.047
17 75 35.236
17 78 44.37
17 79 28.293
17 84 51.442
17 85 33.131
17 91 71.501
17 92 73.723
17 94 86.074
17 98 72.654
18 25 87.8
18 28 47.288
18 37 84.974
18 45 17.113
18 54 21.976
18 61 49.894
18 64 6.915
18 67 35.387
18 73 71.151
18 83 73.312
18 85 23.029
18 96 97.17
19 21 18.661
19 29 39.73
19 30 18.727
19 39 68.465
19 44 99.417
19 62 92.075
19 70 36.709
19 78 71.16
19 87 8.939
20 23 62.461
20 25 62.252
20 29 10.013
20 31 71.111
20 34 24.252
20 35 58.359
20 38 80.169
20 41 77.911
20 43 89.349
20 49 93.701
20 51 3.27
20 52 72.14
20 53 24.864
20 56 86.634
20 59 35.101
20 65 76.064
20 67 21.894
20 68 18.77
20 71 79.293
20 72 41.615
20 74 33.291
20 75 81.219
20 82 26.225
20 87 36.069
20 88 4.174
20 91 75.862
20 96 42.321
20 97 28.04
21 30 36.688
21 31 48.614
21 34 70.151
21 40 67.745
21 41 35.337
21 50 76.488
21 51 82.522
21 56 56.96
21 61 29.247
21 62 64.313
21 63 46.384
21 68 7.859
21 72 80.51
21 76 12.606
21 78 77.734
21 83 40.598
21 88 14.248
21 89 15.589
21 91 12.712
22 25 40.966
22 31 41.071
22 38 47.985
22 41 31.467
22 47 51.75
22 53 20.492
22 65 7.033
22 80 6.327
22 82 99.192
22 83 44.539
22 84 29.375
22 92 81.252
23 33 76.377
23 43 57.325
23 44 67.82
23 46 94.64
23 50 91.221
23 51 86.998
23 52 61.39
23 57 48.076
23 64 74.823
23 66 29.611
23 67 78.613
23 69 90.171
23 70 24.346
23 73 44.108
23 80 44.492
23 86 3.627
23 90 51.322
23 95 16.88
24 26 63.262
24 38 21.332
24 39 62.448
24 40 49.419
24 41 12.778
24 48 38.959
24 51 9.494
24 53 3.71
24 63 53.095
24 65 8.565
24 67 62.283
24 79 36.566
24 81 71.679
24 88 70.828
24 90 86.924
24 97 67.078
24 98 11.238
25 26 54.743
25 29 66.889
25 36 64.187
25 44 67.315
25 62 78.416
25 66 11.287
25 71 80.763
25 74 51.34
25 75 59.086
25 76 44.079
25 78 92.155
25 83 87.989
25 84 37.843
25 86 30.394
25 93 99.972
25 94 58.597
26 30 11.28
26 31 22.81
26 37 0.317
26 39 73.916
26 42 54.87
26 49 81.634
26 52 38.344
26 55 69.302
26 61 68.247
26 70 43.006
26 72 79.695
26 76 88.233
26 79 38.39
26 87 42.384
26 92 32.731
27 39 4.901
27 45 85.626
27 50 58.786
27 58 74.78
27 59 60.525
27 60 38.562
27 63 43.101
27 79 53.839
27 81 94.768
27 82 25.668
27 85 40.028
27 86 5.202
27 97 10.062
27 99 30.237
28 33 58.045
28 34 79.985
28 35 12.198
28 43 17.857
28 48 2.248
28 56 53.134
28 76 23.212
28 78 84.404
28 86 0.343
28 89 63.899
28 92 4.516
28 94 56.54
28 96 98.765
28 99 10.067
29 34 55.75
29 36 54.86
29 42 57.941
29 44 71.683
29 52 27.991
29 53 30.359
29 55 98.54
29 66 5.553
29 70 60.1
29 75 24.309
29 79 51.879
29 83 17.416
29 92 56.076
29 98 90.634
30 32 64.198
30 36 46.605
30 42 58.861
30 44 35.721
30 45 73.165
30 46 53.278
30 51 80.73
30 56 73.925
30 57 58.203
30 67 94.597
30 69 30.044
30 84 30.089
30 89 26.252
30 96 24.112
31 36 32.212
31 37 43.369
31 39 38.454
31 42 93.494
31 46 94.312
31 52 22.281
31 68 75.709
31 77 13.31
31 88 88.046
31 97 96.49
32 36 5.198
32 39 32.774
32 40 94.872
32 43 29.136
32 52 99.066
32 53 40.578
32 58 94.206
32 63 79.77
32 67 23.874
32 70 97.662
32 81 63.442
32 86 1.937
32 87 8.896
32 97 17.353
33 37 96.993
33 39 74.785
33 40 98.0
33 41 16.479
33 43 86.059
33 47 20.553
33 50 13.332
33 52 18.233
33 53 55.768
33 65 40.233
33 67 58.782
33 68 1.47
33 85 54.173
33 86 27.721
33 87 37.488
33 98 26.788
33 99 91.504
34 38 77.696
34 42 64.463
34 44 86.538
34 46 66.425
34 52 35.82
34 53 42.808
34 65 80.966
34 80 85.238
34 83 49.426
34 88 36.29
34 94 25.24
34 99 10.628
35 37 8.142
35 40 74.434
35 42 20.901
35 52 31.198
35 54 11.209
35 67 55.546
35 76 44.234
35 79 10.505
35 87 75.148
35 89 75.75
35 96 76.972
35 97 48.234
35 98 2.107
36 37 74.169
36 47 2.559
36 57 0.97
36 58 57.085
36 61 4.984
36 69 41.247
36 73 87.119
36 74 91.727
36 75 45.221
36 79 39.074
36 80 75.682
36 90 76.343
36 97 63.251
37 43 21.685
37 46 84.501
37 47 2.02
37 50 53.98
37 53 29.618
37 55 47.229
37 56 31.087
37 70 89.645
37 92 48.737
37 98 14.11
38 41 48.449
38 42 36.149
38 43 92.314
38 49 53.502
38 50 75.581
38 61 44.356
38 62 71.453
38 66 9.691
38 71 51.201
38 80 46.552
38 82 51.852
38 96 72.796
39 41 9.16
39 42 53.355
39 45 50.673
39 50 26.484
39 54 12.447
39 61 22.304
39 68 29.196
39 69 87.716
39 71 10.519
39 78 47.473
39 83 42.774
39 87 36.686
39 95 44.884
40 42 69.546
40 43 34.429
40 57 29.482
40 60 79.426
40 67 85.306
40 69 18.789
40 76 65.873
40 78 50.148
40 80 59.61
40 82 21.384
40 86 53.471
40 90 19.602
40 91 40.921
40 97 31.924
41 54 29.031
41 65 9.181
41 70 16.705
41 84 9.494
41 85 30.037
41 94 38.967
41 95 72.517
42 50 84.441
42 55 31.344
42 59 31.889
42 60 18.534
42 61 77.931
42 64 75.427
42 75 12.132
42 82 99.823
42 87 9.859
42 90 2.732
42 93 62.585
42 98 22.611
43 47 97.518
43 48 98.83
43 51 29.542
43 61 61.088
43 64 33.59
43 65 24.827
43 67 47.742
43 72 42.736
43 74 16.906
43 78 99.46
43 87 32.587
43 89 78.68
43 95 32.922
43 97 10.313
44 54 0.123
44 62 47.313
44 64 31.443
44 75 60.433
44 82 57.405
44 87 58.984
44 89 61.212
44 93 45.924
45 49 0.859
45 77 22.091
45 86 18.724
45 88 17.94
45 90 57.563
45 94 18.922
45 99 70.817
46 47 30.802
46 66 15.91
46 83 23.782
46 86 73.577
46 87 23.851
46 93 15.593
47 52 39.434
47 57 17.285
47 61 11.714
47 62 11.28
47 63 67.861
47 67 94.751
47 69 5.838
47 71 66.017
47 74 24.478
47 78 66.832
47 79 82.953
47 92 43.84
48 58 75.414
48 60 14.295
48 63 90.658
48 85 4.565
48 89 21.353
48 96 53.595
49 54 27.947
49 56 82.565
49 64 95.882
49 65 56.429
49 66 94.943
49 71 13.935
49 72 51.549
49 73 98.402
49 78 29.849
49 81 87.591
49 99 41.072
50 54 64.885
50 56 5.69
50 58 86.518
50 61 97.337
50 68 61.668
50 73 79.571
50 82 69.654
50 87 41.482
50 94 69.588
51 61 57.462
51 63 93.733
51 64 1.488
51 81 94.827
51 87 58.966
51 90 90.271
51 93 32.139
51 95 76.868
52 65 68.303
52 73 62.32
52 74 55.9
52 76 98.626
52 78 24.038
52 79 70.197
52 89 39.241
52 90 97.03
52 94 16.22
52 95 18.821
52 99 75.408
53 57 86.255
53 61 4.614
53 64 84.883
53 67 59.737
53 70 54.331
53 73 65.428
53 83 53.44
53 91 65.034
53 94 95.262
53 95 17.571
53 96 41.948
54 59 6.392
54 63 77.309
54 67 56.479
54 83 88.905
54 85 26.662
54 86 88.259
54 89 36.634
54 92 23.088
54 93 12.434
54 99 25.329
55 57 94.261
55 71 19.142
55 73 19.565
55 85 99.058
55 86 27.227
55 89 13.212
55 99 60.949
56 57 17.255
56 63 39.315
56 66 72.108
56 81 84.263
56 88 20.362
57 64 4.348
57 70 92.795
57 75 72.647
57 78 26.841
57 80 77.405
57 96 81.456
58 59 27.528
58 67 20.714
58 79 30.485
58 80 60.273
58 81 29.591
58 83 89.084
58 93 78.781
59 73 84.086
59 75 18.966
59 77 86.767
59 80 25.858
59 83 21.622
59 93 5.6
59 97 54.973
59 98 69.782
60 61 31.872
60 63 49.534
60 64 49.841
60 67 33.584
60 68 32.939
60 69 70.41
60 73 4.212
60 82 33.364
60 84 64.453
60 90 60.729
60 95 68.993
60 96 42.94
60 97 0.467
61 64 35.094
61 70 41.682
61 75 33.183
61 79 63.706
61 82 85.892
61 84 71.639
61 89 81.964
61 94 73.45
62 64 89.986
62 78 51.014
62 80 43.648
62 82 97.535
62 83 47.247
63 69 49.954
63 70 42.949
63 71 8.553
63 74 23.054
63 76 4.071
63 79 33.287
63 82 1.987
63 91 72.611
63 94 3.96
63 98 32.005
63 99 78.915
64 65 9.582
64 68 1.891
64 73 33.283
64 76 28.903
64 77 74.476
64 82 15.756
64 89 2.866
64 92 70.964
64 94 2.393
65 69 54.195
65 70 96.972
65 79 51.453
65 81 40.942
65 83 63.706
65 88 9.145
65 96 38.603
65 98 99.758
66 69 63.831
66 73 8.396
66 76 98.725
66 83 19.762
66 88 64.227
66 89 47.128
67 73 69.995
67 78 87.833
67 90 73.221
67 97 29.046
68 76 3.957
68 78 23.292
68 84 53.136
68 95 54.743
69 75 42.081
69 76 5.104
69 82 15.401
69 91 46.644
69 96 29.857
70 76 17.047
70 82 68.24
70 90 36.371
70 92 65.734
70 97 10.476
71 77 77.796
71 80 83.19
71 83 50.738
71 86 58.894
71 89 98.924
71 95 62.041
71 98 86.66
72 79 52.092
72 80 30.711
72 94 39.954
72 95 71.655
72 96 42.972
72 97 83.157
72 98 97.345
73 80 61.536
73 83 49.449
73 88 98.369
73 92 80.59
73 93 55.3
73 98 56.37
74 89 36.495
74 93 96.278
74 96 75.466
74 98 61.585
74 99 86.175
75 76 0.07
75 78 71.522
75 84 47.02
75 87 59.365
75 89 53.329
75 94 88.575
75 95 85.073
76 79 87.565
76 83 43.539
76 84 73.818
76 87 80.09
76 92 3.131
76 95 64.544
77 80 86.594
77 81 6.144
77 90 57.833
77 94 22.099
77 98 38.824
78 81 71.743
78 83 65.962
78 95 66.368
79 81 59.757
79 82 91.724
79 90 15.948
79 93 3.908
79 96 82.467
80 81 5.255
80 88 54.15
80 97 11.304
81 89 32.423
81 99 84.122
82 91 92.805
83 84 77.379
83 90 74.657
83 91 13.15
83 93 27.672
83 97 19.363
84 85 63.66
84 87 83.363
84 91 70.119
84 95 22.049
84 97 37.035
85 92 91.148
85 96 7.067
86 93 50.068
86 99 32.696
87 88 6.887
87 90 51.624
87 91 95.162
87 94 65.885
87 96 86.772
87 98 13.047
87 99 80.548
88 91 11.375
88 97 60.487
89 93 70.816
89 99 7.321
90 94 97.021
90 95 52.343
91 99 1.852
92 94 57.48
92 95 90.376
93 99 27.578
94 97 70.596
94 99 12.685
95 99 83.143
96 97 92.468
