100
0 1 3.031
1 2 18.24
2 3 71.628
3 4 24.419
4 5 28.161
5 6 8.343
6 7 64.701
7 8 88.081
8 9 15.628
9 10 92.693
10 11 74.527
11 12 79.923
12 13 45.582
13 14 66.123
14 15 37.541
15 16 70.003
16 17 5.639
17 18 46.737
18 19 3.155
9 20 19.154
20 21 95.399
21 22 79.143
22 23 67.41
23 24 53.225
24 25 27.597
25 26 2.79
26 27 49.864
27 28 14.362
28 29 8.458
29 30 40.321
30 31 34.154
31 32 56.312
32 33 78.019
33 34 97.853
34 35 2.094
35 36 17.55
36 37 14.581
37 38 49.035
38 39 53.822
39 40 40.882
40 41 43.699
41 42 9.342
42 43 51.401
43 44 10.016
44 45 2.475
45 46 60.462
46 47 91.731
47 48 74.449
48 49 82.215
49 50 45.607
50 51 19.309
51 52 12.546
52 53 88.048
53 54 4.43
54 55 37.311
55 56 89.755
56 57 58.828
57 58 36.722
58 59 47.458
59 60 72.09
60 61 34.888
61 62 44.651
62 63 93.29
63 64 99.07
64 65 25.713
65 66 25.265
66 67 64.321
67 68 7.153
68 69 89.243
69 70 82.171
70 71 41.966
71 72 95.25
72 73 53.125
73 74 91.155
74 75 50.932
75 76 12.511
76 77 69.428
77 78 85.779
78 79 32.343
79 80 72.732
80 81 28.987
81 82 57.15
82 83 48.345
83 84 73.571
84 85 54.78
85 86 46.749
86 87 79.332
87 88 77.703
88 89 55.497
89 90 39.572
90 91 98.175
91 92 59.909
92 93 47.651
93 94 65.633
94 95 31.011
95 96 81.418
96 97 56.036
97 98 4.336
98 99 94.024
4 76 57.566
48 18 10.053
16 1 23.172
39 58 69.142
27 42 41.162
36 9 22.609
59 79 76.321
73 0 89.861
17 76 60.503
12 61 52.704
50 48 7.876
18 77 84.639
50 27 9.649
16 99 60.693
21 55 12.359
29 83 95.93
35 74 68.993
50 99 55.815
99 10 7.409
70 51 28.682
23 72 66.205
98 22 21.511
50 92 60.737
51 13 43.218
67 28 10.577
35 60 8.419
98 25 65.804
80 35 88.631
33 39 86.773
8 23 79.014
19 94 2.715
16 25 94.196
37 56 35.214
87 4 8.883
32 29 45.171
82 53 53.415
51 82 35.654
95 21 77.26
69 43 5.348
14 62 16.247
1 36 54.003
1 20 30.763
15 30 85.354
59 94 30.351
61 27 15.274
99 27 20.092
48 88 32.883
11 90 54.382
32 56 90.354
71 80 23.032
75 6 21.067
3 95 66.267
82 23 65.582
25 74 59.533
45 57 4.485
48 87 80.045
67 81 19.218
99 44 99.017
74 41 62.474
49 37 41.878
76 74 40.463
35 29 96.655
68 0 27.228
14 83 49.028
29 99 32.907
33 64 94.104
29 98 80.837
15 44 97.437
26 61 46.715
11 42 32.297
91 87 67.818
4 24 83.766
12 31 25.674
48 55 28.59
85 23 26.163
8 27 69.08
11 80 48.738
19 8 35.853
61 98 92.123
5 20 29.267
95 69 5.692
99 80 59.149
92 78 19.938
31 35 4.528
67 25 45.131
99 46 90.172
56 80 2.65
21 34 91.192
65 51 94.263
43 15 86.056
45 28 97.048
96 16 38.331
13 64 35.901
61 41 49.332
8 39 43.427
46 80 24.149
4 80 14.381
23 70 22.605
45 61 84.986
49 96 30.42
52 64 79.302
93 66 43.588
83 78 40.621
67 52 71.069
65 6 81.305
40 82 54.077
79 75 79.427
29 67 2.901
27 16 13.696
54 99 22.413
58 66 89.515
35 72 92.74
97 88 74.721
22 72 82.634
83 92 63.754
34 45 14.62
82 46 4.204
8 18 79.396
5 95 0.584
54 1 35.711
95 85 71.989
25 77 30.426
76 28 63.477
51 24 92.016
33 23 75.461
66 22 16.964
15 56 33.694
82 28 50.825
42 32 82.67
60 75 56.44
76 57 12.027
48 44 85.710
59 80 67.126
55 6 99.181
41 11 0.537
64 56 81.742
29 39 70.784
70 35 31.802
6 0 30.353
87 57 56.746
27 29 72.53
38 30 6.259
45 4 59.104
69 48 23.994
57 26 60.244
88 70 68.873
8 71 18.723
32 49 60.287
42 68 28.444
53 83 18.586
14 88 76.029
2 13 37.874
91 22 42.475
18 53 76.149
2 42 13.885
31 85 64.697
27 64 79.548
93 97 68.949
76 52 18.037
25 71 63.544
81 84 28.682
33 42 17.295
76 48 13.882
81 71 81.224
9 41 73.584
61 43 93.179
15 0 88.353
37 21 53.533
33 82 55.623
34 99 90.386
72 58 80.17
69 55 96.082
25 22 22.366
35 52 7.384
75 31 34.911
8 93 15.542
33 18 12.519
7 17 11.714
81 89 68.494
64 12 36.300
90 59 53.093
67 58 66.331
62 47 33.228
15 37 50.008
94 53 21.438
12 71 70.793