95
0 49 53
1 5 33
2 65 62
3 51 38
4 61 45
5 74 27
6 64 17
7 36 17
8 12 79
9 32 68
10 90 77
11 18 39
12 12 93
13 9 87
14 42 60
15 71 12
16 45 55
17 40 78
18 81 26
19 70 61
20 56 66
21 33 7
22 70 1
23 11 92
24 51 90
25 85 80
26 0 78
27 63 42
28 31 93
29 41 90
30 8 24
31 72 28
32 30 18
33 69 57
34 11 10
35 40 65
36 62 13
37 38 70
38 37 90
39 15 70
40 42 69
41 26 77
42 70 75
43 36 56
44 11 76
45 49 40
46 73 30
47 37 23
48 24 23
49 4 78
50 84 33
51 60 8
52 11 86
53 16 19
54 4 10
55 89 69
56 87 50
57 90 67
58 35 66
59 30 27
60 86 75
61 53 74
62 35 57
63 63 84
64 82 89
65 45 10
66 41 78
67 14 62
68 75 80
69 42 24
70 31 2
71 93 34
72 14 90
73 28 47
74 21 42
75 54 7
76 12 18
77 89 28
78 5 73
79 81 68
80 77 87
81 9 3
82 15 81
83 24 77
84 73 15
85 50 11
86 47 14
87 4 77
88 2 24
89 23 91
90 15 61
91 26 93
92 7 86
93 2 69
94 54 79
0 1 99
1 2 99
2 3 99
3 4 99
4 5 99
5 6 99
6 7 99
7 8 99
8 9 99
9 10 99
10 11 99
11 12 99
12 13 99
13 14 99
14 15 99
15 16 99
16 17 99
17 18 99
18 19 99
19 20 99
20 21 99
21 22 99
22 23 99
23 24 99
24 25 99
25 26 99
26 27 99
27 28 99
28 29 99
29 30 99
30 31 99
31 32 99
32 33 99
33 34 99
34 35 99
35 36 99
36 37 99
37 38 99
38 39 99
39 40 99
40 41 99
41 42 99
42 43 99
43 44 99
44 45 99
45 46 99
46 47 99
47 48 99
48 49 99
49 50 99
50 51 99
51 52 99
52 53 99
53 54 99
54 55 99
55 56 99
56 57 99
57 58 99
58 59 99
59 60 99
60 61 99
61 62 99
62 63 99
63 64 99
64 65 99
65 66 99
66 67 99
67 68 99
68 69 99
69 70 99
70 71 99
71 72 99
72 73 99
73 74 99
74 75 99
75 76 99
76 77 99
77 78 99
78 79 99
79 80 99
80 81 99
81 82 99
82 83 99
83 84 99
84 85 99
85 86 99
86 87 99
87 88 99
88 89 99
89 90 99
90 91 99
91 92 99
92 93 99
93 94 99
