100
91 79 26.204
5 58 90.032
2 8 52.165
18 3 86.134
52 14 73.986
99 32 71.866
62 37 37.653
15 5 52.743
88 61 24.007
89 50 79.12
73 10 47.326
63 17 16.568
88 73 87.031
55 48 84.738
32 56 87.973
37 59 93.597
75 97 88.161
60 75 14.398
29 79 86.591
37 95 14.274
48 40 47.644
92 24 85.967
88 20 87.145
60 8 34.463
57 65 35.998
72 57 86.349
64 33 72.252
33 21 75.885
89 31 22.285
37 82 5.603
14 85 26.509
63 57 62.831
38 60 78.916
92 86 82.387
49 40 68.101
9 64 86.957
71 70 21.266
98 67 60.259
88 8 17.022
4 64 93.901
46 8 77.564
60 28 82.602
55 62 94.431
69 58 69.058
54 97 37.994
51 14 25.058
44 42 61.171
71 80 60.502
57 90 35.472
96 14 17.998
48 4 24.489
27 97 83.1
15 27 17.212
36 62 64.004
43 55 4.078
50 31 41.923
4 86 44.763
93 61 97.474
66 45 20.84
13 47 0.37
10 75 68.88
25 88 70.167
47 92 65.517
32 53 20.465
69 94 71.492
38 36 82.432
88 81 36.622
41 83 17.185
15 62 13.106
64 3 33.485
2 30 6.416
88 49 57.568
96 68 81.566
18 60 25.781
24 13 87.388
43 3 35.003
58 17 51.89
45 36 7.386
34 68 29.376
90 68 31.782
75 85 28.317
36 13 86.549
57 34 17.622
57 76 39.484
7 39 2.327
53 58 94.253
13 94 93.385
65 26 19.715
32 1 57.607
94 11 19.712
28 52 91.284
66 23 97.43
14 75 66.649
46 94 49.001
99 44 56.034
55 68 36.746
77 96 84.673
62 49 76.128
35 51 14.429
89 11 0.334
66 95 57.373
24 19 81.247
17 73 69.469
44 77 87.402
98 57 38.24
91 96 13.518
5 88 3.937
18 72 95.786
66 73 67.117
3 12 34.508
31 98 9.524
31 71 22.192
26 4 7.631
3 82 97.563
65 84 39.468
48 27 73.215
48 80 20.493
66 55 23.827
46 9 53.759
30 75 5.951
1 73 62.438
62 44 61.177
8 10 92.838
8 99 3.718
84 67 91.215
30 78 49.438
23 35 34.29
77 86 8.991
80 13 54.405
32 69 30.264
41 46 22.211
76 10 15.872
56 66 91.55
34 77 0.633
70 18 59.381
71 5 15.81
97 74 75.077
29 28 18.596
54 82 5.38
37 5 61.681
97 88 22.546
99 7 5.785
3 24 61.954
71 47 4.862
77 39 38.219
12 69 63.81
13 38 15.36
41 86 23.895
54 92 92.906
65 34 17.081
87 5 1.784
78 91 37.114
64 2 89.068
49 95 14.179
73 55 8.58
19 86 74.42
83 82 47.665
75 86 92.52
23 62 79.056
89 66 44.74
40 84 26.34
90 94 93.769
93 8 31.22
95 33 96.858
92 19 7.178
57 29 11.695
57 42 33.977
45 21 53.317
5 83 30.549
65 46 60.457
11 43 57.336
0 79 34.186
70 10 18.055
77 69 94.627
65 58 30.547
9 91 13.161
18 71 99.136
67 31 79.985
40 4 94.071
94 22 35.86
47 20 75.573
61 23 24.196
52 66 59.108
80 38 76.629
16 95 22.276
61 89 31.143
96 52 50.558
25 74 12.637
25 17 93.748
78 40 27.413
72 93 92.357
89 30 50.995
91 92 3.296
38 49 51.907
24 87 94.309
37 8 42.605
15 86 84.873
17 82 22.083
50 42 20.696
73 97 86.502
23 79 42.065
61 50 65.261
7 30 65.841
61 59 42.384
1 25 5.209
15 69 43.798
73 74 70.644
56 21 16.969
79 88 98.11
79 19 26.265
39 24 96.762
57 37 13.296
1 26 75.679
32 95 7.195
96 88 51.634
3 54 29.424
45 97 76.872
2 19 24.378
90 37 40.013
72 32 4.169
16 36 64.977
57 14 71.078
14 69 17.683
10 50 90.973
86 18 16.831
1 60 62.896
27 16 27.763
96 13 25.599
64 88 70.826
18 73 24.335
92 51 60.666
99 17 35.938
4 85 78.689
51 57 53.682
31 10 74.582
80 99 10.861
66 99 40.635
80 50 19.82
89 33 24.909
35 71 51.91
33 50 19.534
5 84 1.364
6 57 59.241
87 35 99.398
40 16 12.54
41 21 30.896
25 18 50.799
72 34 47.797
67 24 87.246
55 99 94.06
1 17 52.706
69 54 0.765
77 3 53.779
65 99 51.563
33 45 3.652
30 55 55.226
10 30 95.829
21 65 90.064
19 44 93.029
44 53 63.682
33 51 23.772
48 98 53.831
9 45 29.657
89 51 43.465
90 29 8.15
2 96 56.518
95 12 19.176
99 88 18.898
95 15 53.573
42 45 11.214
91 66 86.676
31 42 80.321
2 44 22.048
78 58 34.004
12 21 13.614
65 30 4.649
45 76 13.221
51 13 30.889
52 5 38.177
58 34 81.436
45 64 79.009
32 68 43.499
13 40 68.798
56 9 67.572
5 48 70.398
93 58 29.006
58 80 31.43
57 87 20.398
27 95 76.874
8 73 79.583
65 3 81.063
18 23 36.098
62 47 82.056
4 58 61.978
29 22 36.301
33 48 37.836
20 2 19.791
70 92 9.645
50 0 75.802
12 76 17.776
