99
0 1 4.51
0 2 4.798
0 3 5.833
0 4 6.005
0 5 4.984
0 6 5.124
0 7 3.944
0 8 6.23
0 9 5.42
0 10 5.196
0 11 6.247
0 12 4.529
0 13 6.173
0 14 4.302
0 15 5.564
0 16 5.734
0 17 4.926
0 18 4.464
0 19 5.242
0 20 4.029
0 21 3.67
0 22 6.468
0 23 4.834
0 24 5.048
0 25 6.054
0 26 5.956
0 27 5.108
0 28 4.513
0 29 4.782
0 30 3.619
0 31 5.452
0 32 4.627
0 33 3.756
0 34 3.332
1 2 4.974
1 3 5.889
1 4 4.947
1 5 5.465
1 6 3.88
1 7 3.842
1 8 6.218
1 9 6.064
1 10 4.28
1 11 6.208
1 12 4.874
1 13 4.71
1 14 5.147
1 15 5.381
1 16 6.489
1 17 6.05
1 18 5.707
1 19 4.894
1 20 4.533
1 21 5.085
1 22 5.349
1 23 4.826
1 24 5.263
1 25 3.864
1 26 4.672
1 27 6.653
1 28 5.818
1 29 3.491
1 30 5.036
1 31 4.712
1 32 6.391
1 35 1.666
1 36 4.385
2 3 5.197
2 4 4.818
2 5 3.401
2 6 4.322
2 7 5.014
2 8 5.061
2 9 4.586
2 10 6.646
2 11 3.908
2 12 4.853
2 13 5.422
2 14 3.853
2 15 4.312
2 16 5.121
2 17 5.925
2 18 4.632
2 19 3.846
2 20 5.187
2 21 5.879
2 22 5.019
2 23 5.353
2 24 5.184
2 25 5.063
2 26 4.914
2 27 7.312
2 28 4.805
2 29 5.393
2 30 5.938
2 31 6.866
2 32 2.499
2 37 3.369
2 38 2.37
3 4 4.736
3 5 4.955
3 6 4.457
3 7 6.378
3 8 3.971
3 9 5.701
3 10 4.143
3 11 5.227
3 12 3.55
3 13 4.645
3 14 5.084
3 15 6.567
3 16 4.818
3 17 6.235
3 18 3.972
3 19 4.5
3 20 2.263
3 21 5.249
3 22 4.504
3 23 4.49
3 24 4.367
3 25 5.968
3 26 4.739
3 27 5.647
3 28 5.582
3 29 5.419
3 30 6.867
3 31 3.652
3 32 4.37
3 39 2.658
3 40 1.072
4 5 3.402
4 6 5.977
4 7 4.48
4 8 5.879
4 9 4.571
4 10 5.427
4 11 4.038
4 12 4.808
4 13 6.146
4 14 4.036
4 15 5.158
4 16 5.948
4 17 7.191
4 18 5.975
4 19 6.572
4 20 5.208
4 21 6.07
4 22 6.572
4 23 4.622
4 24 7.088
4 25 2.733
4 26 5.712
4 27 4.367
4 28 6.12
4 29 4.76
4 30 5.424
4 31 6.277
4 32 5.443
4 41 4.78
4 42 2.12
5 6 4.633
5 7 3.192
5 8 4.978
5 9 6.451
5 10 4.967
5 11 5.517
5 12 4.886
5 13 4.361
5 14 2.745
5 15 4.985
5 16 4.429
5 17 3.971
5 18 5.332
5 19 4.518
5 20 6.392
5 21 5.013
5 22 6.789
5 23 4.7
5 24 3.781
5 25 6.66
5 26 6.058
5 27 5.551
5 28 4.769
5 29 4.957
5 30 4.519
5 31 5.107
5 32 5.783
5 43 1.659
5 44 1.78
6 7 3.897
6 8 6.476
6 9 5.956
6 10 5.516
6 11 5.237
6 12 4.398
6 13 3.593
6 14 4.179
6 15 6.534
6 16 5.405
6 17 4.746
6 18 2.184
6 19 5.741
6 20 3.608
6 21 4.565
6 22 3.928
6 23 4.824
6 24 4.703
6 25 5.68
6 26 6.293
6 27 6.136
6 28 5.227
6 29 3.765
6 30 5.313
6 31 5.77
6 32 5.266
6 45 3.343
6 46 3.779
7 8 4.552
7 9 6.249
7 10 3.189
7 11 3.092
7 12 3.713
7 13 5.201
7 14 4.455
7 15 3.32
7 16 4.303
7 17 6.456
7 18 4.687
7 19 4.988
7 20 5.808
7 21 5.682
7 22 4.691
7 23 4.873
7 24 6.837
7 25 5.38
7 26 6.668
7 27 5.326
7 28 4.763
7 29 4.287
7 30 3.108
7 31 4.779
7 32 5.222
7 47 4.752
7 48 2.668
8 9 4.551
8 10 4.758
8 11 4.969
8 12 4.885
8 13 6.549
8 14 3.916
8 15 5.913
8 16 5.285
8 17 4.337
8 18 5.658
8 19 5.774
8 20 3.446
8 21 5.082
8 22 3.774
8 23 5.24
8 24 4.536
8 25 3.362
8 26 4.385
8 27 5.427
8 28 4.814
8 29 3.781
8 30 5.812
8 31 5.901
8 32 4.811
8 49 3.892
8 50 1.76
9 10 5.072
9 11 4.352
9 12 3.735
9 13 5.038
9 14 5.787
9 15 5.667
9 16 4.926
9 17 4.08
9 18 3.182
9 19 3.811
9 20 4.033
9 21 4.994
9 22 2.781
9 23 4.347
9 24 5.668
9 25 5.978
9 26 5.54
9 27 6.133
9 28 4.212
9 29 3.95
9 30 3.148
9 31 4.406
9 32 3.944
9 51 3.037
9 52 3.49
10 11 5.728
10 12 5.671
10 13 5.614
10 14 5.587
10 15 4.738
10 16 4.048
10 17 5.382
10 18 4.98
10 19 4.831
10 20 5.744
10 21 3.372
10 22 5.881
10 23 4.451
10 24 5.104
10 25 7.253
10 26 4.213
10 27 6.462
10 28 6.652
10 29 5.835
10 30 4.447
10 31 5.286
10 32 4.939
10 53 2.833
10 54 2.203
11 12 4.973
11 13 4.298
11 14 6.573
11 15 5.741
11 16 4.736
11 17 6.174
11 18 4.433
11 19 5.567
11 20 3.85
11 21 4.356
11 22 5.898
11 23 5.379
11 24 4.361
11 25 3.109
11 26 4.703
11 27 3.477
11 28 4.345
11 29 4.712
11 30 5.706
11 31 6.094
11 32 5.808
11 55 1.557
11 56 2.026
12 13 6.319
12 14 5.544
12 15 5.07
12 16 5.744
12 17 3.354
12 18 4.565
12 19 5.13
12 20 3.884
12 21 7.059
12 22 5.795
12 23 5.348
12 24 6.09
12 25 5.006
12 26 5.28
12 27 5.029
12 28 3.101
12 29 6.399
12 30 4.302
12 31 4.167
12 32 5.076
12 57 3.628
12 58 3.394
13 14 4.643
13 15 5.953
13 16 5.989
13 17 5.298
13 18 3.961
13 19 6.398
13 20 7.27
13 21 4.788
13 22 6.795
13 23 5.16
13 24 7.286
13 25 6.009
13 26 5.004
13 27 5.462
13 28 4.25
13 29 4.953
13 30 6.673
13 31 6.535
13 32 5.439
13 59 4.736
13 60 3.012
14 15 5.869
14 16 5.086
14 17 5.08
14 18 4.68
14 19 4.6
14 20 4.539
14 21 6.094
14 22 6.53
14 23 5.37
14 24 5.694
14 25 5.156
14 26 5.395
14 27 6.619
14 28 3.775
14 29 3.989
14 30 4.283
14 31 4.479
14 32 5.487
14 61 3.157
14 62 2.015
15 16 4.539
15 17 5.616
15 18 5.261
15 19 5.116
15 20 6.559
15 21 6.647
15 22 5.495
15 23 4.223
15 24 5.37
15 25 7.442
15 26 4.089
15 27 4.675
15 28 5.621
15 29 6.594
15 30 4.172
15 31 4.904
15 32 4.097
15 63 3.142
15 64 3.557
16 17 5.189
16 18 4.222
16 19 4.325
16 20 5.799
16 21 3.648
16 22 4.077
16 23 3.832
16 24 5.15
16 25 5.36
16 26 6.234
16 27 6.365
16 28 5.375
16 29 4.23
16 30 4.471
16 31 5.24
16 32 5.005
16 65 2.949
16 66 2.163
17 18 5.266
17 19 4.804
17 20 7.124
17 21 4.068
17 22 7.917
17 23 5.362
17 24 6.026
17 25 6.365
17 26 6.341
17 27 4.985
17 28 3.376
17 29 4.718
17 30 4.437
17 31 5.164
17 32 4.435
17 67 3.208
17 68 3.009
18 19 6.283
18 20 5.287
18 21 5.149
18 22 4.849
18 23 3.797
18 24 5.015
18 25 4.859
18 26 4.548
18 27 5.024
18 28 6.104
18 29 4.839
18 30 4.947
18 31 4.558
18 32 5.095
18 69 2.632
18 70 2.445
19 20 5.953
19 21 4.533
19 22 4.223
19 23 3.288
19 24 5.581
19 25 4.959
19 26 4.703
19 27 6.599
19 28 4.72
19 29 3.256
19 30 4.152
19 31 7.292
19 32 3.318
19 71 3.507
19 72 2.869
20 21 6.122
20 22 5.181
20 23 4.289
20 24 5.196
20 25 3.61
20 26 4.061
20 27 4.059
20 28 4.811
20 29 6.69
20 30 5.916
20 31 2.356
20 32 5.766
20 73 2.626
20 74 2.722
21 22 5.22
21 23 4.73
21 24 5.616
21 25 5.335
21 26 5.643
21 27 4.208
21 28 4.132
21 29 4.74
21 30 3.756
21 31 5.64
21 32 6.676
21 75 2.347
21 76 2.972
22 23 5.266
22 24 6.545
22 25 5.397
22 26 4.611
22 27 3.991
22 28 2.497
22 29 5.606
22 30 3.974
22 31 5.114
22 32 5.689
22 77 4.456
22 78 2.542
23 24 3.951
23 25 3.836
23 26 6.119
23 27 4.345
23 28 5.306
23 29 5.297
23 30 5.261
23 31 5.913
23 32 3.022
23 79 1.41
23 80 4.658
24 25 4.25
24 26 5.641
24 27 6.58
24 28 5.448
24 29 4.632
24 30 4.671
24 31 3.927
24 32 4.465
24 81 2.912
24 82 4.836
25 26 4.445
25 27 5.029
25 28 5.501
25 29 4.72
25 30 5.655
25 31 4.781
25 32 5.386
25 83 3.431
25 84 2.392
26 27 6.181
26 28 4.338
26 29 7.194
26 30 5.959
26 31 5.438
26 32 4.577
26 85 2.424
26 86 2.537
27 28 4.493
27 29 3.85
27 30 5.335
27 31 3.965
27 32 4.81
27 87 3.638
27 88 2.352
28 29 5.021
28 30 6.077
28 31 5.185
28 32 5.0
28 89 2.977
28 90 1.784
29 30 4.865
29 31 4.373
29 32 7.803
29 91 2.379
29 92 2.929
30 31 5.713
30 32 5.594
30 93 2.379
30 94 4.396
31 32 6.695
31 95 4.617
31 96 3.013
32 97 1.683
32 98 4.098
33 35 2.071
34 36 3.12
37 39 2.641
38 40 1.365
41 43 2.993
42 44 2.54
45 47 2.842
46 48 3.926
49 51 3.706
50 52 3.278
53 55 3.961
54 56 2.828
57 59 4.434
58 60 2.441
61 63 2.641
62 64 3.342
65 67 2.994
66 68 2.743
69 71 3.812
70 72 3.661
73 75 4.204
74 76 2.56
77 79 3.192
78 80 1.556
81 83 3.638
82 84 1.774
85 87 4.414
86 88 1.802
89 91 4.194
90 92 4.138
93 95 2.859
94 96 3.162