99
0 1 84.877
0 2 73.053
0 3 60.283
0 4 29.664
0 5 59.765
0 6 88.413
0 7 14.958
0 8 92.027
0 9 60.277
0 10 96.545
0 11 46.537
0 12 97.583
0 13 83.654
0 14 58.392
0 15 12.427
0 16 97.687
0 17 37.976
0 18 51.622
0 19 52.37
0 20 11.735
0 21 82.61
0 22 89.323
0 23 93.426
0 24 56.618
0 25 61.706
0 26 47.444
0 27 15.314
0 28 35.599
0 29 86.705
0 30 62.881
0 31 98.914
0 32 46.052
0 33 36.503
0 34 48.708
0 35 56.386
0 36 97.976
0 37 32.191
0 38 19.284
0 39 79.726
0 40 27.756
0 41 69.611
0 42 44.141
0 43 17.682
0 44 65.83
0 45 90.691
0 46 78.632
0 47 8.218
0 48 65.637
0 49 40.308
0 50 64.019
0 51 46.298
0 52 48.466
0 53 34.677
0 54 70.911
0 55 52.593
0 56 9.759
0 57 66.58
0 58 22.617
0 59 12.199
0 60 27.52
0 61 32.755
0 62 62.466
0 63 22.24
0 64 19.168
0 65 98.903
0 66 84.829
0 67 65.489
0 68 89.354
0 69 52.993
0 70 59.101
0 71 94.399
0 72 92.388
0 73 8.777
0 74 97.609
0 75 74.037
0 76 16.639
0 77 57.76
0 78 55.593
0 79 93.901
0 80 65.385
0 81 16.188
0 82 51.417
0 83 58.015
0 84 5.43
0 85 65.666
0 86 94.256
0 87 74.515
0 88 4.369
0 89 4.034
0 90 97.368
0 91 39.623
0 92 63.713
0 93 83.763
0 94 17.848
0 95 25.224
0 96 69.956
0 97 53.783
0 98 36.833
1 2 63.792
1 3 73.388
1 4 11.389
1 5 87.55
1 6 95.314
1 7 4.471
1 8 34.578
1 9 80.301
1 10 6.018
1 11 63.563
1 12 29.367
1 13 17.045
1 14 27.57
1 15 7.674
1 16 22.359
1 17 93.34
1 18 49.646
1 19 65.79
1 20 21.959
1 21 66.528
1 22 58.113
1 23 28.644
1 24 53.203
1 25 83.737
1 26 75.955
1 27 17.353
1 28 17.737
1 29 5.586
1 30 70.801
1 31 11.62
1 32 90.522
1 33 77.846
1 34 85.177
1 35 90.974
1 36 74.312
1 37 66.928
1 38 90.507
1 39 8.386
1 40 34.986
1 41 59.007
1 42 78.672
1 43 41.968
1 44 32.008
1 45 6.741
1 46 68.613
1 47 86.35
1 48 25.263
1 49 28.565
1 50 69.274
1 51 72.407
1 52 66.579
1 53 76.345
1 54 27.399
1 55 66.516
1 56 87.026
1 57 59.111
1 58 21.361
1 59 8.317
1 60 72.047
1 61 52.008
1 62 63.143
1 63 16.095
1 64 53.524
1 65 31.359
1 66 64.113
1 67 77.362
1 68 91.704
1 69 24.064
1 70 95.306
1 71 81.991
1 72 90.144
1 73 47.965
1 74 89.467
1 75 37.846
1 76 56.399
1 77 90.433
1 78 41.3
1 79 37.916
1 80 37.947
1 81 77.905
1 82 99.604
1 83 40.014
1 84 37.275
1 85 79.495
1 86 91.953
1 87 29.529
1 88 36.779
1 89 63.876
1 90 28.061
1 91 68.124
1 92 38.823
1 93 52.382
1 94 99.065
1 95 42.594
1 96 48.55
1 97 94.707
1 98 33.389
2 3 65.056
2 4 18.528
2 5 87.52
2 6 49.357
2 7 69.237
2 8 48.064
2 9 33.762
2 10 73.353
2 11 49.96
2 12 74.792
2 13 52.248
2 14 19.312
2 15 8.132
2 16 38.261
2 17 48.098
2 18 26.36
2 19 50.898
2 20 63.482
2 21 98.283
2 22 94.191
2 23 17.194
2 24 26.002
2 25 88.691
2 26 46.214
2 27 10.744
2 28 10.662
2 29 69.509
2 30 75.965
2 31 19.425
2 32 69.923
2 33 76.009
2 34 5.166
2 35 77.751
2 36 73.352
2 37 8.084
2 38 83.248
2 39 30.604
2 40 69.489
2 41 55.869
2 42 6.271
2 43 63.74
2 44 16.107
2 45 38.416
2 46 16.999
2 47 23.315
2 48 45.387
2 49 19.528
2 50 51.582
2 51 91.781
2 52 52.464
2 53 60.877
2 54 62.029
2 55 4.642
2 56 96.938
2 57 61.13
2 58 83.402
2 59 98.027
2 60 46.811
2 61 94.411
2 62 47.977
2 63 55.285
2 64 19.803
2 65 90.925
2 66 60.432
2 67 69.912
2 68 96.274
2 69 3.732
2 70 13.416
2 71 76.043
2 72 46.822
2 73 89.212
2 74 0.499
2 75 18.57
2 76 7.875
2 77 66.769
2 78 35.644
2 79 67.067
2 80 39.421
2 81 6.367
2 82 43.575
2 83 32.61
2 84 78.062
2 85 87.01
2 86 87.575
2 87 28.742
2 88 57.515
2 89 49.705
2 90 65.456
2 91 72.373
2 92 25.257
2 93 13.057
2 94 84.895
2 95 89.956
2 96 32.362
2 97 77.404
2 98 34.29
3 4 53.865
3 5 20.219
3 6 35.724
3 7 52.208
3 8 38.401
3 9 52.793
3 10 3.152
3 11 92.978
3 12 8.656
3 13 92.568
3 14 71.8
3 15 98.128
3 16 16.027
3 17 59.757
3 18 76.468
3 19 65.621
3 20 40.915
3 21 27.264
3 22 89.787
3 23 73.647
3 24 63.511
3 25 68.675
3 26 66.456
3 27 95.544
3 28 79.027
3 29 57.707
3 30 88.444
3 31 77.623
3 32 44.307
3 33 71.841
3 34 75.366
3 35 83.115
3 36 84.382
3 37 99.037
3 38 14.812
3 39 51.334
3 40 89.327
3 41 49.479
3 42 96.831
3 43 7.144
3 44 22.191
3 45 8.132
3 46 50.561
3 47 77.088
3 48 5.424
3 49 42.366
3 50 0.654
3 51 87.638
3 52 59.661
3 53 95.762
3 54 94.404
3 55 74.017
3 56 33.141
3 57 87.218
3 58 47.245
3 59 22.614
3 60 71.638
3 61 43.432
3 62 11.068
3 63 79.392
3 64 86.166
3 65 16.257
3 66 40.734
3 67 88.235
3 68 97.513
3 69 65.795
3 70 82.664
3 71 17.886
3 72 62.052
3 73 26.831
3 74 63.806
3 75 82.443
3 76 27.46
3 77 95.855
3 78 64.114
3 79 81.594
3 80 27.67
3 81 70.528
3 82 23.015
3 83 47.954
3 84 69.76
3 85 89.669
3 86 99.176
3 87 33.342
3 88 0.893
3 89 97.796
3 90 36.144
3 91 58.202
3 92 5.153
3 93 91.555
3 94 42.96
3 95 26.136
3 96 93.601
3 97 23.522
3 98 6.036
4 5 11.97
4 6 42.6
4 7 4.856
4 8 88.651
4 9 6.362
4 10 6.688
4 11 4.864
4 12 80.835
4 13 14.007
4 14 76.871
4 15 6.559
4 16 28.492
4 17 95.224
4 18 75.476
4 19 35.772
4 20 46.378
4 21 68.356
4 22 94.286
4 23 35.506
4 24 35.803
4 25 13.76
4 26 94.838
4 27 88.094
4 28 82.598
4 29 42.391
4 30 53.562
4 31 58.911
4 32 51.254
4 33 61.399
4 34 26.363
4 35 35.198
4 36 76.598
4 37 7.917
4 38 51.627
4 39 68.631
4 40 1.445
4 41 10.241
4 42 52.307
4 43 16.176
4 44 11.181
4 45 94.165
4 46 78.197
4 47 10.095
4 48 94.971
4 49 10.152
4 50 9.963
4 51 16.809
4 52 24.266
4 53 75.923
4 54 21.902
4 55 54.615
4 56 73.21
4 57 53.481
4 58 46.431
4 59 27.346
4 60 11.664
4 61 7.97
4 62 23.892
4 63 20.897
4 64 5.096
4 65 91.534
4 66 38.998
4 67 19.785
4 68 70.133
4 69 5.327
4 70 19.588
4 71 92.537
4 72 55.707
4 73 89.156
4 74 43.493
4 75 86.839
4 76 1.677
4 77 65.032
4 78 43.051
4 79 68.445
4 80 94.424
4 81 6.685
4 82 79.185
4 83 80.971
4 84 61.471
4 85 41.866
4 86 6.432
4 87 7.471
4 88 83.087
4 89 10.472
4 90 31.998
4 91 58.329
4 92 85.619
4 93 10.946
4 94 25.198
4 95 50.008
4 96 94.398
4 97 71.862
4 98 41.607
5 6 66.014
5 7 37.066
5 8 73.298
5 9 29.904
5 10 36.02
5 11 3.588
5 12 70.84
5 13 8.755
5 14 66.291
5 15 44.861
5 16 40.307
5 17 25.732
5 18 5.213
5 19 86.001
5 20 84.523
5 21 70.174
5 22 85.406
5 23 69.515
5 24 88.957
5 25 23.262
5 26 62.08
5 27 5.893
5 28 60.097
5 29 46.274
5 30 27.57
5 31 33.409
5 32 39.067
5 33 12.632
5 34 84.503
5 35 12.975
5 36 76.908
5 37 49.608
5 38 75.535
5 39 62.296
5 40 69.508
5 41 34.417
5 42 70.513
5 43 18.715
5 44 81.01
5 45 27.084
5 46 55.756
5 47 48.426
5 48 75.727
5 49 46.142
5 50 81.672
5 51 92.746
5 52 93.823
5 53 75.448
5 54 10.116
5 55 38.917
5 56 52.059
5 57 99.172
5 58 63.746
5 59 95.788
5 60 55.25
5 61 30.575
5 62 50.212
5 63 90.772
5 64 65.488
5 65 88.379
5 66 14.022
5 67 23.527
5 68 85.944
5 69 76.297
5 70 26.037
5 71 88.3
5 72 46.765
5 73 11.823
5 74 91.463
5 75 59.625
5 76 51.746
5 77 74.536
5 78 38.346
5 79 22.456
5 80 17.755
5 81 47.782
5 82 24.15
5 83 22.944
5 84 2.301
5 85 23.788
5 86 25.753
5 87 52.156
5 88 58.192
5 89 34.737
5 90 41.107
5 91 78.702
5 92 85.009
5 93 92.646
5 94 87.418
5 95 16.532
5 96 80.915
5 97 87.874
5 98 29.016
6 7 29.789
6 8 35.293
6 9 47.263
6 10 41.558
6 11 76.147
6 12 63.166
6 13 46.768
6 14 15.484
6 15 43.006
6 16 85.035
6 17 72.976
6 18 62.564
6 19 27.59
6 20 55.829
6 21 94.886
6 22 54.582
6 23 79.285
6 24 12.842
6 25 88.201
6 26 41.298
6 27 57.553
6 28 5.417
6 29 1.662
6 30 97.655
6 31 78.478
6 32 36.376
6 33 38.439
6 34 39.902
6 35 87.54
6 36 28.535
6 37 67.813
6 38 29.942
6 39 77.195
6 40 2.852
6 41 93.87
6 42 17.774
6 43 15.293
6 44 65.892
6 45 50.142
6 46 40.561
6 47 11.841
6 48 51.397
6 49 91.835
6 50 40.206
6 51 2.562
6 52 93.425
6 53 71.181
6 54 30.969
6 55 5.862
6 56 64.161
6 57 6.847
6 58 23.064
6 59 79.962
6 60 87.375
6 61 3.689
6 62 48.326
6 63 9.215
6 64 30.4
6 65 77.194
6 66 81.048
6 67 19.686
6 68 41.073
6 69 7.495
6 70 17.441
6 71 54.858
6 72 41.474
6 73 29.761
6 74 13.916
6 75 28.12
6 76 95.156
6 77 76.182
6 78 48.321
6 79 20.926
6 80 56.601
6 81 85.335
6 82 45.871
6 83 46.229
6 84 8.4
6 85 29.462
6 86 63.705
6 87 56.797
6 88 91.298
6 89 74.549
6 90 15.379
6 91 84.512
6 92 5.42
6 93 96.624
6 94 90.378
6 95 14.254
6 96 97.786
6 97 58.636
6 98 52.641
7 8 13.733
7 9 34.653
7 10 7.319
7 11 49.069
7 12 37.851
7 13 25.023
7 14 83.057
7 15 28.396
7 16 25.955
7 17 78.738
7 18 5.264
7 19 87.97
7 20 34.534
7 21 47.792
7 22 17.068
7 23 74.729
7 24 20.929
7 25 70.17
7 26 55.191
7 27 59.697
7 28 68.851
7 29 36.286
7 30 75.323
7 31 70.748
7 32 87.346
7 33 92.646
7 34 77.622
7 35 2.062
7 36 91.006
7 37 37.135
7 38 33.661
7 39 87.103
7 40 11.175
7 41 55.092
7 42 88.657
7 43 67.399
7 44 75.509
7 45 20.351
7 46 58.153
7 47 1.612
7 48 99.048
7 49 5.581
7 50 5.134
7 51 65.144
7 52 90.54
7 53 66.722
7 54 45.135
7 55 33.173
7 56 58.366
7 57 88.275
7 58 98.369
7 59 17.184
7 60 97.736
7 61 27.928
7 62 86.845
7 63 76.841
7 64 8.957
7 65 88.263
7 66 50.24
7 67 49.803
7 68 53.798
7 69 80.67
7 70 79.545
7 71 99.833
7 72 56.897
7 73 10.688
7 74 42.193
7 75 43.364
7 76 70.187
7 77 82.894
7 78 84.375
7 79 88.061
7 80 11.725
7 81 60.987
7 82 94.445
7 83 45.191
7 84 10.91
7 85 69.246
7 86 58.546
7 87 11.934
7 88 38.458
7 89 47.192
7 90 27.338
7 91 22.993
7 92 75.455
7 93 98.833
7 94 13.586
7 95 3.103
7 96 31.806
7 97 22.901
7 98 24.739
8 9 73.93
8 10 0.777
8 11 39.723
8 12 24.237
8 13 17.696
8 14 17.084
8 15 5.311
8 16 63.145
8 17 1.61
8 18 68.979
8 19 23.653
8 20 3.218
8 21 34.548
8 22 75.309
8 23 9.253
8 24 50.924
8 25 18.15
8 26 44.97
8 27 79.029
8 28 22.415
8 29 85.602
8 30 99.988
8 31 66.546
8 32 97.612
8 33 14.317
8 34 33.006
8 35 89.93
8 36 41.923
8 37 48.563
8 38 1.496
8 39 4.905
8 40 55.73
8 41 24.97
8 42 88.543
8 43 54.27
8 44 60.371
8 45 85.607
8 46 84.932
8 47 89.51
8 48 53.965
8 49 78.284
8 50 85.233
8 51 81.312
8 52 80.954
8 53 45.875
8 54 42.745
8 55 96.626
8 56 65.414
8 57 60.587
8 58 61.751
8 59 16.818
8 60 78.08
8 61 34.177
8 62 0.347
8 63 2.179
8 64 36.138
8 65 94.003
8 66 77.705
8 67 77.536
8 68 71.898
8 69 75.615
8 70 59.755
8 71 8.73
8 72 78.686
8 73 35.627
8 74 67.834
8 75 51.019
8 76 90.282
8 77 53.068
8 78 8.085
8 79 82.224
8 80 31.823
8 81 25.62
8 82 59.466
8 83 68.802
8 84 4.585
8 85 64.551
8 86 81.507
8 87 12.184
8 88 39.221
8 89 92.001
8 90 53.557
8 91 10.495
8 92 61.788
8 93 69.918
8 94 28.463
8 95 8.47
8 96 3.15
8 97 63.014
8 98 36.049
9 10 50.304
9 11 62.398
9 12 77.328
9 13 97.066
9 14 31.838
9 15 39.164
9 16 31.307
9 17 4.612
9 18 44.503
9 19 73.998
9 20 51.555
9 21 27.404
9 22 36.313
9 23 52.666
9 24 55.521
9 25 36.953
9 26 55.339
9 27 27.161
9 28 15.917
9 29 91.949
9 30 44.036
9 31 15.278
9 32 63.864
9 33 20.701
9 34 70.965
9 35 74.134
9 36 89.646
9 37 16.924
9 38 82.169
9 39 88.955
9 40 14.084
9 41 48.251
9 42 50.67
9 43 79.673
9 44 63.16
9 45 14.515
9 46 13.128
9 47 1.91
9 48 10.095
9 49 16.407
9 50 94.813
9 51 5.42
9 52 23.954
9 53 36.948
9 54 95.611
9 55 43.861
9 56 65.025
9 57 58.842
9 58 28.988
9 59 33.2
9 60 72.144
9 61 22.186
9 62 45.811
9 63 46.751
9 64 35.064
9 65 71.864
9 66 41.155
9 67 94.956
9 68 42.853
9 69 9.933
9 70 62.68
9 71 73.746
9 72 90.041
9 73 65.529
9 74 2.951
9 75 58.938
9 76 81.0
9 77 94.529
9 78 78.243
9 79 9.513
9 80 23.613
9 81 42.976
9 82 19.874
9 83 17.431
9 84 1.137
9 85 43.51
9 86 69.943
9 87 85.702
9 88 50.576
9 89 57.482
9 90 72.242
9 91 6.335
9 92 97.5
9 93 36.451
9 94 24.991
9 95 44.936
9 96 5.268
9 97 54.233
9 98 77.262
10 11 13.118
10 12 41.908
10 13 75.157
10 14 55.516
10 15 28.645
10 16 13.95
10 17 26.904
10 18 46.19
10 19 95.697
10 20 48.23
10 21 40.625
10 22 77.984
10 23 9.467
10 24 97.722
10 25 51.258
10 26 41.251
10 27 4.319
10 28 71.427
10 29 35.52
10 30 78.785
10 31 65.043
10 32 13.291
10 33 39.652
10 34 45.799
10 35 72.503
10 36 1.281
10 37 13.77
10 38 55.527
10 39 88.953
10 40 55.807
10 41 6.889
10 42 78.395
10 43 99.811
10 44 46.456
10 45 93.08
10 46 96.664
10 47 13.194
10 48 78.063
10 49 58.517
10 50 87.889
10 51 75.678
10 52 17.876
10 53 26.388
10 54 35.645
10 55 80.607
10 56 49.738
10 57 27.801
10 58 36.451
10 59 71.707
10 60 39.956
10 61 81.884
10 62 80.916
10 63 16.778
10 64 2.62
10 65 72.497
10 66 5.315
10 67 69.445
10 68 86.793
10 69 43.546
10 70 51.264
10 71 37.64
10 72 98.455
10 73 17.031
10 74 14.238
10 75 49.584
10 76 9.571
10 77 3.985
10 78 4.504
10 79 59.331
10 80 23.001
10 81 40.49
10 82 52.016
10 83 64.929
10 84 12.829
10 85 90.278
10 86 11.719
10 87 55.218
10 88 1.521
10 89 9.216
10 90 19.367
10 91 70.737
10 92 24.343
10 93 90.251
10 94 57.266
10 95 68.518
10 96 44.671
10 97 97.286
10 98 70.244
11 12 8.918
11 13 82.9
11 14 44.822
11 15 56.337
11 16 19.967
11 17 58.082
11 18 33.748
11 19 78.559
11 20 78.761
11 21 99.198
11 22 87.66
11 23 31.94
11 24 59.982
11 25 39.465
11 26 45.392
11 27 99.273
11 28 81.039
11 29 87.617
11 30 96.364
11 31 53.634
11 32 31.604
11 33 76.193
11 34 92.249
11 35 66.723
11 36 54.158
11 37 33.44
11 38 53.852
11 39 35.892
11 40 76.12
11 41 71.583
11 42 93.53
11 43 22.581
11 44 49.98
11 45 46.726
11 46 15.907
11 47 88.809
11 48 19.347
11 49 83.278
11 50 60.489
11 51 7.251
11 52 5.238
11 53 62.046
11 54 17.916
11 55 10.685
11 56 14.225
11 57 25.705
11 58 43.373
11 59 10.649
11 60 27.457
11 61 28.645
11 62 55.466
11 63 28.104
11 64 94.35
11 65 45.071
11 66 2.127
11 67 61.771
11 68 86.031
11 69 35.609
11 70 75.731
11 71 76.679
11 72 83.057
11 73 48.39
11 74 36.421
11 75 44.281
11 76 54.703
11 77 91.823
11 78 71.588
11 79 16.64
11 80 75.205
11 81 35.651
11 82 1.654
11 83 9.226
11 84 31.976
11 85 76.587
11 86 18.202
11 87 8.972
11 88 4.55
11 89 32.758
11 90 12.098
11 91 21.9
11 92 22.805
11 93 46.567
11 94 68.106
11 95 5.64
11 96 13.808
11 97 62.402
11 98 69.534
12 13 78.748
12 14 45.924
12 15 85.489
12 16 31.889
12 17 10.871
12 18 98.13
12 19 87.802
12 20 23.972
12 21 88.955
12 22 76.884
12 23 49.976
12 24 82.602
12 25 31.897
12 26 40.399
12 27 14.108
12 28 96.199
12 29 38.165
12 30 96.666
12 31 17.441
12 32 32.515
12 33 11.308
12 34 48.085
12 35 90.502
12 36 98.986
12 37 65.24
12 38 66.89
12 39 51.769
12 40 70.605
12 41 34.75
12 42 94.036
12 43 13.734
12 44 14.046
12 45 50.996
12 46 9.799
12 47 77.746
12 48 85.342
12 49 62.927
12 50 58.027
12 51 65.496
12 52 70.939
12 53 43.884
12 54 47.998
12 55 30.334
12 56 4.832
12 57 37.281
12 58 74.579
12 59 6.82
12 60 19.436
12 61 49.442
12 62 21.694
12 63 81.169
12 64 86.292
12 65 84.468
12 66 32.15
12 67 49.878
12 68 87.95
12 69 87.098
12 70 87.873
12 71 64.133
12 72 1.727
12 73 30.865
12 74 78.635
12 75 20.734
12 76 42.622
12 77 88.759
12 78 12.551
12 79 76.485
12 80 11.135
12 81 20.673
12 82 70.272
12 83 95.022
12 84 63.595
12 85 64.189
12 86 13.592
12 87 94.099
12 88 17.14
12 89 48.227
12 90 47.616
12 91 40.151
12 92 44.275
12 93 90.858
12 94 97.784
12 95 66.954
12 96 96.047
12 97 20.512
12 98 63.721
13 14 14.496
13 15 42.781
13 16 31.342
13 17 69.693
13 18 23.958
13 19 42.285
13 20 44.5
13 21 23.327
13 22 61.541
13 23 97.574
13 24 70.013
13 25 81.962
13 26 36.798
13 27 78.252
13 28 52.073
13 29 75.788
13 30 10.066
13 31 26.129
13 32 90.935
13 33 35.39
13 34 45.172
13 35 5.071
13 36 23.074
13 37 73.753
13 38 27.164
13 39 29.009
13 40 35.184
13 41 9.418
13 42 34.887
13 43 1.997
13 44 57.193
13 45 75.29
13 46 60.43
13 47 71.384
13 48 43.873
13 49 71.751
13 50 98.052
13 51 80.001
13 52 0.614
13 53 7.231
13 54 0.286
13 55 66.52
13 56 41.22
13 57 35.081
13 58 46.855
13 59 62.99
13 60 20.216
13 61 71.249
13 62 62.709
13 63 75.105
13 64 19.184
13 65 74.456
13 66 93.031
13 67 82.318
13 68 87.273
13 69 69.634
13 70 90.523
13 71 49.854
13 72 84.369
13 73 23.396
13 74 83.739
13 75 68.529
13 76 44.768
13 77 66.269
13 78 85.339
13 79 73.802
13 80 6.526
13 81 31.773
13 82 21.332
13 83 4.191
13 84 66.779
13 85 38.797
13 86 21.352
13 87 31.472
13 88 18.487
13 89 37.015
13 90 70.177
13 91 24.243
13 92 12.122
13 93 69.828
13 94 97.738
13 95 81.895
13 96 78.417
13 97 55.395
13 98 66.023
14 15 64.244
14 16 54.018
14 17 60.302
14 18 19.755
14 19 39.033
14 20 89.649
14 21 96.805
14 22 37.888
14 23 93.993
14 24 8.002
14 25 12.162
14 26 58.671
14 27 64.749
14 28 95.027
14 29 59.79
14 30 13.51
14 31 94.769
14 32 59.514
14 33 13.264
14 34 46.79
14 35 7.239
14 36 81.063
14 37 28.015
14 38 18.769
14 39 65.806
14 40 84.465
14 41 76.413
14 42 25.444
14 43 12.99
14 44 60.247
14 45 63.679
14 46 14.359
14 47 25.943
14 48 60.792
14 49 45.188
14 50 66.31
14 51 79.391
14 52 10.337
14 53 27.423
14 54 65.623
14 55 81.225
14 56 98.816
14 57 3.654
14 58 86.364
14 59 17.366
14 60 3.434
14 61 2.479
14 62 46.411
14 63 85.101
14 64 49.366
14 65 5.413
14 66 4.602
14 67 60.742
14 68 17.919
14 69 89.232
14 70 74.754
14 71 81.915
14 72 51.611
14 73 21.27
14 74 83.628
14 75 87.67
14 76 41.985
14 77 2.307
14 78 12.654
14 79 52.315
14 80 16.283
14 81 89.27
14 82 34.435
14 83 41.934
14 84 62.34
14 85 15.189
14 86 73.527
14 87 47.28
14 88 30.013
14 89 74.347
14 90 86.323
14 91 86.124
14 92 76.426
14 93 18.165
14 94 84.928
14 95 78.459
14 96 90.869
14 97 78.569
14 98 70.396
15 16 28.325
15 17 36.966
15 18 40.654
15 19 22.449
15 20 38.355
15 21 4.437
15 22 24.562
15 23 79.138
15 24 19.741
15 25 85.705
15 26 29.283
15 27 16.227
15 28 93.592
15 29 39.365
15 30 23.813
15 31 37.047
15 32 11.535
15 33 24.587
15 34 42.653
15 35 49.767
15 36 34.713
15 37 49.382
15 38 32.846
15 39 14.269
15 40 77.668
15 41 78.592
15 42 51.49
15 43 57.387
15 44 2.61
15 45 43.236
15 46 0.184
15 47 90.374
15 48 9.486
15 49 4.028
15 50 57.257
15 51 53.517
15 52 88.971
15 53 92.633
15 54 60.36
15 55 22.189
15 56 44.868
15 57 89.287
15 58 57.258
15 59 27.643
15 60 81.03
15 61 69.647
15 62 85.127
15 63 74.996
15 64 74.991
15 65 95.454
15 66 57.73
15 67 69.804
15 68 60.701
15 69 6.899
15 70 1.109
15 71 47.149
15 72 99.342
15 73 68.855
15 74 24.544
15 75 77.905
15 76 71.639
15 77 83.734
15 78 87.06
15 79 74.739
15 80 41.429
15 81 1.091
15 82 74.189
15 83 15.126
15 84 80.099
15 85 79.745
15 86 79.999
15 87 11.026
15 88 58.663
15 89 54.153
15 90 91.26
15 91 2.836
15 92 79.901
15 93 58.519
15 94 19.308
15 95 82.892
15 96 29.322
15 97 65.819
15 98 5.646
16 17 7.995
16 18 69.197
16 19 88.639
16 20 79.254
16 21 21.659
16 22 69.409
16 23 76.308
16 24 84.865
16 25 77.781
16 26 70.165
16 27 5.633
16 28 70.184
16 29 63.769
16 30 47.365
16 31 48.913
16 32 63.789
16 33 94.962
16 34 67.649
16 35 88.327
16 36 78.902
16 37 92.755
16 38 87.573
16 39 79.484
16 40 99.695
16 41 5.235
16 42 56.64
16 43 16.428
16 44 37.734
16 45 73.248
16 46 2.264
16 47 7.644
16 48 74.572
16 49 99.291
16 50 94.168
16 51 87.02
16 52 77.957
16 53 28.682
16 54 13.028
16 55 81.328
16 56 43.838
16 57 3.365
16 58 9.647
16 59 64.318
16 60 43.735
16 61 92.729
16 62 78.014
16 63 4.862
16 64 33.827
16 65 64.864
16 66 29.229
16 67 55.029
16 68 99.436
16 69 62.198
16 70 92.356
16 71 35.629
16 72 78.629
16 73 15.928
16 74 30.529
16 75 60.362
16 76 96.227
16 77 78.499
16 78 77.891
16 79 73.144
16 80 24.897
16 81 54.879
16 82 14.824
16 83 19.781
16 84 91.045
16 85 81.286
16 86 43.04
16 87 6.532
16 88 78.497
16 89 76.167
16 90 78.962
16 91 81.489
16 92 89.253
16 93 8.118
16 94 67.977
16 95 81.614
16 96 21.987
16 97 97.742
16 98 50.36
17 18 72.648
17 19 26.641
17 20 4.26
17 21 66.876
17 22 55.964
17 23 49.068
17 24 94.718
17 25 66.149
17 26 96.165
17 27 66.758
17 28 72.902
17 29 44.05
17 30 37.267
17 31 11.142
17 32 39.98
17 33 11.291
17 34 40.171
17 35 52.467
17 36 6.87
17 37 21.333
17 38 79.333
17 39 3.109
17 40 56.414
17 41 59.849
17 42 23.29
17 43 94.899
17 44 20.616
17 45 33.051
17 46 94.507
17 47 83.761
17 48 30.784
17 49 62.093
17 50 37.337
17 51 94.187
17 52 84.009
17 53 97.817
17 54 71.162
17 55 78.098
17 56 97.776
17 57 41.198
17 58 10.817
17 59 33.086
17 60 87.509
17 61 17.763
17 62 71.906
17 63 52.644
17 64 20.276
17 65 92.716
17 66 35.215
17 67 89.678
17 68 63.333
17 69 88.57
17 70 92.933
17 71 50.356
17 72 69.813
17 73 27.347
17 74 65.45
17 75 20.0
17 76 43.34
17 77 93.562
17 78 95.186
17 79 94.257
17 80 40.399
17 81 32.183
17 82 77.377
17 83 72.406
17 84 61.595
17 85 66.46
17 86 90.793
17 87 68.942
17 88 79.764
17 89 60.272
17 90 1.632
17 91 2.448
17 92 7.836
17 93 51.225
17 94 21.07
17 95 8.523
17 96 4.055
17 97 82.522
17 98 90.564
18 19 22.367
18 20 75.048
18 21 63.511
18 22 63.823
18 23 93.252
18 24 91.351
18 25 66.529
18 26 45.218
18 27 74.035
18 28 68.839
18 29 27.314
18 30 74.158
18 31 63.746
18 32 71.233
18 33 13.246
18 34 3.19
18 35 46.208
18 36 96.131
18 37 6.623
18 38 58.556
18 39 90.765
18 40 37.571
18 41 83.25
18 42 18.71
18 43 15.089
18 44 76.003
18 45 9.067
18 46 50.792
18 47 74.72
18 48 48.358
18 49 0.083
18 50 69.971
18 51 97.008
18 52 72.012
18 53 78.108
18 54 7.225
18 55 6.594
18 56 51.889
18 57 15.402
18 58 83.183
18 59 75.063
18 60 1.376
18 61 81.862
18 62 25.598
18 63 45.11
18 64 92.135
18 65 67.574
18 66 30.038
18 67 72.359
18 68 36.37
18 69 56.856
18 70 0.808
18 71 89.094
18 72 68.188
18 73 44.571
18 74 47.659
18 75 8.108
18 76 55.154
18 77 5.295
18 78 88.11
18 79 36.183
18 80 61.173
18 81 1.536
18 82 73.957
18 83 77.504
18 84 75.876
18 85 63.912
18 86 66.678
18 87 75.652
18 88 20.383
18 89 15.342
18 90 84.766
18 91 48.293
18 92 21.19
18 93 43.991
18 94 95.863
18 95 84.128
18 96 6.198
18 97 24.741
18 98 23.261
19 20 29.789
19 21 28.787
19 22 20.941
19 23 28.513
19 24 14.217
19 25 40.59
19 26 72.879
19 27 57.498
19 28 97.263
19 29 84.49
19 30 73.065
19 31 89.252
19 32 91.956
19 33 38.536
19 34 92.357
19 35 48.84
19 36 93.245
19 37 85.223
19 38 95.957
19 39 59.725
19 40 40.662
19 41 97.262
19 42 2.022
19 43 58.919
19 44 30.645
19 45 37.139
19 46 76.225
19 47 26.471
19 48 65.728
19 49 15.532
19 50 66.301
19 51 1.751
19 52 76.908
19 53 52.604
19 54 79.843
19 55 47.155
19 56 74.621
19 57 3.987
19 58 87.438
19 59 93.759
19 60 59.253
19 61 0.994
19 62 5.579
19 63 64.672
19 64 17.036
19 65 25.805
19 66 38.44
19 67 66.07
19 68 50.826
19 69 2.952
19 70 73.691
19 71 56.753
19 72 16.09
19 73 28.226
19 74 5.428
19 75 96.984
19 76 2.344
19 77 33.797
19 78 77.451
19 79 76.586
19 80 10.891
19 81 53.434
19 82 53.955
19 83 28.028
19 84 12.64
19 85 86.384
19 86 97.958
19 87 56.899
19 88 28.423
19 89 89.146
19 90 43.775
19 91 57.159
19 92 52.555
19 93 25.624
19 94 96.159
19 95 16.911
19 96 86.48
19 97 92.17
19 98 61.61
20 21 80.522
20 22 49.295
20 23 25.557
20 24 52.262
20 25 10.918
20 26 4.072
20 27 61.246
20 28 17.769
20 29 45.382
20 30 75.849
20 31 49.234
20 32 37.934
20 33 86.909
20 34 25.057
20 35 32.942
20 36 38.323
20 37 53.084
20 38 56.6
20 39 37.426
20 40 17.559
20 41 15.444
20 42 46.008
20 43 55.675
20 44 99.252
20 45 45.085
20 46 90.488
20 47 32.662
20 48 18.075
20 49 56.502
20 50 5.412
20 51 8.025
20 52 94.905
20 53 31.617
20 54 47.274
20 55 65.513
20 56 17.622
20 57 37.814
20 58 65.022
20 59 38.918
20 60 18.823
20 61 68.673
20 62 94.402
20 63 21.383
20 64 40.376
20 65 24.64
20 66 94.179
20 67 30.319
20 68 44.856
20 69 39.486
20 70 1.154
20 71 60.556
20 72 34.473
20 73 82.839
20 74 2.268
20 75 86.944
20 76 68.546
20 77 84.19
20 78 94.604
20 79 75.505
20 80 28.117
20 81 12.204
20 82 8.617
20 83 55.37
20 84 48.694
20 85 12.309
20 86 16.814
20 87 33.709
20 88 11.029
20 89 66.848
20 90 58.811
20 91 63.912
20 92 82.319
20 93 39.624
20 94 64.116
20 95 81.649
20 96 15.67
20 97 84.976
20 98 76.268
21 22 0.791
21 23 13.156
21 24 93.463
21 25 99.73
21 26 3.246
21 27 86.371
21 28 91.413
21 29 98.335
21 30 45.882
21 31 92.521
21 32 16.628
21 33 93.691
21 34 6.195
21 35 55.216
21 36 7.089
21 37 8.501
21 38 19.83
21 39 98.169
21 40 7.328
21 41 15.059
21 42 95.441
21 43 72.835
21 44 95.435
21 45 97.776
21 46 74.337
21 47 78.113
21 48 3.532
21 49 32.042
21 50 54.646
21 51 43.973
21 52 54.703
21 53 22.156
21 54 25.155
21 55 15.172
21 56 34.907
21 57 30.458
21 58 30.914
21 59 26.881
21 60 71.15
21 61 40.412
21 62 6.947
21 63 73.572
21 64 63.048
21 65 45.27
21 66 79.02
21 67 76.388
21 68 70.37
21 69 21.77
21 70 5.709
21 71 69.451
21 72 62.565
21 73 61.581
21 74 86.953
21 75 28.56
21 76 87.138
21 77 12.995
21 78 4.625
21 79 56.653
21 80 38.484
21 81 65.082
21 82 26.122
21 83 79.267
21 84 11.464
21 85 87.714
21 86 52.108
21 87 26.92
21 88 72.665
21 89 47.939
21 90 21.175
21 91 68.048
21 92 45.928
21 93 78.908
21 94 51.573
21 95 10.426
21 96 94.069
21 97 40.941
21 98 14.555
22 23 12.591
22 24 56.566
22 25 55.696
22 26 57.732
22 27 99.335
22 28 84.314
22 29 80.801
22 30 0.111
22 31 95.201
22 32 10.315
22 33 33.209
22 34 2.491
22 35 62.576
22 36 73.343
22 37 30.389
22 38 62.388
22 39 95.849
22 40 40.304
22 41 39.088
22 42 84.795
22 43 4.934
22 44 93.473
22 45 93.916
22 46 60.313
22 47 43.628
22 48 58.411
22 49 30.191
22 50 9.787
22 51 57.566
22 52 66.956
22 53 99.256
22 54 54.379
22 55 14.34
22 56 45.463
22 57 26.701
22 58 8.055
22 59 30.318
22 60 28.669
22 61 10.446
22 62 22.81
22 63 26.228
22 64 42.533
22 65 49.68
22 66 70.056
22 67 36.382
22 68 97.559
22 69 99.612
22 70 35.692
22 71 65.176
22 72 14.483
22 73 92.689
22 74 75.078
22 75 32.735
22 76 99.07
22 77 98.744
22 78 41.535
22 79 65.996
22 80 72.392
22 81 46.175
22 82 0.767
22 83 91.505
22 84 50.044
22 85 85.965
22 86 36.279
22 87 18.182
22 88 83.052
22 89 31.665
22 90 22.09
22 91 74.516
22 92 21.698
22 93 67.475
22 94 32.212
22 95 19.615
22 96 65.097
22 97 5.035
22 98 21.025
23 24 15.746
23 25 86.421
23 26 80.473
23 27 23.583
23 28 2.529
23 29 13.017
23 30 15.249
23 31 63.077
23 32 53.103
23 33 18.095
23 34 50.637
23 35 45.688
23 36 48.436
23 37 38.976
23 38 74.423
23 39 31.405
23 40 23.307
23 41 54.73
23 42 95.509
23 43 72.555
23 44 2.688
23 45 52.791
23 46 71.623
23 47 94.145
23 48 88.717
23 49 86.077
23 50 10.419
23 51 54.386
23 52 9.897
23 53 59.119
23 54 92.016
23 55 45.282
23 56 32.95
23 57 46.271
23 58 57.744
23 59 0.174
23 60 42.952
23 61 85.102
23 62 49.555
23 63 73.055
23 64 2.304
23 65 94.132
23 66 77.721
23 67 35.871
23 68 23.529
23 69 76.907
23 70 0.432
23 71 21.554
23 72 62.065
23 73 64.758
23 74 79.405
23 75 75.926
23 76 41.823
23 77 53.379
23 78 0.627
23 79 29.456
23 80 28.833
23 81 2.981
23 82 5.786
23 83 76.898
23 84 81.981
23 85 91.578
23 86 50.098
23 87 47.36
23 88 74.633
23 89 26.889
23 90 15.221
23 91 89.987
23 92 67.869
23 93 88.584
23 94 51.291
23 95 42.695
23 96 20.721
23 97 14.773
23 98 37.587
24 25 69.898
24 26 65.261
24 27 26.93
24 28 66.326
24 29 78.278
24 30 93.563
24 31 62.119
24 32 19.44
24 33 48.603
24 34 49.958
24 35 93.977
24 36 14.875
24 37 37.453
24 38 6.396
24 39 84.796
24 40 13.033
24 41 53.362
24 42 0.555
24 43 80.828
24 44 78.716
24 45 42.36
24 46 95.322
24 47 34.649
24 48 83.059
24 49 18.362
24 50 11.487
24 51 87.473
24 52 35.735
24 53 57.283
24 54 22.875
24 55 67.913
24 56 54.435
24 57 85.003
24 58 74.36
24 59 26.599
24 60 56.726
24 61 67.161
24 62 16.561
24 63 90.444
24 64 3.735
24 65 9.662
24 66 99.606
24 67 34.155
24 68 35.34
24 69 5.255
24 70 5.988
24 71 93.537
24 72 74.268
24 73 9.686
24 74 74.947
24 75 2.173
24 76 73.264
24 77 98.233
24 78 99.901
24 79 40.121
24 80 71.969
24 81 72.752
24 82 17.196
24 83 56.307
24 84 44.572
24 85 86.716
24 86 48.992
24 87 62.417
24 88 25.461
24 89 63.502
24 90 97.952
24 91 75.072
24 92 54.301
24 93 67.234
24 94 4.259
24 95 28.798
24 96 64.066
24 97 85.796
24 98 16.611
25 26 79.487
25 27 79.5
25 28 5.39
25 29 8.143
25 30 5.497
25 31 26.817
25 32 53.66
25 33 86.345
25 34 65.833
25 35 42.787
25 36 88.095
25 37 63.932
25 38 36.643
25 39 73.795
25 40 44.787
25 41 31.52
25 42 58.397
25 43 24.825
25 44 92.692
25 45 91.996
25 46 31.43
25 47 2.213
25 48 75.929
25 49 40.127
25 50 4.034
25 51 2.535
25 52 55.972
25 53 7.747
25 54 71.488
25 55 4.57
25 56 29.9
25 57 36.669
25 58 56.998
25 59 13.538
25 60 47.318
25 61 25.005
25 62 35.865
25 63 68.557
25 64 2.384
25 65 29.666
25 66 56.694
25 67 7.966
25 68 42.044
25 69 55.923
25 70 36.581
25 71 25.348
25 72 12.846
25 73 7.924
25 74 15.086
25 75 25.682
25 76 66.29
25 77 81.62
25 78 11.5
25 79 10.242
25 80 84.364
25 81 60.712
25 82 60.697
25 83 1.846
25 84 61.458
25 85 22.269
25 86 10.979
25 87 6.845
25 88 78.261
25 89 10.739
25 90 63.606
25 91 40.906
25 92 44.138
25 93 31.974
25 94 57.504
25 95 79.297
25 96 70.814
25 97 5.567
25 98 4.269
26 27 59.539
26 28 86.09
26 29 73.133
26 30 41.665
26 31 76.406
26 32 10.457
26 33 39.967
26 34 96.561
26 35 9.087
26 36 99.384
26 37 23.954
26 38 10.459
26 39 91.468
26 40 97.975
26 41 77.429
26 42 38.415
26 43 7.736
26 44 97.777
26 45 25.476
26 46 24.2
26 47 19.372
26 48 44.674
26 49 44.871
26 50 20.163
26 51 19.138
26 52 39.056
26 53 21.297
26 54 98.468
26 55 59.824
26 56 72.523
26 57 12.058
26 58 47.928
26 59 21.899
26 60 39.916
26 61 72.506
26 62 96.348
26 63 65.24
26 64 12.922
26 65 26.639
26 66 70.906
26 67 47.295
26 68 42.627
26 69 10.025
26 70 15.679
26 71 58.502
26 72 60.034
26 73 57.255
26 74 24.708
26 75 62.4
26 76 91.128
26 77 70.424
26 78 45.749
26 79 42.081
26 80 78.274
26 81 23.327
26 82 68.1
26 83 83.857
26 84 9.37
26 85 53.181
26 86 30.353
26 87 79.053
26 88 93.91
26 89 62.502
26 90 31.325
26 91 5.299
26 92 60.672
26 93 17.503
26 94 82.484
26 95 89.136
26 96 53.135
26 97 50.208
26 98 30.422
27 28 46.564
27 29 60.182
27 30 96.431
27 31 99.247
27 32 82.323
27 33 39.249
27 34 51.964
27 35 86.095
27 36 27.552
27 37 60.043
27 38 22.136
27 39 4.571
27 40 55.649
27 41 3.044
27 42 17.9
27 43 48.862
27 44 73.496
27 45 98.953
27 46 76.52
27 47 60.13
27 48 91.377
27 49 42.131
27 50 14.652
27 51 63.597
27 52 24.815
27 53 66.514
27 54 9.317
27 55 6.255
27 56 32.25
27 57 43.706
27 58 60.517
27 59 58.393
27 60 6.251
27 61 64.75
27 62 5.985
27 63 83.685
27 64 74.552
27 65 85.824
27 66 66.776
27 67 22.142
27 68 85.694
27 69 15.207
27 70 24.562
27 71 10.352
27 72 45.152
27 73 20.207
27 74 84.501
27 75 53.596
27 76 77.532
27 77 37.464
27 78 54.424
27 79 76.39
27 80 54.767
27 81 73.144
27 82 94.666
27 83 94.557
27 84 23.452
27 85 64.232
27 86 17.222
27 87 21.08
27 88 36.028
27 89 11.168
27 90 18.504
27 91 41.315
27 92 40.094
27 93 19.729
27 94 73.895
27 95 26.2
27 96 79.296
27 97 88.627
27 98 80.719
28 29 69.129
28 30 11.634
28 31 90.687
28 32 65.783
28 33 43.384
28 34 61.948
28 35 30.676
28 36 11.601
28 37 52.551
28 38 38.845
28 39 15.034
28 40 42.081
28 41 15.003
28 42 45.504
28 43 78.796
28 44 53.837
28 45 66.694
28 46 88.902
28 47 77.605
28 48 45.312
28 49 93.527
28 50 8.216
28 51 83.143
28 52 5.851
28 53 82.712
28 54 19.903
28 55 68.138
28 56 11.059
28 57 67.025
28 58 4.261
28 59 67.207
28 60 75.171
28 61 33.012
28 62 23.28
28 63 89.07
28 64 76.148
28 65 9.927
28 66 32.427
28 67 60.676
28 68 88.339
28 69 3.036
28 70 83.386
28 71 88.178
28 72 19.741
28 73 49.101
28 74 84.741
28 75 90.46
28 76 77.769
28 77 89.552
28 78 14.237
28 79 68.362
28 80 91.716
28 81 68.364
28 82 20.584
28 83 72.888
28 84 13.806
28 85 91.203
28 86 70.766
28 87 40.374
28 88 90.311
28 89 60.445
28 90 48.878
28 91 22.363
28 92 95.583
28 93 56.921
28 94 74.854
28 95 25.654
28 96 46.646
28 97 29.191
28 98 13.069
29 30 95.771
29 31 78.965
29 32 64.939
29 33 74.012
29 34 31.542
29 35 28.602
29 36 26.481
29 37 25.027
29 38 51.547
29 39 65.603
29 40 54.548
29 41 87.805
29 42 63.254
29 43 76.93
29 44 40.701
29 45 23.59
29 46 34.143
29 47 44.765
29 48 54.418
29 49 91.088
29 50 47.411
29 51 3.436
29 52 4.173
29 53 49.094
29 54 45.966
29 55 12.757
29 56 0.673
29 57 32.074
29 58 42.873
29 59 36.698
29 60 87.677
29 61 84.305
29 62 93.546
29 63 60.539
29 64 93.889
29 65 56.524
29 66 99.45
29 67 23.576
29 68 76.819
29 69 54.216
29 70 53.742
29 71 22.38
29 72 18.919
29 73 54.828
29 74 54.347
29 75 24.677
29 76 99.753
29 77 37.514
29 78 97.118
29 79 47.412
29 80 85.933
29 81 61.471
29 82 69.355
29 83 78.498
29 84 54.018
29 85 66.57
29 86 24.508
29 87 4.101
29 88 94.178
29 89 8.487
29 90 75.289
29 91 91.124
29 92 67.46
29 93 10.943
29 94 92.943
29 95 95.387
29 96 63.655
29 97 56.969
29 98 31.167
30 31 92.125
30 32 44.546
30 33 65.981
30 34 99.517
30 35 1.063
30 36 90.49
30 37 73.863
30 38 34.211
30 39 78.466
30 40 28.391
30 41 42.765
30 42 23.895
30 43 81.339
30 44 25.777
30 45 6.786
30 46 94.075
30 47 92.808
30 48 29.057
30 49 19.4
30 50 24.421
30 51 5.015
30 52 66.402
30 53 79.298
30 54 6.199
30 55 80.851
30 56 35.558
30 57 39.174
30 58 49.768
30 59 15.297
30 60 8.543
30 61 35.244
30 62 32.481
30 63 43.923
30 64 65.592
30 65 62.453
30 66 26.554
30 67 26.906
30 68 99.526
30 69 26.037
30 70 33.212
30 71 50.137
30 72 34.613
30 73 39.865
30 74 48.715
30 75 16.582
30 76 68.198
30 77 26.006
30 78 47.506
30 79 57.274
30 80 21.786
30 81 28.349
30 82 87.218
30 83 57.502
30 84 4.419
30 85 90.107
30 86 19.414
30 87 96.442
30 88 87.367
30 89 75.56
30 90 41.385
30 91 71.007
30 92 19.401
30 93 49.375
30 94 22.984
30 95 82.94
30 96 31.251
30 97 25.128
30 98 84.818
31 32 39.751
31 33 53.896
31 34 68.913
31 35 96.473
31 36 1.375
31 37 88.545
31 38 58.258
31 39 81.113
31 40 83.503
31 41 59.937
31 42 43.687
31 43 5.842
31 44 47.121
31 45 32.687
31 46 48.396
31 47 32.751
31 48 30.661
31 49 79.248
31 50 38.075
31 51 53.194
31 52 79.286
31 53 56.497
31 54 35.015
31 55 25.897
31 56 35.784
31 57 52.427
31 58 64.289
31 59 67.676
31 60 90.072
31 61 25.404
31 62 49.657
31 63 14.446
31 64 28.39
31 65 65.243
31 66 91.393
31 67 76.695
31 68 65.947
31 69 33.783
31 70 95.474
31 71 30.65
31 72 10.157
31 73 13.496
31 74 99.064
31 75 28.662
31 76 55.506
31 77 10.344
31 78 95.05
31 79 38.727
31 80 41.602
31 81 18.176
31 82 75.85
31 83 99.458
31 84 45.482
31 85 89.421
31 86 33.967
31 87 33.587
31 88 80.063
31 89 72.285
31 90 51.997
31 91 69.492
31 92 92.846
31 93 95.779
31 94 39.751
31 95 39.355
31 96 54.116
31 97 27.541
31 98 79.313
32 33 20.807
32 34 75.741
32 35 5.851
32 36 61.452
32 37 54.353
32 38 13.068
32 39 80.653
32 40 26.934
32 41 49.147
32 42 53.446
32 43 88.203
32 44 60.699
32 45 13.751
32 46 77.598
32 47 58.754
32 48 66.804
32 49 9.434
32 50 56.497
32 51 4.58
32 52 65.701
32 53 37.474
32 54 1.328
32 55 28.394
32 56 52.631
32 57 8.92
32 58 9.406
32 59 38.039
32 60 63.947
32 61 42.144
32 62 82.637
32 63 44.658
32 64 51.52
32 65 72.071
32 66 85.877
32 67 89.166
32 68 19.983
32 69 34.41
32 70 76.924
32 71 51.803
32 72 40.943
32 73 76.744
32 74 9.448
32 75 75.857
32 76 61.277
32 77 47.172
32 78 94.192
32 79 94.955
32 80 50.224
32 81 37.323
32 82 87.224
32 83 14.358
32 84 32.095
32 85 37.315
32 86 7.722
32 87 95.789
32 88 6.128
32 89 44.917
32 90 38.934
32 91 93.498
32 92 6.671
32 93 43.13
32 94 22.206
32 95 48.776
32 96 61.952
32 97 52.309
32 98 76.184
33 34 47.915
33 35 80.646
33 36 27.203
33 37 12.112
33 38 29.856
33 39 14.134
33 40 85.736
33 41 9.152
33 42 2.384
33 43 89.566
33 44 11.658
33 45 50.284
33 46 98.75
33 47 82.125
33 48 35.948
33 49 35.265
33 50 42.534
33 51 82.476
33 52 50.976
33 53 51.972
33 54 33.185
33 55 36.587
33 56 83.028
33 57 86.659
33 58 51.107
33 59 22.476
33 60 15.422
33 61 63.354
33 62 80.238
33 63 74.452
33 64 76.662
33 65 62.93
33 66 1.078
33 67 50.242
33 68 19.704
33 69 76.055
33 70 55.463
33 71 53.117
33 72 39.885
33 73 52.594
33 74 13.89
33 75 97.468
33 76 88.865
33 77 37.453
33 78 20.486
33 79 48.77
33 80 86.496
33 81 21.041
33 82 82.186
33 83 91.66
33 84 73.782
33 85 15.115
33 86 80.835
33 87 11.241
33 88 29.118
33 89 63.036
33 90 18.191
33 91 87.691
33 92 82.871
33 93 38.871
33 94 70.729
33 95 30.054
33 96 37.19
33 97 71.854
33 98 11.445
34 35 25.842
34 36 10.301
34 37 32.343
34 38 57.475
34 39 21.095
34 40 54.094
34 41 14.802
34 42 22.667
34 43 16.832
34 44 3.518
34 45 63.554
34 46 90.02
34 47 44.693
34 48 16.787
34 49 63.626
34 50 61.681
34 51 40.901
34 52 21.604
34 53 48.303
34 54 27.822
34 55 61.82
34 56 39.53
34 57 15.487
34 58 24.469
34 59 33.664
34 60 74.935
34 61 53.051
34 62 70.646
34 63 55.235
34 64 34.94
34 65 2.615
34 66 95.239
34 67 76.353
34 68 73.624
34 69 30.072
34 70 24.33
34 71 24.992
34 72 81.984
34 73 25.458
34 74 39.593
34 75 18.693
34 76 3.624
34 77 25.399
34 78 94.377
34 79 42.359
34 80 50.651
34 81 28.863
34 82 2.632
34 83 62.044
34 84 6.496
34 85 11.195
34 86 16.506
34 87 21.333
34 88 89.994
34 89 8.735
34 90 34.573
34 91 16.15
34 92 24.927
34 93 50.548
34 94 71.35
34 95 36.872
34 96 51.195
34 97 30.991
34 98 18.696
35 36 18.311
35 37 71.795
35 38 74.007
35 39 94.567
35 40 89.929
35 41 28.568
35 42 44.743
35 43 96.211
35 44 56.664
35 45 35.041
35 46 77.205
35 47 92.237
35 48 51.682
35 49 31.047
35 50 49.596
35 51 93.094
35 52 19.549
35 53 76.8
35 54 46.484
35 55 59.63
35 56 41.927
35 57 97.431
35 58 24.819
35 59 79.037
35 60 52.379
35 61 92.493
35 62 83.164
35 63 51.331
35 64 29.833
35 65 91.87
35 66 19.96
35 67 89.459
35 68 35.793
35 69 9.643
35 70 12.68
35 71 9.98
35 72 2.838
35 73 77.943
35 74 39.578
35 75 23.591
35 76 40.173
35 77 74.555
35 78 81.489
35 79 5.016
35 80 82.472
35 81 50.572
35 82 66.82
35 83 37.957
35 84 48.428
35 85 9.093
35 86 6.06
35 87 36.527
35 88 33.322
35 89 96.503
35 90 3.068
35 91 56.765
35 92 18.118
35 93 88.93
35 94 13.461
35 95 91.617
35 96 88.202
35 97 89.041
35 98 74.602
36 37 52.385
36 38 56.324
36 39 66.42
36 40 8.685
36 41 87.335
36 42 27.705
36 43 84.902
36 44 8.38
36 45 36.902
36 46 23.679
36 47 46.36
36 48 15.467
36 49 36.811
36 50 48.065
36 51 0.141
36 52 31.177
36 53 65.208
36 54 72.873
36 55 68.617
36 56 30.396
36 57 6.973
36 58 56.162
36 59 79.126
36 60 28.499
36 61 50.777
36 62 32.39
36 63 81.273
36 64 4.141
36 65 45.144
36 66 76.115
36 67 67.893
36 68 7.833
36 69 27.805
36 70 32.486
36 71 8.672
36 72 60.837
36 73 90.737
36 74 79.159
36 75 88.766
36 76 42.791
36 77 85.707
36 78 92.933
36 79 81.107
36 80 36.315
36 81 35.309
36 82 45.012
36 83 66.519
36 84 76.017
36 85 2.08
36 86 88.638
36 87 58.576
36 88 63.755
36 89 94.246
36 90 10.286
36 91 4.718
36 92 47.565
36 93 54.468
36 94 47.795
36 95 59.497
36 96 84.301
36 97 62.02
36 98 39.851
37 38 75.236
37 39 76.51
37 40 36.15
37 41 54.655
37 42 52.274
37 43 72.097
37 44 79.689
37 45 8.824
37 46 36.932
37 47 95.868
37 48 96.28
37 49 95.869
37 50 57.709
37 51 29.936
37 52 26.482
37 53 39.259
37 54 70.166
37 55 79.443
37 56 29.524
37 57 50.68
37 58 64.166
37 59 39.938
37 60 78.309
37 61 21.144
37 62 22.536
37 63 17.1
37 64 69.57
37 65 37.962
37 66 62.13
37 67 76.983
37 68 96.661
37 69 98.308
37 70 80.52
37 71 25.694
37 72 90.952
37 73 24.36
37 74 91.167
37 75 38.554
37 76 60.363
37 77 76.149
37 78 63.844
37 79 45.632
37 80 68.367
37 81 97.978
37 82 75.742
37 83 98.81
37 84 10.407
37 85 33.881
37 86 22.261
37 87 85.381
37 88 82.718
37 89 51.812
37 90 86.517
37 91 54.359
37 92 54.841
37 93 61.154
37 94 41.558
37 95 41.879
37 96 24.372
37 97 89.171
37 98 55.549
38 39 61.003
38 40 44.607
38 41 87.79
38 42 94.26
38 43 46.329
38 44 30.033
38 45 17.136
38 46 76.417
38 47 50.099
38 48 64.044
38 49 10.713
38 50 81.154
38 51 94.991
38 52 90.902
38 53 59.276
38 54 88.101
38 55 86.705
38 56 39.725
38 57 94.451
38 58 9.268
38 59 98.384
38 60 24.288
38 61 72.477
38 62 45.666
38 63 53.395
38 64 60.415
38 65 6.52
38 66 85.738
38 67 46.88
38 68 37.622
38 69 8.097
38 70 59.89
38 71 76.058
38 72 12.82
38 73 34.926
38 74 80.488
38 75 40.098
38 76 52.802
38 77 84.729
38 78 30.107
38 79 75.38
38 80 27.547
38 81 22.798
38 82 94.629
38 83 24.333
38 84 51.746
38 85 55.132
38 86 89.013
38 87 88.975
38 88 70.115
38 89 59.437
38 90 23.675
38 91 75.949
38 92 31.383
38 93 98.238
38 94 9.538
38 95 5.743
38 96 24.176
38 97 50.946
38 98 1.396
39 40 57.359
39 41 90.226
39 42 61.913
39 43 14.032
39 44 94.645
39 45 25.863
39 46 95.526
39 47 69.387
39 48 85.313
39 49 34.951
39 50 19.1
39 51 82.404
39 52 64.396
39 53 33.097
39 54 49.586
39 55 96.587
39 56 19.664
39 57 35.588
39 58 36.451
39 59 51.322
39 60 32.538
39 61 28.106
39 62 17.856
39 63 50.74
39 64 84.914
39 65 65.627
39 66 32.24
39 67 87.549
39 68 67.653
39 69 92.518
39 70 40.677
39 71 52.291
39 72 41.567
39 73 63.263
39 74 92.161
39 75 62.886
39 76 95.757
39 77 71.172
39 78 84.332
39 79 99.998
39 80 71.062
39 81 37.914
39 82 82.285
39 83 58.293
39 84 18.918
39 85 57.657
39 86 81.029
39 87 6.94
39 88 18.62
39 89 15.788
39 90 82.37
39 91 85.765
39 92 57.398
39 93 97.143
39 94 95.959
39 95 39.06
39 96 73.23
39 97 87.951
39 98 2.215
40 41 63.794
40 42 78.04
40 43 51.702
40 44 10.426
40 45 49.523
40 46 49.776
40 47 22.297
40 48 13.5
40 49 3.262
40 50 99.602
40 51 72.542
40 52 94.685
40 53 29.035
40 54 77.961
40 55 44.156
40 56 49.162
40 57 66.52
40 58 82.924
40 59 65.707
40 60 42.581
40 61 51.79
40 62 75.597
40 63 49.24
40 64 55.626
40 65 32.797
40 66 26.925
40 67 40.374
40 68 87.646
40 69 99.586
40 70 59.172
40 71 5.202
40 72 31.543
40 73 63.088
40 74 22.882
40 75 30.646
40 76 0.884
40 77 22.917
40 78 43.127
40 79 45.173
40 80 5.644
40 81 40.93
40 82 38.686
40 83 26.019
40 84 31.69
40 85 10.211
40 86 57.01
40 87 86.027
40 88 74.401
40 89 16.678
40 90 65.704
40 91 70.858
40 92 33.617
40 93 7.427
40 94 20.881
40 95 8.835
40 96 82.262
40 97 12.411
40 98 76.734
41 42 78.663
41 43 53.159
41 44 48.591
41 45 0.858
41 46 29.336
41 47 52.502
41 48 50.015
41 49 62.903
41 50 42.821
41 51 98.324
41 52 78.706
41 53 60.88
41 54 15.359
41 55 40.159
41 56 3.421
41 57 96.476
41 58 90.163
41 59 12.645
41 60 76.31
41 61 99.418
41 62 76.85
41 63 62.123
41 64 22.252
41 65 52.998
41 66 16.382
41 67 86.305
41 68 13.878
41 69 5.966
41 70 58.067
41 71 6.56
41 72 16.133
41 73 89.414
41 74 51.112
41 75 24.745
41 76 87.03
41 77 78.871
41 78 33.553
41 79 71.341
41 80 17.076
41 81 33.346
41 82 41.814
41 83 56.607
41 84 75.76
41 85 91.654
41 86 60.877
41 87 71.008
41 88 4.606
41 89 91.048
41 90 88.35
41 91 0.565
41 92 44.537
41 93 47.401
41 94 66.555
41 95 8.85
41 96 70.974
41 97 46.406
41 98 34.906
42 43 26.508
42 44 16.753
42 45 28.357
42 46 7.134
42 47 1.861
42 48 44.161
42 49 19.208
42 50 74.63
42 51 18.472
42 52 22.456
42 53 62.375
42 54 18.447
42 55 21.286
42 56 69.614
42 57 58.186
42 58 38.953
42 59 61.63
42 60 15.539
42 61 54.629
42 62 59.481
42 63 99.328
42 64 18.432
42 65 23.024
42 66 94.746
42 67 30.788
42 68 90.881
42 69 26.594
42 70 56.701
42 71 93.559
42 72 12.698
42 73 14.962
42 74 57.07
42 75 2.806
42 76 58.82
42 77 71.618
42 78 27.327
42 79 36.97
42 80 60.997
42 81 23.193
42 82 28.232
42 83 76.678
42 84 57.245
42 85 26.187
42 86 99.166
42 87 54.293
42 88 46.116
42 89 29.741
42 90 26.115
42 91 51.217
42 92 91.921
42 93 45.214
42 94 90.816
42 95 55.99
42 96 98.805
42 97 70.513
42 98 94.094
43 44 19.203
43 45 13.689
43 46 30.942
43 47 86.953
43 48 41.743
43 49 92.111
43 50 17.443
43 51 90.432
43 52 36.472
43 53 73.424
43 54 15.597
43 55 60.384
43 56 67.204
43 57 86.942
43 58 38.119
43 59 74.454
43 60 12.282
43 61 92.964
43 62 41.015
43 63 35.198
43 64 62.762
43 65 86.286
43 66 20.693
43 67 56.128
43 68 94.6
43 69 1.958
43 70 87.601
43 71 2.445
43 72 26.024
43 73 72.272
43 74 87.853
43 75 3.111
43 76 45.448
43 77 6.306
43 78 52.22
43 79 18.05
43 80 89.8
43 81 27.004
43 82 39.673
43 83 12.495
43 84 40.743
43 85 7.194
43 86 89.448
43 87 76.867
43 88 94.92
43 89 48.424
43 90 58.101
43 91 4.084
43 92 89.142
43 93 24.104
43 94 40.619
43 95 11.406
43 96 33.948
43 97 94.344
43 98 81.888
44 45 89.274
44 46 8.996
44 47 98.282
44 48 52.503
44 49 39.834
44 50 56.753
44 51 25.822
44 52 17.394
44 53 33.58
44 54 96.246
44 55 76.696
44 56 24.301
44 57 94.41
44 58 69.075
44 59 29.33
44 60 4.959
44 61 91.871
44 62 25.133
44 63 5.232
44 64 81.426
44 65 52.85
44 66 64.304
44 67 95.201
44 68 54.382
44 69 23.217
44 70 16.857
44 71 34.634
44 72 21.768
44 73 66.214
44 74 75.555
44 75 40.279
44 76 13.785
44 77 34.395
44 78 42.125
44 79 39.046
44 80 37.363
44 81 43.707
44 82 70.204
44 83 86.359
44 84 85.325
44 85 56.875
44 86 34.461
44 87 26.882
44 88 46.238
44 89 42.842
44 90 88.535
44 91 86.745
44 92 95.558
44 93 97.839
44 94 82.855
44 95 61.106
44 96 11.391
44 97 27.705
44 98 80.861
45 46 23.113
45 47 44.447
45 48 66.409
45 49 2.63
45 50 5.49
45 51 54.815
45 52 70.813
45 53 38.382
45 54 55.819
45 55 54.891
45 56 50.385
45 57 98.668
45 58 80.252
45 59 66.625
45 60 80.046
45 61 87.704
45 62 84.86
45 63 81.603
45 64 76.754
45 65 84.689
45 66 21.864
45 67 30.922
45 68 73.603
45 69 57.561
45 70 48.509
45 71 27.198
45 72 65.153
45 73 27.481
45 74 48.372
45 75 95.209
45 76 2.62
45 77 54.751
45 78 79.409
45 79 33.638
45 80 43.194
45 81 88.379
45 82 4.381
45 83 92.761
45 84 20.202
45 85 36.717
45 86 70.125
45 87 41.553
45 88 11.04
45 89 99.89
45 90 67.555
45 91 7.237
45 92 10.545
45 93 9.435
45 94 6.394
45 95 65.119
45 96 30.84
45 97 44.331
45 98 19.217
46 47 82.212
46 48 72.555
46 49 98.665
46 50 62.464
46 51 27.321
46 52 10.277
46 53 44.94
46 54 84.584
46 55 52.66
46 56 85.618
46 57 72.397
46 58 50.159
46 59 49.064
46 60 7.143
46 61 6.223
46 62 32.401
46 63 33.999
46 64 72.58
46 65 73.288
46 66 71.199
46 67 50.509
46 68 43.174
46 69 85.908
46 70 46.107
46 71 19.926
46 72 67.959
46 73 2.174
46 74 72.942
46 75 62.163
46 76 49.323
46 77 85.172
46 78 48.058
46 79 49.479
46 80 4.837
46 81 59.929
46 82 53.812
46 83 3.737
46 84 54.754
46 85 60.802
46 86 23.757
46 87 38.818
46 88 48.297
46 89 95.619
46 90 37.801
46 91 44.15
46 92 65.594
46 93 21.486
46 94 49.272
46 95 79.594
46 96 53.833
46 97 71.325
46 98 6.791
47 48 68.062
47 49 73.469
47 50 1.325
47 51 54.165
47 52 89.443
47 53 28.985
47 54 81.381
47 55 80.109
47 56 50.642
47 57 97.709
47 58 56.46
47 59 29.865
47 60 84.816
47 61 63.959
47 62 13.702
47 63 83.665
47 64 1.581
47 65 12.898
47 66 42.829
47 67 75.618
47 68 21.733
47 69 32.736
47 70 34.9
47 71 97.019
47 72 46.47
47 73 73.793
47 74 53.632
47 75 71.758
47 76 96.494
47 77 99.117
47 78 1.175
47 79 9.948
47 80 0.912
47 81 32.332
47 82 95.22
47 83 14.915
47 84 4.301
47 85 45.791
47 86 53.559
47 87 94.195
47 88 37.991
47 89 62.611
47 90 51.719
47 91 58.355
47 92 19.136
47 93 68.293
47 94 84.76
47 95 37.875
47 96 60.369
47 97 1.928
47 98 36.512
48 49 0.379
48 50 40.192
48 51 98.863
48 52 4.341
48 53 41.847
48 54 74.354
48 55 9.331
48 56 82.912
48 57 38.12
48 58 1.774
48 59 32.853
48 60 48.379
48 61 2.006
48 62 54.522
48 63 49.7
48 64 48.186
48 65 86.298
48 66 69.363
48 67 40.521
48 68 13.06
48 69 15.399
48 70 83.529
48 71 98.401
48 72 88.491
48 73 69.558
48 74 31.63
48 75 76.417
48 76 33.986
48 77 43.427
48 78 98.98
48 79 31.466
48 80 51.949
48 81 6.013
48 82 69.46
48 83 35.935
48 84 24.665
48 85 29.162
48 86 68.068
48 87 76.175
48 88 5.736
48 89 73.973
48 90 31.811
48 91 42.407
48 92 40.453
48 93 62.037
48 94 67.979
48 95 22.194
48 96 65.385
48 97 91.037
48 98 85.739
49 50 62.227
49 51 31.833
49 52 68.962
49 53 96.579
49 54 85.27
49 55 21.774
49 56 28.964
49 57 45.683
49 58 54.92
49 59 17.434
49 60 3.47
49 61 7.073
49 62 94.551
49 63 86.398
49 64 56.339
49 65 80.442
49 66 44.094
49 67 66.567
49 68 2.81
49 69 42.541
49 70 7.006
49 71 91.452
49 72 54.312
49 73 27.861
49 74 48.713
49 75 51.838
49 76 82.631
49 77 85.11
49 78 78.699
49 79 28.474
49 80 70.072
49 81 84.598
49 82 41.877
49 83 2.613
49 84 26.653
49 85 67.333
49 86 10.646
49 87 2.546
49 88 72.903
49 89 41.976
49 90 22.195
49 91 79.484
49 92 68.977
49 93 48.459
49 94 15.233
49 95 33.139
49 96 96.431
49 97 59.529
49 98 46.473
50 51 57.288
50 52 61.289
50 53 92.903
50 54 36.722
50 55 82.656
50 56 1.962
50 57 16.839
50 58 20.006
50 59 52.695
50 60 60.199
50 61 72.419
50 62 86.634
50 63 7.256
50 64 33.027
50 65 0.974
50 66 62.658
50 67 99.872
50 68 15.822
50 69 89.87
50 70 8.426
50 71 42.228
50 72 84.721
50 73 45.915
50 74 10.687
50 75 70.344
50 76 2.032
50 77 22.467
50 78 84.099
50 79 31.972
50 80 13.182
50 81 95.71
50 82 60.832
50 83 6.505
50 84 5.579
50 85 20.41
50 86 22.337
50 87 66.473
50 88 77.703
50 89 51.338
50 90 48.764
50 91 75.035
50 92 65.607
50 93 59.03
50 94 86.578
50 95 8.095
50 96 28.879
50 97 72.571
50 98 5.713
51 52 60.768
51 53 60.974
51 54 78.079
51 55 66.774
51 56 22.021
51 57 99.525
51 58 91.304
51 59 59.718
51 60 66.544
51 61 70.17
51 62 97.839
51 63 4.139
51 64 65.726
51 65 77.96
51 66 16.155
51 67 80.609
51 68 63.903
51 69 33.07
51 70 64.507
51 71 83.41
51 72 39.346
51 73 13.257
51 74 67.197
51 75 70.869
51 76 8.867
51 77 93.248
51 78 25.246
51 79 30.141
51 80 32.729
51 81 38.85
51 82 41.467
51 83 86.468
51 84 56.117
51 85 94.57
51 86 75.858
51 87 96.054
51 88 64.453
51 89 96.891
51 90 17.8
51 91 82.932
51 92 73.641
51 93 95.683
51 94 39.139
51 95 58.277
51 96 19.899
51 97 33.736
51 98 92.011
52 53 70.413
52 54 64.501
52 55 65.131
52 56 26.939
52 57 87.126
52 58 12.245
52 59 85.255
52 60 40.059
52 61 49.702
52 62 30.013
52 63 13.819
52 64 46.528
52 65 11.007
52 66 70.023
52 67 63.362
52 68 63.079
52 69 7.199
52 70 75.445
52 71 47.368
52 72 88.987
52 73 27.241
52 74 23.352
52 75 41.202
52 76 15.752
52 77 90.493
52 78 13.232
52 79 14.121
52 80 47.15
52 81 79.081
52 82 54.626
52 83 71.25
52 84 59.539
52 85 47.8
52 86 23.759
52 87 98.704
52 88 49.884
52 89 47.733
52 90 76.25
52 91 68.596
52 92 7.541
52 93 6.727
52 94 26.175
52 95 26.45
52 96 10.477
52 97 21.588
52 98 88.005
53 54 3.626
53 55 47.117
53 56 59.894
53 57 78.127
53 58 61.535
53 59 29.99
53 60 74.701
53 61 97.572
53 62 49.78
53 63 17.531
53 64 99.364
53 65 75.91
53 66 74.841
53 67 78.521
53 68 35.746
53 69 86.785
53 70 4.157
53 71 95.405
53 72 86.035
53 73 32.025
53 74 51.825
53 75 54.548
53 76 86.22
53 77 8.633
53 78 19.536
53 79 56.565
53 80 98.215
53 81 40.414
53 82 13.921
53 83 37.927
53 84 22.486
53 85 18.285
53 86 21.369
53 87 0.56
53 88 17.963
53 89 83.79
53 90 64.104
53 91 75.088
53 92 62.755
53 93 68.73
53 94 83.779
53 95 25.566
53 96 14.36
53 97 82.476
53 98 21.413
54 55 78.327
54 56 40.468
54 57 87.587
54 58 75.071
54 59 93.307
54 60 32.77
54 61 36.382
54 62 7.335
54 63 55.976
54 64 89.493
54 65 94.828
54 66 23.276
54 67 5.532
54 68 89.802
54 69 21.605
54 70 11.257
54 71 68.064
54 72 27.419
54 73 43.465
54 74 31.487
54 75 78.095
54 76 32.616
54 77 24.584
54 78 67.254
54 79 89.82
54 80 80.948
54 81 63.629
54 82 82.719
54 83 96.456
54 84 4.112
54 85 67.708
54 86 69.691
54 87 90.418
54 88 13.006
54 89 10.055
54 90 67.592
54 91 42.64
54 92 41.726
54 93 96.502
54 94 92.127
54 95 55.591
54 96 89.799
54 97 16.102
54 98 64.959
55 56 34.864
55 57 13.723
55 58 31.222
55 59 4.252
55 60 12.132
55 61 21.509
55 62 97.41
55 63 57.422
55 64 9.31
55 65 80.245
55 66 41.14
55 67 94.65
55 68 92.706
55 69 19.871
55 70 46.479
55 71 76.951
55 72 88.205
55 73 45.474
55 74 38.108
55 75 84.694
55 76 26.966
55 77 23.196
55 78 91.531
55 79 75.011
55 80 83.534
55 81 50.826
55 82 46.206
55 83 14.693
55 84 2.484
55 85 20.932
55 86 63.881
55 87 89.336
55 88 55.972
55 89 7.245
55 90 32.457
55 91 81.324
55 92 21.762
55 93 11.053
55 94 99.84
55 95 7.25
55 96 8.443
55 97 49.992
55 98 36.049
56 57 67.758
56 58 94.604
56 59 7.347
56 60 89.299
56 61 90.925
56 62 66.5
56 63 26.984
56 64 61.683
56 65 51.262
56 66 34.128
56 67 50.723
56 68 14.182
56 69 41.264
56 70 64.506
56 71 40.776
56 72 70.223
56 73 54.269
56 74 96.505
56 75 69.394
56 76 60.346
56 77 30.065
56 78 53.131
56 79 39.671
56 80 35.073
56 81 31.229
56 82 20.623
56 83 45.377
56 84 22.25
56 85 77.174
56 86 61.245
56 87 79.603
56 88 99.163
56 89 11.684
56 90 90.915
56 91 37.993
56 92 14.523
56 93 20.811
56 94 21.703
56 95 70.688
56 96 95.755
56 97 17.081
56 98 19.073
57 58 35.893
57 59 96.784
57 60 32.109
57 61 72.447
57 62 82.118
57 63 90.989
57 64 66.152
57 65 98.957
57 66 73.023
57 67 42.783
57 68 93.091
57 69 64.268
57 70 82.255
57 71 83.296
57 72 16.928
57 73 66.909
57 74 4.327
57 75 91.93
57 76 94.851
57 77 86.677
57 78 12.475
57 79 90.6
57 80 56.869
57 81 93.881
57 82 2.032
57 83 5.925
57 84 31.974
57 85 90.048
57 86 32.851
57 87 88.323
57 88 72.87
57 89 55.026
57 90 95.188
57 91 40.934
57 92 90.806
57 93 46.94
57 94 13.507
57 95 72.588
57 96 42.157
57 97 53.543
57 98 90.098
58 59 77.832
58 60 91.866
58 61 32.026
58 62 94.629
58 63 33.081
58 64 10.364
58 65 27.25
58 66 73.609
58 67 24.284
58 68 35.916
58 69 25.992
58 70 97.653
58 71 55.848
58 72 62.934
58 73 9.377
58 74 54.413
58 75 48.12
58 76 31.819
58 77 21.937
58 78 21.535
58 79 48.742
58 80 31.297
58 81 6.448
58 82 89.996
58 83 65.701
58 84 92.707
58 85 18.625
58 86 28.791
58 87 92.148
58 88 40.471
58 89 6.844
58 90 86.084
58 91 77.321
58 92 11.295
58 93 3.978
58 94 7.842
58 95 33.882
58 96 98.474
58 97 87.33
58 98 73.306
59 60 26.686
59 61 62.523
59 62 92.706
59 63 0.088
59 64 82.321
59 65 65.863
59 66 56.435
59 67 51.702
59 68 84.572
59 69 92.956
59 70 44.707
59 71 27.11
59 72 60.348
59 73 9.559
59 74 28.603
59 75 4.364
59 76 68.637
59 77 58.731
59 78 73.151
59 79 77.676
59 80 99.934
59 81 47.662
59 82 60.156
59 83 90.201
59 84 13.864
59 85 80.283
59 86 2.688
59 87 66.459
59 88 44.29
59 89 30.493
59 90 49.594
59 91 51.018
59 92 35.349
59 93 39.08
59 94 10.11
59 95 66.645
59 96 28.027
59 97 20.352
59 98 48.363
60 61 48.537
60 62 57.215
60 63 14.694
60 64 97.426
60 65 95.889
60 66 66.087
60 67 60.429
60 68 56.093
60 69 45.379
60 70 33.545
60 71 33.209
60 72 79.711
60 73 9.098
60 74 63.346
60 75 68.132
60 76 47.03
60 77 85.492
60 78 58.005
60 79 99.474
60 80 80.21
60 81 64.225
60 82 12.569
60 83 78.712
60 84 81.252
60 85 41.86
60 86 67.529
60 87 42.947
60 88 48.549
60 89 60.603
60 90 16.846
60 91 34.763
60 92 69.929
60 93 74.73
60 94 67.006
60 95 31.791
60 96 49.04
60 97 95.825
60 98 67.336
61 62 5.568
61 63 46.328
61 64 12.242
61 65 98.485
61 66 73.443
61 67 10.405
61 68 64.459
61 69 98.765
61 70 95.779
61 71 80.653
61 72 61.514
61 73 75.926
61 74 67.006
61 75 28.747
61 76 74.872
61 77 32.257
61 78 15.893
61 79 39.247
61 80 46.157
61 81 64.353
61 82 27.8
61 83 71.758
61 84 90.061
61 85 94.265
61 86 2.898
61 87 59.575
61 88 14.108
61 89 31.729
61 90 64.396
61 91 16.117
61 92 79.802
61 93 38.181
61 94 33.513
61 95 73.45
61 96 4.292
61 97 82.686
61 98 87.473
62 63 9.747
62 64 11.509
62 65 85.252
62 66 91.513
62 67 47.001
62 68 86.515
62 69 48.635
62 70 40.165
62 71 95.108
62 72 62.549
62 73 13.571
62 74 31.973
62 75 83.513
62 76 49.716
62 77 87.2
62 78 57.5
62 79 16.416
62 80 36.114
62 81 48.922
62 82 20.024
62 83 94.275
62 84 67.956
62 85 72.781
62 86 60.873
62 87 1.342
62 88 43.131
62 89 24.488
62 90 58.496
62 91 12.248
62 92 79.609
62 93 62.808
62 94 18.851
62 95 40.394
62 96 89.886
62 97 1.677
62 98 11.507
63 64 94.975
63 65 53.646
63 66 71.673
63 67 24.927
63 68 12.61
63 69 28.278
63 70 79.267
63 71 47.621
63 72 10.424
63 73 1.303
63 74 48.664
63 75 42.662
63 76 88.491
63 77 7.029
63 78 61.829
63 79 0.21
63 80 60.987
63 81 26.489
63 82 58.643
63 83 69.524
63 84 54.086
63 85 1.664
63 86 16.846
63 87 52.077
63 88 73.666
63 89 78.077
63 90 79.092
63 91 90.245
63 92 27.151
63 93 23.307
63 94 50.029
63 95 75.59
63 96 98.358
63 97 67.394
63 98 4.558
64 65 16.516
64 66 21.442
64 67 81.505
64 68 82.705
64 69 89.926
64 70 93.122
64 71 46.196
64 72 42.253
64 73 76.871
64 74 73.645
64 75 21.438
64 76 37.953
64 77 57.612
64 78 34.332
64 79 76.408
64 80 54.711
64 81 69.571
64 82 66.239
64 83 61.241
64 84 71.428
64 85 37.675
64 86 69.208
64 87 23.943
64 88 55.072
64 89 15.197
64 90 94.09
64 91 95.277
64 92 52.156
64 93 51.323
64 94 45.566
64 95 39.972
64 96 1.093
64 97 87.307
64 98 16.098
65 66 34.317
65 67 46.196
65 68 53.365
65 69 20.422
65 70 26.113
65 71 33.004
65 72 53.596
65 73 3.546
65 74 28.107
65 75 67.513
65 76 95.246
65 77 56.921
65 78 39.834
65 79 16.889
65 80 85.973
65 81 94.934
65 82 85.793
65 83 18.208
65 84 96.681
65 85 90.013
65 86 87.332
65 87 90.047
65 88 94.093
65 89 6.993
65 90 62.18
65 91 38.11
65 92 89.815
65 93 7.157
65 94 31.007
65 95 99.087
65 96 85.891
65 97 96.015
65 98 32.474
66 67 2.721
66 68 3.18
66 69 40.646
66 70 52.755
66 71 66.041
66 72 16.868
66 73 44.263
66 74 94.116
66 75 5.495
66 76 25.0
66 77 36.495
66 78 82.486
66 79 57.126
66 80 21.142
66 81 41.991
66 82 99.813
66 83 21.251
66 84 54.151
66 85 1.263
66 86 90.745
66 87 60.828
66 88 58.829
66 89 43.193
66 90 49.667
66 91 68.856
66 92 19.216
66 93 23.487
66 94 45.262
66 95 20.516
66 96 10.44
66 97 65.298
66 98 21.949
67 68 49.409
67 69 27.286
67 70 82.233
67 71 97.475
67 72 27.289
67 73 60.307
67 74 30.329
67 75 29.843
67 76 87.751
67 77 90.392
67 78 7.84
67 79 99.161
67 80 31.297
67 81 36.152
67 82 22.309
67 83 84.129
67 84 8.442
67 85 99.82
67 86 78.412
67 87 80.826
67 88 49.099
67 89 55.891
67 90 57.283
67 91 15.593
67 92 44.64
67 93 30.688
67 94 30.665
67 95 14.527
67 96 75.414
67 97 37.018
67 98 80.371
68 69 78.895
68 70 21.249
68 71 13.551
68 72 61.73
68 73 3.203
68 74 63.965
68 75 99.732
68 76 50.178
68 77 10.182
68 78 86.299
68 79 38.028
68 80 1.977
68 81 47.918
68 82 60.875
68 83 59.335
68 84 80.463
68 85 42.205
68 86 82.348
68 87 55.745
68 88 11.833
68 89 21.214
68 90 79.801
68 91 0.89
68 92 21.546
68 93 62.253
68 94 49.882
68 95 50.67
68 96 96.648
68 97 19.43
68 98 17.948
69 70 58.286
69 71 51.257
69 72 78.46
69 73 22.975
69 74 98.289
69 75 90.814
69 76 97.725
69 77 72.786
69 78 3.365
69 79 3.1
69 80 76.592
69 81 90.583
69 82 10.624
69 83 94.419
69 84 94.796
69 85 54.067
69 86 57.756
69 87 34.938
69 88 18.547
69 89 51.586
69 90 38.136
69 91 62.34
69 92 82.752
69 93 85.915
69 94 93.315
69 95 38.713
69 96 0.073
69 97 80.41
69 98 27.367
70 71 33.41
70 72 78.535
70 73 98.51
70 74 33.729
70 75 89.04
70 76 94.231
70 77 68.561
70 78 99.445
70 79 12.636
70 80 67.823
70 81 61.594
70 82 49.491
70 83 57.007
70 84 29.1
70 85 79.682
70 86 4.28
70 87 23.645
70 88 14.592
70 89 95.838
70 90 10.222
70 91 9.261
70 92 78.917
70 93 68.735
70 94 92.534
70 95 58.044
70 96 67.417
70 97 6.459
70 98 85.0
71 72 1.206
71 73 5.02
71 74 28.874
71 75 87.613
71 76 79.273
71 77 52.007
71 78 74.071
71 79 39.488
71 80 80.318
71 81 17.389
71 82 61.371
71 83 49.16
71 84 0.477
71 85 17.471
71 86 30.731
71 87 23.561
71 88 72.588
71 89 62.54
71 90 82.102
71 91 35.469
71 92 88.426
71 93 37.827
71 94 72.939
71 95 82.44
71 96 43.729
71 97 42.022
71 98 64.888
72 73 59.478
72 74 63.748
72 75 61.946
72 76 25.388
72 77 55.942
72 78 30.931
72 79 94.465
72 80 7.022
72 81 51.621
72 82 32.34
72 83 38.414
72 84 27.997
72 85 77.527
72 86 87.161
72 87 79.261
72 88 20.722
72 89 7.016
72 90 31.892
72 91 54.132
72 92 72.909
72 93 13.308
72 94 94.98
72 95 58.889
72 96 21.073
72 97 10.242
72 98 95.14
73 74 48.55
73 75 95.478
73 76 7.031
73 77 2.394
73 78 9.7
73 79 16.434
73 80 80.359
73 81 85.287
73 82 15.841
73 83 63.533
73 84 71.7
73 85 11.265
73 86 29.511
73 87 67.389
73 88 8.833
73 89 35.587
73 90 30.295
73 91 93.25
73 92 40.579
73 93 83.507
73 94 30.155
73 95 54.796
73 96 25.458
73 97 92.197
73 98 14.069
74 75 74.682
74 76 17.785
74 77 85.195
74 78 26.738
74 79 80.504
74 80 12.473
74 81 98.999
74 82 82.806
74 83 42.097
74 84 28.681
74 85 76.184
74 86 85.558
74 87 6.015
74 88 77.436
74 89 42.24
74 90 56.877
74 91 61.48
74 92 13.991
74 93 25.501
74 94 98.513
74 95 23.144
74 96 40.608
74 97 22.19
74 98 90.735
75 76 75.112
75 77 80.268
75 78 0.141
75 79 94.798
75 80 32.823
75 81 93.394
75 82 47.93
75 83 19.855
75 84 2.953
75 85 99.726
75 86 36.858
75 87 22.148
75 88 58.831
75 89 81.86
75 90 46.1
75 91 99.693
75 92 18.253
75 93 78.686
75 94 78.232
75 95 4.942
75 96 9.356
75 97 95.536
75 98 77.603
76 77 19.55
76 78 13.358
76 79 97.597
76 80 53.109
76 81 50.145
76 82 57.932
76 83 19.622
76 84 25.717
76 85 74.974
76 86 82.033
76 87 13.19
76 88 20.427
76 89 51.946
76 90 13.645
76 91 24.271
76 92 18.4
76 93 18.925
76 94 50.861
76 95 18.003
76 96 93.391
76 97 67.173
76 98 28.196
77 78 37.099
77 79 48.097
77 80 74.748
77 81 50.79
77 82 25.774
77 83 38.505
77 84 59.097
77 85 24.13
77 86 56.213
77 87 12.982
77 88 92.139
77 89 40.566
77 90 43.47
77 91 47.935
77 92 24.496
77 93 34.342
77 94 69.075
77 95 60.246
77 96 87.045
77 97 64.0
77 98 80.586
78 79 47.371
78 80 4.647
78 81 55.26
78 82 78.762
78 83 17.254
78 84 60.116
78 85 66.953
78 86 15.429
78 87 5.982
78 88 5.144
78 89 82.174
78 90 2.838
78 91 44.435
78 92 69.598
78 93 75.319
78 94 83.291
78 95 21.889
78 96 31.378
78 97 32.802
78 98 66.872
79 80 18.123
79 81 6.736
79 82 69.647
79 83 57.962
79 84 26.718
79 85 32.433
79 86 46.907
79 87 1.07
79 88 85.248
79 89 59.428
79 90 39.561
79 91 27.583
79 92 26.334
79 93 86.892
79 94 3.534
79 95 50.042
79 96 77.611
79 97 44.783
79 98 32.658
80 81 96.907
80 82 80.636
80 83 19.344
80 84 93.415
80 85 71.132
80 86 33.8
80 87 8.107
80 88 14.115
80 89 94.326
80 90 96.225
80 91 23.702
80 92 77.213
80 93 98.409
80 94 71.345
80 95 90.342
80 96 82.144
80 97 69.65
80 98 84.297
81 82 40.767
81 83 71.878
81 84 46.036
81 85 64.8
81 86 50.277
81 87 47.435
81 88 69.677
81 89 79.821
81 90 31.461
81 91 77.374
81 92 55.651
81 93 60.157
81 94 80.128
81 95 7.924
81 96 92.086
81 97 89.361
81 98 88.987
82 83 91.849
82 84 97.535
82 85 35.43
82 86 60.897
82 87 66.223
82 88 30.492
82 89 54.834
82 90 55.764
82 91 45.915
82 92 99.964
82 93 22.733
82 94 60.961
82 95 2.302
82 96 85.214
82 97 6.763
82 98 69.814
83 84 2.777
83 85 43.058
83 86 78.856
83 87 93.667
83 88 42.293
83 89 2.044
83 90 63.004
83 91 7.603
83 92 75.073
83 93 65.618
83 94 27.885
83 95 47.211
83 96 2.287
83 97 63.256
83 98 44.248
84 85 58.856
84 86 28.95
84 87 94.913
84 88 69.637
84 89 73.158
84 90 4.451
84 91 29.129
84 92 46.541
84 93 44.513
84 94 51.79
84 95 84.197
84 96 95.004
84 97 97.468
84 98 15.973
85 86 56.481
85 87 51.892
85 88 31.023
85 89 9.416
85 90 77.956
85 91 72.689
85 92 86.373
85 93 3.056
85 94 81.438
85 95 64.216
85 96 66.363
85 97 12.552
85 98 84.538
86 87 83.6
86 88 4.777
86 89 27.339
86 90 23.79
86 91 40.126
86 92 22.655
86 93 93.948
86 94 33.506
86 95 91.167
86 96 41.345
86 97 68.552
86 98 78.537
87 88 24.295
87 89 49.133
87 90 38.009
87 91 98.639
87 92 98.464
87 93 33.47
87 94 90.873
87 95 49.069
87 96 64.321
87 97 73.186
87 98 16.621
88 89 97.593
88 90 19.129
88 91 64.27
88 92 25.154
88 93 31.544
88 94 26.072
88 95 44.605
88 96 21.908
88 97 62.491
88 98 62.09
89 90 15.432
89 91 79.224
89 92 27.497
89 93 53.922
89 94 93.254
89 95 45.02
89 96 14.0
89 97 93.817
89 98 89.024
90 91 89.841
90 92 50.969
90 93 35.851
90 94 54.061
90 95 46.571
90 96 94.626
90 97 48.921
90 98 11.583
91 92 19.853
91 93 76.254
91 94 23.957
91 95 76.873
91 96 63.991
91 97 25.84
91 98 86.647
92 93 59.305
92 94 8.444
92 95 3.767
92 96 50.836
92 97 88.999
92 98 19.337
93 94 59.81
93 95 12.414
93 96 28.626
93 97 21.604
93 98 84.255
94 95 49.066
94 96 37.839
94 97 72.69
94 98 59.737
95 96 99.1
95 97 92.461
95 98 11.835
96 97 64.418
96 98 0.297
97 98 37.206