100
81 62 37
81 88 56
81 99 17
81 50 28
81 59 28
81 3 59
62 9 89
62 82 61
62 63 15
62 99 52
62 33 40
2 2 67
2 6 21
2 86 46
2 53 93
2 78 56
2 87 20
16 49 5
16 68 3
49 82 57
49 92 71
49 90 84
44 70 63
44 68 8
44 99 55
44 58 80
44 23 91
44 31 93
44 41 7
44 25 38
44 95 22
44 44 54
44 65 37
44 76 87
44 61 29
70 37 64
70 34 57
70 90 41
70 84 59
46 21 88
46 29 71
46 71 66
46 91 20
46 60 29
46 86 29
46 19 64
46 72 50
21 43 85
21 22 97
21 64 64
21 0 25
21 55 77
21 93 24
28 87 25
28 14 88
28 24 32
28 45 37
28 1 88
28 79 32
87 93 50
87 90 95
87 4 40
87 1 22
87 18 37
87 86 54
13 54 78
13 63 50
13 29 93
13 1 4
13 24 74
54 57 39
54 3 22
54 48 23
39 0 39
39 30 95
39 99 39
39 17 69
39 43 83
39 75 47
39 15 72
39 79 11
0 82 3
0 26 29
0 32 5
0 14 67
92 50 40
92 18 94
92 94 13
92 79 78
50 55 34
50 60 27
50 15 61
50 32 9
93 88 76
93 97 47
93 1 9
93 47 38
93 68 45
93 9 8
14 40 93
14 5 44
14 56 84
14 74 52
40 79 49
40 35 5
40 68 24
40 89 50
40 63 10
68 51 69
68 95 88
68 58 60
68 27 65
60 61 39
60 63 86
60 11 21
60 5 70
61 31 82
61 56 3
61 37 45
61 38 32
61 73 93
69 66 63
69 5 26
69 78 47
69 91 44
66 55 5
66 85 70
31 65 51
51 58 51
65 12 79
65 35 86
65 74 22
65 86 16
65 11 18
65 41 14
12 24 16
12 98 3
55 19 94
55 55 37
19 53 58
10 85 43
10 22 90
10 86 70
10 34 58
10 74 33
90 58 6
90 72 28
90 18 28
58 29 3
58 84 81
58 15 29
82 24 81
37 84 77
37 42 44
37 57 36
94 72 36
94 38 70
94 91 77
94 67 25
94 52 69
72 83 63
72 17 93
72 18 46
38 4 45
38 78 70
38 8 74
91 79 48
56 34 20
56 56 14
56 75 62
56 11 67
56 96 6
99 29 37
95 20 44
95 35 18
95 42 38
83 77 35
83 80 83
84 15 49
84 78 72
84 27 9
35 20 12
9 88 3
9 63 64
9 53 47
88 1 76
88 20 90
88 86 76
88 3 60
75 23 9
75 1 22
23 17 51
43 77 12
43 73 81
5 22 48
5 24 14
5 67 91
22 6 8
11 63 17
11 97 58
63 47 75
29 76 56
29 18 97
29 42 65
76 98 53
97 8 60
24 77 85
24 26 49
59 20 9
59 67 6
59 3 99
59 33 7
67 78 99
27 98 44
27 36 62
98 15 98
98 79 62
77 53 88
77 4 87
30 48 78
45 71 70
45 32 58
45 17 69
71 33 43
71 73 1
71 80 73
18 53 85
42 7 57
7 32 81
7 79 81
3 80 71
64 32 78
1 73 59
1 32 69
1 41 63
1 33 67
1 34 11
36 48 56
74 34 86
34 73 28
73 32 29
33 53 66
79 86 39
53 89 91
86 96 87
26 32 75
26 52 53
47 89 12