100
0 8 8.449
0 38 5.037
0 13 4.678
0 40 11.73
0 41 16.163
0 42 12.452
0 43 12.716
0 44 12.865
0 45 10.947
0 46 11.056
0 47 12.543
0 48 12.158
0 49 13.914
0 50 11.239
0 51 11.882
0 52 13.799
0 53 10.875
0 54 13.985
0 55 12.047
0 56 14.671
0 57 11.24
0 58 11.94
0 59 14.875
0 60 11.245
0 61 14.645
0 62 11.279
0 63 11.428
0 64 10.395
0 65 14.398
0 66 14.819
0 67 13.736
0 68 10.69
0 69 10.948
1 16 7.368
1 70 14.325
1 71 13.891
1 72 11.375
1 73 11.294
1 74 16.385
1 75 13.303
1 76 13.542
1 77 10.235
1 78 7.98
1 79 12.193
1 80 9.805
1 81 12.523
1 82 12.092
1 83 9.655
1 84 13.748
1 85 11.562
1 86 15.316
1 87 12.061
1 88 10.929
1 89 8.504
1 90 11.751
1 91 13.039
1 92 12.886
1 93 9.328
1 94 15.565
1 95 9.204
1 96 14.972
1 97 15.038
1 98 13.455
2 31 9.172
2 20 4.997
2 35 3.936
2 40 11.228
2 99 13.605
3 26 9.045
3 10 5.671
3 28 7.618
3 70 13.422
3 99 11.093
4 6 9.219
4 25 6.463
4 13 7.631
4 30 5.105
4 41 13.956
4 71 11.675
5 6 6.838
5 42 11.443
5 72 11.152
6 43 14.511
6 73 11.878
7 13 8.864
7 44 8.126
7 74 14.061
8 14 5.327
8 45 11.017
8 75 11.496
9 35 10.141
9 46 14.598
9 76 10.759
10 36 6.009
10 47 11.326
11 17 6.898
11 18 7.034
11 30 4.689
11 39 8.046
11 77 13.39
12 29 6.782
12 48 10.915
12 78 13.293
13 79 9.578
14 22 4.023
14 49 12.698
14 80 13.749
15 18 4.518
15 50 13.117
15 81 14.915
16 39 3.937
16 51 11.377
17 52 11.25
17 82 12.159
18 83 12.199
19 20 7.262
19 53 14.156
19 84 10.337
20 37 5.984
20 54 10.18
21 29 8.35
21 55 11.349
21 85 13.468
22 56 10.937
23 25 9.387
23 57 9.538
23 86 10.249
24 33 8.843
24 25 5.156
24 87 7.238
25 58 13.274
26 59 10.335
26 88 7.61
27 39 9.12
27 60 11.163
27 89 14.032
28 34 7.115
28 39 5.367
28 61 15.614
28 90 11.549
29 31 8.512
29 62 12.951
30 63 11.045
30 91 13.094
31 32 8.063
31 92 12.414
32 64 11.963
33 65 13.864
33 93 10.285
34 35 9.488
34 66 13.859
35 67 10.628
35 94 11.564
36 68 9.873
36 95 14.433
37 96 10.741
38 69 12.453
38 97 10.05
39 98 11.006