100
38 14 48.456
14 15 16.021
15 91 13.143
91 87 9.012
87 6 23.232
6 33 10.043
33 34 94.187
34 86 72.557
86 16 79.247
16 76 10.685
76 57 73.517
57 19 69.104
19 29 18.287
29 31 89.374
31 55 89.994
55 56 88.366
56 20 98.71
20 9 89.88
9 13 26.457
13 92 91.905
92 59 35.214
59 45 13.119
45 79 9.135
79 40 40.301
40 32 15.577
32 98 99.628
98 28 73.607
28 61 3.452
61 96 64.092
96 47 85.557
47 23 35.664
23 30 16.213
30 81 43.856
81 82 64.238
82 90 40.617
90 44 22.989
44 65 84.353
65 52 71.233
52 43 58.847
43 67 13.341
67 36 99.759
36 80 41.137
80 70 59.817
70 50 46.308
50 7 57.749
7 2 73.103
2 71 6.141
71 24 77.499
24 68 57.558
68 26 10.431
26 42 18.906
42 72 12.769
72 99 4.764
99 25 44.992
25 46 32.743
46 77 17.905
77 83 69.228
83 8 77.381
8 60 40.024
60 62 19.965
62 49 94.618
49 75 10.007
75 84 19.07
84 94 89.634
94 63 90.507
63 35 6.538
35 95 30.23
95 69 80.173
69 3 58.569
3 11 31.813
11 27 5.262
27 97 45.072
97 73 29.828
73 1 59.406
1 5 21.588
5 39 45.248
39 74 23.748
74 89 59.641
89 37 7.752
37 22 44.562
22 64 14.709
64 48 37.165
48 66 30.96
66 21 63.776
21 10 28.42
10 78 58.815
78 18 83.34
18 58 90.093
58 88 35.778
88 51 70.771
51 17 59.341
17 12 33.501
12 53 14.997
53 41 25.361
41 85 83.521
85 4 31.466
4 54 87.98
54 93 52.926
93 0 24.585
93 21 2.372
76 37 97.527
98 59 61.125
34 45 15.347
57 92 13.611
19 73 77.32
72 32 55.297
23 85 42.09
91 75 15.35
58 41 14.086
7 73 47.767
23 88 99.557
41 54 77.579
69 80 2.731
4 92 26.041
17 2 43.379
90 7 17.819
57 31 47.493
82 83 30.17
4 46 15.052
54 86 50.977
21 80 85.143
56 98 67.611
39 56 26.234
41 45 79.046
34 65 44.367
48 80 32.283
5 46 59.446
57 93 76.541
95 68 68.863
27 48 93.313
44 14 80.517
53 22 61.397
50 63 72.073
80 41 70.796
41 67 14.187
60 31 6.744
69 70 80.764
74 43 10.629
30 5 95.023
62 27 8.476
71 77 99.005
57 23 61.987
56 48 87.858
99 60 79.209
3 31 5.605
61 70 98.529
60 27 19.223
26 4 11.111
68 33 41.936
21 87 67.285
93 80 37.326
20 16 59.535
4 36 44.25
28 43 29.667
46 65 72.639
59 90 60.489
74 30 34.127
8 37 37.502
70 41 14.767
67 34 48.937
9 33 89.38
9 5 83.371
52 58 86.654
20 92 20.618
18 57 54.568
10 32 85.871
77 39 74.404
62 72 35.992
16 23 15.691
91 10 66.969
59 30 95.682
29 26 45.198
20 73 66.1
93 33 33.151
84 76 40.141
11 29 56.835
32 30 45.96
55 69 43.362
86 49 76.758
58 13 80.356
88 54 44.181
85 96 6.417
2 95 64.596
20 42 67.305
54 76 33.537
69 30 63.014
11 88 23.424
22 40 9.025
92 12 14.736
29 77 7.26
57 35 97.779
49 78 64.177
84 46 21.685
12 88 39.651