99
1 0 75.0
2 0 94.0
3 2 61.0
4 0 93.0
5 1 64.0
6 1 44.0
7 2 48.0
8 1 32.0
9 7 15.0
10 5 34.0
11 4 74.0
12 4 43.0
13 3 80.0
14 9 70.0
15 7 88.0
16 9 54.0
17 0 41.0
18 9 98.0
19 2 54.0
20 15 49.0
21 3 95.0
22 21 18.0
23 4 79.0
24 11 85.0
25 7 1.0
26 23 25.0
27 14 4.0
28 22 71.0
29 18 24.0
30 28 65.0
31 14 38.0
32 2 82.0
33 29 69.0
34 6 63.0
35 24 30.0
36 3 94.0
37 23 65.0
38 11 58.0
39 17 86.0
40 1 46.0
41 39 36.0
42 7 9.0
43 28 39.0
44 35 35.0
45 20 38.0
46 45 83.0
47 35 56.0
48 1 52.0
49 21 11.0
50 14 24.0
51 18 96.0
52 28 41.0
53 41 95.0
54 4 7.0
55 2 21.0
56 42 16.0
57 15 81.0
58 46 50.0
59 31 52.0
60 31 51.0
61 21 60.0
62 37 26.0
63 35 9.0
64 32 65.0
65 49 39.0
66 24 89.0
67 65 22.0
68 26 19.0
69 64 13.0
70 2 7.0
71 8 94.0
72 32 17.0
73 69 96.0
74 63 50.0
75 46 17.0
76 15 72.0
77 49 53.0
78 72 70.0
79 37 47.0
80 36 20.0
81 45 21.0
82 1 7.0
83 25 6.0
84 26 9.0
85 46 57.0
86 17 19.0
87 45 69.0
88 68 5.0
89 75 2.0
90 71 17.0
91 10 19.0
92 12 98.0
93 67 65.0
94 4 61.0
95 54 76.0
96 19 35.0
97 84 68.0
98 91 20.0
