99
0 1 4.831
0 2 5.928
0 3 4.991
0 4 5.543
0 5 3.909
0 6 6.225
0 7 5.927
0 8 3.453
0 9 6.371
0 10 5.684
0 11 5.233
0 12 7.635
0 13 4.482
0 14 4.636
0 15 7.593
0 16 3.2
0 17 3.52
0 18 4.979
0 19 4.972
0 20 4.231
0 21 5.78
0 22 3.754
0 23 5.894
0 24 4.837
0 25 5.109
0 26 5.019
0 27 4.28
0 28 3.353
0 29 5.999
0 30 3.59
0 31 4.967
0 32 5.684
0 33 2.694
0 34 1.304
1 2 5.126
1 3 6.234
1 4 4.606
1 5 6.221
1 6 6.521
1 7 3.741
1 8 4.205
1 9 5.341
1 10 5.072
1 11 3.48
1 12 4.115
1 13 5.322
1 14 5.588
1 15 2.986
1 16 5.311
1 17 6.421
1 18 6.529
1 19 5.82
1 20 5.266
1 21 6.575
1 22 4.396
1 23 5.304
1 24 6.487
1 25 4.472
1 26 3.44
1 27 4.395
1 28 4.929
1 29 6.088
1 30 5.146
1 31 4.441
1 32 2.867
1 35 1.925
1 36 2.856
2 3 3.483
2 4 3.861
2 5 4.192
2 6 5.298
2 7 5.927
2 8 5.55
2 9 3.898
2 10 4.473
2 11 5.384
2 12 5.067
2 13 3.08
2 14 4.741
2 15 3.417
2 16 6.005
2 17 4.254
2 18 3.013
2 19 3.527
2 20 5.09
2 21 4.066
2 22 3.97
2 23 4.578
2 24 4.745
2 25 3.718
2 26 3.55
2 27 2.059
2 28 5.505
2 29 4.702
2 30 4.75
2 31 3.894
2 32 4.483
2 37 2.112
2 38 1.46
3 4 4.512
3 5 5.247
3 6 4.472
3 7 5.536
3 8 4.495
3 9 3.561
3 10 6.025
3 11 5.154
3 12 3.635
3 13 4.213
3 14 6.287
3 15 3.257
3 16 4.692
3 17 5.92
3 18 4.597
3 19 3.268
3 20 3.295
3 21 5.411
3 22 5.395
3 23 4.014
3 24 5.431
3 25 5.373
3 26 5.403
3 27 5.179
3 28 5.257
3 29 6.023
3 30 3.783
3 31 3.615
3 32 4.146
3 39 1.983
3 40 5.249
4 5 4.422
4 6 5.268
4 7 5.813
4 8 6.724
4 9 5.1
4 10 4.553
4 11 5.453
4 12 5.0
4 13 4.587
4 14 5.606
4 15 4.201
4 16 3.766
4 17 3.626
4 18 5.976
4 19 6.8
4 20 4.122
4 21 6.559
4 22 4.575
4 23 5.155
4 24 4.197
4 25 5.481
4 26 4.058
4 27 4.053
4 28 3.736
4 29 5.116
4 30 4.065
4 31 4.779
4 32 5.05
4 41 4.432
4 42 2.215
5 6 6.226
5 7 7.952
5 8 5.427
5 9 5.105
5 10 6.629
5 11 5.216
5 12 4.014
5 13 2.926
5 14 7.059
5 15 3.967
5 16 2.461
5 17 4.684
5 18 7.125
5 19 5.23
5 20 4.192
5 21 5.065
5 22 5.691
5 23 5.662
5 24 4.695
5 25 5.735
5 26 5.439
5 27 4.621
5 28 5.129
5 29 5.061
5 30 5.288
5 31 5.441
5 32 5.864
5 43 4.841
5 44 1.333
6 7 5.856
6 8 5.479
6 9 6.352
6 10 7.256
6 11 4.446
6 12 4.337
6 13 5.789
6 14 6.097
6 15 7.517
6 16 4.678
6 17 5.654
6 18 4.914
6 19 4.994
6 20 6.84
6 21 4.047
6 22 4.587
6 23 4.378
6 24 4.594
6 25 6.378
6 26 4.27
6 27 4.089
6 28 5.787
6 29 4.916
6 30 5.61
6 31 5.015
6 32 5.491
6 45 4.65
6 46 2.929
7 8 3.963
7 9 4.611
7 10 3.071
7 11 4.021
7 12 5.615
7 13 4.484
7 14 6.535
7 15 4.861
7 16 5.392
7 17 6.153
7 18 4.358
7 19 4.923
7 20 3.568
7 21 5.736
7 22 5.805
7 23 3.842
7 24 5.864
7 25 5.372
7 26 3.478
7 27 6.031
7 28 4.635
7 29 4.251
7 30 4.639
7 31 5.07
7 32 5.731
7 47 1.728
7 48 3.386
8 9 4.949
8 10 4.197
8 11 4.951
8 12 3.554
8 13 5.483
8 14 6.699
8 15 4.311
8 16 5.736
8 17 4.957
8 18 5.839
8 19 6.297
8 20 6.738
8 21 3.525
8 22 5.045
8 23 4.277
8 24 4.009
8 25 4.084
8 26 4.707
8 27 4.014
8 28 4.613
8 29 4.508
8 30 4.83
8 31 5.494
8 32 5.857
8 49 5.473
8 50 2.473
9 10 4.772
9 11 5.521
9 12 4.304
9 13 5.228
9 14 3.156
9 15 5.513
9 16 4.306
9 17 5.903
9 18 5.826
9 19 4.161
9 20 7.209
9 21 3.952
9 22 4.996
9 23 5.266
9 24 3.743
9 25 6.15
9 26 5.814
9 27 4.826
9 28 4.146
9 29 5.286
9 30 6.109
9 31 5.817
9 32 5.521
9 51 3.53
9 52 3.015
10 11 4.719
10 12 4.456
10 13 4.796
10 14 3.541
10 15 4.379
10 16 3.31
10 17 6.836
10 18 5.74
10 19 4.58
10 20 4.814
10 21 5.097
10 22 3.902
10 23 6.211
10 24 6.338
10 25 5.871
10 26 6.518
10 27 4.741
10 28 4.761
10 29 5.048
10 30 4.583
10 31 5.655
10 32 3.746
10 53 2.332
10 54 3.288
11 12 5.752
11 13 4.176
11 14 7.359
11 15 6.304
11 16 4.313
11 17 4.563
11 18 5.042
11 19 5.23
11 20 5.681
11 21 3.415
11 22 4.264
11 23 5.103
11 24 5.942
11 25 4.194
11 26 5.905
11 27 5.563
11 28 4.803
11 29 4.237
11 30 5.839
11 31 5.093
11 32 5.544
11 55 2.665
11 56 3.935
12 13 5.751
12 14 6.472
12 15 5.942
12 16 2.807
12 17 3.441
12 18 3.582
12 19 5.242
12 20 5.115
12 21 4.186
12 22 7.435
12 23 5.119
12 24 5.903
12 25 5.344
12 26 5.615
12 27 4.298
12 28 5.075
12 29 6.968
12 30 3.971
12 31 4.615
12 32 4.384
12 57 3.625
12 58 3.263
13 14 5.414
13 15 5.119
13 16 4.68
13 17 5.75
13 18 4.64
13 19 5.901
13 20 7.583
13 21 3.276
13 22 4.322
13 23 5.294
13 24 5.245
13 25 4.54
13 26 6.459
13 27 6.049
13 28 5.15
13 29 5.614
13 30 3.898
13 31 4.394
13 32 5.128
13 59 6.028
13 60 3.469
14 15 5.394
14 16 4.539
14 17 3.069
14 18 5.335
14 19 6.478
14 20 4.814
14 21 3.941
14 22 6.35
14 23 4.308
14 24 4.223
14 25 5.602
14 26 6.649
14 27 5.254
14 28 3.638
14 29 6.101
14 30 3.854
14 31 5.526
14 32 4.819
14 61 2.736
14 62 3.719
15 16 5.618
15 17 3.805
15 18 4.9
15 19 4.401
15 20 6.566
15 21 4.132
15 22 5.552
15 23 6.505
15 24 5.739
15 25 6.425
15 26 4.695
15 27 5.519
15 28 4.696
15 29 5.186
15 30 5.552
15 31 4.88
15 32 4.091
15 63 1.781
15 64 2.062
16 17 5.404
16 18 4.356
16 19 5.357
16 20 5.278
16 21 4.459
16 22 6.414
16 23 4.634
16 24 5.875
16 25 4.012
16 26 5.147
16 27 5.162
16 28 6.017
16 29 7.381
16 30 5.349
16 31 5.843
16 32 2.824
16 65 3.547
16 66 4.454
17 18 4.753
17 19 3.552
17 20 4.579
17 21 4.915
17 22 5.681
17 23 5.464
17 24 6.14
17 25 4.349
17 26 5.062
17 27 5.63
17 28 6.265
17 29 5.862
17 30 5.694
17 31 5.336
17 32 4.789
17 67 4.351
17 68 2.887
18 19 4.938
18 20 7.229
18 21 5.975
18 22 4.739
18 23 6.363
18 24 4.402
18 25 5.456
18 26 4.851
18 27 5.802
18 28 3.543
18 29 4.901
18 30 5.928
18 31 3.7
18 32 4.712
18 69 3.164
18 70 2.954
19 20 4.795
19 21 4.87
19 22 5.816
19 23 5.023
19 24 4.994
19 25 5.356
19 26 5.062
19 27 6.122
19 28 5.44
19 29 5.035
19 30 4.56
19 31 4.769
19 32 4.598
19 71 1.099
19 72 2.859
20 21 6.093
20 22 4.831
20 23 3.106
20 24 4.886
20 25 4.275
20 26 6.238
20 27 6.202
20 28 3.913
20 29 3.429
20 30 5.872
20 31 6.955
20 32 6.642
20 73 4.511
20 74 3.755
21 22 7.727
21 23 5.733
21 24 6.049
21 25 3.662
21 26 5.278
21 27 6.092
21 28 4.934
21 29 5.838
21 30 3.921
21 31 5.103
21 32 2.713
21 75 2.792
21 76 3.218
22 23 6.361
22 24 6.598
22 25 5.744
22 26 4.701
22 27 5.374
22 28 5.85
22 29 3.758
22 30 2.37
22 31 3.782
22 32 4.806
22 77 4.419
22 78 3.854
23 24 5.337
23 25 3.653
23 26 2.633
23 27 5.184
23 28 5.058
23 29 5.086
23 30 4.303
23 31 6.777
23 32 4.785
23 79 4.029
23 80 4.009
24 25 4.322
24 26 3.634
24 27 3.558
24 28 5.987
24 29 4.918
24 30 3.556
24 31 7.107
24 32 3.347
24 81 2.262
24 82 3.925
25 26 3.168
25 27 3.994
25 28 5.944
25 29 4.966
25 30 4.699
25 31 7.219
25 32 5.071
25 83 2.622
25 84 5.23
26 27 4.687
26 28 5.139
26 29 5.191
26 30 5.335
26 31 3.504
26 32 6.406
26 85 1.281
26 86 4.276
27 28 4.956
27 29 4.688
27 30 5.245
27 31 5.949
27 32 6.031
27 87 2.132
27 88 2.322
28 29 2.95
28 30 5.485
28 31 4.95
28 32 4.987
28 89 3.655
28 90 2.323
29 30 5.399
29 31 3.29
29 32 4.352
29 91 2.851
29 92 3.903
30 31 5.918
30 32 3.459
30 93 0.657
30 94 1.424
31 32 6.973
31 95 2.296
31 96 2.295
32 97 3.605
32 98 3.182
33 35 2.326
34 36 2.121
37 39 0.414
38 40 1.12
41 43 3.21
42 44 3.619
45 47 3.748
46 48 3.386
49 51 2.849
50 52 2.282
53 55 4.088
54 56 2.439
57 59 3.155
58 60 3.091
61 63 4.358
62 64 2.011
65 67 5.062
66 68 2.688
69 71 3.317
70 72 2.428
73 75 2.396
74 76 0.593
77 79 5.368
78 80 3.477
81 83 3.619
82 84 4.597
85 87 4.403
86 88 3.376
89 91 2.184
90 92 3.531
93 95 2.491
94 96 2.378