93
0 49 11.90
0 84 18.11
0 29 75.47
1 15 11.70
1 86 19.51
1 80 85.83
2 74 68.43
2 76 11.53
3 44 95.63
3 10 18.17
4 52 77.83
5 47 45.63
5 0 56.34
6 53 20.25
6 35 49.12
7 13 77.15
7 41 92.22
7 58 84.53
8 46 49.12
9 78 52.50
9 52 94.95
9 10 42.10
9 7 5.00
10 78 33.20
10 81 8.50
11 65 24.76
11 47 81.74
12 26 18.12
12 26 63.51
12 37 91.59
13 7 68.00
13 14 25.99
14 85 85.21
15 58 25.50
15 47 23.25
16 54 11.21
16 83 5.80
17 12 3.82
18 5 2.98
19 79 6.15
20 30 92.92
20 46 85.85
20 38 99.67
21 31 12.18
21 19 5.81
22 45 7.25
22 62 16.11
23 54 32.56
23 78 84.82
23 71 90.18
24 75 82.25
25 84 57.28
25 2 81.65
26 21 91.35
27 20 52.28
27 32 44.11
28 6 32.25
28 42 81.55
29 61 25.12
30 81 52.81
30 16 58.27
30 25 81.82
31 10 81.12
31 0 0.28
32 15 33.42
33 90 68.52
34 28 51.27
34 12 81.59
35 67 75.72
35 91 57.15
36 92 81.24
36 31 62.49
36 44 63.95
36 63 17.25
36 19 61.24
37 12 12.65
37 16 61.25
38 17 65.89
39 91 71.92
40 1 56.19
41 2 27.51
42 3 72.91
42 4 28.53
43 21 71.72
44 41 61.92
44 21 17.59
44 68 64.92
45 65 55.71
45 13 66.38
46 79 51.29
46 49 12.68
46 20 15.31
46 47 53.31
46 23 13.64
46 71 51.35
47 0 68.13
47 54 58.93
48 68 13.09
48 4 53.03
49 50 15.93
50 89 55.61
50 2 81.24
51 43 51.93
52 91 5.16
53 25 19.28
54 68 15.79
55 51 18.29
55 83 81.72
56 72 11.13
56 63 22.22
56 51 43.15
57 49 87.13
58 18 13.79
58 26 79.34
59 66 61.02
60 77 17.94
60 88 81.02
61 92 13.68
62 1 13.49
63 25 17.31
63 28 13.47
63 74 97.13
64 72 13.04
64 52 97.41
65 91 98.11
65 74 13.98
65 25 13.51
65 44 12.34
65 56 12.01
66 21 79.13
66 90 1.00
66 91 61.00
67 5 13.04
67 9 5.31
68 21 5.13
68 73 15.31
69 82 61.36
69 75 1.21
70 64 5.12
70 19 58.10
71 92 12.56
72 15 12.05
73 18 15.91
73 52 12.40
73 57 1.25
73 29 13.25
73 81 51.56
74 90 68.19
75 35 1.13
76 62 0.15
77 61 25.1
77 44 1.35
78 27 51.30
78 83 12.41
78 82 42.11
79 88 56.78
79 91 67.89
79 24 78.90
79 33 23.41
80 41 12.34
80 45 6.78
81 72 1.24
82 85 51.31
83 86 9.12
83 87 51.20
83 88 15.79
83 89 57.19
83 90 12.12
83 5 57.48
83 2 21.47
84 56 12.74
84 82 25.41
85 75 26.18
86 55 71.29
86 64 12.52
87 62 21.79
87 11 52.81
87 16 22.41
88 17 99.18
88 81 55.18
89 37 56.47
89 41 91.27
89 45 81.52
90 72 44.51
91 81 81.28
92 29 58.21
92 39 18.12
92 42 27.11