99
0 1 4.092
0 2 4.653
0 3 1.814
0 4 5.308
0 5 4.589
0 6 5.537
0 7 4.166
0 8 5.507
0 9 4.087
0 10 6.408
0 11 5.009
0 12 4.759
0 13 5.917
0 14 4.441
0 15 5.715
0 16 3.752
0 17 3.962
0 18 4.289
0 19 5.09
0 20 4.611
0 21 4.435
0 22 4.754
0 23 5.429
0 24 5.554
0 25 3.892
0 26 4.571
0 27 6.372
0 28 5.535
0 29 4.032
0 30 3.933
0 31 4.696
0 32 4.594
0 33 2.231
0 34 0.729
1 2 3.94
1 3 4.711
1 4 5.78
1 5 4.531
1 6 4.87
1 7 4.214
1 8 6.04
1 9 4.387
1 10 5.363
1 11 5.433
1 12 6.977
1 13 4.647
1 14 4.458
1 15 5.458
1 16 5.646
1 17 5.023
1 18 5.907
1 19 5.103
1 20 6.012
1 21 5.819
1 22 4.772
1 23 3.136
1 24 4.684
1 25 3.758
1 26 5.473
1 27 5.953
1 28 5.909
1 29 5.001
1 30 5.248
1 31 4.305
1 32 6.06
1 35 2.171
1 36 3.625
2 3 5.256
2 4 6.636
2 5 5.581
2 6 6.173
2 7 3.719
2 8 4.561
2 9 4.451
2 10 4.821
2 11 4.611
2 12 7.612
2 13 4.176
2 14 4.351
2 15 4.422
2 16 5.681
2 17 5.644
2 18 4.269
2 19 5.582
2 20 5.624
2 21 5.187
2 22 5.254
2 23 5.205
2 24 6.505
2 25 6.062
2 26 5.801
2 27 6.184
2 28 7.193
2 29 6.709
2 30 5.255
2 31 6.081
2 32 5.529
2 37 3.44
2 38 3.758
3 4 3.475
3 5 5.758
3 6 4.21
3 7 4.918
3 8 4.41
3 9 5.035
3 10 4.132
3 11 6.696
3 12 3.817
3 13 4.059
3 14 5.488
3 15 5.488
3 16 6.903
3 17 4.475
3 18 5.473
3 19 6.325
3 20 3.631
3 21 5.654
3 22 6.269
3 23 3.016
3 24 5.061
3 25 4.349
3 26 4.859
3 27 5.274
3 28 3.286
3 29 6.01
3 30 7.029
3 31 5.084
3 32 4.272
3 39 4.73
3 40 2.759
4 5 5.145
4 6 4.28
4 7 4.045
4 8 6.017
4 9 6.556
4 10 4.11
4 11 5.276
4 12 5.659
4 13 5.658
4 14 5.16
4 15 3.053
4 16 4.54
4 17 5.841
4 18 3.726
4 19 4.269
4 20 4.425
4 21 5.997
4 22 4.685
4 23 4.5
4 24 6.328
4 25 3.972
4 26 7.02
4 27 4.33
4 28 3.608
4 29 5.288
4 30 5.395
4 31 5.211
4 32 4.051
4 41 3.47
4 42 4.027
5 6 5.395
5 7 5.867
5 8 5.317
5 9 4.378
5 10 5.251
5 11 6.106
5 12 5.284
5 13 6.174
5 14 5.081
5 15 4.134
5 16 4.375
5 17 3.595
5 18 5.358
5 19 5.146
5 20 4.787
5 21 5.595
5 22 3.274
5 23 6.182
5 24 4.619
5 25 5.137
5 26 6.372
5 27 4.17
5 28 3.747
5 29 5.778
5 30 5.247
5 31 4.283
5 32 5.94
5 43 1.862
5 44 3.393
6 7 5.193
6 8 3.283
6 9 5.472
6 10 5.235
6 11 5.118
6 12 4.635
6 13 4.461
6 14 4.312
6 15 4.767
6 16 4.157
6 17 6.77
6 18 4.037
6 19 3.884
6 20 3.414
6 21 3.899
6 22 3.877
6 23 5.675
6 24 6.063
6 25 5.902
6 26 5.793
6 27 4.659
6 28 4.071
6 29 5.212
6 30 5.754
6 31 4.317
6 32 4.427
6 45 2.491
6 46 2.451
7 8 5.355
7 9 4.513
7 10 5.806
7 11 4.237
7 12 5.091
7 13 5.515
7 14 4.678
7 15 5.467
7 16 6.092
7 17 4.87
7 18 3.196
7 19 6.647
7 20 5.925
7 21 6.133
7 22 4.023
7 23 4.387
7 24 5.447
7 25 5.193
7 26 5.076
7 27 5.437
7 28 6.266
7 29 2.992
7 30 4.509
7 31 4.066
7 32 4.887
7 47 3.634
7 48 3.573
8 9 2.442
8 10 5.683
8 11 5.305
8 12 6.147
8 13 4.857
8 14 6.581
8 15 5.639
8 16 4.216
8 17 6.147
8 18 4.797
8 19 5.354
8 20 7.483
8 21 3.96
8 22 4.057
8 23 6.273
8 24 3.79
8 25 5.567
8 26 4.826
8 27 5.688
8 28 3.98
8 29 6.192
8 30 5.587
8 31 3.638
8 32 6.761
8 49 1.193
8 50 3.676
9 10 5.174
9 11 5.425
9 12 4.636
9 13 5.059
9 14 5.354
9 15 5.431
9 16 5.103
9 17 4.148
9 18 5.793
9 19 3.183
9 20 3.412
9 21 5.389
9 22 6.352
9 23 6.764
9 24 4.136
9 25 4.155
9 26 3.273
9 27 5.881
9 28 4.284
9 29 5.118
9 30 4.95
9 31 5.405
9 32 6.153
9 51 2.86
9 52 2.571
10 11 5.182
10 12 6.499
10 13 3.859
10 14 4.681
10 15 6.05
10 16 5.114
10 17 5.96
10 18 3.208
10 19 5.075
10 20 5.223
10 21 4.754
10 22 4.826
10 23 7.871
10 24 4.22
10 25 4.393
10 26 4.827
10 27 3.788
10 28 4.641
10 29 5.971
10 30 6.373
10 31 4.648
10 32 6.83
10 53 2.252
10 54 3.318
11 12 5.489
11 13 3.356
11 14 6.695
11 15 6.828
11 16 5.942
11 17 3.809
11 18 5.239
11 19 3.639
11 20 4.736
11 21 2.665
11 22 5.229
11 23 5.838
11 24 7.048
11 25 3.156
11 26 5.696
11 27 5.646
11 28 4.446
11 29 4.35
11 30 4.654
11 31 4.799
11 32 4.554
11 55 4.349
11 56 4.493
12 13 5.341
12 14 5.01
12 15 5.039
12 16 3.581
12 17 6.514
12 18 4.055
12 19 5.798
12 20 4.194
12 21 4.862
12 22 6.964
12 23 5.338
12 24 4.662
12 25 5.373
12 26 4.649
12 27 4.765
12 28 4.083
12 29 4.415
12 30 5.165
12 31 4.675
12 32 6.027
12 57 2.762
12 58 2.91
13 14 5.304
13 15 4.637
13 16 3.108
13 17 4.121
13 18 6.485
13 19 4.767
13 20 4.629
13 21 5.017
13 22 4.925
13 23 4.85
13 24 4.038
13 25 3.939
13 26 4.087
13 27 5.938
13 28 3.926
13 29 5.359
13 30 5.194
13 31 3.143
13 32 6.394
13 59 3.439
13 60 3.107
14 15 7.106
14 16 5.719
14 17 5.319
14 18 6.233
14 19 5.253
14 20 4.606
14 21 3.307
14 22 3.691
14 23 5.447
14 24 5.443
14 25 6.684
14 26 5.643
14 27 8.271
14 28 4.518
14 29 5.85
14 30 4.185
14 31 4.337
14 32 5.247
14 61 3.402
14 62 2.219
15 16 5.232
15 17 5.491
15 18 3.911
15 19 5.104
15 20 4.317
15 21 6.841
15 22 5.015
15 23 5.265
15 24 5.595
15 25 5.679
15 26 4.86
15 27 4.915
15 28 4.013
15 29 4.395
15 30 4.185
15 31 6.092
15 32 5.44
15 63 3.292
15 64 3.362
16 17 5.217
16 18 4.375
16 19 5.631
16 20 5.193
16 21 4.463
16 22 5.988
16 23 5.841
16 24 4.451
16 25 6.104
16 26 4.782
16 27 5.749
16 28 3.958
16 29 6.863
16 30 3.655
16 31 5.539
16 32 6.055
16 65 2.496
16 66 2.259
17 18 3.785
17 19 5.071
17 20 5.149
17 21 4.888
17 22 4.213
17 23 4.987
17 24 5.047
17 25 5.958
17 26 5.976
17 27 2.651
17 28 6.528
17 29 4.236
17 30 5.691
17 31 5.227
17 32 5.048
17 67 2.857
17 68 3.364
18 19 5.596
18 20 5.561
18 21 5.015
18 22 2.978
18 23 4.282
18 24 4.6
18 25 5.043
18 26 3.1
18 27 6.004
18 28 4.221
18 29 3.916
18 30 4.502
18 31 4.561
18 32 4.311
18 69 3.545
18 70 0.651
19 20 2.718
19 21 6.069
19 22 5.484
19 23 3.253
19 24 6.257
19 25 5.72
19 26 4.449
19 27 6.027
19 28 5.373
19 29 6.488
19 30 4.906
19 31 4.123
19 32 6.065
19 71 2.213
19 72 1.211
20 21 4.831
20 22 5.501
20 23 4.74
20 24 3.703
20 25 4.0
20 26 5.462
20 27 5.937
20 28 4.232
20 29 6.194
20 30 3.94
20 31 4.58
20 32 4.427
20 73 2.174
20 74 2.677
21 22 3.97
21 23 4.799
21 24 4.376
21 25 3.123
21 26 6.642
21 27 5.596
21 28 4.537
21 29 5.848
21 30 4.543
21 31 7.154
21 32 4.456
21 75 4.252
21 76 2.478
22 23 6.347
22 24 4.587
22 25 4.891
22 26 4.324
22 27 5.945
22 28 4.284
22 29 7.381
22 30 5.525
22 31 5.464
22 32 5.143
22 77 2.805
22 78 2.633
23 24 4.204
23 25 4.451
23 26 6.247
23 27 5.003
23 28 4.792
23 29 5.186
23 30 4.496
23 31 4.196
23 32 4.159
23 79 2.168
23 80 2.267
24 25 4.611
24 26 4.808
24 27 4.919
24 28 5.46
24 29 3.972
24 30 6.762
24 31 6.143
24 32 3.499
24 81 3.673
24 82 2.572
25 26 3.023
25 27 4.643
25 28 2.785
25 29 5.069
25 30 5.616
25 31 5.631
25 32 3.418
25 83 2.639
25 84 2.855
26 27 6.464
26 28 5.439
26 29 4.359
26 30 6.438
26 31 5.562
26 32 4.245
26 85 3.077
26 86 1.682
27 28 3.681
27 29 5.083
27 30 5.788
27 31 5.572
27 32 4.893
27 87 2.838
27 88 3.548
28 29 5.756
28 30 5.937
28 31 6.8
28 32 5.426
28 89 3.141
28 90 1.519
29 30 4.443
29 31 5.231
29 32 3.668
29 91 1.478
29 92 3.09
30 31 6.59
30 32 3.227
30 93 3.827
30 94 4.507
31 32 5.481
31 95 2.397
31 96 2.965
32 97 2.699
32 98 3.763
33 35 2.654
34 36 2.055
37 39 2.321
38 40 1.402
41 43 3.316
42 44 2.413
45 47 2.895
46 48 2.724
49 51 2.907
50 52 3.406
53 55 4.189
54 56 3.734
57 59 1.745
58 60 1.455
61 63 1.738
62 64 1.968
65 67 2.75
66 68 4.124
69 71 1.914
70 72 3.96
73 75 1.802
74 76 3.353
77 79 4.427
78 80 1.751
81 83 4.711
82 84 2.555
85 87 3.223
86 88 4.237
89 91 2.146
90 92 2.426
93 95 4.154
94 96 1.839