100
61 85 44.880
23 85 58.519
1 23 26.486
31 61 76.531
12 23 49.057
42 23 83.236
40 31 32.584
92 12 61.998
20 40 79.396
44 1 90.056
68 31 55.123
46 40 60.605
95 61 98.434
83 20 60.769
80 20 13.893
47 31 0.242
76 23 51.385
60 47 92.599
67 68 90.200
9 95 30.852
72 85 24.276
8 9 60.468
10 92 77.694
51 85 14.729
59 9 3.588
4 1 34.491
98 44 45.310
73 31 81.085
39 1 52.205
0 92 50.132
96 8 50.334
82 12 70.917
81 44 91.264
65 83 41.594
53 59 49.025
88 10 14.532
93 81 24.645
27 73 63.835
84 46 71.394
11 72 82.131
19 98 94.218
3 0 87.120
77 83 28.880
24 96 44.698
69 39 92.386
49 20 71.083
86 42 58.541
17 3 94.834
54 10 30.555
71 51 23.630
5 39 43.088
16 27 14.365
29 3 8.523
74 17 73.424
64 67 5.913
38 88 72.740
30 23 96.594
75 68 61.802
32 88 3.632
52 32 79.038
21 32 85.533
45 1 78.034
91 8 57.213
97 71 5.050
43 68 15.146
94 39 12.073
56 71 23.123
37 81 11.326
28 95 72.657
50 21 50.810
41 94 83.810
70 83 94.004
57 72 4.827
62 43 46.633
35 11 39.948
22 84 91.228
7 57 64.537
18 88 75.172
63 65 36.678
89 61 45.620
33 10 58.758
15 82 46.771
48 69 18.183
6 77 15.896
25 22 82.282
79 49 90.759
26 35 74.973
34 82 93.490
14 20 98.539
58 15 59.188
90 48 17.258
55 38 1.466
66 25 71.832
87 51 43.835
78 48 92.002
99 72 48.755
36 40 11.220
13 62 44.886
2 70 20.110