100
0 1 68.599
0 2 43.998
0 3 60.162
0 4 95.076
0 5 67.676
0 6 36.688
0 7 79.091
0 8 29.572
0 9 82.326
0 10 56.719
0 11 60.812
0 12 85.86
0 13 22.692
0 14 41.575
0 15 81.71
0 16 1.511
0 17 39.931
0 20 23.018
0 21 25.153
0 22 19.154
0 23 10.506
0 24 56.741
0 25 52.681
0 26 91.627
0 27 49.185
0 28 75.391
0 29 24.159
0 30 18.927
0 31 33.538
0 32 14.724
0 33 38.426
0 34 67.207
0 35 90.499
0 36 13.198
0 37 91.366
0 38 22.289
0 39 24.257
0 40 64.072
0 41 0.195
0 42 68.349
0 43 97.629
0 44 41.503
0 45 27.177
0 46 28.859
0 47 1.341
0 48 93.212
0 49 41.235
0 50 42.745
0 51 15.808
0 52 86.008
0 53 85.043
0 54 43.511
0 55 24.772
0 56 87.111
0 57 85.106
0 58 34.884
0 59 91.366
0 60 44.658
0 61 21.165
0 62 67.85
0 63 84.49
0 64 5.545
0 65 85.742
0 66 27.113
0 67 14.205
0 68 70.693
0 69 72.503
0 70 0.661
0 71 31.069
0 72 92.843
0 73 77.83
0 74 72.976
0 75 57.744
0 76 55.385
0 77 46.115
0 78 65.165
0 79 19.34
0 80 96.175
0 81 48.795
0 82 86.16
0 83 75.189
0 84 63.675
0 85 10.483
0 86 57.124
0 87 95.125
0 88 27.065
0 89 42.098
0 90 83.665
0 91 39.013
0 92 45.802
0 93 13.12
0 94 17.013
0 95 61.615
0 96 85.017
0 97 79.852
0 98 81.639
0 99 88.355
1 2 79.827
1 3 5.208
1 4 88.695
1 5 5.326
1 6 91.676
1 7 75.238
1 8 87.99
1 9 88.899
1 10 68.566
1 11 13.64
1 12 13.054
1 13 4.402
1 14 17.681
1 15 51.409
1 16 6.975
1 17 52.996
1 18 37.129
1 19 66.378
1 20 83.294
1 21 12.641
1 22 51.014
1 23 6.935
1 24 17.578
1 25 40.986
1 26 6.739
1 27 74.336
1 28 39.804
1 29 97.878
1 30 80.321
1 31 47.935
1 32 12.769
1 33 13.36
1 34 92.061
1 35 34.163
1 36 95.237
1 37 71.705
1 38 82.568
1 39 43.123
1 40 9.532
1 41 40.951
1 42 40.122
1 43 51.234
1 44 72.032
1 45 56.787
1 46 94.552
1 47 0.644
1 48 61.077
1 49 48.828
1 50 53.492
1 51 10.32
1 52 36.626
1 53 22.362
1 54 83.538
1 55 98.223
1 56 24.03
1 57 22.852
1 58 49.437
1 59 47.182
1 60 81.367
1 61 26.654
1 62 49.941
1 63 53.246
1 64 19.357
1 65 34.996
1 66 15.55
1 67 41.35
1 68 96.428
1 69 52.284
1 70 98.369
1 71 76.753
1 72 38.904
1 73 60.107
1 74 28.845
1 75 75.225
1 76 58.988
1 77 16.435
1 78 46.723
1 79 27.167
1 80 22.211
1 81 14.601
1 82 81.291
1 83 63.969
1 84 5.915
1 85 11.019
1 86 72.1
1 87 38.095
1 88 67.955
1 89 26.461
1 90 14.362
1 91 50.502
1 92 45.676
1 93 67.385
1 94 66.508
1 95 83.173
1 96 11.09
1 97 49.364
1 98 83.451
1 99 13.852
2 3 74.944
2 4 44.958
2 5 91.316
2 6 53.861
2 7 66.486
2 8 41.12
2 9 12.452
2 10 59.362
2 11 7.31
2 12 54.672
2 13 63.939
2 14 78.452
2 15 21.02
2 16 62.193
2 17 22.886
2 18 62.972
2 19 94.48
2 20 46.866
2 21 20.652
2 22 80.738
2 23 71.658
2 24 40.49
2 25 45.632
2 26 1.295
2 27 27.735
2 28 26.693
2 29 62.873
2 30 48.091
2 31 64.125
2 32 48.309
2 33 20.531
2 34 70.194
2 35 18.283
2 36 18.335
2 37 11.728
2 38 70.05
2 39 22.018
2 40 32.902
2 41 78.052
2 42 37.908
2 43 39.42
2 44 87.066
2 45 70.7
2 46 39.508
2 47 4.181
2 48 23.471
2 49 81.277
2 50 95.296
2 51 21.125
2 52 12.21
2 53 38.167
2 54 60.458
2 55 19.141
2 56 31.026
2 57 32.224
2 58 42.634
2 59 10.365
2 60 56.079
2 61 78.332
2 62 9.184
2 63 43.222
2 64 86.598
2 65 77.19
2 66 25.564
2 67 7.02
2 68 11.669
2 69 23.318
2 70 29.726
2 71 77.194
2 74 88.175
2 75 16.038
2 76 96.299
2 77 83.391
2 78 5.222
2 79 39.644
2 80 65.073
2 81 60.348
2 82 96.283
2 83 7.195
2 84 84.237
2 85 43.816
2 86 88.126
2 87 19.35
2 88 49.171
2 89 75.203
2 90 5.396
2 91 24.471
2 92 77.841
2 93 78.578
2 94 29.992
2 95 37.046
2 96 53.646
2 97 77.704
2 98 13.778
2 99 57.684
3 4 82.231
3 5 87.05
3 6 7.079
3 7 26.191
3 8 37.038
3 9 67.947
3 10 38.193
3 11 68.99
3 12 48.244
3 13 46.397
3 14 73.28
3 15 82.841
3 16 21.44
3 17 99.964
3 18 67.709
3 19 36.84
3 20 24.053
3 21 9.213
3 22 23.043
3 23 16.415
3 24 83.812
3 25 54.111
3 26 87.042
3 27 43.335
3 28 30.5
3 29 61.857
3 30 7.834
3 31 67.061
3 32 8.396
3 33 44.006
3 34 11.65
3 35 47.699
3 36 47.55
3 37 34.052
3 38 16.601
3 39 29.161
3 40 37.632
3 41 8.6
3 42 69.714
3 43 30.711
3 44 60.598
3 45 55.286
3 46 26.277
3 47 60.812
3 48 41.217
3 49 45.279
3 50 78.192
3 51 76.433
3 52 16.677
3 53 92.844
3 54 84.116
3 55 77.965
3 56 18.052
3 57 82.787
3 58 32.476
3 59 92.496
3 60 14.809
3 61 6.153
3 62 35.587
3 63 96.024
3 64 71.498
3 65 64.023
3 66 51.573
3 67 6.664
3 68 87.235
3 69 43.93
3 70 45.771
3 71 57.462
3 72 54.996
3 73 7.538
3 74 66.029
3 75 20.412
3 76 8.949
3 77 94.884
3 78 39.367
3 79 26.4
3 80 32.856
3 81 37.109
3 82 55.086
3 83 46.605
3 84 14.789
3 85 75.133
3 86 24.345
3 87 6.487
3 88 60.09
3 89 48.311
3 90 0.809
3 91 36.951
3 92 8.723
3 93 71.714
3 94 42.443
3 95 44.18
3 96 36.628
3 97 78.018
3 98 59.418
3 99 12.485
4 5 44.7
4 6 84.473
4 7 21.485
4 8 29.578
4 9 71.703
4 10 87.385
4 11 43.229
4 12 8.979
4 13 19.589
4 14 28.114
4 15 4.83
4 16 82.16
4 17 15.756
4 18 80.049
4 19 47.626
4 20 72.97
4 21 62.462
4 22 99.127
4 23 13.835
4 24 9.322
4 25 4.668
4 26 88.783
4 27 79.424
4 28 29.759
4 29 95.451
4 30 83.497
4 31 68.801
4 32 1.26
4 33 82.868
4 34 75.167
4 35 76.206
4 36 18.06
4 37 6.85
4 38 48.911
4 39 80.105
4 40 50.211
4 41 33.609
4 42 97.044
4 43 35.597
4 44 3.137
4 45 87.057
4 46 10.161
4 47 55.63
4 48 87.443
4 49 80.598
4 50 49.561
4 51 80.543
4 52 92.588
4 53 22.412
4 54 26.666
4 55 38.879
4 56 8.44
4 57 74.303
4 58 40.244
4 59 81.007
4 60 16.336
4 61 49.449
4 62 70.616
4 63 15.316
4 64 27.872
4 65 11.399
4 66 51.577
4 67 26.201
4 68 23.865
4 69 47.977
4 70 94.332
4 71 95.113
4 72 40.982
4 73 45.771
4 74 59.412
4 75 87.108
4 76 84.331
4 77 70.582
4 78 14.313
4 79 50.374
4 80 91.914
4 81 52.106
4 82 1.773
4 83 23.623
4 84 98.362
4 85 25.385
4 86 60.299
4 87 16.766
4 88 34.656
4 89 91.723
4 90 78.0
4 91 86.477
4 92 56.59
4 93 31.73
4 94 1.634
4 95 44.622
4 96 0.931
4 97 31.358
4 98 34.742
4 99 45.51
5 6 66.612
5 7 17.201
5 8 29.288
5 9 80.512
5 10 0.934
5 11 44.426
5 12 46.086
5 13 24.371
5 14 6.618
5 15 13.208
5 16 5.145
5 17 95.718
5 18 21.161
5 19 19.473
5 20 69.575
5 21 90.579
5 22 23.347
5 23 62.795
5 24 17.24
5 25 89.052
5 26 19.82
5 27 39.154
5 28 9.379
5 29 50.97
5 30 68.994
5 31 67.028
5 32 64.74
5 33 2.384
5 34 99.597
5 35 63.572
5 36 36.303
5 37 55.154
5 38 89.762
5 39 44.277
5 40 40.215
5 41 19.274
5 42 19.95
5 43 95.89
5 44 9.425
5 45 43.142
5 46 88.476
5 47 22.482
5 48 49.236
5 49 3.418
5 50 13.972
5 51 43.598
5 52 78.015
5 53 52.448
5 54 55.611
5 55 76.712
5 56 18.007
5 57 33.598
5 58 39.883
5 59 27.145
5 60 38.324
5 61 7.326
5 62 71.645
5 63 33.649
5 64 34.389
5 65 57.377
5 66 19.983
5 67 60.368
5 68 33.16
5 69 70.731
5 70 23.69
5 71 20.766
5 72 26.917
5 73 93.951
5 74 4.556
5 75 21.845
5 76 82.685
5 77 41.03
5 78 87.505
5 79 37.831
5 80 85.44
5 81 54.044
5 82 98.374
5 83 16.657
5 84 38.367
5 85 94.623
5 86 59.775
5 87 23.666
5 88 77.462
5 89 67.147
5 90 72.496
5 91 26.659
5 94 67.9
5 95 7.114
5 96 26.16
5 97 11.433
5 98 81.135
5 99 49.551
6 7 0.249
6 8 98.679
6 9 69.149
6 10 55.443
6 11 50.628
6 12 41.69
6 13 97.038
6 14 40.987
6 15 64.039
6 16 37.572
6 17 71.459
6 18 54.797
6 19 15.587
6 20 88.941
6 21 70.469
6 22 5.375
6 23 82.298
6 24 59.957
6 25 91.834
6 26 3.102
6 27 58.564
6 28 4.079
6 29 9.169
6 30 23.42
6 31 81.638
6 32 96.774
6 33 83.83
6 34 30.174
6 35 88.948
6 36 47.051
6 37 35.837
6 38 81.647
6 39 75.676
6 40 82.814
6 41 30.173
6 42 13.291
6 43 34.378
6 44 9.375
6 45 22.866
6 46 22.827
6 47 20.368
6 48 73.284
6 49 66.556
6 50 48.363
6 51 43.394
6 52 24.353
6 53 54.429
6 54 23.229
6 55 89.686
6 56 27.133
6 57 61.271
6 58 18.794
6 59 20.63
6 60 90.967
6 61 94.136
6 62 93.667
6 63 28.287
6 64 29.147
6 65 74.732
6 66 13.247
6 67 88.411
6 68 87.223
6 69 1.718
6 70 24.623
6 71 97.455
6 72 27.835
6 73 77.121
6 74 31.315
6 75 19.378
6 76 84.13
6 77 46.564
6 78 43.398
6 79 53.766
6 80 69.922
6 81 55.502
6 82 24.547
6 83 13.04
6 84 54.685
6 85 42.344
6 86 46.74
6 87 26.137
6 88 5.437
6 89 15.268
6 90 12.297
6 91 46.843
6 92 57.243
6 93 83.723
6 94 96.931
6 95 59.148
6 96 28.471
6 97 58.992
6 98 18.624
6 99 7.885
7 8 47.371
7 9 82.467
7 10 19.358
7 11 54.612
7 12 88.884
7 13 52.8
7 14 43.863
7 15 38.035
7 16 28.264
7 17 54.17
7 18 43.905
7 19 79.822
7 20 50.538
7 21 58.415
7 22 85.984
7 23 34.506
7 24 15.004
7 25 61.565
7 26 50.27
7 27 62.207
7 28 80.437
7 29 38.303
7 30 69.531
7 31 6.988
7 32 63.007
7 33 42.142
7 34 55.615
7 35 84.796
7 36 57.655
7 37 41.243
7 38 72.906
7 39 34.465
7 40 68.077
7 41 34.864
7 42 11.927
7 43 9.873
7 44 29.186
7 45 45.838
7 46 21.97
7 47 60.118
7 48 77.041
7 49 76.565
7 50 29.884
7 51 94.474
7 52 82.762
7 53 44.512
7 54 70.016
7 55 69.764
7 56 48.263
7 57 36.167
7 58 65.27
7 59 57.875
7 60 19.272
7 61 69.918
7 62 0.152
7 63 19.795
7 64 85.591
7 65 31.01
7 66 77.345
7 67 91.779
7 68 20.954
7 69 13.757
7 70 52.61
7 71 99.957
7 72 7.653
7 73 15.488
7 74 53.809
7 75 83.861
7 76 70.52
7 77 94.063
7 78 20.3
7 79 82.094
7 80 71.715
7 81 33.856
7 82 62.259
7 83 56.252
7 84 27.552
7 85 53.808
7 86 4.709
7 87 75.766
7 88 82.088
7 89 39.77
7 90 60.53
7 91 9.88
7 92 94.415
7 93 85.566
7 94 19.225
7 95 21.767
7 96 94.149
7 97 86.194
7 98 21.771
7 99 95.769
8 9 78.593
8 10 31.477
8 11 50.344
8 12 65.453
8 13 18.249
8 14 8.876
8 15 36.138
8 16 25.952
8 17 25.941
8 18 30.749
8 19 73.375
8 20 29.372
8 21 32.285
8 22 68.422
8 23 86.676
8 24 84.778
8 25 86.002
8 26 47.216
8 27 17.191
8 28 19.228
8 29 75.68
8 30 57.353
8 31 81.621
8 32 13.117
8 33 51.746
8 34 61.035
8 35 52.557
8 36 51.005
8 37 70.024
8 38 8.268
8 39 11.171
8 40 68.985
8 41 75.99
8 42 8.75
8 43 88.873
8 44 5.896
8 45 47.044
8 46 58.222
8 47 47.608
8 48 28.643
8 49 17.362
8 50 69.4
8 51 69.325
8 52 20.8
8 53 34.525
8 54 29.252
8 55 31.494
8 56 94.045
8 57 30.655
8 58 87.379
8 59 38.741
8 60 89.454
8 61 91.581
8 62 86.082
8 63 82.433
8 64 67.867
8 65 89.586
8 66 50.495
8 67 27.669
8 68 23.428
8 69 16.221
8 70 44.897
8 71 39.912
8 72 66.0
8 73 71.32
8 74 34.186
8 75 93.399
8 76 87.89
8 77 67.038
8 78 94.29
8 79 79.728
8 80 11.392
8 81 84.31
8 82 25.487
8 83 94.988
8 84 31.462
8 85 77.225
8 86 56.968
8 87 8.741
8 88 32.706
8 89 72.826
8 90 79.107
8 91 93.672
8 92 13.894
8 93 56.463
8 94 82.772
8 95 37.932
8 96 18.133
8 97 95.34
8 98 64.545
8 99 88.762
9 10 1.759
9 11 94.119
9 12 43.186
9 13 77.816
9 14 95.76
9 15 19.689
9 16 86.153
9 17 91.503
9 18 66.224
9 19 67.864
9 20 15.787
9 21 44.761
9 22 63.106
9 23 25.515
9 24 76.51
9 25 17.304
9 26 76.71
9 27 78.192
9 28 98.971
9 29 25.185
9 30 20.581
9 31 16.227
9 32 78.405
9 33 9.788
9 34 16.512
9 35 34.876
9 36 18.292
9 37 2.304
9 38 55.754
9 39 12.117
9 40 34.411
9 41 54.8
9 42 24.286
9 43 72.375
9 44 88.256
9 45 60.189
9 46 47.72
9 47 93.996
9 48 2.345
9 49 46.149
9 50 42.935
9 51 91.359
9 52 58.309
9 53 5.073
9 54 83.312
9 55 1.698
9 56 20.462
9 57 97.733
9 58 77.973
9 59 53.536
9 60 93.081
9 61 50.572
9 62 97.692
9 63 84.748
9 64 30.349
9 65 26.377
9 66 31.748
9 67 14.282
9 68 43.647
9 69 19.018
9 70 37.225
9 71 30.71
9 72 66.902
9 73 58.171
9 74 71.805
9 75 19.789
9 76 21.933
9 77 15.46
9 78 44.569
9 79 20.675
9 80 97.766
9 81 40.559
9 82 30.261
9 83 3.746
9 84 87.854
9 85 98.001
9 86 57.34
9 87 36.048
9 88 33.664
9 89 1.795
9 90 22.217
9 91 61.02
9 92 78.079
9 93 97.228
9 94 68.617
9 95 28.14
9 96 95.212
9 97 74.857
9 98 10.452
9 99 51.627
10 11 71.874
10 12 50.214
10 13 13.122
10 14 17.837
10 15 7.144
10 16 67.866
10 17 70.559
10 18 81.915
10 19 36.197
10 20 17.122
10 21 91.428
10 22 25.33
10 23 91.09
10 24 17.275
10 25 94.19
10 26 99.032
10 27 70.738
10 28 40.303
10 29 76.838
10 30 5.172
10 31 90.949
10 32 76.553
10 33 38.672
10 34 88.143
10 35 36.163
10 36 81.363
10 37 86.383
10 38 16.811
10 39 89.611
10 40 6.255
10 41 35.002
10 42 31.723
10 43 55.212
10 44 5.846
10 45 52.557
10 46 80.171
10 47 25.996
10 48 6.567
10 49 37.195
10 50 98.555
10 51 24.723
10 52 0.176
10 53 0.767
10 54 32.911
10 55 29.203
10 56 23.544
10 57 38.648
10 58 73.539
10 59 62.753
10 60 20.379
10 61 33.457
10 62 55.401
10 63 53.253
10 64 65.24
10 65 97.967
10 66 46.782
10 67 88.056
10 68 15.117
10 69 23.564
10 70 95.599
10 71 39.786
10 72 75.787
10 73 79.814
10 74 26.708
10 75 33.868
10 76 55.385
10 77 20.212
10 78 4.116
10 79 99.987
10 80 64.235
10 81 9.095
10 82 68.026
10 83 30.62
10 84 69.039
10 85 28.778
10 86 38.824
10 87 43.878
10 90 20.766
10 91 16.514
10 92 18.389
10 93 2.312
10 94 27.819
10 95 79.565
10 96 9.355
10 97 69.558
10 98 82.53
10 99 32.057
11 12 23.365
11 13 14.191
11 14 39.842
11 15 96.625
11 16 97.068
11 17 2.244
11 18 72.644
11 19 34.232
11 20 47.113
11 21 15.911
11 22 62.693
11 23 3.17
11 24 23.206
11 25 12.733
11 26 96.586
11 27 2.678
11 28 38.077
11 29 42.785
11 30 57.623
11 31 41.845
11 32 76.779
11 33 99.679
11 34 99.014
11 35 13.108
11 36 44.937
11 37 71.49
11 38 43.787
11 39 68.367
11 40 33.482
11 41 53.791
11 42 38.356
11 43 60.705
11 44 96.612
11 45 76.114
11 46 18.065
11 47 1.219
11 48 41.152
11 49 79.136
11 50 21.614
11 51 14.236
11 52 83.877
11 53 86.129
11 54 86.481
11 55 53.35
11 56 18.146
11 57 65.196
11 58 35.446
11 59 10.884
11 60 26.139
11 61 68.219
11 62 22.227
11 63 84.657
11 64 5.002
11 65 57.63
11 66 57.862
11 67 32.441
11 68 26.103
11 69 68.462
11 70 60.829
11 71 69.177
11 72 33.658
11 73 34.423
11 74 8.376
11 75 2.747
11 76 83.504
11 77 89.335
11 78 81.196
11 79 59.162
11 80 21.446
11 81 96.637
11 82 32.62
11 83 8.131
11 84 47.96
11 85 62.711
11 86 83.916
11 87 34.828
11 88 30.949
11 89 25.613
11 90 54.881
11 91 14.749
11 92 76.0
11 93 14.962
11 94 22.109
11 95 56.821
11 96 4.564
11 97 13.166
11 98 0.912
11 99 72.923
12 13 45.609
12 14 87.298
12 15 58.441
12 16 25.04
12 17 39.984
12 18 42.329
12 19 57.365
12 20 21.663
12 21 78.589
12 22 56.82
12 23 13.394
12 24 40.485
12 25 72.856
12 26 77.498
12 27 13.464
12 28 19.654
12 29 65.845
12 30 35.669
12 31 64.892
12 32 28.183
12 33 32.59
12 34 80.281
12 35 7.445
12 36 73.245
12 37 18.421
12 38 67.979
12 39 12.707
12 40 7.193
12 41 14.911
12 42 86.213
12 43 54.912
12 44 50.586
12 45 46.997
12 46 18.948
12 47 63.203
12 48 21.423
12 49 97.921
12 50 90.675
12 51 28.138
12 52 15.789
12 53 95.279
12 54 24.349
12 55 11.92
12 56 46.766
12 57 34.223
12 58 67.68
12 59 68.773
12 60 80.229
12 61 78.329
12 62 18.555
12 63 35.728
12 64 58.249
12 65 18.557
12 66 70.336
12 67 89.602
12 68 5.038
12 69 19.263
12 70 85.592
12 71 20.366
12 72 50.519
12 73 94.467
12 74 84.267
12 75 95.636
12 76 14.63
12 77 79.505
12 78 89.014
12 79 55.088
12 80 52.869
12 81 63.7
12 82 95.742
12 83 21.947
12 84 5.275
12 85 31.481
12 86 30.861
12 87 54.646
12 88 91.496
12 89 64.305
12 90 6.283
12 91 85.937
12 92 1.148
12 93 21.839
12 94 42.087
12 95 61.63
12 96 36.215
12 97 90.159
12 98 25.194
12 99 20.546
13 14 15.17
13 15 45.635
13 16 32.968
13 17 45.656
13 18 94.616
13 19 88.053
13 20 94.618
13 21 77.395
13 22 57.311
13 23 1.352
13 24 54.151
13 25 98.438
13 26 98.036
13 27 13.185
13 28 56.762
13 29 8.701
13 30 62.93
13 31 56.919
13 32 75.18
13 33 59.057
13 34 16.908
13 35 81.433
13 36 43.869
13 37 16.464
13 38 66.678
13 39 3.45
13 40 47.237
13 41 60.219
13 42 72.753
13 43 49.079
13 44 68.521
13 45 73.487
13 46 84.761
13 47 28.869
13 48 18.735
13 49 10.084
13 50 13.53
13 51 28.702
13 52 33.394
13 53 92.143
13 54 4.387
13 55 47.183
13 56 24.706
13 57 55.0
13 58 36.886
13 59 28.521
13 60 68.866
13 61 53.411
13 62 17.855
13 63 48.995
13 64 82.927
13 65 84.791
13 66 53.434
13 67 71.31
13 68 98.005
13 69 38.325
13 70 9.444
13 71 91.202
13 72 8.011
13 73 44.777
13 74 50.598
13 75 65.574
13 76 55.392
13 77 88.506
13 78 81.247
13 79 35.712
13 80 80.77
13 81 5.099
13 82 70.861
13 83 71.919
13 84 37.35
13 85 93.826
13 86 16.422
13 87 70.506
13 88 31.197
13 89 2.192
13 90 62.61
13 91 47.876
13 92 74.514
13 93 62.131
13 94 74.446
13 95 17.614
13 96 7.659
13 97 39.97
13 98 77.984
13 99 40.36
14 15 70.055
14 16 92.684
14 17 14.334
14 18 16.239
14 19 94.0
14 20 18.933
14 21 28.034
14 22 49.194
14 23 29.986
14 24 84.86
14 25 11.146
14 26 82.921
14 27 19.208
14 28 27.345
14 29 45.23
14 30 86.689
14 31 39.472
14 32 16.437
14 33 61.106
14 34 18.757
14 35 93.061
14 36 32.714
14 37 45.971
14 38 89.583
14 39 42.778
14 40 28.03
14 41 22.593
14 42 4.634
14 43 58.182
14 44 81.576
14 45 27.727
14 46 66.622
14 47 10.853
14 48 2.222
14 49 43.643
14 50 86.211
14 51 43.757
14 52 83.065
14 53 47.307
14 54 89.718
14 55 20.692
14 56 43.561
14 57 76.967
14 58 23.528
14 59 44.209
14 60 34.639
14 61 15.789
14 62 55.626
14 63 61.59
14 64 27.717
14 65 89.711
14 66 6.219
14 67 75.833
14 68 15.257
14 69 79.345
14 70 68.668
14 71 15.987
14 72 4.752
14 73 56.44
14 74 71.386
14 75 21.729
14 76 37.43
14 77 48.492
14 78 63.138
14 79 3.933
14 80 97.709
14 81 18.604
14 82 45.411
14 83 56.238
14 84 45.325
14 85 55.186
14 86 2.448
14 87 94.737
14 88 63.164
14 89 91.051
14 90 76.794
14 91 12.196
14 92 38.164
14 93 37.919
14 94 43.925
14 95 39.426
14 96 91.456
14 97 69.101
14 98 79.232
14 99 59.169
15 16 40.803
15 17 39.933
15 18 4.653
15 19 9.874
15 20 55.387
15 21 58.366
15 22 3.69
15 23 12.455
15 24 84.305
15 25 88.582
15 26 73.592
15 27 45.573
15 28 72.281
15 29 67.494
15 30 52.384
15 31 40.863
15 32 24.527
15 33 20.825
15 34 72.033
15 35 1.244
15 36 53.856
15 37 55.883
15 38 40.384
15 39 25.489
15 40 20.325
15 41 77.865
15 42 39.634
15 43 2.251
15 44 95.833
15 45 3.572
15 46 50.35
15 47 37.223
15 48 26.601
15 49 68.717
15 50 4.342
15 51 17.81
15 52 79.445
15 53 8.577
15 54 75.161
15 55 75.775
15 56 74.42
15 57 42.427
15 58 51.256
15 59 79.678
15 60 58.892
15 61 96.007
15 62 68.08
15 63 41.954
15 64 58.854
15 65 88.182
15 66 69.576
15 67 64.697
15 68 14.407
15 69 65.099
15 70 75.394
15 71 20.503
15 72 47.327
15 73 5.072
15 74 95.247
15 75 98.348
15 76 47.367
15 77 79.733
15 78 84.518
15 79 50.029
15 80 83.103
15 81 54.788
15 82 87.391
15 83 91.449
15 84 40.555
15 85 77.685
15 86 65.029
15 87 24.417
15 88 17.353
15 89 89.18
15 90 88.101
15 91 74.619
15 92 99.349
15 93 21.135
15 94 64.07
15 95 72.972
15 96 14.018
15 97 99.318
15 98 72.908
15 99 23.355
16 17 43.692
16 18 80.715
16 19 71.726
16 20 62.097
16 21 58.119
16 22 25.902
16 23 77.085
16 24 10.048
16 25 62.137
16 26 31.209
16 27 22.688
16 28 38.926
16 29 86.295
16 30 54.145
16 31 9.056
16 32 20.813
16 33 91.152
16 34 70.298
16 35 28.468
16 36 20.978
16 37 54.38
16 38 95.997
16 41 36.862
16 42 32.399
16 43 57.439
16 44 6.059
16 45 83.086
16 46 18.783
16 47 60.377
16 48 59.245
16 49 41.602
16 50 87.64
16 51 64.165
16 52 43.637
16 53 42.527
16 54 19.899
16 55 68.253
16 56 92.438
16 57 82.661
16 58 89.017
16 59 32.961
16 60 44.708
16 61 20.539
16 62 8.825
16 63 20.294
16 64 26.921
16 65 97.379
16 66 1.395
16 67 15.955
16 68 18.82
16 69 34.715
16 70 81.329
16 71 68.113
16 72 12.75
16 73 77.837
16 74 20.339
16 75 86.743
16 76 84.536
16 77 60.544
16 78 25.192
16 79 39.026
16 80 47.23
16 81 45.404
16 82 10.368
16 83 85.734
16 84 73.431
16 85 31.784
16 86 91.886
16 87 35.981
16 88 94.607
16 89 52.83
16 90 51.96
16 91 94.652
16 92 7.629
16 93 82.145
16 94 72.595
16 95 50.04
16 96 11.356
16 97 58.042
16 98 20.025
16 99 90.669
17 18 11.684
17 19 34.586
17 20 36.137
17 21 18.605
17 22 84.164
17 23 60.009
17 24 78.803
17 25 56.624
17 26 77.147
17 27 89.036
17 28 75.257
17 29 79.689
17 30 34.809
17 31 65.388
17 32 72.467
17 33 69.299
17 34 30.441
17 35 90.875
17 36 69.03
17 37 72.884
17 38 90.744
17 39 72.842
17 40 92.79
17 41 39.623
17 42 48.806
17 43 4.421
17 44 18.309
17 45 84.358
17 46 96.834
17 47 25.312
17 48 11.714
17 49 67.621
17 50 41.275
17 51 94.542
17 52 73.526
17 53 82.837
17 54 20.195
17 55 0.459
17 56 46.289
17 57 77.066
17 58 37.871
17 59 37.48
17 60 1.83
17 61 47.871
17 62 65.519
17 63 49.194
17 64 55.353
17 65 89.811
17 66 11.66
17 67 75.424
17 68 50.045
17 69 87.344
17 70 38.069
17 71 8.24
17 72 89.679
17 73 76.617
17 74 93.367
17 75 64.414
17 76 17.075
17 77 84.627
17 78 25.613
17 79 41.977
17 80 79.06
17 81 96.871
17 82 2.146
17 83 25.699
17 84 51.259
17 85 91.991
17 86 91.796
17 87 54.995
17 88 69.603
17 89 51.722
17 90 93.525
17 91 36.431
17 92 62.843
17 93 28.246
17 94 87.337
17 95 73.445
17 96 96.506
17 97 46.324
17 98 1.793
17 99 65.816
18 19 30.989
18 20 42.285
18 21 79.097
18 22 58.142
18 23 10.022
18 24 99.774
18 25 30.331
18 26 80.125
18 27 30.049
18 28 37.456
18 29 91.256
18 30 23.353
18 31 5.089
18 32 7.104
18 33 64.405
18 34 34.943
18 35 52.271
18 36 6.805
18 37 43.059
18 38 72.617
18 39 31.592
18 40 95.126
18 41 20.57
18 42 79.469
18 43 16.699
18 44 88.394
18 45 75.708
18 46 68.791
18 47 26.954
18 48 39.749
18 49 58.398
18 50 15.465
18 51 37.537
18 52 15.07
18 53 40.6
18 54 33.55
18 55 27.497
18 56 68.141
18 57 77.164
18 58 11.902
18 59 22.078
18 60 99.545
18 61 24.118
18 62 90.779
18 63 41.367
18 64 64.384
18 65 41.762
18 66 29.034
18 67 59.265
18 68 5.645
18 69 67.271
18 70 22.764
18 71 45.299
18 72 33.157
18 73 59.818
18 74 99.636
18 75 23.92
18 76 61.722
18 77 50.774
18 78 20.342
18 79 20.329
18 80 42.532
18 81 63.746
18 82 95.148
18 83 29.531
18 84 49.002
18 85 30.142
18 86 91.652
18 87 27.282
18 88 43.159
18 89 28.259
18 90 11.201
18 91 9.686
18 92 41.945
18 93 45.353
18 94 39.943
18 95 4.432
18 96 83.628
18 97 27.092
18 98 81.632
18 99 93.459
19 20 72.611
19 21 47.203
19 22 0.108
19 23 87.631
19 24 90.258
19 25 91.938
19 26 22.692
19 27 42.078
19 28 38.025
19 29 60.375
19 30 56.726
19 31 88.101
19 32 47.614
19 33 95.02
19 34 47.912
19 35 75.807
19 36 62.215
19 37 68.909
19 38 91.513
19 39 99.241
19 40 47.098
19 41 90.783
19 42 43.387
19 43 51.811
19 44 69.182
19 45 70.489
19 46 51.475
19 47 25.291
19 48 80.687
19 49 27.268
19 50 21.422
19 51 69.492
19 52 23.996
19 53 2.838
19 54 60.048
19 55 92.748
19 56 11.952
19 57 29.538
19 58 70.993
19 59 90.007
19 60 74.497
19 61 57.724
19 62 65.586
19 63 62.9
19 64 22.762
19 65 48.19
19 66 32.082
19 67 77.636
19 68 30.548
19 69 15.749
19 70 52.781
19 71 19.335
19 72 80.571
19 73 17.176
19 74 20.141
19 75 13.343
19 76 81.894
19 77 49.705
19 78 78.369
19 79 37.599
19 80 69.763
19 81 91.103
19 82 10.542
19 83 64.006
19 84 71.517
19 85 39.778
19 86 68.66
19 87 42.382
19 88 93.403
19 89 44.516
19 90 5.719
19 91 15.75
19 92 78.402
19 93 58.905
19 94 35.751
19 95 13.784
19 96 15.172
19 97 98.335
19 98 71.487
19 99 67.468
20 21 65.995
20 22 48.621
20 23 25.872
20 24 87.3
20 25 75.366
20 26 8.158
20 27 32.694
20 28 67.839
20 29 47.028
20 30 40.031
20 31 59.189
20 32 74.021
20 33 66.735
20 34 96.56
20 35 86.618
20 36 5.429
20 37 96.337
20 38 78.769
20 39 68.517
20 40 13.554
20 41 95.948
20 42 22.886
20 43 28.393
20 44 77.037
20 45 20.224
20 46 44.772
20 47 38.886
20 48 80.431
20 49 67.504
20 50 34.642
20 51 37.209
20 52 4.998
20 53 33.172
20 54 59.977
20 55 92.392
20 56 86.054
20 57 86.229
20 58 20.344
20 59 95.639
20 60 77.522
20 61 4.699
20 62 35.462
20 63 12.88
20 64 57.49
20 65 22.317
20 66 7.594
20 67 43.297
20 68 82.434
20 69 4.227
20 70 7.435
20 71 65.788
20 72 81.754
20 73 48.187
20 74 82.055
20 75 36.295
20 76 17.931
20 77 64.052
20 78 71.725
20 79 11.973
20 80 59.776
20 81 11.554
20 82 73.802
20 83 34.306
20 84 97.024
20 85 69.687
20 86 54.803
20 87 22.805
20 88 62.745
20 89 2.978
20 90 40.637
20 91 6.543
20 92 20.721
20 93 81.198
20 94 34.641
20 95 85.751
20 96 49.277
20 97 23.442
20 98 71.268
20 99 12.144
21 22 79.096
21 23 46.153
21 24 8.331
21 25 45.008
21 26 50.328
21 27 37.129
21 28 55.49
21 29 20.184
21 30 68.294
21 31 84.485
21 32 86.46
21 33 5.987
21 34 36.686
21 35 76.683
21 36 62.528
21 37 74.391
21 38 61.33
21 39 45.233
21 40 6.502
21 41 16.896
21 42 13.291
21 43 61.015
21 44 20.151
21 45 74.16
21 46 48.652
21 47 21.906
21 48 13.863
21 49 65.742
21 50 23.376
21 51 7.872
21 52 49.04
21 53 11.549
21 54 18.967
21 55 31.675
21 56 86.098
21 57 44.933
21 58 72.959
21 59 77.319
21 60 14.0
21 61 46.96
21 62 1.996
21 63 32.13
21 64 11.714
21 65 92.83
21 66 83.85
21 67 13.515
21 68 34.951
21 69 31.887
21 70 28.498
21 71 30.602
21 72 22.975
21 73 16.224
21 74 82.407
21 75 44.451
21 76 67.529
21 77 99.141
21 78 99.628
21 79 95.953
21 80 83.285
21 81 94.519
21 82 35.508
21 83 92.907
21 84 80.649
21 85 95.831
21 86 61.971
21 87 70.43
21 88 79.228
21 89 21.229
21 90 21.342
21 91 72.218
21 92 55.908
21 93 60.242
21 94 20.146
21 95 64.841
21 96 92.472
21 97 60.175
21 98 64.592
21 99 21.928
22 23 38.216
22 24 9.509
22 25 99.056
22 26 80.0
22 27 30.88
22 28 3.855
22 29 72.369
22 30 6.869
22 31 83.383
22 32 21.193
22 33 85.499
22 34 94.592
22 35 55.393
22 36 15.722
22 37 21.194
22 38 29.672
22 39 5.71
22 40 25.893
22 41 33.482
22 42 26.089
22 43 6.867
22 44 13.025
22 45 8.738
22 46 45.901
22 47 83.739
22 48 94.609
22 49 25.371
22 50 98.828
22 51 20.879
22 52 82.825
22 53 24.268
22 54 53.525
22 55 62.517
22 56 82.41
22 57 62.281
22 58 75.098
22 59 34.446
22 60 71.242
22 61 84.922
22 62 75.748
22 63 35.937
22 64 99.419
22 65 2.486
22 66 23.737
22 67 95.213
22 68 53.579
22 69 16.726
22 70 82.005
22 71 59.953
22 72 58.59
22 73 87.488
22 74 91.025
22 75 77.973
22 76 95.167
22 77 73.413
22 78 40.025
22 79 71.047
22 80 68.472
22 81 69.875
22 82 87.822
22 83 27.722
22 84 56.942
22 87 83.054
22 88 13.614
22 89 44.779
22 90 76.93
22 91 26.595
22 92 7.407
22 93 78.412
22 94 13.062
22 95 81.599
22 96 36.339
22 97 1.441
22 98 60.436
22 99 8.785
23 24 12.084
23 25 47.935
23 26 50.127
23 27 22.775
23 28 33.985
23 29 99.91
23 30 87.635
23 31 66.325
23 32 49.044
23 33 53.821
23 34 39.097
23 35 91.328
23 36 49.2
23 37 72.783
23 38 76.246
23 39 90.872
23 40 2.095
23 41 93.909
23 42 8.143
23 43 29.162
23 44 10.974
23 45 50.283
23 46 51.946
23 47 72.854
23 48 59.659
23 49 74.867
23 50 39.327
23 51 47.174
23 52 90.488
23 53 25.666
23 54 93.499
23 55 15.206
23 56 33.468
23 57 80.384
23 58 79.523
23 59 80.593
23 60 68.591
23 61 31.603
23 62 64.372
23 63 97.96
23 64 46.101
23 65 29.443
23 66 17.421
23 67 87.312
23 68 60.527
23 69 45.606
23 70 34.935
23 71 60.497
23 72 67.888
23 73 21.85
23 74 96.011
23 75 56.518
23 76 64.073
23 77 49.476
23 78 84.347
23 79 67.176
23 80 39.565
23 81 69.326
23 82 36.718
23 83 77.938
23 84 49.19
23 85 94.727
23 86 8.99
23 87 5.324
23 88 16.986
23 89 43.086
23 90 54.84
23 91 95.061
23 92 25.809
23 93 56.206
23 94 13.033
23 95 32.04
23 96 58.109
23 97 85.267
23 98 59.554
23 99 40.086
24 25 95.158
24 26 73.106
24 27 83.41
24 28 84.932
24 29 25.474
24 30 88.846
24 31 40.784
24 32 27.503
24 33 40.54
24 34 29.494
24 35 82.028
24 36 30.057
24 37 93.604
24 38 10.292
24 39 0.195
24 40 87.117
24 41 3.018
24 42 12.292
24 43 83.397
24 44 9.864
24 45 40.255
24 46 87.306
24 47 87.347
24 48 55.264
24 49 54.852
24 50 51.99
24 51 35.189
24 52 46.79
24 53 68.607
24 54 6.912
24 55 4.375
24 56 37.585
24 57 27.143
24 58 72.513
24 59 7.99
24 60 71.705
24 61 78.77
24 62 39.093
24 63 59.874
24 64 40.478
24 65 99.201
24 66 73.903
24 67 64.973
24 68 17.525
24 69 16.846
24 70 13.743
24 71 41.936
24 72 92.261
24 73 53.067
24 74 57.224
24 75 58.393
24 76 64.407
24 77 28.784
24 78 19.934
24 79 41.886
24 80 46.879
24 81 31.409
24 82 76.667
24 83 17.841
24 84 37.378
24 85 95.192
24 86 69.22
24 87 18.999
24 88 66.994
24 89 79.989
24 90 67.009
24 91 20.853
24 92 16.785
24 93 31.906
24 94 21.835
24 95 13.336
24 96 70.305
24 97 12.357
24 98 37.198
24 99 34.025
25 26 44.064
25 27 41.014
25 28 67.337
25 29 52.387
25 30 35.792
25 31 40.263
25 32 93.041
25 33 60.32
25 34 20.934
25 35 98.864
25 36 90.511
25 37 23.451
25 38 66.034
25 39 83.244
25 40 69.8
25 41 43.074
25 42 98.342
25 43 19.249
25 44 84.176
25 45 25.995
25 46 46.026
25 47 25.159
25 48 58.401
25 49 21.828
25 50 69.081
25 51 59.425
25 52 44.648
25 53 38.038
25 54 78.78
25 55 34.416
25 56 73.847
25 57 59.266
25 58 38.501
25 59 26.601
25 60 44.751
25 61 21.703
25 62 27.106
25 63 16.458
25 64 28.784
25 65 28.332
25 66 63.598
25 67 21.28
25 68 50.902
25 69 11.986
25 70 9.873
25 71 15.089
25 72 46.15
25 73 45.289
25 74 99.721
25 75 18.932
25 76 10.501
25 77 16.109
25 78 39.447
25 79 44.388
25 80 26.154
25 81 0.647
25 82 50.299
25 83 33.844
25 84 61.063
25 85 39.352
25 86 36.799
25 87 2.797
25 88 90.455
25 89 28.74
25 90 21.087
25 91 94.819
25 92 97.384
25 93 43.504
25 94 35.511
25 95 68.09
25 96 89.306
25 97 41.347
25 98 58.173
25 99 57.813
26 27 62.328
26 28 10.424
26 29 90.479
26 30 99.734
26 31 27.739
26 32 17.301
26 33 77.318
26 34 68.835
26 35 18.296
26 36 66.572
26 37 10.522
26 38 26.851
26 39 78.386
26 40 95.284
26 41 15.219
26 42 80.453
26 43 86.525
26 44 89.363
26 45 75.626
26 46 80.706
26 47 17.092
26 48 90.71
26 49 13.617
26 50 4.164
26 51 20.336
26 52 82.043
26 53 45.948
26 54 11.307
26 55 34.524
26 56 2.041
26 57 0.717
26 58 79.465
26 59 39.785
26 60 47.8
26 61 60.85
26 62 74.263
26 63 58.183
26 64 10.912
26 65 85.788
26 66 20.465
26 67 61.286
26 68 47.709
26 69 37.15
26 70 54.842
26 71 12.929
26 72 61.209
26 73 19.627
26 74 36.337
26 75 34.7
26 76 73.897
26 77 54.601
26 78 14.231
26 79 18.062
26 80 3.972
26 81 63.017
26 82 83.468
26 83 2.018
26 84 39.277
26 85 3.711
26 86 83.461
26 87 43.045
26 88 31.951
26 89 56.096
26 90 99.77
26 91 60.118
26 92 85.249
26 93 62.93
26 94 25.963
26 95 87.428
26 96 88.758
26 97 64.62
26 98 54.847
26 99 30.22
27 28 67.269
27 29 32.378
27 30 99.908
27 31 82.695
27 32 90.355
27 33 92.416
27 34 38.901
27 35 48.077
27 36 92.298
27 37 74.58
27 38 74.558
27 39 7.336
27 40 47.561
27 41 84.465
27 42 87.479
27 43 94.212
27 44 13.945
27 45 90.8
27 46 5.633
27 47 85.854
27 48 6.427
27 49 60.548
27 50 81.012
27 51 12.012
27 52 94.009
27 53 27.337
27 54 1.554
27 55 53.805
27 56 53.734
27 57 57.827
27 58 56.033
27 59 92.449
27 60 61.983
27 61 97.886
27 62 36.247
27 63 17.16
27 64 77.838
27 65 53.973
27 66 30.589
27 67 6.388
27 68 43.524
27 69 64.069
27 70 82.25
27 71 47.643
27 72 42.97
27 73 17.171
27 74 29.594
27 75 0.277
27 76 48.582
27 77 79.129
27 78 74.467
27 79 2.874
27 80 10.861
27 81 83.119
27 82 96.259
27 83 35.788
27 84 63.573
27 85 21.475
27 86 89.907
27 87 68.532
27 88 40.535
27 89 48.365
27 90 68.082
27 91 86.342
27 92 89.114
27 93 30.897
27 94 6.792
27 95 76.711
27 96 42.039
27 97 57.955
27 98 75.218
27 99 31.728
28 29 14.551
28 30 82.87
28 31 35.75
28 32 17.211
28 33 33.81
28 34 97.975
28 35 61.739
28 36 23.287
28 37 59.383
28 38 3.365
28 39 69.24
28 40 11.482
28 41 15.785
28 42 77.685
28 43 85.058
28 44 38.926
28 45 43.153
28 46 90.116
28 47 41.835
28 48 25.415
28 49 51.128
28 50 2.673
28 51 41.759
28 52 11.574
28 53 20.386
28 54 78.497
28 55 66.438
28 56 74.773
28 57 23.853
28 58 2.946
28 59 74.027
28 60 89.989
28 61 53.046
28 62 15.412
28 63 60.777
28 64 24.58
28 65 40.473
28 66 80.24
28 67 91.584
28 68 81.788
28 69 68.406
28 70 78.114
28 71 19.629
28 72 86.787
28 73 67.153
28 74 67.122
28 75 44.172
28 76 80.258
28 77 17.472
28 78 59.32
28 79 40.946
28 80 26.756
28 81 8.376
28 82 94.032
28 83 50.498
28 84 45.2
28 85 9.155
28 86 49.065
28 87 15.164
28 88 83.844
28 89 62.37
28 90 36.246
28 91 29.206
28 92 46.761
28 93 91.676
28 94 9.222
28 95 80.201
28 96 13.994
28 97 59.044
28 98 81.424
28 99 7.606
29 30 25.042
29 31 72.722
29 32 6.175
29 33 38.4
29 34 13.859
29 35 93.748
29 36 91.065
29 37 33.581
29 38 13.828
29 39 34.389
29 40 93.434
29 41 99.007
29 42 40.306
29 43 91.841
29 44 96.876
29 45 96.268
29 46 35.862
29 47 5.677
29 48 22.076
29 49 2.811
29 50 33.436
29 51 15.183
29 52 49.092
29 53 79.974
29 54 56.38
29 55 61.358
29 56 93.256
29 57 47.218
29 58 89.938
29 59 30.18
29 60 98.983
29 61 79.121
29 62 52.025
29 63 63.327
29 64 60.718
29 65 11.201
29 66 50.949
29 67 57.437
29 68 27.299
29 69 85.506
29 70 61.726
29 71 57.325
29 72 32.982
29 73 48.559
29 74 75.53
29 75 26.786
29 76 65.015
29 77 42.415
29 78 15.025
29 79 22.367
29 80 9.108
29 81 57.926
29 82 91.254
29 83 23.644
29 84 69.31
29 85 18.647
29 86 77.689
29 87 2.408
29 88 32.94
29 89 83.18
29 90 2.042
29 91 71.803
29 92 5.871
29 93 3.86
29 94 60.939
29 95 1.093
29 96 11.881
29 97 68.77
29 98 65.534
29 99 27.479
30 31 71.565
30 32 73.273
30 33 10.841
30 34 78.834
30 35 28.783
30 36 18.943
30 37 45.43
30 38 45.472
30 39 5.937
30 40 99.538
30 41 97.589
30 42 74.906
30 43 33.755
30 44 99.631
30 45 83.732
30 46 18.535
30 47 62.286
30 48 66.899
30 49 41.947
30 50 68.296
30 51 30.404
30 52 31.242
30 53 0.791
30 54 15.259
30 55 88.213
30 56 93.977
30 57 36.794
30 58 53.414
30 59 96.964
30 60 85.354
30 61 43.969
30 62 2.925
30 63 27.196
30 64 64.868
30 65 4.381
30 66 41.923
30 67 79.058
30 68 18.565
30 69 19.885
30 70 66.801
30 71 50.822
30 72 25.583
30 73 41.558
30 74 21.827
30 75 78.579
30 76 7.069
30 77 77.121
30 78 65.771
30 79 65.5
30 80 19.54
30 81 72.556
30 82 53.977
30 83 89.694
30 84 17.797
30 85 18.621
30 86 61.356
30 87 46.855
30 88 24.116
30 89 29.665
30 90 46.956
30 91 95.754
30 92 8.534
30 93 55.668
30 94 66.411
30 95 53.868
30 96 21.494
30 97 22.375
30 98 89.448
30 99 28.249
31 32 52.399
31 33 49.969
31 34 7.652
31 35 19.331
31 36 65.594
31 37 35.202
31 38 8.469
31 39 56.409
31 40 71.981
31 41 73.446
31 42 28.197
31 43 70.95
31 44 49.925
31 45 57.227
31 46 68.711
31 47 52.845
31 48 54.998
31 49 81.034
31 50 21.842
31 51 26.027
31 52 28.557
31 53 49.074
31 54 94.363
31 55 28.416
31 56 77.915
31 57 6.665
31 58 66.789
31 59 43.105
31 60 34.304
31 61 32.049
31 62 74.67
31 63 52.371
31 64 85.5
31 65 62.039
31 66 4.551
31 67 97.41
31 68 22.196
31 69 21.284
31 70 43.458
31 71 99.764
31 74 99.066
31 75 39.62
31 76 96.798
31 77 9.041
31 78 77.289
31 79 45.099
31 80 12.044
31 81 36.831
31 82 28.299
31 83 12.818
31 84 88.456
31 85 76.976
31 86 2.589
31 87 11.965
31 88 22.071
31 89 58.078
31 90 34.615
31 91 17.721
31 92 17.174
31 93 20.16
31 94 75.493
31 95 9.722
31 96 32.192
31 97 24.294
31 98 0.45
31 99 29.668
32 33 9.798
32 34 94.241
32 35 16.307
32 36 92.148
32 37 77.636
32 38 23.259
32 39 58.865
32 40 32.311
32 41 50.886
32 42 41.215
32 43 31.155
32 44 14.223
32 45 97.427
32 46 80.475
32 47 15.808
32 48 54.313
32 49 47.073
32 50 31.392
32 51 9.541
32 52 90.465
32 53 15.901
32 54 83.478
32 55 57.057
32 56 89.193
32 57 47.598
32 58 55.969
32 59 13.846
32 60 2.838
32 61 11.101
32 62 53.627
32 63 49.926
32 64 73.589
32 65 19.906
32 66 43.403
32 67 61.498
32 68 57.634
32 69 24.792
32 70 99.284
32 71 67.448
32 72 53.883
32 73 31.562
32 74 79.168
32 75 74.163
32 76 27.199
32 77 68.507
32 78 56.67
32 79 42.912
32 80 63.323
32 81 55.05
32 82 76.41
32 83 6.704
32 84 49.7
32 85 87.788
32 86 0.923
32 87 29.029
32 88 75.818
32 89 43.132
32 90 72.431
32 91 9.616
32 92 36.453
32 93 79.513
32 94 13.529
32 95 64.018
32 96 1.127
32 97 19.719
32 98 62.782
32 99 69.764
33 34 33.422
33 35 42.249
33 36 1.415
33 37 29.221
33 38 20.944
33 39 41.301
33 40 5.972
33 41 33.848
33 42 25.261
33 43 22.846
33 44 72.065
33 45 81.503
33 46 90.709
33 47 94.567
33 48 90.458
33 49 15.348
33 50 60.261
33 51 89.913
33 52 71.917
33 53 30.416
33 54 14.571
33 55 12.632
33 56 82.446
33 57 75.59
33 58 3.911
33 59 85.378
33 60 72.972
33 61 11.659
33 62 55.848
33 63 4.028
33 64 12.729
33 65 73.893
33 66 35.866
33 67 12.0
33 68 31.716
33 69 65.78
33 70 54.259
33 71 26.085
33 72 79.461
33 73 47.919
33 74 85.65
33 75 81.87
33 76 72.131
33 77 58.275
33 78 94.859
33 79 81.774
33 80 28.834
33 81 3.845
33 82 15.322
33 83 24.193
33 84 23.851
33 85 21.427
33 86 54.124
33 87 88.417
33 88 88.789
33 89 66.484
33 90 14.56
33 91 36.128
33 92 27.063
33 93 49.585
33 94 29.38
33 95 25.138
33 96 42.647
33 97 25.732
33 98 62.759
33 99 45.712
34 35 48.873
34 36 24.783
34 37 35.396
34 38 11.87
34 39 40.931
34 40 25.627
34 41 80.838
34 42 86.931
34 43 52.985
34 44 28.644
34 45 37.384
34 46 4.611
34 47 8.614
34 48 92.219
34 49 65.492
34 50 66.095
34 51 14.245
34 52 82.605
34 53 84.866
34 54 22.927
34 55 8.997
34 56 78.821
34 57 40.103
34 58 18.306
34 59 98.166
34 60 72.818
34 61 13.499
34 62 90.541
34 63 73.854
34 64 55.134
34 65 8.73
34 66 91.545
34 67 77.019
34 68 26.502
34 69 70.774
34 70 29.604
34 71 18.319
34 72 54.626
34 73 72.314
34 74 68.178
34 75 92.126
34 76 99.025
34 77 25.738
34 78 64.559
34 79 96.189
34 80 45.441
34 81 10.696
34 82 24.419
34 83 89.144
34 84 89.806
34 85 26.511
34 86 53.937
34 87 56.576
34 88 44.302
34 89 70.631
34 90 5.429
34 91 86.59
34 92 99.834
34 93 54.441
34 94 53.928
34 95 33.598
34 96 93.25
34 97 68.262
34 98 58.128
34 99 46.536
35 36 86.596
35 37 54.897
35 38 10.551
35 39 75.157
35 40 50.233
35 41 58.25
35 42 78.749
35 43 75.603
35 44 44.765
35 45 34.594
35 46 47.11
35 47 62.917
35 48 96.527
35 49 39.883
35 50 4.224
35 51 81.668
35 52 16.14
35 53 22.082
35 54 93.758
35 55 63.768
35 56 64.652
35 57 6.501
35 58 64.262
35 59 72.618
35 60 57.934
35 61 87.963
35 62 38.113
35 63 20.028
35 64 73.739
35 65 27.008
35 66 75.984
35 67 40.491
35 68 82.595
35 69 90.181
35 70 30.203
35 71 55.397
35 72 62.972
35 73 60.564
35 74 68.882
35 75 83.49
35 76 23.724
35 77 85.241
35 78 92.736
35 79 80.811
35 80 33.592
35 81 27.141
35 82 32.101
35 83 64.831
35 84 86.855
35 85 9.092
35 86 9.831
35 87 5.355
35 88 69.414
35 89 83.824
35 90 85.14
35 91 28.149
35 92 67.355
35 93 21.468
35 94 70.055
35 95 96.802
35 96 37.367
35 97 85.515
35 98 23.205
35 99 81.724
36 37 92.41
36 38 19.433
36 39 27.961
36 40 19.166
36 41 48.95
36 42 61.62
36 43 51.014
36 44 47.379
36 45 57.226
36 46 19.712
36 47 75.422
36 48 82.908
36 49 94.019
36 50 48.681
36 51 34.063
36 52 78.587
36 53 3.731
36 54 98.61
36 55 41.682
36 56 76.797
36 57 39.554
36 58 97.159
36 59 70.691
36 60 8.18
36 61 41.639
36 62 98.315
36 63 49.715
36 64 96.662
36 65 83.282
36 66 15.773
36 67 28.434
36 68 95.257
36 69 41.253
36 70 31.914
36 71 90.468
36 72 88.625
36 73 98.59
36 74 82.246
36 75 40.871
36 76 89.416
36 77 5.072
36 78 90.961
36 79 99.276
36 80 32.335
36 81 7.369
36 82 53.782
36 83 67.284
36 84 48.277
36 85 12.455
36 86 27.938
36 87 29.784
36 88 82.062
36 89 67.198
36 90 69.669
36 91 23.422
36 92 14.286
36 93 20.574
36 94 76.53
36 95 2.274
36 96 91.124
36 97 92.518
36 98 68.308
36 99 79.157
37 38 27.385
37 39 22.242
37 40 97.321
37 41 20.499
37 42 44.311
37 43 62.509
37 44 15.217
37 45 27.937
37 46 1.918
37 47 45.772
37 48 36.175
37 49 16.995
37 50 30.185
37 51 83.3
37 52 15.685
37 53 42.167
37 54 88.525
37 55 19.189
37 56 83.046
37 57 78.195
37 58 13.737
37 59 3.01
37 60 69.22
37 61 68.837
37 62 44.197
37 63 95.096
37 64 71.06
37 65 39.625
37 66 9.451
37 67 10.727
37 68 0.934
37 69 32.029
37 70 10.688
37 71 6.302
37 72 73.039
37 73 72.87
37 74 62.538
37 75 96.086
37 76 88.086
37 77 68.778
37 78 3.538
37 79 70.823
37 80 35.526
37 81 13.635
37 82 39.736
37 83 88.49
37 84 14.558
37 85 41.815
37 86 94.862
37 87 28.32
37 88 94.269
37 89 25.498
37 90 12.416
37 91 97.98
37 92 0.751
37 93 62.733
37 94 28.888
37 95 61.607
37 96 45.749
37 97 36.206
37 98 74.262
37 99 77.839
38 39 10.416
38 40 54.825
38 41 26.468
38 42 34.888
38 43 7.125
38 44 39.037
38 45 92.722
38 46 30.301
38 47 38.875
38 48 9.306
38 49 67.234
38 50 23.248
38 51 40.323
38 52 86.59
38 53 76.21
38 54 38.798
38 55 12.177
38 56 14.588
38 57 80.816
38 58 65.066
38 59 9.541
38 60 52.61
38 61 13.943
38 62 28.73
38 63 59.514
38 64 52.793
38 65 28.263
38 66 10.363
38 67 20.737
38 68 34.738
38 69 88.259
38 70 8.501
38 71 91.942
38 72 93.425
38 73 21.562
38 74 85.25
38 75 20.724
38 76 96.679
38 77 76.297
38 78 29.722
38 79 26.234
38 80 7.32
38 81 39.904
38 82 18.096
38 83 58.004
38 84 28.886
38 85 36.724
38 86 67.706
38 87 8.423
38 88 4.64
38 89 17.333
38 90 72.789
38 91 55.614
38 92 75.52
38 93 65.059
38 94 33.449
38 95 0.92
38 96 95.727
38 97 67.323
38 98 76.216
38 99 79.422
39 40 46.531
39 41 68.527
39 42 10.339
39 43 2.241
39 44 42.908
39 45 71.856
39 46 12.331
39 47 81.322
39 48 8.076
39 49 20.884
39 50 70.066
39 51 95.782
39 52 76.807
39 53 59.017
39 54 96.261
39 55 31.261
39 56 54.141
39 57 99.434
39 58 88.24
39 59 14.888
39 60 49.201
39 61 61.167
39 62 43.402
39 63 97.673
39 64 21.88
39 65 98.669
39 66 85.25
39 67 26.648
39 68 59.145
39 69 5.837
39 70 2.782
39 71 48.092
39 72 65.271
39 73 77.73
39 74 15.743
39 75 38.59
39 76 18.605
39 77 55.769
39 78 70.725
39 79 42.083
39 80 59.21
39 81 72.894
39 82 57.547
39 83 57.095
39 84 67.375
39 85 86.227
39 86 79.031
39 87 17.082
39 88 35.187
39 89 29.715
39 90 2.623
39 91 48.854
39 92 11.965
39 93 13.283
39 94 29.922
39 95 22.892
39 96 8.417
39 97 55.5
39 98 60.626
39 99 60.919
40 41 27.614
40 42 37.308
40 43 88.477
40 44 69.014
40 45 12.209
40 46 79.521
40 47 99.889
40 48 11.926
40 49 86.464
40 50 0.23
40 51 11.921
40 52 77.641
40 53 12.838
40 54 32.663
40 55 42.69
40 56 34.249
40 57 5.081
40 58 32.396
40 59 71.203
40 60 46.366
40 61 23.945
40 62 71.376
40 63 80.169
40 64 78.571
40 65 56.317
40 66 16.687
40 67 38.431
40 68 47.516
40 69 36.968
40 70 5.129
40 71 74.828
40 72 15.324
40 73 22.308
40 74 9.016
40 75 31.853
40 76 87.309
40 77 49.971
40 78 83.93
40 79 57.163
40 80 2.194
40 81 95.498
40 82 2.23
40 83 25.26
40 84 97.788
40 85 10.344
40 86 67.928
40 87 42.15
40 88 82.207
40 89 35.746
40 90 86.181
40 91 39.026
40 92 27.373
40 93 29.248
40 94 58.452
40 95 58.507
40 96 33.421
40 97 73.237
40 98 72.766
40 99 42.135
41 42 86.096
41 43 38.768
41 44 21.448
41 45 1.93
41 46 75.581
41 47 38.987
41 48 6.857
41 49 27.031
41 50 13.373
41 51 22.128
41 52 91.974
41 53 81.041
41 54 25.186
41 55 57.091
41 56 30.531
41 57 54.883
41 58 65.376
41 59 5.748
41 60 60.411
41 61 78.041
41 62 68.975
41 63 30.535
41 64 68.312
41 65 49.271
41 66 97.557
41 67 8.551
41 68 39.243
41 69 49.415
41 70 59.334
41 71 69.811
41 72 46.517
41 73 57.907
41 74 62.558
41 75 23.835
41 76 43.871
41 77 60.623
41 78 87.143
41 79 80.582
41 80 97.201
41 81 8.182
41 82 52.102
41 83 41.236
41 84 65.236
41 85 45.312
41 86 85.395
41 87 20.471
41 88 83.514
41 89 31.646
41 90 12.887
41 91 86.296
41 92 8.71
41 93 70.893
41 94 25.794
41 95 75.806
41 96 59.547
41 97 60.328
41 98 3.819
41 99 74.873
42 43 34.645
42 44 36.651
42 45 48.976
42 46 60.084
42 47 74.042
42 48 13.368
42 49 54.888
42 50 85.969
42 51 85.766
42 52 19.973
42 53 87.124
42 54 8.639
42 55 89.422
42 56 10.282
42 57 88.809
42 58 21.743
42 59 92.637
42 60 60.391
42 61 97.798
42 62 31.672
42 63 51.39
42 64 76.071
42 65 71.905
42 66 84.079
42 67 53.676
42 68 57.248
42 69 71.276
42 70 89.099
42 71 89.594
42 72 30.387
42 73 26.424
42 74 91.375
42 75 2.248
42 76 68.42
42 77 97.48
42 78 74.392
42 79 5.379
42 80 44.743
42 81 6.331
42 82 46.055
42 83 51.685
42 84 33.655
42 85 46.438
42 86 27.056
42 87 40.694
42 88 18.955
42 89 9.327
42 90 25.296
42 91 45.499
42 92 63.697
42 93 0.602
42 94 40.836
42 95 80.609
42 96 80.529
42 97 80.623
42 98 61.111
42 99 20.412
43 44 22.052
43 45 39.268
43 46 26.097
43 47 1.293
43 48 92.103
43 49 40.984
43 50 97.262
43 51 47.385
43 52 84.339
43 53 81.925
43 54 22.819
43 55 82.932
43 56 98.073
43 57 83.625
43 58 18.261
43 59 3.505
43 60 60.266
43 61 61.562
43 62 86.879
43 63 9.65
43 64 20.322
43 65 20.647
43 66 77.616
43 67 77.807
43 68 2.318
43 69 34.753
43 70 99.255
43 71 17.591
43 72 9.982
43 73 39.804
43 74 64.088
43 75 71.832
43 76 11.359
43 77 5.181
43 78 40.368
43 79 61.591
43 80 2.596
43 81 72.313
43 82 28.441
43 83 32.942
43 84 92.213
43 85 91.245
43 86 11.953
43 87 31.897
43 88 44.448
43 89 49.624
43 90 27.053
43 91 34.534
43 92 3.455
43 93 24.243
43 94 16.967
43 95 64.526
43 96 89.788
43 97 1.843
43 98 24.47
43 99 83.968
44 45 62.917
44 46 68.044
44 47 4.205
44 48 91.815
44 49 72.474
44 50 50.729
44 51 58.594
44 52 72.41
44 53 40.035
44 54 36.192
44 55 49.924
44 56 95.174
44 57 37.398
44 58 48.6
44 59 83.038
44 60 60.529
44 61 93.403
44 62 5.261
44 63 89.183
44 64 88.554
44 65 47.518
44 66 0.984
44 67 52.523
44 68 14.411
44 69 91.519
44 70 85.449
44 71 81.338
44 72 60.552
44 73 4.444
44 74 73.674
44 75 24.722
44 76 89.19
44 77 23.29
44 78 71.633
44 79 71.585
44 80 13.622
44 81 82.598
44 82 75.343
44 83 64.775
44 84 64.424
44 85 17.143
44 86 84.113
44 87 64.277
44 88 52.702
44 89 83.061
44 90 3.751
44 91 11.286
44 92 69.3
44 93 80.537
44 94 96.324
44 95 96.301
44 96 17.817
44 97 52.777
44 98 7.618
44 99 11.209
45 46 6.708
45 47 96.206
45 48 42.37
45 49 33.832
45 50 58.996
45 51 94.277
45 52 0.09
45 53 59.636
45 54 74.893
45 55 93.825
45 56 43.25
45 57 9.786
45 58 83.431
45 59 19.666
45 60 23.762
45 61 38.75
45 62 53.854
45 63 50.556
45 64 90.953
45 65 33.445
45 66 41.512
45 67 9.398
45 68 96.716
45 69 22.042
45 70 7.432
45 71 22.142
45 72 60.775
45 73 29.178
45 74 62.738
45 75 61.068
45 76 83.831
45 77 26.212
45 78 35.601
45 79 48.192
45 80 38.23
45 81 26.777
45 82 27.05
45 83 54.294
45 84 29.784
45 85 79.103
45 86 17.37
45 87 49.66
45 88 65.402
45 89 14.52
45 90 64.411
45 91 15.134
45 92 1.648
45 93 89.989
45 94 22.125
45 95 64.429
45 96 22.791
45 97 83.3
45 98 38.707
45 99 78.431
46 47 9.055
46 48 93.41
46 49 1.403
46 50 62.675
46 51 25.123
46 52 2.376
46 53 88.778
46 54 20.812
46 55 84.463
46 56 82.804
46 57 27.612
46 58 4.89
46 59 4.118
46 60 98.547
46 61 59.971
46 62 70.895
46 63 61.749
46 64 88.39
46 65 25.2
46 66 69.562
46 67 20.471
46 68 66.639
46 69 60.243
46 70 32.102
46 71 82.699
46 72 31.748
46 73 39.521
46 74 24.498
46 75 39.682
46 76 43.886
46 77 73.882
46 78 2.314
46 79 45.432
46 80 82.62
46 81 26.366
46 82 96.793
46 83 32.198
46 84 88.044
46 85 6.462
46 86 36.463
46 87 5.152
46 88 90.652
46 89 43.945
46 90 60.419
46 91 86.467
46 92 1.42
46 93 56.938
46 94 76.265
46 95 23.621
46 96 32.252
46 97 29.711
46 98 88.423
46 99 76.818
47 48 92.003
47 49 92.306
47 50 76.561
47 51 84.284
47 52 69.692
47 53 73.87
47 54 14.175
47 55 62.077
47 56 15.908
47 57 56.296
47 58 80.143
47 59 82.693
47 60 7.839
47 61 22.085
47 62 40.252
47 63 29.129
47 64 78.855
47 65 82.846
47 66 7.254
47 67 4.98
47 68 41.085
47 69 74.52
47 70 92.212
47 71 43.719
47 72 48.755
47 73 47.427
47 74 22.908
47 75 73.972
47 76 0.557
47 77 69.535
47 78 47.758
47 79 7.537
47 80 99.729
47 81 8.07
47 82 41.286
47 83 21.793
47 84 84.484
47 85 28.605
47 86 10.668
47 87 10.972
47 88 71.63
47 89 77.035
47 90 97.919
47 91 73.216
47 92 64.518
47 93 91.556
47 94 78.717
47 95 57.061
47 96 65.884
47 97 8.344
47 98 2.827
47 99 33.047
48 49 5.911
48 50 40.822
48 51 40.19
48 52 97.104
48 53 45.73
48 54 59.73
48 55 46.353
48 56 13.103
48 57 50.607
48 58 73.441
48 59 94.296
48 60 17.025
48 61 21.633
48 62 15.145
48 63 77.355
48 64 46.869
48 65 67.126
48 66 41.166
48 67 49.737
48 68 43.569
48 69 31.288
48 70 98.135
48 71 8.949
48 72 37.35
48 73 13.403
48 74 15.05
48 75 96.232
48 76 21.666
48 77 21.049
48 78 42.995
48 79 36.975
48 80 1.599
48 81 4.24
48 82 5.307
48 83 22.673
48 84 5.999
48 85 80.756
48 86 53.56
48 87 26.555
48 88 37.621
48 89 94.356
48 90 1.567
48 91 73.395
48 92 92.568
48 93 98.515
48 94 74.793
48 95 6.519
48 96 94.056
48 97 65.115
48 98 4.441
48 99 32.667
49 50 97.44
49 51 13.489
49 52 53.49
49 53 19.048
49 54 99.657
49 55 37.691
49 56 88.587
49 57 24.245
49 58 44.623
49 59 83.455
49 60 65.516
49 61 35.715
49 62 0.075
49 63 78.472
49 64 92.495
49 65 56.281
49 66 26.828
49 67 92.193
49 68 73.559
49 69 1.929
49 70 46.371
49 71 93.921
49 72 39.867
49 73 34.018
49 74 66.06
49 75 71.061
49 76 24.736
49 77 91.837
49 78 49.33
49 79 5.067
49 80 35.703
49 81 28.7
49 82 2.027
49 83 73.575
49 84 5.889
49 85 1.642
49 86 8.971
49 87 75.789
49 88 90.644
49 89 54.632
49 90 9.469
49 91 19.08
49 92 50.621
49 93 38.26
49 94 44.222
49 95 30.958
49 96 55.743
49 97 75.272
49 98 94.571
49 99 11.655
50 51 86.201
50 52 5.52
50 53 52.156
50 54 31.64
50 55 12.888
50 56 43.017
50 57 27.286
50 58 56.029
50 59 55.71
50 60 88.143
50 61 36.211
50 62 1.254
50 63 39.351
50 64 76.115
50 65 14.217
50 66 83.954
50 67 21.712
50 68 97.311
50 69 6.616
50 70 22.048
50 71 90.882
50 72 69.491
50 73 60.543
50 74 42.511
50 75 51.981
50 76 52.877
50 77 8.288
50 78 73.95
50 79 55.179
50 80 77.292
50 81 55.185
50 82 55.852
50 83 99.853
50 84 79.709
50 85 5.444
50 86 78.852
50 87 19.145
50 88 26.891
50 89 91.813
50 90 33.656
50 91 68.482
50 92 65.47
50 93 45.051
50 94 57.793
50 95 38.638
50 96 58.545
50 97 61.405
50 98 40.053
50 99 61.373
51 52 57.824
51 53 34.198
51 54 36.916
51 55 77.231
51 56 92.148
51 57 16.521
51 58 96.765
51 59 1.247
51 60 73.256
51 61 83.07
51 62 57.225
51 63 70.968
51 64 24.249
51 65 46.03
51 66 41.659
51 67 54.646
51 68 69.425
51 69 92.376
51 70 2.35
51 71 11.236
51 72 43.627
51 73 67.982
51 74 66.584
51 75 55.814
51 76 68.285
51 77 16.856
51 78 96.412
51 79 54.562
51 80 76.471
51 81 22.988
51 82 4.245
51 83 30.669
51 84 81.463
51 85 25.442
51 86 39.734
51 87 77.163
51 88 57.223
51 89 60.903
51 90 6.833
51 91 92.505
51 92 25.835
51 93 9.685
51 94 99.142
51 95 79.478
51 96 38.772
51 97 45.114
51 98 78.574
51 99 45.664
52 53 42.859
52 54 94.989
52 55 28.589
52 56 10.326
52 57 80.222
52 58 77.756
52 59 41.856
52 60 34.852
52 61 19.901
52 62 58.434
52 63 34.039
52 64 71.622
52 65 92.647
52 66 8.11
52 67 35.341
52 68 37.674
52 69 88.595
52 70 85.294
52 71 71.09
52 72 41.417
52 73 83.083
52 74 35.077
52 75 55.394
52 76 28.536
52 77 29.388
52 78 76.94
52 79 2.787
52 80 52.982
52 81 52.778
52 82 57.107
52 83 69.951
52 84 6.111
52 85 54.619
52 86 64.929
52 87 37.735
52 88 62.504
52 89 18.911
52 90 45.346
52 91 18.554
52 92 22.565
52 93 29.087
52 94 91.757
52 95 49.63
52 96 44.01
52 97 41.38
52 98 92.648
52 99 61.4
53 54 7.727
53 55 96.747
53 56 8.889
53 57 45.929
53 58 76.809
53 59 49.894
53 60 37.803
53 61 42.573
53 62 51.171
53 63 50.204
53 64 88.185
53 65 62.35
53 66 72.413
53 67 99.737
53 68 60.886
53 69 3.287
53 70 66.784
53 71 53.867
53 72 86.327
53 73 76.023
53 74 39.507
53 75 32.13
53 76 31.578
53 77 81.216
53 78 26.938
53 79 38.699
53 80 78.294
53 81 26.217
53 82 59.735
53 83 94.015
53 84 11.874
53 85 71.947
53 86 59.28
53 87 88.451
53 88 96.093
53 89 94.987
53 90 23.003
53 91 57.83
53 92 7.179
53 93 55.362
53 94 42.427
53 95 83.206
53 96 92.031
53 97 50.953
53 98 38.935
53 99 72.722
54 55 95.045
54 56 39.742
54 57 39.144
54 58 66.894
54 59 51.964
54 60 44.664
54 61 67.546
54 62 51.338
54 63 26.709
54 64 34.885
54 65 90.858
54 66 56.231
54 67 50.746
54 68 28.256
54 69 23.975
54 70 28.12
54 71 6.603
54 72 38.489
54 73 31.237
54 74 21.112
54 75 53.574
54 76 44.074
54 77 12.328
54 78 60.672
54 79 69.112
54 80 35.46
54 81 86.159
54 82 70.996
54 83 71.678
54 84 59.127
54 85 18.375
54 86 18.356
54 87 50.705
54 88 86.577
54 89 99.903
54 90 85.655
54 91 67.349
54 92 53.276
54 93 75.458
54 94 17.893
54 95 20.323
54 96 63.324
54 97 27.587
54 98 23.594
54 99 48.658
55 56 17.701
55 57 31.798
55 58 67.298
55 59 32.225
55 60 41.881
55 61 46.001
55 62 82.526
55 63 68.64
55 64 47.602
55 65 69.37
55 66 26.963
55 67 12.374
55 68 74.821
55 69 83.939
55 70 76.815
55 71 54.729
55 72 2.318
55 73 92.469
55 74 24.349
55 75 49.615
55 76 1.159
55 77 71.973
55 78 31.031
55 79 74.713
55 80 60.664
55 81 36.476
55 82 3.43
55 83 58.93
55 84 93.589
55 85 18.966
55 86 20.582
55 87 56.079
55 88 74.598
55 89 36.978
55 90 19.52
55 91 28.776
55 92 67.564
55 93 4.876
55 94 4.352
55 95 42.716
55 96 88.431
55 97 55.348
55 98 82.285
55 99 16.352
56 57 27.12
56 58 70.638
56 59 8.499
56 60 73.141
56 61 30.902
56 62 86.496
56 63 94.543
56 64 81.647
56 65 36.8
56 66 52.443
56 67 26.074
56 68 96.573
56 69 0.285
56 70 9.461
56 71 70.931
56 72 21.84
56 73 94.659
56 74 30.662
56 75 81.852
56 76 47.975
56 77 87.311
56 78 50.046
56 79 4.371
56 80 87.144
56 81 7.187
56 82 64.541
56 83 7.144
56 84 58.978
56 85 34.319
56 86 13.408
56 87 29.701
56 88 34.536
56 89 63.454
56 90 38.139
56 91 34.775
56 92 48.45
56 93 91.756
56 94 60.173
56 95 5.726
56 96 36.017
56 97 13.619
56 98 8.42
56 99 23.909
57 58 6.524
57 59 91.692
57 60 36.525
57 61 99.931
57 62 11.772
57 63 17.953
57 64 52.518
57 65 75.797
57 66 43.408
57 67 68.883
57 68 53.641
57 69 13.263
57 70 69.305
57 71 73.704
57 72 35.228
57 73 34.541
57 74 84.875
57 75 56.353
57 76 72.423
57 77 5.131
57 78 60.381
57 79 52.109
57 80 46.715
57 81 75.633
57 82 25.61
57 83 90.063
57 84 42.597
57 85 11.335
57 86 0.123
57 87 82.433
57 88 19.913
57 89 29.297
57 90 49.679
57 91 70.417
57 92 37.444
57 93 31.463
57 94 45.997
57 95 95.979
57 96 97.193
57 97 34.523
57 98 62.437
57 99 69.947
58 59 38.905
58 60 16.927
58 61 64.285
58 62 99.936
58 63 89.942
58 64 47.912
58 65 81.716
58 66 1.949
58 67 44.654
58 68 48.341
58 69 5.913
58 70 77.114
58 71 28.392
58 72 87.986
58 73 98.932
58 74 56.072
58 75 15.449
58 76 73.83
58 77 48.233
58 78 50.254
58 79 54.88
58 80 77.389
58 81 98.814
58 82 72.991
58 83 44.991
58 84 4.192
58 85 35.794
58 86 60.508
58 87 1.624
58 88 74.133
58 89 43.22
58 90 86.182
58 91 29.909
58 92 70.386
58 93 2.618
58 94 77.029
58 95 27.502
58 96 50.239
58 97 77.762
58 98 48.749
58 99 28.431
59 60 40.76
59 61 27.174
59 62 26.764
59 63 77.174
59 64 48.232
59 65 41.031
59 66 29.221
59 67 10.327
59 68 61.771
59 69 26.295
59 70 8.786
59 71 31.64
59 72 61.156
59 73 16.634
59 74 83.875
59 75 79.984
59 76 42.657
59 77 13.171
59 78 21.686
59 79 86.974
59 80 72.158
59 81 67.246
59 82 64.411
59 83 29.029
59 84 8.502
59 85 72.664
59 86 5.778
59 87 3.759
59 88 40.257
59 89 4.204
59 90 20.032
59 91 85.618
59 92 36.556
59 93 44.397
59 94 37.973
59 95 89.568
59 96 96.065
59 97 31.065
59 98 35.949
59 99 81.938
60 61 51.966
60 62 42.311
60 63 32.528
60 64 4.926
60 65 57.507
60 66 91.225
60 67 91.908
60 68 36.027
60 69 62.625
60 70 21.966
60 71 30.167
60 72 88.801
60 73 17.458
60 74 89.553
60 75 72.592
60 76 99.035
60 77 93.348
60 78 52.739
60 79 70.607
60 80 48.147
60 81 88.009
60 82 60.242
60 83 92.773
60 84 95.117
60 85 8.705
60 86 13.893
60 87 75.502
60 88 86.646
60 89 5.636
60 90 67.475
60 91 80.586
60 92 25.964
60 93 55.887
60 94 25.079
60 95 76.615
60 96 54.294
60 97 20.633
60 98 63.361
60 99 34.441
61 62 34.92
61 63 38.131
61 64 56.201
61 65 0.72
61 66 56.395
61 67 74.233
61 68 90.934
61 69 84.014
61 70 2.172
61 71 61.99
61 72 16.812
61 73 26.176
61 74 1.273
61 75 47.651
61 76 73.268
61 77 93.217
61 78 69.339
61 79 64.946
61 80 46.879
61 81 24.554
61 82 84.915
61 83 80.571
61 84 23.964
61 85 23.65
61 86 1.668
61 87 8.06
61 88 70.005
61 89 83.983
61 90 97.665
61 91 12.176
61 92 30.979
61 93 40.112
61 94 33.857
61 95 8.348
61 96 35.329
61 97 29.145
61 98 64.003
61 99 74.456
62 63 71.576
62 64 83.237
62 65 8.933
62 66 36.385
62 67 43.697
62 68 7.859
62 69 93.331
62 70 50.813
62 71 24.116
62 72 55.794
62 73 78.064
62 74 84.945
62 75 66.044
62 76 7.769
62 77 15.605
62 78 81.05
62 79 95.139
62 80 31.343
62 81 15.306
62 82 47.927
62 83 79.903
62 84 20.077
62 85 10.412
62 86 63.689
62 87 2.161
62 88 18.021
62 89 63.896
62 90 61.37
62 91 44.223
62 92 87.24
62 93 90.39
62 94 94.427
62 95 75.166
62 96 81.98
62 97 35.792
62 98 42.433
62 99 23.116
63 64 28.642
63 65 61.529
63 66 14.253
63 67 29.439
63 68 74.922
63 69 36.657
63 70 59.746
63 71 89.689
63 72 38.687
63 73 15.082
63 74 4.663
63 75 5.585
63 76 65.422
63 77 27.418
63 78 5.444
63 79 18.988
63 80 67.638
63 81 54.871
63 82 84.896
63 83 94.47
63 84 39.262
63 85 0.251
63 86 81.7
63 87 19.695
63 88 93.624
63 89 45.48
63 90 42.23
63 91 54.264
63 92 14.744
63 93 60.751
63 94 3.255
63 95 25.297
63 96 90.205
63 97 38.333
63 98 24.264
63 99 49.337
64 65 7.225
64 66 47.424
64 67 83.9
64 68 86.567
64 69 4.822
64 70 74.013
64 71 5.955
64 72 80.364
64 73 27.719
64 74 25.428
64 75 2.081
64 76 84.807
64 77 76.623
64 78 41.771
64 79 44.16
64 80 35.05
64 81 53.577
64 82 36.966
64 83 15.713
64 84 74.08
64 85 12.514
64 86 9.257
64 87 23.953
64 88 94.076
64 89 14.998
64 90 8.673
64 91 16.055
64 92 11.184
64 93 94.882
64 94 87.558
64 95 43.478
64 96 72.822
64 97 7.455
64 98 62.386
64 99 41.029
65 66 50.779
65 67 44.852
65 68 44.372
65 69 61.687
65 70 5.213
65 71 77.56
65 72 20.233
65 73 38.429
65 74 49.518
65 75 68.439
65 76 38.24
65 77 43.329
65 78 96.689
65 79 63.234
65 80 40.815
65 81 30.311
65 82 55.126
65 83 1.543
65 84 1.374
65 85 38.164
65 86 13.306
65 87 8.586
65 88 27.014
65 89 84.129
65 90 76.666
65 91 6.668
65 92 15.811
65 93 16.184
65 94 36.092
65 95 52.524
65 96 30.5
65 97 93.768
65 98 35.984
65 99 96.291
66 67 9.374
66 68 65.557
66 69 87.828
66 70 88.135
66 71 50.069
66 72 37.821
66 73 90.655
66 74 16.874
66 75 65.094
66 76 44.067
66 77 24.208
66 78 55.988
66 79 92.918
66 80 96.066
66 81 22.003
66 82 19.044
66 83 81.142
66 84 73.134
66 85 78.69
66 86 81.696
66 87 5.274
66 88 18.832
66 89 46.082
66 90 16.215
66 91 33.776
66 92 82.106
66 93 35.68
66 94 16.947
66 95 88.813
66 96 20.535
66 97 82.646
66 98 38.705
66 99 60.175
67 68 93.822
67 69 45.605
67 70 46.395
67 71 40.574
67 72 1.121
67 73 16.7
67 74 28.586
67 75 81.643
67 76 83.96
67 77 72.327
67 78 41.877
67 79 35.172
67 80 42.681
67 81 20.797
67 82 51.526
67 83 4.944
67 84 73.929
67 85 70.611
67 86 51.647
67 87 44.986
67 88 74.842
67 89 66.917
67 90 2.173
67 91 97.815
67 92 56.952
67 93 82.627
67 94 96.095
67 95 47.388
67 96 89.8
67 97 12.843
67 98 28.558
67 99 68.979
68 69 63.698
68 70 87.666
68 71 7.097
68 72 78.361
68 73 74.159
68 74 78.816
68 75 73.538
68 76 54.641
68 77 35.841
68 78 66.3
68 79 35.526
68 80 68.834
68 81 55.493
68 82 58.148
68 83 92.652
68 84 31.813
68 85 31.309
68 86 90.193
68 87 93.777
68 88 15.11
68 89 78.428
68 90 91.242
68 91 95.639
68 92 41.713
68 93 41.804
68 94 50.447
68 95 19.882
68 96 44.158
68 97 11.688
68 98 62.068
68 99 30.512
69 70 40.532
69 71 40.073
69 72 25.374
69 73 38.771
69 74 50.488
69 75 25.318
69 76 28.97
69 77 77.553
69 78 4.695
69 79 38.473
69 80 88.814
69 81 32.617
69 82 5.882
69 83 13.175
69 84 56.566
69 85 83.475
69 86 79.724
69 87 24.346
69 88 48.268
69 89 54.207
69 90 10.926
69 91 75.739
69 92 73.102
69 93 59.097
69 94 71.04
69 95 25.418
69 96 14.356
69 97 10.247
69 98 78.117
69 99 69.736
70 71 7.072
70 72 27.394
70 73 62.592
70 74 63.718
70 75 31.452
70 76 72.758
70 77 7.932
70 78 97.275
70 79 75.75
70 80 25.339
70 81 32.18
70 82 5.95
70 83 5.216
70 84 99.23
70 85 54.963
70 86 1.36
70 87 17.139
70 88 3.978
70 89 77.894
70 90 86.777
70 91 9.789
70 92 60.402
70 93 65.936
70 94 54.179
70 95 87.998
70 96 45.512
70 97 15.513
70 98 77.754
70 99 72.284
71 72 67.006
71 73 12.483
71 74 60.325
71 75 84.379
71 76 77.543
71 77 77.351
71 78 4.345
71 79 91.877
71 80 69.614
71 81 5.887
71 82 89.951
71 83 46.162
71 84 60.702
71 85 97.021
71 86 1.665
71 87 48.538
71 88 77.616
71 89 71.496
71 90 6.17
71 91 93.608
71 92 79.906
71 93 13.845
71 94 62.658
71 95 26.875
71 96 87.746
71 97 81.295
71 98 68.676
71 99 84.405
72 73 16.742
72 74 57.581
72 75 75.783
72 76 16.304
72 77 56.984
72 78 67.761
72 79 47.015
72 80 29.519
72 81 48.619
72 82 86.173
72 83 10.202
72 84 86.912
72 85 93.828
72 86 46.198
72 87 10.784
72 88 74.092
72 89 11.53
72 90 61.163
72 91 16.19
72 92 61.139
72 93 98.596
72 94 96.935
72 95 79.385
72 96 54.261
72 97 59.401
72 98 23.922
72 99 71.104
73 74 67.824
73 75 14.291
73 76 69.405
73 77 75.05
73 78 16.219
73 79 14.48
73 80 32.257
73 81 47.094
73 82 81.813
73 83 1.631
73 84 83.477
73 85 40.171
73 86 52.596
73 87 56.981
73 88 55.882
73 89 96.489
73 90 67.875
73 91 5.145
73 92 13.593
73 93 74.724
73 94 38.145
73 95 38.442
73 96 8.101
73 97 23.117
73 98 55.133
73 99 72.845
74 75 68.642
74 76 51.113
74 77 10.67
74 78 36.086
74 79 46.054
74 80 40.416
74 81 31.265
74 82 23.282
74 83 43.985
74 84 0.013
74 85 37.955
74 86 80.911
74 87 7.555
74 88 37.768
74 89 4.51
74 90 89.245
74 91 69.939
74 92 96.091
74 93 21.1
74 94 79.315
74 95 38.374
74 96 4.541
74 97 21.527
74 98 69.461
74 99 73.58
75 76 26.3
75 77 20.816
75 78 79.823
75 79 71.823
75 80 46.288
75 81 97.823
75 82 69.775
75 83 44.609
75 84 47.661
75 85 51.895
75 86 11.069
75 87 60.611
75 88 49.445
75 89 82.304
75 90 95.744
75 91 69.724
75 92 91.789
75 93 50.648
75 94 57.335
75 95 85.108
75 96 58.096
75 97 82.096
75 98 0.567
75 99 46.087
76 77 2.444
76 78 3.13
76 79 17.413
76 80 95.282
76 81 85.597
76 82 27.972
76 83 8.375
76 84 93.392
76 85 90.211
76 86 20.695
76 87 6.652
76 88 17.807
76 89 99.924
76 90 3.728
76 91 58.904
76 92 11.826
76 93 77.31
76 94 25.512
76 95 80.933
76 96 30.525
76 97 60.511
76 98 57.304
76 99 81.133
77 78 32.1
77 79 43.501
77 80 48.982
77 81 83.437
77 82 37.271
77 83 15.218
77 84 17.914
77 85 36.576
77 86 97.612
77 87 60.41
77 88 71.675
77 89 69.276
77 90 37.464
77 91 54.021
77 92 96.22
77 93 27.093
77 94 80.847
77 95 52.454
77 96 37.165
77 97 30.107
77 98 83.902
77 99 51.295
78 79 7.674
78 80 49.167
78 81 19.884
78 82 0.76
78 83 85.665
78 84 79.457
78 85 87.252
78 86 65.602
78 87 55.147
78 88 39.685
78 89 50.613
78 90 62.319
78 91 6.06
78 92 90.801
78 93 63.244
78 94 67.465
78 95 71.872
78 96 30.322
78 97 10.372
78 98 17.265
78 99 27.257
79 80 45.053
79 81 85.619
79 82 25.651
79 83 49.441
79 84 21.125
79 85 63.989
79 86 45.136
79 87 52.041
79 88 43.253
79 89 91.235
79 90 7.676
79 91 79.09
79 92 69.6
79 93 91.847
79 94 18.254
79 95 43.225
79 96 45.77
79 97 87.097
79 98 83.093
79 99 83.589
80 81 50.647
80 82 20.983
80 83 49.955
80 84 1.356
80 85 24.76
80 86 21.009
80 87 80.472
80 88 30.952
80 89 50.141
80 90 14.057
80 91 54.585
80 92 12.39
80 93 28.755
80 94 28.758
80 95 88.972
80 96 38.12
80 97 81.0
80 98 89.859
80 99 47.622
81 82 23.6
81 83 96.045
81 84 0.91
81 85 0.01
81 86 81.999
81 87 62.402
81 88 42.761
81 89 3.404
81 90 88.248
81 91 20.164
81 92 94.303
81 93 21.608
81 94 50.709
81 95 66.313
81 96 23.668
81 97 37.181
81 98 46.209
81 99 51.019
82 83 11.535
82 84 83.472
82 85 87.122
82 86 25.981
82 87 89.648
82 88 87.115
82 89 20.278
82 90 89.385
82 91 77.615
82 92 80.136
82 93 88.223
82 94 91.168
82 95 74.382
82 96 84.515
82 97 74.294
82 98 66.461
82 99 73.543
83 84 99.043
83 85 74.539
83 86 26.644
83 87 46.2
83 88 1.434
83 89 84.628
83 90 35.407
83 91 1.865
83 92 13.012
83 93 45.823
83 94 59.742
83 95 80.25
83 96 25.177
83 97 26.404
83 98 16.405
83 99 69.166
84 85 61.766
84 86 71.336
84 87 47.12
84 88 7.288
84 89 11.73
84 90 58.307
84 91 85.466
84 92 49.118
84 93 93.019
84 94 18.933
84 95 83.281
84 96 87.501
84 97 25.451
84 98 53.568
84 99 23.767
85 86 95.139
85 87 75.57
85 88 1.79
85 89 13.14
85 90 64.181
85 91 75.553
85 92 12.786
85 93 34.908
85 94 67.83
85 95 91.868
85 96 3.307
85 97 76.67
85 98 53.714
85 99 10.028
86 87 99.304
86 88 54.18
86 89 90.003
86 90 64.063
86 91 97.988
86 92 51.853
86 93 59.99
86 94 60.605
86 95 91.572
86 96 63.375
86 97 63.878
86 98 70.295
86 99 74.087
87 88 68.23
87 89 25.167
87 90 44.63
87 91 76.206
87 92 68.32
87 93 60.995
87 94 54.935
87 95 62.244
87 96 15.566
87 97 37.162
87 98 12.141
87 99 17.093
88 89 5.398
88 90 1.264
88 91 76.436
88 92 49.106
88 93 98.124
88 94 47.804
88 95 7.936
88 96 0.165
88 97 24.176
88 98 48.745
88 99 34.415
89 90 63.074
89 91 68.595
89 92 54.602
89 93 35.267
89 94 98.107
89 95 71.486
89 96 14.354
89 97 91.506
89 98 25.538
89 99 90.193
90 91 0.2
90 92 27.659
90 93 0.732
90 94 87.71
90 95 56.05
90 96 83.088
90 97 23.154
90 98 39.759
90 99 9.256
91 92 6.398
91 93 92.208
91 94 4.925
91 95 25.979
91 96 21.39
91 97 78.113
91 98 51.107
91 99 39.109
92 93 91.685
92 94 56.027
92 95 44.926
92 96 74.604
92 97 42.315
92 98 47.996
92 99 39.792
93 94 51.352
93 95 66.319
93 96 74.843
93 97 55.173
93 98 48.331
93 99 94.521
94 95 59.944
94 96 63.651
94 97 87.132
94 98 18.846
94 99 34.149
95 96 49.173
95 97 95.397
95 98 42.659
95 99 41.041
96 97 48.0
96 98 22.271
96 99 60.244
97 98 42.261
97 99 80.583
98 99 91.861
