100
0 74 9
0 88 2
0 5 4
0 65 4
1 31 7
1 54 5
1 42 2
1 50 2
2 37 7
2 91 4
2 68 7
2 27 8
3 82 7
3 4 5
3 56 8
3 64 2
4 4 9
4 75 8
5 35 1
5 65 7
5 73 8
6 96 4
6 22 3
6 32 1
6 87 2
7 12 6
7 90 5
7 82 1
7 48 9
8 41 1
8 32 1
8 72 3
8 88 1
9 2 8
9 47 8
9 11 9
9 74 9
10 89 9
10 73 6
10 95 6
10 59 4
11 48 6
11 89 7
11 54 2
12 24 1
12 39 8
12 95 1
13 94 8
13 16 9
13 35 6
13 25 3
14 81 1
14 28 4
14 35 7
14 21 8
15 39 6
15 79 5
15 68 4
15 48 1
16 47 5
16 56 7
16 3 3
17 47 4
17 21 1
17 38 9
17 43 9
18 99 7
18 45 4
18 48 3
18 71 6
19 48 4
19 62 9
19 41 2
19 20 7
20 4 1
20 52 2
20 35 1
21 26 7
21 68 4
22 47 7
22 24 1
22 72 6
23 75 3
23 76 9
23 83 2
23 30 8
24 95 2
24 37 8
25 68 8
25 53 8
25 59 9
26 87 5
26 69 8
26 73 8
27 21 7
27 91 3
27 62 8
28 77 3
28 15 8
28 39 4
29 8 2
29 38 8
29 36 5
29 21 6
30 38 1
30 93 1
30 49 5
31 75 6
31 41 1
31 69 5
32 32 5
33 55 1
33 22 7
33 48 6
33 93 4
34 37 5
34 57 6
34 45 3
34 40 3
36 1 7
36 79 3
36 95 2
37 71 2
38 33 7
39 2 3
40 42 7
40 90 6
40 49 5
41 36 9
42 68 7
42 77 8
43 80 5
43 59 1
43 6 6
44 81 1
44 99 3
44 41 4
44 11 6
45 78 5
45 53 8
46 83 3
46 24 3
46 47 1
46 14 1
49 10 5
49 28 4
50 35 3
50 66 4
50 25 5
51 43 1
51 67 7
51 8 2
51 18 7
52 17 2
52 66 5
52 80 8
53 14 2
53 77 6
54 10 9
54 79 3
55 69 8
55 56 9
55 0 5
56 51 8
57 37 4
57 90 2
57 96 8
58 31 4
58 65 6
58 32 5
58 76 4
59 48 6
60 58 7
60 92 4
60 70 3
60 28 5
61 96 6
61 64 9
61 75 5
61 41 7
62 90 2
62 15 2
63 74 1
63 14 8
63 58 4
63 67 8
64 70 2
64 18 1
65 73 8
66 23 9
66 37 4
67 40 7
67 30 2
69 57 7
70 65 2
70 77 8
71 61 5
71 58 2
72 61 4
72 54 7
74 67 9
76 20 2
76 55 9
78 62 5
78 50 8
78 15 6
79 53 2
80 62 3
80 14 3
81 70 9
81 8 6
82 64 5
82 80 2
83 68 8
83 51 6
84 61 3
84 3 7
84 57 7
84 24 2
85 42 7
85 95 6
85 69 2
85 0 9
86 5 9
86 33 5
86 83 8
86 89 6
87 19 5
87 90 8
88 30 6
88 23 1
89 73 7
91 86 3
91 17 6
92 40 8
92 15 6
92 59 8
93 73 4
93 87 6
94 47 3
94 84 2
94 3 6
96 16 4
97 13 1
97 73 6
97 74 2
97 5 2
98 17 1
98 96 6
98 45 7
98 2 6
99 77 3
99 94 6
