100
0 3 59.832
1 4 76.320
2 3 3.425
2 6 59.381
3 7 37.380
4 5 48.194
4 7 24.143
5 8 41.413
6 7 34.481
7 8 23.980
7 11 94.670
7 12 41.704
9 10 74.777
9 15 12.731
10 11 81.897
10 15 43.049
11 15 58.057
11 16 67.643
12 13 33.588
12 17 30.377
13 14 27.398
13 18 41.881
14 18 94.632
16 19 79.369
16 20 40.130
17 21 65.791
17 22 76.058
19 20 70.827
19 23 2.097
20 23 8.392
21 22 23.332
21 24 89.684
22 24 68.443
23 26 78.805
24 27 70.977
25 26 70.340
25 29 71.866
26 30 97.760
27 28 39.883
27 30 54.928
28 31 17.323
29 30 77.571
30 31 24.256
30 34 24.145
30 35 3.155
32 33 21.276
32 38 95.614
33 34 80.845
33 38 31.268
34 38 96.355
34 39 20.954
35 36 20.131
35 40 44.469
36 37 71.930
36 41 20.755
37 41 45.080
39 42 48.810
39 43 83.925
40 44 90.604
40 45 29.742
42 43 71.167
42 46 12.059
43 46 6.593
44 45 12.071
44 47 52.945
45 47 10.730
46 48 34.419
47 49 7.615
48 50 1
49 51 99
50 53 86.695
51 54 29.399
52 53 76.386
52 56 87.233
53 57 17.127
54 55 46.648
54 57 17.357
55 58 85.702
56 57 22.956
57 58 67.787
57 61 4.832
57 62 86.514
59 60 35.520
59 65 88.098
60 61 62.954
60 65 79.002
61 65 39.886
61 66 83.026
62 63 82.453
62 67 92.538
63 64 31.274
63 68 2.401
64 68 23.606
66 69 31.056
66 70 43.283
67 71 76.392
67 72 27.084
69 70 45.685
69 73 31.856
70 73 89.975
71 72 52.469
71 74 20.755
72 74 58.104
73 75 26.939
74 76 13.656
75 78 79.308
76 79 31.931
77 78 34.083
77 81 65.789
78 82 23.514
79 80 69.693
79 82 47.594
80 83 81.911
81 82 2.579
82 83 44.086
82 86 81.709
82 87 48.828
84 85 38.791
84 90 95.169
85 86 30.248
85 90 87.146
86 90 61.041
86 91 60.764
87 88 75.084
87 92 9.872
88 89 87.095
88 93 58.292
89 93 41.023
91 94 8.799
91 95 13.592
92 96 77.334
92 97 74.132
94 95 75.531
94 98 29.474
95 98 98.672
96 97 59.738
96 99 35.799
97 99 57.040