99
0 1 5.3
0 2 4.763
0 3 6.124
0 4 3.836
0 5 5.207
0 6 3.635
0 7 3.703
0 8 5.831
0 9 5.723
0 10 4.058
0 11 3.56
0 12 4.278
0 13 6.51
0 14 5.999
0 15 5.244
0 16 4.904
0 17 6.278
0 18 5.094
0 19 4.97
0 20 6.747
0 21 7.167
0 22 6.25
0 23 4.868
0 24 3.652
0 25 6.944
0 26 4.199
0 27 5.563
0 28 5.114
0 29 7.623
0 30 4.889
0 31 3.788
0 32 6.182
0 33 3.469
0 34 2.245
1 2 5.253
1 3 3.598
1 4 4.592
1 5 5.5
1 6 4.803
1 7 5.504
1 8 6.139
1 9 5.885
1 10 5.157
1 11 4.632
1 12 5.005
1 13 3.941
1 14 5.624
1 15 5.498
1 16 5.629
1 17 5.776
1 18 6.958
1 19 4.169
1 20 6.102
1 21 5.022
1 22 5.313
1 23 5.359
1 24 4.853
1 25 6.438
1 26 4.459
1 27 5.105
1 28 5.444
1 29 4.097
1 30 4.577
1 31 5.726
1 32 5.177
1 35 0.932
1 36 3.995
2 3 3.829
2 4 6.206
2 5 5.515
2 6 5.346
2 7 6.331
2 8 4.494
2 9 3.433
2 10 5.099
2 11 3.381
2 12 4.343
2 13 4.935
2 14 5.502
2 15 4.727
2 16 3.236
2 17 4.181
2 18 3.917
2 19 3.844
2 20 5.877
2 21 4.939
2 22 6.114
2 23 4.463
2 24 4.664
2 25 5.138
2 26 5.557
2 27 4.91
2 28 6.351
2 29 4.586
2 30 4.336
2 31 4.31
2 32 4.844
2 37 2.059
2 38 5.061
3 4 6.074
3 5 4.123
3 6 4.56
3 7 6.854
3 8 5.582
3 9 5.223
3 10 4.702
3 11 5.164
3 12 5.496
3 13 5.298
3 14 3.862
3 15 5.14
3 16 6.618
3 17 5.179
3 18 4.798
3 19 4.665
3 20 6.802
3 21 4.379
3 22 5.182
3 23 4.948
3 24 3.069
3 25 3.74
3 26 5.68
3 27 4.64
3 28 3.098
3 29 4.75
3 30 4.84
3 31 4.199
3 32 5.498
3 39 3.517
3 40 1.95
4 5 6.1
4 6 5.321
4 7 4.564
4 8 3.809
4 9 4.364
4 10 5.127
4 11 6.829
4 12 4.659
4 13 5.228
4 14 4.946
4 15 4.027
4 16 4.984
4 17 5.656
4 18 4.596
4 19 5.275
4 20 4.69
4 21 5.743
4 22 7.023
4 23 4.26
4 24 4.443
4 25 4.021
4 26 6.833
4 27 5.535
4 28 4.12
4 29 3.379
4 30 5.911
4 31 3.65
4 32 4.535
4 41 3.018
4 42 2.805
5 6 4.815
5 7 5.791
5 8 4.002
5 9 5.142
5 10 4.378
5 11 2.918
5 12 3.379
5 13 3.84
5 14 4.312
5 15 4.217
5 16 3.691
5 17 5.821
5 18 3.851
5 19 3.294
5 20 5.661
5 21 5.311
5 22 5.801
5 23 4.432
5 24 3.846
5 25 5.466
5 26 4.037
5 27 5.856
5 28 4.03
5 29 7.25
5 30 4.983
5 31 6.705
5 32 6.118
5 43 2.139
5 44 2.782
6 7 6.763
6 8 5.678
6 9 4.241
6 10 3.637
6 11 4.698
6 12 4.47
6 13 4.281
6 14 3.454
6 15 4.462
6 16 4.601
6 17 4.482
6 18 4.49
6 19 4.145
6 20 5.828
6 21 5.007
6 22 5.018
6 23 4.368
6 24 3.886
6 25 4.339
6 26 5.212
6 27 6.012
6 28 3.299
6 29 3.143
6 30 6.309
6 31 5.149
6 32 3.202
6 45 2.689
6 46 2.057
7 8 6.634
7 9 4.744
7 10 4.997
7 11 5.875
7 12 2.829
7 13 5.135
7 14 4.966
7 15 4.499
7 16 4.987
7 17 4.488
7 18 4.187
7 19 5.791
7 20 5.521
7 21 6.391
7 22 5.024
7 23 5.18
7 24 6.149
7 25 5.953
7 26 5.723
7 27 5.542
7 28 5.82
7 29 5.669
7 30 5.311
7 31 5.578
7 32 4.961
7 47 2.137
7 48 2.768
8 9 5.583
8 10 4.84
8 11 2.997
8 12 4.233
8 13 6.682
8 14 5.564
8 15 5.166
8 16 5.05
8 17 4.5
8 18 5.52
8 19 4.642
8 20 4.379
8 21 4.937
8 22 6.957
8 23 4.523
8 24 6.22
8 25 4.77
8 26 4.709
8 27 5.031
8 28 6.748
8 29 4.142
8 30 4.519
8 31 4.772
8 32 6.385
8 49 4.327
8 50 2.201
9 10 3.495
9 11 5.037
9 12 5.436
9 13 3.819
9 14 4.576
9 15 4.286
9 16 6.436
9 17 3.679
9 18 3.628
9 19 5.555
9 20 6.501
9 21 4.91
9 22 3.001
9 23 3.7
9 24 4.941
9 25 4.17
9 26 3.714
9 27 5.297
9 28 3.751
9 29 4.226
9 30 4.44
9 31 4.904
9 32 5.312
9 51 1.649
9 52 1.539
10 11 5.649
10 12 5.102
10 13 4.932
10 14 4.487
10 15 6.046
10 16 5.069
10 17 3.906
10 18 5.265
10 19 3.084
10 20 3.822
10 21 5.646
10 22 5.76
10 23 6.262
10 24 3.976
10 25 4.035
10 26 3.869
10 27 3.895
10 28 4.803
10 29 5.547
10 30 3.317
10 31 5.656
10 32 3.388
10 53 4.511
10 54 2.69
11 12 4.92
11 13 4.623
11 14 5.067
11 15 5.122
11 16 3.851
11 17 6.191
11 18 4.497
11 19 4.394
11 20 5.53
11 21 5.457
11 22 4.754
11 23 4.219
11 24 4.644
11 25 3.518
11 26 5.061
11 27 4.702
11 28 3.152
11 29 5.056
11 30 7.261
11 31 5.12
11 32 3.512
11 55 1.044
11 56 1.847
12 13 3.71
12 14 3.048
12 15 4.867
12 16 4.376
12 17 5.449
12 18 4.102
12 19 6.137
12 20 5.382
12 21 5.878
12 22 3.946
12 23 5.222
12 24 3.649
12 25 4.851
12 26 2.384
12 27 5.449
12 28 4.616
12 29 4.587
12 30 4.465
12 31 5.335
12 32 4.068
12 57 4.232
12 58 2.74
13 14 5.788
13 15 4.858
13 16 5.551
13 17 6.5
13 18 7.034
13 19 2.924
13 20 4.456
13 21 4.398
13 22 4.067
13 23 4.532
13 24 5.298
13 25 5.329
13 26 5.399
13 27 4.91
13 28 3.235
13 29 4.423
13 30 3.077
13 31 5.431
13 32 6.049
13 59 3.24
13 60 2.513
14 15 6.068
14 16 6.181
14 17 6.089
14 18 5.245
14 19 4.605
14 20 4.253
14 21 6.894
14 22 4.41
14 23 5.049
14 24 3.146
14 25 5.964
14 26 4.591
14 27 5.316
14 28 4.908
14 29 5.521
14 30 4.092
14 31 4.219
14 32 4.904
14 61 3.785
14 62 1.659
15 16 4.796
15 17 4.771
15 18 5.579
15 19 5.01
15 20 5.473
15 21 4.418
15 22 5.033
15 23 3.698
15 24 5.167
15 25 4.948
15 26 4.931
15 27 5.331
15 28 3.662
15 29 6.228
15 30 4.703
15 31 4.224
15 32 4.36
15 63 4.338
15 64 2.694
16 17 6.791
16 18 4.361
16 19 5.562
16 20 5.341
16 21 6.123
16 22 7.096
16 23 4.038
16 24 5.426
16 25 5.388
16 26 4.04
16 27 4.615
16 28 3.954
16 29 5.553
16 30 4.513
16 31 4.734
16 32 3.724
16 65 4.239
16 66 2.975
17 18 6.055
17 19 4.352
17 20 3.228
17 21 4.383
17 22 3.885
17 23 4.438
17 24 4.375
17 25 4.277
17 26 4.954
17 27 4.841
17 28 3.409
17 29 6.33
17 30 5.645
17 31 3.907
17 32 4.147
17 67 2.985
17 68 0.522
18 19 5.167
18 20 3.375
18 21 5.293
18 22 5.168
18 23 5.293
18 24 4.654
18 25 4.967
18 26 5.617
18 27 5.095
18 28 6.009
18 29 3.369
18 30 5.599
18 31 4.353
18 32 6.089
18 69 3.933
18 70 4.208
19 20 3.101
19 21 5.843
19 22 6.411
19 23 4.772
19 24 5.313
19 25 4.922
19 26 4.75
19 27 6.087
19 28 5.471
19 29 5.246
19 30 5.478
19 31 3.947
19 32 4.252
19 71 1.786
19 72 3.987
20 21 4.057
20 22 6.541
20 23 4.705
20 24 5.124
20 25 6.664
20 26 4.788
20 27 5.124
20 28 5.177
20 29 6.978
20 30 7.33
20 31 4.617
20 32 6.593
20 73 2.699
20 74 1.798
21 22 4.005
21 23 4.849
21 24 3.974
21 25 5.946
21 26 5.888
21 27 6.55
21 28 4.886
21 29 4.839
21 30 6.674
21 31 4.418
21 32 6.104
21 75 1.418
21 76 1.819
22 23 5.996
22 24 4.041
22 25 4.639
22 26 4.825
22 27 5.007
22 28 3.461
22 29 2.433
22 30 5.458
22 31 3.716
22 32 4.543
22 77 1.408
22 78 3.125
23 24 5.695
23 25 4.651
23 26 5.123
23 27 4.586
23 28 5.039
23 29 4.128
23 30 5.255
23 31 2.947
23 32 3.963
23 79 3.056
23 80 2.088
24 25 5.084
24 26 6.797
24 27 4.634
24 28 4.464
24 29 4.079
24 30 3.508
24 31 5.208
24 32 4.484
24 81 2.244
24 82 2.578
25 26 5.331
25 27 5.259
25 28 3.304
25 29 5.014
25 30 4.92
25 31 2.611
25 32 3.864
25 83 4.515
25 84 5.792
26 27 3.96
26 28 6.123
26 29 6.893
26 30 5.484
26 31 5.08
26 32 4.408
26 85 2.046
26 86 1.609
27 28 5.625
27 29 4.054
27 30 4.208
27 31 5.168
27 32 3.854
27 87 1.947
27 88 4.689
28 29 5.341
28 30 5.12
28 31 5.443
28 32 4.777
28 89 1.165
28 90 3.981
29 30 4.532
29 31 3.415
29 32 5.992
29 91 0.457
29 92 4.499
30 31 4.444
30 32 4.735
30 93 3.468
30 94 2.199
31 32 4.357
31 95 1.045
31 96 3.73
32 97 2.93
32 98 4.315
33 35 4.11
34 36 1.86
37 39 3.732
38 40 5.505
41 43 3.0
42 44 2.726
45 47 3.137
46 48 1.881
49 51 2.233
50 52 3.199
53 55 1.537
54 56 4.47
57 59 3.087
58 60 3.487
61 63 1.509
62 64 2.2
65 67 2.862
66 68 3.493
69 71 2.236
70 72 1.48
73 75 1.955
74 76 2.25
77 79 4.629
78 80 3.618
81 83 2.735
82 84 3.119
85 87 3.748
86 88 1.871
89 91 4.18
90 92 3.405
93 95 3.829
94 96 3.142