100
0 68 6.449
0 35 9.054
0 73 11.697
0 74 10.44
0 75 9.624
0 76 13.905
0 77 8.121
0 78 11.701
0 79 8.845
0 80 12.786
0 81 15.927
0 82 12.086
0 83 12.272
0 84 14.045
0 85 13.959
0 86 9.017
0 87 14.404
0 88 14.608
0 89 10.704
0 90 9.529
0 91 13.584
0 92 13.416
0 93 11.583
0 94 11.611
0 95 11.81
0 96 10.831
0 97 8.942
0 98 8.606
0 99 14.375
1 15 5.248
1 73 12.223
2 49 6.951
2 70 5.435
3 50 8.134
3 11 7.259
3 8 7.805
3 74 14.309
4 34 3.292
4 46 7.318
5 21 2.404
5 43 3.296
6 17 8.843
6 67 7.891
6 59 11.495
6 75 8.671
7 18 5.777
7 29 8.521
7 76 13.32
8 32 3.176
8 23 3.922
8 55 9.843
8 67 7.535
8 77 12.319
9 64 5.944
9 78 13.198
10 19 7.541
10 79 12.588
11 24 7.961
11 53 12.225
12 72 11.738
13 45 5.749
13 39 11.457
13 68 4.181
13 80 15.038
14 58 10.641
15 16 4.216
15 63 5.882
15 81 9.631
16 60 6.464
16 82 12.327
17 47 5.816
17 83 12.853
18 70 9.513
18 84 7.265
19 66 6.778
19 71 9.425
19 39 6.891
19 85 14.012
20 64 4.685
20 47 10.493
21 86 13.281
22 31 3.457
22 87 9.867
23 44 6.167
24 88 14.429
25 70 4.884
26 38 3.146
27 59 10.264
27 89 12.181
28 43 6.966
28 56 7.723
28 90 7.456
29 59 5.17
29 91 13.62
30 46 3.058
30 70 4.131
31 38 7.65
31 92 14.913
33 34 4.384
35 54 6.854
35 93 13.171
36 38 8.702
36 41 6.219
36 43 4.919
36 94 14.592
37 48 8.177
37 38 4.372
38 95 11.474
39 52 7.398
39 96 14.511
40 42 6.658
40 97 13.626
41 62 10.048
42 68 4.366
42 98 13.514
44 99 8.296
47 65 11.604
51 61 8.479
54 55 7.228
56 66 7.192
57 59 6.594
58 59 9.384
58 72 5.767
61 68 6.406
63 68 9.624
65 69 8.086