80
0 1 26
1 2 25
2 5 5
4 5 30
4 3 20
1 3 79
0 3 24
1 26 38
26 27 86
27 28 58
28 13 11
28 29 59
5 13 35
29 40 20
29 39 58
29 30 46
30 35 3
35 36 27
36 37 33
37 38 38
13 16 67
13 14 64
14 16 3
14 19 39
19 30 26
5 12 6
7 12 42
4 7 23
0 6 14
6 7 60
12 11 26
11 8 26
6 8 19
6 9 37
9 10 52
8 10 55
10 15 1
14 15 51
15 21 92
20 21 53
19 20 71
21 23 52
23 25 58
23 24 87
24 38 45
22 38 56
20 22 82
20 32 97
32 33 87
32 31 26
31 30 91
30 34 42
34 33 50
9 17 59
17 0 49
17 18 70
17 45 47
45 44 93
44 43 90
43 42 40
42 41 28
41 18 58
17 46 35
46 47 65
47 48 2
46 49 2
50 51 3
50 55 6
51 52 14
51 74 8
52 53 7
52 44 6
53 74 5
53 56 4
54 55 3
54 58 3
54 60 2
54 61 11
56 73 12
56 57 5
56 58 3
57 70 7
57 59 7
58 59 8
59 60 12
59 68 9
59 62 9
60 67 13
61 69 1
61 66 8
62 63 5
62 64 5
62 65 6
63 68 9
64 66 10
64 65 15
65 71 15
66 67 8
66 71 2
68 70 7
69 71 5
71 72 20
22 69 69
55 6 12
12 65 22
48 72 8
75 15 23
75 51 24
76 70 12
76 23 20
77 2 13
77 30 2
78 32 40
78 67 19
79 18 22
79 78 35
