100
0 3 86.0
0 4 40.0
0 6 40.0
0 13 89.0
0 15 30.0
0 20 81.0
0 21 47.0
0 22 56.0
0 23 57.0
0 24 29.0
0 25 80.0
0 27 27.0
0 29 16.0
0 33 32.0
0 35 66.0
0 36 84.0
0 37 32.0
0 38 95.0
0 39 49.0
0 40 46.0
0 42 68.0
0 45 73.0
0 46 6.0
0 47 61.0
0 48 5.0
0 49 33.0
0 50 10.0
0 56 31.0
0 59 12.0
0 64 57.0
0 68 3.0
0 69 27.0
0 70 98.0
0 71 91.0
0 72 47.0
0 74 55.0
0 75 42.0
0 79 75.0
0 80 37.0
0 81 40.0
0 82 71.0
0 88 42.0
0 90 47.0
0 91 17.0
0 92 5.0
0 96 82.0
0 97 52.0
0 99 58.0
1 3 39.0
1 4 37.0
1 5 19.0
1 6 21.0
1 8 74.0
1 9 81.0
1 11 62.0
1 13 83.0
1 15 76.0
1 18 17.0
1 25 92.0
1 26 52.0
1 29 59.0
1 30 32.0
1 31 3.0
1 32 50.0
1 33 21.0
1 35 94.0
1 36 74.0
1 39 67.0
1 40 75.0
1 45 77.0
1 49 46.0
1 51 3.0
1 52 8.0
1 53 68.0
1 55 88.0
1 61 50.0
1 62 9.0
1 63 57.0
1 64 33.0
1 66 67.0
1 69 9.0
1 74 49.0
1 76 93.0
1 77 40.0
1 78 78.0
1 82 66.0
1 84 64.0
1 85 42.0
1 87 58.0
1 88 23.0
1 89 11.0
1 90 19.0
1 92 3.0
1 93 93.0
1 99 29.0
2 3 40.0
2 4 93.0
2 5 72.0
2 6 45.0
2 7 92.0
2 8 63.0
2 9 2.0
2 11 40.0
2 12 56.0
2 16 32.0
2 17 13.0
2 18 56.0
2 19 92.0
2 20 84.0
2 23 78.0
2 25 10.0
2 26 13.0
2 28 66.0
2 30 69.0
2 32 43.0
2 35 96.0
2 36 61.0
2 37 24.0
2 40 15.0
2 42 52.0
2 43 5.0
2 44 67.0
2 45 32.0
2 49 94.0
2 50 31.0
2 52 12.0
2 53 96.0
2 54 96.0
2 55 10.0
2 57 87.0
2 60 56.0
2 62 47.0
2 64 64.0
2 65 47.0
2 66 33.0
2 68 95.0
2 70 61.0
2 71 80.0
2 72 89.0
2 75 59.0
2 77 50.0
2 78 39.0
2 79 46.0
2 80 18.0
2 83 15.0
2 84 16.0
2 86 84.0
2 88 25.0
2 89 73.0
2 90 41.0
2 92 35.0
2 93 7.0
2 97 52.0
3 5 1.0
3 8 70.0
3 9 50.0
3 10 63.0
3 11 77.0
3 13 13.0
3 17 94.0
3 18 70.0
3 19 66.0
3 21 1.0
3 25 38.0
3 30 44.0
3 31 99.0
3 35 99.0
3 36 66.0
3 40 30.0
3 43 56.0
3 44 78.0
3 45 53.0
3 47 38.0
3 50 70.0
3 51 73.0
3 52 67.0
3 58 4.0
3 63 46.0
3 65 34.0
3 67 97.0
3 68 23.0
3 69 21.0
3 71 11.0
3 73 17.0
3 74 75.0
3 75 76.0
3 76 75.0
3 78 29.0
3 79 69.0
3 80 25.0
3 81 46.0
3 83 51.0
3 89 75.0
3 92 3.0
3 93 7.0
3 94 82.0
3 98 32.0
3 99 81.0
4 9 29.0
4 10 92.0
4 15 65.0
4 16 25.0
4 17 52.0
4 19 7.0
4 22 52.0
4 23 23.0
4 28 23.0
4 29 90.0
4 31 77.0
4 32 29.0
4 36 28.0
4 43 63.0
4 45 70.0
4 47 99.0
4 50 51.0
4 52 58.0
4 54 10.0
4 59 98.0
4 60 24.0
4 62 75.0
4 63 64.0
4 64 93.0
4 68 74.0
4 70 65.0
4 71 9.0
4 72 94.0
4 73 85.0
4 74 25.0
4 76 59.0
4 77 19.0
4 78 85.0
4 79 28.0
4 80 90.0
4 84 93.0
4 86 29.0
4 87 33.0
4 89 26.0
4 97 13.0
4 99 19.0
5 6 6.0
5 7 38.0
5 9 58.0
5 10 43.0
5 11 94.0
5 12 48.0
5 15 35.0
5 17 60.0
5 19 44.0
5 20 71.0
5 21 67.0
5 22 16.0
5 24 40.0
5 25 77.0
5 26 84.0
5 27 79.0
5 28 16.0
5 34 27.0
5 37 87.0
5 41 75.0
5 42 50.0
5 44 46.0
5 46 75.0
5 47 78.0
5 48 2.0
5 49 97.0
5 50 37.0
5 51 49.0
5 53 1.0
5 57 3.0
5 59 67.0
5 62 37.0
5 63 13.0
5 64 75.0
5 65 46.0
5 67 26.0
5 68 42.0
5 69 81.0
5 71 99.0
5 77 57.0
5 80 7.0
5 81 91.0
5 82 95.0
5 84 84.0
5 86 55.0
5 88 75.0
5 90 90.0
5 91 91.0
5 93 22.0
5 94 88.0
5 96 49.0
5 97 11.0
5 98 60.0
5 99 7.0
6 7 83.0
6 8 95.0
6 10 31.0
6 11 71.0
6 14 12.0
6 15 6.0
6 16 73.0
6 17 92.0
6 20 43.0
6 23 94.0
6 24 69.0
6 25 3.0
6 28 54.0
6 30 80.0
6 33 28.0
6 34 26.0
6 35 69.0
6 37 41.0
6 41 64.0
6 43 36.0
6 44 20.0
6 46 85.0
6 47 84.0
6 48 60.0
6 51 79.0
6 52 86.0
6 55 40.0
6 56 80.0
6 57 39.0
6 58 36.0
6 63 50.0
6 66 48.0
6 69 57.0
6 70 36.0
6 71 66.0
6 72 27.0
6 76 33.0
6 77 20.0
6 80 83.0
6 82 93.0
6 83 95.0
6 85 75.0
6 89 26.0
6 92 6.0
6 93 35.0
6 97 57.0
7 8 16.0
7 13 41.0
7 16 79.0
7 22 4.0
7 24 83.0
7 25 12.0
7 26 80.0
7 27 15.0
7 28 5.0
7 29 96.0
7 34 13.0
7 35 14.0
7 39 37.0
7 41 18.0
7 42 44.0
7 43 92.0
7 44 65.0
7 45 11.0
7 46 31.0
7 47 3.0
7 48 79.0
7 49 75.0
7 50 73.0
7 52 85.0
7 54 47.0
7 56 82.0
7 57 87.0
7 61 23.0
7 63 85.0
7 66 16.0
7 74 70.0
7 76 72.0
7 77 81.0
7 81 21.0
7 83 2.0
7 85 60.0
7 86 58.0
7 91 81.0
7 92 80.0
7 93 7.0
7 95 51.0
7 96 99.0
7 97 23.0
7 98 67.0
7 99 96.0
8 10 57.0
8 13 63.0
8 14 72.0
8 15 13.0
8 18 36.0
8 22 35.0
8 24 52.0
8 25 94.0
8 26 3.0
8 27 16.0
8 28 45.0
8 29 87.0
8 31 42.0
8 34 54.0
8 35 3.0
8 36 62.0
8 38 54.0
8 42 78.0
8 45 61.0
8 46 62.0
8 48 75.0
8 49 65.0
8 50 52.0
8 54 89.0
8 63 72.0
8 64 95.0
8 66 98.0
8 67 74.0
8 68 7.0
8 69 33.0
8 70 99.0
8 71 98.0
8 73 71.0
8 74 19.0
8 77 14.0
8 78 45.0
8 81 54.0
8 83 8.0
8 84 59.0
8 86 71.0
8 87 4.0
8 94 65.0
8 98 51.0
9 13 23.0
9 14 95.0
9 17 30.0
9 20 26.0
9 23 40.0
9 26 80.0
9 27 70.0
9 30 23.0
9 31 86.0
9 32 31.0
9 33 9.0
9 36 68.0
9 38 38.0
9 39 83.0
9 41 40.0
9 42 96.0
9 43 70.0
9 44 43.0
9 46 56.0
9 47 27.0
9 49 52.0
9 51 50.0
9 55 58.0
9 56 59.0
9 60 93.0
9 62 18.0
9 63 34.0
9 66 19.0
9 67 34.0
9 69 48.0
9 70 81.0
9 71 46.0
9 74 80.0
9 76 60.0
9 77 36.0
9 81 1.0
9 82 81.0
9 84 61.0
9 85 66.0
9 86 86.0
9 87 50.0
9 88 24.0
9 89 40.0
9 91 85.0
9 93 53.0
9 94 27.0
9 96 96.0
9 99 6.0
10 11 38.0
10 12 70.0
10 13 94.0
10 15 9.0
10 17 5.0
10 18 31.0
10 20 4.0
10 23 7.0
10 24 24.0
10 25 89.0
10 27 82.0
10 31 98.0
10 35 89.0
10 38 10.0
10 40 82.0
10 41 73.0
10 42 74.0
10 44 42.0
10 45 69.0
10 47 62.0
10 48 34.0
10 49 56.0
10 50 4.0
10 51 80.0
10 52 75.0
10 53 72.0
10 54 59.0
10 58 47.0
10 59 6.0
10 61 41.0
10 63 31.0
10 65 98.0
10 66 74.0
10 70 42.0
10 71 41.0
10 74 68.0
10 75 66.0
10 76 15.0
10 77 74.0
10 78 93.0
10 80 89.0
10 82 88.0
10 85 35.0
10 86 81.0
10 87 4.0
10 88 93.0
10 89 88.0
10 90 34.0
10 91 94.0
10 92 93.0
10 94 50.0
10 95 57.0
10 96 66.0
10 97 7.0
10 99 78.0
11 14 25.0
11 15 52.0
11 18 49.0
11 20 59.0
11 21 30.0
11 22 41.0
11 26 28.0
11 27 94.0
11 28 34.0
11 29 83.0
11 31 9.0
11 32 93.0
11 33 25.0
11 36 1.0
11 37 22.0
11 40 85.0
11 48 25.0
11 49 72.0
11 51 68.0
11 55 61.0
11 62 7.0
11 65 21.0
11 67 44.0
11 69 72.0
11 70 62.0
11 71 75.0
11 72 63.0
11 75 84.0
11 77 92.0
11 79 16.0
11 83 46.0
11 84 95.0
11 86 35.0
11 87 43.0
11 91 31.0
11 92 82.0
11 96 60.0
11 97 25.0
11 99 66.0
12 14 19.0
12 15 21.0
12 16 30.0
12 17 83.0
12 22 61.0
12 26 12.0
12 27 3.0
12 28 62.0
12 29 13.0
12 31 43.0
12 32 22.0
12 42 31.0
12 45 45.0
12 47 80.0
12 48 18.0
12 51 37.0
12 52 53.0
12 55 80.0
12 56 91.0
12 57 76.0
12 60 90.0
12 62 44.0
12 65 89.0
12 66 38.0
12 68 36.0
12 69 61.0
12 70 63.0
12 71 62.0
12 73 29.0
12 74 61.0
12 75 91.0
12 76 10.0
12 77 89.0
12 80 35.0
12 83 3.0
12 85 67.0
12 88 58.0
12 89 43.0
12 90 97.0
12 92 83.0
12 95 90.0
12 96 91.0
13 14 87.0
13 16 50.0
13 19 29.0
13 20 56.0
13 23 74.0
13 24 93.0
13 28 99.0
13 31 68.0
13 32 30.0
13 34 87.0
13 35 37.0
13 36 37.0
13 39 3.0
13 43 13.0
13 44 37.0
13 47 17.0
13 48 15.0
13 49 81.0
13 51 80.0
13 53 30.0
13 56 27.0
13 57 91.0
13 61 31.0
13 62 84.0
13 63 34.0
13 64 72.0
13 67 32.0
13 72 25.0
13 73 27.0
13 74 61.0
13 75 97.0
13 78 17.0
13 82 78.0
13 86 63.0
13 88 13.0
13 89 24.0
13 90 93.0
13 91 59.0
13 95 29.0
13 96 5.0
13 97 37.0
13 98 38.0
13 99 26.0
14 15 11.0
14 16 51.0
14 19 10.0
14 20 18.0
14 21 93.0
14 24 64.0
14 27 91.0
14 29 55.0
14 33 16.0
14 35 60.0
14 37 30.0
14 38 34.0
14 39 82.0
14 42 56.0
14 43 94.0
14 44 84.0
14 47 25.0
14 49 85.0
14 51 25.0
14 52 2.0
14 54 72.0
14 55 43.0
14 60 66.0
14 63 41.0
14 64 34.0
14 70 39.0
14 71 66.0
14 72 42.0
14 74 26.0
14 75 15.0
14 83 39.0
14 88 31.0
14 89 18.0
14 92 35.0
14 93 49.0
14 95 72.0
14 96 25.0
14 98 39.0
14 99 55.0
15 16 74.0
15 17 36.0
15 19 24.0
15 21 59.0
15 23 97.0
15 30 8.0
15 33 38.0
15 37 88.0
15 38 17.0
15 46 68.0
15 48 12.0
15 55 65.0
15 56 68.0
15 57 51.0
15 59 37.0
15 64 30.0
15 65 95.0
15 66 87.0
15 69 57.0
15 71 76.0
15 72 88.0
15 73 21.0
15 74 56.0
15 78 43.0
15 79 95.0
15 80 11.0
15 81 29.0
15 82 67.0
15 84 3.0
15 85 25.0
15 88 28.0
15 90 24.0
15 91 14.0
15 92 38.0
15 93 19.0
15 95 98.0
15 97 82.0
15 99 53.0
16 18 47.0
16 20 76.0
16 21 4.0
16 25 89.0
16 28 17.0
16 30 83.0
16 34 24.0
16 37 59.0
16 38 96.0
16 40 47.0
16 41 77.0
16 42 10.0
16 45 86.0
16 47 19.0
16 48 34.0
16 49 52.0
16 51 12.0
16 52 34.0
16 53 87.0
16 55 4.0
16 57 90.0
16 58 9.0
16 59 18.0
16 63 57.0
16 64 98.0
16 66 67.0
16 67 6.0
16 68 64.0
16 70 92.0
16 71 99.0
16 73 86.0
16 76 81.0
16 78 47.0
16 79 58.0
16 80 54.0
16 81 94.0
16 82 93.0
16 83 26.0
16 84 24.0
16 86 76.0
16 90 39.0
16 92 80.0
16 93 70.0
16 95 64.0
16 96 13.0
16 98 10.0
16 99 73.0
17 19 53.0
17 22 92.0
17 24 57.0
17 25 88.0
17 26 51.0
17 29 88.0
17 30 17.0
17 31 13.0
17 32 85.0
17 34 43.0
17 36 75.0
17 38 73.0
17 40 83.0
17 41 75.0
17 42 54.0
17 43 70.0
17 44 15.0
17 46 70.0
17 48 27.0
17 51 58.0
17 53 13.0
17 54 47.0
17 56 69.0
17 57 68.0
17 59 70.0
17 60 28.0
17 61 58.0
17 64 27.0
17 73 16.0
17 74 44.0
17 75 83.0
17 76 78.0
17 77 54.0
17 79 48.0
17 81 26.0
17 82 9.0
17 83 2.0
17 85 58.0
17 88 48.0
17 92 71.0
17 94 30.0
17 95 46.0
17 99 66.0
18 19 80.0
18 24 36.0
18 26 1.0
18 28 64.0
18 29 31.0
18 31 82.0
18 35 8.0
18 38 33.0
18 40 44.0
18 41 47.0
18 45 91.0
18 48 90.0
18 51 93.0
18 52 72.0
18 53 42.0
18 58 5.0
18 59 21.0
18 60 51.0
18 64 33.0
18 66 87.0
18 71 99.0
18 73 55.0
18 74 21.0
18 75 62.0
18 76 11.0
18 77 90.0
18 81 53.0
18 87 29.0
18 89 92.0
18 90 13.0
18 93 97.0
18 95 40.0
18 96 34.0
18 98 16.0
18 99 72.0
19 22 59.0
19 25 46.0
19 26 23.0
19 27 90.0
19 28 89.0
19 29 93.0
19 32 98.0
19 33 34.0
19 34 58.0
19 40 52.0
19 44 17.0
19 46 89.0
19 47 47.0
19 48 87.0
19 49 69.0
19 50 70.0
19 51 1.0
19 53 10.0
19 56 73.0
19 58 2.0
19 61 94.0
19 62 34.0
19 70 56.0
19 71 54.0
19 72 57.0
19 74 71.0
19 82 38.0
19 83 50.0
19 90 58.0
19 92 71.0
19 93 38.0
19 98 7.0
20 24 77.0
20 25 9.0
20 27 35.0
20 30 26.0
20 31 96.0
20 35 61.0
20 36 91.0
20 37 1.0
20 38 27.0
20 39 7.0
20 40 88.0
20 45 73.0
20 47 62.0
20 48 99.0
20 51 20.0
20 53 12.0
20 54 13.0
20 55 96.0
20 65 14.0
20 66 75.0
20 69 68.0
20 72 90.0
20 73 38.0
20 82 88.0
20 84 57.0
20 86 34.0
20 87 14.0
20 90 32.0
20 91 80.0
20 98 86.0
21 22 52.0
21 26 82.0
21 27 78.0
21 30 78.0
21 31 83.0
21 32 80.0
21 34 11.0
21 35 91.0
21 36 44.0
21 37 65.0
21 40 86.0
21 41 98.0
21 42 93.0
21 43 94.0
21 44 13.0
21 45 82.0
21 46 55.0
21 49 32.0
21 50 40.0
21 52 56.0
21 53 93.0
21 54 61.0
21 55 47.0
21 58 15.0
21 59 10.0
21 62 80.0
21 63 29.0
21 65 18.0
21 66 83.0
21 70 23.0
21 71 75.0
21 73 40.0
21 76 61.0
21 77 81.0
21 80 56.0
21 85 89.0
21 86 12.0
21 87 59.0
21 89 89.0
21 96 64.0
21 97 19.0
21 98 93.0
21 99 26.0
22 24 82.0
22 26 22.0
22 27 74.0
22 29 12.0
22 32 97.0
22 33 5.0
22 35 78.0
22 39 53.0
22 40 51.0
22 41 40.0
22 42 26.0
22 43 27.0
22 46 98.0
22 48 74.0
22 50 97.0
22 52 70.0
22 53 41.0
22 54 32.0
22 55 12.0
22 56 30.0
22 59 59.0
22 61 77.0
22 63 31.0
22 65 72.0
22 66 49.0
22 68 60.0
22 70 53.0
22 71 28.0
22 72 50.0
22 79 5.0
22 82 20.0
22 83 44.0
22 85 81.0
22 86 75.0
22 87 6.0
22 90 29.0
22 92 28.0
22 94 30.0
22 98 51.0
22 99 13.0
23 24 30.0
23 25 3.0
23 26 98.0
23 29 90.0
23 30 84.0
23 33 96.0
23 34 51.0
23 39 4.0
23 40 50.0
23 41 27.0
23 44 22.0
23 45 31.0
23 46 35.0
23 47 30.0
23 51 8.0
23 52 87.0
23 53 11.0
23 54 82.0
23 55 19.0
23 56 2.0
23 61 54.0
23 63 76.0
23 64 84.0
23 65 41.0
23 66 45.0
23 67 92.0
23 68 1.0
23 69 60.0
23 70 13.0
23 71 87.0
23 72 48.0
23 73 5.0
23 74 82.0
23 75 58.0
23 76 13.0
23 79 37.0
23 83 99.0
23 88 11.0
23 89 33.0
23 92 79.0
23 95 11.0
23 97 47.0
24 25 31.0
24 26 34.0
24 30 78.0
24 31 11.0
24 32 78.0
24 33 62.0
24 44 41.0
24 47 79.0
24 49 72.0
24 50 37.0
24 51 61.0
24 56 26.0
24 57 44.0
24 61 51.0
24 62 49.0
24 64 23.0
24 65 23.0
24 66 31.0
24 69 20.0
24 70 36.0
24 72 1.0
24 73 29.0
24 77 96.0
24 78 62.0
24 79 57.0
24 80 31.0
24 81 47.0
24 82 23.0
24 86 33.0
24 90 20.0
24 92 22.0
24 96 91.0
24 97 64.0
25 28 45.0
25 31 75.0
25 33 44.0
25 34 66.0
25 35 50.0
25 38 79.0
25 39 38.0
25 40 93.0
25 42 79.0
25 43 94.0
25 44 46.0
25 46 83.0
25 48 3.0
25 50 95.0
25 51 18.0
25 53 39.0
25 55 32.0
25 56 2.0
25 61 56.0
25 62 27.0
25 65 19.0
25 66 35.0
25 67 97.0
25 71 62.0
25 73 61.0
25 74 62.0
25 79 65.0
25 80 30.0
25 81 23.0
25 84 47.0
25 85 14.0
25 87 36.0
25 88 4.0
25 89 16.0
25 92 30.0
25 93 96.0
25 95 59.0
25 98 68.0
26 29 24.0
26 32 22.0
26 38 34.0
26 39 27.0
26 40 87.0
26 41 35.0
26 42 89.0
26 44 9.0
26 45 25.0
26 46 48.0
26 47 94.0
26 48 18.0
26 49 9.0
26 56 9.0
26 57 60.0
26 58 42.0
26 60 24.0
26 62 78.0
26 63 3.0
26 64 9.0
26 65 77.0
26 66 55.0
26 68 36.0
26 73 97.0
26 74 32.0
26 75 71.0
26 77 55.0
26 78 10.0
26 79 95.0
26 82 22.0
26 84 23.0
26 94 94.0
26 95 32.0
26 96 66.0
26 97 65.0
26 99 92.0
27 28 58.0
27 32 79.0
27 34 99.0
27 35 46.0
27 36 23.0
27 37 44.0
27 40 2.0
27 43 7.0
27 47 24.0
27 49 61.0
27 50 22.0
27 52 82.0
27 58 48.0
27 60 96.0
27 64 14.0
27 69 1.0
27 70 87.0
27 72 78.0
27 76 60.0
27 78 91.0
27 79 13.0
27 80 29.0
27 82 28.0
27 86 16.0
27 87 38.0
27 94 70.0
27 95 46.0
27 96 13.0
27 97 76.0
27 98 28.0
28 34 84.0
28 38 14.0
28 39 14.0
28 40 76.0
28 43 42.0
28 44 53.0
28 45 54.0
28 49 33.0
28 51 89.0
28 54 67.0
28 55 88.0
28 56 60.0
28 59 27.0
28 60 28.0
28 61 7.0
28 64 95.0
28 68 72.0
28 69 63.0
28 71 81.0
28 73 50.0
28 74 34.0
28 75 29.0
28 77 44.0
28 78 84.0
28 79 87.0
28 80 25.0
28 82 96.0
28 84 38.0
28 85 17.0
28 86 33.0
28 87 56.0
28 90 78.0
28 92 50.0
28 93 99.0
28 94 78.0
28 95 28.0
28 96 63.0
28 97 18.0
28 99 31.0
29 30 88.0
29 32 33.0
29 33 22.0
29 34 42.0
29 38 24.0
29 40 20.0
29 42 23.0
29 45 85.0
29 46 1.0
29 48 30.0
29 51 69.0
29 52 14.0
29 53 51.0
29 55 50.0
29 61 64.0
29 63 23.0
29 64 64.0
29 65 23.0
29 66 44.0
29 67 64.0
29 70 30.0
29 71 12.0
29 72 49.0
29 73 20.0
29 74 35.0
29 77 16.0
29 78 85.0
29 79 13.0
29 80 85.0
29 81 96.0
29 85 9.0
29 86 29.0
29 98 57.0
29 99 59.0
30 31 32.0
30 32 39.0
30 33 80.0
30 35 90.0
30 37 2.0
30 39 35.0
30 41 69.0
30 43 45.0
30 44 79.0
30 45 46.0
30 49 21.0
30 51 12.0
30 52 55.0
30 53 45.0
30 54 97.0
30 55 68.0
30 59 81.0
30 60 92.0
30 62 4.0
30 63 85.0
30 65 47.0
30 66 78.0
30 69 33.0
30 71 22.0
30 73 82.0
30 75 57.0
30 77 16.0
30 80 8.0
30 81 58.0
30 82 42.0
30 85 32.0
30 86 96.0
30 88 67.0
30 90 37.0
30 92 39.0
30 96 46.0
30 97 1.0
30 98 44.0
31 33 37.0
31 36 43.0
31 37 47.0
31 39 33.0
31 40 91.0
31 41 46.0
31 42 54.0
31 43 11.0
31 44 98.0
31 45 50.0
31 46 60.0
31 47 16.0
31 48 11.0
31 49 18.0
31 50 19.0
31 55 52.0
31 59 2.0
31 60 55.0
31 61 27.0
31 62 79.0
31 63 29.0
31 67 64.0
31 68 65.0
31 71 52.0
31 73 48.0
31 74 37.0
31 75 95.0
31 80 39.0
31 84 43.0
31 85 42.0
31 86 37.0
31 89 1.0
31 90 56.0
31 91 23.0
31 93 28.0
31 94 23.0
31 95 1.0
31 96 30.0
31 97 30.0
32 36 32.0
32 37 69.0
32 39 2.0
32 42 10.0
32 43 69.0
32 49 83.0
32 50 63.0
32 51 18.0
32 53 72.0
32 54 36.0
32 57 59.0
32 59 66.0
32 61 94.0
32 63 96.0
32 73 57.0
32 74 17.0
32 75 73.0
32 76 78.0
32 78 21.0
32 80 90.0
32 83 99.0
32 84 14.0
32 85 66.0
32 86 43.0
32 87 34.0
32 91 53.0
32 93 3.0
32 96 98.0
32 97 52.0
32 98 26.0
33 34 97.0
33 37 77.0
33 38 4.0
33 42 65.0
33 43 29.0
33 45 14.0
33 48 25.0
33 50 97.0
33 51 47.0
33 53 89.0
33 54 18.0
33 55 72.0
33 58 38.0
33 59 13.0
33 60 50.0
33 64 73.0
33 67 92.0
33 71 48.0
33 72 94.0
33 73 8.0
33 74 71.0
33 77 20.0
33 78 24.0
33 80 13.0
33 81 51.0
33 82 70.0
33 83 4.0
33 85 51.0
33 86 30.0
33 87 50.0
33 89 41.0
33 93 10.0
33 94 45.0
33 97 93.0
33 98 55.0
33 99 22.0
34 36 11.0
34 38 52.0
34 39 15.0
34 42 78.0
34 47 19.0
34 48 6.0
34 49 60.0
34 50 64.0
34 51 38.0
34 52 17.0
34 54 66.0
34 55 26.0
34 56 71.0
34 57 44.0
34 59 29.0
34 64 1.0
34 66 69.0
34 67 44.0
34 68 40.0
34 69 6.0
34 73 28.0
34 75 35.0
34 76 39.0
34 79 57.0
34 80 46.0
34 83 39.0
34 85 14.0
34 91 20.0
34 93 56.0
34 96 77.0
34 97 8.0
35 39 32.0
35 44 46.0
35 46 32.0
35 52 23.0
35 54 22.0
35 55 69.0
35 59 87.0
35 61 84.0
35 62 48.0
35 64 76.0
35 65 56.0
35 66 3.0
35 72 59.0
35 73 79.0
35 76 80.0
35 77 86.0
35 78 4.0
35 79 17.0
35 81 30.0
35 82 48.0
35 87 85.0
35 89 88.0
35 91 43.0
35 92 62.0
35 96 84.0
35 98 67.0
35 99 91.0
36 38 79.0
36 39 79.0
36 42 49.0
36 43 17.0
36 44 19.0
36 46 71.0
36 51 43.0
36 54 57.0
36 55 18.0
36 57 20.0
36 58 52.0
36 60 82.0
36 63 99.0
36 65 14.0
36 66 2.0
36 67 61.0
36 68 42.0
36 69 49.0
36 71 4.0
36 79 79.0
36 81 93.0
36 83 60.0
36 89 67.0
36 92 68.0
36 93 55.0
36 96 26.0
36 97 71.0
37 38 30.0
37 43 17.0
37 45 56.0
37 48 85.0
37 50 56.0
37 53 56.0
37 54 26.0
37 56 18.0
37 57 47.0
37 58 33.0
37 61 12.0
37 62 9.0
37 63 98.0
37 65 43.0
37 66 13.0
37 67 49.0
37 70 18.0
37 72 15.0
37 76 84.0
37 78 85.0
37 81 13.0
37 82 56.0
37 83 58.0
37 85 23.0
37 86 57.0
37 89 6.0
37 90 78.0
37 92 6.0
37 93 19.0
37 94 56.0
37 97 13.0
37 98 12.0
38 39 21.0
38 40 70.0
38 42 76.0
38 44 5.0
38 45 19.0
38 48 71.0
38 52 21.0
38 55 24.0
38 57 94.0
38 64 6.0
38 68 28.0
38 70 88.0
38 71 85.0
38 75 28.0
38 77 12.0
38 79 96.0
38 80 45.0
38 81 97.0
38 82 27.0
38 84 73.0
38 86 18.0
38 87 28.0
38 88 38.0
38 89 91.0
38 91 35.0
38 92 99.0
38 93 10.0
38 94 50.0
38 97 52.0
39 40 70.0
39 41 77.0
39 44 36.0
39 45 9.0
39 46 82.0
39 47 76.0
39 48 16.0
39 50 7.0
39 51 17.0
39 52 37.0
39 57 43.0
39 58 89.0
39 60 82.0
39 63 73.0
39 64 92.0
39 65 98.0
39 67 70.0
39 68 51.0
39 69 35.0
39 72 35.0
39 76 23.0
39 79 94.0
39 80 4.0
39 83 83.0
39 85 71.0
39 87 54.0
39 88 29.0
39 90 2.0
39 93 76.0
39 98 47.0
40 41 53.0
40 45 91.0
40 48 68.0
40 49 2.0
40 51 25.0
40 53 11.0
40 57 19.0
40 59 22.0
40 62 84.0
40 64 9.0
40 66 86.0
40 67 16.0
40 68 87.0
40 69 70.0
40 71 33.0
40 72 92.0
40 73 67.0
40 74 22.0
40 76 82.0
40 77 57.0
40 80 28.0
40 81 6.0
40 83 10.0
40 84 8.0
40 86 13.0
40 87 4.0
40 88 97.0
40 92 79.0
40 93 68.0
40 96 49.0
40 97 40.0
41 42 20.0
41 45 73.0
41 46 76.0
41 48 50.0
41 50 87.0
41 56 64.0
41 59 28.0
41 60 92.0
41 61 75.0
41 62 81.0
41 63 64.0
41 65 93.0
41 68 23.0
41 69 63.0
41 74 84.0
41 75 15.0
41 76 75.0
41 77 93.0
41 78 15.0
41 80 47.0
41 81 6.0
41 82 89.0
41 84 74.0
41 85 79.0
41 86 53.0
41 87 33.0
41 89 34.0
41 91 56.0
41 93 69.0
41 96 18.0
41 97 29.0
41 98 20.0
42 43 15.0
42 45 71.0
42 48 21.0
42 49 19.0
42 50 13.0
42 52 93.0
42 54 31.0
42 57 92.0
42 60 1.0
42 62 61.0
42 68 6.0
42 71 2.0
42 74 98.0
42 77 7.0
42 78 80.0
42 79 86.0
42 83 30.0
42 85 95.0
42 86 70.0
42 88 16.0
42 89 28.0
42 90 80.0
42 95 38.0
42 98 78.0
43 44 76.0
43 45 8.0
43 47 97.0
43 48 57.0
43 54 92.0
43 58 5.0
43 60 27.0
43 62 8.0
43 63 95.0
43 64 32.0
43 67 16.0
43 68 12.0
43 70 77.0
43 72 32.0
43 73 96.0
43 74 4.0
43 75 87.0
43 76 40.0
43 77 12.0
43 78 95.0
43 80 8.0
43 81 1.0
43 82 24.0
43 84 83.0
43 87 98.0
43 88 21.0
43 90 18.0
43 91 28.0
43 92 5.0
43 93 20.0
43 95 35.0
44 45 95.0
44 50 92.0
44 52 96.0
44 53 4.0
44 58 37.0
44 59 48.0
44 60 83.0
44 61 21.0
44 62 67.0
44 64 12.0
44 66 83.0
44 68 18.0
44 70 94.0
44 72 70.0
44 74 22.0
44 77 44.0
44 84 39.0
44 85 8.0
44 86 70.0
44 87 22.0
44 91 80.0
44 93 22.0
44 94 73.0
44 95 68.0
45 47 70.0
45 48 88.0
45 49 20.0
45 50 18.0
45 51 21.0
45 53 54.0
45 54 78.0
45 55 52.0
45 56 45.0
45 58 75.0
45 63 81.0
45 64 99.0
45 65 48.0
45 66 63.0
45 67 24.0
45 68 32.0
45 70 24.0
45 75 10.0
45 77 9.0
45 79 42.0
45 81 62.0
45 82 64.0
45 84 64.0
45 85 45.0
45 86 1.0
45 87 80.0
45 89 13.0
45 93 99.0
45 94 95.0
45 97 19.0
45 98 88.0
45 99 58.0
46 47 67.0
46 48 18.0
46 50 62.0
46 51 76.0
46 53 63.0
46 56 27.0
46 57 84.0
46 58 3.0
46 60 75.0
46 61 19.0
46 63 3.0
46 64 55.0
46 66 48.0
46 69 3.0
46 71 8.0
46 72 32.0
46 74 94.0
46 80 48.0
46 83 31.0
46 84 40.0
46 85 2.0
46 89 33.0
46 93 11.0
46 95 90.0
46 97 51.0
46 98 28.0
47 51 25.0
47 54 43.0
47 55 53.0
47 59 39.0
47 61 74.0
47 63 37.0
47 66 48.0
47 67 24.0
47 68 53.0
47 69 43.0
47 70 92.0
47 73 9.0
47 74 26.0
47 77 11.0
47 80 82.0
47 81 90.0
47 85 36.0
47 87 37.0
47 93 26.0
47 94 38.0
47 97 37.0
47 99 75.0
48 49 60.0
48 50 58.0
48 54 97.0
48 55 34.0
48 56 2.0
48 58 2.0
48 61 13.0
48 63 29.0
48 64 29.0
48 65 4.0
48 68 41.0
48 70 95.0
48 71 52.0
48 72 42.0
48 73 16.0
48 76 20.0
48 78 41.0
48 79 93.0
48 83 59.0
48 91 8.0
48 92 72.0
48 94 94.0
48 95 8.0
48 98 50.0
49 50 90.0
49 51 9.0
49 52 29.0
49 53 54.0
49 54 43.0
49 58 61.0
49 60 20.0
49 61 78.0
49 62 4.0
49 63 92.0
49 67 98.0
49 68 88.0
49 71 79.0
49 72 19.0
49 74 99.0
49 77 65.0
49 78 58.0
49 79 4.0
49 82 24.0
49 83 68.0
49 86 93.0
49 87 71.0
49 88 35.0
49 89 84.0
49 90 97.0
49 93 78.0
49 94 6.0
49 96 45.0
49 99 91.0
50 52 82.0
50 55 84.0
50 57 14.0
50 58 85.0
50 62 14.0
50 66 37.0
50 67 80.0
50 68 71.0
50 69 44.0
50 71 39.0
50 72 23.0
50 73 94.0
50 75 96.0
50 76 99.0
50 77 32.0
50 78 10.0
50 81 7.0
50 82 6.0
50 85 36.0
50 88 70.0
50 90 10.0
50 91 19.0
50 94 3.0
50 95 46.0
51 52 63.0
51 55 90.0
51 56 84.0
51 57 4.0
51 58 12.0
51 63 81.0
51 65 60.0
51 66 15.0
51 67 80.0
51 68 83.0
51 69 44.0
51 70 23.0
51 73 60.0
51 75 67.0
51 76 46.0
51 77 90.0
51 78 36.0
51 79 25.0
51 80 85.0
51 81 25.0
51 85 21.0
51 86 61.0
51 87 71.0
51 88 35.0
51 90 71.0
51 92 61.0
51 94 10.0
51 99 46.0
52 53 58.0
52 55 82.0
52 61 74.0
52 63 97.0
52 64 1.0
52 66 22.0
52 67 58.0
52 70 24.0
52 71 66.0
52 77 22.0
52 78 74.0
52 80 93.0
52 81 96.0
52 82 23.0
52 83 3.0
52 84 95.0
52 86 50.0
52 89 78.0
52 90 14.0
52 91 57.0
52 92 13.0
52 95 40.0
52 98 3.0
52 99 57.0
53 54 89.0
53 58 49.0
53 60 3.0
53 61 55.0
53 62 16.0
53 64 73.0
53 65 8.0
53 67 10.0
53 71 39.0
53 73 22.0
53 78 62.0
53 79 51.0
53 80 48.0
53 83 88.0
53 86 55.0
53 87 30.0
53 89 47.0
53 91 48.0
53 93 91.0
53 96 27.0
53 97 80.0
54 57 6.0
54 60 6.0
54 61 25.0
54 68 90.0
54 69 46.0
54 76 64.0
54 78 32.0
54 81 26.0
54 82 47.0
54 84 55.0
54 85 42.0
54 86 58.0
54 89 84.0
54 92 83.0
54 98 45.0
54 99 69.0
55 57 85.0
55 58 17.0
55 60 67.0
55 62 86.0
55 65 98.0
55 71 10.0
55 73 98.0
55 74 61.0
55 76 64.0
55 78 17.0
55 79 45.0
55 80 5.0
55 83 88.0
55 87 85.0
55 90 64.0
55 92 78.0
55 95 31.0
55 96 50.0
55 97 33.0
55 98 39.0
56 58 95.0
56 60 8.0
56 61 34.0
56 63 30.0
56 65 25.0
56 66 52.0
56 68 17.0
56 70 99.0
56 72 7.0
56 73 44.0
56 74 38.0
56 75 12.0
56 77 71.0
56 79 19.0
56 80 88.0
56 81 86.0
56 83 43.0
56 84 24.0
56 85 81.0
56 87 20.0
56 88 84.0
56 96 40.0
56 97 1.0
56 98 33.0
56 99 45.0
57 58 22.0
57 60 15.0
57 61 46.0
57 62 18.0
57 63 15.0
57 66 62.0
57 67 7.0
57 68 30.0
57 73 77.0
57 74 73.0
57 75 54.0
57 76 43.0
57 79 93.0
57 81 95.0
57 82 55.0
57 84 89.0
57 85 56.0
57 87 56.0
57 90 29.0
57 91 83.0
57 95 64.0
57 98 36.0
57 99 95.0
58 60 56.0
58 61 45.0
58 62 50.0
58 63 83.0
58 66 1.0
58 67 25.0
58 69 67.0
58 70 80.0
58 72 88.0
58 74 19.0
58 78 27.0
58 80 15.0
58 81 28.0
58 85 74.0
58 90 28.0
58 91 24.0
58 92 5.0
58 93 37.0
58 95 53.0
58 97 12.0
58 98 8.0
59 62 28.0
59 63 85.0
59 64 30.0
59 65 33.0
59 66 3.0
59 67 89.0
59 70 23.0
59 71 47.0
59 75 76.0
59 76 30.0
59 77 75.0
59 84 83.0
59 87 26.0
59 90 8.0
59 91 4.0
59 92 41.0
59 94 90.0
59 95 56.0
59 96 1.0
59 98 17.0
60 62 72.0
60 66 88.0
60 67 18.0
60 68 5.0
60 69 10.0
60 71 66.0
60 72 88.0
60 74 66.0
60 75 38.0
60 77 20.0
60 80 2.0
60 81 92.0
60 82 27.0
60 85 87.0
60 86 48.0
60 87 21.0
60 90 15.0
60 92 54.0
60 94 94.0
61 62 70.0
61 68 6.0
61 72 3.0
61 73 3.0
61 74 42.0
61 75 95.0
61 76 48.0
61 78 77.0
61 81 49.0
61 82 49.0
61 83 58.0
61 84 72.0
61 85 46.0
61 86 37.0
61 89 74.0
61 91 44.0
61 95 53.0
61 96 57.0
61 97 25.0
61 99 98.0
62 63 76.0
62 64 19.0
62 65 18.0
62 67 82.0
62 70 60.0
62 71 28.0
62 72 58.0
62 81 32.0
62 85 66.0
62 86 81.0
62 87 44.0
62 89 42.0
62 90 45.0
62 91 18.0
62 92 26.0
62 94 45.0
62 96 56.0
62 97 79.0
62 99 13.0
63 64 58.0
63 66 77.0
63 68 71.0
63 70 2.0
63 71 81.0
63 77 20.0
63 80 90.0
63 81 58.0
63 83 95.0
63 91 21.0
63 92 30.0
63 95 1.0
63 96 96.0
63 98 51.0
63 99 11.0
64 66 58.0
64 67 65.0
64 69 29.0
64 70 75.0
64 71 48.0
64 72 51.0
64 74 63.0
64 76 92.0
64 77 34.0
64 78 20.0
64 80 80.0
64 81 26.0
64 87 50.0
64 88 12.0
64 90 1.0
64 91 73.0
64 92 88.0
64 98 37.0
65 66 85.0
65 67 60.0
65 70 69.0
65 72 53.0
65 78 44.0
65 80 37.0
65 81 62.0
65 83 40.0
65 90 61.0
65 93 9.0
65 95 83.0
65 96 13.0
65 97 6.0
66 67 2.0
66 70 57.0
66 71 49.0
66 73 46.0
66 74 19.0
66 75 24.0
66 80 18.0
66 81 36.0
66 82 8.0
66 84 23.0
66 90 48.0
66 91 43.0
66 93 7.0
66 98 86.0
66 99 77.0
67 69 60.0
67 70 70.0
67 72 33.0
67 74 76.0
67 75 41.0
67 76 4.0
67 79 54.0
67 80 96.0
67 82 36.0
67 84 72.0
67 85 95.0
67 87 54.0
67 89 39.0
67 90 76.0
67 91 58.0
67 92 14.0
67 93 1.0
67 96 90.0
68 72 59.0
68 73 69.0
68 75 43.0
68 78 17.0
68 79 86.0
68 80 71.0
68 83 34.0
68 84 17.0
68 86 16.0
68 87 70.0
68 90 38.0
68 92 25.0
68 96 54.0
68 97 42.0
68 98 70.0
68 99 44.0
69 71 25.0
69 72 90.0
69 75 96.0
69 77 37.0
69 79 93.0
69 82 82.0
69 83 12.0
69 87 40.0
69 88 11.0
69 92 58.0
69 93 70.0
69 94 89.0
69 95 33.0
69 96 9.0
69 97 28.0
69 98 14.0
69 99 94.0
70 71 35.0
70 72 96.0
70 75 55.0
70 76 78.0
70 77 88.0
70 78 28.0
70 79 55.0
70 80 32.0
70 81 38.0
70 82 73.0
70 87 98.0
70 90 92.0
70 92 16.0
70 95 10.0
70 96 5.0
70 98 92.0
71 72 92.0
71 75 83.0
71 79 27.0
71 80 66.0
71 81 20.0
71 82 82.0
71 84 27.0
71 85 82.0
71 86 70.0
71 88 15.0
71 89 87.0
71 90 22.0
71 91 26.0
71 97 58.0
71 98 40.0
72 73 34.0
72 75 91.0
72 76 42.0
72 77 48.0
72 80 74.0
72 83 59.0
72 85 2.0
72 87 4.0
72 90 90.0
72 91 68.0
72 94 58.0
72 96 3.0
72 97 37.0
73 77 72.0
73 78 52.0
73 79 68.0
73 80 39.0
73 81 8.0
73 83 36.0
73 86 49.0
73 87 67.0
73 89 13.0
73 90 92.0
73 94 9.0
73 97 5.0
73 98 86.0
74 77 73.0
74 80 23.0
74 81 84.0
74 82 49.0
74 83 8.0
74 88 65.0
74 89 3.0
74 91 50.0
74 92 49.0
74 95 57.0
74 96 24.0
74 98 59.0
74 99 29.0
75 78 29.0
75 79 29.0
75 80 14.0
75 81 7.0
75 85 75.0
75 87 59.0
75 89 40.0
75 90 39.0
75 91 61.0
75 92 58.0
75 94 24.0
75 95 74.0
75 96 59.0
75 99 7.0
76 77 21.0
76 80 20.0
76 81 88.0
76 83 33.0
76 84 91.0
76 86 70.0
76 87 13.0
76 88 90.0
76 89 35.0
76 92 52.0
76 93 70.0
76 94 77.0
76 95 51.0
76 98 79.0
76 99 78.0
77 78 14.0
77 79 7.0
77 83 84.0
77 84 62.0
77 85 35.0
77 86 65.0
77 87 60.0
77 89 64.0
77 91 64.0
77 92 21.0
77 95 99.0
77 96 91.0
77 97 92.0
77 98 79.0
78 81 48.0
78 82 35.0
78 84 3.0
78 87 35.0
78 89 44.0
78 93 38.0
78 94 57.0
78 95 87.0
78 97 65.0
78 98 78.0
78 99 5.0
79 84 44.0
79 88 72.0
79 90 20.0
79 93 62.0
79 94 5.0
79 95 51.0
79 96 62.0
79 97 43.0
80 81 99.0
80 83 35.0
80 86 75.0
80 90 17.0
80 91 39.0
80 92 46.0
80 93 81.0
80 97 47.0
80 99 20.0
81 83 55.0
81 87 86.0
81 89 72.0
81 90 25.0
81 91 71.0
81 93 10.0
81 94 92.0
81 95 2.0
81 96 25.0
81 97 84.0
82 84 82.0
82 86 55.0
82 88 78.0
82 89 76.0
82 92 20.0
82 95 77.0
82 97 92.0
82 98 97.0
83 87 12.0
83 90 50.0
83 92 74.0
83 93 35.0
83 94 86.0
83 97 39.0
83 98 25.0
83 99 73.0
84 85 25.0
84 87 7.0
84 88 26.0
84 89 85.0
84 91 13.0
84 92 60.0
84 94 34.0
84 96 99.0
84 97 90.0
85 86 19.0
85 87 83.0
85 88 80.0
85 89 20.0
85 90 71.0
85 93 12.0
85 94 31.0
85 98 6.0
85 99 5.0
86 88 9.0
86 90 69.0
86 91 84.0
86 92 89.0
86 94 39.0
86 96 98.0
86 99 48.0
87 88 71.0
87 89 13.0
87 93 91.0
87 94 27.0
87 95 34.0
87 96 89.0
87 97 91.0
88 89 86.0
88 90 31.0
88 91 44.0
88 93 12.0
88 94 38.0
88 95 57.0
88 99 94.0
89 90 92.0
89 92 20.0
89 93 30.0
89 95 3.0
89 96 26.0
89 97 81.0
89 99 49.0
90 91 66.0
90 92 27.0
90 94 45.0
90 96 92.0
90 97 87.0
90 98 18.0
91 92 62.0
91 95 58.0
91 96 62.0
92 93 20.0
92 95 51.0
92 97 94.0
92 99 57.0
93 94 44.0
93 99 34.0
94 95 88.0
94 96 58.0
94 98 96.0
94 99 42.0
95 96 70.0
95 97 66.0
95 98 49.0
96 99 70.0
98 99 88.0
