100
0 49 59
0 1 23
0 91 91
0 52 82
0 30 88
0 66 14
0 9 21
0 76 54
0 62 31
0 84 28
0 26 22
0 92 64
0 33 50
0 14 83
0 94 51
0 34 97
0 7 35
0 51 82
0 95 53
0 85 37
0 23 23
0 97 29
0 75 9
0 35 6
0 4 58
1 29 44
1 50 82
1 23 69
1 18 11
1 6 15
1 33 23
1 89 95
1 47 36
1 75 7
1 7 98
1 92 59
1 90 63
1 72 6
1 5 55
1 28 18
1 37 32
1 70 66
1 3 42
1 24 31
1 54 95
1 40 4
1 21 3
1 77 97
1 4 20
1 22 88
2 38 20
2 51 51
2 47 94
2 7 41
2 46 24
2 45 70
2 31 84
2 71 2
1 2 26
2 23 71
2 21 72
2 24 21
2 16 84
2 5 19
2 66 1
2 54 59
2 26 19
2 80 20
2 82 83
2 96 21
2 73 47
2 25 1
2 86 18
2 65 78
2 30 42
3 61 72
3 26 4
3 90 42
3 57 64
3 29 60
3 92 67
3 38 5
3 97 34
3 55 95
3 5 62
3 71 23
3 70 92
3 31 4
3 40 68
3 84 15
3 66 54
3 89 7
3 67 28
3 53 2
3 19 43
3 23 35
3 17 64
3 18 2
3 30 69
3 32 66
4 96 42
4 40 9
4 65 69
4 57 87
4 76 10
4 90 32
4 41 20
4 87 6
4 67 54
4 8 92
4 61 4
4 32 76
4 66 86
4 13 96
4 64 65
4 77 55
4 80 75
4 25 30
4 54 60
4 89 74
4 99 80
4 43 41
4 84 8
4 24 29
4 27 37
5 43 5
5 47 38
5 88 29
5 66 96
5 19 60
5 58 74
5 49 37
5 33 17
5 57 4
5 78 59
5 26 18
5 90 78
5 95 37
5 50 13
5 6 41
5 63 91
5 15 75
5 17 10
5 54 78
5 83 23
5 99 58
5 75 74
5 71 51
5 36 42
5 86 28
6 10 30
6 99 17
6 35 33
6 64 47
6 20 99
6 83 15
6 9 25
6 63 95
6 40 40
6 24 80
6 16 96
6 23 38
6 66 6
6 34 68
6 54 87
6 86 90
6 29 5
6 51 67
6 52 12
6 60 14
6 27 79
6 88 27
6 90 45
6 57 93
6 79 37
7 8 38
7 53 12
7 11 33
7 58 51
7 50 39
7 68 64
7 14 52
7 30 52
7 16 23
7 47 16
7 25 32
7 33 76
7 71 63
7 91 45
7 97 19
7 26 35
7 98 63
7 78 92
7 74 99
7 34 45
7 87 63
7 18 23
7 40 59
7 51 41
7 67 53
8 89 10
8 67 59
8 61 20
6 8 95
8 83 38
8 16 48
8 94 15
8 84 85
8 10 92
8 77 53
0 8 51
8 85 90
8 59 12
8 74 63
8 56 76
8 80 9
8 21 18
8 30 77
8 49 13
8 9 86
5 8 81
8 63 25
8 28 97
8 23 80
8 32 13
9 36 74
9 12 17
9 54 68
9 50 81
9 85 99
9 14 22
9 51 52
9 88 9
9 42 75
9 84 95
9 44 63
9 95 28
9 56 98
9 90 53
9 46 61
1 9 14
9 28 37
9 16 54
9 99 27
9 48 93
9 81 23
9 98 82
9 79 39
9 94 17
9 61 97
10 21 46
10 42 81
10 48 65
10 73 47
10 51 82
10 83 73
10 47 54
10 52 35
10 81 16
10 53 5
10 63 38
10 22 54
10 26 48
10 89 48
10 98 77
10 65 64
10 87 98
10 94 27
10 16 47
10 61 13
10 75 65
10 56 89
10 33 32
10 62 7
10 15 80
11 30 32
11 13 43
11 57 9
11 53 19
11 99 48
11 40 87
11 78 9
11 89 9
8 11 96
11 54 74
11 48 4
11 29 15
11 70 15
11 68 71
11 64 85
11 56 81
11 59 87
11 38 42
11 18 29
11 41 27
11 84 28
5 11 26
11 86 90
11 65 86
11 42 13
12 55 2
12 37 38
12 76 80
0 12 2
12 51 24
12 63 91
12 14 90
1 12 73
12 84 14
3 12 77
12 94 66
12 46 87
12 34 47
12 28 30
7 12 66
12 38 17
12 88 99
12 60 7
12 31 16
12 72 21
12 20 52
12 78 33
12 42 37
12 92 82
12 82 7
13 60 16
13 94 85
13 86 72
13 38 37
13 81 29
2 13 27
13 50 71
13 88 34
13 45 13
13 65 53
13 31 36
13 36 69
13 55 70
13 41 10
13 70 77
13 37 47
13 91 19
13 44 10
13 20 72
13 68 27
13 64 63
0 13 97
13 93 33
13 62 89
13 40 89
14 54 57
14 33 38
14 20 13
14 63 30
14 25 80
10 14 7
14 70 69
14 15 54
14 89 88
14 81 2
14 73 49
14 22 55
6 14 70
14 37 59
14 86 31
1 14 79
14 40 11
14 76 49
14 32 16
14 26 44
14 67 81
14 39 26
2 14 88
14 46 87
14 16 34
15 25 81
15 73 94
15 37 8
4 15 87
15 85 33
15 63 9
15 47 34
15 66 90
15 28 59
6 15 74
15 27 1
15 24 9
15 16 32
15 36 32
15 40 58
15 41 85
15 80 25
15 55 74
15 98 98
15 53 99
15 58 98
15 79 89
15 39 89
9 15 18
15 81 90
16 87 15
16 36 8
16 92 91
16 89 47
16 26 13
16 76 70
16 75 71
16 34 54
16 17 33
16 73 82
16 35 28
16 68 43
16 39 7
16 71 53
16 62 61
16 99 62
4 16 25
16 44 99
16 79 18
16 37 11
16 51 51
16 60 95
16 67 73
16 18 30
16 58 80
17 42 4
17 33 46
17 29 76
4 17 15
17 41 14
17 81 52
17 84 70
17 72 20
17 97 37
17 48 30
17 77 19
17 74 63
17 47 46
17 25 2
17 58 2
17 53 43
17 21 81
17 62 38
6 17 96
10 17 21
15 17 20
17 96 50
17 46 60
17 57 61
14 17 72
18 70 43
18 22 63
18 85 48
18 77 85
18 28 21
18 46 37
18 27 69
18 40 4
2 18 33
18 63 25
18 26 60
18 67 43
14 18 84
18 75 98
18 57 12
18 29 64
6 18 28
18 83 22
8 18 39
18 82 8
18 72 9
18 52 65
18 23 78
18 55 18
18 79 23
19 22 16
19 23 78
10 19 35
19 72 83
19 86 47
19 66 81
19 83 41
19 28 35
13 19 16
0 19 46
19 40 28
17 19 11
19 57 54
6 19 83
19 75 7
19 34 7
19 41 35
1 19 80
19 96 82
19 37 75
19 55 2
19 92 94
19 62 76
7 19 75
19 21 71
20 35 66
20 33 27
20 76 95
20 46 20
20 69 19
20 44 17
20 45 90
20 80 69
20 29 89
20 50 14
20 48 88
20 67 60
20 71 10
3 20 93
20 36 21
20 61 62
20 77 87
20 64 58
20 42 33
20 43 22
20 62 20
20 99 32
20 98 85
18 20 73
4 20 5
21 74 9
21 23 50
21 24 66
21 88 46
21 79 59
20 21 4
21 73 91
21 45 50
21 53 50
21 29 8
16 21 42
21 22 9
15 21 86
21 92 41
21 40 66
21 51 70
21 57 4
21 35 40
0 21 66
21 81 31
21 97 76
21 80 62
21 91 45
21 84 65
21 60 91
22 80 47
7 22 69
22 44 23
3 22 65
22 84 56
22 81 18
5 22 36
22 97 40
22 66 22
22 67 79
13 22 34
22 74 12
2 22 91
22 52 93
22 64 66
22 75 72
22 60 16
16 22 76
22 36 74
22 55 97
22 96 61
22 89 2
22 53 50
0 22 54
8 22 23
23 93 1
23 89 74
22 23 9
23 43 56
23 52 39
23 76 4
23 51 30
23 24 43
23 77 27
23 44 29
23 81 75
23 59 57
23 69 78
23 50 40
23 53 8
23 40 6
23 84 77
20 23 7
23 33 55
23 99 9
23 80 26
23 25 83
23 45 69
23 94 36
7 23 17
24 93 9
24 95 59
24 43 72
24 65 41
24 63 9
24 69 76
24 78 13
24 54 45
24 71 63
24 42 36
24 57 17
24 45 57
24 79 55
24 26 88
24 40 94
24 89 50
24 85 15
24 91 66
24 61 28
24 67 59
24 51 49
24 64 89
24 36 81
24 77 50
24 49 30
20 25 11
25 26 7
25 74 74
25 85 41
25 72 38
25 86 16
25 83 23
25 63 47
25 81 52
25 36 95
6 25 66
25 92 19
25 78 88
9 25 28
25 39 8
24 25 41
8 25 63
25 40 31
5 25 80
22 25 24
25 32 59
25 84 39
25 82 82
25 43 55
25 34 85
26 82 16
26 98 80
26 39 2
26 60 6
26 64 29
20 26 69
26 90 22
26 71 50
26 42 15
26 40 41
26 34 43
26 69 79
26 96 49
26 46 90
26 65 97
11 26 84
26 59 93
4 26 13
8 26 47
12 26 46
26 43 8
26 99 14
26 67 54
26 47 42
19 26 10
27 77 62
27 91 26
27 94 65
27 87 71
27 82 79
27 41 89
27 32 80
27 79 14
16 27 77
27 48 89
27 35 54
27 43 85
24 27 22
3 27 36
27 63 16
27 65 55
12 27 40
25 27 11
27 30 6
27 55 24
27 57 18
27 58 13
10 27 12
27 29 56
27 76 41
28 40 49
11 28 33
28 42 2
28 66 29
7 28 48
27 28 64
28 89 65
28 50 70
28 37 65
28 35 70
28 47 4
28 72 74
28 84 91
28 63 25
5 28 45
28 86 42
28 36 65
28 76 23
28 60 51
28 43 14
28 44 24
13 28 66
28 58 11
6 28 52
28 92 12
15 29 49
29 45 19
29 38 66
29 64 65
29 55 89
29 71 20
9 29 56
29 33 92
4 29 92
23 29 95
29 57 94
29 59 33
2 29 90
29 72 27
29 35 60
16 29 9
29 87 16
29 84 78
29 61 57
29 42 12
29 62 96
0 29 85
29 60 98
29 68 33
14 29 26
13 30 27
30 70 20
30 84 3
30 51 32
30 96 35
30 69 28
30 57 53
28 30 25
30 45 27
30 36 68
30 97 19
30 83 19
30 80 17
30 76 63
30 65 33
30 49 80
24 30 93
30 89 73
21 30 55
30 53 43
22 30 27
1 30 70
30 93 9
30 81 34
15 30 91
31 50 72
31 68 47
28 31 42
15 31 22
31 95 18
31 45 60
31 78 34
8 31 24
31 73 94
14 31 5
31 88 55
31 98 2
31 91 33
31 87 17
31 59 25
30 31 45
31 97 76
31 54 4
31 96 40
31 46 79
31 33 95
31 48 62
4 31 27
31 52 40
31 61 57
32 37 23
7 32 77
32 51 96
32 76 64
32 88 21
30 32 24
32 87 93
0 32 46
15 32 21
32 95 88
32 82 40
32 99 63
32 48 9
32 74 51
32 71 64
32 93 14
32 47 24
32 73 32
16 32 56
32 96 37
32 54 27
32 81 7
32 36 47
20 32 72
32 92 13
33 85 47
12 33 69
33 52 71
33 42 95
33 73 39
33 79 42
33 95 66
33 53 1
33 99 46
21 33 72
33 69 43
33 84 9
33 90 86
33 58 14
22 33 84
33 87 99
15 33 6
32 33 13
33 74 51
33 51 12
13 33 41
26 33 76
33 56 3
33 45 28
33 96 4
34 85 84
34 40 71
34 98 45
34 59 78
33 34 46
34 36 97
34 41 40
13 34 27
29 34 32
23 34 94
34 75 71
1 34 86
34 87 63
34 68 88
11 34 51
34 55 42
34 69 92
34 79 18
34 84 88
34 51 46
34 37 14
34 47 53
34 95 42
34 99 52
34 93 11
35 77 14
35 90 79
35 62 37
35 89 70
9 35 15
26 35 48
35 49 81
31 35 77
35 98 89
35 56 97
35 88 46
35 79 27
1 35 25
22 35 55
35 40 87
35 53 85
35 97 30
7 35 9
35 72 41
35 36 7
35 84 11
35 99 12
35 86 50
13 35 11
35 43 87
36 82 30
36 62 86
36 86 98
36 94 8
36 93 41
36 74 94
26 36 86
36 70 98
1 36 68
36 68 57
36 76 94
3 36 22
36 80 93
23 36 41
31 36 17
36 65 83
36 49 68
36 43 92
36 97 36
19 36 65
36 46 98
2 36 46
33 36 74
27 36 50
36 63 41
17 37 10
37 94 97
37 49 30
10 37 46
37 62 55
37 81 63
37 68 2
37 63 48
29 37 75
37 80 75
31 37 97
37 42 34
37 87 27
37 57 65
37 83 63
7 37 62
23 37 93
37 89 73
36 37 41
37 71 2
6 37 77
37 48 97
37 44 51
37 65 68
37 40 99
38 57 74
38 88 16
38 61 13
19 38 11
32 38 14
38 40 36
38 64 8
38 56 78
38 96 38
10 38 37
38 82 86
0 38 98
14 38 31
38 90 54
18 38 57
36 38 20
38 66 59
4 38 95
17 38 69
5 38 42
38 81 59
38 62 77
38 58 87
16 38 62
38 72 32
39 71 10
39 54 45
39 80 99
31 39 18
27 39 29
39 93 37
39 95 48
32 39 15
18 39 58
39 68 99
19 39 44
9 39 56
39 78 61
39 63 37
17 39 33
39 90 22
39 40 10
39 67 43
39 52 59
28 39 72
39 64 59
39 86 26
39 50 17
39 91 27
39 81 25
40 64 86
40 74 80
40 89 10
40 73 92
40 90 16
40 48 44
40 67 33
29 40 30
0 40 43
40 95 92
40 59 99
16 40 5
40 84 40
10 40 45
31 40 33
40 52 66
40 65 22
17 40 75
36 40 3
40 55 64
40 61 31
40 91 63
40 88 17
2 40 97
40 51 87
38 41 13
2 41 46
12 41 43
41 75 26
41 84 94
41 58 74
41 66 32
41 92 31
41 90 81
41 52 61
41 93 87
41 59 49
0 41 2
7 41 9
41 61 22
41 97 30
41 69 5
8 41 35
37 41 67
40 41 7
41 71 61
41 86 31
41 47 41
41 65 9
41 44 12
0 42 40
42 79 10
42 99 28
42 55 65
42 96 50
42 97 50
42 90 28
42 87 10
40 42 65
42 88 66
38 42 28
22 42 95
42 63 14
32 42 68
42 76 42
42 77 67
8 42 39
14 42 89
42 74 72
5 42 24
41 42 35
42 57 24
13 42 84
19 42 3
34 42 49
43 57 23
43 79 65
3 43 81
43 66 92
43 84 87
43 67 96
9 43 30
43 81 16
37 43 46
11 43 20
30 43 8
43 53 87
42 43 95
43 46 61
16 43 19
43 59 45
43 75 24
43 86 71
43 83 24
43 51 58
43 90 94
0 43 79
31 43 38
43 88 28
21 43 46
4 44 3
44 54 28
40 44 90
44 87 59
44 50 89
15 44 72
30 44 87
8 44 79
44 90 96
44 59 49
38 44 79
44 97 3
32 44 11
44 71 97
26 44 67
44 45 68
36 44 91
44 52 41
33 44 42
44 75 43
44 66 84
44 51 43
44 63 11
27 44 93
14 44 14
45 98 23
34 45 28
11 45 76
45 91 30
42 45 39
14 45 54
45 66 93
45 69 42
43 45 97
45 53 94
45 62 30
45 52 66
45 75 11
45 85 34
45 74 7
45 64 38
25 45 84
45 73 7
45 77 78
15 45 53
45 46 93
45 56 73
45 93 49
45 55 20
45 89 95
46 62 31
30 46 14
46 85 38
46 87 67
13 46 64
37 46 27
5 46 66
46 73 50
46 92 63
46 95 94
46 96 17
33 46 25
11 46 36
46 64 40
46 57 15
29 46 1
42 46 99
1 46 37
46 50 7
22 46 28
39 46 80
44 46 11
0 46 84
46 72 65
34 46 23
46 47 81
47 89 20
47 85 58
47 63 27
0 47 28
47 66 38
27 47 32
19 47 36
47 84 79
35 47 18
47 59 48
47 95 64
47 56 68
39 47 49
47 94 98
47 87 81
47 96 81
37 47 96
47 55 47
47 73 74
47 48 30
47 97 91
12 47 79
42 47 33
47 69 14
48 77 2
48 95 12
48 72 5
48 74 41
5 48 10
48 90 57
3 48 42
35 48 63
14 48 61
48 96 4
48 80 86
48 65 31
48 84 26
48 92 11
48 79 1
48 91 69
48 58 92
48 61 78
43 48 40
23 48 11
48 98 32
48 51 43
48 86 15
48 64 44
7 48 3
12 49 46
49 75 48
26 49 93
20 49 52
45 49 19
49 50 32
34 49 84
49 78 79
49 76 74
48 49 82
49 90 49
49 80 3
49 60 96
49 74 43
49 67 17
27 49 28
49 91 54
40 49 5
49 58 88
49 73 55
38 49 27
49 99 42
49 89 10
49 86 89
49 57 9
37 50 31
12 50 30
50 52 15
45 50 79
50 92 24
27 50 70
50 53 80
50 89 56
50 85 11
50 74 94
50 80 74
2 50 59
0 50 71
50 97 81
50 83 26
41 50 56
22 50 83
40 50 23
50 71 6
50 68 79
8 50 41
19 50 26
50 70 29
17 50 24
50 91 47
13 51 40
51 68 53
42 51 71
47 51 66
11 51 88
51 84 82
51 76 61
51 71 92
1 51 2
26 51 76
51 92 48
51 91 12
35 51 64
51 96 71
51 59 44
51 80 9
51 62 9
41 51 14
51 89 80
29 51 34
51 52 10
51 67 32
17 51 21
51 75 3
15 51 84
52 98 75
36 52 52
52 82 57
52 81 74
17 52 88
52 84 6
52 79 99
52 90 43
52 76 25
52 55 9
52 72 60
52 95 36
52 77 64
19 52 29
37 52 25
34 52 51
25 52 48
43 52 4
3 52 44
52 70 46
42 52 85
52 89 36
46 52 16
2 52 9
52 94 71
53 69 78
5 53 12
53 88 80
37 53 61
53 68 25
53 99 68
49 53 84
53 92 54
53 59 96
53 77 63
24 53 41
4 53 37
31 53 81
53 83 60
48 53 8
53 54 82
53 80 84
53 73 29
1 53 53
41 53 71
39 53 32
16 53 64
46 53 81
51 53 47
8 53 86
35 54 81
54 66 11
46 54 66
22 54 69
15 54 33
47 54 95
7 54 74
54 63 80
28 54 26
16 54 90
50 54 41
54 61 66
48 54 40
51 54 68
13 54 77
54 97 47
54 95 24
54 99 61
38 54 64
54 59 10
54 64 14
25 54 95
54 76 3
54 91 49
54 70 76
20 55 91
55 63 61
55 96 70
55 85 38
51 55 70
55 93 93
55 88 62
55 58 91
55 91 16
55 86 34
54 55 12
55 90 58
55 61 93
55 65 67
26 55 27
55 99 62
43 55 87
0 55 40
55 79 14
55 98 44
48 55 18
55 76 65
2 55 26
55 82 23
55 72 35
49 56 77
30 56 17
56 63 69
43 56 72
22 56 73
56 95 76
20 56 79
32 56 52
4 56 16
34 56 74
29 56 41
56 67 95
56 82 50
3 56 98
56 62 83
56 90 24
19 56 26
56 75 32
56 66 32
55 56 13
56 89 44
56 92 11
56 70 9
56 96 76
23 56 66
23 57 76
35 57 19
50 57 77
57 87 47
57 98 80
57 73 65
57 62 68
51 57 9
48 57 21
26 57 79
2 57 68
10 57 39
1 57 8
57 81 54
57 96 18
57 64 56
15 57 65
57 70 51
57 78 9
16 57 15
57 83 1
13 57 39
57 77 87
57 68 79
57 92 53
58 89 12
58 99 11
4 58 41
58 77 78
58 87 89
58 97 19
58 79 61
58 80 93
58 84 95
8 58 7
12 58 94
58 65 2
58 70 41
6 58 65
36 58 80
22 58 70
18 58 38
3 58 22
34 58 55
11 58 96
58 68 68
26 58 83
58 66 3
47 58 69
58 88 44
55 59 15
59 70 96
32 59 52
16 59 25
57 59 5
59 75 51
24 59 89
59 82 86
2 59 52
59 88 81
9 59 73
59 96 55
59 81 59
4 59 19
12 59 31
59 62 79
52 59 92
59 87 26
59 67 36
45 59 91
59 90 19
59 99 98
3 59 63
59 85 5
59 83 6
60 91 53
20 60 41
1 60 88
18 60 64
58 60 43
60 63 86
55 60 34
51 60 68
60 64 84
60 90 17
60 65 41
60 67 11
48 60 47
23 60 85
32 60 78
31 60 81
60 79 39
60 93 10
56 60 8
47 60 41
46 60 2
2 60 9
60 62 93
60 92 42
7 60 53
17 61 8
28 61 94
34 61 60
1 61 69
46 61 10
59 61 69
61 75 95
6 61 79
61 79 57
51 61 97
61 69 48
50 61 30
32 61 8
39 61 52
61 81 26
61 83 88
43 61 99
61 76 7
61 72 98
37 61 92
22 61 30
0 61 8
61 62 61
60 61 84
61 73 31
62 63 98
62 78 88
11 62 20
42 62 39
62 84 7
54 62 73
9 62 96
62 94 22
62 87 62
43 62 72
62 76 42
15 62 49
1 62 29
62 81 87
58 62 39
22 62 70
44 62 2
62 99 17
62 91 50
62 68 20
41 62 26
23 62 54
3 62 82
53 62 68
62 85 83
63 76 3
52 63 26
30 63 77
63 69 27
43 63 66
63 77 48
63 99 19
48 63 48
33 63 82
58 63 40
9 63 39
63 71 17
63 91 23
63 74 46
63 70 49
13 63 76
63 72 46
31 63 58
63 64 63
63 75 78
20 63 82
63 84 39
11 63 88
63 97 37
61 63 22
8 64 74
14 64 67
49 64 73
64 77 89
64 99 31
64 86 70
17 64 18
37 64 19
28 64 9
64 85 35
64 89 1
56 64 70
59 64 11
18 64 25
64 69 60
19 64 35
15 64 33
51 64 21
64 90 28
2 64 32
64 84 55
27 64 51
34 64 54
5 64 29
0 64 3
49 65 87
65 76 32
56 65 32
25 65 57
65 75 90
1 65 44
65 89 48
52 65 97
3 65 4
19 65 27
38 65 13
7 65 90
65 82 35
57 65 92
65 78 76
12 65 1
8 65 16
15 65 36
34 65 50
65 93 84
14 65 42
65 92 3
62 65 96
43 65 20
64 65 29
66 77 9
66 83 41
66 72 45
66 88 64
66 86 49
51 66 66
66 91 69
37 66 76
61 66 97
66 85 69
66 81 34
10 66 26
13 66 95
66 75 10
7 66 7
66 78 6
66 90 88
66 67 68
48 66 48
40 66 52
46 66 50
18 66 34
66 99 29
20 66 68
8 66 60
67 76 5
67 70 88
67 83 21
64 67 55
1 67 93
65 67 3
67 69 71
67 77 85
9 67 16
13 67 87
42 67 44
67 78 78
6 67 97
67 68 80
30 67 89
67 95 97
67 90 39
67 72 93
38 67 92
67 87 57
29 67 9
27 67 5
31 67 70
34 67 93
48 67 42
68 83 1
23 68 75
45 68 34
68 86 17
63 68 87
68 80 67
68 73 19
21 68 84
68 82 1
42 68 83
40 68 36
68 84 21
65 68 33
68 96 96
27 68 29
5 68 4
49 68 99
68 74 40
6 68 44
68 91 14
3 68 53
68 92 59
68 78 70
4 68 2
68 79 80
19 69 96
54 69 32
36 69 57
51 69 9
0 69 22
69 85 1
29 69 69
69 87 72
27 69 13
69 76 99
69 74 14
68 69 65
18 69 46
69 94 3
9 69 21
39 69 28
69 91 34
69 73 37
69 84 46
40 69 13
28 69 93
69 95 51
31 69 72
12 69 52
7 69 98
12 70 82
70 88 22
46 70 37
16 70 88
5 70 51
34 70 95
70 99 34
68 70 14
20 70 95
70 77 93
10 70 66
70 98 46
62 70 19
61 70 81
70 82 46
70 85 69
23 70 16
70 92 53
70 87 94
70 84 16
8 70 43
32 70 12
70 89 57
2 70 62
39 70 28
71 81 24
64 71 94
70 71 69
30 71 89
17 71 36
62 71 57
71 79 58
9 71 37
31 71 11
67 71 43
36 71 69
40 71 69
65 71 89
60 71 39
71 88 54
71 93 89
69 71 2
13 71 87
71 99 9
71 86 23
71 77 22
52 71 66
58 71 32
71 95 21
53 71 4
30 72 28
6 72 99
39 72 66
72 88 7
15 72 91
72 86 98
72 80 86
31 72 58
47 72 66
26 72 21
8 72 28
58 72 55
23 72 86
69 72 77
11 72 39
72 90 4
49 72 4
21 72 61
33 72 11
72 73 5
7 72 42
41 72 88
54 72 82
40 72 29
57 72 76
12 73 85
64 73 28
73 80 94
73 96 56
7 73 33
73 78 74
6 73 58
73 88 86
9 73 79
4 73 32
23 73 27
41 73 73
11 73 64
73 83 57
67 73 28
73 94 98
51 73 72
71 73 68
73 81 4
22 73 31
18 73 3
43 73 20
73 75 23
70 73 60
58 73 80
1 74 67
74 79 69
64 74 29
70 74 97
51 74 23
74 78 78
28 74 58
43 74 90
74 90 67
74 81 58
3 74 28
73 74 95
74 77 69
67 74 94
10 74 74
39 74 88
0 74 34
35 74 64
74 80 9
4 74 98
13 74 36
52 74 7
60 74 55
15 74 24
74 94 22
64 75 91
50 75 82
69 75 52
75 87 30
33 75 75
52 75 74
75 98 52
20 75 34
2 75 18
70 75 62
75 77 78
25 75 48
74 75 15
75 80 15
4 75 48
75 85 19
38 75 21
57 75 22
75 79 32
39 75 56
75 88 10
24 75 3
75 93 68
58 75 62
11 75 14
29 76 21
5 76 16
64 76 65
48 76 80
76 99 66
59 76 72
33 76 26
9 76 16
76 96 18
57 76 54
71 76 71
15 76 92
18 76 36
8 76 7
76 83 29
75 76 64
2 76 95
76 98 62
76 88 93
43 76 78
26 76 22
76 81 86
72 76 8
76 87 24
6 76 76
50 77 13
34 77 70
55 77 77
77 99 7
77 86 13
62 77 3
77 89 51
36 77 89
77 97 85
69 77 52
73 77 17
77 98 31
28 77 34
77 79 78
16 77 95
41 77 95
30 77 35
77 78 66
44 77 10
15 77 89
49 77 42
32 77 24
5 77 27
60 77 70
14 77 76
10 78 81
78 83 6
78 79 10
44 78 68
78 88 64
21 78 33
47 78 92
8 78 22
45 78 13
78 94 62
46 78 32
43 78 80
17 78 75
59 78 65
61 78 32
30 78 70
26 78 73
16 78 9
51 78 38
70 78 30
78 82 70
78 91 60
78 96 9
78 84 14
0 78 15
79 92 31
79 96 48
64 79 13
79 90 36
31 79 72
7 79 68
10 79 95
41 79 97
72 79 32
54 79 29
46 79 1
29 79 62
79 94 30
12 79 99
50 79 39
8 79 57
79 98 13
19 79 91
62 79 38
38 79 92
44 79 57
73 79 33
11 79 57
79 87 51
57 79 5
80 87 81
17 80 8
44 80 22
60 80 48
59 80 19
31 80 12
0 80 32
40 80 34
14 80 98
10 80 67
78 80 43
80 81 68
67 80 13
7 80 44
26 80 82
3 80 16
24 80 46
16 80 93
42 80 56
80 92 17
80 90 93
56 80 78
80 94 44
11 80 22
69 80 76
3 81 47
55 81 69
27 81 10
79 81 55
53 81 68
49 81 29
44 81 94
18 81 97
67 81 19
12 81 5
81 82 40
0 81 46
81 87 6
81 93 51
1 81 72
26 81 26
77 81 66
75 81 7
81 92 54
41 81 18
8 81 84
2 81 22
33 81 87
81 89 67
6 81 41
6 82 22
51 82 55
82 83 59
24 82 65
82 99 98
71 82 69
82 91 1
82 96 68
79 82 97
44 82 15
82 90 44
82 93 18
30 82 62
76 82 44
34 82 29
67 82 66
60 82 91
53 82 43
29 82 86
1 82 19
13 82 60
14 82 88
77 82 57
19 82 27
37 82 35
64 83 71
29 83 50
83 97 78
47 83 16
20 83 78
9 83 35
83 85 64
40 83 51
21 83 87
23 83 62
83 87 35
75 83 90
12 83 82
1 83 22
60 83 81
0 83 46
45 83 66
49 83 90
14 83 83
4 83 10
81 83 89
83 88 75
36 83 41
65 83 14
35 83 80
84 89 40
80 84 1
84 87 92
14 84 51
84 88 78
20 84 40
84 85 16
6 84 28
72 84 83
66 84 81
44 84 60
65 84 93
10 84 20
61 84 21
26 84 38
60 84 64
27 84 47
74 84 92
75 84 27
16 84 38
84 91 23
77 84 86
84 94 25
7 84 83
84 92 23
28 85 80
78 85 37
10 85 33
14 85 71
7 85 9
42 85 6
85 86 83
23 85 27
2 85 86
85 88 26
85 93 10
40 85 18
80 85 54
21 85 6
29 85 29
85 95 76
43 85 61
85 89 76
17 85 63
85 99 21
65 85 71
57 85 75
6 85 12
22 85 82
56 85 7
47 86 92
74 86 22
86 98 22
86 87 19
1 86 39
4 86 85
9 86 30
29 86 22
58 86 21
57 86 62
20 86 14
86 99 97
86 96 13
86 89 31
79 86 89
23 86 83
7 86 42
26 86 46
46 86 71
0 86 67
86 91 85
83 86 26
73 86 99
40 86 48
61 86 83
39 87 89
65 87 18
2 87 42
49 87 42
72 87 68
0 87 86
15 87 99
85 87 62
21 87 5
6 87 41
18 87 79
87 91 35
87 98 14
51 87 27
60 87 36
87 89 7
87 96 58
20 87 45
87 90 46
87 97 1
12 87 45
87 99 64
43 87 23
36 87 85
3 87 86
74 88 27
56 88 26
88 91 92
64 88 68
2 88 39
36 88 7
88 93 4
11 88 63
48 88 72
50 88 1
88 92 81
77 88 57
4 88 17
81 88 95
7 88 18
30 88 98
3 88 89
24 88 71
52 88 60
37 88 9
28 88 3
62 88 25
88 90 59
18 88 78
88 98 81
55 89 81
53 89 86
26 89 36
7 89 34
69 89 35
74 89 68
29 89 17
89 90 76
66 89 57
76 89 10
2 89 65
78 89 71
33 89 68
9 89 5
83 89 76
89 91 55
82 89 41
88 89 19
17 89 25
12 89 37
42 89 84
21 89 20
67 89 80
31 89 55
18 89 92
14 90 70
90 96 67
71 90 94
45 90 18
54 90 75
76 90 27
63 90 29
15 90 39
73 90 50
46 90 38
90 91 16
86 90 89
2 90 71
90 95 96
90 92 57
37 90 90
7 90 63
8 90 50
65 90 78
22 90 93
50 90 81
77 90 13
11 90 55
57 90 36
20 90 7
91 98 43
3 91 26
73 91 81
12 91 85
70 91 51
91 93 47
91 97 53
91 92 52
10 91 27
38 91 2
72 91 63
23 91 9
8 91 96
33 91 91
42 91 50
56 91 47
15 91 24
28 91 70
76 91 86
91 95 30
1 91 60
91 99 70
44 91 23
47 91 72
79 91 18
72 92 1
40 92 54
62 92 51
11 92 74
20 92 13
69 92 34
92 93 94
47 92 78
7 92 20
27 92 10
29 92 41
22 92 46
92 94 38
75 92 80
24 92 43
14 92 39
66 92 44
33 92 99
38 92 36
44 92 53
64 92 43
92 98 33
4 92 43
58 92 28
43 92 46
93 99 81
86 93 61
93 94 89
8 93 87
59 93 20
76 93 49
11 93 8
22 93 64
14 93 41
73 93 41
31 93 29
72 93 59
25 93 32
54 93 99
43 93 45
48 93 65
29 93 10
44 93 49
49 93 78
52 93 5
62 93 41
46 93 2
57 93 80
26 93 31
58 93 79
68 94 78
16 94 80
54 94 80
50 94 89
59 94 90
32 94 52
56 94 94
49 94 26
90 94 23
26 94 40
33 94 63
1 94 81
24 94 47
35 94 86
72 94 42
94 98 85
58 94 8
44 94 94
85 94 27
81 94 74
42 94 19
60 94 57
91 94 99
94 97 6
70 94 63
83 95 56
59 95 59
42 95 34
82 95 60
35 95 47
19 95 86
55 95 75
7 95 61
30 95 25
89 95 38
16 95 30
57 95 24
22 95 83
76 95 88
36 95 88
62 95 92
29 95 44
14 95 67
43 95 26
11 95 84
26 95 48
50 95 99
68 95 2
81 95 3
65 95 76
27 96 30
67 96 69
5 96 62
96 97 36
58 96 10
20 96 9
49 96 31
36 96 43
63 96 33
94 96 33
35 96 98
29 96 19
21 96 79
28 96 58
43 96 44
61 96 56
12 96 93
1 96 8
10 96 77
34 96 62
18 96 79
72 96 58
53 96 95
16 96 2
65 96 29
74 97 18
27 97 65
37 97 78
14 97 97
12 97 65
92 97 46
64 97 83
53 97 38
72 97 40
95 97 15
24 97 70
73 97 72
11 97 22
25 97 1
2 97 35
38 97 19
88 97 74
45 97 74
97 98 64
39 97 14
76 97 75
90 97 11
57 97 20
8 97 84
29 97 54
65 98 85
64 98 13
58 98 44
81 98 96
3 98 4
27 98 57
56 98 32
68 98 52
80 98 13
72 98 33
84 98 11
67 98 79
74 98 4
60 98 12
1 98 10
21 98 76
62 98 5
66 98 8
30 98 70
61 98 91
83 98 26
5 98 35
23 98 2
16 98 78
22 98 93
13 99 85
30 99 88
89 99 10
40 99 74
72 99 38
37 99 44
74 99 26
84 99 20
96 99 20
51 99 22
2 99 47
88 99 31
29 99 74
27 99 48
38 99 71
60 99 41
10 99 67
97 99 60
57 99 53
25 99 83
95 99 83
52 99 34
8 99 57
50 99 28
18 99 11
