100
17 76 29.043
73 66 8.326
36 63 77.084
82 91 47.845
82 6 91.192
42 35 63.368
58 41 59.411
86 88 71.202
95 67 87.421
43 90 63.099
88 46 35.619
62 56 30.509
44 60 15.486
53 78 90.8
40 75 69.439
69 28 55.051
51 71 80.635
54 37 19.429
19 64 22.623
99 46 16.752
78 39 9.877
22 2 35.114
12 11 13.817
6 8 86.686
13 33 52.767
3 6 98.493
51 9 52.282
35 97 7.897
8 7 0.443
9 32 36.094
29 72 27.573
10 17 41.77
12 70 1.64
79 85 58.434
8 35 76.369
73 63 26.94
69 82 16.507
77 33 95.987
52 22 49.507
69 41 89.784
45 77 64.138
77 72 58.975
40 35 45.439
50 9 85.731
57 47 82.451
40 92 57.935
96 0 25.95
93 47 52.95
15 19 51.36
10 82 78.324
76 66 22.948
43 62 52.862
96 50 78.828
14 23 32.974
87 67 97.537
30 2 56.074
45 19 0.096
72 16 23.293
43 92 72.733
54 19 12.027
65 29 20.848
23 24 31.476
49 83 24.874
46 26 98.11
59 22 7.731
80 43 69.674
78 0 70.822
65 14 48.171
77 92 68.019
52 33 73.046
82 98 26.059
33 65 62.676
53 84 49.205
35 92 57.93
31 34 28.311
66 38 99.322
50 84 16.629
94 24 5.421
69 1 46.197
49 67 76.917
17 37 0.883
12 69 78.879
64 51 44.287
20 81 23.462
82 13 44.943
44 72 8.492
9 1 42.767
33 80 24.593
60 77 8.968
94 49 42.872
40 79 88.394
8 1 66.876
65 45 13.72
31 16 22.628
65 22 3.65
91 89 97.788
39 89 26.547
59 4 95.327
36 72 87.895
93 92 18.631
42 69 13.036
31 44 19.127
59 40 31.713
0 57 89.647
40 16 89.908
74 68 21.271
82 5 64.127
75 17 99.81
41 16 16.795
76 95 32.907
18 49 38.54
69 87 72.972
91 77 50.655
3 82 25.1
54 76 96.227
60 84 74.645
35 58 98.458
6 9 29.598
83 41 22.653
71 19 82.301
66 42 27.229
70 5 61.765
5 33 5.773
89 36 22.534
71 13 43.802
75 26 50.282
9 26 69.78
84 93 71.931
67 78 15.26
56 12 19.921
30 25 54.108
48 27 40.908
38 74 68.455
1 13 55.031
55 25 32.954
5 47 40.684
81 36 87.127
7 59 9.453
73 61 37.387
7 67 6.061
89 54 62.143
40 29 68.235
82 54 72.547
98 5 5.116
40 0 22.444
38 53 45.298
19 91 66.925
4 42 19.863
71 5 92.007
16 19 17.465
42 18 83.654
28 45 70.147
60 10 24.84
55 72 53.618
49 94 59.419
92 61 93.251
45 98 22.34
6 17 21.939
49 10 36.109
37 98 18.395
14 38 81.541
33 66 57.968
57 87 89.843
91 62 67.847
27 40 27.413
3 29 94.482
77 54 3.121
34 50 98.232
34 30 96.015
76 59 49.334
70 13 45.08
34 61 69.842
70 59 73.08
80 93 14.364
27 93 58.1
64 36 61.206
74 22 78.999
32 72 87.025
67 33 42.13
12 61 65.012
63 68 51.049
67 38 64.119
65 84 91.328
21 89 15.37
46 83 18.062
66 36 6.263
38 52 83.292
82 95 44.876
64 91 51.944
41 17 58.576
67 74 59.379
87 77 9.796
32 90 25.654
7 99 10.873
42 34 44.766
7 63 79.605
65 5 11.833
6 44 6.872
96 64 1.553
88 69 16.945
43 84 39.009
67 24 83.693
6 22 67.706
93 58 37.002
27 1 27.937
27 39 20.94
60 33 32.349
78 82 14.617
38 15 60.969
88 57 46.674
50 16 25.359
33 12 65.455
1 8 88.234
52 58 78.544
84 50 4.689
20 26 3.86
33 97 77.093
77 15 29.78
57 46 65.007
43 6 50.809
24 68 95.702
44 19 32.267
99 54 89.32
88 78 5.63
53 63 59.45
41 90 32.865
90 63 71.966
94 58 51.767
67 83 22.08
65 11 24.331
53 39 18.894
69 26 46.476
65 87 40.949
40 54 92.648
65 19 37.509
41 27 42.186
93 24 69.047
94 69 56.554
31 8 69.936
24 87 3.394
89 3 38.596
73 90 94.935
85 8 3.175
25 40 45.038
41 95 0.969
59 43 4.597
8 90 33.842
2 98 35.704
60 56 3.062
8 75 18.275
32 60 38.688
70 97 12.046
69 80 24.292
90 14 83.853
80 4 54.749
1 38 27.518
74 77 71.891
32 98 77.67
58 23 16.682
25 30 42.79
70 66 47.431
92 44 23.537
74 90 93.329
34 20 98.285
76 25 58.611
82 61 23.705
7 72 34.258
84 85 5.652
73 55 72.431
21 86 73.122
49 77 50.894
91 69 32.52
96 37 38.004
63 36 21.557
59 62 40.514
76 92 0.796
53 70 81.527
63 45 67.466
79 25 52.91
43 87 19.773
87 6 38.141
19 74 44.711
77 34 37.624
2 30 18.1
4 69 77.788
47 45 82.86
90 37 22.212
82 34 33.226
99 13 51.613
62 15 58.118
13 84 31.519
10 85 67.207
89 15 32.95
15 99 59.184
28 72 17.064
35 22 25.024
48 66 51.516
65 79 11.956
60 44 73.646
98 47 38.979
91 96 45.048
83 76 30.723
81 22 83.1
23 97 23.365
0 70 64.62
48 43 41.694
93 38 77.255
84 82 57.132
69 19 54.46
98 11 98.776
32 86 33.164
96 76 41.219
19 47 99.763
15 66 15.549
95 90 74.393
21 10 22.181
15 48 20.018
98 19 11.531
24 39 13.704
27 87 8.387
53 87 4.721
54 23 87.935
80 24 25.384
3 99 62.017
19 93 98.571
23 7 85.83
47 58 66.891
13 5 44.02
43 79 22.653
88 75 22.102
58 76 12.582
81 53 99.004
52 74 0.254
52 98 73.659
43 4 96.355
10 42 66.926
25 72 72.923
9 24 7.661
8 67 41.702
56 78 35.252
24 72 16.494
25 84 1.536
24 52 67.547
89 37 61.43
47 62 36.642
67 44 58.288
69 3 20.868
76 48 4.007
29 76 62.3
66 30 61.797
92 40 76.747
89 64 72.344
32 81 91.271
20 60 30.979
3 79 16.431
18 45 4.687
87 0 34.392
49 52 44.494
54 42 79.793
28 42 5.841
20 91 62.191
74 17 84.856
39 7 70.467
51 46 44.518
86 82 42.545
30 67 21.812
65 44 43.084
62 31 62.681
63 61 12.381
15 93 47.21
45 93 78.718
43 33 68.297
75 41 64.452
75 39 88.451
73 85 91.999
14 44 4.168
29 87 15.161
88 85 81.623
51 68 78.984
27 78 34.375
70 49 0.065
25 31 58.455
62 69 90.991
16 89 4.089
51 96 50.515
20 61 47.617
56 6 45.7
78 34 53.528
36 89 68.213
25 23 53.716
12 49 78.651
73 72 89.327
7 56 11.411
27 49 22.679
10 24 3.131
37 84 43.205
93 46 89.534
6 54 27.2
5 88 94.592
45 0 46.145
86 92 23.152
80 30 44.517
8 85 48.152
28 89 23.982
88 68 69.591
75 30 57.804
13 66 94.16
55 41 8.082
76 77 37.304
66 28 63.278
33 88 91.45
94 65 26.297
25 80 81.75
42 12 18.888
24 5 59.244
30 65 87.994
83 18 44.419
44 99 72.333
79 35 44.098
34 91 58.204
93 63 73.387
36 6 98.357
89 32 36.49
32 70 83.968
51 86 34.001
49 4 39.03
26 88 25.788
10 32 26.58
43 85 10.957
87 22 35.653
6 85 33.625
28 3 86.481
36 92 90.607
88 54 19.419
69 71 93.805
76 39 25.306
37 56 82.308
44 40 4.35
98 28 29.685
77 52 15.904
49 91 75.404
79 57 43.973
27 84 28.429
13 44 24.625
98 58 35.857
5 70 95.256
47 43 74.944
34 70 80.468
28 84 92.819
48 87 41.889
82 37 29.203
1 77 64.758
85 15 21.094
20 33 4.358
2 59 66.377
95 24 98.782
83 9 92.939
24 86 34.88
48 93 75.914
30 18 20.409
31 51 8.634
57 80 82.638
83 71 80.967
86 3 28.931
37 26 64.502
84 48 88.883
24 77 59.802
86 21 64.24
40 74 22.708
38 30 34.703
29 98 80.341
61 76 91.128
55 37 97.419
42 68 3.382
15 52 9.043
41 53 97.372
22 73 33.226
19 17 14.401
33 26 89.133
94 22 6.365
12 0 31.823
65 61 91.023
37 86 7.923
58 78 72.464
32 14 42.734
14 25 62.723
45 6 19.399
52 72 82.275
83 16 90.693
63 9 35.445
57 64 51.099
38 84 78.966
29 58 44.792
91 37 80.922
48 47 13.208
58 77 42.3
31 58 69.362
28 96 18.024
48 71 89.318
47 28 16.858
6 49 81.171
56 45 35.354
48 24 68.186
89 61 6.502
91 93 42.342
26 13 10.454
2 18 2.587
86 30 35.159
59 10 63.949
43 19 53.448
86 64 34.68
90 47 26.509
65 31 30.887
27 44 67.997
12 54 21.546
72 26 6.135
69 63 79.661
0 24 4.629
92 96 89.218
48 14 52.499
97 37 74.553
97 74 39.621
43 76 98.041
53 92 49.411
30 50 97.921
32 22 2.094
34 37 14.884
42 1 4.697
90 8 68.064
55 46 14.322
91 59 10.791
71 51 14.221
26 82 34.954
65 24 87.001
25 69 78.812
98 9 71.158
66 8 57.18
44 63 34.957
31 83 31.655
42 47 49.049
1 35 94.17
99 63 68.996
56 23 68.619
36 95 14.905
89 34 35.658
71 14 20.241
1 80 60.094
58 28 88.348
46 24 40.424
88 17 58.787
26 19 63.699
9 96 68.873
37 42 1.38
21 33 27.934
71 4 82.363
8 74 70.937
87 92 51.272
94 82 11.681
40 81 82.384
12 88 9.713
84 13 89.016
1 40 46.821
59 64 1.098
62 53 71.089
23 32 39.309
4 80 2.801
47 20 70.403
47 25 62.935
45 54 82.307
70 54 70.747
5 98 82.661
66 13 90.894
1 60 14.343
31 42 60.685
19 41 17.697
29 69 74.251
59 82 85.101
80 29 46.676
24 22 96.219
53 97 14.966
46 53 0.394
39 61 38.587
5 30 31.266
38 13 70.101
1 83 97.791
41 81 19.448
36 35 12.538
36 13 99.033
97 35 33.647
17 50 12.109
91 90 16.866
10 8 25.674
42 19 74.473
39 37 79.255
59 98 16.96
15 59 73.234
67 42 42.809
54 26 14.076
87 68 5.917
34 17 65.986
15 84 96.32
27 35 21.671
78 20 32.714
69 13 29.77
93 61 37.941
25 49 57.359
50 21 23.57
98 94 84.06
30 88 46.247
35 99 40.86
16 57 67.264
65 10 36.8
56 5 77.433
1 11 42.82
46 91 88.993
44 51 9.848
81 42 74.276
11 82 21.588
62 8 26.94
34 59 98.703
32 34 77.825
72 78 89.514
37 39 84.769
76 6 81.359
98 32 92.612
40 24 8.014
69 8 99.437
46 55 45.062
15 45 96.042
56 52 99.142
94 41 28.302
96 9 79.297
77 82 70.599
97 51 60.906
99 59 22.229
74 79 3.671
74 46 17.886
90 77 29.818
2 42 98.42
2 22 88.264
64 24 14.055
40 55 22.666
17 39 89.966
9 48 89.686
24 2 36.865
39 92 42.574
56 37 99.487
81 67 53.328
83 44 69.227
80 6 62.701
23 67 3.305
4 64 48.748
20 9 31.88
90 94 16.213
13 86 6.712
23 18 75.611
84 10 13.911
64 77 17.763
61 7 71.174
26 2 63.376
8 36 62.859
50 92 7.441
73 10 49.173
82 65 76.07
84 8 71.355
13 52 3.271
72 82 50.644
14 95 94.563
31 0 21.511
39 3 11.406
13 65 95.831
98 60 64.942
95 87 24.534
17 41 82.186
25 39 33.311
42 92 88.934
37 93 51.047
23 85 90.332
14 30 15.757
78 76 27.311
8 12 46.008
90 76 4.663
17 24 66.024
74 87 94.472
55 67 63.765
44 21 84.379
53 15 18
85 76 10.31
27 95 86.199
14 69 95.514
93 78 12.148
1 50 20.295
22 59 28.761
91 16 40.472
74 73 52.589
50 57 70.803
52 68 53.561
46 42 63.738
74 31 72.598
3 21 91.41
34 83 86.772
79 15 98.098
49 75 44.988
9 70 92.339
32 35 82.39
99 35 73.851
5 56 71.706
63 69 83.786
20 67 63.977
42 41 48.315
64 5 57.96
73 95 72.994
54 3 10.358
10 70 9.331
55 90 96.309
61 25 92.767
63 77 96.793
96 34 38.669
56 87 10.433
3 14 27.176
16 25 15.414
91 98 43.647
68 18 24.45
46 3 53.474
95 43 11.523
52 92 82.059
42 3 15.33
22 84 30.968
75 97 36.169
85 19 67.171
89 90 70.582
74 20 45.319
7 69 1.136
43 37 91.938
25 77 26.396
14 17 30.483
23 11 82.79
45 17 55.301
49 74 17.985
18 19 78.59
20 41 20.274
70 69 74.511
59 26 52.851
78 96 2.845
12 85 49.458
69 16 61.654
92 39 96.225
74 0 82.318
63 3 59.861
54 18 94.088
14 83 12.652
52 49 53.059
8 72 35.1
74 52 69.291
40 23 42.053
21 36 9.763
93 10 48.714
15 31 12.528
40 69 59.791
96 44 57.806
61 53 23.923
14 99 48.321
12 59 90.383
64 28 70.53
74 27 51.097
98 0 91.922
80 53 46.184
5 91 31.922
29 73 85.106
63 39 69.725
95 30 54.012
75 37 4.881
2 69 69.577
93 42 38.21
1 78 51.287
29 32 60.43
3 28 6.62
77 79 62.861
33 57 28.836
48 44 36.934
49 40 61.194
49 47 83.866
29 71 97.12
80 25 45.024
48 46 7.587
0 19 62.048
78 17 90.382
66 80 28.163
86 90 84.381
3 0 59.423
47 96 72.12
77 5 90.016
21 3 47.605
76 47 73.379
57 28 73.11
94 73 23.798
60 35 84.298
22 60 27.391
99 84 20.657
23 52 94.814
91 74 98.544
58 97 69.478
97 67 99.143
52 64 19.169
15 62 33.256
62 70 3.483
81 94 53.97
69 72 26.995
45 67 73.614
41 87 16.866
29 49 98.102
16 22 97.692
66 31 74.702
70 98 25.557
69 65 38.225
42 54 84.398
32 54 24.287
62 82 92.354
66 50 72.354
50 43 71.478
14 22 35.751
66 29 80.92
63 34 71.797
26 99 94.838
45 73 48.63
95 4 74.169
95 13 60.364
93 39 22.355
81 0 78.732
69 31 53.921
85 65 30.9
30 3 44.412
20 55 75.378
19 25 69.726
8 13 48.047
46 76 13.715
52 0 96.866
89 14 37.969
4 8 47.475
94 91 80.458
97 63 34.164
38 60 31.424
60 36 30.063
12 23 45.358
63 59 61.943
70 18 81.946
73 40 1.917
79 61 37.433
97 32 72.978
97 24 43.891
19 6 35.911
41 73 38.434
67 29 44.779
18 23 75.263
7 70 63.859
12 60 16.859
46 34 90.336
16 49 93.073
72 36 37.518
72 35 58.076
19 51 13.753
25 15 3.617
47 55 21.146
10 20 45.181
67 37 64.906
36 85 19.981
77 4 4.58
89 99 95.373
33 61 95.661
2 49 77.375
69 21 6.387
39 38 92.657
43 82 57.627
72 43 67.877
49 16 3.442
65 66 18.837
84 94 3.984
49 51 11.448
97 31 53.491
62 18 27.662
75 18 31.318
68 49 82.828
28 68 29.551
92 84 31.67
11 45 72.539
62 34 67.633
37 76 21.772
13 58 77.262
37 48 64.045
51 89 43.729
74 36 40.676
46 88 28.01
23 75 84.551
41 84 90.887
11 65 3.925
85 50 31.926
28 43 43.654
64 12 51.132
14 72 56.275
18 69 38.87
86 95 26.147
0 73 75.07
82 40 7.949
93 37 54.668
0 87 4.018
11 74 49.595
57 84 48.817
61 62 78.675
71 72 88.654
90 1 36.279
25 68 94.629
79 41 17.382
16 13 74.092
12 58 33.781
44 88 42.921
67 25 29.889
81 18 89.775
41 35 78.598
77 96 27.126
64 35 85.307
93 0 54.312
10 73 31.711
45 40 15.118
11 83 91.219
16 63 96.076
5 51 42.428
37 16 60.101
55 57 50.753
81 87 67.914
52 27 76.715
23 93 12.543
13 37 56.746
28 26 61.327
85 46 20.935
46 21 99.24
93 86 4.341
11 61 10.474
18 36 37.382
92 76 93.415
78 23 78.663
89 45 63.918
4 54 92.287
18 85 95.156
9 75 10.108
17 3 85.303
52 54 94.943
25 22 4.121
85 58 30.726
45 89 1.448
49 58 13.637
67 49 69.553
81 77 35.749
64 49 71.092
82 10 13.479
48 70 35.026
9 15 2.074
20 4 28.261
59 28 67.02
4 91 2.641
16 47 60.791
71 40 93.039
44 49 9.789
49 98 13.832
8 25 55.389
42 74 8.668
5 63 6.063
45 64 53.689
37 77 60.222
81 30 52.709
8 38 34.736
40 27 11.9
81 16 51.668
71 29 49.366
50 33 11.99
26 33 55.786
60 95 0.958
85 77 3.482
32 24 14.367
9 57 73.127
92 95 70.277
65 97 68.836
82 77 25.923
63 65 12.574
75 91 61.912
98 96 33.952
22 35 13.968
5 89 62.263
52 1 73.221
91 95 29.455
47 70 92.576
87 7 58.715
46 48 6.166
36 94 0.597
15 44 27.535
95 77 69.161
19 44 54.304
87 63 86.882
92 53 35.264
68 92 79.035
1 56 83.974
43 29 57.224
59 36 22.563
37 91 97.148
59 27 89.195
35 28 77.074
47 8 63.827
38 70 27.131
45 61 63.82
45 2 73.979
60 69 80.792
87 12 71.914
68 66 40.159
69 85 72.874
85 39 26.452
39 2 94.804
48 28 32.11
25 56 16.342
71 47 98.11
39 74 2.484
22 28 23.306
70 23 58.814
38 49 16.234
59 93 37.768
50 55 15.586
10 47 43.536
25 10 91.746
89 95 61.437
53 32 85.836
24 62 41.237
62 30 53.353
47 17 90.157
89 30 27.494
55 18 40.001
42 56 61.996
47 22 4.076
76 80 52.066
0 23 73.09
37 5 69.23
88 8 95.213
94 63 93.701
11 77 66.535
92 14 15.89
49 80 75.201
96 6 88.59
95 11 7.731
27 29 21.581
36 93 45.28
3 77 0.328
45 28 7.07
23 35 0.65
35 20 39.359
75 59 91.404
98 55 49.467
48 62 96.965
92 80 40.645
0 25 31.874
99 83 61.724
6 72 42.987
23 63 82.035
51 5 72.412
0 17 23.837
73 17 59.051
98 86 40.998
44 32 1.456
89 71 52.169
76 91 76.926
96 26 46.836
47 32 10.801
91 52 69.888
49 85 9.997
47 51 22.748
6 36 55.152
76 0 38.45
19 50 65.54
23 45 55.317
71 65 57.397
83 74 67.099
33 71 2.355
70 8 79.71
11 60 70.302
0 72 20.619
71 31 30.965
51 21 57.872
98 39 16.308
53 94 23.42
86 13 17.743
38 33 30.17
55 4 81.199
15 6 71.875
98 35 62.553
27 33 27.894
49 0 69.895
97 3 58.929
72 20 78.893
98 61 97.41
87 30 3.772
13 69 29.031
52 93 87.536
17 18 6.477
11 85 23.367
65 39 1.741
66 97 46.228
94 21 77.612
2 46 15.6
8 28 6.775
96 7 3.822
75 94 13.327
29 16 21.344
21 63 90.507
65 56 51.598
95 98 24.016
34 54 68.883
79 95 97.103
49 55 17.527
71 58 19.245
60 62 69.83
14 59 43.877
27 79 50.503
2 29 32.383
79 22 57.486
82 14 83.454
76 17 58.313
85 64 67.598
54 89 97.878
29 28 96.851
81 8 20.643
60 79 59.532
83 46 96.779
4 40 33.467
66 0 99.612
77 98 93.523
22 89 23.069
43 95 54.442
60 68 12.731
22 12 82.434
39 96 83.257
10 59 17.391
50 73 32.781
28 59 14.781
61 59 6.884
1 26 55.099
95 74 44.129
36 62 96.842
71 24 57.816
31 25 68.959
58 35 8.769
28 98 75.286
63 74 11.161
85 70 9.847
78 75 65.924
43 70 74.35
55 97 0.729
24 26 66.79
10 57 22.827
80 92 49.119
38 4 16.016
94 54 9.347
5 59 63.734
42 44 15.923
97 7 70.64
66 45 20.376
46 33 10.477
46 81 71.326
57 34 63.766
25 57 10.644
76 98 52.137
68 64 77.104
34 89 31.627
31 66 55.925
83 89 59.652
2 45 16.916
37 51 45.455
2 31 9.933
29 3 89.556
63 97 80.359
70 84 82.018
3 42 44.826
15 56 24.14
93 32 14.998
88 48 65.974
15 71 18.738
40 62 68.171
47 93 5.997
74 40 63.87
2 80 94.16
11 24 97.177
18 24 58.906
82 60 30.46
59 60 72.995
57 98 40.831
37 69 6.58
36 74 62.782
3 22 57.432
58 26 2.211
9 87 38.416
35 21 96.193
84 88 7.419
50 63 83.585
18 62 46.118
49 5 24.62
7 13 65.033
90 55 60.487
72 97 7
72 63 51.66
62 45 19.25
44 33 96.328
63 1 75.471
24 11 21.751
36 21 35.15
87 58 21.279
21 1 72.859
92 64 79.875
69 49 91.388
46 99 93.595
60 92 58.242
15 72 3.544
81 78 10.312
43 57 3.15
79 75 6.424
23 47 48.307
74 93 1.334
53 37 17.827
58 14 73.41
9 64 94.005
57 8 10.282
34 94 67.608
83 72 13.835
30 48 52.318
83 86 95.344
85 96 89.921
65 12 19.142
75 35 42.193
85 74 43.706
23 61 38.879
49 71 79.176
86 22 40.747
73 92 10.952
19 68 82.444
53 12 49.95
66 21 63.417
9 99 95.205
94 51 6.57
95 5 80.149
11 68 76.285
13 0 6.07
24 95 57.274
91 56 87.646
34 45 78.12
14 10 81.316
74 67 88.863
69 23 21.471
88 2 60.725
49 36 28.379
17 23 22.313
0 20 67.217
20 78 83.209
11 50 95.066
42 76 89.747
26 48 34.454
22 81 52.042
11 37 95.741
74 8 28.679
41 2 93.615
63 70 61.859
87 24 88.056
27 43 46.012
0 82 78.6
57 26 9.803
42 61 6.074
4 75 87.055
35 78 45.149
87 23 5.757
77 56 35.901
35 56 22.195
68 87 95.486
77 68 3.214
7 21 46.283
97 98 59.51
33 89 14.241
96 11 44.843
0 16 67.508
41 34 75.973
59 6 36.304
37 59 87.963
1 27 43.697
92 88 17.584
23 4 70.995
69 89 85.59
81 66 74.312
62 57 57.076
23 68 58.453
32 13 41.654
20 23 86.337
80 95 14.398
23 92 90.845
95 26 68.861
45 5 76.364
23 34 60.07
28 56 41.574
22 65 76.355
92 85 8.185
64 98 10.278
41 59 31.846
27 16 94.388
93 41 8.095
64 10 30.636
52 36 67.119
50 60 74.209
49 84 14.932
2 74 33.376
26 6 78.177
75 89 35.924
91 97 24.826
37 7 56.28
29 51 39.166
7 42 15.383
34 47 34.619
49 57 28.714
10 86 52.334
79 5 62.383
0 63 70.624
22 74 20.729
55 43 47.369
24 80 2.375
59 91 68.065
88 90 93.939
7 20 82.667
79 91 88.366
39 6 57.599
56 83 57.315
58 90 43.159
22 10 25.694
11 8 93.074
29 1 85.091
95 17 94.839
20 99 13.78
54 13 11.295
81 60 55.565
6 73 84.398
8 99 94.224
45 46 95.534
87 84 65.725
34 62 52.273
91 35 53.524
88 94 14.743
35 73 32.73
19 45 67.181
96 59 16.546
75 23 37.057
54 43 66.099
52 12 90.04
44 89 76.275
6 43 96.965
19 94 86.76
31 99 10.965
69 30 60.673
37 89 73.719
61 97 93.468
11 17 34.211
1 19 72.538
46 10 92.99
67 82 77.883
80 0 74.185
88 19 82.396
36 27 58.131
70 30 37.298
72 65 12.875
79 78 58.081
76 85 68.723
61 51 94.89
86 49 42.066
47 98 73.882
22 90 57.266
93 1 14.556
37 99 94.412
74 51 67.795
85 56 3.071
27 36 18.962
41 88 73.883
1 84 67.667
89 0 6.94
99 70 37.38
15 14 43.775
21 16 20.729
55 88 82.483
22 87 39.845
27 46 76.984
75 36 39.065
56 32 37.379
78 19 25.979
11 7 6.68
36 15 61.384
97 18 4.528
41 22 90.49
88 76 53.482
46 54 35.68
43 67 59.697
57 43 17.603
58 54 96.8
31 21 52.179
94 81 10.861
42 55 36.679
33 68 57.432
95 1 26.065
21 72 26.401
15 34 30.222
83 14 82.645
43 60 5.469
63 75 67.503
91 28 63.638
14 66 27.307
47 60 85.614
13 87 14.587
16 73 78.614
75 88 51.879
74 38 18.641
63 10 44.362
89 5 92.557
21 15 95.169
44 1 89.184
8 6 78.84
2 93 69.744
3 91 56.145
15 17 90.368
4 41 10.455
33 16 45.165
11 2 89.818
90 67 61.816
68 83 14.532
31 55 92.702
52 41 9.173
40 59 53.05
53 13 56.893
56 67 39.9
92 74 35.876
90 49 36.742
99 80 38.08
53 83 48.861
40 30 97.979
72 6 11.755
11 94 74.094
93 29 68.926
37 32 30.329
89 81 52.988
47 27 56.199
43 61 7.545
68 2 35.804
64 65 33.623
24 94 65.555
39 24 30.484
43 78 32.189
34 48 65.038
94 39 41.004
46 52 3.55
33 15 44.519
92 50 21.852
64 87 48.691
83 25 58.715
65 60 36.312
98 72 25.401
85 80 12.573
49 12 23.174
62 25 25.982
22 26 24.064
33 63 6.08
18 79 46.302
25 62 37.545
97 46 1.526
73 74 55.029
85 92 72.013
15 91 65.45
76 12 33.191
5 61 3.708
76 81 56.76
5 84 80.836
71 7 41.632
60 47 10.035
5 12 36.909
77 16 72.811
36 67 54.843
96 75 91.589
3 30 3.509
64 82 45.783
79 76 79.846
42 95 0.916
71 16 98.437
38 14 99.713
39 40 70.956
8 60 39.913
29 18 71.213
69 14 16.197
58 24 67.466
20 44 69.962
15 0 27.769
63 27 93.306
93 65 0.018
35 3 85.683
81 21 56.717
92 78 98.474
91 82 75.445
59 32 1.63
89 84 41.487
94 35 6.58
60 86 83.871
57 70 11.47
87 31 20.287
20 95 78.661
95 50 80.631
51 8 39.546
43 35 10.084
58 61 13.031
11 96 32.048
98 38 10.807
71 10 23.082
44 3 96.428
0 88 73.127
87 49 13.094
34 74 90.436
16 68 52.75
7 57 5.877
44 74 50.077
75 25 84.57
29 12 88.364
30 23 72.928
87 96 40.819
99 37 21.145
88 62 51.433
92 4 17.066
97 60 65.992
90 26 85.652
14 65 38.305
66 33 14.894
58 20 56.128
2 4 28.041
48 60 36.914
30 58 83.682
17 4 47.524
3 36 77.73
60 65 23.607
66 18 56.742
29 21 82.613
19 98 36.501
87 38 6.509
31 76 84.37
49 68 34.156
29 6 9.07
2 79 29.707
50 7 91.138
55 33 73.142
73 78 84.219
3 32 38.17
75 13 77.738
12 78 88.328
54 36 11.344
7 31 11.035
26 96 2.839
71 22 6.581
74 11 72.481
14 77 76.753
36 86 25.821
63 41 80.003
96 85 49.661
89 82 37.616
50 90 29.123
51 94 52.221
8 79 2.777
78 28 64.525
10 50 66.071
32 37 58.44
22 16 87.758
4 22 70.108
47 34 98.585
16 91 55.551
31 91 61.843
38 95 62.785
80 75 64.821
14 15 60.485
18 27 58.902
70 67 65.202
13 89 82.341
20 46 99.638
41 60 80.447
66 5 69.476
46 65 34.724
11 27 90.429
51 18 44.474
30 75 89.895
28 94 77.926
2 33 39.202
78 71 76.733
1 99 84.306
14 97 45.959
84 39 3.724
84 86 62.657
83 36 58.51
19 23 42.8
89 69 63.371
1 66 92.41
98 48 38.695
83 32 49.249
75 10 85.802
24 76 20.463
27 7 23.586
67 31 31.933
80 12 20.855
71 49 97.587
74 89 60.789
54 30 82.008
67 47 96.494
71 41 74.249
68 10 93.105
41 25 73.324
58 53 60.189
99 9 33.985
82 89 84.14
33 73 19.813
33 86 46.653
98 80 40.872
44 13 75.208
99 16 8.9
75 84 68.795
0 76 10.099
63 50 0.747
32 25 91.328
84 6 80.006
36 16 11.825
66 54 15.831
98 63 4.152
41 3 34.297
3 20 32.786
9 50 49.032
70 45 96.743
89 38 86.831
15 21 64.111
68 76 1.354
81 93 1.761
2 28 11.106
80 52 61.362
73 15 93.875
30 37 47.637
16 18 61.69
22 75 24.662
8 20 65.975
93 12 79.107
0 79 36.297
35 13 86.186
51 11 53.518
44 71 53.882
68 81 63.071
31 30 13.669
23 31 4.457
67 92 20.573
47 85 38.024
60 98 55.547
96 55 27.768
39 56 9.196
6 95 47.073
52 3 92.573
54 6 66.607
25 44 9.374
23 87 88.83
26 20 17.578
87 37 39.106
95 92 92.334
81 7 41.291
87 89 91.592
28 62 66.916
59 7 97.547
31 90 51.744
70 15 67.824
10 56 39.804
78 99 18.551
86 65 53.869
50 80 66.792
11 92 18.635
44 56 71.424
86 45 58.952
62 1 24.302
3 66 96.679
18 15 70.798
90 5 52.28
18 71 93.072
37 25 13.873
93 51 90.28
91 66 45.172
66 9 38.603
60 76 57.358
77 58 32.286
94 75 53.246
75 22 97.697
45 82 16.301
59 97 37.901
42 86 77.866
36 70 33.733
95 19 66.402
4 18 66.048
90 30 4.726
82 4 5.783
92 98 61.698
32 16 85.268
62 60 95.852
47 54 49.928
37 52 59.844
81 91 0.898
5 53 21.304
74 19 55.909
38 90 73.336
48 3 13.174
55 92 72.08
97 66 42.077
44 0 1.591
67 41 95.678
28 97 38.143
1 93 2.464
11 32 69.914
51 17 99.44
97 71 14.635
98 37 92.796
9 16 20.454
11 55 92.181
31 89 90.791
8 44 5.383
2 19 56.432
44 92 97.147
15 25 77.344
80 13 0.496
14 63 39.208
95 38 78.175
39 10 52.46
46 22 9.799
44 65 16.666
51 84 27.654
64 47 71.456
37 50 76.274
80 41 11.26
87 99 98.668
28 50 39.182
26 79 29.263
38 87 37.631
36 76 28.51
96 86 55.461
2 95 94.47
16 59 97.109
63 13 10.759
13 40 99.221
92 35 23.1
26 78 0.601
65 41 3.278
69 5 82.9
12 39 38.796
29 31 81.936
59 66 98.209
69 67 41.269
23 65 48.838
98 56 93.211
19 36 78.31
69 64 91.46
27 45 13.094
99 38 87.27
11 39 42.115
28 80 82.859
86 81 18.944
12 41 54.086
22 45 71.206
93 25 76.39
15 12 70.592
82 18 32.419
73 19 96.007
39 91 44.96
88 31 11.167
67 88 46.948
73 20 71.14
49 1 2.664
11 40 26.852
9 92 30.52
73 67 43.319
70 89 98.731
80 86 6.89
77 30 87.454
23 83 3.849
36 47 87.595
92 93 65.896
55 84 78.345
23 43 85.293
53 99 95.264
24 91 38.471
68 31 9.053
16 4 99.062
26 85 71.806
58 47 97.257
48 26 76.099
98 26 44.587
86 94 24.848
61 45 3.397
84 5 63.648
72 25 59.515
21 60 30.028
17 96 80.491
10 28 38.068
4 70 67.756
51 95 77.076
75 80 98.165
65 4 10.501
87 46 14.448
17 43 17.563
61 19 85.127
37 11 45.402
42 66 85.044
53 73 69.904
66 35 74.033
41 24 14.094
4 35 56.993
39 46 94.793
29 78 31.245
16 40 91.073
85 30 32.797
95 32 66.306
24 43 41.316
4 67 19.833
19 65 93.144
52 88 12.243
79 87 87.428
62 78 72.95
43 80 5.024
5 43 34.605
35 90 98.499
59 30 2.921
91 73 35.171
54 69 39.344
74 85 97.234
91 79 48.307
98 92 54.898
14 4 49.976
6 4 7.729
53 96 41.378
81 62 68.584
68 40 14.288
16 94 98.367
31 3 65.857
35 87 68.288
64 9 36.99
30 61 74.386
62 12 41.073
47 81 51.751
40 77 58.281
26 42 13.283
20 71 72.468
26 93 31.4
25 3 46.267
43 72 52.284
44 7 17.489
93 81 89.952
28 78 83.077
1 63 82.104
16 82 40.388
75 52 84.582
7 52 37.554
16 66 95.927
82 52 12.36
22 54 6.759
51 34 2.193
34 23 39.817
42 96 83.397
89 58 61.399
32 62 1.053
79 18 31.656
23 44 16.446
78 11 31.999
70 57 79.939
78 83 4.092
90 86 21.189
54 11 74.276
67 75 13.211
24 38 23.275
93 76 82.308
59 33 88.208
66 75 40.021
47 9 19.285
67 46 68.22
18 55 40.182
76 9 76.057
81 35 97.911
38 32 71.887
81 13 78.167
38 55 69.822
25 4 22.289
74 48 58.657
61 94 5.169
46 77 94.641
43 75 85.95
34 72 88.332
14 11 46.28
29 66 97.142
64 85 90.553
38 17 99.21
84 54 10.337
59 48 0.395
3 38 83.37
42 24 40.321
95 16 38.436
31 84 56.952
60 8 35.919
93 2 85.839
85 45 82.651
34 87 52.959
63 11 33.345
55 24 51.762
83 95 26.238
47 77 59.37
92 41 38.651
13 15 80.837
15 86 28.412
41 20 76.765
64 62 52.279
24 84 36.037
98 79 90.453
49 88 98.189
23 91 77.767
97 93 84.149
90 58 79.853
77 66 98.285
77 47 14.644
66 44 72.895
26 5 82.034
29 67 24.734
44 77 67.684
37 10 68.326
66 82 30.997
10 51 6.265
7 22 62.739
79 86 2.379
16 0 9.564
58 2 9.939
29 68 46.175
89 24 37.551
16 41 3.117
67 60 21.616
66 62 64.551
83 94 95.548
10 52 82.717
53 36 88.704
33 49 77.109
28 83 68.963
37 30 90.297
9 47 38.604
18 74 42.804
14 35 37.512
68 4 16.757
88 66 5.642
21 70 85.977
20 86 77.6
7 32 67.772
58 17 16.84
69 79 70.333
68 11 98.176
79 97 72.549
7 2 16.422
94 60 3.901
34 46 23.828
85 20 75.801
33 34 51.626
94 10 77.09
84 95 27.042
22 86 24.309
5 6 17.414
24 40 64.451
38 10 13.319
23 28 1.031
30 79 97.959
93 3 41.658
93 22 95.381
73 4 50.558
55 7 53.956
71 94 25.482
91 5 3.584
67 86 89.137
70 41 10.971
21 38 92.389
37 12 83.59
74 30 64.805
29 46 31.175
50 74 49.808
18 26 52.318
8 69 12.862
23 36 29.514
85 16 46.352
30 82 91.932
85 87 75.785
25 60 5.642
55 28 81.63
54 8 14.053
73 1 95.08
86 71 60.109
51 79 32.641
32 27 64.768
17 11 23.989
2 67 28.392
60 18 78.619
44 38 55.105
58 51 46.049
7 35 60.131
98 51 96.661
22 9 72.761
55 32 9.876
58 85 74.559
49 99 15.748
56 27 84.27
86 1 70.396
88 77 5.685
24 18 55.151
7 65 21.565
94 36 77.001
42 65 8.345
64 92 43.571
54 9 23.199
59 38 15.961
61 68 78.705
63 8 6.353
31 45 15.247
37 44 0.111
72 53 53.935
30 38 92.609
65 70 16.375
68 91 39.607
16 24 5.35
9 12 8.73
86 15 67.77
75 98 53.017
56 29 89.302
82 48 1.968
24 82 61.386
52 85 70.959
18 87 20.766
19 33 52.01
93 79 20.986
68 90 67.103
27 56 50.241
2 78 46.742
32 69 14.46
26 69 72.253
54 92 68.751
11 10 59.324
16 48 46.362
72 5 32.273
83 77 3.66
32 46 65.485
75 65 37.808
65 52 27.224
11 63 36.054
41 79 11.138
17 77 64.787
16 64 60.451
51 1 74.542
67 97 47.87
80 36 76.2
93 27 73.583
27 76 85.61
90 48 32.849
45 74 20.418
95 88 72.567
8 55 61.049
56 98 64.115
89 78 87.199
75 72 8.52
22 7 82.998
21 49 68.956
45 81 44.569
54 63 54.165
59 29 23.148
35 42 0.94
27 55 63.83
26 10 49.926
87 32 0.097
20 29 53.322
32 79 88.192
46 1 23.723
84 19 34.913
61 52 16.193
14 6 63.078
15 83 8.101
13 25 7.107
82 76 89.104
86 7 65.202
54 32 89.628
9 59 74.38
55 75 47.656
43 42 32.29
21 20 23.149
90 43 86.625
48 72 47.158
61 98 45.577
77 43 0.098
49 76 97.842
12 21 70.449
68 29 64.99
72 76 31.879
66 85 54.128
28 63 7.547
13 27 2.3
9 65 99.191
90 40 13.76
22 34 49.723
67 62 3.927
86 55 76.867
17 48 59.96
27 69 44.729
91 14 51.238
99 89 95.596
7 47 68.212
87 8 28.92
56 55 19.952
38 85 85.924
86 63 40.095
74 63 29.377
72 18 85.987
31 1 83.517
39 20 70.119
13 92 32.229
69 92 70.277
9 49 92.849
48 18 92.68
42 59 66.112
25 35 92.095
7 37 98.035
44 48 1.603
69 97 55.852
72 41 6.402
95 34 34.622
46 50 68.2
21 32 53.315
92 69 3.52
53 29 33.599
37 47 5.326
1 68 57.497
17 68 93.837
81 10 9.787
74 97 82.116
27 48 73.748
74 72 44.053
85 78 85.375
98 42 49.763
21 37 19.723
2 37 53.749
15 11 57.996
92 2 69.01
51 87 83.922
86 57 43.086
52 10 74.086
59 25 30.669
31 98 71.317
77 75 67.176
79 80 98.781
50 89 18.44
98 10 49.492
63 80 9.507
33 62 37.533
50 68 30.178
21 71 30.399
65 3 9.86
12 2 44.898
2 47 25.773
26 87 45.825
68 38 85.137
89 46 34.041
78 6 35.837
87 72 50.782
50 37 31.028
83 3 62.914
5 36 66.713
15 68 55.388
0 27 43.439
2 32 54.109
84 49 7.085
76 96 13.929
1 57 7.06
74 1 3.983
79 52 42.679
62 65 53.411
17 90 97.275
93 74 13.193
65 77 87.696
33 52 58.16
52 30 84.621
60 93 48.239
44 17 43.638
67 89 86.541
95 56 87.175
78 13 59.724
87 39 61.119
25 95 69.51
27 63 80.017
57 86 53.018
68 46 84.071
80 5 40.664
88 56 1.089
71 42 12.136
70 83 19.139
61 27 45.291
0 43 21.778
77 22 16.789
72 52 35.892
73 56 30.779
10 88 99.952
97 52 1.375
54 22 81.233
35 31 74.498
57 51 71.347
87 9 26.615
60 74 18.088
17 54 98.978
93 52 10.076
75 8 53.852
99 57 99.554
83 51 90.975
86 16 53.569
5 72 1.823
20 98 67.359
12 20 48.065
12 13 52.019
0 59 40.169
45 16 0.916
68 30 66.776
15 22 25.338
17 40 95.87
81 80 58.043
99 81 94.153
84 58 52.835
70 37 80.499
71 18 82.571
96 74 74.586
59 45 24.945
43 22 93.312
8 65 46.419
10 7 90.518
52 32 84.37
57 65 51.549
61 30 97.238
61 77 63.357
54 99 61.207
96 68 32.01
29 27 95.418
71 32 49.746
92 11 27.147
50 19 31.77
78 95 30.42
64 66 97.609
50 61 89.34
18 13 11.166
81 41 89.345
1 16 52.923
51 32 39.147
82 70 25.618
23 89 83.63
20 80 5.55
16 12 49.419
89 80 28.305
92 31 44.11
19 63 26.812
70 17 46.203
52 5 48.617
37 40 11.094
71 26 81.811
52 79 89.653
99 40 84.914
27 12 30.153
21 17 58.7
28 90 33.221
59 56 98.006
8 15 25.341
53 82 9.789
39 44 59.761
6 94 23.57
39 65 90.482
99 68 23.227
34 98 26.095
78 66 20.16
53 8 16.109
31 82 77.378
19 11 87.346
78 93 71.416
78 64 18.128
65 53 35.268
17 82 45.179
31 62 42.588
1 4 54.843
79 54 50.775
40 99 0.441
75 48 32.434
96 79 64.557
47 92 97.288
34 60 55.727
18 76 20.227
23 26 1.03
33 54 3.855
61 40 66.226
80 3 85.195
48 53 12.584
26 73 92.724
75 12 94.21
19 15 4.386
22 53 89.449
80 9 61.96
50 47 96.847
85 98 59.015
63 44 73.446
68 71 74.08
55 83 74.964
41 7 30.023
49 17 66.924
69 94 11.171
2 34 93.699
70 3 37.61
96 67 81.524
43 97 80.542
37 19 10.719
33 7 26.848
67 56 36.429
44 91 96.782
86 78 0.036
97 99 6.821
21 74 9.578
44 25 17.401
88 92 66.266
75 68 76.953
98 76 57.565
87 36 0.785
18 50 76.207
92 22 45.334
69 83 31.679
27 30 15.328
73 6 46.466
11 71 76.5
51 3 13.796
70 11 88.635
55 74 57.092
65 8 4.159
92 51 65.768
27 51 96.239
43 5 49.702
21 81 92.368
50 59 39.618
3 41 86.134
14 51 86.231
24 69 21.164
92 24 8.241
32 78 82.071
78 12 55.16
7 83 49.923
96 87 55.629
69 51 73.871
55 86 5.983
76 72 55.168
96 97 74.66
46 39 29.13
67 30 50.911
35 40 41.278
83 55 59.392
27 59 65.158
9 11 21.73
47 44 68.648
14 9 11.022
67 3 38.035
17 29 51.846
24 37 53.577
40 15 64.372
91 80 31.164
64 27 88.533
54 33 55.813
8 78 75.582
93 4 35.608
26 97 60.023
86 79 67.35
87 34 62.01
79 43 45.221
89 96 14.658
59 90 68.701
18 65 50.225
39 21 99.652
25 34 49.797
55 36 81.316
81 57 29.558
43 63 64.972
39 93 66.008
57 72 58.947
85 95 32.371
29 42 86.175
86 84 57.588
39 36 70.868
32 55 46.318
7 3 31.97
18 67 47.234
2 10 74.436
57 27 2.118
4 1 62.363
31 78 14.42
76 99 74.116
57 92 48.14
42 8 76.851
31 33 61.093
15 9 26.006
30 52 47.211
13 34 7.774
11 29 28.392
48 36 99.339
17 58 30.101
70 25 30.126
81 15 31.067
54 53 56.569
26 53 24.491
82 63 15.008
0 56 94.035
1 64 98.205
65 76 32.362
56 11 92.31
90 45 41.715
21 56 54.233
54 64 11.957
9 58 78.427
7 79 43.844
50 51 77.294
83 48 7.88
8 58 17.441
33 5 80.473
12 80 18.223
84 25 66.499
17 44 96.24
78 37 21.515
61 4 43.33
64 71 45.69
10 38 49.856
42 53 42.545
48 99 74.618
25 91 32.729
7 54 47.041
21 42 36.188
79 34 96.342
54 15 7.07
27 54 88.078
30 68 58.426
61 90 83.29
61 93 78.842
73 26 79.841
99 31 52.4
34 14 47.189
40 72 22.435
43 83 73.747
35 93 93.517
79 40 63.319
25 63 81.749
86 87 55.254
74 32 63.615
23 71 77.75
1 39 91.313
30 81 93.839
79 96 8.347
32 80 79.906
73 22 21.507
36 68 96.334
48 75 34.855
75 70 59.01
26 55 14.953
82 90 61.297
77 37 72.924
82 35 33.976
57 53 7.423
91 63 57.83
10 31 48.984
87 18 12.401
84 0 62.781
50 88 73.87
86 2 52.911
68 75 24.457
21 4 77.428
47 74 41.144
50 71 56.085
84 51 63.306
14 8 18.14
32 50 17.057
1 37 36.979
59 55 31.099
57 83 65.95
87 28 18.416
56 74 94.471
19 31 90.707
2 75 73.067
15 54 39.778
39 82 27.433
10 80 80.339
7 40 17.781
80 51 94.218
85 69 20.949
2 62 50.565
74 92 2.526
82 59 69.073
46 68 60.547
32 29 52.531
14 56 40.061
56 14 75.375
78 89 33.468
95 85 25.93
78 15 50.947
10 13 74.677
27 88 42.68
61 60 29.594
86 47 83.436
98 89 84.594
63 64 14.036
8 39 22.701
35 67 76.886
59 96 89.313
68 17 20.956
33 50 30.873
18 30 94.668
52 63 57.722
43 3 24.551
9 91 83.447
45 51 47.732
68 20 53.741
87 79 13.635
97 40 87.663
13 47 6.154
92 29 31.454
47 30 85.05
67 77 22.861
61 6 10.419
89 65 20.95
46 78 48.519
80 26 47.679
87 14 42.593
16 83 15.162
97 1 36.664
21 80 24.885
49 79 58.454
36 23 58.58
36 33 10.032
51 20 71.391
60 3 91.842
66 90 45.127
99 96 43.416
20 12 86.559
86 18 74.024
3 86 70.437
93 69 31.287
29 39 42.801
94 70 96.022
45 36 92.056
18 82 47.455
14 57 18.127
60 82 53.018
14 68 47.137
37 4 82.374
97 91 68.57
52 38 58.29
68 50 63.218
56 19 62.523
42 85 6.306
19 87 57.286
64 16 51.525
48 40 7.192
93 33 7.019
53 2 44.169
67 69 63.063
33 91 95.715
19 13 77.736
59 41 8.327
57 20 87.72
84 43 95.033
65 96 6.291
66 96 32.326
90 18 30.769
50 40 99.327
32 75 55.089
28 54 53.558
69 27 27.139
5 54 36.912
66 27 60.898
19 81 47.235
68 51 70.326
72 39 6.526
92 57 74.257
10 87 91.024
58 4 88.26
65 93 51.682
16 79 44.146
55 3 55.348
45 26 13.914
5 80 77.607
75 86 17.781
32 47 38.418
32 44 65.067
26 50 16.494
80 76 48.069
97 75 7.559
43 69 21.176
9 95 87.521
7 24 66.858
26 35 56.081
2 84 74.735
77 89 94.445
54 25 76.474
73 33 71.053
20 2 79.144
40 47 60.354
70 33 84.799
40 39 11.109
97 85 99.187
61 89 94.186
64 86 88.025
96 60 32.064
70 12 72.086
63 16 8.604
37 92 98.666
75 46 95.232
39 50 2.163
49 28 41.645
22 6 94.934
54 4 54.746
90 19 64.78
18 4 31.615
40 36 92.79
90 31 81.633
93 54 50.08
82 15 8.972
86 6 57.443
48 35 73.501
35 36 58.706
84 77 58.65
86 29 65.452
78 49 6.771
44 79 27.654
89 77 10.958
21 98 10.913
33 94 78.684
36 8 31.217
4 46 7.565
63 52 8.252
71 87 18.804
67 98 77.363
97 17 46.499
45 48 56.403
6 80 18.492
70 82 66.701
83 88 33.665
49 3 33.778
58 45 61.463
64 67 98.878
76 74 90.545
82 81 54.134
7 90 84.909
66 88 37.096
73 37 1.912
72 90 52.419
98 24 72.922
61 56 72.469
43 28 71.891
20 84 39.533
69 66 70.839
97 64 65.126
84 97 9.496
15 88 14.469
66 46 50.202
38 57 70.583
33 6 58.589
50 49 32.667
31 68 1.959
40 73 26.496
20 1 61.433
37 80 99.445
27 72 48.57
67 93 86.431
98 90 40.256
94 92 97.54
19 59 43.528
78 5 57.09
29 77 61.136
63 38 81.747
2 96 59.252
44 46 5.062
38 81 11.072
76 78 15.816
11 89 42.954
27 68 62.749
99 50 9.167
37 3 12.411
27 9 21.5
53 64 39.655
59 61 18.579
28 2 20.861
53 95 54.729
2 85 42.904
3 87 87.428
87 11 45.875
54 59 80.142
62 35 41.669
42 93 60.451
32 31 40.299
15 4 10.464
39 70 72.414
26 41 45.04
88 5 44.487
90 11 24.439
7 75 66.622
79 60 66.48
46 84 60.339
84 90 19.129
20 75 17.935
74 58 18.803
51 82 97.538
36 10 44.131
52 56 70.293
43 54 86.633
30 64 19.701
65 2 87.007
42 79 97.832
44 98 11.982
68 72 90.775
48 91 21.549
78 74 88.963
20 43 37.843
4 78 59.004
98 3 46.65
58 15 72.186
55 73 18.287
3 45 67.73
48 56 61.742
69 22 45.88
14 86 24.481
72 93 80.332
9 0 32.875
6 39 38.941
44 23 34.849
82 69 52.168
14 98 60.621
80 88 95.263
81 69 84.852
58 38 94.235
57 18 88.938
9 79 63.398
50 70 55.854
54 60 23.925
70 86 74.049
43 74 23.671
78 48 58.335
10 41 88.279
48 94 2.746
89 7 0.257
4 55 65.131
98 95 62.312
17 8 61.787
84 30 97.206
60 57 14.752
20 54 28.031
32 2 13.586
77 36 4.636
81 3 92.702
18 46 26.871
35 89 12.253
44 15 86.237
8 46 92.616
0 8 89.569
2 13 57.548
3 11 11.355
48 77 6.142
9 81 15.5
82 75 49.851
46 59 9.804
79 82 41.592
7 25 83.568
83 99 20.679
96 72 70.016
53 77 54.254
52 55 93.625
14 94 33.18
35 82 58.041
62 61 1.41
82 30 11.178
32 83 58.935
80 22 13.034
25 73 33.328
1 54 79.722
28 13 13.291
62 2 44.322
91 24 95.508
1 92 4.768
2 1 72.592
68 73 95.314
71 15 16.933
64 14 85.341
89 18 29.195
40 14 21.78
93 34 72.476
50 36 99.649
75 47 81.468
3 73 58.487
17 46 11.209
65 71 56.642
8 73 73.372
11 21 86.366
94 27 62.637
93 96 60.707
53 72 80.198
72 38 35.426
32 8 37.807
84 28 19.542
37 18 47.089
84 53 49.443
30 29 13.51
9 86 52.766
65 36 37.977
99 23 64.578
87 81 88.29
71 52 41.147
4 60 84.507
96 93 85.078
34 53 41.665
85 10 47.085
9 25 53.857
14 32 48.185
5 79 88.56
35 9 68.689
86 32 46.945
79 37 11.551
17 73 37.898
22 20 76.524
63 40 30.572
82 12 72.606
93 13 49.223
10 18 85.347
43 47 61.97
46 20 66.38
55 5 78.429
34 35 6.189
7 76 46.562
42 48 69.156
21 44 17.892
36 57 21.14
32 71 31.203
49 60 30.526
76 67 6.833
18 1 0.535
87 62 6.523
83 81 44.866
33 21 11.362
79 94 82.881
92 36 29.385
5 2 89.874
78 50 15.827
37 13 11.339
38 27 10.406
28 27 43.955
42 2 64.042
35 62 54.34
44 70 12.496
34 56 27.717
23 38 58.869
95 15 71.816
55 6 3.449
58 9 35.294
97 14 32.907
48 51 55.725
18 40 82.723
89 19 46.241
80 82 11.513
75 3 44.509
76 63 87.599
65 28 97.276
17 55 75.226
14 28 97.698
87 75 33.192
45 70 19.065
71 1 65.99
55 47 57.664
62 72 62.964
12 14 68.533
76 93 74.23
55 45 60.301
17 36 20.977
74 59 0.958
96 78 40.709
23 54 61.213
86 12 47.635
51 91 79.605
65 18 11.038
42 97 71.062
23 3 18.521
84 45 84.947
1 81 77.081
33 83 55.124
91 78 1.122
25 52 81.629
37 27 36.802
85 84 61.28
60 5 27.231
74 43 99.658
58 73 15.429
11 91 43.265
76 88 24.299
30 19 4.407
91 0 76.787
72 2 74.084
17 93 93.258
33 69 12.906
62 29 1.681
47 84 55.34
48 85 64.12
69 11 99.453
33 17 24.575
53 10 68.318
8 30 68.318
33 74 19.094
90 36 9.825
48 59 64.776
14 75 20.24
61 39 45.342
28 58 28.619
87 97 60.19
71 36 62.388
57 99 44.419
22 64 75.335
0 95 41.738
49 53 1.932
25 88 26.266
4 79 69.054
23 9 40.419
5 55 77.506
20 27 26.593
34 90 44.646
57 5 35.291
18 0 69.797
79 29 49.758
36 50 32.762
69 96 45.493
60 59 13.375
10 84 37.992
75 51 46.545
27 91 20.37
35 41 91.41
21 91 42.347
20 83 5.519
16 52 72.042
56 89 69.044
8 61 13.306
43 32 62.297
17 64 19.446
50 5 29.752
46 43 14.55
99 47 38.694
43 20 40.423
21 27 72.581
25 36 63.067
97 42 18.038
96 39 40.507
31 52 40.994
15 70 92.7
39 31 80.084
81 99 82.311
7 41 15.602
34 13 57.641
39 30 55.783
57 6 20.333
98 93 32.382
97 53 66.646
31 9 77.483
55 61 93.274
81 56 24.732
56 21 20.581
94 43 73.798
37 78 17.231
57 93 91.403
32 21 56.705
97 94 85.722
37 74 39.443
79 0 97.393
10 0 76.827
68 14 92.726
5 50 7.965
20 39 22.556
48 74 72.143
47 83 16.545
12 36 40.425
3 23 79.475
28 53 98.59
83 1 7.361
80 67 22.881
90 27 0.409
19 24 80.069
82 80 65.86
84 68 14.492
27 42 4.747
99 77 44.817
47 59 10.409
38 21 25.352
4 82 66.695
9 13 78.298
21 45 79.697
67 34 33.508
39 54 93.339
51 75 12.307
96 1 6.201
48 23 87.153
25 70 48.331
56 28 75.931
57 81 70.772
67 72 63.649
29 43 53.576
97 9 97.258
36 99 35.215
26 62 80.725
56 30 44.296
55 70 15.036
24 47 4.254
96 20 2.465
59 57 63.75
48 20 73.095
91 81 89.635
5 41 42.583
33 45 2.604
1 79 70.262
2 43 2.781
58 39 47.292
67 70 90.236
33 13 24.007
86 97 10.985
90 4 9.725
41 85 97.042
52 69 61.002
31 19 7.384
41 11 12.661
37 97 0.677
29 2 91.78
88 51 55.887
94 97 98.528
97 80 1.808
12 42 69.399
22 57 72.348
2 36 92.867
52 17 86.524
90 93 49.577
59 77 51.002
12 52 26.845
36 77 24.146
85 91 58.962
67 84 70.338
80 18 45.877
25 97 32.187
70 16 5.81
3 2 1.056
89 83 52.852
8 92 13.692
72 14 46.591
45 1 15.492
45 91 49.354
21 94 98.368
87 93 74.082
21 69 86.486
1 94 93.358
46 58 20.917
11 67 49.328
57 69 34.187
47 90 85.77
2 0 77.94
35 23 8.257
74 98 22.441
99 87 47.136
36 41 81.602
94 42 46.666
6 87 6.75
34 67 86.946
33 87 40.544
25 29 99.333
90 95 1.685
64 55 65.75
99 19 53.325
55 29 32.673
24 66 91.152
91 34 59.219
41 12 28.652
34 66 26.179
79 47 76.58
46 98 21.874
39 13 70.326
98 33 28.983
29 24 84.241
98 53 76.034
7 77 30.868
72 24 77.983
86 85 46.288
47 69 47.845
8 93 67.169
79 70 64.671
39 98 78.731
61 34 79.578
18 17 30.44
43 16 44.449
5 34 83.205
26 68 45.563
78 87 73.09
70 93 23.322
51 45 30.702
4 58 2.017
24 32 88.038
28 92 9.834
88 33 73.288
39 18 6.246
99 11 57.555
84 59 93.029
93 84 47.058
93 67 93.235
57 14 14.795
75 20 68.37
72 92 60.671
47 12 26.212
43 45 68.616
15 39 52.696
71 44 83.56
20 49 82.742
20 25 11.27
91 30 91.163
36 71 95.669
5 44 40.652
38 26 89.872
20 22 55.138
72 66 2.482
47 97 24.31
27 83 87.596
95 12 72.319
1 47 66.624
6 24 73.547
16 54 17.467
59 12 26.371
58 72 15.907
16 67 71.578
37 24 54.979
96 2 0.168
56 26 26.996
47 21 54.262
2 17 90.262
9 63 11.8
3 40 93.188
88 12 79.932
47 50 25.853
77 2 65.395
53 71 59.476
24 12 75.153
76 75 74.478
10 22 62.079
37 29 72.328
89 41 93.486
55 96 47.396
46 61 66.262
7 44 76.005
90 2 97.567
97 13 11.781
45 80 56.146
80 77 24.401
70 36 42.101
59 8 65.307
71 54 80.446
30 44 12.352
95 51 2.12
50 97 36.328
58 80 69.109
58 81 83.945
6 61 24.996
66 76 48.016
55 82 28.875
57 1 87.606
66 65 10.361
76 37 83.763
79 83 80.911
68 61 16.842
80 79 95.896
6 12 89.932
13 6 64.31
69 35 79.727
34 3 1.995
88 83 41.72
55 42 57.276
14 13 94.537
81 74 93.976
55 8 10.119
74 42 91.261
98 50 53.295
42 91 43.434
15 35 74.987
10 75 96.122
10 83 22.549
65 6 66.21
32 38 54.013
70 32 25.62
43 48 8.283
41 89 79.012
19 9 40.677
96 51 59.736
91 87 27.481
83 7 55.006
95 79 96.026
47 78 84.364
80 59 46.193
25 6 16.568
70 26 55.338
9 29 85.963
0 2 65.783
58 98 98.774
14 16 83.87
12 3 21.513
51 61 58.302
5 57 14.442
76 64 72.382
1 14 62.081
24 92 10.075
17 65 55.701
35 46 98.139
87 44 99.013
2 27 97.662
82 41 51.93
14 26 43.685
47 6 60.68
80 71 65.981
37 63 12.492
79 1 30.282
98 46 19.574
68 93 50.715
83 52 31.019
72 45 16.104
98 36 60.116
86 75 10.512
57 19 61.306
59 81 44.648
24 25 41.706
94 96 11.725
35 50 63.03
34 64 75.359
58 63 68.998
37 21 20.438
24 70 1.689
72 73 44.401
15 95 78.039
64 76 43.686
21 97 79.951
68 19 34.469
72 17 44.869
74 25 17.183
88 20 16.868
68 60 44.114
64 13 31.976
7 9 52.509
74 34 4.866
81 48 49.356
92 13 21.116
21 0 26.529
73 49 86.449
92 8 44.039
27 70 87.859
87 90 59.875
81 58 55.383
73 54 84.678
75 74 57.687
69 12 59.41
88 41 56.968
91 45 41.816
4 23 52.298
22 58 80.808
52 6 15.21
76 24 17.937
62 3 47.634
0 93 9.637
34 77 33.044
56 86 22.36
26 24 51.065
89 70 79.181
10 26 17.394
0 44 76.207
78 38 43.41
57 63 95.536
75 4 62.463
81 61 26.995
13 91 53.922
70 19 1.844
62 47 56.706
93 11 6.63
62 52 41.194
76 52 90.017
41 15 13.83
5 66 5.067
25 13 67.42
3 56 36.856
41 70 12.991
92 27 93.693
27 26 52.371
93 59 38.848
4 30 82.909
50 25 46.556
63 30 45.94
58 16 38.798
48 81 33.975
85 55 51.42
27 5 86.352
2 53 96.911
76 83 9.478
38 20 65.019
62 19 10.956
73 38 41.501
51 4 49.038
75 85 90.089
38 47 44.506
80 35 0.687
22 67 99.211
62 27 67.849
65 82 5.375
12 86 3.801
27 21 45.387
99 30 54.746
25 53 76.028
42 98 35.217
38 19 88.049
78 77 4.023
44 5 75.731
83 75 54.551
23 46 12.012
81 31 38.272
11 86 43.164
57 97 5.893
15 96 90.317
39 63 25.7
34 84 18.245
98 45 10.354
29 45 59.282
39 80 32.387
85 29 46.149
44 42 2.502
24 96 20.585
73 96 88.482
66 15 88.961
71 17 50.468
68 54 63.553
90 62 2.477
65 94 73.059
38 34 7.783
56 70 79.434
4 56 42.367
45 22 43.843
12 65 63.192
23 37 62.899
71 12 83.733
18 95 50.253
33 96 29.053
26 63 17.245
57 40 56.492
24 90 87.049
37 38 1.447
24 44 98.561
10 66 85.422
63 62 28.878
17 9 32.309
79 6 1.441
38 72 39.693
22 98 72.736
73 14 36.6
69 99 74.213
2 39 40.413
75 5 23.796
75 29 7.736
23 62 79.788
74 14 34.251
8 81 24.409
18 80 94.107
90 60 83.609
36 83 54.664
96 33 35.675
31 5 82.955
39 64 27.456
49 11 15.773
28 18 61.636
91 44 26.543
28 5 12.767
19 58 2.529
1 9 80.801
15 76 88.366
70 10 32.571
76 94 99.19
51 66 60.448
32 88 83.796
40 71 90.629
78 56 6.13
59 39 29.986
94 53 70.014
62 50 53.795
39 5 87.938
63 6 53.412
47 63 72.151
70 44 29.599
84 9 83.894
25 5 54.999
41 62 44.086
15 49 30.18
64 59 84.519
88 24 67.605
67 17 81.387
54 29 34.052
88 49 66.425
64 11 70.108
3 10 53.014
95 9 19.573
41 57 90.961
87 94 43.398
19 88 98.589
63 91 92.187
97 58 36.538
11 6 95.118
62 94 63.765
73 47 87.118
41 91 11.05
70 27 84.978
52 78 33.389
97 11 66.359
4 7 55.148
90 70 90.646
56 57 6.658
69 42 32.181
24 31 69.488
24 27 7.701
47 66 80.844
98 57 52.152
16 38 32.164
40 87 46.685
82 21 29.392
73 42 34.004
6 2 15.038
11 13 4.692
60 73 28.487
90 17 71.353
88 42 48.655
78 44 80.2
23 96 27.06
97 65 2.706
56 75 50.637
6 60 44.652
74 50 78.403
49 56 50.366
45 15 17.348
15 75 13.603
86 61 30.943
95 14 35.307
82 85 19.176
71 43 92.397
49 26 45.358
74 45 5.062
24 55 78.962
63 66 20.873
21 19 34.183
32 10 89.39
70 20 28.857
48 69 91.481
76 45 30.854
54 84 1.388
32 15 22.473
7 18 41.664
93 55 70.737
13 14 57.105
62 54 55.845
99 22 68.541
55 0 78.679
0 3 93.585
80 38 24.229
75 7 14.15
36 66 94.475
31 95 13.447
5 3 42.018
40 3 8.31
62 36 57.47
89 98 76.866
60 70 77.348
52 16 80.176
68 23 57.76
10 79 97.122
30 41 79.966
31 24 74.95
29 55 70.271
19 39 25.651
56 42 2.014
72 89 35.098
21 31 91.055
30 13 55.543
48 64 71
17 31 18.942
83 39 72.178
35 70 5.871
63 67 15.098
84 40 84.574
39 75 14.35
25 50 29.554
26 77 16.5
73 36 99.153
1 42 8.37
42 16 53.185
65 50 95.509
93 83 88.651
37 58 99.961
9 43 79.475
28 34 93.786
16 62 5.926
90 9 47.51
66 77 97.209
46 72 85.121
20 93 83.582
81 92 85.576
34 4 94.569
66 87 1.676
39 43 56.879
3 64 24.254
88 67 94.082
22 77 70.484
30 9 96.354
32 56 39.701
57 96 90.556
96 30 89.617
6 21 22.722
11 81 14.033
6 31 50.646
81 33 99.972
17 33 96.065
20 3 73.72
51 77 7.527
39 81 76.593
93 45 65.231
9 94 39.861
15 87 88.96
78 58 63.79
73 58 55.685
35 12 85.319
42 72 27.848
89 17 16.314
20 18 65.689
82 7 61.074
68 28 10.993
0 77 23.717
20 69 78.571
54 21 30.223
67 27 50.595
96 22 11.106
53 28 8.445
72 47 19.467
46 92 71.454
51 24 64.946
8 2 60.873
96 53 68.402
97 29 69.099
61 64 59.424
29 44 60.74
80 89 30.019
44 66 15.354
1 91 46.995
28 35 72.82
92 1 85.449
99 17 59.403
74 35 81.547
45 59 74.62
71 34 10.828
42 5 36.672
7 6 39.899
3 9 48.849
3 62 65.717
50 99 4.368
11 1 3.123
56 95 19.771
9 21 54.283
95 40 55.399
60 61 20.278
48 67 89.436
87 5 17.417
5 35 84.72
1 10 63.94
15 47 75.271
50 2 98.967
55 16 98.565
45 49 47.175
83 61 29.763
56 82 20.273
38 12 6.876
54 74 24.336
36 22 22.832
1 95 52.308
16 9 7.899
94 37 27.266
32 64 66.987
27 23 97.372
81 85 58.075
44 93 91.152
19 85 78.832
92 99 92.957
88 50 52.521
33 35 59.535
90 23 44.203
60 50 17.627
22 11 8.7
31 43 93.689
64 60 46.669
79 55 19.038
97 57 72.322
33 84 52.158
30 71 0.899
93 73 62.38
2 3 10.874
97 5 87.36
84 23 54.626
72 77 33.817
51 50 84.854
5 49 24.157
48 96 19.969
40 56 92.118
92 66 33.877
32 73 91.225
21 66 89.121
3 51 10.908
47 29 67.852
56 8 14.608
87 78 14.913
47 40 78.57
27 77 46.46
49 2 55.471
38 31 24.763
58 46 67.452
36 24 45.736
75 38 86.153
50 66 57.335
38 37 79.179
97 81 77.949
42 78 86.843
39 34 40.218
19 54 50.031
4 47 44.168
14 52 39.917
63 76 65.705
71 73 50.782
15 63 59.562
73 25 26.436
3 78 50.245
24 45 73.019
61 91 6.16
26 91 28.775
52 51 12.272
99 0 94.79
4 0 15.511
87 59 14.924
65 40 95.619
37 73 73.336
52 14 76.143
16 55 92.312
88 44 47.78
41 96 77.149
26 98 35.891
18 5 14.654
33 58 67.427
56 36 82.986
36 11 67.658
10 43 40.484
21 84 71.552
47 3 48.345
85 32 51.343
41 66 46.432
24 41 67.224
13 88 71.062
83 27 18.813
98 13 26.976
34 76 63.71
44 27 45.303
3 72 83.205
71 53 8.373
20 40 39.192
76 2 48.782
54 94 64.438
81 43 32.216
60 27 85.943
73 45 70.806
83 26 70.144
54 14 77.084
98 68 47.992
63 84 64.127
99 42 54.912
94 12 31.042
11 76 81.658
99 74 0.283
93 98 50.95
88 70 80.939
83 0 52.876
45 55 90.328
9 52 28.377
62 71 50.095
71 90 65.351
32 63 66.954
6 14 87.504
16 95 33.81
79 81 69.343
87 35 36.947
13 50 27.253
97 70 41.203
43 14 38.775
13 20 24.143
99 25 80.189
14 88 90.279
40 19 24.422
52 97 82.658
96 10 65.051
48 98 50.125
60 9 2.695
23 73 10.012
70 14 74.357
85 4 6.794
72 22 26.093
96 12 88.16
78 51 60.836
99 44 41.476
35 85 7.881
45 58 51.73
6 62 64.768
31 17 56.408
4 20 88.617
73 80 70.547
0 47 40.718
63 54 24.58
57 73 55.574
40 95 20.701
64 95 86.162
45 63 66.069
9 74 91.515
5 52 6.593
65 32 38.51
3 68 30.554
31 59 11.702
8 82 3.486
68 79 75.969
97 45 39.263
51 98 53.484
60 54 89.467
77 13 3.113
52 91 87.989
95 59 59.185
1 48 82.307
15 2 68.746
91 49 15.922
25 71 52.746
65 67 72.212
9 37 36.849
15 32 92.923
99 94 18.501
73 44 96.474
38 2 20.24
53 67 58.413
74 44 53.789
41 51 26.347
12 4 28.768
51 27 43.158
22 41 63.71
81 54 16.833
67 68 90.182
26 61 60.126
70 78 16.188
91 20 98.876
98 49 72.243
70 40 82.4
6 13 26.958
73 3 7.586
16 17 72.964
50 24 25.295
94 87 30.286
96 4 18.421
11 9 56.967
6 27 21.127
41 8 78.585
93 48 24.734
39 71 17.117
0 21 83.691
40 50 29.115
9 42 71.863
94 71 3.315
90 88 68.051
86 91 23.108
40 83 4.184
69 20 93.637
87 66 40.246
84 41 81.644
60 45 18.158
2 73 47.532
40 76 53.791
78 73 52.143
59 92 3.657
26 8 14.805
30 84 6.961
95 61 76.702
28 12 94.595
39 58 71.638
99 69 96.347
72 50 66.98
13 24 34.496
80 28 90.586
53 65 23.071
38 6 73.391
67 18 47.897
8 91 21.762
94 80 99.649
23 80 37.847
65 49 89.796
11 23 7.373
5 42 11.486
63 87 72.497
8 43 56.521
30 66 25.24
55 65 32.942
2 23 95.381
71 28 86.405
85 67 74.765
13 94 76.06
76 58 30.206
7 36 59.983
35 74 38.894
23 90 57.507
18 14 38.854
30 34 92.506
35 55 86.318
12 57 11.247
43 40 67.494
70 91 49.19
2 94 80.925
18 37 76.462
10 15 58.318
60 52 8.825
96 54 20.705
9 40 63.76
92 56 30.874
26 83 71.702
44 97 44.984
43 0 13.582
38 89 75.951
97 76 45.373
45 69 19.877
79 19 76.334
17 79 40.8
83 56 21.496
79 14 80.697
19 21 35.757
36 80 54.349
41 63 10.374
62 81 59.934
39 85 97.903
82 36 65.787
73 21 23.592
34 75 99.109
90 41 77.382
99 10 39.908
6 26 63.952
30 86 81.097
21 79 77.651
29 22 61.105
94 89 11.362
50 39 65.234
63 23 81.9
99 58 63.827
2 44 95.201
67 8 73.171
13 78 53.122
17 14 97.581
47 38 92.451
82 31 73.017
41 45 64.906
36 73 17.178
2 76 77.104
70 73 12.415
64 41 50.563
49 21 18.635
73 31 80.363
38 76 22.532
52 13 30.209
34 12 12.419
11 69 11.029
29 40 11.105
42 63 59.331
74 3 9.857
16 39 43.958
67 48 74.442
26 34 72.663
77 12 63.036
15 60 4.948
1 89 91.082
33 1 98.033
66 95 1.636
58 91 76.987
98 20 26.606
9 35 26.659
5 71 87.343
96 19 24.836
53 41 20.224
62 59 91.502
67 54 80.498
81 73 95.646
44 53 72.708
0 49 46.298
90 96 8.331
24 16 78.466
48 52 65.11
46 97 99.772
58 67 2.11
84 63 86.59
39 87 75.753
35 49 87.28
54 61 88.999
40 32 64.659
61 81 49.119
47 13 42.511
34 43 48.911
11 35 95.784
44 6 45.325
30 78 10.612
17 12 58.98
93 21 13.095
77 88 13.499
53 80 42.972
91 53 87.068
4 49 60.395
99 76 22.148
97 56 61.29
6 99 83.098
45 72 99.554
72 67 79.794
71 66 19.899
36 12 86.748
10 91 8.732
64 8 54.988
16 30 83.694
33 41 81.276
28 29 79.126
94 20 36.611
69 46 86.285
0 9 11.563
38 51 85.01
13 22 43.181
51 41 43.738
12 81 80.549
54 50 23.497
0 12 99.573
98 25 14.954
58 64 94.666
19 52 46.574
86 62 98.811
39 52 10.508
29 5 74.59
31 32 19.05
81 32 94.386
57 22 84.299
37 33 30.02
48 19 21.526
21 50 40.049
48 65 27.657
3 69 94.264
15 97 86.254
19 83 50.776
23 50 0.085
32 41 68.158
47 71 40.777
21 39 58.473
16 97 93.71
23 15 83.23
39 8 18.313
42 13 32.761
84 66 56.094
56 50 48.64
68 39 53.637
18 9 26.832
35 98 27.024
69 68 97.693
44 8 59.415
85 71 25.033
81 95 59.805
14 90 57.597
75 33 13.243
67 39 90.327
65 91 8.795
62 49 84.034
49 46 66.664
38 24 75.181
45 44 59.065
80 60 48.428
69 73 1.829
53 31 55.649
31 63 93.365
67 45 25.984
22 44 85.538
65 59 68.937
94 64 37.365
7 8 74.026
74 62 70.701
98 64 90.952
26 18 18.594
39 16 63.289
97 86 23.017
23 66 47.647
20 13 4.405
45 62 76.403
67 26 8.145
94 23 62.087
78 7 85.388
54 28 47.543
96 84 43.713
51 6 29.313
58 34 41.507
49 22 72.45
90 73 26.492
94 34 52.091
43 27 52.913
18 33 17.058
6 53 38.253
38 45 3.377
3 85 85.485
43 38 6.893
66 3 66.304
40 6 22.939
54 93 32.519
0 55 66.412
73 60 4.202
81 79 83.872
31 77 38.613
40 60 46.857
22 19 70.544
54 12 74.426
93 68 87.16
40 80 24.679
58 56 7.396
18 35 59.414
9 88 76.094
33 79 90.397
27 17 47.871
29 94 94.111
19 48 39.924
52 9 91.227
88 30 43.489
64 29 7.622
9 98 67.089
7 81 59.985
33 32 72.542
58 49 93.425
75 71 62.913
65 43 30.5
4 5 80.443
47 64 33.868
73 62 89.875
53 89 31.776
26 90 67.534
4 61 74.183
55 60 62.786
5 75 90.25
99 62 91.467
89 97 37.422
66 64 13.339
35 34 52.033
77 23 72.254
64 33 12.032
17 57 61.164
60 37 22.721
68 96 44.85
2 68 19.833
19 77 86.038
16 71 40.528
20 11 22.757
18 22 96.014
29 30 67.731
22 39 21.062
24 51 98.529
50 18 92.22
75 43 19.716
51 33 5.766
22 24 62.012
18 42 93.065
97 25 21.144
74 2 56.544
20 15 47.859
30 51 41.264
72 61 14.765
87 45 92.716
30 22 48.832
4 71 85.868
84 64 92.836
55 23 65.029
40 64 22.355
6 71 42.621
14 60 46.455
54 87 90.001
22 32 66.401
60 1 57.48
41 14 40.867
61 96 4.443
4 43 10.882
9 5 88.103
3 80 31.302
83 47 46.427
92 0 64.152
19 43 85.232
72 94 37.156
25 99 31.752
28 0 52.887
11 59 17.196
57 67 21.973
56 63 76.112
30 92 37.781
86 28 82.09
54 71 75.342
52 96 4.072
77 71 17.914
49 87 91.127
33 99 0.186
24 79 64.071
91 42 0.852
81 50 14.692
96 73 29.321
30 53 69.286
18 10 86.379
31 28 4.574
50 48 86.915
36 2 61.414
77 46 57.884
29 54 65.736
26 58 36.152
66 43 37.394
81 11 69.37
35 30 78.006
34 7 86.349
79 51 6.891
90 89 34.179
98 1 7.107
8 86 1.642
99 21 65.025
68 48 94.899
88 38 19.578
38 50 68.24
1 2 81.527
5 73 62.429
85 89 96.71
5 86 54.285
12 97 19.75
76 84 31.773
53 85 89.277
85 6 62.319
78 35 46.474
36 44 90.737
5 48 36.607
67 50 71.489
62 87 71.096
67 94 52.048
4 57 75.348
13 21 76.746
12 46 95.123
72 81 39.881
44 12 25.932
13 9 44.393
96 95 68.148
32 85 29.303
81 4 92.753
50 67 35.37
4 9 54.631
41 32 36.341
38 92 54.556
96 16 79.778
63 21 84.496
5 1 53.556
24 21 35.777
31 93 84.45
25 46 81.156
72 80 19.074
24 75 75.388
0 14 41.506
51 54 63.158
88 52 7.591
91 54 49.243
15 5 67.388
79 68 37.606
16 37 44.195
44 18 3.724
46 14 80.988
74 5 84.299
27 41 41.224
55 51 69.25
16 76 17.941
12 83 46.841
24 57 67.723
53 81 27.012
94 32 84.879
36 45 25.007
17 22 11.083
5 67 38.292
74 4 86.433
63 51 38.961
58 68 91.467
22 36 38.341
86 70 93.474
58 83 62.402
17 94 42.993
35 81 94.262
23 56 34.072
50 77 75.163
77 84 73.104
9 22 32.688
83 57 98.415
61 41 3.634
37 65 19.659
60 58 30.461
86 98 84.097
50 91 95.491
78 52 9.145
89 66 93.393
68 33 76.604
40 96 97.991
38 79 60.052
75 45 16.045
15 69 28.386
93 50 61.021
72 57 44.381
16 34 58.504
75 19 78.515
73 12 89.543
59 34 8.169
12 15 68.517
52 70 46.167
37 43 17.973
16 58 54.398
54 24 68.14
51 83 72.985
16 77 28.461
30 47 29.965
33 75 17.305
3 58 38.902
36 98 44.67
27 57 70.511
62 48 28.2
21 2 67.349
66 16 67.028
89 63 92.262
29 93 75.751
26 60 75.726
84 57 86.845
44 68 41.949
0 58 82.912
13 54 87.642
6 58 10.007
45 66 2
77 7 74.673
99 64 59.984
95 27 28.681
16 6 71.968
19 18 75.917
14 42 94.743
63 71 68.861
85 99 36.859
48 13 74.882
76 14 40.401
0 15 79.37
92 87 18.432
25 58 75.413
57 2 33.96
4 21 97.788
42 46 17.152
43 21 50.831
48 30 32.796
41 86 76.065
10 53 48.649
10 72 86.272
81 64 59.374
41 47 55.579
59 75 63.923
42 83 97.666
31 29 85.194
25 89 19.748
21 29 85.103
14 39 25.05
30 49 46.206
47 67 71.729
31 38 87.062
96 62 87.054
51 16 89.578
93 66 65.959
98 8 3.151
7 93 53.295
89 86 6.578
31 53 10.838
57 24 14.869
80 58 50.251
85 1 17.838
78 97 66.778
32 68 2.486
18 6 12.53
36 97 32.558
89 51 56.178
96 58 22.443
97 68 8.498
99 5 60.943
50 11 40.769
78 63 41.995
59 63 57.17
14 79 9.763
11 19 72.887
59 31 52.938
11 51 74.726
35 65 60.116
29 70 37.327
4 3 57.024
8 42 85.403
80 37 24.077
92 30 32.643
22 38 86.727
94 2 15.899
59 89 60.041
35 19 33.391
22 18 61.634
71 95 55.281
23 5 67.647
59 88 26.428
54 52 2.817
52 26 40.837
82 93 3.713
78 69 70.168
83 43 48.816
84 27 67.619
28 95 92.995
13 3 57.488
6 69 30.726
35 14 71.278
31 4 25.855
28 38 67.988
3 98 26.372
78 21 70.179
43 86 8.333
24 13 31.399
36 96 86.27
34 96 52.413
12 34 31.378
72 54 72.272
37 64 63.66
68 74 42.819
11 42 8.293
75 49 58.408
67 66 98.976
21 55 28.56
43 65 46.361
80 31 14.286
52 99 5.429
32 74 4.675
56 72 86.416
30 90 75.378
21 6 88.919
89 48 91.266
77 26 84.14
82 58 1.365
71 76 77.134
16 23 58.031
60 34 17.17
95 58 94.338
5 10 34.739
3 16 63.269
61 99 34.683
24 29 93.657
52 46 97.947
13 28 82.026
86 27 21.06
83 65 63.537
21 58 13.734
96 25 56.201
36 32 13.896
80 10 80.917
27 37 25.071
86 34 25.277
1 25 69.648
82 86 93.755
67 81 5.312
94 5 85.551
71 86 4.066
41 18 2.073
38 7 15.225
13 45 58.759
68 65 23.444
97 73 30.5
63 22 49.618
92 70 24.584
77 85 60.017
25 94 71.042
90 56 73.672
14 53 66.286
29 74 1.719
37 31 19.949
27 13 84.258
4 66 31.676
19 78 54.977
2 55 56.919
51 69 25.152
79 4 79.47
9 82 23.789
50 6 11.308
90 34 11.227
50 93 70.752
38 8 12.736
97 83 95.459
67 96 21.984
30 70 97.3
10 55 7.93
8 56 24.621
39 72 72.755
61 50 79.702
33 2 71.587
63 60 40.769
38 66 74.872
1 0 39.591
26 56 81.51
67 51 5.668
95 25 11.655
68 15 54.02
7 68 55.572
41 83 42.282
3 33 13.832
26 28 33.452
22 66 98.944
29 86 63.759
4 13 59.121
16 78 46.301
95 55 69.012
8 68 60.451
31 60 22.308
82 53 44.525
40 7 40.168
61 84 72.383
27 85 62.89
47 73 56.139
14 73 3.015
71 2 57.871
27 62 97.35
26 92 51.403
49 45 47.094
88 53 65.771
61 28 57.236
95 44 65.166
2 24 50.121
39 78 17.174
29 50 53.364
81 29 51.032
1 88 24.532
39 48 46.207
84 18 12.466
63 32 42.573
47 16 8.291
77 63 33.924
57 30 82.784
22 99 14.957
76 50 18.83
40 93 65.508
18 98 49.918
37 53 73.088
55 44 63.149
25 90 66.745
19 72 94.569
87 98 56.21
76 3 8.45
42 62 41.675
63 19 90.678
97 90 63.5
35 96 99.975
29 82 93.882
82 24 25.128
7 64 26.668
56 51 68.687
7 45 69.981
19 89 68.321
51 73 4.458
62 58 48.371
73 77 64.211
24 60 54.529
29 97 24.226
75 90 30.46
56 48 26.339
71 91 61.914
32 6 47.88
77 42 24.773
47 15 85.582
37 1 5.136
48 4 32.266
42 4 85.005
24 89 69.045
94 48 7.087
6 45 12.782
49 42 89.603
80 17 54.851
19 55 72.392
48 33 64.663
98 71 40.073
23 25 34.008
21 68 85.317
33 37 2.065
48 45 39.63
8 22 84.323
80 70 23.399
60 29 47.633
12 91 88.059
28 19 37.741
44 80 18.05
49 33 83.306
25 24 82.199
5 37 34.302
53 75 90.125
35 59 26.831
44 2 39.21
7 78 38.657
36 28 90.135
37 17 95.498
34 26 87.441
49 69 7.016
20 24 39.924
89 50 37.807
77 48 48.44
50 38 24.276
59 54 85.712
77 11 23.397
12 51 33.879
68 25 14.336
52 44 85.56
41 52 84.56
94 50 56.443
72 21 83.667
93 16 61.54
23 60 37.815
48 73 83.322
1 28 23.179
90 0 6.404
8 40 48.676
17 85 32.097
28 71 8.576
82 47 88.857
7 23 44.11
76 35 9.009
46 44 92.468
57 3 9.154
92 79 30.091
67 55 50.146
0 5 38.051
70 95 62.86
12 37 61.716
10 40 59.992
94 99 83.234
47 37 84.015
89 74 88.57
22 37 87.354
91 41 40.405
93 95 43.28
27 81 92.86
80 85 74.942
0 89 21.28
1 15 40.52
77 31 86.867
97 41 44.959
68 89 10.54
4 84 94.027
68 69 61.332
23 39 73.931
9 60 12.015
3 97 74.806
81 84 12.035
76 10 50.836
98 23 22.592
65 25 63.352
42 70 82.71
14 2 42.758
99 29 7.68
44 35 43.638
17 67 30.195
54 72 97.818
91 55 49.458
80 54 37.045
55 19 85.988
19 97 64.074
42 27 71.972
90 97 55.433
63 46 36.792
0 4 24.406
29 8 38.341
44 26 99.759
54 34 60.516
33 56 42.047
20 50 69.486
31 75 82.537
20 30 8.364
73 98 8.783
95 21 6.565
89 91 80.864
52 65 49.757
29 9 33.163
18 12 42.62
34 93 62.93
57 59 35.818
32 94 26.292
53 24 67.177
57 39 83.71
18 29 77.239
74 69 81.432
63 0 18.582
85 3 54.961
7 87 31.358
84 21 98.831
34 81 8.41
6 33 42.885
23 17 58.338
61 16 72.605
2 86 1.618
38 3 2.718
6 38 7.928
19 30 66.381
9 53 12.4
52 67 30.153
6 55 25.12
25 0 35.227
8 51 76.921
12 26 42.084
52 59 76.011
88 91 96.21
18 43 60.462
12 90 44.327
32 48 90.744
30 83 95.2
73 46 16.998
29 37 82.177
53 26 93.642
37 81 50.766
4 98 63.929
97 49 29.305
54 49 24.259
64 50 96.23
3 53 84.315
63 29 24.566
9 8 63.942
18 54 53.337
29 62 4.093
27 71 68.361
13 35 32.749
66 34 73.462
55 99 36.679
28 32 88.283
99 34 71.467
10 23 13.727
32 11 71.026
70 75 26.046
34 38 6.788
83 4 61.082
80 42 59.005
81 19 45.566
73 93 40.273
32 43 44.881
67 6 2.175
16 42 39.169
49 19 2.247
9 67 64.663
10 96 38.826
93 30 7.406
52 89 71.189
17 71 47.65
96 3 80.537
64 81 32.086
71 55 92.973
3 93 64.878
55 68 65.188
43 98 54.976
73 29 67.544
25 55 10.736
71 63 61.412
49 44 99.073
66 51 22.495
6 67 99.929
40 98 56.479
77 70 29.969
6 18 95.663
92 46 2.795
2 82 84.138
61 88 23.631
19 69 15.047
24 63 94.313
31 40 30.174
10 74 34.982
17 51 9.133
27 99 29.944
83 31 15.63
93 23 68.545
45 24 76.463
4 29 53.564
39 51 98.112
53 61 63.931
15 3 16.414
12 95 83.117
28 57 55.712
15 98 15.141
16 29 40.377
22 46 60.035
71 82 50.082
7 30 93.229
52 25 11.825
84 99 71.277
89 73 17.424
94 72 83.694
97 38 57.405
51 0 74.622
37 72 30.377
50 56 92.962
96 5 50.761
93 99 45.344
13 56 65.466
88 95 97.464
39 84 87.472
28 47 21.235
83 23 61.435
54 5 65.419
75 16 9.443
48 50 42.751
13 76 52.811
24 3 50.653
4 31 67.591
5 78 14.089
32 99 60.348
75 31 47.007
79 23 87.238
22 85 97.662
83 37 76.62
16 31 90.605
83 15 27.6
69 60 56.19
13 96 32.855
72 27 55.709
1 18 60.669
81 6 15.179
62 5 68.784
59 87 21.184
70 99 87.733
81 28 40.625
74 65 32.489
90 80 54.351
83 54 66.579
73 53 84.722
97 16 69.32
13 93 11.127
85 52 0.754
0 50 68.523
62 51 72.783
19 80 72.419
21 54 10.34
36 1 42.921
10 30 50.09
32 5 74.988
14 71 56.704
48 78 80.466
99 3 60.946
84 11 95.305
33 93 85.038
38 56 8.09
82 17 64.534
16 20 82.135
67 36 21.747
47 2 7.342
92 25 3.07
15 90 72.657
18 68 4.598
64 17 37.117
65 15 58.514
88 4 78.276
25 82 28.206
26 66 56.102
77 83 69.302
58 29 67.956
32 61 3.352
20 64 59.125
18 47 94.987
76 15 44.634
62 16 61.117
64 93 47.186
46 30 93.902
85 48 11.806
68 12 12.822
79 62 61.317
12 8 24.599
34 32 75.29
64 84 61.765
91 70 32.865
34 52 15.437
92 6 34.372
41 30 2.385
29 61 41.464
72 10 63.457
40 28 82.888
42 71 95.84
49 8 95.428
92 45 43.745
88 37 60.642
18 60 93.57
12 30 85.288
85 34 62.879
65 81 16.657
93 6 12.411
6 41 81.107
51 62 91.335
19 34 33.085
86 80 11.711
58 82 42.798
72 46 54.068
22 61 39.44
86 8 68.925
52 35 62.652
52 77 1.301
12 6 60.581
33 27 34.942
92 3 74.585
90 24 84.496
31 10 12.2
81 70 16.696
66 56 1.693
2 56 63.691
42 52 64.946
21 75 96.964
6 11 31.895
95 84 39.133
36 37 85.712
12 62 76.702
46 37 86.069
51 53 26.373
22 31 3.887
65 78 17.34
19 75 76.09
61 35 32.024
38 88 73.399
89 42 49.545
63 85 89.709
92 89 90.264
80 61 22.67
12 82 93.822
73 24 62.234
52 87 1.055
3 4 16.88
51 60 90.121
11 97 52.344
98 40 53.057
43 41 42.414
38 46 39.888
45 90 88.686
78 42 28.078
62 66 39.137
21 62 31.584
56 54 30.181
85 68 87.471
60 42 6.859
5 93 95.263
67 9 55.188
76 87 95.431
56 16 97.408
42 0 37.409
25 59 73.726
54 88 79.408
1 76 46.89
7 73 77.907
66 67 38.33
84 33 4.989
79 24 50.768
60 83 82.1
19 3 77.648
46 28 44.363
52 7 76.468
70 22 56.171
7 34 5.01
99 60 85.891
22 47 72.729
78 9 49.656
83 82 34.434
3 50 28.915
17 63 55.038
82 55 96.971
62 85 50.692
0 11 3.342
2 11 21.427
55 50 6.159
78 40 79.141
19 84 33.357
76 32 91.748
9 2 28.541
57 55 43.012
45 8 61.968
0 51 49.922
14 74 47.411
23 58 54.839
95 0 40.289
91 36 64.524
11 56 98.929
5 76 22.617
87 71 12.064
39 67 41.58
53 42 28.694
94 3 61.137
62 22 54.754
99 49 51.579
77 32 83.388
34 24 50.843
32 39 55.783
26 59 42.546
37 15 90.162
28 9 81.827
3 61 61.765
56 10 79.288
15 41 51.21
28 23 75.996
45 20 42.32
73 65 67.049
62 74 45.835
9 93 6.676
46 73 70.435
79 12 37.605
76 5 44.652
35 10 95.816
57 50 90.121
36 61 6.011
65 47 70.689
32 1 86.987
44 29 45.904
8 77 98.347
29 34 51.678
6 68 5.691
26 3 13.371
12 38 95.789
6 28 85.741
28 22 50.991
68 95 16.355
31 54 77.372
27 31 32.067
66 12 14.687
68 7 5.824
49 89 60.259
88 97 34.141
17 91 17.679
45 35 52.83
87 61 62.705
62 40 77.255
83 66 84.124
26 67 39.668
25 85 90.758
39 59 15.958
19 37 98.81
55 58 51.31
39 88 53.251
73 41 99.697
15 33 33.274
63 28 11.917
41 5 80.616
53 51 75.945
37 2 5.479
53 25 4.032