99
0 1 7.27
0 2 4.304
0 3 4.366
0 4 5.495
0 5 4.325
0 6 6.821
0 7 4.432
0 8 5.831
0 9 4.489
0 10 4.839
0 11 5.738
0 12 4.858
0 13 4.281
0 14 5.409
0 15 4.715
0 16 7.344
0 17 3.828
0 18 6.203
0 19 4.404
0 20 4.433
0 21 5.344
0 22 5.617
0 23 5.414
0 24 5.31
0 25 5.233
0 26 4.095
0 27 4.952
0 28 5.107
0 29 4.162
0 30 8.091
0 31 5.907
0 32 4.575
0 33 2.331
0 34 3.507
1 2 4.468
1 3 3.841
1 4 4.674
1 5 4.146
1 6 1.789
1 7 3.26
1 8 4.346
1 9 6.066
1 10 4.154
1 11 3.914
1 12 5.902
1 13 4.955
1 14 4.817
1 15 5.274
1 16 5.751
1 17 3.29
1 18 4.418
1 19 4.69
1 20 3.689
1 21 5.883
1 22 4.172
1 23 5.463
1 24 4.268
1 25 5.596
1 26 5.867
1 27 6.208
1 28 6.738
1 29 6.298
1 30 4.817
1 31 6.821
1 32 5.915
1 35 1.071
1 36 3.49
2 3 6.1
2 4 3.035
2 5 3.787
2 6 5.113
2 7 3.785
2 8 5.054
2 9 5.417
2 10 3.595
2 11 5.715
2 12 5.88
2 13 4.947
2 14 5.074
2 15 5.064
2 16 4.781
2 17 4.359
2 18 4.308
2 19 4.032
2 20 5.122
2 21 5.334
2 22 5.141
2 23 4.933
2 24 4.33
2 25 3.936
2 26 6.601
2 27 4.035
2 28 5.05
2 29 6.87
2 30 3.105
2 31 5.193
2 32 5.195
2 37 1.294
2 38 3.549
3 4 5.63
3 5 5.021
3 6 4.925
3 7 3.407
3 8 5.412
3 9 4.738
3 10 4.174
3 11 5.023
3 12 5.326
3 13 5.805
3 14 3.788
3 15 5.013
3 16 4.04
3 17 4.607
3 18 5.049
3 19 4.322
3 20 5.8
3 21 5.162
3 22 6.696
3 23 5.156
3 24 4.341
3 25 4.437
3 26 5.329
3 27 4.899
3 28 4.849
3 29 5.257
3 30 5.727
3 31 4.018
3 32 4.91
3 39 3.409
3 40 4.693
4 5 4.025
4 6 4.724
4 7 5.333
4 8 3.146
4 9 3.935
4 10 2.881
4 11 4.245
4 12 3.793
4 13 6.628
4 14 2.501
4 15 5.337
4 16 5.438
4 17 3.841
4 18 3.811
4 19 4.917
4 20 5.241
4 21 4.15
4 22 6.878
4 23 6.775
4 24 4.976
4 25 5.371
4 26 4.319
4 27 2.728
4 28 4.267
4 29 4.165
4 30 4.808
4 31 7.549
4 32 5.97
4 41 4.029
4 42 2.822
5 6 6.211
5 7 3.927
5 8 6.962
5 9 4.981
5 10 5.568
5 11 4.018
5 12 3.845
5 13 6.538
5 14 5.294
5 15 4.366
5 16 3.988
5 17 4.533
5 18 2.67
5 19 3.783
5 20 2.563
5 21 4.074
5 22 4.983
5 23 3.583
5 24 5.103
5 25 5.265
5 26 4.022
5 27 6.059
5 28 4.933
5 29 5.734
5 30 4.526
5 31 4.707
5 32 4.564
5 43 2.853
5 44 4.043
6 7 2.767
6 8 5.798
6 9 4.357
6 10 2.153
6 11 2.82
6 12 6.222
6 13 3.815
6 14 4.957
6 15 5.983
6 16 5.409
6 17 5.48
6 18 5.699
6 19 5.293
6 20 4.487
6 21 5.208
6 22 6.365
6 23 5.645
6 24 5.164
6 25 5.524
6 26 3.475
6 27 4.761
6 28 6.143
6 29 5.371
6 30 5.852
6 31 3.389
6 32 5.551
6 45 2.554
6 46 3.658
7 8 4.71
7 9 4.167
7 10 5.779
7 11 4.891
7 12 3.479
7 13 4.746
7 14 4.384
7 15 5.607
7 16 5.7
7 17 4.573
7 18 5.025
7 19 4.904
7 20 3.814
7 21 6.131
7 22 4.823
7 23 5.002
7 24 6.09
7 25 6.322
7 26 5.408
7 27 5.061
7 28 3.19
7 29 4.722
7 30 4.119
7 31 4.672
7 32 6.272
7 47 3.046
7 48 3.791
8 9 5.385
8 10 5.051
8 11 5.45
8 12 4.336
8 13 4.277
8 14 5.385
8 15 4.55
8 16 4.763
8 17 5.582
8 18 4.422
8 19 5.653
8 20 3.476
8 21 5.555
8 22 5.963
8 23 6.644
8 24 3.773
8 25 4.109
8 26 5.443
8 27 4.339
8 28 4.681
8 29 6.534
8 30 4.992
8 31 6.202
8 32 5.042
8 49 1.627
8 50 2.111
9 10 5.144
9 11 5.65
9 12 4.408
9 13 5.528
9 14 5.816
9 15 3.917
9 16 5.973
9 17 4.798
9 18 5.977
9 19 5.598
9 20 5.526
9 21 4.616
9 22 5.487
9 23 6.656
9 24 4.905
9 25 4.824
9 26 6.981
9 27 6.926
9 28 5.968
9 29 6.218
9 30 5.187
9 31 5.02
9 32 3.73
9 51 2.432
9 52 3.936
10 11 4.577
10 12 4.677
10 13 3.457
10 14 3.864
10 15 4.41
10 16 3.422
10 17 6.884
10 18 5.371
10 19 5.143
10 20 6.454
10 21 6.275
10 22 4.528
10 23 6.16
10 24 4.252
10 25 5.316
10 26 3.955
10 27 4.168
10 28 5.476
10 29 4.406
10 30 5.783
10 31 4.105
10 32 5.791
10 53 3.993
10 54 4.427
11 12 5.062
11 13 4.492
11 14 4.502
11 15 6.947
11 16 5.873
11 17 3.67
11 18 3.856
11 19 5.405
11 20 4.621
11 21 5.22
11 22 4.493
11 23 4.966
11 24 4.74
11 25 7.051
11 26 7.086
11 27 4.151
11 28 6.763
11 29 6.968
11 30 4.747
11 31 7.302
11 32 2.414
11 55 1.998
11 56 3.003
12 13 5.875
12 14 5.235
12 15 5.733
12 16 6.196
12 17 5.555
12 18 5.456
12 19 6.697
12 20 2.561
12 21 4.91
12 22 5.794
12 23 6.289
12 24 7.012
12 25 6.176
12 26 4.678
12 27 3.886
12 28 5.217
12 29 6.141
12 30 6.157
12 31 1.608
12 32 5.413
12 57 2.052
12 58 1.907
13 14 4.95
13 15 5.431
13 16 6.016
13 17 4.981
13 18 2.484
13 19 5.929
13 20 3.92
13 21 4.092
13 22 5.005
13 23 4.464
13 24 4.211
13 25 4.9
13 26 6.847
13 27 6.128
13 28 6.45
13 29 5.616
13 30 5.495
13 31 6.3
13 32 3.526
13 59 3.423
13 60 3.36
14 15 6.296
14 16 3.949
14 17 3.522
14 18 4.864
14 19 3.607
14 20 5.468
14 21 3.924
14 22 5.016
14 23 4.12
14 24 4.405
14 25 5.9
14 26 5.757
14 27 5.629
14 28 4.635
14 29 4.229
14 30 4.294
14 31 4.476
14 32 6.028
14 61 2.906
14 62 3.612
15 16 4.419
15 17 4.75
15 18 5.698
15 19 4.029
15 20 5.332
15 21 5.859
15 22 5.047
15 23 5.142
15 24 5.171
15 25 5.667
15 26 3.168
15 27 3.452
15 28 4.178
15 29 5.518
15 30 4.51
15 31 4.534
15 32 5.02
15 63 4.201
15 64 2.695
16 17 3.151
16 18 3.579
16 19 3.919
16 20 5.546
16 21 5.562
16 22 3.893
16 23 4.917
16 24 6.098
16 25 5.068
16 26 5.226
16 27 4.834
16 28 6.797
16 29 6.199
16 30 5.138
16 31 4.451
16 32 6.569
16 65 4.98
16 66 2.56
17 18 4.19
17 19 4.582
17 20 6.622
17 21 5.491
17 22 4.421
17 23 5.636
17 24 7.15
17 25 4.816
17 26 4.051
17 27 7.322
17 28 5.271
17 29 5.548
17 30 5.001
17 31 6.458
17 32 4.998
17 67 3.95
17 68 2.35
18 19 4.402
18 20 5.033
18 21 4.474
18 22 5.108
18 23 5.679
18 24 5.328
18 25 6.318
18 26 6.721
18 27 5.822
18 28 4.55
18 29 2.897
18 30 5.9
18 31 5.028
18 32 4.943
18 69 4.171
18 70 3.991
19 20 4.044
19 21 4.528
19 22 4.658
19 23 5.501
19 24 4.496
19 25 3.914
19 26 4.72
19 27 5.273
19 28 5.976
19 29 4.049
19 30 5.987
19 31 5.876
19 32 3.69
19 71 4.013
19 72 3.218
20 21 5.912
20 22 6.318
20 23 6.715
20 24 5.203
20 25 6.209
20 26 4.893
20 27 3.965
20 28 4.186
20 29 6.042
20 30 6.44
20 31 5.779
20 32 6.295
20 73 1.492
20 74 4.487
21 22 5.917
21 23 5.248
21 24 4.134
21 25 5.157
21 26 6.092
21 27 5.822
21 28 4.804
21 29 3.217
21 30 4.208
21 31 5.263
21 32 3.684
21 75 4.505
21 76 2.12
22 23 6.49
22 24 4.399
22 25 4.843
22 26 5.089
22 27 4.367
22 28 6.942
22 29 4.651
22 30 6.578
22 31 7.13
22 32 3.475
22 77 2.506
22 78 3.483
23 24 4.079
23 25 4.893
23 26 3.259
23 27 4.679
23 28 5.603
23 29 6.475
23 30 5.436
23 31 1.969
23 32 4.484
23 79 3.223
23 80 2.621
24 25 6.202
24 26 4.134
24 27 5.408
24 28 5.447
24 29 5.847
24 30 5.504
24 31 4.78
24 32 4.028
24 81 4.321
24 82 3.795
25 26 5.255
25 27 4.515
25 28 4.352
25 29 4.928
25 30 5.135
25 31 5.275
25 32 5.924
25 83 1.299
25 84 2.334
26 27 4.159
26 28 4.527
26 29 6.349
26 30 5.466
26 31 5.161
26 32 5.872
26 85 3.022
26 86 1.938
27 28 6.717
27 29 5.773
27 30 4.21
27 31 3.157
27 32 5.468
27 87 2.986
27 88 2.258
28 29 4.031
28 30 3.983
28 31 4.637
28 32 5.077
28 89 3.329
28 90 3.093
29 30 4.516
29 31 5.559
29 32 4.197
29 91 2.818
29 92 2.933
30 31 4.053
30 32 5.8
30 93 1.41
30 94 1.668
31 32 4.695
31 95 2.966
31 96 3.272
32 97 5.317
32 98 5.158
33 35 4.045
34 36 3.848
37 39 2.067
38 40 1.719
41 43 2.483
42 44 4.281
45 47 2.571
46 48 3.542
49 51 2.316
50 52 3.305
53 55 1.92
54 56 3.72
57 59 2.827
58 60 3.416
61 63 0.988
62 64 2.979
65 67 0.836
66 68 5.064
69 71 3.444
70 72 3.91
73 75 4.563
74 76 4.855
77 79 2.028
78 80 3.362
81 83 4.776
82 84 2.647
85 87 3.038
86 88 2.744
89 91 3.688
90 92 3.05
93 95 3.759
94 96 3.867