100
0 50 7
0 51 96
0 52 84
0 53 77
0 54 70
0 55 52
0 56 33
0 57 20
0 58 12
0 59 73
0 60 76
0 64 51
0 65 21
0 66 62
0 67 10
0 70 89
0 72 56
0 74 99
0 76 50
0 79 23
0 81 18
0 82 73
0 85 34
0 86 58
0 87 59
0 89 88
0 91 26
0 95 7
0 99 22
1 50 28
1 51 12
1 52 82
1 53 15
1 54 40
1 55 93
1 56 45
1 57 51
1 58 14
1 59 27
1 60 99
1 61 59
1 65 85
1 66 25
1 68 13
1 69 96
1 70 79
1 72 3
1 74 37
1 75 23
1 77 38
1 79 37
1 83 87
1 85 85
1 89 81
1 90 11
1 92 70
1 93 76
1 97 69
2 50 99
2 51 50
2 52 79
2 53 39
2 54 65
2 55 70
2 56 69
2 57 41
2 58 91
2 59 71
2 60 90
2 61 19
2 62 11
2 63 21
2 64 29
2 65 17
2 66 89
2 67 91
2 68 4
2 69 42
2 70 1
2 71 91
2 72 14
2 74 84
2 76 25
2 78 62
2 80 70
2 83 4
2 86 14
2 88 67
2 89 21
2 91 57
2 92 76
2 95 38
2 98 59
3 50 80
3 51 7
3 52 35
3 53 44
3 54 48
3 55 55
3 56 8
3 57 24
3 58 98
3 59 89
3 61 34
3 62 88
3 63 90
3 64 25
3 65 91
3 66 89
3 67 73
3 68 12
3 69 69
3 70 79
3 71 48
3 73 79
3 74 65
3 75 62
3 77 12
3 78 46
3 80 94
3 81 89
3 83 51
3 85 91
3 86 83
3 88 52
3 91 37
3 92 21
3 93 35
3 95 42
3 97 96
3 98 92
4 50 55
4 51 51
4 52 11
4 53 10
4 55 27
4 56 70
4 57 23
4 58 54
4 59 27
4 60 50
4 61 68
4 62 82
4 63 63
4 64 30
4 65 11
4 67 97
4 68 42
4 69 25
4 73 18
4 74 82
4 75 2
4 78 29
4 79 45
4 81 40
4 82 87
4 83 36
4 85 6
4 86 2
4 88 94
4 91 57
4 93 60
4 99 12
5 50 24
5 51 21
5 54 87
5 56 86
5 57 43
5 58 2
5 59 88
5 60 43
5 61 51
5 62 23
5 63 23
5 64 77
5 65 65
5 67 28
5 68 92
5 69 6
5 70 40
5 73 76
5 80 85
5 81 1
5 82 74
5 83 40
5 88 32
5 89 45
5 90 81
5 91 66
5 93 32
5 98 58
6 50 14
6 51 93
6 52 69
6 53 77
6 54 92
6 55 95
6 56 94
6 57 12
6 58 45
6 59 61
6 60 27
6 62 22
6 63 48
6 64 69
6 65 36
6 66 66
6 67 95
6 74 19
6 75 97
6 76 36
6 78 65
6 79 56
6 86 51
6 89 64
6 94 29
7 50 85
7 51 11
7 52 71
7 53 68
7 54 44
7 55 42
7 56 48
7 57 20
7 58 94
7 59 42
7 62 75
7 64 80
7 66 51
7 68 97
7 69 68
7 71 81
7 73 91
7 76 96
7 78 59
7 81 14
7 83 11
7 85 1
7 86 19
7 88 84
7 89 46
7 91 94
7 93 71
7 96 22
7 98 70
7 99 27
8 50 71
8 51 90
8 52 31
8 53 65
8 54 23
8 55 21
8 56 81
8 57 59
8 58 64
8 59 34
8 60 21
8 61 35
8 62 28
8 63 3
8 65 50
8 66 54
8 68 29
8 70 78
8 71 20
8 74 94
8 75 55
8 77 99
8 79 56
8 81 20
8 82 82
8 84 12
8 86 54
8 90 84
8 91 69
8 95 39
8 96 50
8 99 2
9 50 42
9 51 26
9 52 39
9 53 70
9 54 9
9 56 81
9 57 6
9 58 77
9 59 34
9 60 46
9 61 67
9 63 30
9 65 20
9 66 37
9 68 16
9 69 44
9 70 98
9 72 27
9 74 12
9 75 63
9 76 57
9 80 20
9 81 2
9 82 57
9 83 79
9 84 76
9 85 60
9 86 12
9 87 9
9 88 28
9 94 19
9 95 56
9 96 41
10 50 4
10 51 85
10 52 5
10 53 16
10 54 8
10 56 65
10 57 19
10 58 56
10 59 41
10 60 74
10 61 69
10 62 14
10 63 25
10 64 87
10 66 39
10 67 16
10 68 47
10 72 44
10 73 12
10 74 5
10 76 13
10 77 23
10 78 56
10 81 27
10 82 67
10 86 53
10 88 68
10 90 51
10 94 77
10 96 2
11 50 3
11 51 3
11 52 89
11 53 50
11 54 71
11 55 9
11 56 91
11 57 99
11 58 77
11 60 63
11 63 77
11 64 74
11 66 87
11 67 75
11 69 28
11 72 20
11 74 34
11 80 8
11 84 66
11 85 98
11 86 10
11 90 50
11 92 97
11 95 83
11 97 71
11 98 47
12 50 27
12 51 1
12 52 93
12 53 81
12 54 84
12 55 94
12 56 46
12 57 86
12 58 72
12 59 84
12 61 89
12 62 70
12 63 27
12 66 59
12 68 58
12 69 45
12 71 86
12 72 17
12 74 50
12 76 46
12 77 63
12 78 97
12 79 94
12 81 91
12 83 98
12 84 85
12 88 58
12 89 39
12 90 43
12 91 77
12 92 98
12 93 82
12 96 76
12 97 32
12 99 34
13 50 93
13 51 54
13 52 33
13 53 33
13 54 49
13 55 8
13 56 57
13 58 36
13 59 86
13 60 14
13 61 38
13 62 95
13 65 90
13 66 66
13 67 93
13 68 97
13 69 13
13 70 89
13 71 96
13 79 31
13 88 46
13 91 28
13 92 72
13 94 71
13 97 51
14 50 26
14 51 44
14 52 94
14 53 38
14 54 29
14 55 64
14 56 5
14 57 64
14 58 72
14 59 98
14 60 78
14 61 19
14 62 5
14 64 23
14 67 8
14 68 79
14 69 22
14 71 73
14 73 51
14 77 1
14 78 49
14 79 3
14 81 14
14 83 10
14 84 4
14 86 59
14 87 47
14 90 51
14 94 40
14 96 97
14 97 47
15 50 65
15 51 89
15 52 7
15 53 87
15 54 53
15 55 24
15 56 68
15 59 28
15 61 56
15 62 49
15 64 5
15 69 3
15 70 25
15 75 17
15 77 77
15 79 24
15 81 58
15 85 1
15 87 70
15 89 41
15 92 3
15 96 84
15 98 62
16 50 45
16 51 13
16 52 65
16 53 81
16 54 66
16 55 11
16 57 39
16 58 99
16 59 67
16 60 59
16 61 15
16 62 29
16 63 52
16 65 39
16 66 91
16 67 86
16 68 56
16 69 74
16 70 35
16 72 25
16 76 63
16 79 76
16 80 43
16 83 84
16 85 77
16 86 87
16 87 7
16 90 38
16 91 54
16 93 24
16 94 79
16 95 38
16 96 45
16 99 92
17 50 54
17 52 78
17 53 53
17 54 97
17 55 3
17 56 69
17 57 56
17 58 90
17 59 80
17 60 83
17 61 63
17 62 14
17 64 60
17 65 20
17 67 74
17 69 23
17 71 43
17 72 8
17 73 83
17 75 6
17 76 3
17 77 15
17 79 59
17 80 45
17 84 81
17 85 91
17 88 91
17 93 51
17 95 65
18 50 11
18 51 85
18 52 3
18 53 45
18 55 3
18 56 46
18 57 4
18 58 70
18 59 30
18 60 73
18 61 34
18 62 4
18 63 55
18 64 37
18 65 59
18 66 63
18 68 90
18 69 90
18 70 26
18 72 24
18 73 77
18 74 67
18 75 44
18 76 7
18 82 12
18 83 80
18 91 84
18 94 79
18 96 69
18 99 5
19 50 55
19 51 81
19 52 24
19 53 73
19 54 92
19 55 44
19 56 92
19 57 1
19 58 77
19 60 69
19 61 70
19 62 20
19 63 17
19 64 26
19 65 67
19 67 79
19 70 97
19 71 21
19 74 23
19 78 13
19 81 76
19 83 6
19 86 10
19 88 82
19 90 28
19 92 68
19 93 94
19 94 94
19 95 59
19 97 69
20 50 74
20 51 68
20 52 45
20 53 95
20 54 94
20 56 27
20 57 72
20 58 29
20 60 20
20 61 54
20 62 78
20 63 90
20 64 16
20 65 82
20 66 54
20 68 32
20 70 34
20 71 65
20 72 58
20 73 21
20 76 42
20 77 61
20 78 24
20 80 22
20 81 44
20 83 85
20 85 70
20 86 32
20 88 94
20 90 8
20 91 51
20 92 72
20 93 84
21 50 32
21 51 86
21 52 49
21 53 8
21 54 81
21 55 74
21 56 84
21 57 80
21 58 11
21 59 28
21 60 59
21 61 28
21 62 70
21 63 86
21 64 62
21 65 50
21 66 9
21 68 63
21 69 68
21 75 32
21 76 89
21 79 10
21 80 98
21 83 57
21 85 1
21 91 39
21 95 55
21 96 70
22 50 37
22 51 28
22 52 88
22 53 65
22 54 50
22 55 49
22 56 11
22 57 56
22 59 88
22 61 97
22 63 1
22 64 99
22 65 8
22 66 64
22 67 80
22 68 61
22 70 2
22 71 98
22 72 67
22 73 8
22 74 11
22 75 56
22 77 21
22 80 61
22 81 63
22 82 97
22 83 95
22 87 2
22 90 79
22 93 98
22 95 23
23 50 96
23 51 54
23 52 42
23 53 22
23 54 31
23 55 27
23 56 32
23 57 27
23 59 76
23 60 63
23 61 39
23 62 55
23 63 86
23 64 96
23 65 37
23 66 34
23 69 64
23 72 41
23 78 29
23 82 32
23 83 21
23 86 41
23 91 59
23 97 74
23 98 39
24 50 22
24 51 13
24 52 60
24 53 10
24 54 82
24 55 77
24 56 65
24 57 69
24 58 83
24 59 52
24 60 74
24 63 63
24 66 9
24 68 40
24 69 18
24 71 95
24 72 39
24 73 15
24 74 50
24 77 10
24 78 20
24 82 17
24 84 81
24 89 70
24 91 95
24 92 46
24 93 91
24 99 68
25 50 95
25 51 91
25 52 18
25 53 25
25 55 20
25 57 41
25 59 52
25 60 66
25 61 41
25 62 18
25 64 96
25 68 29
25 70 84
25 71 80
25 72 6
25 74 82
25 75 31
25 77 92
25 78 48
25 80 89
25 88 97
25 89 64
25 91 16
25 94 87
25 95 46
25 97 31
26 50 47
26 51 12
26 52 28
26 53 28
26 54 9
26 55 29
26 57 58
26 58 56
26 60 23
26 62 47
26 64 30
26 65 59
26 72 85
26 78 14
26 84 84
26 87 30
26 88 74
26 89 88
26 92 34
27 50 3
27 51 80
27 52 69
27 53 27
27 54 96
27 55 21
27 56 41
27 57 72
27 58 46
27 59 73
27 62 22
27 63 99
27 64 68
27 65 28
27 66 70
27 67 24
27 68 50
27 70 83
27 71 73
27 72 50
27 75 62
27 77 33
27 79 49
27 81 71
27 83 27
27 85 94
27 87 55
27 91 17
27 92 54
27 94 46
27 95 6
27 96 28
27 97 24
27 98 43
28 50 45
28 51 3
28 52 3
28 53 50
28 54 92
28 55 8
28 56 46
28 57 32
28 58 73
28 59 77
28 60 47
28 61 80
28 62 59
28 63 15
28 64 63
28 65 91
28 66 55
28 67 95
28 68 79
28 69 40
28 70 9
28 73 88
28 77 33
28 78 83
28 81 21
28 82 91
28 83 71
28 86 13
28 87 28
28 88 82
28 89 40
28 90 5
28 91 61
28 93 74
28 95 59
28 98 89
28 99 52
29 50 71
29 51 69
29 52 79
29 53 57
29 54 84
29 56 83
29 57 25
29 58 77
29 59 1
29 60 33
29 61 76
29 62 87
29 63 5
29 64 56
29 65 25
29 66 91
29 67 71
29 68 83
29 70 2
29 71 48
29 73 37
29 74 18
29 75 50
29 76 59
29 77 34
29 79 76
29 80 21
29 81 78
29 82 4
29 84 17
29 85 79
29 86 76
29 87 86
29 93 32
29 94 66
29 98 30
30 50 93
30 51 29
30 52 56
30 53 62
30 54 31
30 55 24
30 58 59
30 60 47
30 61 98
30 62 14
30 63 99
30 64 79
30 65 69
30 66 28
30 67 90
30 68 92
30 69 83
30 72 7
30 73 6
30 75 50
30 76 24
30 78 28
30 79 95
30 82 24
30 86 82
30 89 51
30 92 47
30 95 33
30 96 33
30 99 14
31 50 73
31 51 92
31 52 11
31 53 3
31 54 28
31 55 7
31 56 39
31 57 98
31 58 52
31 60 45
31 61 23
31 62 22
31 63 96
31 64 61
31 65 59
31 66 5
31 67 28
31 68 25
31 69 49
31 71 19
31 74 77
31 76 47
31 77 39
31 78 62
31 79 22
31 80 4
31 83 34
31 84 38
31 85 57
31 86 41
31 88 33
31 90 67
31 93 11
31 95 98
31 99 44
32 50 50
32 51 52
32 52 23
32 53 43
32 54 11
32 55 74
32 56 58
32 57 68
32 58 63
32 59 82
32 60 71
32 62 27
32 63 72
32 65 2
32 66 11
32 67 31
32 68 82
32 70 54
32 71 93
32 72 56
32 73 77
32 74 16
32 75 18
32 76 45
32 79 61
32 81 37
32 82 65
32 83 27
32 84 55
32 86 14
32 91 50
32 95 63
32 96 58
32 97 30
32 99 22
33 50 73
33 51 24
33 52 49
33 53 36
33 54 97
33 55 61
33 56 49
33 59 59
33 60 60
33 61 33
33 62 74
33 63 90
33 64 37
33 67 27
33 68 32
33 69 7
33 70 10
33 72 38
33 73 9
33 77 88
33 78 78
33 79 92
33 83 97
33 85 31
33 87 35
33 89 9
33 94 18
33 96 43
34 50 20
34 51 51
34 52 97
34 53 52
34 54 20
34 55 74
34 56 63
34 57 7
34 58 2
34 59 39
34 60 77
34 62 63
34 63 74
34 64 94
34 65 31
34 67 97
34 68 22
34 69 29
34 70 93
34 71 59
34 72 90
34 73 2
34 74 69
34 75 19
34 76 74
34 77 37
34 79 44
34 80 61
34 83 2
34 84 79
34 90 96
34 91 6
34 93 75
34 96 40
34 98 27
34 99 77
35 50 93
35 51 1
35 52 87
35 53 96
35 54 54
35 55 54
35 56 48
35 58 73
35 61 21
35 62 37
35 63 4
35 64 31
35 65 68
35 70 41
35 71 1
35 72 76
35 73 70
35 74 32
35 75 39
35 76 1
35 78 18
35 79 54
35 84 81
35 85 62
35 89 40
35 91 74
35 93 54
35 95 39
35 96 71
35 97 32
35 98 7
36 50 74
36 51 37
36 52 81
36 54 26
36 55 60
36 56 81
36 57 2
36 58 83
36 59 76
36 60 63
36 61 10
36 62 62
36 67 49
36 68 32
36 71 77
36 75 23
36 76 44
36 78 48
36 87 24
36 88 25
36 91 92
36 92 81
36 99 69
37 50 74
37 51 10
37 52 69
37 53 93
37 54 60
37 55 33
37 56 14
37 57 82
37 58 20
37 60 54
37 61 68
37 63 9
37 64 9
37 65 40
37 66 3
37 67 13
37 70 62
37 71 7
37 73 16
37 76 31
37 77 68
37 78 38
37 80 72
37 89 78
37 90 89
37 96 2
37 99 2
38 50 34
38 51 96
38 52 74
38 53 28
38 54 67
38 55 84
38 56 27
38 57 58
38 58 73
38 59 72
38 61 98
38 66 92
38 67 50
38 68 72
38 69 76
38 70 21
38 71 9
38 73 54
38 77 90
38 79 27
38 80 75
38 87 66
38 88 76
38 91 70
38 97 41
38 99 83
39 50 53
39 51 55
39 54 83
39 55 54
39 56 47
39 57 12
39 58 27
39 59 89
39 60 5
39 61 35
39 63 3
39 65 10
39 66 73
39 67 89
39 70 78
39 71 12
39 72 71
39 73 44
39 75 85
39 80 32
39 84 18
39 87 27
39 89 44
39 92 21
39 94 63
39 95 93
39 97 46
39 99 5
40 50 28
40 51 90
40 52 5
40 53 71
40 54 77
40 55 71
40 56 90
40 57 53
40 58 46
40 59 47
40 60 26
40 61 77
40 62 23
40 63 51
40 64 57
40 65 11
40 66 48
40 67 97
40 69 44
40 71 26
40 72 92
40 73 15
40 75 25
40 76 47
40 78 63
40 79 51
40 82 3
40 84 44
40 85 56
40 89 73
40 93 96
40 94 2
40 97 98
41 50 7
41 51 35
41 52 61
41 53 66
41 54 78
41 55 50
41 56 70
41 57 10
41 58 98
41 59 63
41 60 36
41 61 43
41 63 29
41 67 93
41 69 44
41 70 14
41 73 89
41 74 12
41 75 66
41 76 55
41 78 60
41 79 97
41 80 95
41 81 36
41 83 95
41 84 41
41 88 89
41 90 11
41 92 12
41 93 9
41 96 98
42 50 69
42 51 99
42 52 30
42 53 13
42 54 64
42 55 51
42 56 35
42 57 35
42 58 55
42 59 79
42 60 18
42 61 19
42 62 80
42 63 47
42 64 59
42 65 37
42 69 58
42 70 99
42 71 37
42 75 57
42 76 2
42 77 50
42 84 4
42 86 94
42 87 32
42 88 33
42 89 47
42 94 65
42 95 8
42 96 85
42 97 77
42 98 21
43 50 59
43 51 53
43 52 58
43 53 52
43 55 56
43 56 8
43 57 51
43 58 87
43 59 81
43 60 90
43 61 12
43 62 1
43 63 3
43 64 39
43 65 41
43 66 79
43 67 23
43 68 95
43 70 18
43 71 70
43 72 67
43 73 64
43 74 30
43 75 52
43 77 22
43 79 60
43 80 21
43 82 74
43 84 65
43 87 23
43 89 20
43 98 77
44 50 87
44 51 2
44 52 99
44 53 94
44 54 69
44 55 11
44 56 91
44 59 58
44 61 27
44 64 21
44 66 29
44 68 27
44 69 82
44 70 40
44 71 80
44 73 38
44 74 90
44 75 23
44 77 96
44 78 79
44 80 69
44 81 87
44 83 86
44 85 2
44 86 57
44 87 93
44 89 30
44 90 20
44 91 93
44 92 80
45 50 56
45 51 70
45 52 55
45 53 22
45 54 96
45 55 23
45 56 3
45 57 27
45 58 70
45 59 47
45 61 43
45 62 38
45 63 37
45 64 11
45 65 1
45 68 8
45 69 31
45 71 50
45 72 95
45 73 50
45 75 93
45 76 17
45 80 85
45 82 68
45 84 68
45 86 45
45 87 9
45 89 9
45 90 12
45 91 60
45 92 33
45 93 16
45 95 55
45 96 11
45 98 85
46 50 16
46 51 55
46 52 71
46 53 45
46 54 39
46 55 26
46 56 72
46 57 49
46 58 15
46 59 31
46 60 78
46 62 71
46 63 1
46 64 46
46 65 22
46 67 4
46 71 63
46 72 5
46 74 37
46 76 85
46 78 21
46 80 68
46 81 63
46 82 62
46 83 47
46 84 85
46 85 42
46 88 92
46 89 47
46 90 89
46 94 6
46 96 64
46 98 70
47 50 39
47 51 29
47 52 97
47 53 64
47 54 67
47 55 36
47 60 67
47 61 15
47 62 3
47 63 68
47 66 83
47 67 25
47 69 58
47 70 71
47 71 68
47 73 58
47 74 40
47 76 25
47 77 57
47 79 51
47 80 22
47 81 75
47 85 47
47 92 86
47 93 34
47 96 11
47 97 64
47 98 87
47 99 23
48 50 49
48 51 91
48 52 11
48 53 11
48 54 25
48 55 82
48 57 46
48 59 4
48 60 74
48 61 46
48 62 55
48 64 43
48 65 6
48 66 39
48 67 43
48 69 65
48 70 38
48 72 72
48 73 61
48 76 14
48 78 4
48 85 98
48 86 21
48 89 89
48 90 24
48 92 16
48 94 95
48 96 67
48 97 48
49 50 58
49 51 13
49 52 87
49 53 43
49 54 8
49 55 20
49 56 67
49 57 56
49 58 33
49 59 69
49 60 21
49 63 16
49 66 48
49 67 50
49 70 36
49 72 47
49 73 84
49 78 34
49 81 98
49 82 51
49 84 76
49 87 90
49 88 6
49 94 93
50 51 23
50 52 67
50 53 66
50 54 99
50 55 67
50 56 21
50 57 31
50 58 99
50 59 98
50 60 15
50 61 73
50 62 51
50 63 18
50 64 14
50 65 79
50 66 48
50 67 28
50 68 5
50 69 91
50 70 55
50 71 41
50 72 85
50 73 99
50 74 58
50 75 15
50 76 14
50 77 97
50 78 21
50 79 57
50 80 69
50 81 66
50 82 91
50 83 23
50 84 69
50 85 6
50 86 25
50 87 30
50 88 99
50 89 44
50 90 55
50 91 19
50 92 29
50 93 63
50 95 20
50 97 14
50 99 68
51 52 16
51 53 54
51 54 4
51 55 21
51 56 35
51 57 94
51 58 75
51 59 17
51 60 49
51 61 8
51 62 97
51 63 29
51 64 75
51 65 77
51 66 82
51 67 99
51 68 91
51 69 66
51 70 30
51 71 81
51 72 29
51 73 91
51 74 93
51 75 32
51 76 87
51 77 3
51 78 9
51 79 48
51 80 66
51 81 68
51 82 5
51 83 28
51 84 19
51 85 25
51 87 10
51 89 82
51 90 5
51 92 10
51 93 40
51 94 95
51 95 4
51 96 1
51 97 83
51 99 47
52 53 71
52 54 5
52 55 62
52 56 68
52 57 6
52 58 96
52 59 43
52 60 94
52 61 75
52 62 66
52 63 72
52 64 87
52 65 58
52 66 12
52 67 91
52 68 91
52 69 11
52 70 67
52 71 34
52 72 60
52 73 94
52 74 92
52 75 46
52 76 89
52 77 68
52 78 45
52 81 53
52 82 84
52 83 97
52 84 69
52 85 81
52 86 85
52 87 93
52 88 19
52 89 77
52 90 55
52 93 84
52 94 75
52 99 6
53 54 61
53 55 15
53 56 86
53 57 7
53 58 85
53 59 12
53 60 25
53 61 1
53 62 41
53 63 55
53 64 23
53 65 2
53 66 95
53 67 23
53 68 48
53 69 72
53 70 81
53 71 72
53 72 34
53 73 61
53 74 21
53 75 12
53 76 46
53 77 88
53 79 85
53 80 95
53 81 96
53 82 75
53 83 63
53 84 29
53 85 5
53 86 48
53 88 21
53 89 31
53 90 1
53 91 46
53 92 37
53 93 51
53 94 1
53 95 92
53 97 40
53 99 53
54 55 89
54 56 16
54 57 71
54 58 90
54 59 67
54 60 94
54 61 46
54 62 95
54 63 36
54 64 38
54 65 29
54 66 9
54 67 94
54 68 29
54 69 21
54 70 47
54 71 43
54 72 11
54 73 77
54 74 52
54 75 68
54 76 51
54 77 89
54 78 72
54 79 94
54 80 13
54 81 93
54 82 25
54 83 6
54 84 28
54 85 66
54 87 98
54 88 15
54 89 53
54 90 29
54 93 9
54 95 42
54 96 41
54 97 46
54 98 51
54 99 49
55 56 4
55 57 10
55 58 29
55 59 88
55 60 67
55 61 89
55 62 92
55 63 27
55 64 77
55 65 73
55 66 30
55 67 21
55 68 59
55 69 49
55 70 70
55 71 13
55 72 1
55 73 80
55 74 80
55 75 18
55 76 64
55 77 79
55 78 69
55 80 30
55 81 58
55 82 61
55 83 39
55 84 86
55 85 66
55 86 19
55 87 10
55 88 23
55 90 57
55 91 51
55 92 81
55 93 8
55 94 11
55 95 39
55 96 82
55 98 91
55 99 60
56 57 84
56 58 24
56 59 39
56 60 46
56 61 65
56 62 70
56 63 24
56 64 52
56 65 40
56 66 16
56 67 14
56 68 44
56 69 40
56 70 49
56 71 13
56 72 11
56 73 91
56 74 2
56 75 50
56 76 52
56 77 84
56 78 33
56 79 55
56 80 58
56 81 38
56 82 62
56 83 31
56 85 16
56 87 56
56 88 36
56 89 47
56 91 88
56 92 21
56 93 52
56 95 73
56 96 23
56 97 85
56 98 52
57 58 23
57 59 93
57 60 4
57 61 38
57 62 99
57 63 70
57 64 68
57 65 53
57 66 1
57 67 35
57 68 32
57 69 63
57 70 4
57 71 43
57 72 6
57 73 7
57 74 76
57 75 83
57 76 98
57 77 87
57 79 51
57 80 92
57 81 62
57 82 54
57 83 51
57 85 31
57 86 6
57 87 71
57 88 30
57 89 49
57 90 85
57 92 27
57 95 81
57 98 84
57 99 16
58 59 55
58 60 68
58 61 92
58 62 40
58 63 34
58 64 40
58 65 76
58 66 97
58 67 95
58 68 79
58 69 8
58 70 97
58 71 76
58 72 8
58 73 76
58 74 6
58 77 88
58 78 51
58 79 71
58 80 44
58 81 2
58 82 57
58 83 28
58 84 53
58 85 81
58 86 73
58 87 9
58 88 5
58 90 41
58 91 25
58 92 74
58 93 47
58 94 16
58 95 66
58 96 23
58 97 46
58 98 92
58 99 15
59 60 37
59 61 12
59 62 17
59 63 92
59 64 26
59 65 25
59 66 19
59 67 22
59 68 40
59 69 43
59 70 84
59 71 71
59 72 59
59 73 68
59 74 82
59 75 67
59 76 15
59 77 51
59 78 42
59 79 73
59 80 64
59 81 62
59 82 57
59 83 81
59 84 98
59 85 74
59 86 41
59 87 86
59 88 58
59 89 34
59 90 38
59 91 46
59 92 36
59 93 23
59 95 54
59 96 30
59 97 75
59 98 5
59 99 58
60 61 79
60 62 30
60 63 28
60 64 34
60 65 9
60 66 93
60 67 10
60 68 67
60 69 30
60 70 10
60 72 74
60 74 37
60 75 85
60 76 95
60 77 20
60 78 24
60 79 28
60 80 71
60 81 64
60 82 31
60 83 30
60 84 29
60 85 74
60 86 35
60 87 47
60 88 29
60 89 80
60 90 92
60 91 18
60 92 82
60 93 6
60 94 27
60 95 25
60 96 70
61 62 92
61 63 73
61 64 43
61 65 52
61 66 43
61 67 75
61 68 30
61 69 90
61 71 48
61 72 97
61 73 52
61 74 75
61 75 94
61 76 11
61 77 4
61 78 9
61 79 10
61 80 97
61 81 28
61 82 26
61 83 88
61 84 49
61 85 3
61 86 14
61 87 65
61 88 41
61 89 73
61 90 10
61 91 58
61 92 72
61 96 20
61 97 66
61 98 21
61 99 99
62 63 98
62 64 4
62 65 19
62 66 48
62 67 80
62 68 17
62 69 1
62 70 87
62 71 41
62 72 85
62 74 37
62 75 93
62 76 96
62 77 33
62 78 66
62 79 56
62 81 27
62 82 13
62 84 17
62 86 40
62 87 69
62 88 98
62 89 95
62 90 78
62 92 86
62 93 67
62 94 36
62 95 82
62 96 6
62 97 1
62 98 64
62 99 53
63 64 22
63 65 10
63 66 97
63 67 77
63 68 78
63 69 66
63 70 24
63 71 61
63 72 75
63 73 35
63 74 73
63 75 92
63 77 65
63 78 82
63 79 55
63 80 41
63 81 43
63 82 94
63 83 73
63 84 29
63 86 86
63 87 8
63 89 40
63 90 48
63 92 89
63 93 44
63 94 20
63 95 31
63 96 47
63 97 36
63 98 8
64 65 96
64 66 58
64 67 15
64 68 73
64 69 90
64 70 80
64 71 67
64 72 41
64 73 74
64 74 82
64 75 49
64 76 40
64 77 18
64 78 59
64 79 40
64 80 32
64 81 11
64 82 65
64 83 54
64 84 1
64 85 56
64 86 74
64 87 2
64 90 47
64 92 13
64 94 8
64 95 3
64 96 25
64 97 70
64 98 3
64 99 69
65 66 99
65 67 16
65 68 47
65 69 65
65 70 24
65 71 69
65 72 71
65 73 52
65 74 60
65 75 22
65 76 31
65 77 60
65 78 38
65 79 83
65 80 96
65 81 52
65 82 18
65 83 51
65 84 29
65 85 89
65 86 61
65 87 16
65 88 24
65 89 39
65 90 63
65 91 12
65 92 24
65 93 3
65 94 27
65 97 39
65 98 68
65 99 54
66 67 71
66 68 60
66 69 2
66 71 22
66 72 60
66 73 62
66 74 66
66 75 32
66 76 79
66 77 10
66 79 29
66 80 88
66 81 54
66 83 74
66 84 73
66 85 10
66 86 46
66 87 71
66 88 41
66 89 93
66 90 23
66 92 38
66 95 71
66 97 8
66 98 46
66 99 42
67 68 90
67 69 81
67 70 33
67 71 26
67 72 72
67 73 99
67 74 48
67 75 72
67 76 13
67 77 46
67 78 35
67 79 13
67 80 6
67 82 42
67 83 43
67 84 78
67 85 79
67 86 95
67 88 83
67 89 8
67 90 81
67 91 9
67 93 71
67 94 47
67 97 34
67 98 18
67 99 9
68 69 1
68 70 17
68 71 24
68 73 10
68 74 1
68 75 58
68 76 28
68 77 83
68 78 48
68 79 60
68 80 27
68 82 22
68 84 1
68 85 4
68 86 32
68 87 79
68 88 70
68 89 43
68 90 97
68 92 67
68 93 52
68 94 20
68 95 62
68 96 62
68 98 92
69 70 52
69 71 69
69 72 32
69 73 20
69 74 24
69 75 65
69 76 19
69 79 14
69 80 98
69 82 56
69 84 3
69 87 8
69 88 44
69 91 91
69 92 38
69 93 30
69 94 52
69 95 30
69 96 34
69 97 78
69 99 16
70 71 12
70 72 13
70 73 63
70 74 57
70 75 86
70 76 80
70 77 28
70 78 93
70 79 94
70 80 82
70 81 67
70 82 95
70 83 56
70 84 57
70 89 83
70 91 6
70 92 85
70 94 85
70 95 8
70 96 28
70 98 86
70 99 78
71 72 56
71 73 75
71 74 29
71 75 93
71 77 32
71 78 6
71 79 32
71 80 53
71 81 13
71 82 87
71 83 70
71 84 8
71 85 76
71 86 14
71 87 46
71 89 2
71 92 21
71 93 45
71 94 87
71 96 72
71 98 35
72 73 50
72 74 73
72 75 66
72 76 21
72 77 83
72 78 13
72 79 33
72 80 59
72 81 56
72 82 1
72 83 1
72 85 71
72 86 19
72 87 59
72 88 94
72 89 8
72 90 1
72 91 95
72 92 50
72 93 82
72 95 67
72 96 74
72 97 79
72 99 28
73 74 27
73 75 3
73 76 24
73 77 7
73 78 83
73 80 18
73 81 51
73 82 96
73 83 56
73 84 48
73 85 22
73 88 7
73 90 42
73 91 32
73 92 80
73 93 20
73 94 50
73 95 72
73 96 40
73 97 4
73 98 70
74 75 44
74 76 49
74 77 75
74 78 86
74 79 99
74 80 49
74 81 53
74 82 2
74 83 94
74 84 37
74 86 33
74 87 4
74 88 39
74 89 9
74 90 45
74 93 58
74 94 57
74 97 18
75 76 69
75 77 27
75 78 53
75 79 37
75 80 66
75 81 41
75 82 90
75 83 52
75 84 87
75 85 11
75 86 70
75 87 28
75 88 2
75 92 88
75 93 9
75 94 56
75 96 8
75 97 10
75 98 47
76 77 81
76 78 46
76 79 45
76 80 8
76 81 33
76 82 81
76 84 41
76 85 71
76 86 44
76 87 90
76 88 28
76 89 11
76 91 62
76 92 58
76 93 77
76 95 36
76 96 69
77 80 76
77 81 65
77 82 85
77 83 94
77 87 3
77 88 57
77 90 83
77 91 47
77 92 82
77 93 74
77 95 14
77 97 58
77 98 77
77 99 61
78 79 56
78 80 79
78 81 23
78 82 74
78 85 54
78 86 64
78 87 75
78 90 83
78 91 33
78 93 49
78 94 20
78 96 14
78 97 16
78 98 28
78 99 43
79 81 84
79 82 29
79 84 29
79 85 34
79 87 27
79 89 23
79 91 60
79 93 7
79 94 34
79 95 95
79 98 35
79 99 86
80 82 88
80 84 60
80 85 86
80 87 22
80 88 64
80 89 25
80 90 94
80 91 23
80 92 27
80 93 5
80 95 32
80 97 83
80 98 98
80 99 6
81 82 92
81 84 96
81 85 23
81 86 98
81 89 23
81 91 45
81 92 55
81 94 91
81 95 73
81 97 92
81 98 85
81 99 54
82 83 64
82 84 85
82 87 42
82 88 82
82 90 37
82 91 21
82 94 76
82 95 2
82 98 84
82 99 18
83 84 22
83 85 45
83 86 12
83 87 94
83 88 66
83 91 10
83 92 56
83 93 71
83 94 49
83 95 74
83 96 63
83 97 31
83 98 89
84 85 1
84 86 90
84 87 88
84 92 40
84 94 87
84 95 88
84 97 23
84 98 61
84 99 86
85 86 27
85 87 61
85 88 42
85 89 60
85 90 58
85 94 21
85 96 72
85 97 26
86 90 6
86 92 5
86 94 53
86 97 57
86 99 14
87 88 35
87 89 44
87 90 2
87 94 63
87 95 12
87 97 61
87 98 69
88 90 80
88 91 52
88 94 81
88 97 32
88 98 33
89 90 49
89 91 99
89 93 10
89 94 31
89 96 95
89 99 92
90 91 3
90 94 91
90 96 66
90 97 34
90 98 66
90 99 96
91 92 89
91 95 6
91 96 53
91 99 89
92 93 46
92 94 90
92 96 14
92 98 36
93 94 29
93 98 77
93 99 98
94 97 61
94 99 53
95 96 65
95 97 12
96 98 32
97 98 39
97 99 68