99
0 1 5.59
0 2 4.466
0 3 4.109
0 4 4.727
0 5 5.758
0 6 5.421
0 7 3.414
0 8 4.747
0 9 5.613
0 10 4.377
0 11 5.172
0 12 4.043
0 13 4.404
0 14 4.259
0 15 5.079
0 16 4.863
0 17 3.808
0 18 3.538
0 19 8.039
0 20 4.421
0 21 3.063
0 22 4.792
0 23 4.767
0 24 5.082
0 25 4.984
0 26 5.083
0 27 3.427
0 28 5.052
0 29 3.426
0 30 4.677
0 31 5.055
0 32 5.872
0 33 1.61
0 34 1.62
1 2 5.366
1 3 3.198
1 4 5.742
1 5 6.087
1 6 5.495
1 7 4.584
1 8 5.142
1 9 4.666
1 10 5.792
1 11 3.684
1 12 5.547
1 13 5.414
1 14 3.868
1 15 4.467
1 16 5.657
1 17 5.582
1 18 3.694
1 19 5.047
1 20 4.476
1 21 6.18
1 22 4.437
1 23 5.696
1 24 2.901
1 25 6.589
1 26 5.298
1 27 4.815
1 28 6.073
1 29 4.595
1 30 4.619
1 31 6.514
1 32 4.548
1 35 1.516
1 36 2.76
2 3 7.263
2 4 5.761
2 5 4.166
2 6 6.446
2 7 5.925
2 8 5.375
2 9 4.589
2 10 6.346
2 11 5.401
2 12 6.176
2 13 5.32
2 14 5.093
2 15 4.189
2 16 4.665
2 17 5.273
2 18 4.263
2 19 4.352
2 20 4.53
2 21 4.516
2 22 4.886
2 23 4.273
2 24 4.712
2 25 5.187
2 26 4.523
2 27 3.595
2 28 6.594
2 29 4.099
2 30 4.819
2 31 5.663
2 32 4.274
2 37 2.553
2 38 4.045
3 4 5.163
3 5 4.402
3 6 5.45
3 7 5.446
3 8 4.593
3 9 6.012
3 10 3.235
3 11 4.865
3 12 6.401
3 13 6.019
3 14 4.807
3 15 5.423
3 16 4.619
3 17 4.589
3 18 4.999
3 19 4.793
3 20 4.949
3 21 5.455
3 22 4.142
3 23 4.851
3 24 6.222
3 25 6.556
3 26 5.971
3 27 5.648
3 28 5.711
3 29 6.242
3 30 5.814
3 31 5.175
3 32 4.429
3 39 2.786
3 40 2.95
4 5 4.225
4 6 5.579
4 7 5.391
4 8 5.919
4 9 6.161
4 10 4.64
4 11 4.277
4 12 3.653
4 13 5.665
4 14 4.933
4 15 3.896
4 16 4.315
4 17 4.683
4 18 4.873
4 19 4.658
4 20 4.573
4 21 3.89
4 22 4.683
4 23 4.534
4 24 5.166
4 25 3.908
4 26 5.372
4 27 3.099
4 28 4.159
4 29 4.722
4 30 5.107
4 31 4.802
4 32 5.117
4 41 2.864
4 42 2.559
5 6 5.825
5 7 5.316
5 8 5.084
5 9 3.166
5 10 4.51
5 11 3.777
5 12 4.34
5 13 3.535
5 14 4.625
5 15 4.38
5 16 5.064
5 17 5.262
5 18 5.252
5 19 5.753
5 20 4.677
5 21 6.462
5 22 4.375
5 23 7.683
5 24 4.034
5 25 5.424
5 26 6.691
5 27 4.572
5 28 4.378
5 29 6.264
5 30 5.532
5 31 5.229
5 32 6.377
5 43 3.953
5 44 2.95
6 7 5.236
6 8 3.799
6 9 6.077
6 10 3.964
6 11 4.583
6 12 4.93
6 13 4.107
6 14 4.185
6 15 3.46
6 16 5.658
6 17 6.141
6 18 5.275
6 19 3.956
6 20 6.028
6 21 4.91
6 22 3.856
6 23 3.996
6 24 5.045
6 25 6.299
6 26 2.038
6 27 3.327
6 28 6.111
6 29 6.151
6 30 4.189
6 31 4.663
6 32 6.628
6 45 3.589
6 46 2.379
7 8 6.375
7 9 5.126
7 10 5.68
7 11 5.312
7 12 4.126
7 13 4.427
7 14 4.54
7 15 5.131
7 16 5.552
7 17 6.774
7 18 3.389
7 19 6.013
7 20 4.617
7 21 5.463
7 22 4.781
7 23 6.004
7 24 3.684
7 25 4.855
7 26 4.81
7 27 6.93
7 28 6.018
7 29 5.446
7 30 7.016
7 31 4.582
7 32 5.608
7 47 3.234
7 48 3.775
8 9 4.348
8 10 3.946
8 11 4.399
8 12 4.56
8 13 4.626
8 14 4.679
8 15 5.003
8 16 4.358
8 17 4.918
8 18 6.006
8 19 4.844
8 20 5.055
8 21 6.292
8 22 6.302
8 23 6.002
8 24 4.705
8 25 6.751
8 26 3.736
8 27 4.361
8 28 4.031
8 29 5.55
8 30 6.567
8 31 4.287
8 32 4.109
8 49 4.311
8 50 2.724
9 10 4.91
9 11 4.045
9 12 5.671
9 13 4.806
9 14 6.048
9 15 1.963
9 16 5.004
9 17 3.614
9 18 5.169
9 19 3.76
9 20 5.357
9 21 4.1
9 22 5.811
9 23 5.498
9 24 5.249
9 25 6.022
9 26 5.998
9 27 3.484
9 28 3.93
9 29 3.68
9 30 4.272
9 31 4.836
9 32 5.768
9 51 1.932
9 52 1.014
10 11 6.912
10 12 6.046
10 13 5.078
10 14 2.32
10 15 5.028
10 16 3.516
10 17 4.122
10 18 5.044
10 19 5.032
10 20 5.521
10 21 4.481
10 22 6.098
10 23 5.609
10 24 4.096
10 25 5.679
10 26 5.623
10 27 5.618
10 28 4.867
10 29 5.41
10 30 4.243
10 31 4.203
10 32 5.958
10 53 2.901
10 54 2.105
11 12 2.322
11 13 4.008
11 14 6.923
11 15 4.763
11 16 6.182
11 17 3.768
11 18 4.383
11 19 5.068
11 20 5.506
11 21 5.567
11 22 6.279
11 23 6.417
11 24 4.747
11 25 5.433
11 26 3.191
11 27 3.64
11 28 4.499
11 29 4.094
11 30 4.813
11 31 2.192
11 32 4.335
11 55 3.854
11 56 3.353
12 13 4.589
12 14 5.634
12 15 4.358
12 16 4.284
12 17 5.363
12 18 4.436
12 19 3.752
12 20 4.579
12 21 5.348
12 22 4.491
12 23 4.781
12 24 5.641
12 25 4.432
12 26 3.558
12 27 4.479
12 28 5.056
12 29 4.641
12 30 5.705
12 31 4.595
12 32 3.301
12 57 3.531
12 58 1.417
13 14 5.176
13 15 4.45
13 16 5.566
13 17 6.482
13 18 4.827
13 19 3.893
13 20 4.532
13 21 5.364
13 22 4.385
13 23 5.841
13 24 5.694
13 25 6.321
13 26 4.21
13 27 5.9
13 28 5.333
13 29 4.615
13 30 4.07
13 31 3.857
13 32 5.677
13 59 2.303
13 60 1.798
14 15 5.512
14 16 5.332
14 17 5.495
14 18 4.213
14 19 5.96
14 20 7.761
14 21 3.049
14 22 4.531
14 23 4.837
14 24 6.456
14 25 6.378
14 26 5.128
14 27 3.717
14 28 4.91
14 29 6.029
14 30 6.391
14 31 3.842
14 32 4.925
14 61 3.356
14 62 3.945
15 16 6.203
15 17 7.183
15 18 6.382
15 19 5.108
15 20 6.127
15 21 5.375
15 22 5.191
15 23 4.146
15 24 5.908
15 25 4.32
15 26 5.188
15 27 5.51
15 28 4.718
15 29 5.744
15 30 5.603
15 31 5.414
15 32 5.565
15 63 3.169
15 64 2.968
16 17 6.234
16 18 4.45
16 19 4.999
16 20 3.315
16 21 3.764
16 22 5.866
16 23 4.593
16 24 4.397
16 25 4.378
16 26 4.689
16 27 2.603
16 28 5.175
16 29 3.644
16 30 4.417
16 31 5.949
16 32 3.647
16 65 2.36
16 66 3.798
17 18 4.742
17 19 4.464
17 20 5.642
17 21 3.954
17 22 2.973
17 23 4.461
17 24 7.588
17 25 4.537
17 26 5.31
17 27 7.191
17 28 3.438
17 29 4.342
17 30 4.227
17 31 5.023
17 32 5.292
17 67 1.999
17 68 3.723
18 19 3.404
18 20 5.741
18 21 5.202
18 22 4.152
18 23 3.828
18 24 5.008
18 25 4.508
18 26 5.168
18 27 2.519
18 28 5.958
18 29 3.037
18 30 5.444
18 31 2.959
18 32 5.12
18 69 3.816
18 70 3.864
19 20 3.925
19 21 4.694
19 22 4.967
19 23 5.056
19 24 3.042
19 25 4.848
19 26 6.609
19 27 5.573
19 28 3.884
19 29 5.524
19 30 6.032
19 31 5.586
19 32 5.973
19 71 3.0
19 72 3.786
20 21 5.886
20 22 5.307
20 23 5.429
20 24 4.395
20 25 5.237
20 26 4.318
20 27 6.029
20 28 5.05
20 29 6.998
20 30 5.011
20 31 5.078
20 32 4.148
20 73 3.522
20 74 2.975
21 22 5.488
21 23 5.87
21 24 4.154
21 25 3.723
21 26 5.32
21 27 4.955
21 28 5.574
21 29 4.617
21 30 6.131
21 31 3.828
21 32 4.55
21 75 4.655
21 76 4.573
22 23 3.983
22 24 4.958
22 25 6.059
22 26 4.966
22 27 5.153
22 28 3.544
22 29 5.888
22 30 5.509
22 31 4.472
22 32 4.29
22 77 3.483
22 78 3.996
23 24 4.266
23 25 4.068
23 26 6.938
23 27 4.223
23 28 5.542
23 29 6.055
23 30 5.453
23 31 3.091
23 32 6.596
23 79 2.811
23 80 2.453
24 25 4.863
24 26 3.339
24 27 4.997
24 28 5.403
24 29 7.221
24 30 5.558
24 31 4.994
24 32 4.244
24 81 2.955
24 82 2.927
25 26 4.753
25 27 4.428
25 28 5.396
25 29 6.096
25 30 5.327
25 31 3.37
25 32 5.03
25 83 1.685
25 84 2.097
26 27 3.742
26 28 6.461
26 29 3.387
26 30 5.942
26 31 4.8
26 32 6.124
26 85 1.651
26 86 2.717
27 28 4.602
27 29 6.138
27 30 5.857
27 31 5.894
27 32 6.063
27 87 3.753
27 88 2.214
28 29 3.337
28 30 3.831
28 31 6.03
28 32 4.314
28 89 3.426
28 90 2.737
29 30 4.71
29 31 7.357
29 32 4.835
29 91 3.212
29 92 4.071
30 31 4.261
30 32 5.755
30 93 2.883
30 94 3.311
31 32 4.045
31 95 2.741
31 96 3.682
32 97 2.768
32 98 3.549
33 35 2.807
34 36 3.783
37 39 3.065
38 40 1.46
41 43 1.724
42 44 4.173
45 47 1.903
46 48 2.816
49 51 3.33
50 52 2.859
53 55 3.844
54 56 3.216
57 59 0.871
58 60 3.958
61 63 1.391
62 64 2.268
65 67 2.838
66 68 1.837
69 71 1.956
70 72 2.936
73 75 2.019
74 76 3.178
77 79 4.488
78 80 2.642
81 83 2.936
82 84 2.229
85 87 3.367
86 88 4.214
89 91 2.337
90 92 2.954
93 95 2.26
94 96 3.544