94
78 50 62.422
50 7 13.871
78 6 66.908
6 58 39.665
7 73 37.240
50 85 70.054
7 75 75.499
58 69 1.486
7 47 25.015
50 36 66.395
6 32 74.623
50 79 48.605
36 55 87.207
7 60 45.439
58 41 66.456
75 13 93.056
41 31 35.884
79 26 37.825
58 23 65.404
32 19 59.789
19 1 69.829
58 18 56.017
58 42 30.189
13 15 49.727
60 49 93.404
58 25 66.741
23 0 81.342
50 63 83.181
18 68 77.347
0 9 89.838
60 10 47.702
73 28 93.761
25 21 71.856
42 93 55.367
19 72 58.227
55 56 16.998
68 70 64.218
31 34 3.891
85 67 60.656
31 35 74.739
68 39 63.921
13 54 32.841
72 53 58.174
60 91 35.542
31 66 74.213
42 65 42.286
0 83 54.230
75 82 60.613
75 52 58.428
50 37 61.851
32 40 86.130
93 64 27.808
32 11 25.779
67 76 60.186
52 90 8.121
37 84 56.128
41 81 53.943
25 45 26.705
15 74 45.757
82 62 44.105
66 29 96.453
45 51 60.728
82 77 89.620
10 71 62.918
70 61 98.065
71 88 63.009
1 92 32.933
50 38 29.930
68 43 77.099
39 22 99.458
74 48 91.652
93 20 38.239
26 57 96.260
68 17 39.393
32 14 10.056
85 16 60.068
0 30 53.026
84 3 47.900
22 8 60.076
28 2 6.982
76 46 25.381
77 86 40.689
9 89 98.061
78 44 59.510
7 59 88.390
68 5 1.540
56 12 80.694
68 87 83.933
37 27 43.348
8 24 67.005
31 33 53.497
82 4 40.261
41 80 92.621
86 19 4.270
37 14 44.431
70 89 11.561
80 88 58.643
20 28 30.010
14 18 46.585
48 47 29.719
78 73 20.113
55 43 8.136
87 44 62.896
73 0 97.896
42 17 42.362
54 81 27.698
75 25 97.949
87 72 78.847
2 6 14.586
88 84 28.136
71 8 98.977
63 69 55.433
52 15 43.168
41 47 2.341
43 10 42.464
11 60 80.387
3 21 82.428
41 19 57.191
43 80 26.634
30 84 23.662
88 13 25.788
72 83 8.419
73 22 88.696
52 53 10.275
61 85 45.533
25 22 83.254
72 21 98.323
12 54 30.653
85 38 49.670
5 12 37.140
62 0 64.027
59 62 42.877
12 8 68.696
93 10 93.120
11 41 92.922
59 56 93.677
57 29 19.265
82 78 4.263
25 81 21.144
84 5 33.194
24 46 66.042
35 62 10.253
60 78 87.822
75 43 44.419
42 82 17.946
18 91 10.396
11 46 6.085
91 49 27.869
82 5 58.697
17 77 89.103
44 81 78.375
66 5 88.806
56 43 86.730
86 8 74.187
75 44 34.442
54 88 19.761
23 78 81.204
72 33 43.484
5 39 73.504
40 31 75.615
74 8 21.579
28 79 66.978
46 15 43.957
66 52 74.639
31 29 36.834
15 47 9.944
43 8 64.823
65 18 89.235
43 89 34.033
40 33 67.569
34 36 49.158
76 39 42.883
47 75 56.525
16 70 95.989
71 45 43.568
15 20 95.886
52 35 97.611
56 84 31.338
57 58 31.656
42 83 23.508
17 91 70.934
10 32 10.890
6 10 2.162
92 65 26.106
70 38 76.612
33 16 34.967
30 58 51.132
89 15 8.549
35 81 2.998
85 48 48.009
78 39 98.701
57 22 10.501
80 37 53.886
45 76 45.012
90 15 14.641
13 27 20.165
3 40 9.205
11 66 46.692
55 34 4.246
23 92 46.574
72 35 40.621
37 74 23.907
59 60 75.466
79 82 2.080
27 46 84.773
56 62 55.440
37 79 96.114
31 6 56.456
76 7 42.430
89 53 65.583
87 80 37.937
39 25 32.732
22 16 34.317
15 81 10.500
71 23 88.906
63 73 84.360
37 32 82.620
2 26 79.132
32 13 61.897
90 43 35.182
1 50 16.534
13 44 78.098
80 1 27.110
43 66 9.725
35 37 34.394
52 20 56.492
31 92 84.249
79 38 45.430
88 27 58.843
67 32 38.784
39 37 37.612
89 72 5.854
54 21 77.056
35 8 24.130
6 1 92.099
86 5 87.283
61 69 34.274
63 90 51.036
68 50 79.122
57 71 36.107
6 52 88.306
69 6 19.537
79 57 25.413
50 29 7.850
37 87 99.413
1 5 64.288
1 55 24.225
29 6 66.054
6 34 79.707
18 45 38.741
35 88 20.464
29 7 15.801
78 8 64.281
92 45 86.602
82 28 7.101
53 90 6.482
21 58 19.848
78 61 85.320
44 89 94.623
0 46 85.615
24 93 62.741
44 22 39.316
48 24 93.653
25 20 94.599
53 22 39.582
90 10 97.994
58 45 4.719
1 76 80.749
74 22 46.920
61 82 1.028
49 42 1.809
22 61 90.543
16 91 42.505
63 12 67.659
41 13 22.914
65 71 12.349
35 43 43.865
76 64 15.256
43 72 34.031
8 33 94.146
85 43 62.577
37 66 56.707
70 2 31.696
59 15 51.808
85 88 63.322
1 39 56.531
88 7 8.086
82 20 10.456
24 31 26.914
18 40 10.153
27 59 23.218
43 36 1.662
16 63 7.310
77 81 56.413
81 7 83.588
39 3 30.797
86 39 80.581
37 73 51.249
41 79 58.271
26 84 96.312
7 11 9.882
39 34 63.691
16 75 64.929
9 12 77.969
51 92 19.372
62 28 63.829
91 33 20.752
90 20 27.555
13 61 33.788
68 23 28.828
38 47 27.687
40 26 70.581
6 25 62.610
15 91 58.625
1 60 60.098
87 25 2.298
46 79 96.125
83 41 41.161
44 24 86.169
20 68 20.760
39 64 50.755
69 91 60.552
19 17 36.924
43 81 23.004
55 19 72.689
28 19 81.727
91 38 52.303
59 2 63.197
79 11 39.166
3 32 26.816
54 30 95.046
34 17 75.425
17 72 83.007
90 60 31.714
62 1 2.455
59 66 24.858
66 56 43.607
83 48 75.344
91 4 80.190
0 27 54.567
53 66 2.053
75 20 61.062
35 6 85.898
28 74 80.599
41 77 35.170
11 67 95.574
74 32 40.881
49 21 8.516
36 65 83.180
92 66 66.455
73 47 77.960
24 56 65.818
44 27 77.509
25 9 53.120
84 28 79.577
47 93 24.702
56 9 94.431
87 21 26.232
39 17 4.052
84 59 35.993
56 35 75.047
32 50 68.110
61 31 1.125
17 11 98.535
82 49 95.203
31 58 91.665
80 69 91.404
71 24 94.771
68 25 76.788
77 69 54.613
84 9 43.256
26 28 99.562
56 23 41.215
28 48 19.344
76 42 97.714
63 30 80.882
28 9 85.861
21 67 17.610
48 20 97.015
89 37 95.009
43 93 10.784
31 77 73.957
72 69 65.577
42 90 90.443
93 14 97.408
90 17 18.223
56 10 21.170
10 45 79.962
71 79 51.182
28 89 6.382
75 59 89.058
84 90 8.069
87 69 53.936
52 81 12.168
44 34 14.897
76 4 21.478
31 18 22.484
70 28 3.877
65 55 22.016
17 89 28.238
56 78 69.456
26 76 85.162
64 68 21.589
13 63 79.047
62 83 45.569
77 89 41.628
33 11 42.163
3 23 96.495
12 60 58.739
86 27 88.967
20 26 36.407
58 10 24.977
53 64 23.925
80 27 21.701
38 42 65.762
12 10 99.364
10 85 97.625
12 79 48.812
78 16 42.439
90 45 29.512
26 70 74.422
51 72 73.963
47 35 72.839
39 32 98.667
54 15 75.660
63 45 70.506
32 45 17.991
76 89 16.892
24 73 85.042
61 75 28.688
64 57 30.406
49 43 14.297
88 56 75.217
10 72 26.466
58 73 15.005
46 84 97.213
8 21 90.602
12 71 77.060
6 7 32.787
70 45 94.322
71 85 90.267
27 73 51.262
23 16 54.062
42 23 56.905
29 92 70.435
91 12 51.032
87 84 18.656
11 36 51.074
38 46 63.702
45 23 67.544
51 86 59.271
11 25 82.313
72 25 56.131
58 71 19.503
63 55 14.481
0 34 10.311
25 85 20.942
58 24 30.022
35 22 74.010
45 40 65.123
47 79 73.612
71 59 94.841
8 80 76.988
41 16 71.694
5 7 70.791
16 73 67.211
82 73 17.412
15 33 6.947
26 81 56.584
82 55 25.082
31 80 67.540
93 49 19.682
32 38 24.574
3 55 28.837
7 12 24.292
60 30 63.780
64 74 33.103
65 34 80.022
0 33 10.215
55 45 57.539
13 51 36.860
91 70 43.114
50 0 16.016
21 45 64.907
58 85 16.088
13 43 21.381
78 22 68.111
9 30 47.588
30 24 28.418
14 58 60.677
55 80 94.016
21 88 44.112
78 65 23.582
16 88 55.597
42 55 39.728
65 47 98.809
24 25 29.334
51 44 95.713
72 12 18.463
47 37 55.627
18 30 35.100
60 14 18.523
64 3 53.785
63 53 78.331
11 88 34.996
90 62 19.715
51 54 99.035
10 77 45.359
64 33 7.982
49 48 77.215
24 12 55.545
89 51 68.229
28 3 75.257
86 87 13.652
72 56 35.492
40 7 22.241
19 43 26.269
27 40 59.419
54 50 70.949
64 82 7.440
39 28 76.689
63 71 55.044
32 33 51.572
90 24 82.016
18 84 1.896
47 43 79.850
54 2 1.113
8 82 2.141
42 26 43.482
0 92 87.227
90 54 66.395
4 8 61.774
76 22 74.703
26 33 20.300
28 56 28.018
42 88 12.614
39 52 19.941
88 77 40.063
59 49 16.761
73 83 66.773
67 88 89.967
41 56 12.524
72 79 57.364
60 92 25.658
34 88 42.906
13 19 26.501
77 12 83.064
31 44 49.269
68 9 14.538
0 74 45.933
71 67 90.362
15 38 98.274
22 5 30.266
40 47 26.363
43 84 72.720
51 2 37.980
72 14 26.780
55 81 34.862
53 27 92.500
67 61 60.562
9 72 38.392
77 72 66.589
38 14 17.728
58 19 33.534
87 29 15.572
74 36 92.771
50 70 66.021
83 14 13.939
27 90 24.940
68 48 1.761
92 67 3.245
30 7 5.006
15 3 80.534
37 38 55.964
21 51 83.570
34 59 38.911
41 87 64.440
32 66 58.300
93 59 59.563
75 62 42.678
64 79 71.695
59 55 55.095
16 4 24.386
93 39 96.121
68 81 94.150
83 91 50.223
12 65 9.712
17 62 31.018
58 92 29.175
12 28 83.243
26 51 33.452
11 27 38.538
92 73 24.198
4 46 15.147
65 62 4.719
35 93 12.626
19 2 77.827
78 31 87.783
39 57 95.386
15 67 43.714
34 22 18.826
76 15 75.099
87 78 98.038
90 56 30.771
87 58 9.120
70 84 43.193
2 87 24.456
48 77 73.842
15 69 6.594
53 57 62.294
70 22 80.297
8 52 89.062
41 4 97.310
7 67 48.097
13 10 26.167
25 33 31.375
48 38 86.204
50 19 41.434
16 13 84.179
62 23 54.016
7 13 48.938
39 89 36.395
25 40 91.711
55 89 94.861
77 25 62.733
36 3 29.687
78 58 30.518
78 88 98.785
89 21 98.376
9 71 77.471
16 92 24.560
66 46 21.950
16 29 4.281
21 65 21.894
8 16 19.233
44 68 72.607
80 77 78.759
31 30 52.151
83 30 36.345
85 13 2.354
89 32 63.912
52 74 11.022
10 57 78.315
62 54 44.320
80 42 57.423
27 21 59.118
63 39 72.474
37 57 36.705
48 23 80.573
81 56 55.766
51 15 86.118
48 51 21.466
40 86 94.818
52 4 5.261
45 24 64.196
64 29 10.369
0 20 1.454
34 47 14.188
91 74 63.247
64 2 67.850
21 30 69.689
48 35 49.798
14 5 17.660
40 2 99.698
48 25 70.831
67 58 24.424
46 32 23.529
23 82 82.027
12 15 56.346
26 50 76.130
43 24 30.961
65 19 36.383
83 26 70.942
79 75 19.789
85 90 50.555
10 82 81.024
80 71 87.260
67 39 24.050
30 41 24.960
81 29 63.250
59 90 51.257
78 43 87.553
31 53 15.639
50 30 15.772
15 36 5.472
62 71 96.692
73 90 80.028
7 1 77.849
24 3 20.088
55 75 99.214
30 70 2.735
32 30 58.977
65 32 1.422
67 46 19.053
8 59 3.130
67 64 21.199
31 12 42.842
22 65 91.981
8 9 43.593
22 26 74.068
15 64 55.122
70 36 72.885
31 65 45.442
0 69 39.212
67 43 35.999
23 37 22.184
34 4 82.460
87 59 40.509
14 85 30.949
42 39 22.168
38 22 35.843
93 52 32.986
57 70 72.493
83 36 81.282
28 68 73.202
82 19 32.664
19 56 13.492
44 79 91.922
3 66 84.719
53 15 11.719
21 47 15.150
78 19 47.969
7 21 37.288
5 28 24.727
81 1 25.797
13 47 75.540
36 20 88.588
32 17 30.913
2 47 48.396
25 70 52.540
81 60 58.114
60 52 87.686
72 8 29.695
63 66 51.107
48 67 36.030
48 34 25.483
14 48 29.526
22 72 35.719
57 1 11.488
48 17 91.268
26 91 8.093
36 49 25.865
52 3 3.440
63 0 36.553
56 85 32.019
46 28 83.908
91 11 92.545
6 45 72.039
52 24 25.319
11 6 82.549
62 79 90.592
13 90 93.604
2 48 96.574
54 60 93.933
75 88 57.958
55 14 31.339
16 10 48.560
93 22 7.129
57 25 36.916
64 43 65.466
20 33 98.173
6 66 54.239
84 86 58.899
84 8 75.506
89 40 48.614
76 86 42.735
17 67 35.795
38 44 93.041
1 20 3.120
25 74 42.856
78 4 55.156
72 42 73.661
44 58 94.599
66 21 67.575
42 71 89.052
30 39 91.544
26 75 18.440
71 77 66.954
46 60 36.812
21 26 35.802
3 65 95.759
58 50 99.422
64 77 62.488
51 63 75.078
92 8 78.169
53 85 48.514
13 59 71.916
60 16 27.414
25 13 72.407
39 35 61.053
36 84 31.675
0 75 45.791
5 17 63.907
79 70 56.019
62 2 58.428
29 83 26.966
69 46 71.994
73 4 77.067
76 37 30.225
39 77 57.836
20 76 45.119
8 40 52.374
57 66 82.278
93 15 67.638
44 53 58.645
14 57 65.656
52 25 75.392
2 74 25.674
34 13 22.029
13 38 43.830
18 49 10.283
30 25 97.172
14 19 62.209
45 47 71.083
93 33 44.540
9 35 42.494
89 8 69.378
1 16 98.585
17 36 67.271
42 51 27.431
19 68 73.968
43 18 42.513
24 35 75.093
54 47 38.676
9 90 7.708
69 47 55.718
56 25 78.546
78 59 18.466
11 51 9.836
81 37 23.091
76 59 45.932
41 23 8.240
39 16 32.784
7 25 43.116
34 63 24.040
48 30 9.263
30 73 66.186
81 59 20.748
53 1 63.950
21 69 38.222
70 82 18.220
34 10 4.516
52 65 43.305
90 29 65.006
23 14 44.626
90 0 36.921
49 17 18.167
84 71 94.194
42 16 22.799
36 86 30.824
53 8 86.886
72 92 24.491
12 78 96.143
1 91 56.897
41 39 81.450
26 11 48.317
62 52 93.701
55 83 67.556
3 54 66.562
42 30 64.440
68 91 54.554
1 23 6.812
93 37 16.775
87 91 51.767
27 6 24.256
41 33 47.578
19 35 75.588
72 4 39.057
19 59 56.306
70 1 86.447
54 5 62.424
68 53 17.493
38 74 76.830
22 48 54.620
9 70 2.789
13 20 41.266
58 52 32.283
41 82 1.114
54 42 50.895
74 93 11.801
33 92 46.737
89 93 65.415
17 84 95.958
90 88 75.277
5 27 40.896
54 25 7.382
37 75 7.805
49 53 92.893
65 26 90.875
9 2 3.716
88 37 15.794
44 10 82.735
78 66 88.539
83 13 63.548
85 45 32.837
48 89 91.402
35 91 54.032
69 57 32.434
9 93 86.910
43 30 89.872
51 38 79.782
80 29 95.951
48 1 15.006
37 62 82.024
7 61 40.519
34 49 34.126
68 6 85.874
84 57 65.591
3 59 58.606
27 4 16.321
43 32 19.665
28 80 24.871
51 67 59.524
49 85 14.964
24 9 63.648
83 75 13.994
2 11 91.647
63 44 26.402
23 55 17.331
16 30 96.402
80 62 17.568
8 60 82.712
43 71 90.196
83 44 51.144
15 26 89.869
80 93 8.121
27 36 7.975
66 64 67.242
18 61 83.540
64 45 15.831
29 38 83.710
39 80 94.972
43 2 53.199
76 68 24.392
74 85 19.595
21 4 27.017
45 49 9.517
23 67 59.194
27 22 4.080
8 32 30.751
25 18 51.673
63 36 10.719
1 65 88.955
44 74 29.841
79 15 48.357
37 85 99.042
85 35 77.843
6 36 76.615
18 86 58.276
72 20 57.255
39 87 80.935
84 27 90.293
69 85 72.722
10 14 90.578
76 70 3.485
29 23 47.382
56 6 61.621
92 38 44.635
50 43 2.383
39 91 80.469
41 63 11.053
66 14 44.045
38 11 31.751
81 4 54.215
60 23 13.444
4 31 77.634
37 71 50.497
36 82 98.460
13 76 55.012
81 64 57.660
37 41 51.996
73 18 53.419
69 81 89.606
5 6 50.814
73 55 19.317
43 77 54.174
85 24 3.366
74 20 60.027
92 28 17.826
15 62 65.781
39 71 2.684
66 74 14.470
19 42 67.837
49 12 36.233
26 1 25.224
1 13 37.940
69 79 8.983
59 50 74.252
52 33 8.972
18 72 64.326
21 33 66.692
15 61 1.706
6 46 51.520
25 83 55.480
3 91 3.588
42 73 49.159
62 22 55.295
4 62 6.932
47 56 86.516
57 47 63.047
10 0 55.120
8 29 47.821
53 13 19.580
48 78 8.389
56 69 44.079
93 57 52.725
71 1 89.554
53 92 65.794
14 22 56.563
44 64 46.651
35 29 53.565
42 86 14.721
30 27 84.457
21 52 84.697
67 87 70.829
30 62 60.235
51 77 8.002
0 45 39.450
48 21 3.469
22 88 53.317
91 88 11.210
32 70 14.858
1 66 77.917
51 33 87.984
53 24 98.703
30 92 33.412
56 18 6.397
11 65 10.365
14 6 71.220
79 87 46.317
65 45 59.959
47 92 39.184
56 29 95.577
44 82 88.444
58 43 53.986
0 17 7.715
83 92 19.721
89 75 34.661
25 17 42.683
77 55 36.233
39 85 21.248
66 72 69.958
40 17 70.088
53 67 83.202
76 58 36.761
25 34 85.311
29 93 82.834
80 34 68.271
6 90 82.888
32 42 24.955
21 56 18.822
13 9 49.107
93 21 96.964
55 76 63.581
36 73 5.272
41 24 36.764
31 46 6.775
82 16 30.741
79 49 81.360
35 53 53.771
93 40 25.207
35 46 17.273
78 76 47.031
30 14 57.322
2 1 54.336
58 72 61.200
73 41 48.093
74 86 72.626
46 68 6.422
7 87 51.535
3 1 7.644
92 88 23.719
31 16 59.759
1 78 79.895
58 32 17.537
67 36 63.402
54 7 40.312
89 49 19.835
71 91 4.780
7 2 12.784
23 21 47.461
35 5 48.540
75 6 46.179
43 26 61.311
55 92 6.603
82 85 59.172
40 64 49.061
81 73 51.925
23 79 59.998
61 72 35.065
3 85 10.272
45 72 21.380
73 11 47.950
9 85 82.047
45 4 93.805
73 62 4.455
26 9 54.553
41 14 57.122
24 92 17.983
46 37 12.913
75 34 6.243
18 51 16.411
25 8 63.796
62 20 77.426
61 81 38.050
26 53 66.663
12 64 28.022
54 56 27.782
58 37 85.910
55 71 67.193
55 87 9.397
93 55 12.048
59 0 76.699
82 3 43.568
36 79 9.028
30 46 31.419
75 77 48.935
48 46 27.944
31 21 50.182
62 24 32.821
92 91 5.894
16 58 72.947
24 23 78.259
92 59 49.006
28 71 27.467
77 90 81.741
87 90 41.747
29 28 18.240
82 48 57.289
82 50 4.890
91 62 28.452
29 44 32.196
9 75 92.382
7 16 87.816
4 32 28.106
10 78 32.712
36 85 49.285
64 0 56.795
44 86 33.557
0 47 20.020
47 53 31.544
69 9 49.630
1 68 73.462
2 78 41.095
19 77 68.408
69 43 26.382
51 50 2.078
39 20 4.212
70 62 31.194
32 7 15.125
6 59 92.415
50 45 51.172
63 85 79.700
72 16 62.689
34 67 52.725
63 64 44.934
82 39 22.534
77 7 23.832
51 47 97.096
3 37 30.455
33 36 18.306
21 40 28.766
68 62 18.925
76 61 34.605
10 9 8.061
50 6 91.064
1 90 33.384
82 90 99.936
84 22 27.134
0 71 63.433
68 4 69.322
23 87 96.533
51 25 60.760
36 56 66.803
87 74 87.688
81 23 64.086
93 77 18.720
74 35 66.118
93 6 76.717
39 38 16.770
88 69 35.168
80 49 41.752
30 1 84.293
32 85 79.651
16 46 95.756
54 70 84.112
42 81 57.019
17 51 66.661
9 36 58.128
0 68 63.745
12 52 96.471
80 14 64.232
34 76 26.788
41 40 79.964
47 36 16.654
55 9 7.213
64 50 59.809
12 3 53.388
16 35 22.548
41 66 5.991
27 70 99.182
28 72 21.443
82 89 11.885
60 88 67.623
77 74 37.332
41 45 44.888
69 22 88.734
8 30 8.212
12 75 10.037
73 43 47.854
26 44 42.828
11 72 18.567
44 4 57.395
62 18 74.109
4 42 71.021
70 81 47.889
67 18 37.911
32 61 22.243
28 43 58.909
80 3 11.915
92 82 40.998
80 66 47.208
70 69 25.645
61 14 64.165
30 20 79.931
48 50 10.170
87 36 40.209
59 20 60.204
61 6 99.698
90 86 22.520
75 5 68.492
34 79 88.322
78 52 41.299
16 15 46.394
9 81 38.365
44 62 85.945
7 62 73.180
83 78 24.342
8 39 32.770
49 66 5.245
63 25 41.513
66 17 75.339
68 22 38.340
49 46 26.127
61 17 8.664
85 62 27.185
25 28 39.895
23 53 39.386
35 10 78.544
45 35 54.715
83 47 60.614
3 46 90.196
38 86 47.279
93 63 77.084
70 39 33.210
33 28 34.307
72 84 60.525
12 83 20.770
63 28 33.643
48 44 43.073
26 64 7.366
38 52 63.837
86 41 37.199
45 38 56.037
70 13 78.918
12 41 26.509
48 57 97.915
83 46 30.832
61 41 15.606
17 1 76.342
20 73 7.635
27 41 96.271
5 67 33.205
71 47 66.431
83 38 18.858
71 82 23.999
55 33 39.796
85 6 90.397
64 9 8.781
14 70 41.235
36 60 62.415
9 86 34.088
8 3 76.620
53 60 15.831
86 1 76.570
16 37 24.159
13 67 11.437
91 45 58.640
61 46 59.602
45 84 24.484
92 46 57.320
61 87 61.229
91 27 95.757
86 31 76.695
52 91 21.778
91 89 69.301
51 70 68.544
32 92 23.755
47 85 58.351
93 16 80.602
54 68 96.991
32 1 29.792
57 51 60.384
9 92 93.266
6 43 4.285
5 92 37.736
52 76 22.813
71 4 74.402
10 39 33.087
31 85 80.057
71 27 18.179
1 12 95.976
74 19 15.309
27 18 98.073
51 59 60.727
90 55 72.510
48 36 15.250
10 50 5.008
39 92 37.260
36 42 11.348
45 37 19.367
87 50 82.688
77 38 86.947
82 59 29.936
72 49 83.496
74 55 25.454
11 10 65.148
16 80 33.984
14 59 13.107
18 15 98.150
34 15 56.285
66 24 63.802
23 30 57.932
23 74 75.492
24 81 11.650
37 15 40.248
87 62 95.770
0 38 91.377
92 43 67.330
55 30 78.947
75 39 95.054
53 2 30.741
48 90 63.843
33 46 38.802
7 65 12.268
2 65 4.723
66 71 70.437
3 93 9.592
60 3 5.809
37 6 11.262
48 87 71.767
44 47 53.318
82 1 2.698
60 17 66.183
52 57 79.788
6 22 19.933
25 66 30.836
65 64 14.910
92 74 79.989
70 11 44.104
48 11 57.160
19 73 24.730
6 26 75.802
7 42 5.013
29 63 90.733
77 66 78.791
1 64 55.103
49 22 81.525
20 65 70.984
86 25 47.451
45 12 66.918
76 74 25.505
31 36 73.017
69 29 6.256
68 13 33.977
44 72 61.030
26 4 31.154
41 53 4.091
62 14 73.422
21 10 68.933
79 3 45.382
40 55 64.982
86 23 32.695
15 83 37.534
51 85 6.142
83 81 35.883
41 1 21.965
24 75 31.574
48 18 32.811
88 3 86.046
17 82 55.074
29 12 7.700
6 8 98.238
11 62 72.198
21 73 96.537
28 93 91.656
26 45 9.843
87 30 18.089
23 26 31.312
70 47 63.423
57 2 13.579
3 6 57.755
66 55 23.463
83 54 94.123
21 50 25.776
7 82 89.485
44 5 77.978
61 64 57.804
13 86 26.682
58 9 81.002
80 85 21.547
67 0 72.814
74 63 74.941
11 77 80.617
5 32 52.747
22 32 41.486
91 93 24.599
61 83 12.350
5 71 87.622
7 0 88.471
73 12 26.019
6 63 46.977
26 41 36.214
1 61 25.357
15 44 22.054
81 66 42.823
47 72 46.291
46 47 94.321
34 83 45.379
82 38 98.106
3 35 24.920
73 89 50.379
48 72 18.358
54 49 1.645
29 46 63.746
27 26 6.376
36 12 72.098
69 84 32.508
88 48 77.329
86 69 2.605
85 59 34.848
49 8 76.293
49 29 79.872
3 26 4.057
5 9 20.204
50 20 76.454
28 77 38.708
50 72 91.353
54 16 94.981
82 13 47.670
51 55 36.837
20 19 4.563
10 19 58.171
49 76 8.554
17 6 41.471
75 30 13.440
79 35 33.324
23 80 84.943
59 41 71.963
3 38 41.576
26 38 94.649
53 17 14.388
72 24 61.221
64 8 29.141
16 59 80.971
8 63 68.164
67 27 74.630
45 59 24.846
20 58 56.079
32 26 40.458
91 47 11.728
18 17 48.665
66 91 32.269
19 44 65.735
65 70 87.430
62 67 34.156
69 48 33.344
40 37 72.402
10 55 26.394
60 57 87.644
25 60 23.715
39 31 94.622
87 15 10.161
0 19 85.058
86 60 98.992
60 63 99.205
34 54 99.020
62 34 96.613
13 48 13.125
23 54 54.562
81 31 28.058
6 48 91.073
51 53 63.904
13 30 14.107
41 72 69.664
90 64 88.195
15 72 26.624
56 57 18.899
66 54 65.995
36 35 37.071
68 67 78.495
63 1 22.162
69 53 51.019
56 33 79.645
11 43 64.426
51 76 49.148
5 47 12.556
26 72 80.669
79 48 57.558
40 53 38.695
53 48 60.252
61 55 21.239
4 70 88.848
76 41 35.432
32 64 11.359
84 41 10.319
85 15 52.113
58 80 45.441
91 44 98.638
43 27 88.099
58 2 28.182
14 20 35.434
29 22 19.111
91 6 46.024
34 21 21.679
53 75 95.604
54 0 84.095
6 23 19.206
70 49 73.723
43 14 71.026
56 39 76.623
69 64 51.476
24 42 89.949
24 34 5.367
25 47 64.780
51 6 86.221
51 60 88.501
21 55 4.772
40 69 33.371
92 86 38.515
10 91 96.012
9 78 30.439
42 6 78.240
2 33 27.569
38 61 41.492
35 27 57.518
90 34 20.175
17 27 46.976
25 19 84.125
15 65 81.053
29 77 32.703
89 74 75.445
52 36 12.519
47 10 82.973
72 5 89.658
17 45 2.231
75 2 41.881
13 12 9.859
92 35 20.577
27 1 72.577
50 84 38.318
63 10 29.704
33 67 54.903
3 16 71.263
67 81 77.126
89 2 7.477
27 20 71.586
91 90 78.052
72 64 8.388
24 74 37.872
2 30 32.767
71 53 89.158
58 60 40.091
23 59 72.690
13 18 30.888
40 35 38.879
35 11 67.754
65 8 46.017
47 62 61.357
59 43 60.355
52 54 18.140
87 9 51.270
73 46 68.353
46 34 75.384
47 76 28.919
88 50 83.400
79 67 94.897
38 10 70.422
83 33 5.201
56 60 11.736
43 33 84.043
16 76 53.480
67 24 65.284
28 47 15.657
80 53 85.214
43 60 33.683
46 12 99.686
9 60 83.846
12 44 89.827
38 6 21.228
0 93 27.327
61 89 73.880
29 17 53.476
77 14 20.713
84 0 30.649
75 38 92.461
34 51 4.161
22 91 28.517
2 38 75.941
60 73 11.237
27 58 82.937
49 23 22.205
62 8 68.447
68 35 3.190
47 80 40.309
28 18 84.815
57 28 29.576
75 18 50.596
0 29 42.063
16 53 62.720
43 76 84.215
26 31 17.787
62 46 64.618
43 52 81.574
20 61 12.719
38 18 44.835
22 10 67.130
62 3 19.673
81 53 53.940
89 13 40.879
91 25 45.069
9 57 87.265
25 44 47.692
13 78 1.935
6 47 53.280
40 10 3.009
65 5 49.293
4 51 73.281
76 33 38.932
58 35 30.945
86 91 9.129
14 40 27.063
30 69 86.787
44 33 70.165
8 93 7.431
86 22 16.633
76 5 46.710
32 27 52.721
12 27 67.096
5 62 11.660
9 7 30.994
61 80 24.497
11 78 99.451
21 1 86.518
61 65 81.972
25 27 66.167
26 90 82.325
66 4 15.076
87 0 26.984
44 6 98.643
0 51 67.984
50 3 19.032
54 43 33.932
52 18 58.186
19 29 16.915
62 27 13.638
40 48 16.289
90 44 92.883
64 54 11.893
54 33 91.685
50 12 91.584
24 20 78.958
35 4 76.744
38 49 90.342
9 20 58.519
67 63 73.939
48 91 86.711
59 36 22.700
38 7 17.195
77 16 77.995
90 40 16.622
86 15 23.714
23 12 16.940
60 6 66.663
69 52 35.217
9 82 55.855
31 0 9.898
11 64 73.024
50 35 13.818
89 71 34.242
50 77 93.817
78 25 28.249
59 30 57.432
31 63 15.032
40 80 20.257
5 85 93.619
63 14 76.507
25 38 23.904
6 80 74.122
76 71 3.092
61 12 56.553
33 10 61.822
66 33 91.000
27 34 32.884
32 52 33.269
21 37 78.811
63 88 63.924
22 7 49.672
57 16 86.232
74 62 45.884
56 31 97.929
20 89 3.964
35 77 9.805
85 19 4.555
17 85 78.416
75 67 48.201
91 82 97.150
18 8 25.952
53 7 36.870
37 30 96.752
25 16 90.980
34 60 15.100
51 14 65.321
17 63 41.012
4 33 91.083
32 0 34.341
75 91 55.811
34 81 91.961
68 38 49.852
12 88 23.415
20 71 54.598
74 1 61.095
86 78 96.151
27 89 11.615
45 77 10.388
25 65 29.419
12 58 27.126
28 59 30.194
86 67 32.345
65 43 52.363
34 92 23.424
83 79 33.753
10 4 98.519
14 3 38.388
74 83 23.032
14 52 76.031
64 48 80.871
86 56 90.048
23 61 6.345
54 82 88.720
36 25 25.043
90 11 23.746
22 28 4.812
87 81 54.840
23 52 33.609
46 13 11.452
10 7 33.975
85 78 20.324
89 16 46.188
22 83 39.247
88 52 25.314
50 39 7.102
92 64 27.634
90 68 75.335
28 45 86.732
69 4 56.098
60 32 73.600
54 86 27.032
89 1 88.399
17 15 13.957
87 82 10.708
75 8 35.443
79 8 9.565
25 59 33.660
52 5 93.000
42 61 75.023
50 80 13.482
9 3 38.982
12 47 43.058
82 27 41.351
49 4 9.513
64 22 63.237
21 15 66.471
65 84 81.256
57 38 35.271
75 74 71.409
9 91 54.135
82 22 35.651
24 82 15.548
30 12 72.806
40 5 45.191
62 66 51.664
14 65 39.724
3 10 40.356
54 22 85.036
18 7 65.173
75 17 15.667
74 82 13.670
35 30 25.321
28 64 38.120
67 28 68.000
9 52 21.069
21 80 94.661
6 89 21.912
63 24 47.440
83 5 47.933
47 67 1.812
6 53 80.227
18 85 77.843
89 45 78.854
52 19 59.591
5 25 19.200
27 52 98.566
91 50 7.387
53 11 24.493
52 10 96.967
85 26 78.021
16 18 74.241
2 22 81.057
3 72 6.343
40 77 4.043
58 22 59.313
32 79 78.104
24 49 91.509
20 37 8.912
20 57 93.826
51 91 49.684
68 41 90.695
34 38 73.110
6 41 90.278
44 46 8.297
62 29 80.606
62 13 67.458
19 11 1.781
71 32 23.366
30 22 21.661
69 25 84.109
41 74 41.644
67 14 38.969
30 88 99.011
59 4 69.730
10 49 47.777
9 42 90.519
90 72 5.091
57 89 64.636
18 22 37.163
77 36 7.382
89 56 15.048
47 16 98.308
40 79 79.872
43 34 59.243
6 33 79.352
50 86 76.134
3 29 68.681
28 76 13.806
19 88 87.873
54 58 11.151
31 67 63.114
25 55 68.498
48 27 49.398
69 33 35.623
36 58 89.711
5 53 58.816
40 23 74.035
23 38 29.490
93 83 68.821
5 57 14.992
14 24 12.289
0 44 5.026
21 17 10.691
63 92 30.008
52 26 22.690
12 33 5.184
81 58 93.433
55 35 96.058
5 74 75.145
75 76 22.974
66 75 96.688
21 22 75.230
39 46 21.629
22 46 95.535
87 13 53.615
45 30 30.017
15 22 79.429
88 70 67.399
65 60 49.128
74 46 36.794
70 56 25.516
35 51 4.835
40 36 42.181
80 32 49.315
28 44 13.384
8 17 29.647
15 7 93.246
73 85 52.382
51 12 53.289
29 32 22.685
24 39 2.641
27 68 84.409
91 2 64.125
69 26 98.295
20 31 8.399
75 57 94.996
65 35 5.932
59 74 68.603
88 62 17.889
6 20 86.431
14 31 15.308
9 6 65.181
50 49 4.446
49 35 41.698
66 83 93.028
26 18 54.940
45 11 82.531
42 53 48.595
26 60 39.546
44 43 45.501
4 30 20.855
91 46 40.166
79 6 91.361
86 29 34.197
40 11 25.637
42 21 78.489
51 9 23.946
80 78 74.909
79 85 24.648
53 21 85.853
90 49 52.615
20 45 4.004
37 70 72.502
50 83 80.824
64 87 96.522
37 65 4.818
61 56 15.580
91 64 22.903
21 82 76.630
80 44 1.148
87 76 92.435
27 51 74.824
89 88 54.736
72 60 81.963
90 76 67.834
54 74 42.712
38 84 22.140
25 4 72.090
19 39 87.042
63 21 25.606
72 32 28.251
88 51 1.625
33 19 43.365
79 63 15.511
68 10 6.008
71 7 2.342
92 37 88.371
19 37 10.875
66 51 76.939
89 80 89.219
66 27 53.126
17 69 52.640
48 58 99.752
23 91 79.789
24 15 73.776
63 68 89.875
7 70 38.852
9 47 21.462
49 7 86.152
84 61 59.341
58 51 71.070
82 65 53.997
74 60 56.263
25 80 20.586
68 60 74.358
85 57 90.855
0 21 2.341
46 93 77.866
61 47 34.605
11 16 41.502
63 54 36.526
30 44 28.870
13 55 95.662
50 17 60.341
76 0 63.043
64 52 15.148
93 56 43.898
1 34 89.808
24 4 63.000
30 36 51.033
45 33 69.032
28 69 83.680
18 54 77.949
74 34 13.916
8 19 99.636
8 10 24.534
33 37 13.659
76 72 72.543
81 0 86.141
31 2 83.111
62 39 71.647
39 53 42.426
27 47 92.095
74 61 47.547
32 86 27.449
80 22 79.086
22 0 81.006
76 40 95.599
82 40 14.235
36 32 77.904
9 39 70.257
18 64 42.552
56 26 30.276
72 54 87.547
16 32 68.593
74 90 89.861
33 59 12.876
0 77 29.593
54 92 97.036
15 35 86.741
31 64 49.812
86 53 58.347
60 29 65.223
4 29 67.402
23 5 43.317
43 74 21.330
71 60 51.455
6 77 17.520
17 37 59.006
82 43 25.570
58 33 32.970
59 47 18.848
74 50 26.736
30 28 97.555
79 68 35.767
17 9 90.404
72 74 74.550
30 85 16.086
35 70 39.124
54 46 35.891
81 21 65.774
16 66 81.992
25 26 48.707
18 82 79.165
77 49 33.358
40 67 43.538
28 87 27.263
29 70 48.020
64 47 45.460
47 81 43.519
33 79 13.275
87 49 25.591
80 86 77.697
2 46 86.601
29 72 90.130
52 2 31.406
34 57 16.982
23 18 71.879
76 54 66.724
13 66 8.604
34 85 73.385
3 48 65.505
89 41 3.079
4 79 27.750
93 17 84.452
45 68 67.009
58 77 28.948
53 4 61.694
10 46 59.114
67 1 13.686
0 4 64.868
37 49 40.548
56 34 57.367
92 89 13.865
38 90 45.681
54 35 32.383
5 8 33.749
57 24 83.569
65 27 21.756
5 26 50.628
71 36 30.274
89 86 28.427
13 42 57.012
44 20 94.550
59 42 23.170
54 78 71.278
83 85 74.271
76 84 1.609
61 2 65.902
86 45 98.274
85 92 55.589
53 19 17.734
55 7 45.634
82 76 49.034
15 70 34.854
57 54 52.017
3 33 68.034
93 90 36.605
83 20 89.575
70 0 16.838
67 73 4.470
13 50 26.262
72 65 87.670
0 89 88.040
86 7 99.652
27 28 89.984
90 4 39.662
53 65 78.552
45 87 40.691
11 8 89.047
55 84 95.105
12 22 20.289
69 45 82.372
3 90 83.920
14 76 49.807
68 85 40.397
64 80 37.819
67 93 7.942
56 45 62.419
40 22 45.008
84 7 96.219
55 11 65.498
18 53 33.140
28 90 93.160
81 8 2.476
20 10 97.536
86 43 56.059
62 58 87.408
49 81 48.463
53 0 12.267
71 86 72.656
10 17 3.575
76 62 55.471
0 49 81.032
68 32 40.356
18 36 12.989
88 57 41.558
32 87 52.573
65 58 48.064
66 73 55.451
47 78 26.235
68 57 26.580
85 27 95.012
51 80 3.877
47 14 37.770
19 23 91.761
3 81 91.142
13 92 71.456
80 54 89.056
33 42 76.049
67 65 71.375
70 23 81.789
76 19 71.323
6 4 28.304
51 16 71.495
60 19 4.535
19 9 84.311
87 42 77.602
0 86 28.667
73 77 62.433
80 74 10.667
21 71 67.768
45 16 35.287
60 79 62.392
16 90 13.590
76 11 93.434
73 71 82.352
38 55 62.743
72 86 24.998
4 2 82.915
74 14 21.752
4 12 27.711
9 4 96.065
86 73 40.057
39 40 12.158
54 84 15.976
10 88 19.784
61 92 51.333
25 50 66.347
3 31 31.460
5 16 55.196
43 23 45.488
84 78 82.149
49 27 55.121
58 70 89.856
36 8 81.763
79 55 97.365
72 23 61.379
28 42 94.707
56 80 49.395
86 59 47.777
80 11 14.101
54 1 22.668
50 69 20.667
86 55 78.165
35 63 75.177
72 70 68.752
77 63 64.185
86 66 59.150
39 48 58.902
12 66 19.920
20 11 7.487
78 53 95.702
36 23 77.261
10 65 35.387
52 68 97.579
11 75 91.206
79 16 63.101
59 63 45.830
59 24 37.793
64 25 12.082
87 88 96.117
50 47 94.963
57 72 76.349
29 79 78.661
17 70 4.233
58 5 9.551
80 0 65.052
87 43 60.685
67 66 43.429
63 80 80.130
26 49 86.413
5 46 53.573
8 20 42.237
65 77 64.115
77 37 7.165
73 70 34.001
55 39 78.866
2 18 96.248
90 37 95.106
34 12 1.224
71 75 96.871
73 3 76.530
53 14 11.820
15 0 75.276
86 81 25.346
10 84 16.916
9 53 71.417
37 72 74.597
84 81 68.579
36 24 74.250
78 15 21.928
14 35 67.901
9 49 82.220
78 20 40.378
50 57 46.358
28 8 31.408
40 44 54.957
84 67 33.248
56 16 69.456
69 7 24.014
22 59 72.175
70 33 41.891
78 40 65.429
75 56 12.585
13 91 89.221
35 32 98.590
91 8 20.264
66 0 10.393
28 13 86.539
2 50 8.519
0 26 17.088
42 2 4.684
72 36 81.421
67 9 54.523
8 46 74.423
35 78 96.066
39 27 18.063
88 28 28.545
12 53 75.777
49 64 43.987
6 83 71.040
68 47 42.672
18 90 78.998
13 26 85.964
87 93 28.558
53 54 71.544
65 51 71.149
78 69 90.347
79 27 59.767
32 23 67.904
38 69 70.656
93 88 89.848
82 35 3.524
65 6 94.755
2 63 18.006
45 31 75.640
72 63 35.369
76 93 82.448
15 56 39.850
14 81 83.316
14 91 30.106
0 14 22.196
59 69 71.833
7 28 80.294
92 36 67.005
84 53 53.745
89 34 79.018
39 7 68.585
81 65 50.552
72 93 9.656
70 75 27.462
81 10 44.552
92 78 88.511
10 36 46.544
56 30 65.212
62 86 65.887
13 49 72.079
51 28 14.821
61 59 71.890
12 80 24.142
45 2 2.710
62 42 66.020
79 21 69.828
45 73 64.072
5 4 22.450
92 22 20.219
47 33 20.929
49 14 7.487
78 5 27.621
56 58 33.783
39 26 1.351
33 17 42.237
17 74 86.106
25 71 11.743
65 4 60.769
44 9 87.813
4 58 59.466
6 70 40.699
87 54 90.395
30 91 91.695
82 58 89.783
89 22 33.895
86 11 24.931
37 34 59.413
12 57 98.616
92 56 90.464
15 49 52.310
44 56 97.156
32 25 49.947
43 31 37.826
80 68 85.635
5 48 52.383
17 30 54.772
38 20 4.445
24 19 54.748
54 75 9.744
79 0 70.363
83 68 8.292
39 21 59.737
17 78 80.079
13 2 62.175
81 78 88.979
48 92 99.688
50 93 58.069
5 73 74.959
75 28 90.049
9 27 11.647
61 53 96.286
71 40 5.166
86 20 75.375
32 18 77.708
78 91 30.050
38 30 29.870
20 88 80.514
14 26 48.890
26 68 50.604
90 7 66.812
26 89 39.920
91 76 50.041
64 58 64.211
36 89 33.322
17 71 85.192
1 85 49.128
83 40 88.414
65 91 77.779
70 64 53.957
1 38 50.446
7 72 66.088
11 1 89.180
55 26 12.672
50 81 75.213
20 17 29.858
93 38 32.317
45 44 32.446
50 73 43.949
46 58 7.740
5 42 26.968
3 78 34.107
2 93 60.372
65 93 17.939
90 61 89.694
22 11 67.988
44 77 77.465
4 61 13.641
72 40 66.461
64 14 83.668
45 79 84.087
32 63 55.940
86 30 21.475
68 3 58.751
37 63 48.179
37 9 46.837
91 24 54.342
18 88 48.021
92 26 67.094
60 37 44.889
3 51 85.246
19 34 27.795
58 29 80.186
28 37 10.566
1 14 71.964
41 91 75.519
61 91 95.075
69 89 65.485
85 65 27.253
37 83 87.181
40 92 76.724
67 38 98.324
48 43 87.260
67 37 99.398
32 76 53.425
35 67 78.178
37 26 25.992
39 84 45.640
37 5 71.781
13 74 43.092
49 6 48.905
38 80 19.374
39 12 16.821
56 53 28.432
40 63 4.670
9 1 80.172
47 31 14.024
59 35 75.509
6 55 84.344
34 18 65.838
0 78 60.731
37 31 1.527
60 38 1.245
83 63 47.439
64 24 80.523
12 38 28.239
46 50 18.083
56 40 30.559
74 70 61.901
58 38 85.705
62 32 96.112
67 56 40.698
37 11 8.405
69 83 40.393
46 70 40.910
83 56 19.149
76 80 30.589
7 51 46.959
10 64 44.631
60 28 67.834
90 67 56.706
61 10 20.526
56 42 84.144
69 2 34.984
65 90 21.159
65 50 79.633
91 0 65.826
37 51 73.024
58 55 66.785
71 44 3.842
41 75 18.198
59 40 98.996
2 90 99.489
88 23 8.787
36 22 16.894
71 3 5.034
48 41 64.457
70 19 37.628
29 2 59.434
44 50 94.599
3 44 76.267
91 5 33.173
50 22 26.124
73 8 29.174
22 67 41.935
40 88 64.305
72 34 98.001
18 92 45.753
31 1 4.077
54 20 57.175
26 36 9.310
79 14 33.391
24 16 82.170
65 63 60.914
32 49 91.528
42 63 86.270
14 68 48.283
38 64 22.942
21 32 95.538
3 30 7.830
27 69 72.158
53 87 45.460
40 57 62.157
26 47 10.834
38 53 57.885
90 5 11.977
11 23 44.938
17 43 1.649
87 33 78.324
54 71 82.638
86 52 99.429
22 45 37.767
43 51 33.941
5 41 33.563
35 90 25.990
72 75 48.727
5 10 73.575
30 79 34.679
2 82 85.451
46 43 5.911
78 93 67.414
62 51 57.189
34 45 39.089
87 92 81.810
41 60 90.109
51 78 39.745
35 23 68.374
71 61 28.405
49 61 76.871
80 82 44.938
74 29 98.996
43 83 28.377
31 42 17.129
37 7 70.266
14 8 35.276
19 31 39.524
74 65 4.235
55 8 51.132
18 1 77.164
6 19 25.459
6 72 54.505
15 77 54.727
26 61 67.920
60 84 60.973
53 77 63.627
41 0 58.867
34 2 16.062
74 45 64.958
7 83 64.253
19 30 41.361
37 12 85.130
89 38 34.950
1 52 70.777
29 55 71.800
15 29 47.755
65 16 21.236
35 26 92.819
49 51 27.183
74 6 24.929
33 65 66.764
76 35 15.634
11 47 77.987
24 87 73.720
90 39 18.440
28 83 60.019
92 93 51.665
18 42 63.000
48 52 94.348
24 18 26.028
27 72 2.962
21 29 83.838
26 19 5.379
18 71 90.986
16 40 58.627
45 88 2.905
91 73 58.471
77 70 83.077
24 17 14.662
57 36 78.723
63 76 17.917
13 45 84.541
34 35 1.107
28 66 25.610
49 52 80.573
43 40 63.354
22 19 51.511
83 4 16.136
51 74 62.138
42 10 16.285
53 55 31.320
15 4 2.655
26 30 60.662
25 84 55.547
40 81 38.182
15 73 2.417
0 18 47.464
10 67 17.014
1 79 1.160
7 52 70.342
30 65 79.224
75 31 67.650
2 12 35.556
80 73 28.778
77 5 68.275
45 42 74.827
40 73 54.768
40 75 93.394
43 3 34.031
38 28 48.868
75 10 2.420
52 13 47.102
85 86 29.163
16 74 78.162
54 32 18.280
53 58 97.296
11 54 25.026
82 29 23.969
19 64 81.866
73 59 9.125
38 36 85.751
40 60 17.304
71 83 20.359
42 14 82.675
65 17 85.569
59 79 1.601
16 28 82.152
79 86 71.823
84 51 77.011
32 51 29.051
28 41 38.826
17 55 9.830
17 14 73.454
84 77 62.867
48 60 34.155
93 13 14.263
16 38 45.780
20 16 71.996
48 59 37.660
82 67 2.273
63 91 85.516
7 66 26.096
41 85 87.050
31 27 94.212
29 40 32.451
60 50 32.115
45 46 15.995
53 37 9.065
74 12 35.628
1 0 27.383
6 62 39.690
46 89 50.853
38 56 26.451
52 44 35.568
66 18 54.768
10 30 11.184
92 70 11.190
39 66 64.940
92 15 41.686
80 36 32.976
11 28 36.998
42 46 4.711
75 68 31.531
49 62 87.141
29 84 65.672
89 84 34.036
46 25 67.525
34 52 47.829
76 17 12.885
40 68 84.504
69 68 73.292
28 21 43.263
92 21 77.066
63 47 58.388
69 31 44.557
43 42 38.148
75 29 93.561
0 72 81.766
0 13 70.151
2 73 53.924
61 63 91.838
1 36 31.263
34 9 5.514
32 24 90.362
83 19 80.342
39 29 91.349
1 49 10.537
69 54 80.822
31 59 52.583
67 19 48.365
74 68 34.494
93 54 19.947
22 24 9.651
19 46 13.982
92 12 31.898
17 3 81.231
93 34 38.649
59 21 51.630
2 67 81.972
62 25 28.680
60 15 85.809
30 49 35.206
31 79 86.776
56 20 16.157
54 91 89.396
41 10 8.263
56 64 35.157
92 17 34.598
13 72 72.834
16 9 66.388
11 18 97.271
44 61 56.419
73 52 43.613
55 16 45.499
56 11 50.792
20 41 77.924
37 0 52.054
19 79 26.906
76 50 16.674
44 42 2.671
31 60 67.239
63 15 70.391
78 14 28.907
46 65 35.546
49 2 86.778
52 80 36.423
93 44 22.458
89 30 26.723
5 56 58.537
11 49 43.786
62 21 47.280
33 84 54.028
76 44 88.663
52 82 67.870
72 39 53.495
92 10 70.054
71 30 43.859
87 31 96.250
24 50 51.601
58 74 87.885
14 9 25.511
18 80 38.334
83 90 16.533
34 33 80.298
20 23 60.952
79 84 44.307
74 47 71.176
89 11 72.406
42 15 56.996
9 65 20.370
66 48 6.973
15 5 81.045
3 77 53.112
35 13 51.764
60 55 36.410
21 57 94.309
11 63 91.409
5 33 99.358
83 77 5.309
34 87 64.951
74 7 41.423
22 60 3.251
8 37 91.285
52 61 42.576
43 79 62.419
55 48 46.505
10 70 69.835
76 36 54.653
11 81 33.839
16 36 61.699
53 88 78.487
24 68 36.961
39 73 25.416
21 68 20.900
46 53 75.545
22 56 49.993
63 27 6.937
60 70 30.218
41 15 43.218
53 30 56.877
33 82 17.294
45 27 20.695
36 5 45.760
82 68 27.399
10 89 77.758
31 74 82.630
16 17 74.370
81 12 46.535
12 11 43.428
2 0 76.754
11 24 99.315
19 61 45.398
57 86 19.884
66 42 40.826
59 65 35.853
70 52 1.290
5 81 6.221
38 71 68.991
1 43 69.479
93 79 47.564
79 52 34.634
44 37 24.175
74 56 68.219
29 37 17.368
40 1 26.029
86 63 34.118
73 79 9.230
21 77 52.086
11 82 92.722
7 85 76.462
20 55 70.024
36 68 32.953
69 44 40.135
71 51 58.878
8 26 69.215
45 8 69.411
29 67 20.298
66 88 30.086
54 8 28.514
9 66 88.149
19 40 59.190
40 52 26.933
89 54 55.452
29 78 60.554
58 47 71.723
49 67 42.819
16 49 64.775
67 83 55.835
82 32 75.253
75 64 4.856
0 6 87.210
88 39 1.110
53 20 57.965
2 60 51.183
6 81 30.123
51 40 79.158
76 23 27.724
89 85 76.972
34 84 2.876
70 55 95.431
66 65 79.564
45 82 72.372
72 1 88.818
41 57 64.725
5 11 27.880
17 4 23.001
40 85 45.005
15 8 73.630
28 55 75.740
71 70 57.904
71 92 26.403
21 91 1.196
8 77 22.956
76 77 49.771
53 74 65.903
13 24 12.162
74 49 82.442
50 5 19.887
12 48 62.032
49 20 31.651
0 36 40.780
50 16 21.960
14 13 18.298
86 93 34.241
50 34 36.948
53 45 6.274
88 64 93.489
27 2 2.449
75 69 59.110
9 83 71.107
83 49 51.479
3 63 91.361
15 55 51.368
46 63 89.845
60 44 50.560
34 7 4.870
1 29 41.417
14 75 16.019
46 59 88.531
57 80 53.277
76 69 48.769
33 62 25.384
15 6 77.674
69 16 65.337
9 33 51.561
4 28 19.313
32 53 47.573
34 32 94.845
58 34 64.645
30 77 42.422
33 23 20.414
76 3 72.324
61 8 77.924
61 21 30.673
63 5 78.023
66 20 20.120
58 1 26.042
18 74 15.258
75 45 74.225
24 37 64.226
92 19 87.057
61 9 86.997
19 71 70.179
67 3 3.336
49 40 84.988
23 75 32.173
39 11 34.500
14 84 44.485
56 4 25.851
22 37 48.812
6 30 25.676
73 61 5.521
81 33 36.422
84 75 59.137
45 3 67.614
68 65 44.502
34 78 13.418
27 10 48.064
45 29 63.484
66 19 91.478
59 37 71.171
73 23 95.578
89 81 49.888
73 25 71.874
24 86 99.480
93 26 81.286
93 82 44.696
60 0 28.752
58 63 72.785
31 49 2.048
49 41 60.415
51 64 41.523
67 57 42.070
43 5 45.710
88 59 23.548
29 91 42.135
75 36 80.717
64 7 77.009
27 61 33.044
4 7 24.566
8 1 14.397
15 58 2.808
63 52 61.962
77 60 55.537
49 78 2.908
63 84 93.123
33 74 83.947
53 34 13.073
64 55 2.054
65 76 17.934
15 32 37.019
8 7 39.682
71 41 15.021
60 75 49.701
25 93 89.442
83 86 80.481
39 2 65.288
45 52 84.690
49 44 14.058
24 1 9.426
81 74 91.224
70 53 17.792
88 0 17.746
93 61 55.731
74 69 20.086
4 77 92.773
55 46 53.650
34 77 29.530
44 84 54.785
62 89 54.410
57 82 13.679
29 20 46.905
39 14 12.454
38 76 84.152
46 88 60.840
21 24 60.226
18 55 95.503
86 2 43.051
11 61 21.471
42 8 49.621
39 6 71.725
84 80 28.439
31 84 35.221
45 48 54.526
6 40 35.384
31 90 18.994
0 85 80.065
32 2 25.853
27 64 51.783
15 1 65.757
42 37 97.075
34 29 44.809
60 20 55.852
57 11 28.309
18 83 77.906
53 25 39.280
4 84 88.183
57 49 45.997
73 74 72.580
44 70 44.127
16 62 20.426
68 42 42.144
10 86 5.448
60 62 63.028
87 75 19.902
76 85 89.527
22 43 76.982
76 12 95.900
84 62 26.133
71 14 34.624
48 10 28.606
66 15 33.006
65 13 46.292
78 68 10.910
52 28 65.200
31 32 52.894
29 65 30.601
24 84 77.150
1 33 38.923
13 81 24.329
93 4 74.096
42 74 77.679
39 49 93.044
92 7 72.757
52 67 76.510
33 78 90.481
86 33 88.416
72 78 43.133
4 36 70.141
90 33 48.565
4 39 63.092
50 61 4.239
15 10 78.000
33 89 43.583
37 4 17.372
89 58 40.888
20 42 26.987
57 76 52.111
51 8 73.389
45 78 69.072
14 29 53.269
21 86 42.545
44 59 34.959
39 59 61.050
81 71 97.212
32 44 82.578
79 20 72.626
55 78 26.839
11 58 31.480
45 36 9.060
61 3 90.722
2 66 65.120
0 16 30.646
12 69 59.540
48 4 57.269
18 19 81.595
15 19 41.485
7 31 60.165
70 24 60.807
49 71 97.272
10 24 26.129
72 73 83.012
42 34 61.158
84 16 93.814
23 46 94.885
68 51 11.534
68 8 20.862
77 23 99.735
52 89 7.665
87 52 99.723
44 35 4.937
55 91 76.515
41 50 90.696
22 23 72.623
14 16 34.583
2 17 70.117
17 35 68.486
42 47 55.526
15 9 85.458
84 74 57.200
93 68 41.982
21 18 77.843
32 93 68.266
88 81 91.233
63 38 25.795
46 1 43.346
61 58 42.307
35 2 68.009
8 23 79.678
7 23 18.644
76 18 29.681
3 19 21.981
11 71 96.989
34 41 9.828
93 30 75.169
93 81 77.749
33 71 90.857
27 92 84.384
18 46 15.715
23 57 33.283
34 69 80.290
48 73 32.197
53 93 75.905
30 33 84.349
42 91 65.953
64 35 22.955
11 9 60.641
18 87 63.513
69 55 74.887
80 17 89.237
5 18 59.870
77 27 49.031
69 3 76.354
51 29 24.911
2 55 57.882
60 24 35.802
78 46 94.453
35 38 45.429
64 37 14.525
48 33 63.456
44 7 96.851
92 42 29.004
11 34 89.514
19 90 87.365
36 61 50.660
19 21 18.743
4 38 52.558
43 62 18.162
47 32 49.880
46 64 35.230
90 78 80.739
35 69 30.736
22 17 33.836
51 5 67.335
56 63 32.767
21 85 39.154
77 13 28.887
50 23 67.402
55 68 3.951
59 32 57.501
92 75 62.711
69 93 88.108
55 31 84.150
13 3 45.468
64 89 36.575
27 16 25.316
34 71 17.188
90 32 61.738
27 42 4.052
85 93 51.707
18 6 31.579
16 61 23.219
57 59 85.422
90 41 21.516
62 10 22.861
1 28 83.895
68 29 40.714
48 9 43.174
39 51 7.340
66 87 68.859
87 47 71.396
64 5 19.857
28 23 97.386
20 7 19.414
30 72 4.691
41 46 64.374
21 12 69.772
41 8 79.200
68 7 69.808
56 14 3.753
48 62 3.523
34 3 35.896
79 80 51.934
92 2 79.437
22 66 44.926
15 30 14.267
48 81 77.593
57 65 12.736
18 70 51.071
57 27 41.058
31 51 84.352
34 16 67.818
33 18 43.499
54 38 73.224
4 89 86.323
82 46 2.968
61 24 44.763
42 35 11.780
75 90 1.810
56 37 66.118
14 21 50.750
41 55 85.763
91 72 86.201
87 16 26.662
48 63 15.428
62 92 42.073
14 89 33.520
81 46 60.073
10 74 24.528
61 54 93.339
39 43 47.701
77 22 24.132
35 83 87.317
31 28 32.534
32 84 10.267
23 93 14.486
12 6 76.782
35 73 57.576
35 61 40.511
70 42 27.201
88 24 2.248
12 26 9.966
14 2 7.493
74 21 34.841
60 80 76.631
57 44 31.145
85 84 83.449
29 33 67.332
19 63 38.301
28 53 94.094
49 75 30.184
47 20 36.835
12 84 52.454
57 7 16.546
22 63 46.202
58 59 99.093
64 60 64.501
14 86 95.594
72 80 68.614
15 57 24.633
73 57 91.544
82 14 11.065
18 10 15.905
33 50 40.711
38 8 23.096
35 20 85.005
87 73 98.353
31 38 46.018
69 42 26.243
16 43 66.878
28 86 89.465
91 53 30.265
19 16 76.689
53 10 22.521
61 51 65.253
37 86 94.761
39 18 40.903
46 40 8.429
46 52 95.364
73 17 7.915
12 90 25.520
82 26 65.208
55 5 98.334
86 4 7.176
8 2 8.904
2 81 48.085
12 40 24.815
32 77 81.439
51 82 43.034
2 71 44.965
55 32 48.972
30 5 58.512
59 70 72.202
1 45 48.108
14 54 46.908
55 88 47.263
62 55 50.750
30 11 39.076
18 60 96.946
32 83 89.654
91 28 81.920
17 13 23.096
64 17 88.893
6 73 40.901
0 42 82.156
17 88 35.653
7 56 33.822
62 19 51.086
71 35 22.705
61 77 56.752
20 91 81.213
78 79 14.824
35 41 57.893
68 56 15.624
38 88 65.154
10 69 61.224
2 16 98.275
12 55 58.097
16 48 54.937
21 2 60.982
17 87 71.892
30 57 95.247
44 73 25.897
91 84 65.210
20 92 74.873
13 39 20.124
7 80 80.101
54 77 85.674
1 22 55.256
73 84 18.022
37 52 13.581
93 48 58.695
26 7 56.303
7 46 36.451
23 63 66.896
7 24 97.053
85 52 87.591
80 81 38.107
13 37 30.626
41 43 99.080
35 87 4.646
77 57 3.136
54 41 66.917
47 86 28.210
57 13 49.393
69 14 20.118
50 52 31.521
38 33 64.272
78 26 50.237
81 39 81.754
93 27 57.594
26 46 31.172
15 50 53.414
15 84 99.759
12 89 49.525
46 21 9.075
75 85 53.160
33 22 86.865
88 2 90.392
44 23 1.646
8 70 90.744
67 69 32.642
23 39 38.132
51 30 57.949
29 27 53.674
64 83 64.065
40 50 10.987
80 45 60.605
28 58 6.898
2 23 81.592
27 7 87.138
43 45 22.504
10 73 61.125
82 0 78.153
18 20 28.855
59 26 95.368
92 41 56.456
26 74 82.992
10 28 87.459
85 28 68.771
83 87 15.638
36 2 41.772
60 42 63.396
52 92 76.077
48 65 57.854
61 43 60.347
79 76 87.371
68 59 76.647
33 85 68.335
5 59 60.531
26 62 64.790
2 5 70.901
48 86 55.306
48 32 92.514
70 87 29.937
4 13 66.968
47 19 58.325
58 84 31.150
13 8 80.040
88 58 79.557
62 72 79.096
45 14 83.091
39 58 6.985
38 87 62.703
62 12 5.554
65 44 9.234
