100
0 6 5.251
0 32 11.042
0 33 9.88
0 34 13.629
0 35 10.582
0 36 13.1
0 37 13.876
0 38 10.378
0 39 10.641
0 40 12.252
0 41 14.933
0 42 12.01
0 43 13.461
0 44 9.721
0 45 13.171
0 46 9.876
0 47 12.105
0 48 16.567
0 49 11.226
0 50 11.605
0 51 10.106
0 52 14.517
1 4 2.911
1 31 7.511
1 32 11.544
1 53 12.287
1 54 11.499
1 55 12.356
1 56 12.735
1 57 11.656
1 58 12.401
1 59 15.242
1 60 13.329
1 61 12.028
1 62 12.461
1 63 12.049
1 64 9.627
1 65 10.059
1 66 11.982
1 67 13.649
1 68 14.975
1 69 11.326
1 70 10.63
1 71 11.589
2 15 10.145
2 28 6.399
2 13 7.684
2 33 10.89
2 53 12.595
2 72 13.169
2 73 11.924
2 74 14.806
2 75 9.393
2 76 12.221
2 77 13.109
2 78 11.335
2 79 13.021
2 80 14.96
2 81 11.81
2 82 12.72
2 83 11.243
2 84 10.277
2 85 11.18
2 86 10.744
2 87 14.609
2 88 8.67
2 89 13.135
2 90 11.79
2 91 11.491
3 20 7.345
3 72 16.059
3 92 11.403
3 93 14.256
3 94 13.969
3 95 13.517
3 96 12.575
3 97 9.005
3 98 14.759
3 99 12.175
4 34 13.523
4 54 7.589
4 73 13.658
4 92 13.14
5 25 6.935
5 7 5.416
5 35 12.733
5 55 14.661
5 74 11.228
6 29 5.101
6 11 8.656
6 36 16.049
6 56 10.784
6 75 10.992
6 93 10.083
7 12 8.556
7 20 5.207
7 21 4.5
7 24 8.394
7 57 12.79
7 76 10.859
7 94 10.99
8 24 5.012
8 30 12.79
8 37 14.489
8 58 13.991
8 77 12.284
9 13 8.127
9 38 11.33
9 59 10.84
9 78 8.413
9 95 11.684
10 23 5.326
10 39 11.462
11 22 8.013
11 23 8.657
11 21 9.898
11 60 9.735
11 79 11.178
12 40 9.602
12 61 13.646
12 80 11.154
12 96 13.495
13 26 4.476
13 29 5.952
13 81 11.351
13 97 13.303
14 22 4.51
14 62 9.931
14 82 13.398
14 98 10.302
15 41 12.624
15 99 11.059
16 18 4.319
16 27 5.54
16 23 5.242
16 63 10.598
17 25 9.298
17 42 12.772
18 83 15.101
19 24 6.321
19 84 10.79
20 43 13.67
20 64 9.542
20 85 10.576
21 86 14.288
22 44 12.964
22 65 10.77
23 45 17.088
23 66 14.435
23 87 8.415
24 46 12.437
24 67 11.756
25 88 12.678
26 47 12.831
26 89 13.489
27 48 12.64
27 68 13.697
27 90 8.718
28 49 11.059
28 91 10.805
29 50 12.248
29 69 13.888
30 31 8.925
30 51 12.287
30 70 13.003
31 52 12.109
31 71 12.693