100
0 2 26.737
0 3 45.894
0 4 6.782
0 9 34.316
0 10 21.074
0 11 64.913
0 15 62.38
0 19 28.577
0 20 44.065
0 21 19.702
0 22 89.116
0 27 19.046
0 28 95.305
0 29 8.914
0 32 74.728
0 33 67.58
0 35 84.756
0 36 36.961
0 37 76.15
0 41 26.691
0 43 11.07
0 44 92.226
0 46 48.735
0 49 74.033
0 52 63.941
0 53 73.621
0 54 33.832
0 57 11.768
0 59 46.04
0 62 70.355
0 64 60.175
0 67 35.618
0 68 38.076
0 69 90.316
0 71 50.594
0 72 66.303
0 73 64.015
0 75 47.567
0 76 60.35
0 79 29.979
0 81 77.159
0 83 74.115
0 84 32.189
0 85 51.767
0 87 59.157
0 88 62.339
0 92 23.186
0 93 51.216
0 94 47.7
0 98 77.608
0 99 83.884
1 2 7.167
1 12 86.515
1 13 74.142
1 15 20.868
1 16 23.769
1 18 12.956
1 21 49.445
1 22 35.327
1 24 42.374
1 29 88.317
1 32 96.734
1 33 13.136
1 35 36.255
1 37 23.308
1 38 50.299
1 39 3.402
1 43 93.693
1 44 71.404
1 45 51.646
1 46 58.477
1 48 72.2
1 51 45.831
1 53 56.006
1 54 94.945
1 55 95.178
1 59 60.89
1 61 20.794
1 62 70.052
1 63 12.899
1 65 90.251
1 67 60.125
1 68 49.281
1 69 91.663
1 73 18.539
1 74 61.69
1 76 53.771
1 77 19.742
1 78 37.861
1 79 74.823
1 80 26.737
1 81 13.441
1 82 33.461
1 83 65.459
1 85 59.6
1 87 5.758
1 89 62.472
1 92 70.187
1 94 78.134
1 98 76.793
2 3 49.205
2 4 61.576
2 7 91.718
2 8 67.331
2 9 7.205
2 11 89.195
2 12 66.853
2 16 27.577
2 19 84.759
2 20 42.881
2 21 0.058
2 22 75.346
2 23 42.95
2 29 54.365
2 33 92.673
2 34 23.035
2 36 10.774
2 39 30.73
2 41 24.386
2 43 14.436
2 44 47.687
2 46 87.63
2 48 72.561
2 49 80.94
2 52 97.555
2 54 34.465
2 58 25.85
2 59 36.329
2 63 59.349
2 64 34.337
2 71 79.692
2 72 19.555
2 73 12.94
2 76 44.279
2 77 55.634
2 83 38.798
2 84 21.436
2 87 67.471
2 88 62.098
2 92 79.704
2 95 0.894
2 96 81.367
2 97 19.766
3 5 35.903
3 6 64.02
3 11 5.666
3 13 57.095
3 15 73.673
3 16 3.244
3 17 95.356
3 18 63.981
3 20 47.707
3 23 41.728
3 24 45.502
3 25 91.46
3 28 28.457
3 29 81.367
3 30 15.926
3 33 63.922
3 35 9.543
3 36 93.612
3 38 98.062
3 41 62.989
3 42 73.189
3 44 53.797
3 50 79.193
3 51 67.569
3 52 45.819
3 62 90.693
3 63 16.891
3 64 85.826
3 65 14.545
3 66 86.639
3 67 27.865
3 68 33.062
3 69 35.25
3 70 23.769
3 73 69.673
3 76 70.649
3 79 96.854
3 80 18.85
3 81 71.992
3 82 39.109
3 83 18.71
3 87 79.1
3 88 51.614
3 90 20.757
3 91 87.709
3 93 53.957
3 94 70.587
3 95 8.04
3 97 67.7
3 99 6.003
4 5 72.845
4 6 17.621
4 15 28.233
4 17 52.745
4 22 92.402
4 23 62.744
4 25 49.766
4 26 13.018
4 28 59.221
4 31 95.823
4 32 83.261
4 33 35.956
4 36 71.942
4 40 96.116
4 43 17.958
4 44 80.214
4 45 9.53
4 46 97.054
4 51 92.795
4 54 39.17
4 55 1.968
4 59 55.048
4 60 83.422
4 61 7.979
4 62 21.559
4 63 98.147
4 64 32.955
4 65 73.861
4 67 65.98
4 68 70.946
4 69 71.878
4 75 63.676
4 76 92.669
4 77 3.371
4 78 96.426
4 81 52.172
4 82 69.957
4 84 54.553
4 88 71.755
4 89 87.4
4 91 83.566
4 94 45.958
4 96 71.876
4 98 93.523
5 6 3.678
5 7 54.36
5 8 86.384
5 10 33.176
5 11 27.736
5 12 34.775
5 18 10.709
5 19 66.207
5 20 33.394
5 22 60.853
5 25 72.875
5 26 45.193
5 28 57.226
5 31 92.913
5 32 75.955
5 36 5.351
5 38 77.201
5 41 32.395
5 42 96.651
5 45 94.939
5 48 13.874
5 50 64.266
5 52 4.624
5 54 4.454
5 56 16.826
5 57 62.491
5 58 62.927
5 59 82.921
5 62 98.377
5 63 13.215
5 65 7.545
5 66 38.714
5 67 50.494
5 72 75.665
5 75 8.452
5 77 48.677
5 78 86.531
5 80 47.254
5 82 13.803
5 85 85.899
5 86 21.055
5 88 97.396
5 89 75.528
5 92 36.264
5 96 12.316
5 97 13.908
5 99 36.328
6 7 86.926
6 9 69.336
6 12 20.694
6 13 51.229
6 16 67.379
6 20 74.094
6 22 4.954
6 24 23.783
6 25 59.941
6 30 77.516
6 32 34.487
6 33 15.073
6 34 98.928
6 36 47.698
6 39 81.295
6 40 76.791
6 42 61.608
6 43 80.485
6 44 31.785
6 45 16.303
6 47 32.196
6 49 86.457
6 52 74.49
6 54 25.375
6 56 31.034
6 57 64.378
6 60 60.055
6 62 86.294
6 63 38.926
6 64 36.057
6 68 19.003
6 70 94.165
6 71 59.9
6 74 69.133
6 75 87.474
6 76 16.078
6 78 73.989
6 79 41.6
6 80 18.23
6 81 62.721
6 83 47.233
6 85 67.358
6 86 4.229
6 90 85.895
6 92 91.523
6 93 18.017
6 94 34.686
6 96 9.247
6 97 21.409
6 98 59.058
6 99 1.435
7 8 2.163
7 9 3.611
7 12 36.354
7 14 44.269
7 15 29.735
7 16 46.006
7 19 72.572
7 20 38.539
7 22 42.004
7 25 30.33
7 26 30.465
7 27 37.757
7 31 75.059
7 32 18.629
7 34 70.362
7 38 17.417
7 39 40.27
7 40 3.224
7 47 54.648
7 49 9.439
7 52 71.435
7 53 39.183
7 54 18.856
7 56 54.097
7 57 90.773
7 59 60.474
7 61 51.516
7 62 74.389
7 63 38.678
7 64 69.647
7 67 71.387
7 68 75.903
7 69 60.2
7 71 56.281
7 74 19.52
7 75 37.296
7 76 81.893
7 78 78.687
7 79 76.363
7 80 55.499
7 84 68.198
7 85 97.428
7 86 29.423
7 89 68.218
7 90 25.954
7 91 19.058
7 92 16.652
7 94 25.342
7 98 37.002
7 99 61.372
8 11 98.296
8 12 40.238
8 13 41.741
8 14 70.899
8 15 94.99
8 16 72.782
8 17 15.991
8 18 99.136
8 20 76.733
8 24 63.17
8 26 49.544
8 28 9.484
8 30 12.223
8 32 97.159
8 33 54.608
8 37 51.94
8 44 98.211
8 47 33.115
8 48 31.79
8 49 66.193
8 50 65.21
8 53 73.42
8 55 37.031
8 61 19.99
8 64 79.132
8 65 50.311
8 69 97.931
8 71 51.941
8 72 72.848
8 73 56.809
8 74 67.494
8 76 92.451
8 77 61.352
8 80 49.462
8 82 90.685
8 83 7.298
8 87 12.893
8 88 18.04
8 89 47.288
8 90 28.538
8 92 60.074
8 93 1.747
8 95 46.845
8 97 24.623
9 10 48.685
9 11 19.767
9 12 85.816
9 16 17.658
9 21 90.68
9 26 89.194
9 28 82.55
9 29 64.485
9 31 57.011
9 35 94.465
9 44 31.893
9 46 95.219
9 49 21.992
9 51 99.26
9 53 30.681
9 56 33.311
9 58 47.556
9 62 49.677
9 63 81.087
9 65 66.792
9 67 59.811
9 68 21.575
9 71 98.225
9 72 1.141
9 77 37.956
9 78 33.446
9 79 13.057
9 82 69.711
9 86 56.412
9 88 59.565
9 91 18.188
9 92 88.225
9 95 72.606
9 96 23.397
9 99 65.176
10 11 60.329
10 12 83.221
10 14 14.704
10 15 71.212
10 21 17.185
10 22 56.224
10 24 81.592
10 25 87.385
10 26 46.834
10 28 69.102
10 30 28.734
10 31 59.942
10 33 17.634
10 34 33.426
10 35 50.545
10 37 26.873
10 41 61.787
10 42 83.344
10 43 22.008
10 45 48.709
10 46 80.138
10 50 8.574
10 51 91.335
10 52 33.3
10 56 52.456
10 59 71.699
10 60 39.395
10 62 31.618
10 64 74.664
10 71 63.823
10 72 30.94
10 73 38.84
10 74 95.592
10 75 16.662
10 78 48.675
10 81 36.562
10 84 26.109
10 85 80.419
10 86 86.343
10 88 6.813
10 89 50.712
10 91 64.904
10 92 77.034
11 14 55.693
11 15 99.305
11 21 42.372
11 26 97.102
11 29 64.579
11 31 87.342
11 32 37.414
11 35 76.838
11 37 53.709
11 38 37.61
11 40 62.93
11 43 57.985
11 44 59.474
11 48 25.56
11 49 67.039
11 52 28.834
11 56 79.278
11 57 13.109
11 63 75.589
11 65 40.229
11 66 35.705
11 69 45.77
11 71 88.502
11 72 44.392
11 78 88.671
11 79 51.711
11 80 94.929
11 82 52.282
11 84 20.179
11 86 21.564
11 87 45.506
11 89 74.918
11 94 74.753
11 95 97.298
11 97 41.105
11 99 64.379
12 14 79.209
12 15 45.585
12 18 75.645
12 19 58.962
12 20 51.87
12 22 48.879
12 28 62.079
12 29 49.328
12 32 79.593
12 34 36.541
12 35 92.191
12 41 88.846
12 42 6.828
12 43 46.288
12 44 93.702
12 46 27.294
12 48 18.116
12 50 66.688
12 51 75.933
12 54 89.382
12 59 51.879
12 60 28.97
12 61 53.014
12 63 71.235
12 64 20.058
12 65 95.276
12 69 85.147
12 73 42.908
12 74 46.504
12 76 60.517
12 77 88.453
12 80 10.823
12 82 49.573
12 94 33.56
12 97 17.353
12 98 70.083
12 99 78.551
13 14 88.962
13 15 13.832
13 18 57.777
13 19 63.805
13 24 16.264
13 25 7.615
13 26 34.234
13 28 37.879
13 29 41.85
13 30 51.811
13 31 19.037
13 32 80.298
13 35 79.467
13 40 39.674
13 42 7.014
13 43 53.645
13 48 24.864
13 50 95.827
13 51 79.169
13 59 30.222
13 60 26.818
13 61 99.251
13 62 82.877
13 64 23.703
13 65 12.369
13 68 81.622
13 69 55.157
13 71 80.054
13 72 32.304
13 75 52.623
13 76 53.568
13 77 23.618
13 79 46.415
13 81 21.81
13 82 40.277
13 84 21.779
13 86 12.492
13 89 93.528
13 91 93.026
13 94 26.776
13 95 59.198
13 96 15.011
13 97 73.096
14 15 96.19
14 16 92.188
14 19 36.65
14 20 49.667
14 26 6.097
14 27 37.07
14 29 58.924
14 33 90.305
14 35 42.122
14 37 24.872
14 41 71.691
14 43 29.381
14 44 95.877
14 46 1.254
14 50 88.854
14 51 67.804
14 52 83.011
14 54 9.354
14 55 26.219
14 56 90.842
14 64 40.057
14 66 89.884
14 67 54.725
14 68 11.53
14 71 54.94
14 72 66.587
14 73 55.085
14 76 75.47
14 77 74.767
14 78 94.92
14 80 33.951
14 84 91.038
14 85 65.382
14 87 3.004
14 89 71.117
14 93 63.243
14 96 53.026
14 97 28.703
15 21 52.467
15 24 74.122
15 25 52.256
15 26 18.677
15 27 74.738
15 28 68.909
15 29 50.786
15 30 73.591
15 31 32.517
15 39 38.367
15 40 97.009
15 50 54.517
15 52 54.379
15 53 52.764
15 54 17.314
15 59 29.053
15 60 32.949
15 61 71.856
15 62 69.901
15 63 19.88
15 64 70.869
15 65 88.654
15 66 59.958
15 68 94.902
15 70 69.708
15 71 0.721
15 72 93.261
15 73 64.318
15 75 63.616
15 76 49.88
15 78 15.914
15 86 74.915
15 87 90.179
15 89 30.968
15 90 2.543
15 92 26.005
15 93 24.474
15 97 58.88
15 98 47.426
16 18 7.272
16 20 61.545
16 21 11.601
16 22 61.448
16 23 35.239
16 25 84.038
16 26 61.707
16 28 82.829
16 30 18.903
16 34 11.467
16 35 26.356
16 36 18.719
16 38 40.868
16 40 41.216
16 44 42.401
16 45 83.519
16 46 56.124
16 52 10.414
16 53 11.708
16 55 94.4
16 56 54.173
16 57 13.239
16 58 71.298
16 59 44.523
16 61 52.355
16 62 12.437
16 64 69.018
16 65 34.731
16 66 29.661
16 68 0.088
16 71 57.929
16 75 36.277
16 79 36.085
16 82 45.894
16 83 95.453
16 85 89.399
16 88 73.345
16 92 40.106
16 93 9.777
16 97 78.625
17 18 13.625
17 19 57.468
17 20 74.601
17 21 17.877
17 22 74.87
17 23 26.099
17 26 33.867
17 27 4.651
17 31 8.678
17 33 31.47
17 38 31.794
17 39 34.194
17 40 48.318
17 43 78.734
17 44 1.417
17 45 40.819
17 47 28.568
17 50 46.486
17 52 84.311
17 55 67.774
17 59 93.095
17 60 77.787
17 61 99.9
17 63 65.68
17 64 11.904
17 65 9.573
17 66 13.468
17 67 63.405
17 68 49.687
17 70 19.145
17 71 31.837
17 74 31.225
17 75 94.912
17 78 19.289
17 80 15.62
17 81 26.14
17 82 22.555
17 87 84.233
17 88 61.974
17 90 72.275
17 91 87.705
17 92 9.689
17 96 40.194
18 19 74.141
18 24 3.834
18 25 19.526
18 27 75.782
18 28 98.43
18 30 59.703
18 32 77.821
18 33 65.464
18 38 70.027
18 40 89.05
18 43 66.332
18 44 45.296
18 45 41.897
18 47 93.365
18 49 63.712
18 50 12.612
18 51 54.603
18 52 12.513
18 54 98.58
18 55 29.168
18 56 29.958
18 57 37.807
18 58 7.708
18 59 99.418
18 64 67.489
18 65 46.081
18 68 47.969
18 71 32.55
18 73 14.562
18 77 54.485
18 78 56.3
18 80 44.97
18 82 7.528
18 83 41.708
18 84 29.404
18 88 35.544
18 89 30.827
18 90 31.63
18 91 9.09
18 96 82.973
18 99 93.742
19 21 94.05
19 23 15.016
19 24 92.769
19 25 5.063
19 27 50.923
19 28 60.118
19 29 75.198
19 30 6.788
19 33 83.808
19 34 99.956
19 35 26.31
19 36 5.382
19 39 91.17
19 40 26.76
19 41 95.994
19 43 41.316
19 45 19.355
19 47 93.565
19 52 78.54
19 54 50.156
19 58 27.782
19 59 21.542
19 62 24.913
19 63 10.473
19 64 55.699
19 68 92.101
19 69 37.821
19 70 99.319
19 72 81.034
19 73 27.386
19 75 56.676
19 76 74.68
19 78 41.145
19 79 1.608
19 80 77.561
19 81 12.128
19 82 49.752
19 84 14.458
19 86 38.566
19 87 82.674
19 88 39.789
19 90 82.095
19 91 68.56
19 93 72.973
19 95 13.639
19 98 64.416
20 21 16.029
20 23 40.355
20 25 39.843
20 26 40.632
20 27 72.697
20 31 65.467
20 32 75.353
20 33 69.75
20 34 31.017
20 35 52.289
20 40 1.53
20 45 25.397
20 46 19.82
20 47 56.041
20 50 7.573
20 51 77.992
20 56 11.991
20 57 72.441
20 60 66.509
20 61 49.749
20 64 0.23
20 67 22.479
20 70 12.147
20 73 45.27
20 76 87.026
20 79 89.153
20 80 5.052
20 82 9.992
20 85 68.519
20 91 25.275
20 92 23.46
20 95 27.981
20 96 39.741
20 99 50.104
21 22 98.554
21 30 17.868
21 31 98.193
21 36 39.053
21 37 40.974
21 41 19.949
21 43 93.962
21 45 58.703
21 49 99.218
21 50 33.155
21 55 10.907
21 60 6.851
21 63 77.078
21 66 41.455
21 67 42.679
21 68 92.885
21 69 38.719
21 70 57.255
21 71 28.036
21 74 9.531
21 77 45.035
21 78 3.066
21 79 78.795
21 80 1.425
21 81 34.274
21 82 40.836
21 85 50.702
21 86 72.56
21 90 84.764
21 91 22.095
21 93 3.588
21 97 9.135
21 98 30.112
21 99 9.13
22 23 52.249
22 26 39.039
22 27 51.061
22 32 23.018
22 36 9.421
22 37 2.442
22 39 49.3
22 43 57.32
22 44 62.254
22 48 37.841
22 51 97.992
22 52 71.602
22 53 57.682
22 54 90.954
22 56 84.497
22 57 31.065
22 59 26.427
22 60 54.961
22 61 94.024
22 62 11.487
22 63 60.704
22 66 38.24
22 70 50.175
22 71 51.129
22 72 39.605
22 74 15.693
22 75 18.252
22 76 35.749
22 79 42.78
22 82 45.046
22 85 47.129
22 87 46.048
22 91 53.383
22 93 16.148
22 95 3.896
22 97 90.617
22 99 15.155
23 27 7.095
23 29 43.529
23 37 69.314
23 39 64.971
23 40 30.438
23 41 48.241
23 44 9.537
23 45 79.077
23 49 14.333
23 51 62.547
23 52 29.118
23 53 97.576
23 54 3.977
23 56 5.45
23 61 17.403
23 63 7.5
23 66 10.394
23 68 52.834
23 71 6.795
23 75 47.596
23 76 48.764
23 81 64.104
23 83 22.083
23 87 0.505
23 88 88.032
23 90 66.377
23 91 97.276
23 98 47.367
23 99 64.548
24 26 12.202
24 27 11.353
24 37 1.791
24 39 50.764
24 45 57.03
24 46 25.358
24 47 89.95
24 51 66.893
24 52 45.457
24 54 42.162
24 61 18.407
24 62 56.329
24 64 4.189
24 65 63.568
24 67 55.142
24 68 38.039
24 71 77.298
24 74 35.468
24 78 66.323
24 83 74.669
24 84 60.951
24 87 2.201
24 88 74.521
24 89 42.373
24 91 39.039
24 93 5.67
24 96 57.591
24 97 98.647
25 26 82.911
25 27 22.665
25 28 36.896
25 29 39.129
25 30 21.544
25 31 66.094
25 33 83.79
25 34 18.047
25 39 23.859
25 40 82.947
25 41 38.391
25 42 1.414
25 43 49.423
25 46 19.828
25 49 18.7
25 54 34.783
25 57 9.28
25 58 78.25
25 59 91.618
25 60 45.789
25 63 13.495
25 64 7.738
25 66 12.564
25 67 59.135
25 69 4.769
25 73 59.874
25 75 92.446
25 77 72.898
25 79 98.051
25 83 12.458
25 84 24.237
25 88 20.613
25 91 68.776
25 92 62.927
25 95 35.232
25 96 18.339
25 97 85.657
25 99 69.109
26 28 77.831
26 29 31.728
26 31 10.242
26 33 82.593
26 36 95.615
26 37 61.113
26 38 26.549
26 42 7.371
26 47 58.828
26 49 54.97
26 51 86.256
26 53 94.238
26 55 33.018
26 57 85.382
26 59 99.072
26 61 10.427
26 66 81.341
26 68 59.98
26 69 96.605
26 73 51.585
26 76 91.675
26 79 19.939
26 83 92.117
26 84 53.571
26 85 3.518
26 87 48.221
26 88 29.461
26 89 49.602
26 91 12.442
26 92 53.397
26 93 27.087
26 94 20.823
26 97 93.595
26 99 67.724
27 28 44.938
27 29 12.445
27 31 22.485
27 33 89.367
27 34 0.427
27 36 95.76
27 39 16.806
27 46 81.334
27 47 99.061
27 48 24.142
27 50 64.23
27 54 89.399
27 57 26.138
27 59 76.985
27 61 12.857
27 64 38.705
27 77 89.657
27 78 20.13
27 79 91.652
27 81 91.71
27 84 92.538
27 85 37.51
27 88 56.406
27 89 88.977
27 91 19.378
27 94 11.334
27 97 62.992
28 30 87.168
28 33 62.039
28 36 63.993
28 38 56.516
28 39 54.761
28 41 25.368
28 42 45.827
28 43 32.367
28 45 78.718
28 46 0.132
28 48 90.567
28 49 1.832
28 50 94.006
28 51 83.129
28 53 62.105
28 55 3.796
28 58 56.418
28 59 18.423
28 60 97.562
28 61 81.926
28 66 88.988
28 67 89.077
28 68 58.914
28 69 75.861
28 72 49.469
28 74 40.521
28 76 4.739
28 83 22.086
28 84 77.914
28 85 29.925
28 87 63.457
28 89 92.313
28 93 7.69
28 94 76.945
28 95 3.058
28 97 69.786
28 98 80.037
28 99 65.123
29 31 69.173
29 32 69.243
29 34 76.746
29 37 40.646
29 39 1.928
29 40 13.775
29 42 88.49
29 43 95.186
29 44 38.339
29 46 69.215
29 47 21.265
29 51 37.05
29 52 46.615
29 53 98.509
29 54 34.702
29 55 36.356
29 57 20.783
29 62 35.452
29 64 50.577
29 66 29.747
29 67 65.295
29 69 48.301
29 70 31.749
29 71 99.35
29 76 1.338
29 78 95.632
29 80 43.224
29 86 55.368
29 88 86.306
29 91 10.057
29 93 79.11
29 96 85.295
29 97 57.984
29 98 78.506
29 99 62.216
30 31 62.661
30 32 82.203
30 36 7.277
30 37 41.249
30 38 49.302
30 40 23.734
30 43 66.483
30 44 75.849
30 48 31.082
30 51 53.065
30 52 51.102
30 53 81.221
30 56 55.601
30 57 50.732
30 59 1.074
30 62 80.282
30 63 11.37
30 66 74.555
30 67 84.284
30 68 29.108
30 70 96.937
30 72 42.865
30 73 52.141
30 77 53.289
30 78 72.427
30 82 51.166
30 85 91.954
30 86 51.739
30 87 30.308
30 88 41.308
30 89 43.869
30 96 61.183
30 97 7.991
30 99 37.248
31 32 33.493
31 33 31.796
31 36 24.988
31 38 13.881
31 40 25.769
31 41 66.005
31 45 2.673
31 48 98.083
31 55 57.692
31 59 27.656
31 60 26.428
31 61 74.35
31 62 17.035
31 63 99.817
31 64 17.862
31 66 23.377
31 69 67.017
31 70 11.675
31 73 38.363
31 78 83.852
31 80 40.009
31 82 25.406
31 83 14.421
31 85 63.848
31 86 48.703
31 87 59.305
31 90 47.791
31 93 92.454
31 97 89.026
31 98 84.443
32 34 75.614
32 35 77.732
32 36 59.939
32 37 43.851
32 40 22.607
32 46 49.656
32 51 30.132
32 53 15.174
32 56 63.035
32 57 58.512
32 62 64.721
32 64 22.67
32 65 2.112
32 66 84.364
32 67 73.548
32 71 9.867
32 72 55.575
32 74 3.824
32 75 55.805
32 76 9.359
32 77 49.788
32 79 61.757
32 81 43.418
32 85 40.445
32 88 57.598
32 89 70.754
32 90 62.315
32 91 52.375
32 92 2.736
32 94 4.686
32 98 20.187
32 99 38.973
33 34 51.071
33 37 35.222
33 39 82.029
33 41 94.329
33 45 37.174
33 46 70.449
33 51 91.83
33 52 16.614
33 53 83.887
33 56 78.86
33 58 99.01
33 60 45.918
33 61 88.897
33 63 43.106
33 65 19.272
33 67 35.045
33 68 50.532
33 69 28.798
33 72 86.985
33 73 91.539
33 75 11.064
33 77 10.453
33 78 52.771
33 81 55.195
33 83 53.523
33 85 90.6
33 86 68.902
33 89 63.276
33 94 63.923
33 96 29.909
33 97 90.03
34 36 35.968
34 37 18.723
34 47 71.518
34 48 88.107
34 49 37.983
34 52 84.138
34 56 96.461
34 60 80.295
34 61 90.302
34 62 22.849
34 63 30.787
34 64 33.008
34 66 87.104
34 68 89.889
34 74 96.269
34 75 45.672
34 76 52.021
34 77 52.717
34 79 98.074
34 80 93.235
34 81 29.584
34 82 52.324
34 83 41.199
34 87 52.317
34 89 92.027
34 90 28.65
34 99 69.59
35 36 9.987
35 38 42.563
35 39 50.705
35 41 71.587
35 44 32.846
35 45 84.137
35 47 67.18
35 49 36.615
35 50 63.987
35 52 69.624
35 53 92.733
35 55 98.265
35 60 43.853
35 64 90.094
35 66 91.316
35 67 60.683
35 68 86.513
35 72 85.827
35 73 18.33
35 74 80.666
35 75 95.221
35 78 90.551
35 79 55.584
35 80 74.088
35 83 52.297
35 85 57.261
35 86 91.009
35 88 79.591
35 89 51.149
35 90 89.375
35 91 30.769
35 92 21.831
35 95 5.581
35 96 8.5
35 97 47.01
35 98 63.975
36 37 14.335
36 39 43.583
36 40 29.72
36 41 80.536
36 43 54.655
36 48 59.187
36 50 60.885
36 51 77.316
36 52 87.334
36 53 2.353
36 55 33.216
36 57 98.033
36 59 9.171
36 65 75.74
36 68 72.876
36 75 6.255
36 76 13.309
36 77 20.351
36 78 72.535
36 81 61.969
36 83 37.434
36 84 43.851
36 87 87.548
36 89 13.887
36 90 11.358
36 91 79.161
36 92 78.312
36 93 70.229
36 95 29.37
36 96 57.08
36 97 87.251
36 99 68.343
37 41 60.158
37 43 98.62
37 44 1.938
37 48 62.149
37 49 23.468
37 51 92.898
37 52 34.577
37 55 57.888
37 57 68.478
37 60 87.314
37 62 73.134
37 64 19.307
37 67 18.633
37 70 39.398
37 73 99.159
37 80 67.095
37 81 83.616
37 82 38.677
37 83 88.811
37 85 48.894
37 86 99.215
37 87 1.23
37 90 52.442
37 91 2.544
37 92 86.362
37 96 42.369
37 97 80.739
37 98 73.372
37 99 33.834
38 39 59.159
38 43 35.251
38 44 75.117
38 45 45.192
38 46 62.914
38 49 52.681
38 51 0.754
38 52 14.479
38 54 75.312
38 55 91.592
38 56 22.544
38 59 50.802
38 60 4.36
38 61 12.31
38 62 2.377
38 64 31.336
38 65 22.21
38 66 48.301
38 67 9.666
38 70 89.787
38 71 96.999
38 72 65.079
38 74 93.106
38 76 13.799
38 79 84.809
38 80 11.413
38 81 27.456
38 82 2.595
38 86 72.345
38 88 4.867
38 92 23.804
38 93 65.81
38 95 21.487
38 97 31.067
38 98 72.135
38 99 16.872
39 43 53.618
39 44 7.992
39 47 97.639
39 51 13.016
39 52 97.199
39 53 23.961
39 55 9.195
39 57 96.489
39 58 34.392
39 59 42.846
39 60 18.305
39 61 64.855
39 62 57.804
39 65 87.492
39 68 69.233
39 73 2.671
39 75 69.192
39 79 51.439
39 80 61.136
39 83 86.037
39 84 54.238
39 85 84.17
39 87 12.793
39 88 11.677
39 90 10.326
39 92 70.134
39 93 37.164
39 95 28.371
39 97 80.899
39 99 37.025
40 41 71.798
40 43 33.525
40 45 3.084
40 47 92.843
40 49 68.298
40 51 87.73
40 53 63.233
40 54 66.719
40 55 17.077
40 57 62.701
40 58 65.953
40 59 18.688
40 60 40.018
40 61 32.96
40 64 97.358
40 67 94.167
40 71 22.403
40 76 78.224
40 81 90.745
40 82 33.486
40 85 12.55
40 88 76.529
40 89 98.298
40 91 81.21
40 94 79.468
40 95 92.678
40 98 51.091
41 43 3.96
41 48 86.693
41 50 24.849
41 59 15.735
41 60 84.408
41 61 15.112
41 65 50.245
41 68 33.05
41 71 59.983
41 72 53.576
41 73 94.419
41 78 7.984
41 79 11.063
41 82 26.217
41 84 35.37
41 85 10.348
41 87 77.843
41 89 62.811
41 91 42.587
41 92 60.103
41 93 0.233
41 99 25.761
42 44 55.372
42 46 40.616
42 48 66.199
42 54 77.534
42 56 95.496
42 57 35.776
42 58 81.019
42 59 85.598
42 60 35.352
42 62 80.422
42 65 58.023
42 69 75.131
42 72 6.653
42 74 98.452
42 84 27.348
42 87 44.958
42 88 6.767
42 89 46.512
42 90 75.689
42 92 32.874
42 95 11.966
42 98 56.993
43 44 74.582
43 45 73.771
43 46 77.107
43 47 79.241
43 49 44.376
43 52 93.017
43 53 18.5
43 55 36.191
43 58 18.807
43 59 15.328
43 60 83.066
43 62 5.175
43 63 78.504
43 64 52.578
43 66 53.8
43 68 36.531
43 69 19.676
43 70 2.48
43 71 14.011
43 73 44.107
43 79 33.294
43 80 88.721
43 82 48.242
43 83 81.362
43 86 33.205
43 88 88.486
43 93 2.655
43 94 75.716
43 95 62.383
43 97 98.699
43 99 71.289
44 45 6.527
44 47 80.952
44 52 10.534
44 54 81.437
44 55 93.495
44 58 98.981
44 59 63.904
44 63 63.279
44 64 70.875
44 66 93.901
44 67 13.158
44 69 31.754
44 72 57.728
44 73 10.245
44 77 8.358
44 78 32.645
44 79 88.417
44 82 85.592
44 85 83.526
44 86 19.187
44 89 20.774
44 91 53.141
44 96 51.349
44 99 61.084
45 49 6.401
45 51 83.529
45 52 40.08
45 53 23.693
45 55 40.442
45 56 80.661
45 58 45.161
45 64 8.052
45 65 99.39
45 67 98.63
45 68 54.042
45 69 7.308
45 72 97.768
45 76 41.703
45 77 20.956
45 79 21.301
45 80 90.364
45 81 49.16
45 83 62.138
45 85 73.18
45 88 56.696
45 90 51.476
45 91 3.568
45 92 63.447
45 93 54.225
45 95 20.77
45 96 9.168
45 97 92.755
45 99 40.71
46 47 65.186
46 48 9.911
46 49 37.871
46 50 81.248
46 53 40.116
46 56 9.515
46 64 23.142
46 68 2.732
46 71 51.067
46 73 86.539
46 76 62.231
46 78 80.067
46 79 56.941
46 83 75.045
46 84 89.569
46 87 17.378
46 89 23.851
46 90 77.782
46 91 83.681
46 94 87.008
46 99 46.609
47 48 60.057
47 49 63.838
47 51 18.138
47 52 89.828
47 56 11.753
47 58 81.976
47 60 80.091
47 61 83.613
47 67 4.668
47 74 65.811
47 75 18.168
47 76 92.835
47 77 50.018
47 79 41.069
47 80 65.89
47 82 69.438
47 83 53.503
47 85 70.978
47 88 51.057
47 89 11.699
47 91 83.029
47 93 10.45
47 96 24.927
47 97 45.131
47 98 50.615
47 99 74.091
48 52 97.634
48 57 76.96
48 64 44.667
48 67 85.257
48 68 37.191
48 69 15.566
48 70 23.365
48 74 82.583
48 75 37.31
48 76 76.053
48 77 9.022
48 84 49.94
48 87 82.868
48 90 78.643
48 99 74.249
49 50 77.758
49 51 84.244
49 53 54.411
49 54 30.471
49 59 7.516
49 61 49.708
49 64 39.839
49 67 17.656
49 75 3.79
49 79 33.086
49 80 21.062
49 81 74.471
49 82 18.834
49 83 84.447
49 85 69.113
49 88 90.1
49 89 39.857
49 91 59.593
49 93 70.731
49 95 58.432
49 98 30.64
49 99 65.614
50 51 34.928
50 54 98.237
50 55 53.012
50 64 7.322
50 70 91.296
50 74 52.017
50 75 36.204
50 76 60.105
50 78 53.347
50 79 17.23
50 80 39.004
50 82 57.972
50 83 69.427
50 84 1.862
50 85 59.868
50 86 31.764
50 87 89.558
50 92 1.385
51 53 6.232
51 57 62.018
51 58 4.84
51 63 59.52
51 65 42.612
51 70 14.117
51 71 46.814
51 73 70.503
51 78 69.981
51 79 51.779
51 80 76.378
51 82 63.625
51 84 25.77
51 86 93.32
51 91 92.18
51 92 27.623
51 93 41.402
51 94 25.892
51 97 75.739
51 98 30.448
51 99 98.566
52 54 76.21
52 62 88.266
52 63 94.923
52 66 20.858
52 71 57.179
52 73 50.84
52 74 84.053
52 75 56.111
52 78 40.14
52 80 33.268
52 81 22.578
52 84 66.337
52 85 72.398
52 89 46.552
52 91 37.64
52 92 64.243
52 95 91.884
53 54 21.086
53 56 20.383
53 57 25.324
53 58 38.414
53 60 12.283
53 62 66.14
53 63 87.191
53 64 2.725
53 66 21.557
53 67 9.889
53 69 91.314
53 70 70.466
53 72 53.802
53 74 61.287
53 76 99.335
53 77 66.11
53 80 9.888
53 82 5.994
53 83 7.627
53 85 98.794
53 86 34.356
53 87 27.145
53 90 74.117
53 93 33.628
53 94 86.854
53 98 63.326
54 58 48.299
54 62 83.104
54 64 54.128
54 65 91.675
54 66 38.733
54 68 83.666
54 72 35.165
54 73 56.792
54 75 8.659
54 77 51.753
54 78 49.943
54 80 28.637
54 82 6.943
54 84 55.706
54 85 88.487
54 90 70.177
54 92 16.369
54 94 0.13
54 95 6.099
54 96 67.756
54 98 4.481
55 58 24.992
55 60 43.487
55 61 3.572
55 63 47.996
55 64 14.945
55 65 14.584
55 66 13.133
55 70 74.36
55 71 60.107
55 73 59.85
55 74 76.983
55 75 35.15
55 76 35.023
55 77 64.622
55 78 95.646
55 79 30.332
55 81 42.679
55 82 91.59
55 84 72.69
55 85 45.671
55 87 92.801
55 88 92.303
55 90 61.471
55 91 96.263
55 94 21.077
55 95 40.865
55 96 74.552
56 61 19.455
56 63 34.957
56 65 11.847
56 66 53.341
56 68 72.186
56 70 86.965
56 72 44.439
56 73 20.09
56 74 53.471
56 75 7.596
56 76 64.628
56 79 59.216
56 84 94.055
56 86 48.791
56 88 62.479
56 89 64.257
56 90 92.58
56 92 67.89
56 95 91.893
56 96 54.328
56 98 77.684
57 61 37.379
57 62 42.171
57 64 45.972
57 67 49.283
57 69 38.123
57 70 51.106
57 72 54.639
57 74 17.453
57 80 88.808
57 83 36.622
57 84 69.492
57 86 35.988
57 88 22.082
57 90 28.588
57 92 26.46
57 94 74.709
57 95 3.876
58 62 41.721
58 63 1.055
58 64 43.316
58 67 1.057
58 69 66.238
58 70 37.681
58 72 99.994
58 80 90.182
58 81 13.794
58 85 1.203
58 86 12.436
58 88 21.23
58 89 95.415
58 92 58.711
58 97 75.147
58 99 42.38
59 60 45.137
59 62 18.903
59 66 53.137
59 69 84.252
59 70 25.293
59 71 48.046
59 72 57.041
59 73 86.184
59 76 57.337
59 80 49.804
59 81 31.861
59 82 16.666
59 84 95.466
59 85 6.194
59 87 60.403
59 94 53.258
59 95 56.794
59 98 76.444
60 63 42.093
60 65 61.754
60 71 6.106
60 72 90.689
60 73 91.214
60 74 67.748
60 76 98.768
60 77 32.828
60 81 93.51
60 85 52.047
60 86 3.865
60 88 35.797
60 90 5.938
60 97 18.256
60 98 35.811
60 99 99.363
61 62 33.597
61 65 22.161
61 67 67.173
61 68 86.576
61 72 73.589
61 76 67.201
61 79 54.505
61 81 11.26
61 83 23.982
61 84 17.802
61 85 92.22
61 86 75.509
61 87 46.195
61 93 21.151
61 94 58.659
61 95 83.546
61 96 42.042
61 97 68.43
61 98 67.995
61 99 2.766
62 63 82.274
62 64 52.218
62 66 97.6
62 68 20.426
62 69 74.296
62 74 59.425
62 76 60.766
62 78 80.935
62 79 89.499
62 80 41.447
62 82 23.176
62 83 74.301
62 84 56.234
62 85 70.742
62 89 91.853
62 91 6.156
62 92 0.386
62 93 99.166
62 98 17.273
63 66 87.932
63 67 33.484
63 68 14.817
63 73 82.787
63 75 44.806
63 76 27.94
63 79 34.762
63 81 5.122
63 83 48.076
63 85 74.973
63 86 0.782
63 88 48.987
63 89 57.686
63 90 20.767
63 92 50.648
63 94 48.664
64 66 27.611
64 67 10.777
64 70 62.569
64 82 68.754
64 87 11.444
64 91 77.271
65 67 11.818
65 68 4.705
65 70 38.197
65 71 13.233
65 73 62.595
65 76 17.389
65 77 79.166
65 78 36.02
65 80 63.256
65 81 26.933
65 82 41.946
65 86 52.911
65 90 58.495
65 95 27.844
65 96 69.053
65 98 76.73
65 99 12.426
66 67 65.559
66 68 20.031
66 70 96.045
66 71 36.033
66 77 93.302
66 78 45.876
66 80 71.793
66 84 43.042
66 86 16.229
66 87 39.018
66 89 56.418
66 90 88.619
66 91 19.607
66 92 86.067
66 93 18.971
66 97 58.118
66 99 47.477
67 69 75.54
67 71 51.449
67 73 85.254
67 74 25.428
67 75 98.084
67 77 30.285
67 78 75.474
67 85 83.449
67 86 59.031
67 89 88.216
67 90 17.343
67 91 36.463
67 92 89.904
67 93 72.166
67 98 23.953
67 99 9.547
68 72 25.917
68 73 47.521
68 75 98.126
68 86 68.966
68 87 36.329
68 88 1.783
68 90 13.051
68 95 83.279
68 96 2.335
68 97 85.685
69 74 80.043
69 76 40.491
69 78 76.718
69 81 0.379
69 84 96.851
69 85 47.864
69 90 92.346
69 91 43.444
69 95 96.237
69 97 14.205
69 98 97.928
70 75 9.989
70 76 11.302
70 78 49.416
70 81 38.349
70 83 77.166
70 84 94.898
70 85 19.52
70 88 61.771
70 91 39.025
70 92 35.825
70 93 75.057
70 97 30.757
70 98 96.624
71 73 69.326
71 76 34.455
71 77 4.2
71 78 73.634
71 79 79.498
71 81 52.333
71 82 1.287
71 87 22.684
71 88 86.82
71 89 40.717
71 94 28.178
72 73 54.508
72 77 49.346
72 78 55.983
72 81 30.859
72 82 53.4
72 86 84.28
72 94 38.36
72 96 9.408
72 98 85.326
73 74 37.953
73 75 93.278
73 77 22.192
73 79 84.496
73 80 44.326
73 81 82.483
73 82 53.376
73 83 98.862
73 86 74.636
73 87 60.604
73 88 99.212
73 94 62.605
73 95 70.902
73 96 93.137
74 78 75.11
74 80 74.183
74 84 64.449
74 87 88.018
74 90 35.372
74 91 50.805
74 92 71.467
74 94 12.25
74 95 58.836
74 97 36.946
74 99 82.774
75 77 40.768
75 81 67.804
75 82 82.672
75 83 85.722
75 85 31.52
75 87 65.565
75 90 73.543
75 92 65.056
75 94 8.178
75 95 47.553
75 98 42.528
75 99 71.843
76 80 30.262
76 83 17.487
76 85 57.76
76 86 34.429
76 90 47.632
76 91 6.755
76 94 19.679
76 96 81.888
77 81 13.225
77 82 18.844
77 83 52.274
77 86 84.511
77 87 97.311
77 88 45.221
77 89 89.953
77 91 35.092
77 92 65.452
77 95 51.179
78 80 32.151
78 82 68.013
78 83 89.849
78 84 58.972
78 86 76.155
78 89 64.044
78 91 2.176
78 93 36.826
78 94 1.313
78 95 60.011
78 98 33.749
78 99 52.826
79 82 44.829
79 83 45.607
79 84 81.248
79 85 51.719
79 86 43.241
79 88 66.018
79 90 43.48
79 92 83.53
79 96 75.382
79 97 4.841
79 99 76.445
80 82 80.288
80 83 41.467
80 85 19.864
80 86 78.234
80 87 35.124
80 88 73.986
80 89 17.449
80 90 55.262
80 94 35.087
80 96 65.121
80 98 85.302
81 82 20.945
81 83 73.292
81 85 76.247
81 86 79.212
81 90 5.86
81 91 19.456
81 92 80.896
81 93 7.113
81 95 15.669
81 96 42.328
81 97 11.021
81 99 25.856
82 83 30.796
82 85 55.559
82 87 76.564
82 88 1.928
82 89 59.399
82 90 67.812
82 91 50.043
82 99 70.443
83 85 51.718
83 89 8.929
83 90 2.763
83 93 13.792
83 94 96.493
83 95 27.375
83 98 94.054
83 99 43.106
84 86 38.455
84 87 63.417
84 91 6.86
84 93 56.265
84 94 49.148
84 95 15.87
84 97 52.249
84 98 12.671
84 99 63.671
85 90 39.287
85 91 72.073
85 92 25.964
85 95 83.933
85 96 34.011
85 97 47.35
85 98 86.264
86 87 99.75
86 91 1.284
86 93 82.853
86 98 73.907
87 91 70.207
87 92 11.201
87 93 19.169
87 98 74.175
88 90 19.557
88 91 83.41
88 94 85.88
88 96 72.675
88 97 18.104
88 98 64.72
89 90 32.346
89 96 3.003
89 99 47.022
90 96 66.213
90 97 3.213
90 99 6.338
91 93 31.484
91 94 86.648
92 95 0.989
93 98 94.086
94 95 55.248
94 96 97.378
94 97 79.356
94 98 16.918
95 97 5.994
95 99 15.554
96 98 2.108
96 99 31.142
97 99 40.869
98 99 2.151