100
46 21 9.158
85 39 73.597
27 77 25.158
87 20 3.573
81 50 99.972
65 47 80.367
56 64 54.418
4 3 26.824
40 48 36.401
67 21 42.361
30 29 56.051
41 22 2.386
65 46 13.67
86 71 99.868
57 53 18.184
97 46 73.44
45 46 78.975
57 20 98.098
51 91 95.493
83 67 73.859
35 63 24.99
45 84 50.084
59 44 88.285
71 92 56.771
84 28 45.655
89 21 94.06
78 34 87.67
61 39 77.298
90 64 30.33
64 83 56.219
52 39 61.581
62 65 73.093
87 79 36.66
43 92 88.207
24 95 0.842
73 83 10.616
75 29 4.891
13 96 68.248
34 31 52.236
7 54 82.475
97 4 89.797
46 22 5.68
3 10 24.95
8 3 11.522
2 47 4.087
20 94 25.569
88 0 18.374
5 31 38.557
4 0 15.142
78 80 34.42
14 36 74.246
3 39 33.721
98 77 44.865
33 96 73.995
79 90 40.185
28 11 15.346
40 13 66.083
16 66 2.42
50 62 58.496
18 43 51.48
77 53 25.91
89 71 65.331
85 7 95.9
16 20 25.297
58 81 17.071
90 4 23.166
29 91 99.453
32 10 44.47
90 46 59.124
54 35 25.661
0 19 52.619
52 20 3.55
92 11 11.117
12 2 24.087
29 13 18.176
66 85 21.735
39 68 46.44
27 87 64.176
26 93 90.656
54 65 80.608
75 6 2.132
67 74 88.144
12 84 18.123
46 2 80.266
15 78 51.921
88 47 36.648
87 52 30.827
39 25 10.116
86 2 84.061
7 52 81.206
59 26 63.729
78 9 88.954
3 47 0.533
92 9 30.582
62 24 21.917
47 50 11.577
17 96 71.592
15 32 34.494
10 78 12.177
82 50 85.007
88 13 95.967
84 60 2.467
92 90 77.721
45 58 49.795
47 34 14.147
61 92 48.42
53 62 95.47
37 50 83.601
62 76 23.163
54 89 25.941
10 74 67.914
73 12 72.78
22 69 7.116
53 8 14.65
87 82 79.857
37 49 3.757
85 87 23.17
22 67 32.941
19 69 28.699
96 54 98.669
66 31 9.615
32 21 71.536
59 90 89.49
45 97 23.445
18 59 57.344
3 76 44.118
94 23 38.325
6 61 39.286
32 90 27.395
52 90 73.125
46 70 64.793
95 84 33.073
92 28 8.141
24 51 53.285
48 81 81.629
40 59 91.497
59 83 52.357
51 27 17.737
77 49 72.946
12 49 90.532
98 25 81.562
75 74 27.441
78 17 19.149
86 55 0.848
65 72 48.206
91 26 17.357
97 9 97.239
62 68 35.024
84 8 83.719
62 86 75.467
58 34 92.225
58 3 87.752
78 96 98.709
97 96 34.764
51 32 93.852
92 17 67.499
63 48 5.408
86 37 99.23
36 71 15.585
0 46 46.739
48 72 3.402
86 39 44.28
17 61 49.828
91 38 68.963
40 38 7.671
39 83 33.371
66 11 64.277
26 50 50.846
19 64 59.619
39 5 62.884
58 71 23.291
35 7 23.211
14 86 95.775
48 46 81.862
45 9 21.372
63 56 33.471
59 17 86.941
56 81 92.174
34 41 21.59
30 60 15.898
86 47 18.955
29 34 18.533
51 95 80.854
92 76 34.225
88 93 50.261
96 91 94.878
80 96 86.931
91 37 96.952
81 85 53.194
39 50 7.267
33 45 48.4
11 23 44.073
48 16 31.488
13 44 96.799
9 93 16.709
55 1 76.156
30 76 54.269
36 60 38.991
19 46 63.781
63 12 31.635
26 42 97.072
53 46 25.098
43 24 25.018
30 93 24.648
43 47 61.06
78 7 64.797
22 8 86.23
99 34 42.978
66 73 13.279
43 82 84.537
78 50 76.818
6 50 22.776
62 79 76.658
69 79 87.137
75 65 59.754
63 51 53.859
58 21 84.079
67 57 41.179
13 57 4.616
16 15 99.526
87 64 93.738
9 50 91.509
90 1 30.581
85 44 25.295
3 18 22.059
11 43 42.73
6 60 97.15
71 3 24.153
64 69 13.863
25 69 6.031
66 43 91.857
30 17 68.185
0 16 37.152
31 13 54.013
6 78 46.637
48 43 21.522
50 91 62.269
99 86 52.45
13 19 16.3
26 22 62.713
38 43 37.73
54 16 43.086
38 12 39.816
60 34 56.246
97 62 28.446
29 53 98.689
89 70 70.309
3 77 65.823
25 27 55.172
74 5 19.434
80 3 64.509
89 92 74.22
6 94 47.515
28 18 77.222
4 88 59.81
13 17 19.588
69 23 63.584
11 87 76.288
59 80 89.927
26 20 29.179
89 35 82.412
66 72 84.98
53 85 6.753
58 38 72.046
15 81 65.925
34 2 70.232
42 33 21.439
50 75 53.801
25 55 52.546
88 21 77.218
57 58 78.624
49 60 97.049
78 24 61.269
56 24 58.082
73 43 75.53
21 47 30.946
60 28 60.507
83 84 76.854
16 87 57.69
26 68 93.409
1 3 83.686
40 7 19.791
32 92 31.894
56 9 66.455
91 2 41.935
73 16 28.263
20 77 21.224
92 8 77.119
57 35 63.316
63 61 64.511
30 19 80.079
29 25 56.491
42 75 61.829
50 67 61.577
82 27 40.676
33 85 56.116
79 93 24.942
55 15 39.124
60 48 97.045
30 28 28.483
67 11 5.496
69 86 60.291
49 90 0.358
29 65 43.061
46 66 27.277
63 74 94.204
58 94 7.029
35 3 70.256
5 16 2.937
26 41 64.89
18 82 24.124
97 13 29.531
69 11 64.149
17 55 67.832
4 39 70.726
6 71 51.147
43 87 35.518
77 46 92.258
44 46 10.704
81 35 79.501
36 65 80.49
19 3 60.021
55 81 4.431
86 68 0.822
84 9 71.534
64 78 69.04
54 53 77.009
23 20 23.987
2 75 61.371
92 45 75.989
37 2 67.316
72 28 90.435
46 14 40.284
8 31 92.936
24 13 23.336
51 10 0.628
35 74 50.02
6 67 65.164
67 51 51.744
16 19 42.708
47 6 42.689
73 23 97.369
56 55 51.641
82 57 59.924
76 16 16.239
18 2 85.271
23 19 25.131
72 80 63.784
56 60 25.041
54 55 46.443
28 45 26.942
4 50 75.067
3 54 62.154
3 70 30.225
33 87 47.727
59 91 27.056
66 79 45.703
84 31 46.172
68 20 55.609
96 46 46.087
31 95 41.982
84 49 97.019
76 59 11.717
58 11 62.423
49 57 96.32
98 91 61.629
46 71 69.611
18 29 34.88
83 22 66.457
63 90 40.85
22 52 98.793
40 73 26.397
38 82 91.645
40 85 71.439
75 5 1.152
12 14 20.606
46 41 1.069
93 51 60.501
41 10 17.863
61 51 52.688
30 56 62.002
77 2 88.508
38 63 34.457
90 6 14.0
83 78 0.941
61 81 97.059
26 28 90.655
41 21 74.089
99 50 33.398
92 62 56.813
35 10 46.538
73 46 50.369
47 23 24.174
69 83 89.472
75 59 72.184
34 75 23.814
20 0 20.353
60 94 40.574
23 86 36.178
89 77 19.817
62 78 92.495
93 17 0.663
90 27 91.767
10 58 0.145
25 94 77.881
2 1 18.489
14 39 35.958
46 60 3.567
9 59 38.044
98 58 17.585
82 8 91.037
61 68 26.693
67 90 7.471
36 3 79.888
71 26 54.696
16 23 7.78
59 25 58.685
89 43 85.723
7 19 45.927
79 44 98.303
89 82 63.507
24 19 10.81
28 3 81.403
34 13 32.319
9 64 37.301
91 78 81.018
93 95 13.568
70 97 19.6
2 43 2.034
69 96 63.881
94 63 4.785
86 45 98.12
37 38 48.063
80 19 6.37
14 0 96.18
18 45 82.086
91 19 89.01
99 72 94.852
68 16 67.838
29 73 8.931
95 29 72.606
85 55 80.505
4 42 21.002
63 83 42.92
23 67 56.025
84 5 95.6
48 18 12.525
97 94 42.106
69 89 22.314
11 65 90.461
92 79 83.404
84 79 17.73
9 68 67.468
16 64 94.654
86 58 23.727
58 13 67.322
6 44 31.363
2 72 10.697
70 30 11.707
29 5 33.78
16 93 13.982
21 50 83.085
13 82 15.101
54 59 30.046
54 0 0.74
4 24 68.924
24 48 43.389
19 22 81.858
34 32 26.837
66 39 56.958
53 63 30.898
49 98 48.357
50 22 29.456
53 37 65.279
58 67 79.045
88 41 42.477
72 1 53.923
52 74 25.545
11 64 46.003
67 81 54.107
27 47 27.84
94 28 81.475
55 16 98.376
24 64 97.171
20 9 38.993
58 18 30.794
11 94 75.371
23 28 37.36
70 5 89.83
69 97 43.6
20 93 30.256
28 25 39.852
29 64 57.405
70 35 89.598
20 3 60.554
51 65 64.599
6 7 91.032
24 70 78.303
37 93 32.388
82 5 95.731
23 57 46.746
47 32 4.766
56 33 97.407
32 6 67.545
1 53 71.96
23 49 65.3
54 88 68.975
22 97 99.973
68 74 78.933
3 46 15.303
87 83 21.397
68 60 56.602
85 99 43.067
13 0 61.267
2 92 7.699
98 67 52.989
3 37 3.048
2 82 25.528
44 35 58.599
81 84 10.632
1 30 18.736
20 79 21.775
69 4 71.646
13 30 57.486
6 27 58.559
30 87 81.894
79 0 82.429
15 74 17.062
30 36 20.008
10 82 33.017
16 72 20.531
46 62 78.787
26 27 69.196
0 10 38.692
72 39 22.87
37 69 65.328
39 84 77.522
39 11 4.248
64 84 99.552
72 45 14.009
79 54 28.707
54 82 99.665
68 23 81.281
29 79 64.643
8 59 63.477
18 61 8.114
61 47 2.957
25 13 52.276
39 55 33.793
75 33 13.763
41 0 47.1
5 0 73.013
37 7 11.512
64 97 78.931
31 9 22.267
14 49 3.247
72 75 11.179
65 3 42.405
95 3 75.226
10 91 17.293
68 34 27.91
23 98 11.34