100
0 1 1.21
0 3 1.05
0 8 1.21
0 9 1.73
0 12 0.84
0 16 0.93
0 17 1.09
0 19 1.23
0 23 1.71
0 25 1.59
0 26 1.49
0 27 0.47
0 30 1.19
0 33 1.64
0 40 1.56
0 41 1.79
0 42 0.97
0 45 0.3
0 48 1.85
0 54 1.78
0 56 0.18
0 59 0.17
0 64 1.96
0 66 1.21
0 67 0.34
0 70 1.57
0 71 1.04
0 73 1.78
0 80 1.26
0 82 0.55
0 84 0.14
0 85 1.69
0 86 0.69
0 87 1.92
0 91 1.21
0 98 1.58
0 99 1.07
1 4 0.63
1 6 0.74
1 7 0.82
1 8 0.11
1 11 0.07
1 13 1.69
1 18 1.77
1 20 0.52
1 22 1.82
1 24 1.46
1 25 1.83
1 26 1.93
1 27 0.86
1 29 1.02
1 31 0.46
1 35 1.22
1 37 1.54
1 41 0.33
1 43 1.05
1 46 0.27
1 47 1.18
1 52 1.77
1 53 1.5
1 55 1.99
1 57 0.96
1 59 1.91
1 60 1.29
1 62 1.25
1 64 1.94
1 67 0.08
1 68 0.33
1 70 1.66
1 73 1.27
1 74 0.17
1 78 1.59
1 83 1.53
1 87 0.98
1 89 0.81
1 90 0.83
1 94 0.27
1 95 1.57
2 3 0.85
2 5 0.44
2 9 1.37
2 10 1.95
2 15 0.26
2 18 0.54
2 20 0.69
2 21 0.8
2 24 0.9
2 25 0.73
2 26 1.37
2 27 1.74
2 30 1.62
2 32 1.74
2 35 0.91
2 36 1.32
2 38 0.24
2 39 1.72
2 40 1.53
2 45 0.45
2 48 1.07
2 50 1.32
2 53 0.67
2 54 1.62
2 56 1.28
2 57 0.9
2 59 0.74
2 67 0.64
2 69 0.73
2 74 0.75
2 78 1.65
2 81 1.8
2 83 0.27
2 84 1.3
2 87 0.26
2 88 1.86
2 89 1.08
2 91 1.09
2 92 1.49
2 94 1.8
2 99 1.13
3 4 1.88
3 11 0.41
3 12 1.69
3 13 0.07
3 14 1.07
3 20 1.98
3 21 1.26
3 24 1.04
3 25 1.52
3 28 1.51
3 30 1.35
3 32 1.14
3 33 0.61
3 34 0.24
3 35 1.02
3 36 1.37
3 43 1.09
3 44 1.13
3 45 1.04
3 46 1.43
3 47 1.0
3 56 0.07
3 57 0.36
3 59 0.58
3 61 0.15
3 72 1.77
3 80 1.7
3 81 0.85
3 82 0.45
3 87 0.91
3 88 1.25
3 93 0.63
3 95 1.29
3 96 1.48
3 98 0.91
3 99 1.02
4 8 1.09
4 10 1.39
4 14 0.75
4 15 1.0
4 19 0.35
4 20 0.44
4 21 0.2
4 27 0.3
4 28 1.69
4 31 1.91
4 33 1.91
4 35 1.95
4 37 0.86
4 38 0.13
4 44 0.93
4 48 1.61
4 49 1.21
4 51 0.17
4 58 0.71
4 61 1.91
4 66 1.46
4 67 1.49
4 68 0.76
4 69 1.04
4 71 1.11
4 72 1.75
4 74 0.23
4 75 1.35
4 76 0.9
4 78 1.55
4 84 1.82
4 87 0.18
4 95 0.92
4 98 1.45
5 7 0.06
5 8 1.75
5 11 1.97
5 15 1.21
5 16 0.48
5 17 0.09
5 18 0.11
5 19 1.3
5 22 0.61
5 26 1.65
5 27 0.45
5 33 1.31
5 34 0.99
5 35 0.31
5 38 1.8
5 40 0.53
5 41 1.07
5 46 0.95
5 48 0.25
5 49 1.74
5 50 0.08
5 52 1.74
5 54 1.01
5 55 0.21
5 57 0.43
5 67 1.48
5 69 0.85
5 74 1.81
5 75 1.55
5 76 1.04
5 77 0.1
5 78 0.94
5 79 1.81
5 81 1.07
5 83 0.25
5 85 0.87
5 91 1.66
5 92 0.5
5 94 0.31
6 8 1.92
6 11 0.29
6 13 1.1
6 15 1.03
6 17 0.89
6 18 0.53
6 22 1.12
6 27 0.21
6 29 0.57
6 33 0.18
6 37 1.62
6 46 1.18
6 49 1.56
6 51 0.73
6 53 1.96
6 58 0.31
6 59 1.91
6 60 0.39
6 62 1.67
6 63 0.74
6 64 0.5
6 68 1.59
6 71 1.96
6 74 0.74
6 75 1.05
6 79 0.48
6 81 0.67
6 83 0.54
6 85 0.18
6 87 1.21
6 89 0.84
6 90 0.57
6 91 0.54
6 93 0.67
6 95 1.64
6 96 0.29
6 97 1.09
6 99 1.99
7 9 0.32
7 10 1.27
7 11 0.15
7 18 1.45
7 19 0.83
7 20 0.29
7 27 1.62
7 28 1.1
7 30 1.91
7 33 0.17
7 34 1.91
7 35 1.36
7 36 0.14
7 37 0.31
7 39 1.81
7 42 1.93
7 44 0.56
7 45 1.72
7 46 1.72
7 48 1.62
7 50 0.82
7 52 1.83
7 53 1.15
7 54 0.89
7 55 0.75
7 57 0.77
7 59 1.36
7 62 0.97
7 64 1.49
7 65 1.02
7 66 0.69
7 67 0.27
7 68 0.13
7 71 0.34
7 73 1.16
7 74 0.53
7 75 1.69
7 76 0.86
7 80 1.5
7 82 0.75
7 86 0.66
7 87 0.17
7 90 1.79
7 92 1.54
7 95 1.37
8 15 0.84
8 16 1.69
8 18 1.3
8 19 0.94
8 20 0.28
8 22 0.61
8 30 0.74
8 31 0.16
8 32 1.49
8 33 1.99
8 34 0.98
8 35 0.35
8 36 1.7
8 43 0.27
8 44 0.73
8 45 0.18
8 46 0.86
8 47 1.77
8 48 0.68
8 51 1.18
8 57 0.89
8 64 1.7
8 65 0.86
8 66 0.16
8 70 0.42
8 71 1.91
8 72 0.26
8 76 1.34
8 79 1.75
8 82 1.85
8 83 1.16
8 92 0.93
8 93 0.53
8 94 0.72
8 95 1.63
8 96 1.1
8 98 0.57
9 11 0.8
9 13 1.24
9 19 0.86
9 23 1.45
9 26 0.19
9 30 0.4
9 31 1.16
9 32 0.31
9 33 1.47
9 34 0.4
9 35 0.99
9 42 1.08
9 45 1.04
9 46 0.16
9 47 0.81
9 48 1.46
9 49 0.42
9 55 1.67
9 58 0.31
9 60 0.18
9 61 1.9
9 64 1.68
9 66 1.17
9 67 0.9
9 68 1.15
9 74 0.15
9 75 0.24
9 76 0.81
9 78 0.4
9 80 1.89
9 83 0.61
9 84 0.8
9 92 1.39
9 93 1.16
9 96 0.08
9 99 1.62
10 15 0.53
10 18 1.73
10 19 1.13
10 22 1.03
10 26 1.11
10 31 1.52
10 32 1.49
10 33 1.81
10 35 1.05
10 36 1.77
10 38 0.58
10 39 0.16
10 40 1.96
10 43 0.5
10 45 1.9
10 46 0.56
10 47 1.28
10 49 1.69
10 54 1.07
10 56 1.71
10 57 1.96
10 68 1.17
10 71 1.81
10 72 0.56
10 79 0.9
10 80 0.79
10 81 1.43
10 82 0.13
10 83 1.7
10 85 1.15
10 89 1.15
10 95 0.54
11 12 0.37
11 13 1.3
11 15 1.07
11 16 1.14
11 18 0.95
11 19 0.29
11 22 1.77
11 24 0.36
11 26 0.54
11 29 1.11
11 30 0.46
11 31 0.69
11 33 0.86
11 35 0.96
11 38 0.91
11 40 1.96
11 41 1.55
11 42 0.8
11 46 0.26
11 49 0.41
11 53 1.17
11 55 0.08
11 56 1.81
11 57 0.78
11 59 0.94
11 63 0.95
11 64 1.1
11 65 0.86
11 69 0.48
11 71 1.52
11 72 0.25
11 73 0.46
11 75 1.6
11 77 1.27
11 79 0.32
11 82 0.3
11 84 0.75
11 85 1.22
11 86 0.31
11 92 0.83
11 93 1.69
11 94 1.32
11 97 0.13
12 15 1.85
12 17 0.05
12 27 0.27
12 28 1.69
12 35 0.41
12 36 0.34
12 40 0.6
12 41 1.22
12 49 0.59
12 50 0.18
12 54 0.49
12 57 1.81
12 60 0.09
12 63 1.22
12 67 0.12
12 74 0.66
12 75 1.03
12 78 0.13
12 81 1.22
12 84 1.1
12 86 1.36
12 95 0.33
12 96 1.71
12 97 1.95
13 14 1.34
13 17 1.56
13 20 0.67
13 21 1.44
13 23 0.59
13 25 1.22
13 28 0.73
13 32 1.81
13 35 0.59
13 37 1.86
13 40 1.87
13 41 0.14
13 43 0.72
13 49 0.71
13 51 0.17
13 52 0.38
13 54 1.23
13 56 0.98
13 57 1.25
13 58 1.7
13 60 0.44
13 62 0.37
13 66 0.58
13 70 0.58
13 82 1.54
13 84 1.67
13 85 1.85
13 90 0.76
13 94 0.74
13 96 1.14
13 97 1.22
14 17 1.45
14 19 1.71
14 20 1.09
14 22 0.86
14 23 1.72
14 25 1.32
14 26 1.58
14 27 0.12
14 39 1.36
14 47 1.49
14 49 1.43
14 52 1.18
14 54 0.56
14 59 0.35
14 60 0.74
14 62 0.64
14 64 1.25
14 66 0.57
14 67 1.8
14 72 0.39
14 74 1.51
14 75 1.84
14 77 1.87
14 78 0.4
14 80 1.55
14 82 1.91
14 84 1.28
14 87 0.62
14 90 0.77
14 91 0.39
15 23 0.87
15 24 1.7
15 27 1.81
15 29 0.12
15 33 1.28
15 35 0.69
15 38 1.18
15 39 1.09
15 41 0.3
15 46 1.39
15 48 0.15
15 49 1.55
15 52 1.37
15 53 0.32
15 54 1.7
15 55 1.92
15 57 0.74
15 58 0.71
15 60 1.38
15 62 0.75
15 63 1.65
15 69 1.06
15 70 1.78
15 76 0.72
15 86 0.66
15 87 1.27
15 97 0.54
15 99 0.34
16 21 1.24
16 23 0.28
16 24 1.65
16 28 1.62
16 32 0.67
16 36 0.91
16 38 1.72
16 39 1.9
16 42 0.65
16 43 1.46
16 46 1.99
16 48 0.29
16 49 1.78
16 54 1.56
16 55 0.58
16 59 0.19
16 60 0.55
16 61 1.96
16 69 1.69
16 71 0.15
16 75 1.95
16 76 0.83
16 77 0.44
16 79 1.99
16 80 1.68
16 81 0.88
16 82 1.0
16 83 0.32
16 85 0.94
16 87 0.18
16 94 1.64
17 18 1.6
17 24 0.88
17 26 0.86
17 32 1.03
17 36 1.6
17 40 1.67
17 41 0.86
17 42 0.13
17 44 0.25
17 46 0.12
17 48 1.21
17 51 0.92
17 54 0.86
17 56 1.08
17 60 0.89
17 61 0.17
17 63 0.51
17 64 0.26
17 70 1.75
17 71 1.39
17 72 1.01
17 73 0.71
17 74 1.24
17 75 0.68
17 77 0.28
17 79 1.66
17 81 1.21
17 83 1.99
17 84 1.53
17 88 1.34
17 91 1.28
17 93 1.03
17 94 1.98
17 95 0.39
17 96 0.18
17 97 0.44
17 99 1.36
18 19 1.92
18 22 1.66
18 23 0.98
18 26 0.24
18 27 1.83
18 29 1.06
18 31 0.19
18 32 1.55
18 34 1.65
18 45 0.26
18 46 1.91
18 48 1.27
18 49 1.14
18 57 1.33
18 59 0.88
18 61 0.83
18 62 1.9
18 65 0.61
18 68 1.32
18 76 0.67
18 78 1.67
18 79 1.56
18 80 1.17
18 81 1.29
18 87 0.74
18 90 1.64
18 92 0.42
18 96 0.39
18 98 0.54
19 23 0.83
19 29 0.25
19 33 1.76
19 34 1.02
19 36 1.7
19 45 1.2
19 46 1.41
19 49 0.13
19 52 1.74
19 53 0.84
19 55 0.35
19 58 0.27
19 61 0.47
19 64 0.89
19 65 0.56
19 69 0.23
19 70 0.23
19 75 0.95
19 78 0.06
19 80 0.45
19 83 0.37
19 84 0.49
19 85 1.01
19 86 0.4
19 88 0.52
19 91 0.76
19 94 0.45
19 95 1.53
20 22 0.15
20 25 1.28
20 28 0.11
20 30 1.72
20 33 1.07
20 34 1.28
20 35 1.53
20 38 1.98
20 39 0.84
20 40 0.29
20 47 0.86
20 50 1.93
20 51 0.08
20 55 1.92
20 56 1.75
20 57 1.8
20 59 0.38
20 60 1.55
20 61 0.12
20 67 0.76
20 70 1.61
20 73 0.56
20 78 0.37
20 79 0.86
20 81 1.94
20 83 1.6
20 86 1.17
20 87 0.63
20 90 0.53
20 91 0.22
20 92 0.14
20 93 0.85
20 96 0.54
20 99 0.11
21 22 1.32
21 23 1.49
21 24 0.96
21 25 0.84
21 26 0.05
21 33 0.49
21 36 0.77
21 40 1.43
21 42 1.82
21 43 1.58
21 48 0.44
21 49 0.9
21 50 0.5
21 54 1.59
21 56 0.4
21 57 0.28
21 58 0.88
21 63 1.43
21 68 1.45
21 70 0.49
21 71 0.14
21 72 1.17
21 74 0.37
21 75 0.27
21 76 0.47
21 80 0.38
21 82 0.79
21 84 0.45
21 86 1.78
21 87 1.72
21 88 0.65
21 89 0.74
21 91 0.6
21 93 0.73
21 94 0.76
21 95 0.71
21 96 1.0
21 97 1.41
21 99 1.03
22 25 1.06
22 26 0.55
22 28 0.83
22 31 0.32
22 33 0.3
22 38 0.24
22 41 0.22
22 43 1.46
22 45 1.72
22 46 0.48
22 49 0.81
22 54 0.51
22 55 1.28
22 57 0.55
22 59 0.54
22 60 0.61
22 61 1.33
22 62 1.14
22 66 0.75
22 68 1.67
22 69 0.71
22 70 1.04
22 73 0.4
22 75 1.63
22 78 0.49
22 84 0.99
22 85 0.07
22 86 0.2
22 88 0.75
22 89 1.09
22 91 0.28
22 93 0.79
22 98 1.79
23 24 1.26
23 26 0.27
23 28 0.93
23 32 1.94
23 33 1.78
23 34 0.77
23 35 1.83
23 41 0.4
23 45 0.1
23 49 1.7
23 52 1.06
23 53 0.07
23 55 1.88
23 56 1.36
23 57 0.67
23 58 1.51
23 61 1.36
23 62 1.33
23 66 1.32
23 73 1.32
23 74 0.71
23 75 1.01
23 76 0.27
23 80 1.96
23 82 0.31
23 83 1.27
23 85 0.77
23 86 0.93
23 89 0.52
23 95 0.59
23 98 1.31
23 99 1.46
24 29 0.47
24 30 1.59
24 31 1.91
24 32 1.46
24 38 1.85
24 43 0.92
24 48 0.84
24 49 0.92
24 54 0.83
24 56 1.85
24 66 0.77
24 68 0.44
24 71 0.52
24 73 1.47
24 74 1.13
24 82 1.28
24 84 0.19
24 90 0.7
24 91 1.86
24 97 1.63
24 99 1.31
25 27 0.93
25 28 0.78
25 29 1.88
25 32 1.93
25 34 1.34
25 36 1.86
25 40 0.32
25 43 0.77
25 44 0.3
25 45 1.15
25 47 1.77
25 48 0.19
25 53 1.11
25 57 0.15
25 58 1.63
25 61 1.9
25 65 1.73
25 73 1.4
25 74 1.26
25 75 1.08
25 80 0.51
25 81 1.79
25 83 1.43
25 84 0.65
25 86 0.67
25 88 0.75
25 89 1.19
25 93 0.21
25 94 1.35
25 97 0.23
25 99 1.29
26 27 0.19
26 28 1.28
26 29 0.63
26 31 1.79
26 32 0.9
26 33 0.8
26 34 1.11
26 35 1.84
26 37 0.89
26 38 0.19
26 40 1.86
26 41 1.73
26 42 1.68
26 43 0.44
26 44 0.88
26 45 0.71
26 47 1.56
26 48 1.4
26 51 1.19
26 52 0.26
26 54 0.89
26 56 1.33
26 57 1.75
26 58 1.23
26 60 1.64
26 63 1.77
26 66 1.98
26 68 1.7
26 69 1.93
26 72 0.71
26 73 1.74
26 76 1.92
26 77 0.54
26 78 0.14
26 79 0.91
26 85 1.35
26 86 1.45
26 87 0.26
26 90 1.5
26 91 0.92
26 92 1.95
26 96 0.69
27 29 1.73
27 31 1.52
27 32 0.95
27 35 0.36
27 36 1.31
27 38 0.87
27 40 0.92
27 41 0.69
27 42 0.43
27 45 1.95
27 48 0.63
27 50 0.41
27 51 0.4
27 52 0.27
27 54 0.41
27 58 0.5
27 61 0.74
27 64 0.7
27 65 0.98
27 68 1.14
27 69 0.49
27 70 0.55
27 71 0.45
27 74 1.53
27 75 0.37
27 78 1.8
27 86 0.13
27 87 0.79
27 89 0.07
27 93 1.61
27 94 1.52
27 98 0.56
28 30 1.09
28 32 1.12
28 38 1.39
28 44 0.58
28 47 1.03
28 48 1.78
28 51 1.48
28 57 1.41
28 61 0.97
28 63 0.98
28 64 1.1
28 65 1.9
28 67 1.93
28 70 0.96
28 71 1.19
28 73 0.81
28 76 0.1
28 81 0.12
28 83 1.43
28 86 1.51
28 88 1.23
28 92 0.88
28 97 0.08
28 99 0.2
29 33 1.14
29 34 1.15
29 36 0.49
29 39 1.89
29 40 1.61
29 44 1.46
29 45 1.03
29 49 0.36
29 53 0.35
29 54 1.57
29 55 0.05
29 56 1.77
29 57 0.43
29 64 0.78
29 65 0.05
29 66 0.83
29 67 1.27
29 69 0.39
29 70 0.6
29 72 1.0
29 81 0.93
29 84 0.72
29 86 1.46
29 88 1.87
29 91 0.22
29 92 0.86
29 93 1.28
29 94 0.48
29 95 1.11
29 99 1.52
30 31 1.58
30 32 0.48
30 34 0.29
30 36 0.31
30 38 1.25
30 39 1.46
30 42 0.22
30 43 1.28
30 44 1.02
30 47 0.54
30 51 1.78
30 52 1.21
30 54 1.46
30 58 0.93
30 59 1.63
30 60 1.71
30 62 0.62
30 72 1.72
30 75 0.87
30 76 0.27
30 80 0.35
30 84 0.41
30 88 1.49
30 90 1.27
30 91 1.4
30 93 1.62
30 96 1.44
30 98 1.7
30 99 1.61
31 35 0.68
31 45 1.35
31 47 1.63
31 48 1.66
31 59 0.46
31 61 1.81
31 62 1.76
31 64 1.61
31 65 1.67
31 66 0.51
31 73 1.16
31 75 1.96
31 77 0.96
31 80 0.49
31 81 0.99
31 83 1.46
31 84 1.07
31 85 0.75
31 87 0.55
31 88 0.11
31 95 1.01
31 97 0.72
32 33 1.66
32 34 0.63
32 37 0.8
32 39 0.94
32 40 0.98
32 41 0.81
32 43 1.82
32 45 0.27
32 46 1.64
32 50 1.26
32 53 0.34
32 56 1.26
32 58 1.2
32 60 0.07
32 61 1.84
32 62 1.98
32 65 0.6
32 68 0.59
32 70 0.89
32 80 0.35
32 81 0.25
32 82 0.4
32 83 0.72
32 85 0.58
32 89 0.9
32 90 1.72
32 96 1.58
32 98 0.77
32 99 0.67
33 34 0.78
33 35 1.16
33 37 0.94
33 39 0.3
33 40 0.5
33 41 1.93
33 44 1.72
33 45 1.1
33 46 1.54
33 49 0.73
33 50 1.6
33 55 1.06
33 59 0.05
33 60 1.59
33 63 0.72
33 70 1.52
33 71 1.3
33 72 0.21
33 76 0.18
33 77 0.81
33 78 1.39
33 86 0.25
33 89 0.58
33 91 1.26
33 93 0.93
33 95 1.46
33 98 1.96
34 37 1.47
34 39 1.37
34 40 1.89
34 41 1.95
34 42 1.31
34 44 0.77
34 45 1.69
34 46 1.91
34 47 1.55
34 51 1.2
34 52 1.1
34 53 0.41
34 56 1.98
34 57 0.2
34 59 1.66
34 60 0.69
34 62 1.8
34 63 0.06
34 64 1.49
34 69 1.02
34 72 1.21
34 74 0.85
34 75 0.79
34 78 1.45
34 79 1.83
34 80 1.2
34 84 1.99
34 88 1.59
34 92 1.31
34 96 1.69
35 37 0.88
35 39 0.37
35 43 1.85
35 46 1.76
35 47 0.62
35 48 1.41
35 49 0.53
35 50 0.57
35 53 1.92
35 55 1.65
35 56 0.14
35 57 1.91
35 61 0.56
35 62 0.05
35 63 0.84
35 65 1.79
35 68 0.36
35 71 1.56
35 72 1.67
35 74 0.94
35 75 0.67
35 76 0.25
35 80 1.12
35 84 0.87
35 85 1.81
35 87 0.36
35 89 0.42
35 91 1.64
35 92 0.58
35 93 0.92
35 98 1.75
36 38 0.98
36 43 0.47
36 44 1.35
36 45 0.46
36 47 0.89
36 51 1.21
36 52 0.06
36 54 0.15
36 56 0.54
36 64 1.97
36 67 0.73
36 69 0.38
36 71 1.86
36 74 0.17
36 77 0.23
36 78 1.82
36 79 1.81
36 83 0.84
36 86 0.69
36 90 0.86
36 94 0.54
36 97 0.97
36 99 1.81
37 38 1.94
37 39 0.41
37 41 1.5
37 43 0.97
37 44 0.22
37 45 0.18
37 46 1.5
37 47 1.4
37 48 0.61
37 49 0.5
37 51 0.77
37 54 1.05
37 55 0.73
37 56 0.93
37 58 1.85
37 59 1.48
37 66 1.39
37 73 0.44
37 77 0.6
37 79 0.11
37 82 1.95
37 83 0.33
37 84 1.53
37 85 1.73
37 87 0.05
37 88 1.09
37 89 1.45
37 91 0.68
37 93 1.01
38 42 1.76
38 45 0.8
38 46 1.63
38 47 1.5
38 50 0.4
38 51 0.75
38 56 0.13
38 58 1.76
38 60 0.64
38 62 0.99
38 64 0.41
38 65 0.77
38 67 1.63
38 72 1.53
38 76 1.41
38 81 1.84
38 86 1.12
38 88 0.58
38 91 1.94
38 92 1.5
38 93 0.45
38 94 0.29
39 40 1.33
39 43 1.19
39 48 0.09
39 49 1.61
39 55 1.58
39 57 0.37
39 58 1.19
39 59 0.72
39 61 1.64
39 63 1.07
39 64 0.45
39 68 1.97
39 69 1.09
39 73 0.44
39 77 0.37
39 78 0.96
39 82 0.85
39 83 1.12
39 85 0.76
39 86 0.75
39 88 0.58
39 90 0.27
39 93 1.23
39 94 0.07
39 95 1.8
39 98 0.43
40 42 1.91
40 45 0.43
40 46 0.26
40 47 1.95
40 48 1.74
40 49 1.71
40 50 1.72
40 54 1.38
40 63 0.78
40 69 1.52
40 70 1.99
40 74 1.07
40 92 1.38
40 95 1.62
40 98 1.15
41 42 1.11
41 43 1.83
41 44 0.88
41 46 0.3
41 48 0.85
41 49 0.44
41 52 0.49
41 55 1.27
41 56 1.69
41 57 1.41
41 58 0.67
41 60 0.99
41 61 0.81
41 63 1.06
41 64 0.2
41 67 0.85
41 70 1.09
41 71 0.14
41 74 1.06
41 75 0.2
41 76 1.54
41 77 0.3
41 79 0.26
41 82 1.06
41 84 1.43
41 86 0.31
41 87 0.07
41 89 1.99
41 90 0.51
41 91 1.77
41 92 1.18
41 94 1.26
41 97 1.8
41 99 0.39
42 45 1.8
42 46 1.92
42 48 1.84
42 49 0.98
42 51 1.27
42 53 0.32
42 56 1.43
42 57 0.42
42 59 0.12
42 60 0.27
42 62 1.69
42 71 0.52
42 73 0.86
42 75 0.23
42 78 1.95
42 83 0.71
42 85 0.18
42 86 1.33
42 88 1.55
42 90 1.34
42 91 0.33
42 95 0.27
42 96 0.51
42 98 1.11
43 44 0.61
43 46 0.42
43 52 1.94
43 53 0.12
43 54 1.06
43 56 1.76
43 57 0.7
43 58 0.1
43 60 1.34
43 61 0.55
43 63 1.69
43 65 1.22
43 67 0.85
43 70 0.08
43 71 1.12
43 72 0.94
43 77 1.82
43 80 1.75
43 84 1.55
43 86 1.38
43 90 1.57
43 96 1.32
43 98 0.83
43 99 1.15
44 48 0.53
44 51 1.82
44 54 1.57
44 55 1.76
44 56 1.89
44 57 0.19
44 59 0.74
44 60 0.75
44 64 1.8
44 69 0.56
44 70 0.63
44 76 1.29
44 84 1.37
44 86 0.49
44 88 1.09
44 89 0.44
44 92 0.12
44 94 1.42
44 96 0.24
44 99 0.34
45 46 1.1
45 49 0.71
45 50 1.01
45 52 1.69
45 53 1.54
45 56 1.5
45 62 1.75
45 65 1.09
45 67 0.41
45 77 0.77
45 80 1.65
45 82 0.59
45 83 1.88
45 87 1.16
45 92 0.7
45 93 1.66
45 96 1.14
45 97 0.72
45 98 1.94
46 50 1.05
46 52 0.82
46 55 0.91
46 56 1.74
46 58 0.86
46 66 0.98
46 67 1.79
46 72 1.89
46 73 1.76
46 76 0.95
46 77 1.77
46 79 0.29
46 82 1.08
46 84 1.22
46 85 0.05
46 86 0.43
46 91 0.26
46 92 1.16
46 93 0.64
46 96 0.29
46 99 0.6
47 53 0.47
47 56 0.95
47 59 0.29
47 62 0.2
47 66 1.2
47 68 1.72
47 73 0.46
47 75 0.65
47 77 1.21
47 78 1.77
47 79 0.14
47 84 1.75
47 85 1.14
47 86 1.88
47 88 0.79
47 90 0.22
47 93 1.72
47 97 1.4
48 51 1.47
48 52 0.32
48 55 1.9
48 58 1.89
48 61 1.47
48 63 0.29
48 64 1.25
48 72 0.92
48 78 1.58
48 82 1.23
48 88 1.81
48 89 1.29
48 92 1.68
48 98 0.72
49 50 0.75
49 51 1.57
49 52 1.27
49 53 0.54
49 55 1.62
49 59 0.61
49 63 0.6
49 66 0.23
49 71 1.2
49 73 1.91
49 75 1.06
49 77 1.32
49 83 0.84
49 87 0.07
49 89 1.68
49 91 0.74
49 92 0.79
49 95 1.46
49 97 0.56
49 98 1.2
50 51 1.47
50 53 1.59
50 62 1.89
50 63 1.54
50 64 0.44
50 65 1.43
50 66 1.82
50 67 0.85
50 68 0.18
50 70 1.28
50 71 1.89
50 72 0.78
50 79 1.92
50 80 1.91
50 82 1.79
50 84 0.1
50 87 1.04
50 89 1.31
50 94 1.07
50 96 0.84
50 97 0.22
51 54 1.0
51 55 0.78
51 56 0.1
51 58 0.37
51 61 0.64
51 63 1.41
51 64 0.54
51 66 1.17
51 68 0.9
51 69 1.02
51 70 0.12
51 71 1.29
51 78 0.13
51 80 0.83
51 83 1.17
51 88 0.2
51 89 0.95
51 94 1.29
51 95 1.91
51 98 0.84
51 99 1.29
52 54 0.39
52 55 0.85
52 57 0.89
52 59 1.1
52 60 1.24
52 65 1.07
52 76 0.8
52 78 1.55
52 82 1.58
52 85 1.12
52 86 1.49
52 87 1.38
52 88 0.38
52 91 1.2
52 94 1.59
52 95 1.78
52 96 1.96
53 55 0.45
53 60 1.14
53 61 0.94
53 65 1.76
53 69 0.65
53 75 1.23
53 78 1.51
53 87 1.4
53 92 0.12
53 93 0.9
53 98 1.7
54 57 0.14
54 59 0.95
54 63 0.35
54 64 1.91
54 70 1.99
54 71 1.14
54 75 1.64
54 76 0.43
54 79 1.99
54 83 1.91
54 84 1.58
54 87 0.53
54 89 1.42
54 91 1.18
54 93 0.17
54 96 1.11
54 97 1.61
55 56 0.73
55 57 0.25
55 58 0.72
55 60 1.23
55 63 0.92
55 65 0.5
55 67 1.64
55 69 1.34
55 72 0.85
55 74 1.02
55 76 1.74
55 77 0.05
55 79 1.75
55 86 1.59
55 94 0.37
55 96 1.15
55 97 0.63
56 59 0.97
56 60 0.73
56 62 1.2
56 66 0.76
56 67 0.36
56 68 1.98
56 71 1.97
56 72 1.09
56 73 0.39
56 74 1.97
56 76 0.47
56 77 0.93
56 78 1.86
56 82 1.8
56 83 1.35
56 87 1.97
56 89 1.51
56 90 0.66
56 92 0.68
56 93 1.99
56 97 0.26
56 99 1.56
57 58 0.32
57 60 0.28
57 62 0.46
57 63 1.65
57 64 0.95
57 74 0.43
57 75 0.27
57 76 0.36
57 78 1.32
57 79 1.98
57 86 1.07
57 87 1.46
57 99 1.9
58 59 1.37
58 60 0.36
58 66 0.07
58 68 1.95
58 71 1.09
58 72 1.39
58 73 1.11
58 75 0.95
58 76 0.66
58 78 1.55
58 80 0.72
58 81 1.05
58 83 0.87
58 84 1.31
58 85 1.91
58 87 1.07
58 94 0.84
58 97 0.75
58 99 1.89
59 60 0.65
59 66 1.44
59 70 1.42
59 73 0.5
59 74 1.45
59 76 1.02
59 79 0.46
59 82 1.99
59 85 0.95
59 86 1.18
59 87 1.28
59 91 1.1
59 97 1.94
59 99 1.32
60 61 0.63
60 62 0.11
60 63 0.43
60 67 1.24
60 70 1.23
60 71 0.54
60 74 0.96
60 75 1.13
60 78 0.46
60 85 0.46
60 86 0.93
60 88 0.47
60 89 0.39
60 90 1.07
60 96 0.55
60 97 1.41
60 99 0.05
61 66 0.89
61 73 1.26
61 75 0.52
61 83 1.28
61 85 1.23
61 86 1.38
61 91 1.59
61 92 1.28
61 96 1.79
61 99 0.65
62 63 1.22
62 67 0.3
62 71 0.89
62 72 0.94
62 75 1.16
62 78 1.5
62 79 0.84
62 81 1.76
62 83 1.82
62 85 0.18
62 90 1.08
62 91 1.63
62 95 1.27
62 96 0.4
62 97 0.92
62 99 0.09
63 64 1.03
63 65 0.84
63 67 1.63
63 68 0.09
63 69 0.8
63 71 1.12
63 72 0.07
63 74 0.41
63 75 1.76
63 81 1.75
63 85 1.88
63 86 1.89
63 87 0.84
63 89 1.03
63 92 1.43
63 93 0.27
63 95 1.34
63 96 1.87
63 98 0.09
64 68 0.29
64 69 0.11
64 70 0.94
64 72 0.57
64 73 1.0
64 75 0.57
64 77 0.08
64 78 1.93
64 79 1.99
64 80 1.95
64 83 0.82
64 91 1.09
64 97 0.51
65 70 0.78
65 74 0.78
65 75 1.23
65 78 1.34
65 80 0.3
65 81 0.52
65 82 1.63
65 83 0.24
65 84 1.08
65 86 1.2
65 88 1.83
65 89 1.67
65 91 1.74
65 93 0.72
65 95 1.07
66 67 0.62
66 69 1.65
66 71 1.76
66 73 0.52
66 77 1.49
66 78 1.5
66 80 0.3
66 81 1.6
66 82 1.62
66 84 0.31
66 87 0.83
66 91 1.14
66 94 0.7
66 96 0.17
66 98 0.55
67 68 1.91
67 69 1.14
67 71 1.76
67 72 0.24
67 73 0.77
67 74 1.39
67 76 0.8
67 77 0.92
67 81 1.05
67 85 0.36
67 86 1.69
67 88 1.86
67 90 0.76
67 92 0.17
67 94 0.7
67 95 0.66
67 99 0.24
68 73 0.7
68 74 1.44
68 75 0.99
68 77 1.21
68 80 1.9
68 81 1.16
68 86 1.04
68 87 0.3
68 93 0.27
68 95 0.21
68 97 1.06
69 71 1.05
69 72 0.85
69 73 0.87
69 76 0.09
69 77 1.12
69 79 0.4
69 81 1.58
69 84 1.77
69 89 0.35
69 91 0.93
69 94 0.61
69 95 1.13
69 99 1.11
70 71 1.63
70 73 0.28
70 74 0.96
70 87 1.9
70 89 0.81
70 90 1.47
70 91 0.87
70 93 1.05
70 94 0.18
70 97 1.41
70 99 0.58
71 77 0.5
71 78 0.35
71 79 0.55
71 83 1.58
71 92 1.81
71 99 0.41
72 75 0.43
72 80 1.94
72 83 1.79
72 85 0.68
72 88 1.64
72 89 0.16
72 90 1.13
72 94 1.75
73 77 1.68
73 78 1.51
73 80 1.9
73 81 0.18
73 83 1.2
73 85 1.65
73 88 0.82
73 90 0.28
73 97 1.94
74 75 1.07
74 77 1.18
74 81 0.22
74 85 0.35
74 88 0.84
74 89 1.51
74 92 0.74
74 93 1.73
74 94 1.67
74 95 1.53
74 96 0.69
74 97 0.27
74 99 1.82
75 80 0.09
75 81 0.35
75 82 1.55
75 83 1.42
75 85 1.55
75 88 1.11
75 89 1.92
75 94 0.23
75 98 1.03
75 99 0.89
76 78 0.62
76 80 1.02
76 81 0.47
76 83 1.33
76 86 0.13
76 87 1.13
76 88 0.07
76 95 0.77
76 99 1.58
77 79 0.77
77 91 1.29
77 92 1.59
77 95 0.18
77 99 1.23
78 82 1.81
78 83 0.65
78 84 0.81
78 87 1.81
78 90 1.09
78 93 1.45
78 94 1.13
78 95 1.41
78 96 0.41
79 80 0.83
79 83 0.68
79 84 1.88
79 85 0.53
79 90 1.22
79 91 1.32
79 92 0.26
79 95 0.55
80 81 0.48
80 82 1.65
80 84 1.86
80 86 0.25
80 87 0.25
80 88 0.68
80 89 0.07
80 90 1.22
80 91 0.56
80 93 0.29
80 96 1.85
80 99 1.19
81 85 1.34
81 87 1.05
81 91 1.59
81 92 1.54
81 93 1.43
81 94 0.97
81 95 0.38
81 96 0.61
82 85 0.55
82 91 0.2
82 92 1.44
82 97 0.82
83 85 0.59
83 88 1.04
83 89 0.17
83 90 0.48
83 91 0.24
83 93 0.99
83 96 1.58
83 97 1.16
83 99 1.44
84 85 0.5
84 87 0.58
84 88 1.68
84 90 1.25
84 91 0.47
84 98 0.67
85 88 0.5
85 91 0.21
85 92 0.14
85 93 1.82
86 89 0.72
86 91 0.87
86 95 1.19
86 98 1.05
87 88 1.5
87 90 0.96
87 91 1.7
87 94 1.59
87 95 1.91
87 98 1.47
88 96 0.86
88 97 0.24
88 99 0.28
89 91 1.31
89 92 0.58
89 94 0.75
89 95 0.63
89 98 0.92
90 91 1.07
90 92 0.93
90 94 0.28
90 99 0.07
91 92 1.28
91 96 1.03
92 95 0.54
92 98 0.98
93 99 0.56
94 98 0.23
95 96 1.84
95 98 1.61
96 97 1.53