100
0 24 49.978
0 32 48.328
0 38 50.309
0 41 53.181
0 68 54.148
0 72 53.383
0 86 54.307
1 8 50.596
1 24 47.456
1 30 50.758
1 77 48.227
2 11 52.838
2 15 47.689
2 26 51.323
2 27 48.616
2 30 49.285
2 38 49.833
2 43 48.779
2 50 51.050
2 59 49.216
2 84 50.904
2 88 46.883
2 89 46.283
2 95 52.351
3 10 50.642
3 39 45.935
3 49 52.023
3 65 56.986
3 76 53.498
3 91 47.371
4 17 52.995
4 41 48.949
4 49 53.037
4 56 52.169
4 94 48.775
5 9 54.362
5 19 48.393
5 20 49.333
5 32 48.970
5 60 49.782
5 90 50.218
6 17 52.355
6 18 46.672
6 34 54.903
6 41 48.993
6 49 54.085
6 52 42.316
7 11 53.114
7 28 45.601
7 71 55.839
7 76 46.694
7 84 50.938
7 95 56.270
8 73 51.412
9 56 51.646
9 65 48.907
10 16 52.027
10 19 52.864
10 31 54.486
10 39 52.126
10 58 50.322
10 60 46.222
10 75 52.650
10 76 52.313
10 82 50.033
11 23 48.790
11 67 53.840
11 80 49.912
12 16 51.352
12 25 48.112
12 36 45.487
12 53 50.679
12 67 53.243
12 93 48.617
12 97 47.245
13 85 54.213
13 94 50.404
14 30 51.455
14 43 53.450
14 47 50.502
14 51 51.433
14 54 54.348
14 95 51.595
14 96 50.615
15 49 48.077
15 64 46.814
16 21 51.442
16 28 52.942
16 32 53.606
16 88 51.741
16 89 46.791
17 20 51.959
17 46 47.612
17 59 51.174
17 62 48.871
18 20 50.604
18 76 49.947
18 96 45.319
19 21 46.458
19 39 47.459
19 63 50.465
19 70 46.505
19 93 52.157
20 43 49.066
20 57 48.160
20 64 47.970
20 78 46.596
20 82 48.456
20 89 48.193
20 97 51.479
21 52 51.976
21 57 49.884
21 64 51.031
22 29 45.732
22 69 50.615
22 82 51.316
23 30 47.886
23 90 46.988
24 76 53.953
25 31 48.202
25 34 47.958
25 41 48.941
25 54 48.231
25 84 54.190
25 88 55.446
26 34 47.331
26 40 53.188
26 87 51.270
27 36 46.434
27 41 46.689
28 72 55.164
28 73 45.203
29 52 51.720
29 55 54.461
29 60 48.012
29 63 48.842
29 64 44.177
29 76 47.578
29 92 52.187
30 32 52.058
30 37 48.034
30 39 48.230
30 47 56.156
30 73 52.120
30 98 51.312
31 86 55.962
32 36 51.243
32 38 48.387
32 45 57.021
32 51 51.561
32 52 53.332
32 73 47.046
32 91 51.075
33 52 49.112
33 53 45.267
33 59 48.816
33 95 47.119
34 79 49.445
34 82 54.033
34 98 51.639
35 36 54.686
35 37 50.346
35 56 45.014
35 73 49.968
35 94 54.595
36 46 50.330
36 61 50.368
36 69 54.556
36 73 46.444
36 79 52.673
37 48 43.303
37 74 48.831
37 80 52.184
37 89 52.528
38 61 43.778
38 63 49.947
38 96 49.987
39 50 51.752
39 67 53.681
39 84 47.598
39 91 56.506
39 93 50.826
40 68 45.273
40 72 47.504
40 84 51.038
41 59 54.432
41 71 52.722
41 92 50.175
42 50 48.732
42 61 52.566
42 67 49.877
42 71 51.556
42 93 49.845
43 61 54.190
43 62 54.048
43 78 48.629
43 94 50.723
43 97 50.159
44 52 49.945
44 63 50.635
44 80 52.215
44 88 50.417
45 56 55.693
46 52 53.227
46 64 48.617
46 72 48.570
46 92 53.231
46 99 48.779
47 58 50.230
47 62 51.029
47 71 50.051
47 84 47.948
47 92 48.207
48 53 59.868
48 74 45.146
48 91 51.107
48 95 48.984
48 99 52.752
49 67 53.567
49 72 52.860
49 73 50.598
49 80 50.602
49 92 43.079
49 93 51.863
49 97 49.969
50 56 54.520
50 87 46.684
50 88 47.125
50 91 45.779
51 69 53.620
51 76 55.005
51 77 48.815
51 82 51.897
52 61 53.471
52 65 51.547
52 71 46.108
52 72 50.985
52 91 52.321
53 59 46.596
53 65 43.077
54 81 53.858
54 84 50.835
54 86 56.646
54 89 46.606
55 58 56.239
55 62 53.003
55 67 51.310
56 66 50.317
56 69 43.848
56 80 51.163
57 69 49.324
57 83 49.216
57 86 49.274
58 69 52.116
58 89 43.076
59 63 50.441
59 72 44.166
59 81 49.967
60 73 50.177
60 77 48.547
60 96 48.701
61 90 47.767
62 76 47.844
63 70 49.726
63 80 49.637
63 90 53.725
65 77 54.290
66 67 52.713
66 75 51.782
66 86 48.284
67 72 44.537
67 83 50.402
67 87 50.996
68 73 51.532
68 75 49.249
69 89 57.005
69 94 50.467
70 87 49.256
70 96 50.602
70 99 49.312
71 84 54.412
72 75 55.929
72 88 50.790
73 84 47.547
74 75 49.561
75 84 48.188
75 85 51.434
78 94 57.645
79 84 48.194
79 95 50.469
79 97 49.584
79 98 56.450
79 99 47.981
80 87 53.492
80 89 45.839
80 91 52.038
83 93 48.124
83 98 52.032
86 95 46.939
87 96 47.166
90 92 44.546
90 94 48.883