100
0 29 59.58
0 32 43.77
0 33 33.9
0 51 48.42
0 56 15.91
0 76 56.74
1 27 76.96
1 38 68.3
1 79 76.85
2 4 0.07
2 13 48.81
2 40 58.55
2 41 83.03
2 52 72.35
2 70 36.99
2 77 84.98
3 47 57.21
4 53 91.67
4 63 7.54
5 27 58.29
5 31 53.07
5 39 42.87
6 12 57.73
6 28 3.05
6 46 19.72
6 50 94.2
6 57 79.84
7 17 8.46
7 83 92.84
8 14 78.78
8 40 86.02
8 44 78.33
8 54 69.72
8 66 96.48
9 22 32.09
9 65 47.35
9 67 85.68
10 28 97.6
10 34 39.72
10 44 8.86
10 61 80.14
10 64 79.65
10 69 29.81
10 72 39.89
10 79 24.1
10 86 8.99
11 16 2.68
11 84 61.23
11 94 46.94
12 32 33.25
12 80 23.48
12 83 8.78
13 15 93.96
13 22 45.26
13 28 71.12
13 29 15.84
13 44 73.77
13 62 81.55
13 72 74.33
13 73 56.52
13 80 71.03
13 90 11.25
13 94 68.63
13 95 87.74
14 26 66.18
14 28 2.3
14 31 68.63
14 72 91.47
15 17 81.68
15 39 15.9
15 85 94.51
16 27 65.58
16 28 9.49
16 34 19.47
16 42 45.62
16 44 91.34
16 46 95.78
16 60 63.43
16 61 27.94
16 64 87.8
16 70 38.47
16 85 1.75
17 73 46.1
17 99 9.67
18 38 63.9
18 56 45.48
18 77 66.65
19 56 21.97
19 67 16.28
19 81 46.57
20 71 1.65
20 89 97.47
20 99 4.3
21 57 80.15
21 66 9.93
21 84 79.98
22 30 80.45
22 33 83.9
22 47 77.18
22 71 44.57
22 84 30.56
23 32 24.12
23 76 72.5
23 86 29.84
23 87 56.48
23 97 32.29
24 37 48.47
24 61 51.33
24 83 35.52
24 94 15.55
25 31 73.68
25 40 26.81
25 42 52.57
25 47 82.47
25 78 75.99
26 54 17.87
27 41 23.39
28 48 54.16
28 65 26.37
28 84 76.83
28 89 79.71
29 56 11.26
29 57 25.22
29 76 64.23
29 84 33.81
30 41 60.56
30 61 54.57
30 71 98.99
30 75 58.93
30 90 9.42
31 58 83.15
31 68 26.14
31 70 80.3
31 76 74.35
31 92 6.31
32 44 22.84
32 69 1.26
32 77 89.98
33 40 66.18
33 78 83.95
33 87 33.73
33 90 16.45
33 95 17.77
34 58 11.96
34 79 52.66
35 55 19.93
35 68 30.46
36 48 16.27
36 52 27.59
36 58 89.83
36 84 45.78
36 96 5.53
37 55 55.2
37 76 22.56
37 96 10.55
38 90 12.02
39 77 9.55
39 78 52.93
39 87 82.51
40 69 38.29
40 90 10.27
40 92 80.83
40 98 39.59
41 52 70.9
41 77 84.53
41 86 5.88
42 50 38.48
42 61 12.74
42 70 98.58
42 86 1.81
42 91 44.55
42 95 73.79
43 45 52.92
43 98 1.13
44 55 46.87
44 66 93.34
44 95 92.79
44 97 43.31
45 50 37.85
45 70 83.41
45 84 39.75
45 91 78.31
46 49 89.99
46 70 74.96
46 87 38.13
47 53 48.71
47 85 85.45
47 94 36.73
48 59 91.65
48 81 86.9
48 93 17.43
49 65 14.69
49 68 14.52
49 92 85.96
50 53 24.92
50 75 97.0
51 55 84.0
51 69 2.37
51 74 40.37
51 85 22.83
52 54 35.1
52 69 44.04
52 75 19.49
53 87 7.84
53 96 35.65
54 78 35.47
54 82 1.83
54 84 91.37
56 64 67.15
57 60 48.04
57 80 89.28
57 92 3.78
57 93 63.66
59 81 4.85
59 94 87.37
60 61 4.88
60 77 73.57
61 84 2.52
62 65 67.76
62 69 68.49
62 79 94.84
62 81 85.07
62 87 32.55
63 78 54.31
64 70 56.74
64 76 96.22
64 79 47.5
64 85 55.71
64 94 24.75
65 71 48.54
65 92 55.97
65 98 18.37
66 88 30.83
68 73 32.27
68 74 80.28
69 82 72.28
69 91 25.06
69 98 38.07
70 76 2.31
70 84 55.49
71 78 46.3
71 87 1.23
71 91 4.55
71 99 6.83
73 76 88.76
73 92 40.78
74 75 69.58
74 78 35.22
74 80 96.29
74 86 67.66
75 77 34.1
75 88 72.56
76 91 2.64
76 96 20.79
77 85 36.46
78 85 97.89
78 89 48.82
79 80 61.05
79 84 82.7
79 90 62.05
81 83 45.32
84 99 69.2
86 98 21.34
87 95 45.89
87 99 39.72
93 95 60.21
94 96 46.53
95 97 74.24