99
0 1 6.799
0 2 3.563
0 3 2.701
0 4 6.623
0 5 5.104
0 6 5.648
0 7 3.756
0 8 3.407
0 9 4.169
0 10 5.655
0 11 3.564
0 12 5.775
0 13 4.78
0 14 4.69
0 15 5.365
0 16 5.288
0 17 5.585
0 18 4.931
0 19 5.55
0 20 4.261
0 21 4.502
0 22 3.893
0 23 3.933
0 24 6.842
0 25 5.706
0 26 6.564
0 27 4.561
0 28 4.538
0 29 6.516
0 30 4.881
0 31 4.941
0 32 5.853
0 33 4.813
0 34 2.895
1 2 4.417
1 3 5.285
1 4 6.557
1 5 5.612
1 6 5.25
1 7 4.444
1 8 4.956
1 9 5.115
1 10 4.225
1 11 5.407
1 12 6.082
1 13 3.03
1 14 3.645
1 15 5.232
1 16 5.487
1 17 4.979
1 18 2.842
1 19 3.997
1 20 6.574
1 21 4.909
1 22 4.494
1 23 5.919
1 24 2.65
1 25 5.602
1 26 5.174
1 27 3.43
1 28 6.815
1 29 5.165
1 30 5.138
1 31 4.674
1 32 3.564
1 35 2.346
1 36 1.436
2 3 5.946
2 4 4.954
2 5 5.819
2 6 4.878
2 7 5.688
2 8 5.519
2 9 5.085
2 10 4.589
2 11 4.985
2 12 3.109
2 13 5.203
2 14 5.562
2 15 6.916
2 16 5.207
2 17 5.048
2 18 5.825
2 19 5.563
2 20 4.749
2 21 5.294
2 22 5.066
2 23 6.177
2 24 6.337
2 25 4.711
2 26 5.79
2 27 4.749
2 28 5.342
2 29 5.869
2 30 4.26
2 31 5.222
2 32 5.827
2 37 3.572
2 38 3.109
3 4 5.446
3 5 4.509
3 6 4.558
3 7 4.542
3 8 6.958
3 9 5.044
3 10 5.368
3 11 7.788
3 12 5.609
3 13 6.59
3 14 5.615
3 15 4.686
3 16 3.679
3 17 3.521
3 18 4.814
3 19 4.317
3 20 5.586
3 21 6.539
3 22 5.704
3 23 4.074
3 24 3.522
3 25 4.933
3 26 4.448
3 27 3.757
3 28 4.458
3 29 5.722
3 30 4.516
3 31 3.863
3 32 4.466
3 39 4.503
3 40 3.651
4 5 5.871
4 6 4.466
4 7 4.913
4 8 7.365
4 9 4.975
4 10 3.873
4 11 7.321
4 12 4.982
4 13 5.836
4 14 4.383
4 15 5.917
4 16 6.151
4 17 5.224
4 18 4.938
4 19 5.805
4 20 5.859
4 21 3.155
4 22 4.772
4 23 3.381
4 24 4.97
4 25 5.725
4 26 4.3
4 27 6.25
4 28 5.083
4 29 5.489
4 30 5.627
4 31 6.392
4 32 5.346
4 41 3.373
4 42 2.516
5 6 3.696
5 7 5.544
5 8 4.693
5 9 2.678
5 10 4.677
5 11 4.343
5 12 5.364
5 13 4.944
5 14 5.767
5 15 5.657
5 16 6.379
5 17 5.038
5 18 4.208
5 19 4.46
5 20 3.403
5 21 4.918
5 22 5.074
5 23 4.549
5 24 5.631
5 25 3.945
5 26 4.629
5 27 3.695
5 28 4.922
5 29 5.811
5 30 4.871
5 31 7.066
5 32 3.066
5 43 2.799
5 44 3.074
6 7 4.085
6 8 3.286
6 9 6.465
6 10 4.481
6 11 4.555
6 12 4.028
6 13 6.069
6 14 4.927
6 15 4.784
6 16 6.089
6 17 5.487
6 18 7.535
6 19 6.152
6 20 4.271
6 21 4.239
6 22 5.297
6 23 3.381
6 24 5.968
6 25 5.765
6 26 6.767
6 27 5.741
6 28 7.122
6 29 5.73
6 30 4.084
6 31 4.636
6 32 4.716
6 45 4.59
6 46 2.509
7 8 4.486
7 9 6.118
7 10 4.382
7 11 6.161
7 12 6.124
7 13 4.108
7 14 3.475
7 15 6.06
7 16 4.993
7 17 2.313
7 18 2.542
7 19 6.943
7 20 7.853
7 21 5.449
7 22 4.834
7 23 7.289
7 24 6.106
7 25 5.485
7 26 6.247
7 27 3.861
7 28 3.715
7 29 4.663
7 30 5.485
7 31 4.582
7 32 5.263
7 47 3.446
7 48 2.919
8 9 4.032
8 10 5.25
8 11 3.932
8 12 3.983
8 13 4.378
8 14 5.381
8 15 3.8
8 16 4.653
8 17 4.028
8 18 4.202
8 19 3.116
8 20 3.929
8 21 5.569
8 22 7.037
8 23 4.734
8 24 4.256
8 25 4.663
8 26 5.702
8 27 4.581
8 28 3.581
8 29 5.657
8 30 4.28
8 31 4.032
8 32 4.813
8 49 2.198
8 50 3.158
9 10 4.416
9 11 7.341
9 12 5.938
9 13 6.507
9 14 4.727
9 15 5.539
9 16 5.83
9 17 3.63
9 18 3.124
9 19 5.183
9 20 5.324
9 21 5.127
9 22 5.263
9 23 5.154
9 24 6.08
9 25 5.241
9 26 5.352
9 27 5.609
9 28 5.915
9 29 2.758
9 30 4.562
9 31 3.874
9 32 5.902
9 51 2.096
9 52 4.39
10 11 5.37
10 12 5.448
10 13 4.312
10 14 4.791
10 15 4.492
10 16 3.568
10 17 2.577
10 18 6.298
10 19 5.362
10 20 5.811
10 21 3.293
10 22 4.858
10 23 3.46
10 24 5.651
10 25 3.406
10 26 4.355
10 27 5.362
10 28 5.002
10 29 6.194
10 30 4.557
10 31 3.909
10 32 5.369
10 53 2.766
10 54 4.219
11 12 6.481
11 13 6.665
11 14 5.336
11 15 4.104
11 16 5.568
11 17 3.874
11 18 5.105
11 19 3.538
11 20 3.174
11 21 4.158
11 22 3.208
11 23 4.17
11 24 4.638
11 25 4.991
11 26 6.131
11 27 4.599
11 28 6.686
11 29 3.547
11 30 3.468
11 31 5.88
11 32 6.734
11 55 1.98
11 56 3.329
12 13 4.561
12 14 5.222
12 15 7.012
12 16 5.597
12 17 5.102
12 18 5.146
12 19 3.374
12 20 5.795
12 21 4.66
12 22 4.873
12 23 6.091
12 24 4.314
12 25 6.055
12 26 4.904
12 27 4.011
12 28 5.829
12 29 5.588
12 30 4.021
12 31 6.481
12 32 6.374
12 57 2.733
12 58 3.462
13 14 3.376
13 15 4.989
13 16 5.778
13 17 3.298
13 18 4.538
13 19 4.506
13 20 3.069
13 21 4.253
13 22 4.464
13 23 4.45
13 24 5.616
13 25 5.617
13 26 6.164
13 27 4.7
13 28 3.308
13 29 5.111
13 30 4.759
13 31 4.109
13 32 4.66
13 59 3.003
13 60 3.027
14 15 4.123
14 16 4.111
14 17 4.515
14 18 3.611
14 19 5.192
14 20 5.579
14 21 5.297
14 22 5.368
14 23 5.05
14 24 7.387
14 25 2.712
14 26 4.185
14 27 3.822
14 28 4.788
14 29 3.742
14 30 5.134
14 31 5.365
14 32 4.871
14 61 3.816
14 62 1.662
15 16 4.456
15 17 5.193
15 18 3.929
15 19 8.107
15 20 4.105
15 21 4.405
15 22 6.274
15 23 4.506
15 24 5.431
15 25 3.773
15 26 6.595
15 27 4.056
15 28 4.555
15 29 6.853
15 30 4.605
15 31 4.26
15 32 7.669
15 63 1.797
15 64 4.144
16 17 7.191
16 18 5.668
16 19 6.025
16 20 3.694
16 21 4.851
16 22 4.17
16 23 4.818
16 24 4.807
16 25 5.855
16 26 4.711
16 27 5.888
16 28 3.732
16 29 5.071
16 30 5.061
16 31 5.091
16 32 6.95
16 65 3.646
16 66 1.41
17 18 4.794
17 19 6.719
17 20 4.732
17 21 3.81
17 22 4.741
17 23 5.479
17 24 5.684
17 25 3.453
17 26 4.75
17 27 5.786
17 28 4.754
17 29 4.138
17 30 5.244
17 31 4.884
17 32 4.209
17 67 3.673
17 68 3.362
18 19 5.204
18 20 3.03
18 21 5.391
18 22 4.699
18 23 3.964
18 24 5.732
18 25 4.534
18 26 5.263
18 27 5.351
18 28 5.618
18 29 3.974
18 30 6.533
18 31 4.451
18 32 5.643
18 69 4.554
18 70 1.26
19 20 4.028
19 21 6.677
19 22 5.505
19 23 4.339
19 24 4.698
19 25 4.517
19 26 4.184
19 27 4.04
19 28 4.468
19 29 6.58
19 30 5.486
19 31 4.2
19 32 5.107
19 71 2.018
19 72 2.57
20 21 4.246
20 22 5.693
20 23 5.502
20 24 6.703
20 25 4.439
20 26 5.181
20 27 6.797
20 28 4.802
20 29 3.555
20 30 3.149
20 31 5.814
20 32 5.094
20 73 3.743
20 74 4.462
21 22 3.278
21 23 5.347
21 24 5.919
21 25 6.645
21 26 4.511
21 27 6.42
21 28 6.159
21 29 3.657
21 30 3.46
21 31 4.09
21 32 3.574
21 75 3.369
21 76 3.912
22 23 4.451
22 24 5.904
22 25 4.785
22 26 3.478
22 27 3.432
22 28 5.316
22 29 3.979
22 30 4.29
22 31 3.803
22 32 4.764
22 77 2.228
22 78 3.251
23 24 7.212
23 25 4.929
23 26 6.072
23 27 5.57
23 28 2.642
23 29 4.608
23 30 5.294
23 31 5.133
23 32 4.731
23 79 2.227
23 80 3.183
24 25 4.273
24 26 4.318
24 27 5.135
24 28 6.645
24 29 4.069
24 30 4.968
24 31 7.64
24 32 5.669
24 81 2.417
24 82 2.795
25 26 5.736
25 27 6.328
25 28 4.403
25 29 3.748
25 30 5.163
25 31 4.164
25 32 5.961
25 83 3.981
25 84 0.744
26 27 5.869
26 28 4.644
26 29 6.802
26 30 4.729
26 31 6.432
26 32 4.951
26 85 2.873
26 86 3.47
27 28 6.099
27 29 5.286
27 30 5.392
27 31 4.077
27 32 5.772
27 87 2.634
27 88 2.261
28 29 4.24
28 30 4.686
28 31 4.457
28 32 6.175
28 89 2.496
28 90 4.197
29 30 4.604
29 31 2.57
29 32 5.435
29 91 3.545
29 92 2.751
30 31 5.001
30 32 5.098
30 93 3.037
30 94 1.516
31 32 5.764
31 95 2.788
31 96 4.739
32 97 3.976
32 98 1.976
33 35 2.279
34 36 5.173
37 39 4.721
38 40 1.886
41 43 3.406
42 44 3.921
45 47 2.404
46 48 2.175
49 51 2.399
50 52 3.695
53 55 3.552
54 56 3.799
57 59 2.068
58 60 2.288
61 63 1.101
62 64 3.227
65 67 2.221
66 68 2.368
69 71 2.587
70 72 3.533
73 75 1.761
74 76 1.467
77 79 1.365
78 80 2.835
81 83 3.699
82 84 3.518
85 87 3.161
86 88 2.809
89 91 3.088
90 92 1.957
93 95 5.081
94 96 3.606