100
0 1 82
0 2 31
1 3 64
2 3 74
3 4 93
3 5 47
4 6 49
5 6 19
6 7 59
6 8 35
7 9 36
8 9 86
9 10 84
9 11 97
10 12 28
11 12 34
12 13 34
12 14 97
13 15 80
14 15 22
15 16 78
15 17 23
16 18 15
17 18 3
18 19 44
18 20 43
19 21 31
20 21 70
21 22 32
21 23 73
22 24 64
23 24 6
24 25 28
24 26 6
25 27 13
26 27 76
27 28 30
27 29 89
28 30 34
29 30 52
30 31 53
30 32 95
31 33 46
32 33 38
33 34 47
33 35 86
34 36 69
35 36 77
36 37 85
36 38 80
37 39 5
38 39 96
39 40 41
39 41 96
40 42 43
41 42 27
42 43 77
42 44 77
43 45 50
44 45 49
45 46 65
45 47 22
46 48 80
47 48 39
48 49 17
48 50 34
49 51 69
50 51 40
51 52 54
51 53 79
52 54 11
53 54 62
54 55 15
54 56 80
55 57 16
56 57 73
57 58 34
57 59 16
58 60 35
59 60 43
60 61 54
60 62 20
61 63 18
62 63 57
63 64 46
63 65 53
64 66 65
65 66 61
66 67 90
66 68 53
67 69 28
68 69 89
69 70 15
69 71 15
70 72 31
71 72 98
72 73 66
72 74 32
73 75 41
74 75 22
75 76 94
75 77 15
76 78 40
77 78 30
78 79 48
78 80 30
79 81 63
80 81 86
81 82 91
81 83 52
82 84 66
83 84 18
84 85 71
84 86 64
85 87 88
86 87 98
87 88 70
87 89 94
88 90 24
89 90 29
90 91 45
90 92 40
91 93 35
92 93 20
93 94 80
93 95 80
94 96 64
95 96 9
96 97 42
96 98 10
97 99 87
98 99 57
