100 
33 91 42.11
91 62 98.3
62 65 5.36
65 59 13.44
59 37 66.41
37 6 84.61
6 48 67.34
48 61 53.82
61 85 27.98
85 81 11.56
81 26 1.45
26 4 39.64
4 45 95.46
45 97 1.79
97 10 68.5
10 31 53.15
31 28 13.24
28 19 49.06
19 80 36.82
80 88 67.43
88 24 25.93
24 8 51.49
8 52 87.12
52 89 68.89
89 71 62.37
71 95 9.13
95 12 3.43
12 54 10.54
54 5 95.77
5 40 84.29
40 79 84.86
79 7 40.41
7 25 86.3
25 93 70.51
93 82 64.1
82 53 5.59
53 13 43.71
13 43 50.33
43 58 20.63
58 50 53.95
50 14 24.41
14 30 19.01
30 78 76.47
78 42 81.63
42 41 53.52
41 94 62.33
94 18 58.9
18 96 76.46
96 68 70.48
68 22 30.43
22 76 97.93
76 47 49.36
47 51 34.51
51 2 89.77
2 63 51.77
63 83 69.7
83 49 6.52
49 23 56.11
23 3 8.63
3 60 90.6
60 87 48.74
87 46 15.2
46 1 51.32
1 75 64.97
75 84 22.5
84 16 70.34
16 21 91.15
21 92 52.56
92 99 39.16
99 27 95.17
27 72 83.13
72 98 14.7
98 70 26.76
70 29 94.61
29 66 73.08
66 77 28.78
77 17 63.44
17 36 23.92
36 20 11.73
20 86 82.37
86 57 29.21
57 0 71.51
0 67 5.34
67 34 16.68
34 64 42.01
64 39 5.01
39 55 80.86
55 38 80.92
38 9 31.61
9 69 93.87
69 73 37.59
73 44 60.12
44 15 84.85
15 90 40.24
90 32 46.91
32 56 69.17
56 11 5.6
11 35 64.6
35 74 34.97
0 2 38.91
0 5 59.87
0 7 47.9
0 9 53.13
0 10 36.9
0 12 17.4
0 13 63.56
0 14 80.92
0 16 53.25
0 21 7.58
0 22 58.76
0 29 46.99
0 32 24.18
0 35 92.14
0 37 74.97
0 39 75.19
0 41 67.43
0 42 81.2
0 45 22.79
0 48 91.29
0 49 41.02
0 52 22.56
0 53 9.93
0 54 36.5
0 58 70.81
0 62 80.95
0 63 66.21
0 64 48.02
0 65 18.18
0 70 86.96
0 72 95.61
0 73 64.26
0 76 69.94
0 77 55.22
0 79 12.2
0 80 3.65
0 82 85.69
0 84 27.02
0 88 89.78
0 89 40.69
0 90 10.44
0 91 11.48
0 92 55.89
0 93 35.72
0 97 57.33
0 98 97.81
0 99 96.94
1 2 17.1
1 5 23.11
1 9 51.43
1 10 59.45
1 11 63.48
1 16 59.12
1 18 91.63
1 20 37.96
1 21 89.45
1 24 2.61
1 27 81.9
1 30 45.8
1 32 42.27
1 35 8.82
1 38 56.78
1 39 32.16
1 40 63.98
1 41 19.72
1 43 14.94
1 45 55.2
1 52 11.38
1 54 83.1
1 55 5.81
1 56 64.23
1 57 30.22
1 60 45.48
1 61 30.3
1 62 1.53
1 66 75.34
1 68 61.19
1 71 33.96
1 76 94.12
1 82 25.27
1 83 43.24
1 88 92.07
1 89 94.37
1 91 13.01
1 94 79.23
1 98 62.36
2 3 88.77
2 7 74.09
2 8 52.38
2 9 63.39
2 10 2.97
2 11 34.96
2 13 66.35
2 16 63.92
2 18 53.09
2 19 14.89
2 23 21.5
2 24 56.67
2 25 26.76
2 26 74.02
2 28 24.49
2 29 20.91
2 30 58.51
2 32 17.92
2 33 95.84
2 35 18.98
2 37 12.91
2 39 74.06
2 42 98.51
2 46 67.43
2 48 15.77
2 52 38.26
2 53 25.9
2 54 94.47
2 56 98.73
2 58 57.63
2 60 44.0
2 66 4.94
2 67 65.53
2 71 98.2
2 74 63.69
2 75 49.5
2 76 53.26
2 80 3.58
2 81 85.97
2 85 28.43
2 86 47.41
2 88 69.58
2 89 95.03
2 90 72.03
2 91 32.12
2 92 66.33
2 93 73.44
2 94 92.9
2 96 63.98
2 97 30.62
2 99 22.6
3 5 53.08
3 6 97.49
3 7 12.83
3 13 9.09
3 14 39.6
3 15 57.82
3 19 32.48
3 22 84.78
3 24 90.74
3 25 94.19
3 26 95.9
3 28 32.94
3 29 22.37
3 31 64.5
3 32 90.56
3 33 91.94
3 35 62.92
3 37 62.63
3 38 48.22
3 39 42.06
3 40 58.67
3 41 64.62
3 42 75.76
3 47 68.99
3 50 13.6
3 52 19.68
3 55 19.7
3 58 50.4
3 59 2.73
3 61 59.65
3 65 96.24
3 66 43.89
3 67 30.53
3 70 42.49
3 71 52.53
3 75 52.19
3 77 98.94
3 78 20.33
3 81 58.05
3 87 64.39
3 89 16.29
3 90 40.38
3 95 64.15
4 0 24.48
4 1 90.24
4 5 59.08
4 8 92.71
4 9 16.68
4 10 28.29
4 11 65.43
4 14 44.34
4 15 61.06
4 17 36.07
4 18 84.23
4 19 57.55
4 21 5.61
4 28 9.4
4 30 28.45
4 31 18.16
4 34 32.89
4 35 28.36
4 36 25.38
4 37 0.89
4 41 13.96
4 42 26.8
4 43 42.46
4 44 62.91
4 47 70.73
4 49 1.87
4 50 68.19
4 51 72.25
4 55 51.27
4 56 68.5
4 57 25.92
4 59 98.38
4 61 50.48
4 64 49.4
4 65 25.41
4 66 15.35
4 70 16.73
4 71 7.41
4 72 82.75
4 75 94.6
4 79 39.5
4 80 51.11
4 82 22.38
4 83 79.08
4 86 10.23
4 93 36.64
4 94 96.63
4 95 5.48
4 96 60.16
4 99 40.94
5 2 90.07
5 6 49.61
5 7 69.62
5 11 2.24
5 14 61.49
5 16 2.13
5 22 53.1
5 23 94.21
5 24 77.22
5 25 41.59
5 26 85.15
5 28 23.55
5 34 7.75
5 35 17.61
5 37 99.04
5 38 50.58
5 41 31.47
5 44 0.91
5 46 49.0
5 47 70.81
5 50 6.91
5 52 41.49
5 53 9.13
5 57 2.52
5 59 41.04
5 60 0.49
5 62 85.64
5 66 31.09
5 68 36.4
5 71 93.16
5 72 13.93
5 73 87.28
5 76 7.67
5 78 30.46
5 79 63.51
5 80 64.83
5 81 24.79
5 85 11.35
5 86 77.08
5 89 78.18
5 92 18.47
5 93 74.73
5 94 46.81
5 95 99.35
5 96 47.41
6 0 35.29
6 2 36.09
6 9 67.78
6 10 22.23
6 11 84.78
6 12 83.04
6 16 66.4
6 18 31.5
6 19 60.73
6 20 25.06
6 22 57.89
6 26 6.76
6 28 63.11
6 29 78.55
6 30 74.16
6 31 34.07
6 32 28.37
6 36 36.4
6 38 48.96
6 40 94.92
6 41 23.6
6 46 40.81
6 49 81.7
6 51 6.77
6 52 28.7
6 53 20.85
6 54 74.06
6 55 45.38
6 57 64.49
6 60 10.93
6 61 15.68
6 63 8.21
6 64 26.48
6 65 54.18
6 66 6.11
6 68 42.43
6 70 76.84
6 71 83.08
6 76 72.97
6 80 11.94
6 81 43.09
6 82 77.27
6 83 31.77
6 87 63.09
6 91 51.29
6 92 88.85
6 93 39.31
6 96 75.88
6 97 42.83
6 98 68.7
7 1 37.89
7 4 51.98
7 8 28.59
7 10 49.23
7 11 59.73
7 13 74.49
7 16 36.59
7 17 52.77
7 18 95.61
7 19 7.17
7 20 53.3
7 21 32.25
7 24 41.01
7 26 46.38
7 29 49.16
7 33 35.64
7 37 73.93
7 42 40.92
7 43 43.34
7 44 70.77
7 45 16.28
7 46 9.6
7 47 70.19
7 48 39.27
7 52 28.32
7 55 60.15
7 57 75.16
7 59 47.13
7 60 42.72
7 61 77.69
7 62 61.8
7 63 79.86
7 66 54.21
7 67 81.64
7 68 91.6
7 69 44.79
7 70 50.61
7 71 30.55
7 72 28.99
7 73 47.03
7 74 66.53
7 75 18.0
7 77 32.53
7 80 36.19
7 82 56.69
7 86 53.95
7 90 82.18
7 91 95.61
7 94 68.28
7 95 3.08
8 0 67.8
8 1 55.25
8 3 87.94
8 5 98.73
8 6 93.71
8 9 84.35
8 10 43.44
8 11 87.38
8 14 37.62
8 15 94.08
8 16 23.08
8 17 58.16
8 18 90.56
8 20 50.8
8 22 43.39
8 23 68.0
8 29 75.81
8 30 76.11
8 31 42.86
8 32 82.74
8 34 17.45
8 35 48.82
8 36 3.21
8 39 76.95
8 41 83.67
8 43 5.69
8 44 95.44
8 45 26.24
8 50 35.06
8 51 11.25
8 53 62.72
8 54 5.65
8 56 30.77
8 58 54.88
8 59 41.76
8 69 12.06
8 70 95.56
8 72 43.86
8 73 98.15
8 74 95.81
8 76 79.95
8 78 5.21
8 80 89.3
8 81 94.39
8 82 52.13
8 84 90.64
8 85 79.15
8 86 66.59
8 89 98.11
8 91 72.7
8 94 82.72
8 99 92.62
9 7 14.48
9 10 24.49
9 11 83.62
9 12 73.76
9 13 34.32
9 17 59.23
9 18 54.52
9 22 71.05
9 23 49.47
9 25 43.06
9 26 89.49
9 28 36.02
9 29 76.65
9 31 47.91
9 32 68.88
9 33 75.78
9 35 3.42
9 37 62.03
9 39 68.82
9 41 33.33
9 43 28.55
9 44 16.5
9 45 51.3
9 46 37.31
9 51 4.22
9 52 92.31
9 53 91.49
9 54 69.99
9 55 71.39
9 57 50.68
9 59 34.41
9 60 17.75
9 64 82.97
9 65 32.99
9 66 14.84
9 67 6.39
9 68 23.17
9 70 58.52
9 74 60.49
9 81 67.2
9 83 94.4
9 86 35.02
9 87 56.85
9 90 76.17
9 91 88.51
9 94 71.18
9 96 26.08
9 99 25.87
10 5 23.25
10 14 26.84
10 16 39.48
10 17 23.59
10 24 16.43
10 26 16.48
10 28 85.42
10 29 86.04
10 32 88.11
10 34 94.19
10 37 55.39
10 39 91.19
10 41 86.46
10 43 61.12
10 45 21.66
10 47 94.79
10 48 96.3
10 49 92.44
10 55 2.39
10 57 95.86
10 60 39.7
10 61 50.68
10 64 54.83
10 65 46.47
10 66 89.88
10 67 35.05
10 69 91.16
10 70 25.43
10 73 92.22
10 74 55.63
10 75 22.33
10 77 0.59
10 78 31.51
10 80 65.81
10 83 15.41
10 92 73.38
10 93 57.97
10 94 51.62
10 95 80.22
10 96 41.29
10 99 8.18
11 3 1.13
11 17 87.24
11 18 17.35
11 19 8.09
11 20 98.5
11 21 45.15
11 22 13.92
11 23 35.65
11 24 83.55
11 25 18.16
11 26 97.73
11 27 12.22
11 28 2.51
11 29 24.77
11 31 68.83
11 33 67.8
11 34 0.65
11 36 63.38
11 37 55.15
11 38 77.85
11 42 63.89
11 43 7.19
11 44 48.28
11 45 6.82
11 46 63.62
11 48 23.28
11 49 68.94
11 50 79.18
11 51 49.77
11 52 28.66
11 55 87.86
11 58 1.99
11 64 47.93
11 71 25.15
11 72 41.37
11 77 49.72
11 79 11.64
11 80 40.62
11 82 1.53
11 84 10.73
11 85 13.17
11 86 23.18
11 87 16.59
11 88 27.55
11 89 60.8
11 91 61.7
11 94 12.07
11 95 35.58
11 96 24.95
11 99 54.23
12 1 9.57
12 2 50.26
12 4 99.79
12 7 49.87
12 8 2.29
12 15 3.02
12 17 76.87
12 18 99.59
12 19 56.46
12 20 83.22
12 22 40.71
12 25 57.25
12 28 96.47
12 29 98.6
12 31 8.78
12 32 99.99
12 33 29.06
12 34 53.75
12 42 49.62
12 43 54.47
12 44 39.21
12 47 48.59
12 50 76.08
12 52 56.37
12 53 23.89
12 55 95.61
12 57 99.69
12 59 87.0
12 61 91.87
12 62 48.91
12 63 2.94
12 64 20.45
12 65 95.99
12 66 36.23
12 67 73.55
12 69 23.16
12 71 13.16
12 74 86.89
12 75 87.93
12 80 80.52
12 86 79.35
12 87 35.56
12 88 30.27
12 89 40.45
12 92 45.0
12 94 93.24
12 96 0.02
12 97 12.88
12 99 92.93
13 5 49.04
13 11 92.89
13 14 39.85
13 16 34.71
13 20 52.76
13 22 67.41
13 24 76.99
13 25 32.35
13 27 89.39
13 29 1.92
13 30 96.41
13 33 42.74
13 34 15.59
13 37 48.8
13 38 97.85
13 39 86.9
13 40 74.2
13 41 9.63
13 42 21.99
13 45 29.6
13 48 89.43
13 50 48.17
13 52 74.54
13 55 17.24
13 57 29.72
13 59 29.99
13 62 16.05
13 63 64.1
13 64 71.28
13 68 93.51
13 69 83.46
13 71 1.51
13 72 37.05
13 75 17.59
13 76 87.0
13 77 55.59
13 78 75.8
13 81 83.78
13 83 70.32
13 84 53.65
13 85 8.8
13 87 39.69
13 88 17.81
13 90 20.01
13 92 1.5
13 93 59.35
13 94 84.56
13 97 91.16
13 98 19.62
14 1 90.88
14 2 82.55
14 6 67.44
14 9 66.48
14 12 58.12
14 16 99.1
14 18 70.98
14 19 42.46
14 20 79.93
14 21 12.25
14 22 97.51
14 24 0.2
14 25 1.17
14 26 66.2
14 29 48.24
14 33 71.74
14 34 44.88
14 40 11.69
14 42 86.32
14 47 55.01
14 51 90.29
14 53 17.49
14 56 62.47
14 58 66.27
14 59 8.27
14 60 38.27
14 62 37.27
14 65 50.87
14 66 37.77
14 67 93.99
14 69 52.5
14 70 11.73
14 73 39.16
14 74 93.36
14 75 72.38
14 76 73.63
14 81 26.19
14 84 55.49
14 86 90.3
14 90 13.74
14 92 87.43
14 95 5.33
14 97 48.66
14 98 15.87
15 0 89.04
15 1 66.18
15 2 81.91
15 7 92.68
15 10 56.3
15 11 47.34
15 13 63.97
15 14 37.91
15 19 86.79
15 20 66.85
15 21 39.84
15 22 96.62
15 24 21.09
15 28 87.86
15 29 30.05
15 30 87.25
15 31 18.09
15 37 2.68
15 39 67.79
15 40 16.52
15 41 3.27
15 42 12.36
15 45 58.64
15 48 15.76
15 49 14.23
15 50 47.39
15 51 41.21
15 53 3.72
15 55 10.05
15 56 0.14
15 57 9.59
15 58 2.7
15 59 99.54
15 62 21.39
15 68 26.15
15 70 55.08
15 72 99.11
15 76 35.17
15 78 46.05
15 80 34.47
15 83 68.43
15 84 74.02
15 86 79.07
15 89 65.85
15 93 50.86
15 95 52.44
15 96 22.59
15 98 31.44
15 99 0.14
16 3 35.64
16 4 32.84
16 11 51.7
16 18 35.85
16 23 0.49
16 25 50.42
16 26 12.71
16 29 34.11
16 31 92.57
16 33 47.06
16 35 31.41
16 36 5.57
16 38 46.86
16 39 36.54
16 40 92.29
16 42 12.19
16 49 1.44
16 51 54.8
16 52 68.78
16 53 44.88
16 58 30.22
16 63 76.95
16 66 79.19
16 67 81.64
16 69 30.78
16 71 37.88
16 72 48.73
16 74 23.26
16 78 40.36
16 79 11.25
16 80 28.64
16 82 16.62
16 83 66.31
16 85 19.81
16 87 32.63
16 88 65.5
16 89 55.2
16 90 82.62
16 95 45.82
16 96 46.54
16 97 17.09
17 1 19.76
17 3 13.83
17 5 5.66
17 6 58.23
17 13 99.46
17 15 22.22
17 16 98.91
17 18 73.34
17 19 33.94
17 20 39.73
17 21 46.06
17 22 73.2
17 23 93.72
17 24 15.48
17 25 29.99
17 27 59.91
17 29 53.38
17 30 79.21
17 32 67.92
17 37 34.01
17 40 26.26
17 41 7.75
17 43 78.71
17 44 12.43
17 45 52.3
17 47 10.78
17 50 9.19
17 51 88.09
17 53 32.71
17 56 10.16
17 59 6.56
17 61 52.02
17 64 38.19
17 65 82.87
17 66 67.89
17 67 56.2
17 68 43.87
17 71 67.17
17 74 32.55
17 75 27.58
17 76 15.44
17 79 22.12
17 81 89.59
17 82 39.45
17 84 62.56
17 86 60.82
17 87 33.86
17 89 48.15
17 91 73.52
17 92 49.28
17 95 21.55
17 96 34.01
17 98 20.89
18 3 85.53
18 10 44.57
18 13 24.69
18 21 28.43
18 27 39.68
18 29 31.08
18 32 4.48
18 36 67.9
18 38 3.98
18 42 63.1
18 43 28.65
18 45 91.85
18 49 86.34
18 50 83.33
18 52 82.83
18 54 31.22
18 55 82.93
18 56 5.02
18 57 15.0
18 59 26.46
18 60 14.0
18 64 63.13
18 65 57.32
18 68 9.46
18 73 2.21
18 74 92.72
18 75 29.39
18 77 25.16
18 79 7.43
18 80 18.3
18 82 64.91
18 84 91.81
18 85 84.53
18 86 11.03
18 87 15.49
18 92 73.58
18 93 69.93
18 95 62.05
18 97 79.93
19 10 92.14
19 13 6.04
19 16 38.74
19 23 4.91
19 26 89.15
19 27 44.68
19 30 79.44
19 31 39.8
19 32 59.6
19 34 19.89
19 36 0.43
19 38 36.69
19 39 71.26
19 40 40.06
19 42 48.12
19 46 50.89
19 47 59.17
19 48 45.51
19 51 89.65
19 53 30.17
19 56 18.19
19 57 15.16
19 58 67.74
19 59 84.44
19 63 30.27
19 64 51.21
19 65 8.99
19 67 3.13
19 68 8.33
19 74 23.69
19 76 45.63
19 79 93.14
19 82 86.8
19 84 58.31
19 87 71.72
19 88 34.77
19 90 30.0
19 91 38.94
19 93 1.07
19 95 74.25
19 97 88.58
19 99 40.27
20 3 76.56
20 5 48.31
20 9 35.91
20 10 37.73
20 21 37.61
20 25 70.56
20 27 26.7
20 28 26.01
20 29 94.89
20 30 72.28
20 38 35.41
20 40 62.01
20 43 7.01
20 44 22.51
20 47 73.63
20 49 49.92
20 53 98.65
20 56 25.48
20 59 0.76
20 63 8.44
20 64 12.53
20 67 93.8
20 68 32.11
20 71 25.69
20 73 0.86
20 78 60.51
20 79 93.03
20 81 2.8
20 83 4.34
20 84 19.44
20 87 92.52
20 88 39.13
20 93 10.64
20 95 49.48
20 96 32.08
20 97 34.81
20 99 38.43
21 2 26.83
21 3 43.21
21 13 65.28
21 19 0.15
21 22 0.95
21 24 66.59
21 25 30.56
21 26 2.2
21 27 46.34
21 28 49.28
21 31 20.14
21 32 72.62
21 33 19.17
21 35 98.44
21 36 47.92
21 38 4.06
21 40 95.02
21 42 39.13
21 43 98.46
21 44 95.31
21 47 4.78
21 49 14.09
21 50 92.62
21 51 30.17
21 52 17.27
21 53 61.41
21 54 80.5
21 55 90.49
21 56 47.5
21 57 45.67
21 58 17.14
21 59 56.57
21 60 82.12
21 62 37.26
21 65 94.64
21 66 13.86
21 67 16.71
21 68 8.51
21 69 32.29
21 79 52.44
21 80 59.27
21 84 52.57
21 86 86.74
21 89 68.83
21 91 6.99
21 93 86.7
21 95 79.89
21 96 64.06
21 97 97.55
21 99 2.43
22 7 60.16
22 19 71.45
22 23 59.37
22 24 11.01
22 26 98.71
22 28 14.28
22 29 96.29
22 31 7.87
22 32 22.86
22 34 19.86
22 42 35.34
22 43 52.1
22 46 49.54
22 49 16.42
22 50 96.33
22 53 44.49
22 56 73.9
22 59 8.32
22 60 20.35
22 63 8.38
22 65 97.02
22 70 51.3
22 72 55.47
22 73 82.08
22 74 35.39
22 75 76.72
22 77 10.83
22 78 33.19
22 86 39.29
22 87 84.31
22 92 64.71
22 93 90.41
22 94 66.15
22 96 18.86
22 98 91.02
23 4 18.75
23 10 13.45
23 13 64.83
23 14 62.21
23 18 37.92
23 20 68.37
23 21 44.85
23 26 60.01
23 28 16.55
23 29 4.11
23 30 3.45
23 31 68.31
23 32 91.59
23 34 74.44
23 39 74.42
23 40 65.25
23 41 12.12
23 42 19.38
23 44 50.88
23 46 49.24
23 47 67.37
23 48 94.31
23 51 97.42
23 52 65.72
23 58 87.32
23 59 73.43
23 61 55.13
23 65 60.37
23 69 94.35
23 70 1.78
23 72 69.39
23 73 34.55
23 74 53.41
23 75 75.18
23 76 90.43
23 77 54.83
23 79 59.08
23 82 65.39
23 86 97.77
23 87 87.39
23 88 78.47
23 92 91.43
23 93 12.6
23 95 12.7
23 96 77.9
23 97 9.87
23 98 31.02
23 99 10.68
24 4 53.38
24 6 11.54
24 12 30.49
24 16 66.07
24 18 65.77
24 19 83.17
24 20 27.7
24 23 66.18
24 25 72.9
24 26 54.53
24 27 82.6
24 29 79.76
24 32 15.78
24 37 68.92
24 38 92.68
24 39 89.55
24 43 78.27
24 44 25.7
24 46 76.03
24 49 25.13
24 50 94.52
24 52 75.69
24 53 92.15
24 58 85.35
24 63 67.85
24 64 22.05
24 66 35.06
24 68 47.86
24 70 24.53
24 71 37.52
24 72 35.39
24 75 46.01
24 76 42.51
24 77 40.21
24 79 5.82
24 80 52.09
24 82 60.21
24 84 8.24
24 86 5.95
24 87 69.51
24 89 69.8
24 90 92.98
24 91 54.79
24 92 51.38
24 97 25.62
24 98 4.42
25 4 94.76
25 6 81.87
25 10 91.55
25 18 78.46
25 19 62.45
25 28 8.81
25 30 74.75
25 31 57.03
25 38 82.18
25 39 35.79
25 40 69.61
25 42 74.28
25 46 68.79
25 50 39.48
25 52 65.34
25 54 97.53
25 55 26.74
25 56 53.68
25 58 29.54
25 59 85.1
25 61 52.26
25 63 10.8
25 64 11.2
25 65 23.68
25 68 3.91
25 69 67.81
25 70 55.76
25 72 54.97
25 73 74.06
25 77 61.33
25 79 65.69
25 80 40.52
25 81 18.74
25 85 9.9
25 86 13.42
25 87 41.53
25 88 60.83
25 89 63.09
25 90 17.5
25 98 36.7
26 17 17.79
26 18 74.54
26 27 1.38
26 28 13.31
26 31 45.49
26 34 13.52
26 39 90.61
26 40 43.47
26 42 79.93
26 44 88.23
26 45 8.25
26 47 19.26
26 49 84.95
26 50 0.87
26 52 1.25
26 57 73.15
26 60 45.33
26 63 57.61
26 65 70.75
26 67 5.34
26 68 57.07
26 72 2.91
26 74 44.84
26 78 25.09
26 80 76.83
26 83 3.63
26 87 35.51
26 88 62.98
26 90 69.71
26 94 81.33
26 95 56.91
26 96 99.88
26 97 1.16
26 98 53.68
27 5 76.63
27 6 34.7
27 7 2.53
27 15 34.91
27 22 54.15
27 23 0.31
27 28 0.64
27 29 83.07
27 32 73.16
27 34 27.7
27 35 19.41
27 36 77.72
27 38 87.66
27 40 89.95
27 42 4.92
27 48 47.5
27 49 5.16
27 52 15.28
27 53 97.0
27 59 29.62
27 61 62.65
27 63 45.59
27 64 7.99
27 65 99.64
27 68 4.99
27 69 34.27
27 73 10.23
27 74 11.68
27 75 11.37
27 79 14.79
27 80 30.88
27 81 11.78
27 82 89.62
27 86 83.8
27 88 83.2
27 91 66.59
27 92 89.3
27 93 33.06
27 95 61.85
27 96 82.75
27 97 16.74
28 13 74.17
28 16 58.07
28 29 93.58
28 30 50.65
28 34 0.37
28 35 48.79
28 36 61.7
28 38 82.57
28 39 4.98
28 44 66.19
28 45 56.33
28 46 95.75
28 47 97.68
28 48 75.07
28 49 17.97
28 50 52.77
28 51 55.08
28 53 48.65
28 54 1.48
28 56 87.03
28 57 1.63
28 58 32.47
28 63 71.19
28 73 35.97
28 74 88.75
28 77 57.57
28 79 71.13
28 80 69.46
28 81 59.55
28 84 72.31
28 86 5.37
28 93 78.57
28 96 50.66
28 98 50.99
28 99 34.75
29 1 88.15
29 4 45.17
29 19 79.95
29 21 10.6
29 30 7.71
29 31 41.46
29 33 71.11
29 34 61.96
29 35 23.75
29 37 55.74
29 38 21.53
29 39 37.53
29 40 46.28
29 41 87.76
29 43 46.08
29 46 80.71
29 49 61.04
29 56 34.27
29 58 19.2
29 60 7.88
29 61 69.96
29 62 89.26
29 63 65.49
29 64 45.11
29 68 57.63
29 71 42.75
29 78 7.96
29 80 8.0
29 81 7.99
29 82 89.01
29 84 33.34
29 85 97.06
29 87 26.08
29 89 70.08
29 90 62.02
29 91 32.4
29 93 34.47
29 96 13.63
29 97 32.08
30 5 26.68
30 10 72.81
30 16 73.24
30 18 20.98
30 21 25.97
30 22 74.62
30 26 84.11
30 31 95.32
30 32 41.89
30 33 2.33
30 37 77.55
30 41 92.74
30 42 64.85
30 43 17.44
30 44 71.67
30 45 4.81
30 46 26.75
30 48 88.96
30 53 10.43
30 55 23.33
30 56 38.6
30 57 3.78
30 58 56.24
30 59 59.16
30 63 73.7
30 66 49.17
30 72 73.25
30 73 34.51
30 74 25.23
30 75 2.5
30 79 56.76
30 80 13.09
30 83 82.76
30 85 61.38
30 89 50.12
30 91 30.28
30 93 67.75
30 98 57.83
30 99 75.13
31 2 1.16
31 7 63.3
31 13 16.82
31 14 43.09
31 17 46.72
31 18 52.43
31 20 91.75
31 24 46.3
31 32 82.71
31 33 49.66
31 36 53.56
31 39 52.94
31 42 92.41
31 45 24.47
31 46 15.65
31 47 27.7
31 48 39.91
31 49 83.68
31 50 94.13
31 51 75.71
31 53 77.29
31 54 39.55
31 55 33.57
31 58 64.23
31 60 52.81
31 66 40.21
31 68 79.55
31 72 60.55
31 77 20.57
31 79 30.53
31 80 65.2
31 81 82.72
31 82 29.88
31 83 19.04
31 85 15.18
31 87 17.23
31 88 36.6
31 90 47.72
31 95 99.69
31 96 69.46
31 97 8.86
31 99 59.35
32 4 61.21
32 5 29.44
32 13 49.99
32 15 94.6
32 16 33.86
32 20 90.81
32 34 38.02
32 36 49.89
32 40 79.4
32 41 60.9
32 42 75.51
32 45 22.11
32 46 46.5
32 48 6.53
32 49 76.0
32 50 36.74
32 51 87.4
32 53 13.05
32 54 19.15
32 61 40.83
32 62 83.65
32 67 43.06
32 68 18.59
32 70 22.54
32 71 68.05
32 72 1.98
32 73 67.81
32 75 82.15
32 76 36.5
32 78 26.93
32 79 13.42
32 80 18.0
32 82 19.63
32 84 95.98
32 87 11.51
32 91 43.17
32 92 22.63
32 94 48.1
32 95 28.94
32 97 7.59
32 98 7.22
32 99 41.81
33 1 66.35
33 4 78.27
33 6 98.01
33 8 55.6
33 10 48.74
33 19 34.22
33 20 6.41
33 26 33.6
33 27 45.21
33 34 8.47
33 37 6.96
33 38 92.03
33 41 87.59
33 42 41.64
33 43 61.97
33 44 70.86
33 46 23.08
33 47 30.74
33 49 49.65
33 50 56.88
33 52 21.07
33 53 90.37
33 55 56.08
33 56 18.22
33 60 48.44
33 61 52.99
33 62 45.74
33 64 65.11
33 67 8.74
33 73 76.51
33 74 34.98
33 76 26.47
33 77 30.26
33 78 67.68
33 79 62.05
33 81 77.02
33 84 43.31
33 85 77.84
33 87 4.23
33 94 35.92
33 95 1.17
33 98 41.65
33 99 80.78
34 0 69.8
34 1 24.89
34 6 2.31
34 7 14.37
34 18 52.91
34 21 92.41
34 25 53.0
34 30 53.86
34 31 0.77
34 36 23.27
34 37 60.2
34 39 68.04
34 42 63.77
34 43 76.81
34 44 74.04
34 50 83.0
34 52 33.64
34 53 67.65
34 54 92.56
34 56 7.79
34 57 56.55
34 58 27.37
34 59 23.5
34 61 26.89
34 63 51.72
34 65 42.67
34 68 54.53
34 71 98.91
34 72 66.76
34 73 41.63
34 77 12.96
34 81 23.01
34 84 76.18
34 85 83.42
34 87 69.74
34 88 99.77
34 92 79.09
34 96 39.87
34 98 96.38
35 12 55.01
35 13 58.99
35 14 96.66
35 15 25.51
35 18 77.54
35 20 40.67
35 23 90.93
35 26 41.54
35 34 29.37
35 37 34.58
35 38 31.12
35 39 23.43
35 40 16.22
35 43 5.54
35 45 53.21
35 46 25.57
35 47 75.37
35 49 35.2
35 50 34.71
35 51 14.18
35 52 2.94
35 53 92.96
35 62 69.53
35 65 46.24
35 66 76.98
35 67 32.86
35 69 8.9
35 72 6.53
35 73 24.86
35 75 91.7
35 76 58.83
35 78 94.78
35 81 54.38
35 84 86.77
35 86 81.57
35 87 90.87
35 88 89.27
35 89 25.88
35 93 89.31
35 94 27.08
35 95 31.52
35 96 69.93
35 99 94.96
36 0 55.1
36 2 82.84
36 3 61.36
36 5 46.41
36 23 88.27
36 24 15.75
36 25 36.17
36 29 41.57
36 37 71.92
36 38 86.24
36 39 51.4
36 40 51.23
36 42 9.56
36 44 50.36
36 45 54.84
36 46 95.11
36 47 98.93
36 48 22.69
36 49 60.05
36 51 93.31
36 52 11.68
36 54 1.22
36 55 38.07
36 58 34.62
36 61 16.85
36 65 3.03
36 67 39.14
36 71 0.66
36 75 34.42
36 76 84.38
36 77 69.58
36 78 40.72
36 83 86.86
36 84 82.73
36 86 52.41
36 87 38.19
36 88 11.27
36 91 61.42
36 92 34.2
36 93 96.74
36 94 59.3
36 96 1.81
36 98 46.97
36 99 37.49
37 14 52.28
37 20 19.84
37 26 31.22
37 32 63.98
37 38 17.43
37 43 64.46
37 45 74.15
37 46 75.44
37 51 13.88
37 52 79.74
37 53 44.29
37 56 82.18
37 58 37.19
37 62 23.97
37 63 86.33
37 64 1.95
37 66 49.24
37 67 71.01
37 68 24.32
37 69 85.72
37 70 84.02
37 73 97.94
37 75 55.05
37 77 97.0
37 78 90.2
37 80 25.68
37 81 94.99
37 82 23.15
37 84 98.79
37 86 4.72
37 87 90.13
37 88 91.88
37 93 85.68
37 94 24.75
37 95 30.23
38 2 31.87
38 4 61.17
38 7 49.05
38 8 77.85
38 10 77.68
38 14 88.36
38 15 30.52
38 17 52.35
38 22 42.2
38 23 69.69
38 26 48.81
38 39 89.63
38 42 24.37
38 43 50.59
38 44 9.68
38 46 71.91
38 50 89.49
38 51 61.88
38 54 3.82
38 58 27.56
38 59 26.61
38 60 28.19
38 61 7.39
38 67 73.96
38 69 25.11
38 70 78.76
38 72 92.39
38 74 48.76
38 75 14.41
38 77 86.87
38 78 20.84
38 80 61.54
38 81 65.0
38 82 8.81
38 88 34.9
38 90 86.98
38 91 19.11
38 94 85.05
39 4 95.83
39 6 16.39
39 7 64.41
39 14 88.9
39 18 58.12
39 22 22.98
39 30 76.79
39 32 99.2
39 33 15.2
39 37 5.5
39 40 28.92
39 43 39.69
39 47 8.57
39 49 23.05
39 54 6.81
39 59 99.91
39 60 24.36
39 62 74.91
39 66 52.67
39 67 67.96
39 69 11.33
39 71 96.09
39 72 48.5
39 73 34.58
39 74 73.07
39 76 60.25
39 79 53.99
39 81 8.95
39 82 9.03
39 84 98.58
39 88 63.39
39 91 44.74
39 94 43.99
39 95 29.02
39 96 62.4
39 98 28.32
40 8 49.71
40 10 10.64
40 12 21.39
40 18 64.4
40 28 77.57
40 33 73.29
40 38 25.26
40 43 92.48
40 44 58.92
40 45 57.3
40 47 93.56
40 49 75.74
40 50 42.4
40 52 90.61
40 53 88.53
40 54 44.61
40 55 73.2
40 56 60.98
40 59 72.84
40 60 36.98
40 61 91.15
40 62 81.0
40 63 55.08
40 66 96.57
40 68 27.44
40 70 14.76
40 73 51.49
40 75 87.65
40 76 54.32
40 77 21.94
40 80 11.38
40 82 87.06
40 86 75.36
40 87 39.15
40 90 52.46
40 93 43.38
40 94 44.27
40 96 92.14
41 2 23.33
41 7 98.34
41 11 68.41
41 12 77.66
41 14 13.63
41 16 34.11
41 19 36.31
41 20 89.25
41 24 77.29
41 25 51.88
41 26 98.92
41 28 60.32
41 31 38.45
41 35 53.4
41 36 51.79
41 37 98.37
41 38 16.6
41 39 1.19
41 40 31.63
41 43 42.94
41 46 86.46
41 51 70.58
41 53 27.23
41 54 49.24
41 55 18.52
41 58 81.05
41 59 8.73
41 60 80.23
41 61 56.97
41 64 42.68
41 66 30.42
41 67 41.65
41 69 61.21
41 70 7.24
41 73 17.81
41 77 44.57
41 78 55.61
41 79 84.55
41 81 47.06
41 82 97.59
41 83 1.86
41 84 16.35
41 85 23.21
41 88 47.98
41 91 79.13
41 96 42.47
41 97 76.71
42 6 80.62
42 8 77.4
42 20 9.04
42 24 79.45
42 28 94.93
42 29 75.27
42 35 6.65
42 37 97.38
42 39 51.49
42 40 73.39
42 43 77.65
42 46 92.86
42 47 59.03
42 49 35.7
42 50 21.03
42 51 9.55
42 54 49.48
42 55 99.75
42 56 6.2
42 57 65.72
42 61 0.15
42 63 25.89
42 65 34.57
42 66 13.95
42 68 20.22
42 69 90.9
42 71 88.71
42 73 6.94
42 74 73.84
42 75 51.53
42 76 39.52
42 77 80.59
42 79 87.71
42 82 77.08
42 83 45.36
42 85 36.99
42 86 0.12
42 87 41.76
42 90 69.04
42 91 73.65
42 93 93.16
42 95 35.33
42 96 99.42
43 2 66.7
43 16 86.11
43 19 79.3
43 23 14.47
43 25 87.27
43 26 52.92
43 28 57.41
43 36 25.02
43 44 66.8
43 45 16.67
43 46 99.86
43 47 45.91
43 49 86.56
43 50 10.51
43 51 58.63
43 52 34.46
43 55 94.3
43 56 19.65
43 57 24.71
43 59 82.26
43 61 99.61
43 62 87.8
43 63 50.86
43 64 19.12
43 65 40.28
43 67 47.34
43 68 16.53
43 69 89.63
43 71 84.3
43 72 17.77
43 74 65.66
43 80 39.5
43 81 68.06
43 83 73.19
43 84 88.41
43 85 90.13
43 86 11.4
43 87 75.04
43 89 48.76
43 90 57.59
43 91 54.68
43 92 45.5
43 93 27.31
43 94 55.31
43 95 58.45
43 96 19.26
43 97 68.62
44 0 78.49
44 1 47.63
44 6 41.98
44 10 76.02
44 16 7.62
44 19 33.01
44 27 48.97
44 29 19.04
44 31 84.27
44 35 55.05
44 39 31.14
44 42 51.26
44 46 79.75
44 48 72.1
44 49 75.35
44 51 3.76
44 52 9.87
44 53 28.34
44 54 93.08
44 55 55.14
44 56 44.46
44 59 26.3
44 60 20.87
44 64 80.49
44 65 78.81
44 67 59.58
44 68 1.43
44 72 14.94
44 74 80.16
44 75 25.94
44 77 60.4
44 86 47.73
44 97 2.78
44 99 42.56
45 2 11.74
45 3 55.92
45 5 18.98
45 12 29.89
45 14 44.97
45 19 21.08
45 21 15.61
45 22 12.61
45 24 31.24
45 33 28.44
45 34 20.65
45 38 67.13
45 39 27.28
45 42 66.97
45 46 91.29
45 50 58.1
45 57 92.17
45 60 73.37
45 61 81.27
45 62 15.97
45 63 98.14
45 64 67.59
45 65 46.57
45 66 57.89
45 72 1.11
45 76 42.87
45 79 6.2
45 83 48.17
45 86 53.16
45 88 53.81
45 89 10.81
45 90 2.11
45 92 44.36
45 93 93.65
45 94 65.66
45 95 20.25
45 96 20.62
45 99 48.08
46 3 34.55
46 10 49.43
46 12 58.66
46 13 30.32
46 16 63.02
46 18 35.68
46 21 45.89
46 26 23.21
46 27 66.49
46 39 37.15
46 40 10.84
46 47 19.66
46 48 2.49
46 52 2.97
46 53 15.63
46 57 48.25
46 59 51.35
46 63 72.07
46 66 48.49
46 67 47.81
46 70 94.76
46 74 82.43
46 76 53.35
46 78 94.4
46 79 65.42
46 81 29.64
46 82 47.5
46 85 8.74
46 86 75.28
46 88 5.14
46 89 7.78
46 91 77.07
46 92 18.33
46 93 40.96
46 98 54.21
46 99 93.02
47 0 6.72
47 6 59.12
47 8 5.71
47 9 58.74
47 11 74.9
47 13 93.23
47 16 59.74
47 22 82.99
47 24 24.0
47 25 9.03
47 27 52.32
47 32 86.48
47 37 70.97
47 41 54.14
47 48 65.75
47 49 81.55
47 50 31.13
47 54 65.91
47 58 78.86
47 59 19.61
47 62 18.37
47 66 34.84
47 71 62.21
47 75 69.83
47 77 31.44
47 79 53.15
47 80 19.4
47 83 73.94
47 85 82.38
47 86 79.01
47 87 91.98
47 88 19.23
47 90 59.0
47 92 62.61
47 94 73.7
47 95 18.94
47 96 13.36
47 97 21.99
48 1 8.43
48 3 76.26
48 5 9.03
48 8 49.13
48 12 86.53
48 14 94.76
48 16 76.09
48 20 20.62
48 21 99.68
48 22 75.48
48 24 25.31
48 26 17.15
48 33 67.09
48 35 8.65
48 40 63.8
48 43 26.22
48 45 43.78
48 53 3.34
48 54 34.63
48 55 77.03
48 56 11.76
48 57 54.4
48 59 17.09
48 62 77.45
48 63 99.71
48 66 83.74
48 68 7.59
48 70 98.6
48 73 16.44
48 74 37.24
48 75 11.93
48 76 15.34
48 77 43.16
48 81 71.86
48 83 82.13
48 85 79.85
48 88 68.45
48 89 45.96
48 90 6.0
48 91 9.98
48 95 82.91
48 96 49.58
48 97 49.17
48 98 48.5
49 2 27.94
49 5 1.63
49 7 99.67
49 9 32.86
49 13 63.02
49 14 41.47
49 17 85.11
49 19 68.53
49 30 22.86
49 41 75.29
49 45 1.57
49 46 27.92
49 48 55.4
49 50 33.33
49 53 41.05
49 54 22.92
49 58 75.39
49 60 7.54
49 62 68.5
49 64 70.66
49 67 25.96
49 69 32.25
49 75 50.98
49 77 21.22
49 79 54.75
49 82 25.92
49 85 34.12
49 86 25.57
49 87 72.84
49 90 9.17
49 93 15.86
49 94 20.56
49 95 85.05
49 96 54.19
50 0 41.96
50 2 86.71
50 7 28.3
50 9 23.2
50 10 41.75
50 19 81.62
50 20 64.83
50 29 98.76
50 30 95.94
50 36 58.56
50 37 80.1
50 41 74.39
50 46 29.88
50 48 62.83
50 52 30.13
50 53 95.0
50 56 97.48
50 57 53.14
50 60 21.2
50 61 27.78
50 63 10.28
50 69 44.79
50 70 52.83
50 71 19.4
50 73 20.84
50 75 96.06
50 76 17.48
50 77 60.56
50 79 65.48
50 89 53.28
50 92 9.67
50 94 1.56
50 95 12.46
50 96 55.03
50 97 40.36
51 0 81.18
51 7 65.21
51 10 99.93
51 12 22.1
51 13 7.16
51 20 0.84
51 24 46.92
51 33 52.88
51 39 45.48
51 45 47.73
51 46 81.3
51 48 12.46
51 57 88.49
51 60 49.13
51 62 60.0
51 67 20.27
51 68 94.24
51 70 11.93
51 72 64.75
51 73 39.55
51 74 31.59
51 76 34.93
51 77 52.21
51 80 29.15
51 82 5.79
51 84 60.44
51 86 45.75
51 90 65.08
51 91 96.08
51 94 90.62
51 95 85.69
51 96 16.56
51 97 78.94
51 98 8.08
52 10 4.49
52 14 22.07
52 15 87.3
52 30 46.38
52 31 19.78
52 32 34.8
52 42 55.01
52 45 84.81
52 48 44.0
52 51 24.27
52 54 68.47
52 61 55.74
52 62 49.53
52 63 28.18
52 64 47.11
52 71 80.63
52 72 45.26
52 75 55.02
52 77 16.86
52 80 5.71
52 81 58.15
52 84 44.56
52 85 60.49
52 86 76.0
52 87 49.68
52 88 20.75
52 90 69.59
52 95 54.89
52 97 20.48
52 98 78.33
52 99 49.02
53 11 65.56
53 47 49.88
53 52 65.61
53 55 13.19
53 57 95.51
53 60 8.98
53 63 51.1
53 64 74.29
53 65 23.72
53 66 11.96
53 67 59.18
53 69 32.17
53 70 55.77
53 73 65.0
53 74 69.11
53 75 38.51
53 76 96.9
53 80 78.95
53 85 85.15
53 86 75.21
53 88 29.18
53 90 20.27
53 92 53.39
53 94 70.05
53 95 19.35
53 96 43.22
53 97 49.64
53 99 78.1
54 3 48.63
54 11 16.77
54 13 66.51
54 30 39.49
54 33 60.12
54 35 24.07
54 37 45.92
54 43 68.85
54 46 55.49
54 50 75.16
54 55 30.92
54 56 78.69
54 57 0.4
54 58 95.97
54 60 13.91
54 66 69.12
54 67 64.43
54 68 65.67
54 69 18.22
54 74 15.57
54 75 61.16
54 78 60.84
54 79 82.56
54 81 88.62
54 92 18.21
54 93 11.74
54 96 30.77
54 97 47.12
54 98 98.4
55 0 69.81
55 2 54.17
55 14 28.19
55 17 10.83
55 20 9.93
55 22 26.69
55 23 23.71
55 24 81.16
55 26 5.7
55 28 19.37
55 29 84.36
55 34 49.45
55 35 5.81
55 37 8.83
55 45 50.83
55 52 69.6
55 56 65.06
55 59 98.49
55 60 80.05
55 62 25.47
55 63 33.27
55 65 53.89
55 67 49.89
55 68 61.4
55 69 79.82
55 70 3.46
55 73 2.55
55 77 27.35
55 82 94.28
55 86 39.69
55 88 1.65
55 92 41.96
55 93 85.19
55 95 73.0
56 5 99.32
56 6 75.95
56 7 58.65
56 10 64.73
56 12 88.54
56 26 22.89
56 27 96.62
56 36 54.58
56 39 28.66
56 45 19.08
56 46 48.98
56 51 91.67
56 52 59.87
56 58 36.94
56 60 85.18
56 62 12.91
56 63 28.95
56 64 80.89
56 68 47.13
56 69 8.84
56 71 6.31
56 73 95.55
56 76 13.44
56 79 39.28
56 80 1.4
56 82 17.95
56 83 20.44
56 84 69.62
56 85 62.63
56 87 89.57
56 88 59.12
56 89 19.37
56 90 58.92
56 92 62.56
56 94 62.7
56 97 97.85
57 3 69.1
57 8 61.73
57 11 94.84
57 16 61.02
57 17 71.22
57 20 56.05
57 24 65.35
57 25 45.01
57 27 88.39
57 29 24.57
57 33 98.6
57 36 46.04
57 37 6.75
57 39 88.6
57 40 10.46
57 41 4.98
57 49 19.92
57 52 62.35
57 56 3.67
57 59 85.91
57 60 71.36
57 61 20.67
57 62 73.98
57 64 96.26
57 67 24.35
57 68 77.62
57 69 7.44
57 72 98.05
57 73 77.5
57 74 38.29
57 77 45.99
57 79 62.6
57 80 76.29
57 81 87.46
57 83 95.82
57 84 80.02
57 88 96.57
57 90 19.14
57 91 90.77
57 92 88.36
57 94 76.75
57 95 86.59
57 97 42.81
57 98 91.77
57 99 89.55
58 1 51.66
58 5 39.0
58 7 11.44
58 9 39.55
58 10 28.8
58 13 83.46
58 18 88.17
58 22 78.58
58 27 36.14
58 33 83.55
58 35 67.25
58 39 21.22
58 40 45.26
58 42 19.52
58 44 80.56
58 46 82.63
58 48 64.27
58 55 45.92
58 57 18.06
58 61 51.19
58 62 97.55
58 63 65.32
58 65 54.53
58 67 10.99
58 68 8.56
58 69 93.76
58 70 21.09
58 73 40.29
58 75 39.44
58 77 79.94
58 80 49.72
58 85 77.75
58 88 89.91
58 91 52.5
58 93 91.14
58 95 62.69
58 97 97.85
58 98 52.7
58 99 35.79
59 0 80.55
59 2 0.28
59 6 20.52
59 29 14.06
59 31 57.57
59 33 77.47
59 35 82.74
59 36 43.31
59 42 0.98
59 49 15.16
59 50 49.87
59 54 20.43
59 58 53.71
59 61 18.56
59 64 6.66
59 67 17.78
59 68 46.75
59 69 13.8
59 70 84.53
59 71 27.17
59 72 53.39
59 73 27.91
59 74 3.0
59 77 39.8
59 79 19.66
59 83 49.19
59 85 63.3
59 86 86.68
59 87 43.96
59 89 83.85
59 95 29.65
59 97 25.88
59 98 77.4
60 8 66.67
60 11 4.25
60 13 92.46
60 15 37.82
60 20 57.63
60 25 95.77
60 28 76.7
60 30 79.58
60 34 30.02
60 35 48.18
60 43 96.12
60 52 51.01
60 63 96.25
60 65 17.21
60 66 90.0
60 67 87.92
60 71 73.29
60 74 16.44
60 75 26.48
60 82 88.39
60 89 40.3
60 91 59.44
60 94 14.43
60 96 36.36
60 99 81.75
61 8 55.62
61 13 39.37
61 16 16.36
61 20 47.16
61 21 28.85
61 22 81.12
61 35 8.41
61 37 93.94
61 39 80.21
61 49 80.01
61 60 44.24
61 66 19.43
61 67 98.8
61 70 6.73
61 71 45.37
61 72 42.35
61 75 1.17
61 76 40.79
61 79 76.8
61 86 76.36
61 87 75.73
61 88 91.06
61 92 94.11
61 93 18.5
61 94 17.18
61 96 4.61
61 99 63.92
62 4 27.35
62 6 7.54
62 9 25.7
62 10 6.55
62 17 90.62
62 19 85.74
62 22 42.25
62 23 68.96
62 24 40.12
62 26 40.67
62 28 18.03
62 30 83.98
62 31 53.18
62 34 47.97
62 36 49.34
62 38 80.34
62 46 22.14
62 53 76.55
62 59 17.27
62 64 64.44
62 68 24.73
62 69 77.35
62 71 96.28
62 73 15.12
62 74 60.73
62 75 39.8
62 76 88.4
62 77 36.35
62 78 74.46
62 80 12.04
62 86 70.09
62 87 77.91
62 88 20.08
62 92 36.86
62 93 83.11
62 98 92.57
63 1 12.09
63 3 48.26
63 4 29.41
63 5 58.69
63 8 12.39
63 9 67.32
63 10 87.65
63 11 85.6
63 14 21.72
63 15 56.4
63 31 92.96
63 36 12.95
63 44 63.89
63 51 19.39
63 57 88.64
63 59 20.24
63 67 22.21
63 68 26.18
63 69 63.28
63 70 76.09
63 72 93.58
63 74 1.13
63 76 93.11
63 77 49.54
63 78 16.88
63 79 35.44
63 84 54.83
63 86 47.64
63 90 44.92
63 93 68.34
63 94 72.2
64 1 75.58
64 2 11.44
64 3 65.95
64 5 90.22
64 8 91.87
64 14 85.4
64 15 31.75
64 32 40.55
64 35 89.8
64 40 2.18
64 47 41.18
64 48 87.83
64 54 79.38
64 66 70.25
64 71 64.24
64 75 21.37
64 77 97.52
64 80 83.57
64 84 52.29
64 85 86.31
64 86 35.13
64 87 21.25
64 90 80.07
64 93 75.12
64 97 29.69
64 98 18.06
65 1 41.47
65 2 7.77
65 5 99.84
65 7 5.82
65 13 66.24
65 16 82.04
65 37 74.75
65 38 16.01
65 39 95.68
65 40 50.24
65 41 96.34
65 46 38.84
65 47 77.18
65 48 47.63
65 50 83.32
65 51 42.72
65 52 97.68
65 64 75.01
65 66 1.78
65 67 61.57
65 70 11.77
65 72 99.78
65 74 6.24
65 75 31.09
65 77 13.82
65 78 71.75
65 82 53.71
65 84 35.42
65 87 79.2
65 89 47.12
65 91 86.97
65 92 80.33
65 93 34.76
65 95 53.15
65 96 71.15
65 99 86.88
66 8 74.76
66 13 33.9
66 18 54.61
66 19 77.25
66 20 36.1
66 25 76.1
66 27 2.96
66 33 67.68
66 49 7.98
66 52 22.0
66 56 20.56
66 57 81.99
66 59 40.36
66 62 46.5
66 73 50.52
66 74 36.52
66 75 51.63
66 76 54.48
66 81 7.44
66 83 70.12
66 84 34.18
66 87 98.96
66 88 3.39
66 89 68.04
66 92 1.81
66 93 89.95
66 97 72.03
67 15 44.18
67 24 47.86
67 25 62.31
67 28 46.35
67 31 64.57
67 40 79.07
67 45 20.61
67 48 41.39
67 50 69.77
67 62 90.22
67 64 10.41
67 66 34.12
67 68 32.87
67 71 57.08
67 72 31.23
67 73 49.52
67 74 9.72
67 75 36.23
67 77 92.47
67 79 98.5
67 82 97.19
67 84 48.77
67 86 93.33
67 87 94.77
67 88 79.53
67 91 71.88
67 93 76.06
67 94 36.27
67 98 40.76
67 99 40.72
68 3 84.65
68 16 96.81
68 23 16.76
68 28 2.48
68 33 74.52
68 39 64.93
68 45 42.72
68 49 41.33
68 53 9.0
68 64 18.02
68 65 5.71
68 66 90.19
68 69 11.26
68 75 48.26
68 76 76.04
68 79 30.54
68 80 4.89
68 81 99.13
68 83 59.95
68 86 16.34
68 90 33.77
68 92 51.59
68 93 39.83
68 94 84.34
69 1 22.91
69 2 33.75
69 3 72.65
69 11 35.88
69 17 1.26
69 18 52.3
69 22 51.96
69 31 86.25
69 32 43.67
69 33 22.22
69 40 34.62
69 46 58.0
69 47 78.85
69 52 39.6
69 60 42.95
69 72 34.39
69 74 9.81
69 77 61.36
69 78 8.15
69 79 31.06
69 80 83.11
69 81 24.46
69 82 41.95
69 83 59.73
69 84 75.12
69 85 14.98
69 86 93.44
69 87 99.94
69 88 10.66
69 90 86.03
69 91 58.24
69 94 45.67
69 95 47.19
69 96 2.47
69 97 90.7
69 99 29.98
70 1 91.98
70 12 17.63
70 20 37.67
70 21 81.05
70 26 37.28
70 30 9.54
70 33 87.68
70 34 14.39
70 35 55.23
70 42 61.65
70 43 29.99
70 44 4.85
70 47 90.77
70 49 77.9
70 54 70.34
70 66 58.89
70 67 40.44
70 73 84.41
70 87 75.41
70 88 71.81
70 90 60.63
70 93 65.16
70 96 61.84
70 97 78.91
70 99 19.41
71 8 97.11
71 9 79.45
71 10 38.06
71 21 33.55
71 22 49.34
71 26 31.41
71 27 1.57
71 35 22.69
71 37 1.59
71 38 6.08
71 46 96.32
71 48 20.53
71 49 35.46
71 51 1.58
71 63 89.47
71 66 61.04
71 70 8.38
71 78 10.13
71 82 1.87
71 84 64.12
71 85 80.9
71 86 36.3
71 90 48.14
71 93 41.59
71 94 80.28
71 97 19.09
71 98 65.73
72 2 67.23
72 6 95.14
72 10 67.03
72 12 86.25
72 19 52.19
72 28 13.75
72 37 73.05
72 47 48.59
72 48 42.44
72 49 15.92
72 50 15.13
72 55 67.69
72 70 80.46
72 73 61.41
72 74 56.24
72 78 66.4
72 79 70.99
72 80 30.64
72 81 64.89
72 82 30.16
72 83 29.74
72 84 78.01
72 86 77.65
72 87 44.59
72 88 40.02
72 89 58.14
72 90 74.66
72 92 81.63
72 94 22.65
72 95 39.43
72 96 74.16
72 97 63.41
72 99 74.84
73 2 72.49
73 4 47.84
73 6 89.34
73 9 33.12
73 12 39.92
73 15 71.07
73 29 88.17
73 38 63.39
73 43 54.07
73 45 30.47
73 46 84.73
73 60 39.33
73 64 22.44
73 65 89.57
73 71 90.27
73 75 63.7
73 77 78.99
73 78 86.36
73 79 35.84
73 81 87.98
73 84 33.66
73 88 49.81
73 90 8.34
73 91 26.25
73 92 64.54
73 94 40.43
73 95 79.69
73 96 76.25
73 99 62.9
74 1 9.02
74 4 87.03
74 6 49.9
74 15 23.8
74 21 8.38
74 31 55.35
74 34 46.31
74 41 70.59
74 45 95.21
74 47 64.51
74 49 26.05
74 50 64.1
74 55 79.5
74 56 50.94
74 58 27.13
74 61 15.16
74 70 51.9
74 71 22.8
74 73 62.69
74 79 3.6
74 81 8.81
74 83 23.52
74 86 58.32
74 87 68.4
74 89 45.44
74 92 26.41
74 93 2.88
74 95 26.5
74 96 82.63
74 97 33.28
74 99 72.35
75 8 85.51
75 11 21.33
75 15 77.49
75 20 85.74
75 29 73.64
75 31 36.99
75 41 89.78
75 51 79.29
75 55 79.15
75 56 53.08
75 57 31.98
75 59 74.92
75 70 64.5
75 71 63.74
75 74 93.86
75 76 89.97
75 78 34.23
75 80 83.08
75 81 74.28
75 82 18.13
75 83 75.23
75 85 39.14
75 90 50.13
75 91 1.63
75 92 96.21
75 93 77.68
75 94 64.48
75 97 18.39
75 98 56.91
75 99 61.11
76 3 29.23
76 9 86.03
76 10 42.54
76 12 7.64
76 16 46.91
76 20 33.64
76 27 66.3
76 29 7.38
76 30 98.65
76 31 37.04
76 37 98.9
76 41 61.81
76 43 50.46
76 44 3.42
76 54 24.06
76 59 13.66
76 67 44.56
76 70 63.0
76 73 25.16
76 78 26.23
76 80 13.39
76 82 83.56
76 83 24.85
76 84 17.9
76 86 51.66
76 87 13.18
76 89 18.5
76 92 36.93
76 95 24.52
76 98 93.72
77 1 88.88
77 2 21.15
77 6 19.87
77 8 40.76
77 9 96.02
77 14 87.46
77 15 73.81
77 19 38.67
77 20 19.27
77 27 76.47
77 30 14.54
77 35 39.35
77 39 64.89
77 45 41.21
77 46 52.19
77 53 60.61
77 54 4.06
77 60 95.77
77 61 3.6
77 68 48.82
77 70 74.19
77 71 38.3
77 75 8.52
77 76 67.89
77 78 38.25
77 82 84.67
77 83 17.38
77 84 24.83
77 85 65.56
77 92 89.68
77 95 26.0
77 97 49.12
77 98 88.3
77 99 46.32
78 1 83.73
78 2 80.11
78 7 97.48
78 11 74.65
78 18 11.27
78 19 75.37
78 21 83.36
78 31 58.28
78 39 9.19
78 43 77.53
78 48 63.74
78 49 29.64
78 52 97.84
78 55 41.42
78 58 21.37
78 60 22.22
78 66 15.95
78 67 46.37
78 70 0.66
78 79 92.8
78 80 34.42
78 81 71.83
78 82 33.15
78 83 79.79
78 84 62.07
78 86 44.91
78 87 52.17
78 88 66.22
78 89 83.89
78 90 75.1
78 91 93.85
78 93 39.53
78 94 89.98
78 97 63.18
78 99 52.65
79 1 66.89
79 9 10.16
79 14 56.41
79 15 31.11
79 26 10.94
79 29 0.86
79 37 68.88
79 38 91.58
79 43 66.55
79 44 89.6
79 51 52.07
79 52 69.18
79 60 66.51
79 62 6.51
79 70 49.6
79 71 28.38
79 77 34.79
79 80 13.73
79 81 99.38
79 82 38.12
79 83 68.95
79 85 82.15
79 87 84.91
79 91 49.28
79 92 64.88
79 93 9.89
79 94 29.56
79 95 39.06
79 96 76.06
79 97 37.19
79 98 61.32
79 99 36.98
80 1 73.39
80 3 19.21
80 17 75.53
80 22 59.14
80 33 92.33
80 34 9.75
80 41 54.65
80 42 47.0
80 45 92.87
80 60 94.1
80 61 23.82
80 63 73.84
80 65 38.96
80 66 15.04
80 67 36.94
80 71 18.1
80 73 50.07
80 74 13.93
80 77 27.95
80 82 24.59
80 84 50.06
80 85 80.04
80 86 78.19
80 87 64.22
80 89 45.93
80 92 61.44
80 93 35.46
80 95 11.04
80 98 33.47
81 0 74.27
81 1 16.59
81 7 1.41
81 10 74.0
81 11 82.24
81 12 28.22
81 22 20.15
81 23 39.55
81 24 89.42
81 30 63.22
81 36 0.13
81 42 63.24
81 45 8.6
81 49 94.89
81 50 66.04
81 51 96.79
81 56 78.58
81 58 40.59
81 59 40.15
81 61 79.16
81 63 84.59
81 64 48.4
81 65 4.25
81 71 16.89
81 76 16.43
81 84 2.34
81 86 30.52
81 87 7.49
81 88 92.76
81 89 42.16
81 93 38.47
81 95 67.84
81 98 50.08
81 99 88.45
82 2 13.89
82 9 83.58
82 12 0.51
82 13 79.87
82 14 15.95
82 15 53.5
82 26 22.81
82 34 80.46
82 35 64.85
82 43 13.52
82 45 78.72
82 52 44.51
82 58 39.08
82 63 72.53
82 66 57.86
82 68 98.11
82 70 9.71
82 83 93.23
82 85 40.28
82 86 1.05
82 90 14.34
82 94 59.24
82 95 59.14
82 99 0.41
83 7 83.99
83 11 39.23
83 17 6.39
83 18 55.83
83 19 66.53
83 21 1.28
83 22 21.02
83 23 25.88
83 24 54.12
83 25 51.77
83 27 45.94
83 29 30.84
83 32 68.67
83 33 93.63
83 38 22.25
83 39 74.79
83 40 36.59
83 44 61.66
83 46 85.13
83 52 54.07
83 53 80.67
83 54 78.77
83 55 90.48
83 60 73.52
83 62 85.13
83 64 58.55
83 70 93.5
83 81 93.64
83 84 44.38
83 87 89.18
83 89 30.21
83 90 38.88
83 95 53.33
83 96 59.3
83 97 78.55
83 98 83.49
84 1 10.62
84 3 0.07
84 7 55.05
84 9 39.78
84 10 4.38
84 12 59.36
84 23 91.22
84 25 41.3
84 31 7.08
84 38 91.37
84 42 46.5
84 45 13.81
84 46 74.44
84 48 52.01
84 49 73.54
84 58 52.97
84 60 10.25
84 61 3.88
84 62 19.21
84 70 65.3
84 89 23.51
84 90 70.26
84 92 96.04
84 93 62.0
84 95 24.82
84 96 67.75
84 97 41.96
84 98 4.82
85 0 52.25
85 1 73.04
85 3 65.54
85 4 47.28
85 12 40.64
85 20 99.99
85 22 46.98
85 27 88.75
85 28 21.99
85 32 89.11
85 35 81.57
85 36 85.1
85 37 63.37
85 38 86.26
85 50 94.05
85 54 75.29
85 57 27.69
85 63 91.16
85 68 81.45
85 70 1.11
85 72 17.06
85 73 74.13
85 78 48.06
85 84 15.82
85 87 91.38
85 91 78.42
85 93 14.9
85 97 69.88
85 99 10.16
86 0 86.32
86 6 8.26
86 13 53.84
86 16 47.12
86 19 67.79
86 26 51.13
86 30 10.2
86 34 89.27
86 38 26.49
86 48 72.25
86 54 26.68
86 58 11.13
86 65 10.93
86 73 22.73
86 77 50.99
86 79 50.26
86 83 48.65
86 84 26.26
86 87 29.34
86 88 43.13
86 89 62.87
86 90 60.46
86 91 88.18
87 0 48.76
87 2 14.13
87 4 24.0
87 10 23.81
87 15 7.65
87 21 49.44
87 27 71.43
87 28 68.53
87 39 49.4
87 48 10.68
87 53 49.62
87 55 42.17
87 58 20.04
87 63 35.57
87 68 29.47
87 71 72.82
87 73 80.95
87 84 6.37
87 88 75.84
87 94 78.51
87 95 67.59
87 96 39.55
87 98 56.24
88 4 49.42
88 6 87.92
88 7 31.13
88 8 27.54
88 9 89.95
88 10 95.9
88 14 13.79
88 17 67.71
88 21 65.26
88 22 60.97
88 28 56.27
88 30 30.22
88 32 10.76
88 42 91.83
88 43 89.09
88 44 12.95
88 49 79.29
88 60 69.95
88 65 82.76
88 68 52.48
88 74 43.12
88 75 51.92
88 76 93.98
88 77 0.73
88 79 50.52
88 84 4.55
88 85 78.58
88 89 49.01
88 90 89.39
88 91 97.29
88 95 72.31
88 97 19.85
88 98 47.12
89 4 19.0
89 6 16.83
89 7 63.36
89 9 59.77
89 10 51.01
89 18 37.85
89 19 29.81
89 22 77.22
89 26 18.7
89 27 43.98
89 32 11.77
89 34 79.84
89 38 93.52
89 39 72.29
89 40 71.63
89 49 80.67
89 51 32.25
89 58 34.78
89 61 21.82
89 62 39.18
89 69 55.58
89 75 43.57
89 79 55.42
89 82 30.86
89 92 9.36
89 93 66.81
89 95 53.66
89 96 37.44
89 98 15.46
90 5 43.45
90 8 10.95
90 10 98.93
90 11 23.64
90 12 79.17
90 22 88.54
90 23 11.6
90 33 61.03
90 36 96.81
90 37 17.35
90 41 93.6
90 44 95.35
90 50 87.08
90 54 64.44
90 58 51.34
90 60 96.34
90 61 96.17
90 66 28.79
90 67 99.68
90 74 91.85
90 85 46.88
90 89 41.64
90 91 13.09
90 94 87.05
90 96 0.5
90 97 10.86
91 15 54.91
91 16 82.17
91 20 13.79
91 23 29.53
91 26 73.21
91 35 37.83
91 40 25.53
91 44 76.06
91 45 39.51
91 52 26.19
91 53 99.02
91 55 78.05
91 56 53.07
91 59 75.14
91 63 21.07
91 64 47.98
91 68 69.64
91 70 90.11
91 71 52.53
91 76 38.12
91 77 30.62
91 83 1.5
91 93 27.29
91 96 34.51
91 97 88.17
92 1 41.02
92 7 22.84
92 9 86.61
92 15 2.54
92 16 7.28
92 25 23.11
92 29 86.71
92 31 72.95
92 37 49.22
92 41 5.73
92 48 12.4
92 51 82.2
92 52 25.23
92 58 56.18
92 59 8.57
92 60 91.96
92 69 60.45
92 70 77.02
92 81 49.29
92 83 42.9
92 87 43.98
92 91 10.34
92 93 17.54
92 94 62.42
92 96 22.99
92 98 52.21
93 1 48.75
93 7 11.4
93 12 26.15
93 14 51.43
93 17 54.69
93 26 32.19
93 31 25.16
93 33 42.66
93 34 49.94
93 39 43.66
93 41 64.6
93 44 83.94
93 50 91.15
93 51 77.23
93 56 71.78
93 72 14.61
93 77 76.4
93 83 54.3
93 87 6.91
93 88 85.46
93 94 20.06
93 98 38.33
93 99 78.62
94 0 11.99
94 3 36.65
94 6 48.94
94 14 73.47
94 17 63.0
94 20 83.49
94 21 18.82
94 27 50.94
94 28 45.42
94 29 57.86
94 34 62.61
94 44 32.44
94 46 14.64
94 48 65.06
94 52 82.95
94 62 89.85
94 70 34.38
94 74 79.22
94 77 76.49
94 91 24.4
94 96 76.2
94 99 51.14
95 0 73.1
95 1 76.92
95 6 92.07
95 13 15.13
95 24 35.04
95 25 34.53
95 28 20.15
95 29 89.2
95 36 88.71
95 46 15.58
95 60 39.9
95 61 15.19
95 62 40.3
95 64 83.35
95 68 71.2
95 70 37.64
95 78 51.31
95 91 88.56
95 93 1.78
95 97 89.52
95 98 46.22
96 7 59.02
96 8 96.78
96 13 82.24
96 14 98.62
96 24 75.28
96 30 5.22
96 32 50.91
96 37 72.09
96 44 5.31
96 52 9.04
96 55 25.51
96 56 46.5
96 58 50.62
96 59 77.69
96 66 49.99
96 67 91.98
96 71 49.16
96 77 85.57
96 82 83.17
96 85 48.47
96 86 57.66
96 97 16.5
96 98 26.73
96 99 19.11
97 1 27.52
97 7 5.28
97 11 91.55
97 15 84.66
97 25 80.1
97 35 68.97
97 36 52.2
97 39 86.41
97 55 56.37
97 60 53.16
97 62 50.74
97 63 88.35
97 76 59.49
97 80 76.52
97 82 76.66
97 93 71.23
97 94 23.41
97 98 30.52
98 2 77.52
98 3 53.72
98 4 14.57
98 7 60.54
98 8 65.25
98 9 17.51
98 10 11.83
98 11 47.12
98 12 50.77
98 19 77.42
98 20 25.69
98 21 44.77
98 27 95.39
98 29 0.04
98 35 0.32
98 37 91.5
98 38 59.99
98 42 43.3
98 44 90.58
98 45 54.81
98 50 90.22
98 53 81.01
98 55 59.4
98 61 1.74
98 63 98.8
98 69 39.39
98 74 63.26
98 78 48.04
98 85 37.81
98 91 37.74
98 99 77.05
99 1 13.11
99 3 36.8
99 6 13.05
99 7 53.97
99 17 18.15
99 18 38.87
99 24 54.48
99 29 59.78
99 37 58.96
99 38 37.57
99 39 54.78
99 40 14.59
99 41 68.95
99 42 57.23
99 43 8.61
99 47 90.17
99 48 16.84
99 51 19.43
99 55 95.61
99 56 64.95
99 62 13.05
99 63 44.84
99 64 56.9
99 66 86.9
99 71 43.29
99 76 61.37
99 80 12.6
99 83 95.64
99 84 9.17
99 86 69.76
99 87 34.68
99 88 33.32
99 91 58.91
99 95 31.29
