81
0 1 12.3
1 3 5.2
2 1 7.4
3 4 9.2
4 5 5.4
5 6 8.3
6 8 1.2
7 6 5.2
8 9 4.0
9 10 16.4
10 14 5.4
11 12 6.2
12 13 12.12
13 14 13.13
14 11 3.2
15 16 16.1
15 14 1.0
16 17 89.2
17 18 12.0
18 19 12.2
19 20 1.0
20 21 2.0
21 22 15.2
22 20 14.2
23 18 11.2
24 15 16.2
25 24 12.1
26 18 13.5
27 7 6.2
28 9 12.1
29 26 9.2
29 4 18.4
30 31 12.4
31 27 15.2
32 31 11.4
33 34 83.2
34 32 15.4
35 33 32.2
36 35 1.3
37 1 1.0
37 33 14.2
37 2 12.3
38 37 12.4
38 28 11.2
39 0 13.2
39 6 12.3
39 16 15.4
40 39 60.1
40 25 15.4
40 41 12.3
40 68 12.5
41 44 41.6
42 50 30.7
43 55 23.2
44 46 26.7
45 49 36.8
46 45 95.3
47 48 98.5
48 46 3.4
49 53 25.6
50 43 14.1
51 53 90.4
52 45 24.8
53 56 88.2
54 45 51.4
55 44 4.8
56 57 70.7
57 60 43.4
58 59 43.3
59 61 71.1
60 58 11.1
61 70 77.7
62 43 80.1
63 55 66.3
64 41 11.5
65 79 38.8
66 45 63.5
67 59 41.6
68 75 64.3
69 62 50.4
70 62 47.7
71 60 65.5
72 45 26.8
73 69 43.3
74 48 92.2
75 60 11.3
76 64 53.9
77 68 40.3
78 75 25.3
79 59 70.3
80 66 23.8
