56
8 32 4.59
32 0 5.27
0 3 4.3
3 25 4.59
25 6 1.75
6 26 12.64
26 47 3.48
47 20 4.2
20 36 4.64
36 9 6.59
9 17 19.91
9 11 20.73
11 17 3.82
11 15 12.73
17 15 10.73
0 45 7.73
45 23 9.27
3 45 4.86
6 23 11.14
20 23 20.32
0 18 21
23 18 6.05
13 18 7.73
18 2 15.64
13 2 12.86
2 14 18.55
14 22 24.45
22 2 13.55
22 4 28.73
7 22 35.41
4 7 10.86
18 33 6.45
33 24 8.32
24 22 11
13 24 12.82
22 27 14.05
27 9 11.36
20 27 18.59
4 16 36
10 44 19.05
44 16 20.41
16 31 27.41
31 22 11.27
14 16 38.36
2 16 45.68
16 37 34.05
37 1 12.23
1 10 16.95
5 19 4
16 29 23.55
29 19 29.5
19 1 17.45
1 5 17.36
19 21 26.27
12 21 7.95
16 29 23.55
29 12 37.73
21 29 34.86
10 37 13.91
37 12 50.68
29 2 63.59
14 21 78.59
31 29 48.73
31 12 83.5
14 12 75.27
12 2 92.82
44 31 36
31 14 19.82
14 29 56.45
8 18 29.09
4 42 28.95
42 9 6.68
9 7 36.05
4 11 50.32
7 11 44.55
4 17 49.55
17 7 43.77
4 27 30.18
27 46 7.95
46 35 4.52
35 33 4.86
27 7 35.41
33 23 8.41
6 27 30.27
6 42 33.77
42 7 30.32
24 4 40.91
7 24 46.09
13 35 11.95
35 9 20.95
46 24 5.18
24 2 8.36
14 27 40.09
20 33 19.36
33 13 9.18
24 20 26.64
20 18 23.41
20 39 17.41
39 11 9.09
39 17 6.5
15 39 15.82
4 10 48.41
7 30 8.95
30 10 44.59
4 44 29.5
44 19 49.09
5 44 49.36
29 44 27.18
4 31 23.09
39 6 32.09
24 35 5.09
24 47 25.59
40 24 33.05
24 43 11.59
46 36 18.73
25 45 3.6
25 23 11.23
6 40 8.86
40 26 8.41
26 39 20.64
47 23 19.41
27 47 21.09
42 27 8.73
27 41 30.82
36 27 15.73
28 1 5.45
10 28 16.14
28 30 57.91
28 38 59.05
37 28 15.05
29 34 65.45
29 37 19.14
1 44 35.77
34 2 4.2
34 14 15.32
43 2 8.14
31 2 23.18
31 41 15.86
41 4 9.36
22 41 22.68
16 41 30.86
42 41 32.32
38 4 8.86
38 7 7.5
30 38 3.62
10 38 45.73
44 38 31.68
30 44 32.45
10 29 30.09
10 16 37.32
19 37 25.55
37 5 25.86
21 37 44.09
44 41 24.73
44 37 26.18
43 13 7.14
33 43 14.59
35 43 16.18
36 39 17.59
9 39 15.73
39 7 39.55
4 39 45.36
40 39 27.86
3 40 12.59
32 18 25.59
40 35 27.55
46 40 29.77
46 6 27.59
46 25 27.73
33 47 18.41
47 35 20.05
18 47 22.45
36 35 18.91
33 36 20.68
30 16 42.36
16 38 41.55
31 34 25.77
46 47 22.27
35 47 20.05
20 35 21.77
46 22 11.86
31 42 31.18
34 16 47.5
40 33 25.91
1 48 0.5
1 49 0.42
1 50 0.38
1 51 0.25
52 1 0.61
1 53 0.53
38 54 99
54 55 0.78