100
11 18 16
72 95 99
2 73 19
84 86 19
24 32 83
56 88 89
59 96 2
77 80 85
9 25 96
12 40 98
70 75 82
25 77 20
36 49 89
16 48 17
7 97 85
85 97 8
23 32 97
5 12 93
1 55 4
73 77 95
68 91 92
51 88 17
91 97 98
67 73 83
17 64 8
89 98 19
78 80 95
3 68 11
34 39 11
33 39 84
96 99 96
88 90 5
48 65 89
60 80 80
95 99 98
82 94 99
43 95 83
14 72 82
27 60 3
83 91 92
41 88 2
69 72 12
76 84 20
26 55 8
98 99 85
19 65 89
45 92 90
46 68 1
86 87 3
15 25 93
44 61 4
29 73 87
92 99 17
0 5 6
6 45 5
30 95 16
4 67 13
55 73 14
79 85 19
90 92 18
61 69 85
65 97 85
81 93 80
71 84 6
21 90 80
8 87 20
49 51 19
42 56 1
22 72 15
62 87 17
38 87 96
87 92 98
31 73 85
39 68 8
18 97 89
40 48 17
37 63 90
53 54 8
28 35 96
97 98 93
35 57 90
52 77 95
54 76 20
80 91 4
94 95 7
13 97 93
50 80 15
64 79 11
63 88 2
58 92 83
10 19 97
66 83 94
32 48 5
20 62 11
74 78 1
93 98 12
57 81 84
47 94 2
75 83 9
26 49 7
50 72 13
50 60 1
0 19 3
16 57 15
8 98 94
28 75 18
24 87 87
35 82 5
5 30 8
4 98 5
37 57 93
94 97 90
72 84 17
9 11 9
0 14 2
1 18 96
47 73 2
56 65 86
66 91 20
18 57 93
11 35 17
29 90 10
68 94 89
7 34 81
45 73 84
0 10 6
34 41 8
20 92 82
15 20 89
54 57 91
1 42 8
48 57 8
5 90 91
28 30 82
31 31 81
13 55 17
22 47 17
21 96 87
10 19 3
11 54 13
35 78 5
57 95 9
30 74 10
46 48 1
48 74 5
69 99 15
11 86 87
13 23 98
13 22 20
63 94 10
27 97 12
22 41 82
65 84 15
45 57 93
22 73 80
13 97 84
80 95 84
27 36 80
6 86 1
9 24 90
33 46 7
19 36 86
28 88 15
67 79 93
78 98 80
38 50 96
60 68 17
65 86 11
10 87 12
60 99 83
79 96 9
14 57 85
8 30 80
24 26 20
66 69 19
13 25 81
34 82 5
30 71 91
8 23 7
33 66 7
86 96 89
32 49 2
36 53 12
83 90 87
19 35 94
71 97 11
34 74 6
19 97 14
16 94 94
82 86 17
0 20 91
8 36 12
31 86 8
18 44 86
22 38 7
53 94 86
64 81 19
21 22 18
0 95 81
32 46 84
10 15 85
30 88 15
1 35 87
15 85 99
20 90 90
18 93 3
9 70 84
13 32 87
35 61 19
63 84 18
15 46 16
38 65 93
79 86 84
9 75 98
35 91 90
4 87 2
76 83 82
6 17 12
20 98 85
25 97 5
74 99 3
14 28 95
29 89 84
33 93 7
25 47 11
15 49 80
85 91 84
36 71 12
63 65 90
68 88 95
54 87 2
73 88 95
78 88 94
25 61 7
78 79 81
54 64 5
17 86 98
20 54 2
5 99 80
20 39 9
53 81 7
32 48 83
28 67 89
29 39 99
4 82 19
30 60 91
32 90 90
55 64 10
27 70 95
20 62 83
54 72 94
12 13 98
29 88 84
1 54 98
7 37 20
73 84 97
13 57 18
19 64 81
34 48 15
15 56 92
7 79 95
23 59 9
28 52 87
47 70 3
60 80 3
59 82 83
64 91 3
92 92 7
16 81 5
4 69 81
18 32 99
9 72 8
41 95 4
76 98 98
11 20 92
49 66 4
44 82 89
19 96 84
57 94 12
19 51 11
36 37 10
16 31 99
51 89 11
26 47 93
23 90 96
82 82 20
76 94 17
44 44 19
66 80 94
2 84 86
16 52 94
17 76 17
14 90 2
38 46 92
8 44 96
23 44 1
79 80 83
8 51 95
4 70 13
63 97 5
46 62 12
41 43 20
22 37 91
23 51 2
73 80 19
46 66 85
57 67 96
46 96 20
6 15 85
45 95 85
56 69 85
49 68 13
21 61 97
53 86 82
22 87 7
38 68 93
18 74 20
6 41 6
4 8 7
70 77 9
39 82 1
14 96 18
9 59 96
38 40 85
24 81 85
19 30 82
2 93 98
23 81 83
20 67 8
25 98 84
64 98 85
21 79 99
8 63 84
42 45 18
1 26 6
14 45 92
38 47 95
15 51 17
12 62 94
8 96 99
53 93 18
86 88 86
90 94 91
24 44 99
15 72 84
67 83 1
23 30 5
55 76 92
81 94 86
29 97 8
44 72 3
22 58 95
58 85 13
30 33 17
16 18 6
46 54 88
2 34 94
29 41 90
12 44 6
26 70 94
39 89 13
60 60 8
32 53 2
1 43 16
76 92 88
27 53 80
34 77 15
9 55 20
19 26 82
58 76 95
60 76 12
3 74 18
19 39 92
34 65 11
12 24 4
15 18 96
8 82 17
2 56 7
52 96 94
58 90 9
2 79 94
69 95 88
97 97 1
75 81 18
53 66 15
19 62 16
18 20 87
13 86 95
38 75 97
7 57 99
28 49 87
7 70 12
31 47 83
23 37 91
50 83 14
34 47 8
37 84 92
36 98 6
47 57 10
45 94 17
70 88 86
17 75 83
35 71 91
43 92 80
8 68 19
37 46 82
16 39 93
63 78 92
45 55 8
29 35 19
51 61 9
42 55 18
44 95 84
0 56 82
42 51 7
65 90 1
80 94 14
14 77 99
18 45 1
46 88 12
55 93 96
90 90 8
29 98 92
62 90 89
0 62 13
11 76 80
6 90 89
2 74 8
68 84 83
27 64 3
28 94 95
43 65 94
3 39 89
82 90 14
19 98 90
65 71 87
1 29 87
90 99 81
43 61 87
67 95 8
81 93 94
78 89 12
1 69 3
1 90 4
57 97 80
47 94 92
20 71 99
71 80 5
23 89 82
36 97 9
47 96 18
15 17 15
49 89 89
83 97 95
17 60 14
58 87 80
31 57 6
41 76 89
1 97 93
6 47 83
67 91 96
21 82 95
26 71 13
41 55 92
35 44 90
52 98 86
42 73 2
48 85 9
4 9 12
45 74 84
35 62 2
83 86 90
19 68 17
35 80 9
7 92 98
18 94 16
0 12 80
53 96 81
44 55 90
6 70 93
26 94 2
51 67 10
33 41 99
5 64 96
42 76 9
11 15 81
70 99 96
30 65 18
24 80 17
78 85 97
40 72 20
27 76 15
22 76 20
47 67 98
11 48 81
34 70 87
31 85 20
27 80 15
27 71 94
19 86 11
3 77 14
15 55 10
13 69 85
34 34 96
40 89 80
8 41 98
13 64 2
53 59 12
25 68 9
35 99 80
9 13 2
15 90 93
37 67 96
55 78 11
85 89 13
52 72 19
45 83 93
6 96 96
9 14 19
11 30 92
52 90 82
1 17 89
14 83 20
40 78 1
37 47 95
23 52 19
5 69 20
42 91 94
68 79 85
37 85 7
19 31 86
77 82 11
55 80 91
42 42 6
30 56 14
13 41 90
22 89 9
30 37 5
89 92 11
48 62 86
15 28 10
15 27 86
46 78 86
23 53 87
46 90 4
5 62 19
3 23 13
75 82 96
85 92 84
70 74 9
1 76 86
69 82 9
14 82 85
31 46 81
80 85 83
1 44 10
79 81 93
42 50 89
11 70 12
43 49 87
17 30 15
72 83 19
59 80 82
6 97 10
56 60 8
7 42 10
30 95 92
10 59 97
34 38 15
10 21 4
46 93 5
23 63 19
4 31 94
6 29 85
6 52 4
31 32 90
26 86 2
25 76 7
51 76 10
18 89 89
77 90 99
3 69 8
68 91 81
21 31 82
34 49 2
8 59 12
13 76 5
7 7 92
18 88 6
72 98 19
35 35 96
10 41 92
7 97 17
89 95 17
5 50 6
33 89 95
19 83 13
47 84 86
59 93 2
68 98 1
17 79 5
25 92 89
80 80 2
52 54 18
40 58 89
2 85 15
1 15 9
48 95 89
0 21 8
8 61 3
9 51 19
87 91 89
92 97 99
26 28 5
17 18 13
34 61 92
43 81 90
13 95 98
17 71 86
6 10 7
26 85 82
5 26 13
39 70 13
23 94 94
58 79 93
3 64 94
59 70 11
44 81 90
40 62 88
37 42 93
45 76 17
7 84 11
13 31 18
21 53 5
4 60 99
36 65 18
85 95 84
33 99 98
67 76 13
32 42 10
66 87 20
47 89 82
3 90 4
34 79 88
12 52 97
17 25 80
60 79 11
9 71 90
56 66 93
33 53 19
12 35 96
30 96 95
28 45 3
1 24 97
0 23 7
0 67 99
18 25 86
14 34 82
16 73 8
70 81 97
12 99 9
81 91 90
34 94 18
15 25 3
39 92 98
21 77 7
15 19 3
74 86 12
39 54 14
50 74 5
26 99 10
18 22 2
13 98 96
25 46 13
39 66 13
12 68 15
39 77 92
52 76 18
15 24 6
33 73 96
14 16 96
14 69 92
32 70 8
16 66 3
75 78 81
8 55 91
24 98 14
16 90 15
2 61 83
61 90 97
59 78 81
59 86 2
59 91 82
1 1 17
71 78 20
40 70 17
7 15 9
61 63 93
43 79 8
48 71 15
8 17 18
45 88 81
16 70 81
11 73 83
14 71 94
27 79 92
25 33 11
28 48 3
17 54 85
25 78 82
1 47 98
50 73 85
49 94 17
25 45 81
6 40 94
5 27 4
63 99 86
37 74 92
1 28 97
47 51 81
59 62 14
75 93 82
20 88 88
68 69 89
7 85 6
14 52 89
12 90 14
19 80 14
39 39 13
3 50 84
66 88 9
45 59 94
74 97 88
3 14 89
42 52 96
4 71 95
52 67 82
4 86 5
52 91 86
21 49 91
9 36 90
20 22 20
52 89 86
72 78 8
58 77 12
25 38 93
11 61 11
50 62 89
12 32 96
14 33 4
45 81 20
22 72 4
13 67 81
18 31 89
22 54 3
8 91 94
9 93 3
2 32 10
22 59 8
14 22 19
16 42 93
27 32 7
39 44 12
27 65 82
8 65 88
64 87 10
35 68 83
64 67 10
11 74 98
8 66 9
5 40 16
1 2 98
44 58 93
4 68 9
23 32 99
72 88 5
43 98 99
57 83 93
51 78 18
1 65 89
31 95 8
19 59 16
79 91 7
9 98 7
11 40 19
39 88 4
2 8 4
26 26 10
43 43 99
15 87 93
4 48 95
10 25 1
3 15 11
90 96 90
44 49 2
92 98 87
7 26 81
44 88 82
12 58 3
4 35 97
67 70 1
68 78 84
59 68 20
12 26 84
96 97 95
10 86 90
8 34 3
8 81 85
5 5 82
20 70 84
79 82 3
46 55 2
49 72 81
4 25 14
56 68 88
51 81 81
46 56 99
42 65 18
28 38 95
34 69 1
51 92 18
35 74 5
44 98 9
24 41 4
6 88 9
59 73 9
6 62 94
8 19 5
53 70 19
69 86 8
32 80 8
42 58 8
14 93 13
62 75 92
16 99 12
29 80 5
14 91 84
64 75 10
2 72 20
48 90 10
44 87 9
22 98 18
4 22 84
52 75 7
24 40 7
43 44 92
1 55 4
3 17 15
67 88 88
2 57 8
33 86 4
91 98 13
1 33 81
24 43 20
15 80 94
24 34 2
71 89 18
19 56 18
48 73 95
44 65 17
22 71 4
19 24 12
0 80 4
86 91 84
52 79 6
10 54 6
4 64 94
12 15 97
14 81 6
55 69 92
32 44 83
48 55 11
24 83 89
20 50 12
35 76 81
84 86 89
7 33 9
31 62 17
40 41 1
80 84 17
22 85 86
5 31 16
43 70 18
39 76 92
38 72 95
51 57 87
72 72 2
58 92 18
5 89 82
12 97 9
42 90 93
16 47 90
47 98 11
5 36 96
61 70 8
7 35 96
38 81 92
9 31 82
26 42 90
5 54 10
9 60 4
20 97 1
23 45 14
65 98 11
18 97 12
36 44 91
20 43 85
35 41 4
5 74 85
47 48 5
37 44 14
9 96 4
63 93 4
77 99 99
71 94 86
73 86 19
53 62 85
52 69 84
9 34 5
44 90 87
4 53 6
0 82 96
28 53 96
2 82 94
9 74 96
42 47 3
15 22 89
32 61 83
3 79 80
66 78 90
6 76 91
67 98 93
45 71 81
3 49 16
83 94 92
24 91 96
31 63 82
23 34 16
20 91 98
20 94 2
4 62 88
45 69 93
58 78 97
29 75 2
51 94 97
70 95 99
24 90 88
9 22 81
30 40 7
68 75 85
76 81 98
78 90 9
28 85 85
40 76 84
12 72 14
2 16 20
22 81 83
11 26 3
9 66 5
41 61 95
58 69 94
15 16 84
19 38 80
18 27 80
21 98 17
5 80 10
27 44 97
10 64 3
22 84 18
24 60 6
24 48 98
77 78 9
31 71 85
16 23 2
21 55 88
5 57 88
25 36 18
6 27 99
3 10 15
4 59 3
33 78 10
6 30 9
27 40 17
8 78 97
5 61 96
30 93 81
98 99 97
12 61 5
92 94 13
12 65 93
74 88 83
4 28 91
44 71 20
21 50 83
2 17 5
17 85 15
12 34 9
21 35 11
46 74 5
83 99 93
8 75 10
5 60 81
13 90 7
10 90 4
80 89 95
64 93 97
80 83 93
18 41 94
22 70 13
22 25 91
12 84 12
42 70 20
38 45 7
28 93 18
38 67 13
29 70 83
0 31 90
38 93 15
31 39 2
40 69 15
36 41 87
21 58 6
29 82 94
61 97 6
32 41 96
57 76 99
23 91 16
25 87 8
28 59 81
31 68 10
1 13 86
5 55 82
35 49 9
35 90 84
63 70 80
5 85 84
42 63 95
64 80 91
39 95 99
31 56 96
69 87 84
18 79 14
5 18 10
11 80 1
52 99 3
68 95 11
26 75 90
79 88 80
63 86 9
87 99 81
9 18 8
46 50 13
3 92 3
31 55 81
54 65 10
78 97 17
26 67 93
34 58 2
40 90 11
37 55 5
51 72 5
26 60 95
22 44 96
21 68 83
69 89 80
44 96 82
2 80 94
49 59 18
32 99 93
27 28 81
55 92 92
14 51 98
51 68 85
53 92 14
66 66 3
48 93 97
13 73 86
7 58 2
0 6 94
63 89 11
39 67 96
19 76 8
8 10 99
72 90 86
9 29 95
7 22 13
13 15 8
7 64 85
11 17 88
73 77 95
73 74 96
97 98 15
20 86 86
70 76 88
65 68 7
5 48 94
11 66 19
17 93 1
15 40 83
29 36 91
16 59 17
33 35 9
24 73 16
51 65 9
18 96 82
19 19 17
33 45 81
25 26 88
19 29 83
8 48 94
14 78 90
38 88 97
18 81 20
6 94 91
73 99 93
51 54 14
7 80 80
63 66 91
46 94 94
91 94 94
65 76 13
55 86 98
46 60 88
18 66 81
66 81 2
23 95 7
15 62 4
28 89 6
58 59 11
78 91 18
44 53 9
41 96 20
54 83 99
83 89 92
30 55 1
30 48 1
72 97 84
17 32 95
41 89 7
37 62 83
38 57 11
36 45 88
35 52 7
40 45 13
14 43 94
35 88 90
73 83 4
50 99 92
65 73 81
20 68 2
32 60 18
8 74 14
58 95 88
8 97 93
10 84 1
14 14 7
0 11 97
23 83 92
2 98 6
12 33 7
2 36 20
27 68 83
26 96 12
8 52 83
47 68 3
90 95 82
57 84 93
12 91 80
13 29 98
55 89 10
31 65 90
44 56 96
22 63 94
31 90 17
2 87 3
38 70 13
15 66 13
12 70 97
27 98 85
80 88 84
5 44 6
24 49 89
69 83 95
93 96 10
62 63 93
62 72 82
8 37 14
3 80 85
36 85 11
44 50 87
28 35 96
22 55 9
11 19 84
12 40 92
21 71 97
34 35 82
29 76 86
88 98 98
62 74 20
3 81 9
15 32 82
4 91 83
35 37 16
36 36 3
26 91 84
37 63 87
27 48 20
0 83 14
27 81 94
37 39 18
0 27 91
31 54 92
81 96 11
13 93 15
25 93 2
13 46 84
39 85 93
31 41 99
60 97 18
44 77 5
4 17 4
91 93 4
1 93 96
30 75 85
63 76 87
20 96 7
40 68 91
18 49 91
24 89 87
25 59 11
4 99 17
77 96 2
16 91 93
15 93 2
87 92 94
13 75 95
0 32 18
10 47 20
11 42 3
53 77 81
88 97 96
3 99 11
28 80 81
39 42 90
50 79 8
8 20 88
4 39 80
10 45 13
21 67 99
68 86 96
17 91 9
56 88 88
90 98 8
89 94 96
6 73 90
76 78 98
16 95 5
21 39 95
70 97 13
21 70 15
3 35 92
7 19 95
26 43 85
15 88 15
12 37 14
7 65 90
35 39 94
31 89 97
61 66 20
0 85 16
41 60 82
18 28 94
9 68 84
9 85 81
6 93 6
36 40 13
77 98 98
15 86 87
7 98 89
66 93 12
56 74 4
18 33 16
76 85 3
23 77 85
55 70 17
21 65 3
77 93 4
27 96 86
15 74 83
64 76 19
44 79 7
55 97 18
66 70 10
41 77 81
90 92 83
70 78 11
5 28 4
12 96 85
71 98 8
10 24 11
67 96 82
62 89 99
37 93 19
53 73 86
81 83 94
75 94 12
19 37 13
14 95 97
30 51 91
55 82 16
47 71 98
48 52 5
14 99 9
26 65 94
6 9 80
24 55 83
0 88 15
17 58 80
42 72 82
9 94 87
0 98 8
47 77 84
57 62 81
68 83 94
9 58 97
3 5 20
75 80 18
12 38 13
78 87 3
17 80 5
51 83 84
16 88 9
61 95 15
41 97 88
10 20 1
26 98 14
24 42 99
37 58 1
65 83 18
49 96 2
19 55 81
9 73 97
10 98 81
12 14 5
12 63 80
15 48 5
17 19 93
44 62 85
31 97 1
3 9 80
57 75 80
34 66 1
25 28 99
16 19 13
19 53 16
26 46 1
10 66 97
66 98 92
65 87 10
40 82 1
58 73 9
73 96 4
38 38 94
54 92 83
9 65 9
48 86 15
55 65 97
37 72 94
43 73 89
34 36 7
19 70 81
6 38 16
7 40 3
58 70 88
12 67 13
4 43 88
68 89 97
21 30 6
16 16 95
8 47 18
9 21 8
66 83 19
0 18 7
61 76 5
39 93 97
2 45 96
36 48 81
10 89 17
33 74 16
21 32 18
13 74 97
12 16 96
4 74 89
16 64 99
40 43 12
14 62 9
16 71 82
19 45 89
25 80 8
20 56 4
1 36 80
33 82 13
60 88 11
49 80 12
20 21 15
67 84 90
48 56 3
29 38 9
10 30 99
22 34 80
42 92 81
21 48 92
35 51 95
13 16 11
51 85 4
41 86 3
43 76 6
20 75 95
25 37 3
43 62 10
62 88 9
64 65 89
2 28 15
40 54 93
0 15 93
25 81 18
56 57 3
4 51 11
2 88 15
27 46 16
13 48 83
0 77 99
14 86 2
4 92 87
76 84 20
32 64 99
28 64 87
23 54 99
13 56 2
39 40 17
66 76 84
56 58 10
39 49 11
6 6 11
12 57 99
6 83 97
52 73 7
57 61 85
32 71 4
34 64 94
72 87 92
6 95 86
40 85 13
40 53 12
55 99 98
16 85 83
28 70 12
33 63 83
14 44 83
47 87 86
25 90 15
56 96 20
15 37 5
28 61 93
20 85 8
8 22 18
62 96 9
44 57 95
37 37 20
34 78 17
39 60 14
29 50 85
3 89 8
75 75 3
71 99 89
23 49 90
62 86 97
56 76 93
12 18 87
29 68 86
20 32 9
13 49 18
3 70 94
66 86 87
27 63 99
50 51 6
60 70 81
58 71 4
10 62 15
38 95 20
81 97 18
15 75 4
32 65 15
7 13 95
32 87 93
1 19 3
14 79 1
5 53 12
73 76 94
29 53 3
6 35 5
22 23 6
53 69 85
83 92 85
59 75 13
8 90 80
8 76 11
43 78 80
82 84 4
40 87 17
31 99 10
34 72 19
75 77 10
61 86 2
75 84 94
53 78 83
20 24 95
18 84 94
47 47 86
42 66 9
62 78 8
17 37 88
33 37 82
22 78 7
48 65 84
49 55 7
16 97 85
13 71 87
3 18 94
69 74 91
13 30 16
32 83 89
60 67 87
29 58 14
59 66 89
4 10 91
6 82 92
27 66 19
17 83 83
13 39 19
43 74 87
16 92 9
10 23 98
9 79 89
28 58 2
27 39 80
72 85 92
84 91 7
24 63 88
3 38 5
78 92 88
2 30 12
51 73 80
3 55 98
27 99 19
13 13 88
8 83 92
13 27 97
38 62 9
20 30 84
17 57 4
31 40 4
43 53 91
3 37 4
9 27 80
14 27 20
27 55 86
33 90 15
2 25 97
6 21 98
25 96 81
0 45 16
61 61 99
7 91 18
91 92 84
43 85 99
35 83 14
63 67 87
21 28 81
75 92 16
53 71 16
60 62 15
1 60 8
7 77 86
37 60 86
31 98 99
23 85 3
69 96 7
29 29 93
42 54 11
4 46 81
34 96 84
45 84 99
40 50 96
89 90 83
38 39 13
46 65 86
5 59 99
30 34 14
38 83 17
7 99 84
49 76 19
47 52 7
21 72 87
21 47 95
68 80 5
22 86 9
40 51 82
26 79 7
63 88 88
20 65 10
50 75 93
43 77 80
51 74 90
36 92 7
30 90 91
31 43 83
5 8 14
62 85 90
78 96 83
50 64 18
39 83 85
80 98 88
73 73 94
63 63 85
35 85 87
19 73 4
67 74 18
78 82 4
6 89 95
53 88 20
2 7 89
12 92 91
30 73 20
43 69 5
30 72 81
54 80 17
30 44 17
11 95 11
15 34 93
27 33 15
63 73 97
56 81 13
35 60 5
68 92 11
20 74 6
76 93 86
47 78 89
24 38 85
62 93 83
2 2 99
12 64 16
42 68 90
86 94 2
20 36 87
12 43 16
33 36 87
30 66 86
90 91 15
84 95 99
21 91 3
74 78 2
12 94 6
25 52 84
11 33 1
45 78 80
50 85 18
50 63 83
5 10 2
19 82 86
33 95 10
2 64 99
56 85 17
40 60 97
49 92 3
26 63 2
24 76 8
4 33 2
49 85 88
16 41 81
30 47 15
45 53 19
0 79 80
0 3 81
2 41 92
28 73 13
61 91 90
16 75 5
74 84 20
61 78 15
7 53 84
39 55 82
46 59 99
45 56 84
14 92 88
55 98 97
15 39 4
21 57 82
0 35 91
17 45 93
62 66 18
39 51 12
68 82 97
30 64 95
34 90 99
24 56 5
71 82 89
17 21 19
17 61 91
81 90 20
0 69 80
69 84 11
5 29 19
39 69 3
4 24 90
9 87 97
31 96 83
70 82 99
12 88 81
25 63 6
15 76 17
86 93 19
14 85 8
87 97 90
20 79 5
33 75 84
18 29 86
18 23 12
21 69 91
26 40 6
6 25 20
14 29 2
30 58 3
89 91 85
36 77 90
22 93 89
69 77 5
11 69 2
36 84 85
10 57 18
61 82 99
38 61 93
19 21 9
51 71 90
44 86 95
29 52 95
23 56 92
1 41 84
31 50 98
16 24 12
35 66 16
9 17 86
55 57 99
8 28 95
28 31 88
24 64 96
19 41 3
9 30 99
50 82 80
23 55 10
63 79 89
65 95 4
45 91 98
45 98 19
85 85 6
27 90 11
28 50 95
1 10 85
35 43 1
20 53 93
40 74 91
62 69 96
80 87 85
27 35 12
21 25 93
16 25 20
11 53 1
53 63 95
66 71 82
62 67 7
23 65 99
26 76 12
27 74 97
12 82 93
47 69 96
49 58 82
10 79 19
47 59 20
7 96 89
37 48 20
71 72 84
87 88 86
25 35 2
11 62 98
49 63 99
11 88 13
28 76 97
41 72 90
57 89 8
61 77 20
41 73 3
17 48 86
58 93 90
25 66 14
57 87 83
10 11 94
31 64 93
3 54 94
42 84 80
50 96 82
16 69 97
11 12 88
1 73 98
56 98 84
38 87 14
57 93 18
47 50 12
34 85 9
10 88 82
23 29 95
7 38 14
18 47 4
32 34 19
2 63 17
15 99 12
17 49 19
22 57 20
39 57 17
42 43 6
1 64 82
26 69 91
22 90 92
33 85 9
49 95 17
24 84 87
32 78 89
56 86 1
27 54 12
81 95 9
87 89 80
59 85 90
63 71 15
45 62 13
6 23 87
21 90 8
21 52 17
37 81 20
0 99 7
29 32 1
46 83 92
46 97 11
26 34 4
89 96 9
44 89 96
14 87 12
29 33 90
36 89 18
18 71 85
93 95 20
59 87 95
61 83 11
45 97 96
10 85 82
16 27 93
12 87 91
58 89 97
95 96 13
26 61 12
37 98 11
69 90 89
59 83 18
40 48 14
23 57 99
17 81 82
93 93 15
48 70 99
35 47 82
2 65 90
71 96 6
36 64 94
41 45 91
19 69 88
65 80 17
5 96 93
28 28 11
22 77 3
40 44 99
3 61 94
6 53 84
1 52 20
15 45 82
7 43 19
48 91 90
13 94 90
34 50 3
43 48 89
49 73 10
58 58 20
27 29 10
46 77 90
39 58 12
16 36 93
49 90 7
2 89 96
13 42 96
0 66 13
67 69 17
3 96 98
1 79 87
8 26 95
13 91 14
76 80 6
56 73 6
0 71 90
29 77 92
6 55 95
32 85 86
24 69 12
0 29 80
54 75 17
11 98 11
9 84 20
77 97 89
40 73 20
5 70 14
78 99 11
34 60 13
51 86 92
61 98 2
62 98 9
26 77 90
55 88 83
39 72 19
3 25 93
26 74 99
36 54 95
82 88 84
36 76 15
96 96 20
11 78 15
86 99 11
11 57 15
3 33 88
19 57 94
86 86 91
81 84 93
72 80 3
1 45 82
31 34 90
4 4 16
1 61 83
21 78 17
82 94 4
24 95 19
20 38 82
70 71 82
2 15 85
4 13 12
94 98 14
51 58 19
10 22 13
1 66 91
62 97 13
13 21 6
41 65 3
86 98 86
70 79 16
3 31 6
45 54 99
65 97 90
10 34 11
32 45 5
6 71 91
87 96 82
16 98 8
26 29 2
8 46 17
72 73 2
14 64 89
59 67 85
43 60 12
19 46 15
11 97 16
7 30 5
35 48 3
10 10 11
35 93 9
0 26 6
7 17 15
41 98 85
52 71 90
72 86 11
21 46 18
42 64 89
40 97 81
55 63 6
7 12 19
7 74 19
23 70 12
13 19 94
9 62 13
29 31 99
16 32 81
15 52 98
41 69 17
46 69 81
31 61 83
82 91 98
12 39 86
93 98 99
63 87 10
77 81 11
86 92 92
29 43 19
57 85 14
78 83 19
6 33 82
77 91 20
39 63 96
38 74 20
9 26 12
17 97 15
39 41 86
76 87 83
33 64 16
72 82 92
70 92 81
0 93 5
18 78 92
11 11 20
6 18 88
27 57 1
3 30 19
41 92 10
67 77 97
27 27 2
21 63 10
44 76 92
5 47 81
46 67 16
2 13 91
60 71 98
76 95 20
13 92 81
6 65 94
67 80 2
60 91 9
36 81 88
26 68 86
51 93 15
85 93 13
35 55 3
70 86 20
28 55 10
0 30 93
33 42 97
6 56 84
37 64 20
13 80 89
87 93 82
80 90 17
55 73 86
53 83 81
35 95 86
24 82 10
24 65 93
32 55 19
65 79 87
14 66 17
2 50 20
60 95 92
53 53 81
54 54 16
7 87 87
35 67 94
33 56 84
56 93 4
7 73 98
29 93 85
15 58 93
20 52 81
95 97 87
17 65 19
29 73 87
9 95 89
47 61 9
12 21 19
19 75 94
50 66 7
9 53 86
15 61 12
19 40 5
3 36 96
17 24 15
45 96 18
6 39 87
39 68 93
87 87 18
3 42 85
28 60 93
6 16 13
50 70 90
48 51 83
4 45 96
40 95 9
15 73 95
65 91 86
8 14 7
13 72 20
22 94 83
49 98 15
26 97 10
0 76 96
16 89 2
34 51 88
53 58 8
12 98 96
26 45 90
74 80 2
84 92 19
34 98 90
7 52 95
27 92 87
35 54 82
11 25 82
53 84 91
79 93 18
47 53 94
17 59 17
15 71 96
14 88 89
67 97 5
30 99 89
67 93 92
72 76 93
2 97 3
37 83 87
12 56 12
27 41 96
56 83 85
76 99 81
73 98 2
7 63 6
62 65 15
38 94 12
72 75 97
5 33 13
52 57 13
17 51 85
60 64 7
45 63 15
22 82 84
47 72 9
32 92 89
12 23 20
28 54 88
61 87 16
10 93 95
65 85 5
50 81 10
50 97 12
77 92 99
52 97 5
17 69 93
2 99 17
13 37 82
7 55 81
39 56 5
38 79 4
56 95 95
4 94 17
58 96 99
47 74 81
1 59 15
98 98 5
53 57 16
23 25 86
6 87 90
17 95 17
13 40 86
27 51 80
77 79 13
85 87 88
35 36 11
2 38 91
56 61 97
10 55 86
83 85 82
0 54 8
74 76 98
55 90 92
18 70 82
22 67 93
20 84 18
8 33 90
31 88 1
54 96 80
0 4 11
7 44 12
28 39 95
76 76 86
4 42 89
44 74 15
28 56 88
87 94 81
2 42 82
40 52 81
40 80 15
47 63 19
1 57 85
18 72 85
5 45 90
43 91 97
5 94 80
14 20 3
15 57 11
6 12 88
55 79 16
59 96 1
3 56 82
5 43 96
23 86 17
0 50 3
23 62 19
40 49 92
4 12 11
18 62 94
15 29 80
84 99 11
57 63 83
29 67 83
30 57 5
51 84 82
2 47 19
27 73 10
37 79 94
13 59 17
51 98 2
4 77 98
53 98 86
32 47 99
29 48 10
0 92 93
17 68 13
10 28 80
41 85 19
28 68 1
12 29 83
27 38 96
7 75 82
13 99 12
9 64 2
10 32 16
8 54 84
75 85 89
11 29 19
70 80 3
22 45 90
9 80 86
55 58 14
79 90 90
6 98 96
42 75 96
36 55 14
3 65 15
34 80 12
24 31 2
33 65 7
72 94 1
0 7 93
65 94 2
30 86 1
4 6 86
28 62 15
12 79 88
6 13 1
2 60 13
49 60 9
44 99 87
24 96 91
2 83 13
51 77 91
13 17 18
38 48 1
15 92 99
83 95 92
48 96 4
73 90 81
89 89 9
14 38 99
26 72 7
45 92 2
26 55 95
41 48 87
14 55 6
30 91 13
50 68 81
36 56 92
85 96 18
15 30 19
18 24 1
22 46 15
8 95 4
22 22 86
53 60 8
29 30 16
22 65 95
28 78 83
94 94 97
33 44 83
81 98 6
54 74 1
2 66 11
46 46 14
38 60 95
18 37 83
2 39 4
22 53 14
67 87 82
40 57 93
29 66 94
24 36 20
64 94 12
0 49 9
91 95 15
6 49 97
37 99 15
15 35 86
90 97 94
32 54 11
0 1 95
49 61 4
70 91 18
34 42 94
2 76 84
51 56 80
25 84 84
17 90 87
7 66 80
56 63 12
29 94 20
44 47 86
33 88 87
91 97 9
54 81 1
10 82 3
55 59 81
77 95 18
42 78 19
25 43 87
16 63 15
25 56 96
52 70 91
49 65 81
33 48 91
27 75 10
36 69 15
24 46 96
30 70 88
30 42 87
60 75 88
1 51 81
69 80 16
35 46 15
67 86 80
23 88 16
11 45 84
37 86 7
44 78 81
3 98 14
24 70 12
64 79 86
7 82 96
58 97 82
18 51 91
33 98 95
2 58 1
94 99 86
38 66 15
4 14 16
1 9 84
33 69 2
22 27 89
70 90 17
65 88 90
63 82 8
33 79 14
10 46 17
52 59 13
52 64 93
16 44 8
12 86 82
8 16 1
54 88 90
10 73 16
74 92 96
71 95 4
50 55 80
50 84 95
32 43 95
38 43 86
23 71 14
46 86 93
2 77 17
9 69 9
41 78 91
22 83 5
15 33 5
28 97 83
61 93 4
21 29 4
48 60 13
2 53 89
60 77 5
44 51 94
53 82 94
76 88 99
4 83 87
64 84 20
24 54 2
47 62 92
17 26 90
5 32 15
66 68 97
38 85 16
66 73 98
4 41 94
43 46 96
7 67 92
4 80 7
16 38 3
5 12 86
47 91 9
1 71 95
30 85 90
48 78 13
19 94 84
77 87 3
3 76 99
49 64 94
25 77 98
26 66 2
9 57 3
8 43 10
24 93 18
32 52 90
29 57 3
57 68 3
42 46 88
26 87 89
29 92 1
40 63 13
52 83 86
60 61 86
24 77 1
27 37 2
10 58 95
4 78 98
25 99 17
44 97 19
28 71 4
54 55 15
17 33 82
18 60 4
6 80 3
24 37 80
7 48 1
3 11 14
0 91 17
3 19 20
86 97 1
14 24 81
66 90 90
21 62 85
30 68 88
60 92 7
27 49 93
43 94 14
64 99 7
1 34 14
7 39 17
9 28 12
56 82 10
63 92 82
6 69 81
69 91 95
70 85 19
4 36 95
44 67 94
38 71 10
3 51 82
38 89 12
7 78 88
19 81 1
50 94 82
34 57 88
79 99 3
66 99 83
46 52 86
61 65 95
25 27 19
31 37 87
31 35 19
73 81 14
44 54 7
26 33 90
1 80 84
53 80 17
11 55 86
8 45 15
68 68 8
2 71 4
76 77 86
9 90 97
11 59 5
16 43 18
53 90 11
1 78 9
20 58 2
43 50 83
39 90 19
2 92 87
0 89 6
43 58 91
23 35 98
3 27 15
71 75 7
25 89 98
1 87 96
53 67 3
21 89 10
59 72 6
23 41 91
83 91 8
29 34 13
1 11 82
3 91 92
17 38 91
42 60 88
80 86 4
70 73 1
60 84 5
3 85 13
64 96 6
22 62 80
5 16 3
1 84 87
1 98 99
52 87 87
13 79 95
3 34 4
92 93 18
23 42 87
32 38 7
21 97 92
57 74 18
38 69 1
53 99 92
28 65 18
14 47 99
55 87 7
84 93 19
71 87 84
4 23 18
3 75 10
17 62 91
1 77 98
33 94 17
22 92 3
10 69 89
70 72 89
8 8 11
37 82 87
7 61 88
5 66 96
48 75 90
7 10 87
14 94 94
38 53 80
14 72 96
38 84 13
72 74 96
15 81 13
56 78 19
36 70 10
9 83 95
13 20 90
7 81 10
29 95 93
5 77 1
70 93 99
26 82 88
32 96 94
41 67 89
21 75 2
43 75 19
91 99 17
5 83 86
51 64 88
11 72 12
7 56 8
2 19 17
24 72 2
70 70 87
3 47 93
39 71 14
63 74 9
12 89 88
66 82 6
11 41 92
49 93 18
31 91 82
1 37 93
48 76 98
5 73 17
26 92 85
36 95 90
54 91 95
51 97 20
29 99 85
40 86 88
38 96 6
3 32 12
26 51 15
49 56 14
16 53 96
9 19 97
50 65 20
30 50 85
12 76 6
12 30 5
22 30 19
5 84 20
50 53 6
57 70 10
64 90 86
66 95 15
4 47 2
40 59 81
61 89 96
37 38 4
9 39 20
14 75 3
16 83 96
60 81 1
86 95 94
25 29 7
30 53 13
31 73 95
54 99 6
52 62 82
23 64 18
16 54 99
35 57 89
84 87 97
43 80 16
56 90 86
69 72 15
14 50 83
37 77 4
17 72 97
54 79 92
30 69 98
34 93 88
81 82 83
54 69 86
48 81 20
13 33 83
85 98 15
42 48 92
32 68 16
34 81 12
40 83 9
2 73 86
74 90 98
58 67 87
18 39 2
5 88 9
16 26 99
51 90 85
15 42 93
22 66 87
18 82 93
9 99 16
20 82 17
43 47 99
2 26 6
64 78 8
0 96 19
33 77 10
50 61 5
11 36 89
16 37 96
15 23 88
10 95 15
81 88 4
76 97 96
91 96 86
10 38 89
31 75 1
5 41 18
23 38 3
16 65 89
51 75 11
25 60 81
30 46 99
36 79 15
11 81 88
30 36 4
29 45 7
19 77 81
32 86 7
73 87 8
2 37 81
52 53 80
18 19 91
49 57 80
10 70 2
18 35 94
40 93 13
39 45 14
4 67 10
35 75 2
63 64 13
36 57 99
74 74 10
31 58 9
18 46 93
64 95 85
35 96 99
5 51 89
38 49 97
59 98 8
70 98 98
10 77 20
25 67 90
12 81 91
18 61 12
31 84 80
48 89 90
85 88 1
26 36 93
48 87 7
4 19 6
20 25 89
5 76 5
58 65 97
8 12 18
49 86 8
18 54 5
7 83 2
12 17 18
20 99 95
7 20 1
31 93 98
11 51 95
82 99 99
28 51 96
50 56 90
4 56 2
22 69 20
34 37 91
8 24 84
0 48 87
49 50 14
20 26 89
18 98 97
37 96 20
8 99 5
3 26 19
5 71 8
24 25 6
57 81 80
33 70 88
3 43 91
18 38 13
4 11 95
57 60 93
6 66 96
46 80 95
82 89 15
49 97 87
82 95 18
34 56 9
6 26 90
21 37 86
30 97 16
21 40 80
22 28 81
82 97 86
67 68 99
45 75 84
25 41 96
10 43 2
57 71 82
18 26 94
43 45 3
40 96 7
3 12 2
83 87 10
32 98 6
64 85 84
41 79 13
61 80 11
57 82 88
6 51 94
44 94 98
68 71 96
21 76 96
25 91 93
59 90 96
69 94 11
13 24 17
29 60 89
27 87 5
36 86 85
52 56 83
1 6 91
3 87 6
26 27 8
57 90 3
75 99 91
35 98 94
15 31 90
88 96 6
61 88 98
47 76 12
4 66 1
30 82 88
75 88 5
46 70 84
58 72 11
24 85 19
47 54 85
37 51 89
17 82 2
73 82 81
1 74 11
17 98 85
19 61 14
45 90 4
50 77 90
42 97 81
66 85 84
77 77 1
1 83 83
71 71 2
54 85 83
29 44 10
34 40 93
5 98 16
10 60 81
20 83 14
62 79 2
13 66 97
22 33 14
3 94 4
6 45 91
10 31 12
47 93 17
1 86 81
20 42 93
38 76 93
15 65 98
25 34 18
41 41 4
60 90 4
2 51 8
82 87 98
48 49 20
47 66 16
36 38 11
12 93 83
42 80 91
1 32 96
43 95 3
32 36 86
37 45 86
48 72 92
86 90 95
5 72 17
54 68 92
73 94 17
89 93 17
34 99 87
49 54 11
32 37 20
13 70 95
0 73 87
0 38 95
2 55 6
61 71 93
1 94 82
72 95 14
16 35 10
37 80 82
50 88 17
27 72 6
23 58 8
60 69 12
36 62 12
31 87 94
56 99 19
42 86 85
52 93 99
11 60 7
24 92 2
5 24 98
14 58 1
57 98 95
21 95 81
18 63 87
51 80 9
1 50 99
27 95 14
0 78 14
0 65 2
3 67 13
77 94 88
0 63 12
64 77 82
35 63 93
48 61 3
50 78 85
50 90 82
56 71 11
69 88 93
91 91 15
30 30 13
40 55 99
15 67 13
69 71 1
29 87 81
6 99 4
75 87 91
51 91 81
63 83 14
46 47 97
16 82 16
60 73 10
14 89 4
32 40 86
27 30 13
46 71 11
71 77 1
37 71 11
59 65 84
48 64 16
6 43 20
73 85 17
54 84 10
22 31 86
14 70 80
52 88 89
36 39 94
9 89 95
32 57 91
53 68 5
3 60 81
20 44 93
13 47 4
19 63 88
35 86 14
66 77 12
70 84 20
21 27 18
22 42 88
21 81 95
8 87 18
11 52 92
55 72 17
81 87 89
55 77 87
63 91 10
2 12 11
12 41 3
25 75 9
43 63 8
1 14 80
36 73 13
16 33 15
27 34 90
17 96 96
33 92 6
15 89 82
25 73 83
24 67 14
19 34 2
43 64 82
75 91 93
44 93 97
41 81 2
54 77 80
70 87 98
78 95 86
13 35 12
12 74 13
19 28 8
12 19 90
61 72 4
0 87 88
9 77 82
5 87 80
23 79 95
51 82 5
39 59 7
13 43 15
84 89 94
6 85 99
8 56 99
71 92 16
76 91 14
11 79 4
28 77 86
7 36 10
11 46 81
51 60 4
40 91 15
21 33 14
10 39 16
38 90 93
42 59 92
20 80 19
10 18 17
16 56 97
23 72 98
8 9 6
53 72 16
3 86 17
33 87 83
15 26 87
4 20 99
20 77 5
24 59 84
54 82 89
0 58 93
28 84 86
59 84 82
9 12 89
6 59 81
15 83 85
84 88 20
40 65 97
15 36 16
26 56 10
22 26 99
63 69 93
74 77 96
54 89 88
13 18 81
68 99 3
69 98 99
18 85 3
61 94 89
45 61 18
16 77 5
29 56 96
31 82 20
76 86 91
31 69 98
21 84 12
35 56 3
25 74 98
28 33 90
65 65 92
17 17 93
35 73 80
30 59 11
47 56 83
38 99 16
68 90 86
10 80 13
47 92 85
37 61 10
74 83 6
39 98 4
14 36 16
17 34 1
5 25 82
56 97 99
24 88 6
42 98 81
10 81 95
47 55 96
77 89 94
21 85 10
6 63 98
18 86 97
18 36 99
46 58 84
15 54 19
50 76 19