94
4 70 74.054
52 58 21.463
54 66 94.754
7 41 66.37
0 66 4.966
4 63 7.473
11 16 80.045
48 76 52.662
35 63 93.957
75 61 23.863
70 71 45.599
31 91 69.888
2 93 23.93
22 31 51.305
9 24 17.66
54 57 47.965
71 55 67.732
22 42 87.701
6 85 48.333
53 37 11.56
48 6 35.604
45 87 74.782
58 21 7.047
13 70 80.161
4 24 94.345
38 74 36.874
33 42 19.382
46 88 10.936
6 88 34.784
2 90 65.504
8 61 31.365
8 67 56.824
8 68 56.953
6 27 78.092
57 6 96.057
2 41 32.392
47 25 6.718
36 35 46.11
4 59 14.914
36 39 43.552
72 78 46.623
58 24 25.068
92 49 18.514
0 21 72.267
66 12 9.542
35 92 25.137
39 87 3.186
54 82 36.6
58 43 96.105
3 66 47.503
0 18 27.44
73 64 7.533
12 42 17.911
52 62 78.257
5 64 31.157
55 7 54.946
53 84 0.167
45 49 36.064
18 87 40.762
43 85 52.793
17 51 47.037
8 16 89.047
29 3 12.981
93 72 25.498
4 25 74.843
86 86 34.001
7 68 86.901
85 41 54.057
0 29 68.23
89 41 60.691
32 77 30.07
89 17 68.083
63 67 94.112
1 14 4.076
26 45 76.887
9 43 18.541
10 79 95.897
34 50 3.551
26 60 42.926
77 76 17.832
10 93 7.763
18 26 45.04
8 33 11.55
55 32 14.353
32 75 85.056
25 66 38.876
61 24 79.921
66 71 94.055
27 51 92.267
5 90 85.973
28 52 47.845
85 13 92.638
44 65 45.884
49 66 31.503
54 61 1.193
77 93 64.112
56 8 45.668
14 52 33.287
22 84 81.777
58 74 22.368
53 59 53.027
19 76 8.764
66 86 91.177
5 65 34.72
0 90 61.255
74 51 89.341
15 33 30.759
88 86 18.622
52 16 74.974
81 25 63.266
44 53 1.371
23 40 3.54
28 59 49.04
1 35 7.409
66 64 82.298
69 81 54.686
32 89 68.788
82 84 38.87
9 77 96.989
37 54 30.881
23 7 15.895
43 70 37.33
30 49 69.33
1 7 82.902
46 35 8.434
68 68 82.229
16 80 5.862
57 87 8.547
68 69 30.452
56 9 34.745
50 89 30.812
28 34 73.472
69 82 5.07
22 18 79.285
25 38 59.541
54 74 19.433
54 87 49.644
38 7 78.799
5 42 10.649
47 47 49.804
83 50 82.447
51 81 7.853
52 24 78.228
39 44 86.099
48 79 14.088
9 66 57.912
59 65 34.118
19 58 70.672
9 33 53.408
49 90 66.663
72 71 71.438
20 6 61.284
13 59 73.771
30 73 71.685
56 58 26.327
48 51 50.631
36 65 93.345
68 67 11.107
5 17 85.053
69 74 14.302
34 66 85.772
76 15 74.217
53 1 79.883
36 69 37.962
61 91 28.063
18 66 57.842
62 84 34.675
80 8 88.589
76 80 35.532
82 27 65.774
87 65 23.906
62 27 3.067
2 18 86.248
37 1 83.467
28 43 34.954
32 34 73.666
68 71 48.519
7 87 70.597
11 37 62.486
3 48 93.22
4 69 64.147
88 36 8.556
40 83 80.456
1 45 76.763
4 40 42.46
38 43 85.336
10 35 94.994
39 41 68.559
82 90 71.787
12 12 38.1
34 39 15.211
55 65 88.706
69 69 8.683
2 30 18.501
86 68 81.97
93 85 51.342
21 33 85.974
58 85 85.439
1 31 83.439
85 73 15.99
2 28 16.304
74 29 32.849
20 37 42.451
33 7 64.341
5 25 66.108
1 67 38.887
61 79 16.976
73 73 40.889
77 7 35.104
36 72 14.541
1 5 15.442
9 31 53.586
9 69 82.293
74 78 91.841
25 21 75.22
74 82 94.11
21 28 65.898
37 71 12.059
16 57 70.9
0 55 54.746
57 65 12.897
17 86 60.248
42 76 27.508
14 41 45.051
31 28 88.302
60 74 93.586
74 0 32.648
1 70 6.952
13 17 38.74
24 67 20.323
11 74 33.454
25 80 94.882
86 5 97.745
46 2 45.894
63 37 0.399
11 32 92.175
72 85 14.258
87 9 68.365
4 35 20.914
25 48 86.127
5 91 59.041
72 53 76.281
41 58 42.248
65 62 75.293
52 4 67.332
78 58 41.498
52 23 27.06
17 70 80.895
63 90 15.441
10 49 3.159
38 44 92.663
17 66 30.571
20 74 50.967
23 15 50.938
34 73 10.679
37 65 3.201
52 26 62.2
53 65 56.459
60 27 39.109
80 81 6.266
81 92 93.11
93 28 31.16
0 73 87.862
73 82 37.385
82 93 50.613
15 87 61.739
71 47 3.672
47 21 33.959
50 25 91.95
39 40 72.417
39 8 17.562
30 81 9.348
65 92 2.949
78 79 45.481
53 42 47.564
54 48 57.174
5 59 53.444
25 93 26.21
5 13 31.616
27 90 85.325
8 18 30.687
9 16 12.696
91 48 10.969
50 1 13.36
62 92 11.446
29 76 92.731
44 22 82.586
38 7 69.62
5 76 33.639
28 85 58.582
17 35 19.506
50 12 75.959
12 18 97.991
38 52 73.825
22 15 35.397
64 38 60.156
63 9 87.415
3 52 63.336
31 33 12.023
46 14 91.195
16 82 69.301
85 26 46.234
29 60 50.247
66 39 70.306
78 8 62.435
65 26 68.199
11 15 54.621
70 36 35.823
28 46 3.692
6 16 79.503
11 48 51.551
23 73 48.079
72 5 73.551
64 67 83.887
55 93 21.253
64 71 6.1
73 37 28.167
53 51 79.316
30 19 64.945
20 35 48.951
93 56 53.358
55 80 13.404
55 91 89.167
35 81 93.724
38 6 68.506
23 51 52.398
46 9 20.859
19 44 22.195
75 53 23.891
48 73 47.205
58 80 78.472
33 61 66.125
6 75 54.834
67 81 50.392
19 85 57.567
92 93 40.586
1 74 6.139
20 48 76.198
53 82 81.609
62 26 64.396
38 86 93.98
25 60 2.603
74 33 30.296
11 4 41.21
69 66 91.74
57 76 94.259
74 84 4.697
31 72 85.25
14 61 64.627
50 30 70.441
20 89 96.397
28 92 70.956
89 47 52.532
68 53 76.572
53 85 80.764
49 33 5.351
48 89 6.962
42 61 0.459
8 14 8.399
9 78 98.399
34 88 48.008
4 22 34.262
84 67 29.411
87 66 50.895
28 25 73.065
14 40 20.867
16 91 82.74
76 44 41.576
48 16 43.714
40 32 82.069
70 90 11.836
44 77 97.583
25 32 67.81
46 24 84.665
32 4 7.27
52 54 2.91
73 42 54.836
85 11 62.036
3 26 32.516
20 52 21.515
3 91 15.101
37 25 42.519
65 58 39.115
20 41 84.631
85 15 99.515
73 49 8.915
84 83 94.846
50 83 61.09
72 92 11.556
8 8 61.368
37 88 75.649
4 74 11.872
77 85 67.088
58 6 95.449
12 80 84.019
66 50 79.369
71 90 91.687
79 88 47.25
80 63 20.546
70 26 72.681
50 54 15.859
73 36 64.957
89 45 90.566
35 58 14.149
84 8 90.207
34 27 20.644
63 63 39.093
8 9 13.762
72 10 75.473
36 50 5.693
82 11 79.205
64 35 39.984
33 92 30.199
3 87 45.694
20 86 88.569
0 3 55.384
7 69 16.762
21 92 60.899
16 13 92.971
14 26 48.184
76 26 45.048
88 70 75.683
38 34 88.342
78 81 61.585
84 77 95.969
14 83 62.536
23 1 45.204
31 73 84.297
45 33 81.317
32 67 72.809
21 42 81.839
27 0 42.223
43 63 82.39
7 30 92.573
84 34 15.48
2 36 66.642
5 67 40.346
63 69 27.365
36 34 89.273
52 18 14.642
79 86 18.067
91 39 0.666
1 9 73.152
26 44 75.102
2 74 70.822
16 90 98.264
40 49 31.746
5 18 17.446
30 65 82.61
52 76 78.923
88 33 13.891
68 72 84.442
50 61 5.708
24 56 8.189
66 67 6.279
27 38 76.27
1 8 5.492
17 73 58.216
92 87 62.706
64 2 44.368
25 63 21.062
1 55 92.718
43 51 52.528
6 30 14.988
46 53 37.975
93 66 48.542
20 24 38.631
19 16 17.747
5 19 36.073
53 69 68.493
78 75 94.475
1 71 28.207
62 35 58.614
5 36 10.435
5 44 22.764
19 47 53.795
75 75 61.736
6 79 98.891
24 23 95.768
47 38 63.882
49 6 28.92
15 46 72.545
3 30 49.792
24 78 3.482
27 72 85.145
12 74 96.953
30 85 67.712
7 12 12.469
9 70 91.357
31 44 17.385
35 69 44.214
45 43 20.867
1 41 0.987
54 68 21.105
76 92 47.694
51 68 53.545
20 40 12.033
77 64 37.61
9 40 18.014
11 26 5.519
59 6 9.138
45 50 26.159
15 68 55.938
17 34 18.773
0 62 1.884
23 55 96.585
59 72 99.65
15 24 96.554
24 73 95.755
69 62 32.246
81 83 71.19
91 6 69.298
8 21 40.808
75 44 97.684
56 0 94.838
36 82 44.878
31 45 38.278
15 50 94.01
54 54 16.514
77 48 89.185
21 82 26.101
42 82 37.706
8 49 84.123
42 3 69.471
32 72 73.711
42 46 62.423
24 19 77.342
33 9 61.821
44 1 59.366
36 78 68.115
22 41 81.465
31 56 80.25
3 4 36.299
49 42 78.151
81 5 31.797
25 27 85.697
43 81 81.665
91 51 45.342
29 15 33.61
71 82 97.457
18 32 8.159
31 17 90.14
4 72 68.982
64 25 19.5
13 66 71.453
44 83 47.504
59 92 99.586
74 48 71.836
10 84 30.831
31 80 24.881
9 74 97.654
11 45 47.032
25 24 56.849
52 89 25.816
55 72 33.106
62 39 76.331
62 62 38.537
62 82 87.325
28 4 87.143
13 30 87.469
16 26 61.641
67 38 50.724
6 69 84.094
90 72 94.641
22 87 70.309
21 11 93.018
17 62 54.512
36 52 20.336
71 75 81.149
12 31 93.954
84 92 94.695
85 39 51.635
11 86 10.857
55 15 78.008
56 87 61.952
9 55 45.83
4 88 91.945
49 67 16.301
85 55 13.037
22 8 94.507
76 84 43.658
69 72 54.867
44 25 76.894
16 43 41.741
24 21 68.094
32 49 94.166
42 45 48.766
20 36 59.902
81 23 42.542
44 81 17.35
45 45 65.996
18 31 42.069
39 30 57.891
53 9 20.814
66 8 51.147
19 92 62.012
32 76 35.555
45 22 77.564
88 49 77.158
38 91 12.449
29 83 73.914
37 43 38.172
12 17 42.961
76 14 34.638
85 90 2.586
64 29 71.213
90 3 22.119
21 34 97.989
1 10 96.977
55 75 93.904
78 17 46.912
79 87 27.512
38 79 81.287
62 63 64.833
88 10 22.516
40 89 42.801
14 90 15.499
15 64 67.013
57 49 61.011
88 89 6.559
78 35 66.067
19 75 24.705
50 92 33.945
45 48 1.826
11 35 47.365
0 15 3.785
36 63 93.938
37 7 54.06
83 27 98.832
60 60 47.977
55 55 92.719
88 2 99.406
56 83 3.034
27 71 43.338
0 64 81.476
83 83 59.5
9 64 42.046
86 21 2.345
18 24 90.728
31 37 43.462
7 65 55.045
91 27 85.588
28 9 63.708
3 76 46.673
37 58 41.79
35 57 38.454
90 91 36.199
40 40 18.922
10 58 32.216
66 88 6.04
30 36 19.354
7 70 17.602
33 52 90.947
54 88 69.732
64 54 0.897
44 48 13.469
80 69 71.536
68 36 56.179
66 81 33.472
42 75 21.901
5 46 52.991
71 0 93.363
59 74 29.484
8 15 8.376
71 83 50.973
54 16 21.839
82 88 15.84
22 50 38.594
26 24 31.771
59 31 45.138
84 39 62.039
92 34 3.053
8 62 43.791
13 22 85.484
36 40 75.817
36 41 37.248
5 29 11.178
65 76 98.762
52 67 27.214
29 25 74.745
42 63 33.995
37 14 55.303
2 53 58.6
44 56 7.311
58 47 73.541
74 74 11.662
90 9 54.47
17 17 49.956
61 72 98.518
6 60 26.504
70 86 51.776
24 42 26.817
46 64 73.032
51 63 52.324
0 9 36.67
73 93 87.867
32 9 54.982
54 59 26.975
21 17 15.99
36 46 94.649
12 61 8.145
34 83 31.482
13 39 31.339
50 37 13.516
73 56 55.266
59 39 5.712
44 68 31.954
78 44 21.73
92 69 14.643
1 88 64.787
24 6 32.042
2 54 13.008
38 50 63.658
1 49 42.617
31 35 25.11
83 78 45.632
70 63 54.783
83 17 44.661
4 41 67.863
39 29 26.621
43 60 92.059
1 20 96.301
1 39 20.369
36 54 15.071
4 87 47.125
37 76 50.937
63 91 45.112
23 18 18.232
77 42 2.484
23 64 60.578
39 73 41.818
60 66 4.982
32 45 25.956
21 50 44.719
11 80 30.52
80 53 97.227
70 92 4.338
82 9 5.044
81 50 6.858
19 8 85.516
8 46 7.266
46 22 53.51
73 16 27.106
13 45 5.105
91 65 1.44
1 15 78.49
25 59 0.545
79 39 88.526
39 52 66.327
87 11 78.604
16 81 20.739
16 75 27.246
43 52 78.446
3 56 30.139
81 72 92.481
29 40 86.315
21 55 92.393
68 63 83.181
53 19 19.175
92 38 47.307
13 90 42.743
77 45 88.756
49 82 47.947
59 22 80.028
35 15 45.572
46 92 5.701
13 73 65.713
70 72 35.901
93 40 36.734
21 91 72.743
53 53 77.711
67 2 90.3
31 51 73.366
26 8 24.79
58 17 49.493
9 83 95.016
5 50 51.365
24 71 26.457
60 16 47.442
39 83 9.577
14 73 42.963
61 39 17.493
91 83 42.975
72 9 64.534
7 63 42.304
87 23 90.149
25 70 23.431
63 46 38.686
27 58 22.498
21 63 47.849
60 80 23.237
43 54 55.243
29 57 75.872
88 90 15.031
26 38 87.556
91 68 46.928
76 9 8.491
8 13 50.496
19 66 5.284
16 18 8.936
3 15 73.566
10 3 95.751
62 78 91.508
56 61 60.735
32 85 69.049
21 15 1.918
92 58 18.491
49 56 20.218
80 71 28.847
22 65 65.61
31 6 34.532
75 65 72.612
57 93 95.852
24 85 36.664
0 52 15.675
69 32 22.729
11 84 13.875
5 2 28.254
15 81 27.392
14 34 63.465
47 35 45.121
57 66 56.568
79 35 55.78
2 87 70.72
46 57 23.074
60 2 24.88
13 91 43.562
65 72 9.669
51 12 16.636
60 21 23.016
69 61 42.571
43 75 30.028
59 29 91.802
6 64 86.926
14 60 60.583
48 83 78.598
53 89 85.794
62 44 12.731
87 64 4.964
2 45 86.819
48 38 41.56
15 57 93.189
60 61 48.269
12 53 46.503
50 81 94.942
15 71 25.659
82 35 11.041
4 91 24.109
73 59 92.247
26 72 11.0
8 64 57.825
22 61 11.816
28 62 92.346
62 48 46.79
20 31 10.285
8 60 16.927
42 83 52.452
69 59 40.165
46 58 89.409
21 89 28.891
67 0 31.639
0 43 4.264
44 36 11.704
3 60 41.836
46 72 4.644
34 91 74.338
83 43 0.142
16 89 51.514
17 72 43.692
76 74 52.593
40 79 77.191
87 90 92.862
19 64 96.196
4 54 37.914
37 62 46.176
5 7 11.811
40 54 97.203
75 36 26.155
16 31 77.555
86 89 92.175
23 46 33.646
35 42 39.582
14 70 25.759
15 86 48.218
10 9 29.196
13 93 15.121
32 81 41.236
57 69 30.225
40 24 86.372
3 33 68.376
31 57 57.52
39 43 98.766
13 36 65.172
28 38 26.251
36 45 73.544
45 58 56.45
1 80 5.625
0 47 89.056
13 48 2.062
2 23 42.995
80 36 13.312
30 75 81.822
2 61 78.691
20 20 96.61
6 6 59.486
58 33 55.929
39 49 29.538
18 4 69.915
80 85 95.426
16 39 39.483
0 93 60.925
35 71 80.372
9 34 46.207
49 80 15.493
43 24 70.857
60 79 55.89
27 74 92.809
92 5 97.405
12 58 30.573
82 6 49.638
47 27 74.305
45 56 75.419
89 28 55.25
89 31 40.112
46 3 53.417
82 70 1.208
78 49 79.708
16 93 36.399
49 71 72.622
90 92 31.185
14 55 66.153
93 65 76.815
19 68 6.419
83 22 90.052
4 89 46.349
62 66 52.682
5 58 88.589
36 27 39.931
72 57 99.115
55 92 36.643
41 77 66.399
8 59 18.486
24 77 23.306
1 42 94.799
73 18 36.155
88 53 36.433
41 6 98.635
6 28 64.852
4 38 16.767
57 70 89.382
7 50 72.041
11 65 49.713
31 67 52.988
35 37 85.469
18 88 30.564
53 52 19.46
72 50 8.838
92 63 29.016
32 54 25.493
18 33 48.455
35 30 27.967
8 86 80.194
58 75 30.22
7 9 8.942
16 40 90.65
14 0 57.774
81 79 32.711
0 11 73.983
11 39 6.096
4 13 29.433
4 29 33.114
93 38 72.603
32 19 22.69
26 30 34.922
10 39 11.365
18 19 50.066
40 42 89.939
18 65 37.136
25 43 24.154
14 4 87.687
28 45 49.652
51 80 43.94
27 89 56.766
40 81 76.82
66 77 34.675
80 89 66.365
32 53 9.446
36 64 21.391
7 79 61.09
26 74 87.25
52 68 8.563
92 2 54.503
34 13 33.811
23 70 31.138
33 82 75.016
88 88 64.761
21 5 35.745
60 0 40.524
49 83 10.758
38 37 70.089
30 1 45.402
55 33 47.478
75 21 96.813
36 36 65.842
39 70 58.779
29 2 46.305
53 62 39.597
73 60 56.893
47 43 96.542
93 36 84.684
85 68 58.441
25 10 98.771
17 76 88.625
79 57 35.903
19 50 59.292
33 46 53.281
92 4 24.389
60 68 61.902
90 50 72.518
46 63 71.496
56 15 88.997
70 5 98.493
0 23 56.122
47 63 79.255
23 50 94.391
23 53 65.245
53 7 38.272
64 18 13.059
0 87 60.692
76 41 76.394
9 12 38.64
55 64 94.154
79 18 60.02
15 80 51.627
33 54 12.75
82 87 5.922
52 87 31.982
36 89 20.035
4 31 55.753
56 14 65.081
17 44 97.431
35 53 34.453
43 91 0.95
23 45 43.258
72 21 5.841
1 91 87.857
32 47 39.323
45 80 36.695
67 48 54.982
31 55 88.676
23 57 84.968
38 21 0.32
76 86 54.179
89 12 64.746
37 51 46.339
49 92 40.804
30 74 52.715
64 64 9.456
81 84 56.397
2 81 36.84
47 57 60.042
86 67 53.77
47 20 64.379
0 70 88.835
21 49 36.401
26 42 40.416
60 1 36.528
78 19 6.281
78 84 22.88
24 75 21.113
43 92 38.966
59 60 89.508
21 64 63.456
67 70 50.572
84 20 68.196
10 17 22.168
60 50 63.608
30 71 56.589
58 57 97.126
9 44 29.605
41 92 22.087
16 71 32.202
85 93 84.164
32 74 74.312
10 16 93.749
92 37 30.232
20 77 51.576
6 25 47.485
30 41 46.852
15 53 63.982
1 46 92.695
21 73 73.515
69 31 85.78
76 43 81.424
15 9 69.579
56 76 14.922
88 62 39.398
92 78 26.902
47 69 41.037
34 67 39.481
10 80 31.577
54 10 55.965
40 11 19.495
83 70 78.221
76 47 26.031
69 60 31.949
83 69 42.723
62 22 79.593
47 84 12.681
7 32 46.01
63 12 5.284
90 11 68.913
13 49 92.983
39 45 8.878
24 89 61.058
75 1 66.431
88 48 46.093
45 52 2.789
89 67 32.267
20 70 56.296
83 58 21.879
5 23 74.453
2 91 67.267
35 89 86.846
42 81 46.951
3 45 81.003
64 72 33.657
76 7 87.113
40 72 56.044
45 69 26.956
92 8 89.742
18 43 8.694
62 9 62.791
22 53 77.903
15 45 30.509
15 73 99.973
92 11 75.803
25 51 25.668
29 20 79.394
18 10 30.496
34 47 0.215
68 23 63.015
31 68 1.07
9 5 56.334
52 61 7.506
56 42 39.719
56 79 46.751
3 38 96.756
57 27 50.003
39 33 18.293
62 45 11.83
5 14 91.627
17 87 81.821
36 10 31.068
4 61 72.959
63 57 5.476
90 1 54.338
8 90 99.358
23 26 30.506
2 42 13.349
37 81 24.841
84 55 52.479
51 62 39.433
7 24 1.949
40 76 63.805
10 67 38.712
14 57 74.057
34 62 38.712
52 56 18.774
57 89 38.031
4 80 59.682
5 89 95.172
58 38 94.772
8 51 66.53
23 21 36.603
74 66 61.876
71 42 25.627
1 18 28.52
69 67 52.49
26 81 78.039
30 8 76.096
23 42 21.105
3 31 45.862
70 33 92.25
82 54 52.652
66 38 50.249
84 46 75.43
85 38 58.205
91 90 53.582
14 6 29.166
24 91 0.766
74 15 23.867
6 70 68.326
15 44 20.323
13 27 64.543
21 26 62.864
85 69 69.136
0 83 51.835
48 59 61.602
69 29 51.113
28 63 41.253
3 39 83.831
8 79 58.615
72 52 38.852
1 2 33.878
55 60 76.972
4 86 24.29
90 86 34.389
10 37 41.408
5 43 34.611
87 19 42.452
64 74 49.332
68 6 36.092
29 68 67.18
24 13 26.446
46 66 50.403
12 34 44.496
14 78 54.633
26 67 89.683
80 75 68.45
62 31 31.106
71 25 74.454
1 48 68.95
92 20 84.826
0 78 53.338
4 6 59.997
69 10 96.381
17 46 80.262
11 22 84.991
18 30 28.606
30 0 33.993
23 92 29.447
24 62 43.374
12 10 14.616
67 58 65.277
79 34 85.011
4 57 64.603
18 55 53.138
65 73 72.972
69 86 67.862
0 65 85.5
43 93 34.624
20 17 26.447
90 19 37.167
25 0 23.415
48 58 99.409
81 91 51.605
82 44 41.145
36 14 83.945
12 85 91.226
74 87 0.39
64 93 93.167
0 8 40.256
93 36 31.47
5 38 71.38
43 61 26.422
64 85 5.182
34 41 53.268
46 71 24.931
32 61 18.59
57 21 34.703
63 48 9.255
53 79 71.083
39 68 45.699
15 84 5.341
81 85 28.925
62 33 62.37
36 43 8.492
50 73 37.289
45 55 17.473
80 43 59.438
21 27 3.337
51 52 42.74
67 85 48.251
1 86 81.696
80 29 14.185
51 21 34.178
4 66 63.317
49 77 89.329
7 27 71.747
88 38 73.745
54 30 45.932
42 89 39.258
35 5 77.014
89 39 3.607
11 44 71.229
33 13 72.602
43 34 76.164
52 66 35.433
81 60 4.353
33 76 53.213
82 22 50.721
73 29 65.562
6 89 26.126
8 27 4.193
82 86 61.291
75 73 72.54
41 11 82.91
32 87 72.164
33 53 51.104
2 73 88.071
38 72 62.499
13 63 64.511
57 44 65.834
46 75 35.56
2 22 73.276
26 28 59.416
34 51 56.618
47 74 18.917
1 3 63.31
50 91 82.912
22 6 67.486
10 73 81.307
28 91 54.624
64 89 43.978
32 1 62.941
39 58 32.338
43 64 50.54
54 6 96.21
74 75 89.91
32 93 36.243
42 93 16.328
1 64 73.905
38 90 23.551
49 87 69.265
25 77 93.036
91 52 10.031
4 55 24.372
64 63 17.253
5 31 76.508
31 49 99.636
12 28 13.108
4 5 50.096
5 61 73.818
37 42 3.294
63 74 53.403
12 30 10.834
63 81 54.132
86 73 48.157
42 44 75.688
61 27 84.791
68 84 65.718
87 58 89.466
13 68 59.25
41 67 70.901
88 45 97.892
22 55 40.906
58 55 78.529
36 16 6.553
72 66 17.268
79 89 60.911
83 12 76.772
87 43 88.236
10 90 68.223
0 6 15.721
30 59 97.846
26 69 96.376
10 77 2.983
32 73 67.547
36 83 28.387
17 55 82.721
69 28 76.58
71 41 17.165
84 72 45.144
92 68 44.94
47 81 38.06
92 25 45.905
5 16 0.789
38 49 62.458
73 79 55.585
33 89 31.476
40 91 42.507
54 70 58.697
83 24 59.398
36 74 77.366
40 56 76.622
27 44 72.506
88 51 86.856
60 34 7.9
89 66 35.949
60 85 68.413
84 63 35.332
46 38 0.02
13 7 85.835
41 90 29.083
45 72 39.053
63 65 91.849
46 93 48.912
76 59 36.986
68 78 32.833
33 34 21.738
4 50 81.773
16 51 7.097
45 37 22.078
72 87 66.97
91 45 75.42
22 57 97.089
19 51 14.94
20 33 17.242
2 25 13.259
24 45 46.71
19 20 88.444
89 81 12.07
26 49 14.442
89 7 95.338
62 36 24.094
19 35 57.003
17 50 87.087
81 73 58.799
7 43 42.854
58 49 51.715
50 49 63.645
57 68 95.636
46 41 72.523
79 62 75.986
46 83 82.44
81 88 28.169
21 76 54.646
18 28 3.194
65 3 52.82
34 63 84.994
15 82 71.15
19 71 85.987
29 45 37.235
50 85 56.487
1 38 58.267
6 71 76.966
22 89 30.467
25 46 9.89
63 19 71.386
50 87 14.485
54 77 72.268
1 81 9.346
67 93 39.53
87 36 78.012
80 84 32.274
68 20 1.2
68 89 88.535
75 23 63.067
82 0 34.635
12 44 89.758
32 71 78.795
41 10 60.446
15 47 2.138
52 63 88.141
83 23 42.657
40 53 7.67
5 51 57.557
52 75 68.59
45 67 24.237
55 47 93.312
73 89 75.58
89 75 52.564
20 57 3.014
7 0 30.859
80 82 3.487
17 81 51.064
0 92 1.064
71 38 14.467
61 86 50.076
8 82 59.571
13 56 17.468
75 86 61.791
38 89 10.072
65 83 14.374
6 77 7.273
40 58 3.929
75 15 7.641
76 87 36.531
81 76 54.005
2 85 28.659
79 33 71.973
73 25 5.576
28 78 87.493
33 63 31.093
68 45 65.273
7 60 8.543
35 39 52.963
77 39 43.72
68 75 71.413
77 48 42.464
6 13 40.608
26 79 5.222
62 73 3.924
23 80 87.05
83 87 75.455
22 32 43.979
79 43 8.197
59 33 29.679
2 78 35.322
27 19 5.038
34 34 22.465
2 82 45.932
74 14 79.431
0 20 66.922
58 69 39.149
60 4 74.932
86 14 95.353
26 90 44.199
40 77 45.249
78 90 6.348
57 64 51.328
70 41 30.746
21 16 47.398
44 92 64.324
9 45 18.587
23 91 62.522
90 30 69.198
25 88 62.806
48 50 18.161
42 14 39.62
74 5 38.637
9 11 69.999
79 19 83.698
58 44 22.399
3 14 11.676
19 15 39.657
62 89 92.835
28 42 15.777
48 41 82.342
88 55 25.014
61 22 69.806
80 83 32.919
40 35 64.255
84 84 0.916
53 34 50.931
34 93 40.575
22 67 42.58
73 77 31.76
36 85 41.935
10 45 24.524
23 79 41.665
17 90 78.103
82 23 69.757
30 46 20.636
4 73 63.756
21 48 99.364
32 39 41.109
81 77 35.819
8 53 58.821
58 42 16.983
47 44 46.983
4 23 36.557
65 86 75.089
74 89 28.273
0 91 66.817
18 92 84.97
30 76 1.65
58 90 72.075
26 40 76.944
77 21 2.565
58 73 28.27
10 22 7.619
43 46 67.363
72 56 34.43
34 74 29.899
81 13 14.844
8 93 66.906
61 67 61.389
81 55 6.292
64 7 30.324
74 79 48.662
9 27 37.954
76 70 10.397
10 28 35.407
15 78 95.564
8 38 99.778
66 22 25.445
67 51 26.028
84 89 23.474
84 26 97.776
44 13 82.304
36 23 89.701
27 55 47.335
38 76 0.627
80 90 75.043
87 69 55.388
17 52 46.874
70 78 52.535
46 55 53.668
18 85 19.929
26 39 70.796
12 75 99.648
33 77 23.295
34 61 93.372
26 59 27.899
29 91 32.737
37 67 34.818
65 34 88.886
85 16 45.095
0 58 27.656
37 0 61.57
0 32 69.741
55 54 3.307
65 60 36.068
83 68 59.679
88 31 11.673
27 14 47.528
41 82 40.98
57 13 98.763
48 82 80.762
45 54 16.538
16 20 49.467
10 43 98.919
52 31 95.258
60 5 30.627
9 88 55.777
90 36 99.151
18 60 20.159
39 60 57.261
37 69 99.142
55 86 32.752
24 48 39.402
25 76 19.304
10 92 8.05
44 74 46.98
57 67 8.172
67 76 55.023
14 87 14.751
83 11 64.898
92 82 35.588
76 2 96.42
43 55 62.497
32 15 22.784
50 50 25.397
1 12 74.016
6 90 61.985
25 58 58.792
80 66 63.161
77 47 34.825
73 35 10.538
85 84 28.883
19 42 95.67
7 61 42.017
71 91 52.409
61 23 35.285
33 22 17.734
36 53 93.082
65 4 18.62
17 85 58.223
29 43 60.693
8 70 69.45
43 53 35.435
70 64 5.84
42 84 64.278
6 35 27.871
38 82 69.761
78 13 45.202
30 58 4.762
28 33 78.16
87 93 86.605
82 78 19.238
5 27 90.967
46 47 75.192
59 59 33.365
13 75 86.777
81 24 1.247
2 7 4.596
45 74 71.296
20 69 91.189
40 90 41.505
41 18 32.841
3 13 4.123
45 25 6.258
40 47 18.096
70 77 24.517
56 67 92.389
47 86 51.461
0 89 68.232
5 32 73.175
33 67 10.947
38 70 76.712
41 72 95.191
42 16 43.559
51 36 95.229
19 40 4.106
12 23 81.427
19 2 85.128
28 40 6.81
9 79 48.411
80 37 41.39
49 52 48.875
31 63 21.339
32 17 50.693
22 85 27.315
30 77 65.044
49 75 1.706
49 11 25.39
12 92 58.775
12 27 81.277
5 66 25.685
11 70 32.455
63 76 72.945
12 87 43.042
40 44 23.45
61 29 50.369
71 83 73.159
34 57 81.378
6 15 3.945
42 67 58.55
33 68 96.267
25 75 82.369
10 57 78.98
7 58 25.191
20 88 12.706
52 37 47.033
42 87 96.825
6 45 0.868
47 87 23.515
17 19 12.137
54 12 21.778
52 15 23.344
78 87 19.872
29 56 20.164
14 23 29.016
47 93 87.716
59 15 67.818
2 40 58.333
14 67 48.212
19 10 74.998
38 56 63.771
39 7 88.403
84 40 71.216
26 27 68.644
29 47 39.299
37 21 23.853
69 13 14.948
18 57 22.974
2 56 46.824
73 66 78.929
61 68 25.645
3 23 63.055
43 90 28.648
55 73 12.511
42 17 38.466
1 83 7.121
37 44 73.877
64 12 60.403
29 41 58.442
47 6 92.552
27 41 44.573
61 55 87.342
31 53 8.3
77 51 71.878
11 31 75.435
50 74 28.055
78 5 69.796
20 22 80.405
34 46 82.372
6 86 72.151
42 10 46.17
43 6 20.175
59 68 24.492
52 55 32.345
40 46 58.355
11 71 89.29
4 26 55.05
3 85 68.917
16 30 46.33
31 75 88.277
66 47 70.886
65 77 73.333
85 57 80.724
53 61 73.933
59 79 79.489
22 9 20.242
67 28 92.519
54 84 79.567
7 47 57.224
7 4 6.568
87 20 15.829
50 63 82.189
25 56 37.239
58 22 68.617
8 45 27.296
37 85 14.975
35 10 32.081
40 21 63.778
54 91 65.651
0 69 31.78
19 3 47.32
51 65 8.795
13 13 52.862
8 5 95.119
54 44 15.262
15 26 2.543
19 72 40.7
69 84 79.675
29 15 80.035
2 17 57.757
32 26 71.544
39 56 3.683
6 2 84.358
42 88 17.782
86 56 79.944
32 65 21.216
67 29 0.353
11 66 20.551
50 88 4.613
86 91 3.428
43 41 57.019
28 72 30.828
55 71 54.416
43 65 5.0
1 76 61.351
7 90 52.079
28 14 8.081
64 49 12.444
2 68 70.326
90 90 39.349
3 70 8.467
71 87 94.573
38 35 16.843
4 78 10.806
61 83 99.277
9 19 8.892
85 46 89.281
61 59 28.965
12 11 79.902
2 55 20.734
55 6 38.088
50 31 45.625
24 38 60.136
34 54 83.2
10 76 32.43
24 72 0.139
37 66 38.969
20 55 47.779
7 3 77.164
59 80 2.043
46 7 28.936
91 92 67.173
9 60 85.919
15 31 5.465
10 20 38.122
34 82 96.049
55 66 41.591
18 3 87.764
40 88 83.844
64 65 90.292
8 24 62.677
56 74 10.554
15 48 13.573
77 0 9.598
56 78 1.173
82 26 49.001
17 28 19.078
5 53 93.1
17 4 6.287
5 68 74.348
17 45 99.184
49 53 65.013
46 13 53.252
63 72 37.367
59 66 44.059
15 92 11.82
2 69 46.569
85 10 51.699
47 54 28.484
74 72 80.579
35 75 4.817
0 63 97.382
78 85 27.776
36 12 45.51
62 75 32.942
7 86 15.557
34 30 72.024
52 77 79.857
20 23 43.374
19 25 59.853
52 93 95.226
5 80 47.245
40 73 23.141
2 50 69.525
18 74 47.445
36 21 33.24
45 84 49.458
69 33 18.067
33 37 30.316
51 56 97.225
83 30 15.056
85 33 28.864
3 71 87.176
37 70 70.893
9 42 92.477
14 69 28.517
9 91 38.746
31 92 0.1
34 45 94.559
22 68 45.751
77 38 20.061
48 39 28.982
61 62 71.89
46 74 58.059
13 74 10.33
88 91 5.046
51 11 18.267
58 93 88.236
79 82 90.885
28 24 36.489
63 78 66.561
91 76 69.952
70 84 3.141
28 68 4.134
88 27 38.018
0 75 34.917
32 58 19.023
62 7 43.814
54 93 83.389
12 79 18.191
36 61 88.047
26 56 44.585
61 41 54.172
27 70 2.736
64 88 29.006
26 48 90.418
86 24 21.425
74 90 63.807
55 51 80.349
68 11 0.846
4 82 87.452
18 25 54.184
29 63 90.049
17 82 60.007
20 75 83.842
88 41 55.282
23 39 54.797
34 19 41.484
1 19 90.29
40 52 59.766
25 16 41.937
29 78 25.885
10 24 78.945
59 71 72.69
8 71 85.209
5 24 7.063
47 49 26.153
32 27 43.67
1 24 46.773
83 41 6.272
52 42 92.805
61 73 60.779
75 84 62.996
75 14 62.15
87 8 75.619
41 16 5.559
21 14 2.041
90 44 91.423
59 63 53.27
11 18 98.28
63 79 41.937
39 72 5.063
46 26 9.089
82 31 3.574
55 44 10.513
25 7 33.514
3 21 46.899
39 86 43.031
12 24 90.202
46 70 72.951
10 38 24.658
32 86 73.036
2 44 93.646
21 9 6.284
84 60 87.032
30 53 10.346
40 61 98.893
18 63 25.927
23 67 45.245
36 91 64.075
60 63 86.392
78 31 76.052
58 23 17.328
11 38 80.595
30 61 79.115
14 47 86.238
83 59 44.063
63 45 80.613
53 26 14.603
72 23 30.217
42 42 50.704
81 58 15.89
19 12 63.111
51 39 86.149
70 61 17.735
20 46 87.894
52 88 20.089
12 4 22.927
2 58 35.721
26 87 47.748
74 25 76.994
67 71 40.373
37 17 99.629
27 78 0.897
20 58 20.525
53 73 93.052
11 78 9.53
66 65 65.85
47 75 90.971
14 19 71.546
31 66 68.466
10 26 19.515
83 85 88.684
18 70 55.576
53 70 97.74
54 90 67.128
55 77 99.143
89 92 56.008
1 63 95.842
30 14 17.992
14 72 27.423
71 18 19.949
38 69 98.173
60 55 66.277
36 0 34.182
51 89 52.908
15 77 34.503
18 81 10.756
20 60 58.518
19 70 35.193
14 39 0.007
12 70 21.496
68 0 46.77
32 28 84.046
42 31 61.274
11 81 86.558
48 52 25.239
12 22 27.759
48 66 64.663
83 8 24.691
9 26 64.139
0 24 50.325
46 73 27.564
73 78 41.446
91 35 41.282
22 24 17.359
11 61 67.622
59 2 32.27
51 54 6.166
48 0 91.027
56 43 3.021
38 81 17.385
61 48 6.049
89 54 37.327
53 41 64.999
41 41 46.461
2 21 8.83
44 32 36.718
20 81 73.414
18 75 56.9
41 25 18.199
30 52 54.933
80 80 72.188
37 29 57.599
55 19 7.518
27 85 0.022
41 86 21.062
41 19 38.014
89 51 38.686
35 61 66.204
44 60 95.199
45 78 58.013
7 57 48.746
24 57 1.09
8 73 70.498
50 75 36.873
36 15 50.269
57 33 95.327
24 87 88.594
49 80 16.828
1 89 65.771
20 26 36.049
47 79 26.018
66 92 4.596
66 82 78.684
4 53 23.792
63 3 29.689
74 53 72.838
91 7 90.974
67 11 4.272
29 54 44.807
38 3 50.107
11 17 98.705
21 54 98.323
22 27 7.892
27 30 75.121
37 22 87.086
76 54 47.879
92 75 21.354
16 74 23.268
89 70 68.057
77 88 55.81
86 36 64.053
29 7 24.614
48 90 90.107
42 59 50.001
8 88 88.906
71 89 54.302
13 71 16.12
21 45 77.735
90 46 41.069
14 30 71.482
84 9 95.154
67 77 33.28
11 46 71.997
62 10 45.725
12 21 2.86
75 93 57.854
67 7 91.376
88 73 10.304
19 89 37.887
28 1 23.635
53 21 61.683
25 81 80.516
62 80 26.499
74 40 76.727
46 48 22.096
70 74 38.556
62 55 67.297
17 63 2.972
63 8 13.322
49 25 28.396
11 92 95.764
33 91 94.558
70 70 85.806
54 17 13.386
56 71 28.777
21 67 39.565
35 49 42.565
12 26 67.549
16 87 86.056
26 77 99.947
53 91 81.511
17 77 48.817
9 61 37.558
52 5 9.113
55 68 70.954
0 54 76.678
3 50 58.363
49 19 66.979
6 18 0.944
35 90 82.809
68 18 92.991
74 10 7.165
76 79 32.095
27 65 56.778
7 10 66.2
69 73 8.21
47 33 7.033
4 8 1.291
86 3 67.963
70 73 11.791
8 74 73.448
28 61 92.939
12 1 17.71
9 93 23.463
35 76 1.6
53 67 69.633
17 65 80.14
2 39 74.764
24 64 62.373
8 28 62.516
18 78 89.129
65 10 40.568
37 53 97.101
24 80 88.544
62 25 1.963
19 52 68.675
1 61 42.416
32 43 66.764
9 50 27.977
74 77 38.416
45 51 26.268
6 33 51.841
7 17 35.279
20 65 74.564
51 60 99.687
15 27 75.009
86 34 60.222
89 83 6.59
45 71 97.915
27 77 46.279
17 60 31.637
19 61 9.779
56 75 57.56
82 63 22.473
0 49 17.365
44 21 32.486
13 72 9.393
12 40 23.28
15 14 82.958
24 84 41.904
29 28 7.682
49 59 88.329
93 21 59.508
23 69 73.256
48 87 11.539
93 18 88.325
68 64 49.995
18 84 45.397
75 77 58.607
5 39 33.91
38 57 45.853
26 37 66.213
7 72 84.302
8 89 0.58
13 52 26.595
81 87 3.339
16 55 11.027
8 91 28.605
72 25 54.635
36 92 75.777
70 87 76.472
78 55 41.45
29 58 84.94
49 74 85.528
40 87 11.66
93 81 6.527
34 77 46.506
6 72 55.457
64 66 7.719
48 72 66.156
42 69 32.814
68 93 22.012
77 89 94.821
66 70 6.56
81 49 78.803
14 79 71.486
40 60 38.168
42 80 34.985
43 17 62.477
3 77 85.302
70 60 38.613
71 78 26.688
11 34 8.901
17 14 85.628
76 37 77.858
78 67 14.315
66 76 13.902
33 1 92.434
37 83 29.559
39 64 56.049
72 32 85.156
33 75 84.354
41 50 17.486
43 77 76.569
65 69 52.519
75 69 66.354
83 88 12.774
72 3 76.604
78 46 90.888
62 54 10.534
45 39 81.015
28 53 31.573
51 61 44.336
82 43 39.428
12 20 99.205
56 89 13.804
50 71 9.802
29 71 54.884
67 29 28.559
7 8 47.114
30 33 91.682
2 9 62.559
37 75 9.251
43 67 85.357
47 83 13.05
91 74 49.569
77 68 9.752
55 56 10.256
9 19 53.943
13 62 19.883
51 26 14.283
86 28 38.975
59 91 37.047
62 78 5.253
19 4 4.525
93 33 78.896
42 27 82.02
41 51 97.026
38 14 73.324
74 23 1.013
85 75 13.091
35 13 89.854
2 90 66.072
52 2 39.297
58 89 46.088
78 91 8.423
85 66 7.625
55 41 51.155
15 25 63.083
37 49 12.439
49 69 45.864
81 41 22.575
13 27 32.807
18 47 97.588
34 76 88.481
64 10 80.175
16 68 13.858
15 41 64.854
6 92 5.522
29 92 66.156
13 1 45.356
33 11 63.823
68 90 80.741
44 80 53.113
75 59 70.495
30 32 34.744
51 14 32.57
48 42 30.343
19 93 59.759
2 75 6.601
3 28 50.277
33 71 53.918
44 45 14.408
71 77 23.701
58 16 39.513
17 40 25.486
15 18 18.783
11 7 96.568
7 80 72.53
6 3 96.967
21 65 96.126
82 55 18.114
21 84 46.64
7 52 7.021
48 32 78.062
80 87 43.21
45 79 50.058
46 79 26.62
30 4 2.654
35 68 66.514
51 58 85.18
59 37 34.337
84 91 3.067
89 34 8.574
0 38 88.437
36 67 39.747
44 87 17.634
47 42 19.329
60 54 5.832
40 48 58.338
48 31 98.244
18 77 19.132
29 51 15.169
47 37 75.245
63 88 3.615
20 67 6.967
42 78 87.92
49 18 59.634
57 28 28.574
92 13 31.844
39 47 38.791
7 21 64.145
23 56 40.799
13 26 43.523
69 52 98.591
14 85 38.688
9 52 82.996
36 60 30.811
46 44 13.914
8 58 45.155
33 83 59.553
70 91 1.37
20 42 17.061
76 55 49.055
11 13 9.148
10 71 29.422
76 50 19.319
78 80 1.079
44 63 26.113
40 5 97.105
43 76 47.813
19 91 11.57
23 60 27.064
81 21 64.825
75 83 19.16
7 93 78.593
33 78 22.082
70 59 82.086
23 13 58.105
45 20 29.31
84 51 62.254
52 34 4.053
68 12 0.116
14 91 22.184
60 30 28.142
51 92 69.189
4 49 24.108
58 76 71.843
4 58 54.409
29 38 80.352
49 16 89.162
40 31 3.019
24 60 55.965
38 15 85.682
6 51 7.998
57 56 42.312
85 0 47.322
31 21 73.961
57 80 30.896
46 76 48.95
72 2 67.521
1 56 10.445
90 76 5.068
84 28 59.37
73 52 76.987
29 33 5.098
59 16 42.393
59 86 35.575
29 34 77.17
18 59 65.816
24 87 90.589
23 31 68.456
40 92 83.898
49 93 56.346
62 87 4.479
60 11 26.503
3 84 20.482
15 34 83.097
11 77 84.509
2 34 20.434
48 43 11.456
25 82 44.919
21 80 69.317
53 60 14.164
27 46 32.056
75 26 31.209
57 19 71.75
34 49 77.455
82 91 58.24
43 73 79.998
20 63 30.733
60 48 78.262
79 20 50.168
23 30 31.785
42 91 24.049
37 19 74.181
76 64 98.849
21 32 99.854
74 55 10.829
79 29 90.313
74 28 1.775
16 50 99.148
1 51 58.134
48 19 11.861
31 22 42.577
6 76 52.162
21 79 22.504
33 60 45.695
49 65 23.355
49 9 42.8
31 8 21.825
54 11 61.125
9 80 26.76
3 44 85.917
21 83 87.689
73 38 29.435
27 37 23.435
30 21 6.267
8 36 70.24
8 20 41.735
10 53 58.201
61 6 79.874
21 13 23.204
53 87 23.436
86 0 65.671
58 36 97.761
43 71 85.691
4 2 32.809
85 54 74.586
85 91 94.326
18 48 95.222
54 81 67.213
57 83 55.983
57 88 75.696
85 92 36.012
66 6 11.18
56 70 53.565
58 88 12.977
22 74 0.762
27 73 88.127
47 30 95.218
69 1 57.78
61 87 76.05
57 88 89.891
21 1 92.934
54 19 82.979
83 74 62.164
16 83 64.031
63 75 84.692
79 84 44.636
25 61 7.89
92 79 95.72
29 86 52.521
38 65 44.015
35 48 12.026
78 16 13.715
79 49 63.334
73 28 2.328
30 82 72.023
90 79 6.598
47 62 51.171
51 57 46.807
84 52 88.244
62 93 37.663
14 22 69.15
42 43 22.451
10 82 80.9
24 68 82.14
20 56 48.716
50 62 94.488
21 56 50.734
30 92 88.289
53 83 71.482
14 45 65.066
69 55 16.889
25 69 72.754
75 5 29.981
78 3 55.742
39 75 97.165
67 30 70.105
78 21 21.773
2 71 27.282
26 31 55.534
88 60 3.919
4 37 96.63
56 59 4.852
35 24 15.066
81 0 50.284
26 55 69.688
40 63 81.737
2 84 7.364
3 9 74.128
4 48 80.441
53 64 59.071
43 4 88.165
53 45 37.401
53 56 54.512
79 50 41.982
16 69 84.508
59 84 22.338
34 40 99.632
42 68 11.571
29 87 7.751
70 50 84.322
77 5 31.381
84 88 22.168
60 72 45.546
67 46 82.757
0 61 21.364
19 80 99.474
13 2 12.978
25 8 80.357
3 24 79.369
7 75 38.663
2 43 7.904
85 20 95.195
15 66 86.618
83 5 14.39
0 84 69.776
29 82 90.87
56 54 65.684
31 24 72.752
0 5 90.02
51 76 55.941
67 3 76.446
46 68 44.884
72 43 72.661
56 81 29.183
34 35 85.223
82 37 87.74
41 57 92.606
65 12 94.258
5 12 18.674
57 82 24.466
28 58 92.391
60 91 71.851
4 45 55.901
23 34 12.657
4 21 17.908
28 35 2.62
74 6 5.181
12 57 90.597
90 37 54.365
35 65 82.3
2 66 50.821
5 26 2.618
5 88 22.977
13 15 61.231
60 78 48.648
68 73 34.986
11 75 28.972
33 41 19.038
43 12 3.134
79 80 92.771
6 93 28.27
54 42 82.368
91 66 53.161
77 82 21.184
31 29 36.767
52 32 90.242
48 93 96.45
57 43 11.216
34 58 1.913
2 63 67.973
77 46 77.855
88 16 91.055
47 92 58.538
32 79 41.055
56 92 54.674
46 52 53.55
50 26 48.446
75 88 48.028
16 38 9.143
50 80 89.418
13 67 42.099
53 63 56.125
76 68 74.884
9 35 94.167
55 53 50.229
3 36 58.118
8 77 6.587
91 37 51.447
2 16 3.315
11 89 32.308
14 89 98.004
18 62 71.87
37 56 2.599
15 49 2.139
46 51 87.694
61 81 12.232
75 81 78.211
36 35 27.847
34 68 95.291
41 80 8.059
22 72 48.218
11 5 97.82
11 23 9.497
14 24 15.08
40 55 63.266
19 69 73.512
27 80 47.131
59 52 29.197
56 48 9.91
51 87 58.116
42 62 48.248
76 0 0.304
10 31 89.209
7 48 98.335
24 66 21.709
24 70 15.925
7 83 5.829
28 47 40.201
4 85 43.338
7 26 33.058
67 59 66.979
0 46 77.065
42 34 9.462
16 86 22.983
32 6 69.327
91 87 27.18
43 89 51.891
71 93 62.35
42 50 98.555
87 88 61.122
79 64 53.086
77 58 58.232
74 73 97.159
10 29 17.974
32 62 19.779
51 69 18.028
38 55 7.998
60 77 94.618
58 61 67.973
50 28 20.895
0 33 66.549
64 30 92.726
13 86 70.183
71 79 10.614
76 18 18.15
23 90 43.492
24 39 35.34
29 16 46.426
38 59 9.75
24 69 62.849
51 93 5.415
30 79 30.941
9 18 86.526
32 60 91.371
46 50 4.806
7 44 35.423
35 52 21.097
81 82 55.805
32 37 16.207
85 88 74.721
12 52 42.622
60 90 15.743
31 54 40.977
67 79 68.125
38 84 32.614
22 71 50.43
39 88 75.654
89 78 96.933
17 92 20.529
25 22 1.767
85 61 39.889
3 16 35.544
21 33 13.511
32 50 40.719
8 1 45.846
21 29 23.23
43 23 68.629
55 48 6.036
66 28 24.378
91 91 13.876
47 72 48.912
39 80 57.021
14 29 70.841
31 65 22.026
60 93 21.748
11 14 6.181
23 88 31.031
66 90 67.192
77 59 90.764
87 89 56.741
9 75 41.893
1 34 10.708
12 82 24.0
9 48 61.108
51 2 46.168
74 88 68.06
24 24 38.06
83 92 21.109
26 86 71.76
55 12 40.564
5 62 86.936
45 30 91.293
48 92 68.349
59 40 59.019
24 36 22.914
20 66 74.653
31 93 55.875
11 10 0.209
11 30 3.296
40 8 3.428
47 56 92.317
6 1 62.002
17 53 90.667
7 22 3.625
7 40 31.999
18 58 53.364
8 57 60.625
2 86 97.433
4 7 17.277
20 50 75.685
26 91 70.608
37 36 43.764
64 34 86.095
45 7 6.608
15 28 68.664
77 87 23.059
19 88 3.813
18 83 23.479
59 44 47.889
90 20 91.619
20 51 4.932
42 85 68.562
83 10 12.698
34 71 46.354
6 87 81.937
60 83 41.583
27 70 58.123
89 37 61.126
73 52 59.658
16 33 30.959
41 44 1.981
52 86 3.082
56 64 37.52
55 29 41.868
69 15 67.971
71 84 7.23
12 33 7.733
38 80 66.168
54 49 96.071
28 82 26.972
28 36 90.091
8 85 69.43
10 60 86.566
58 84 99.092
44 85 2.818
20 72 59.73
75 79 21.179
55 39 42.932
35 80 3.329
39 65 40.249
77 72 74.427
12 73 12.307
18 86 43.725
17 18 43.468
14 20 4.78
10 0 61.921
4 67 19.077
41 42 52.817
11 29 97.149
6 65 45.658
15 20 13.979
0 21 98.846
8 76 56.619
12 59 63.894
12 39 95.952
6 19 14.325
42 65 4.95
23 29 25.004
53 47 43.747
1 11 3.595
75 82 95.96
60 64 13.479
25 26 90.968
85 7 79.729
17 26 64.104
31 84 0.87
90 53 19.047
93 69 44.203
47 85 92.153
65 48 31.025
57 59 59.338
5 33 62.789
76 78 67.96
20 34 42.5
21 21 60.804
10 51 48.174
20 21 5.468
30 89 56.191
23 86 53.767
45 57 58.173
49 63 19.439
62 90 93.82
17 24 41.321
51 90 30.58
56 63 36.432
38 38 37.744
49 23 87.401
65 79 8.199
44 20 88.046
42 72 97.418
38 53 59.934
77 13 97.969
3 55 36.089
22 60 71.128
12 49 24.203
51 4 3.46
38 63 74.921
5 85 66.165
23 38 86.489
50 77 34.782
71 74 6.805
80 30 69.755
14 82 61.442
15 51 48.73
40 30 80.659
74 53 32.079
37 39 99.655
34 87 14.961
16 16 97.604
55 34 92.122
29 72 53.265
62 67 93.188
82 82 78.501
4 47 2.569
61 66 27.772
49 2 1.079
71 4 20.044
21 71 84.447
40 10 40.293
72 35 86.825
47 48 64.352
65 74 77.589
41 79 50.465
9 81 81.67
41 45 93.289
60 67 2.352
29 44 67.156
43 64 96.312
29 75 49.543
31 38 0.094
17 48 30.19
52 79 78.042
35 59 26.183
43 13 39.923
43 3 83.572
34 22 12.984
41 63 29.264
41 73 62.982
56 50 45.778
25 55 72.904
45 47 3.916
31 61 7.369
3 81 35.073
59 3 33.84
92 61 92.735
10 75 29.606
33 66 73.525
20 61 68.674
3 8 97.743
25 89 22.301
36 42 38.371
56 41 63.045
67 9 23.647
3 34 18.241
10 66 9.325
52 80 43.297
53 58 42.796
12 77 19.198
1 26 5.895
19 56 2.831
52 74 89.339
1 77 1.525
50 14 85.315
42 30 47.078
49 51 23.633
47 12 52.071
82 89 3.047
26 47 32.82
15 83 63.215
12 32 0.905
40 13 92.174
19 83 59.942
27 28 4.67
48 53 77.998
27 48 58.468
59 47 12.515
38 78 39.17
83 38 8.035
87 33 45.082
20 53 84.645
58 14 80.707
66 26 25.502
32 63 41.927
43 66 24.414
17 56 71.775
11 64 95.275
19 77 75.066
73 3 31.511
82 5 33.636
84 48 81.599
19 86 48.897
14 43 97.257
85 82 90.096
69 40 86.982
15 65 1.452
23 35 94.32
47 68 27.27
72 75 23.593
88 92 16.737
90 57 24.384
79 15 88.404
60 58 82.837
42 8 57.138
38 17 49.505
21 69 43.946
14 89 9.43
56 88 84.244
38 42 44.313
26 92 6.749
47 52 84.551
57 55 91.999
61 77 17.453
65 67 52.428
46 54 54.113
72 0 81.217
25 31 53.239
70 15 99.832
88 15 21.519
11 42 27.747
11 52 83.568
28 80 14.785
30 55 85.873
37 6 75.968
13 53 57.006
76 13 94.546
38 75 55.503
37 24 74.299
3 41 30.004
89 44 77.997
14 93 20.767
54 1 88.538
15 2 5.209
42 57 69.204
64 40 21.504
47 3 67.674
61 61 99.877
69 27 84.479
32 29 89.125
60 75 59.318
79 24 63.73
25 68 61.233
37 68 92.444
81 59 2.954
3 17 37.38
37 46 37.322
35 14 14.374
21 70 11.261
79 54 43.431
12 15 93.921
67 15 74.051
66 51 45.887
87 35 89.01
29 50 68.185
63 85 88.555
0 4 12.879
21 68 5.747
46 45 96.125
75 76 64.397
75 87 89.559
18 21 6.902
58 50 87.563
35 33 37.189
47 65 90.137
8 32 41.168
18 35 72.665
76 27 87.067
22 79 15.157
86 87 18.675
15 63 84.422
89 29 86.401
8 72 82.576
24 59 5.995
52 90 45.333
7 42 4.203
10 86 28.527
79 83 5.914
54 35 71.861
70 93 17.889
87 1 51.899
4 20 27.533
66 14 77.621
31 39 77.157
10 20 21.352
55 42 84.479
71 61 2.372
71 52 37.631
91 32 51.276
9 59 99.531
58 62 49.99
59 20 33.98
7 78 36.639
4 79 1.158
45 19 81.846
2 77 80.43
49 61 16.799
74 42 57.736
1 16 57.454
28 70 99.052
33 80 33.143
44 24 48.185
16 62 16.587
14 16 75.802
61 18 85.067
26 0 70.789
22 29 27.031
20 5 97.505
51 83 90.19
7 28 63.375
76 4 0.369
88 93 62.893
37 41 66.15
13 79 16.575
18 46 20.524
21 88 33.462
49 3 26.544
6 86 12.194
1 84 27.851
38 87 73.517
50 39 63.132
4 62 58.659
60 82 62.579
48 71 29.611
63 86 93.052
39 13 92.34
0 40 99.055
13 87 6.584
15 16 22.49
0 57 26.198
6 11 57.231
42 4 27.46
48 64 86.386
23 25 55.084
8 31 86.575
37 60 88.743
54 86 45.83
70 81 54.733
12 18 5.549
20 76 8.164
19 29 38.411
83 73 58.231
3 79 43.371
30 5 96.928
11 24 10.252
32 78 43.357
13 47 14.952
2 38 10.682
50 27 90.71
92 73 10.047
15 90 41.221
31 77 34.036
87 5 68.391
7 92 88.92
29 84 60.265
81 6 4.434
35 2 26.227
33 40 10.813
19 58 60.294
69 78 18.828
88 28 57.792
22 56 39.343
63 70 39.799
36 77 19.561
32 2 88.135
81 71 2.042
10 52 90.426
17 9 15.112
45 70 16.328
44 64 90.164
83 52 98.919
9 25 63.031
53 76 23.575
59 90 14.668
71 5 56.992
13 55 3.522
28 30 47.997
43 40 22.424
85 65 92.07
7 81 4.95
53 57 46.771
49 85 49.006
6 41 39.755
50 82 83.264
44 49 99.102
33 50 14.045
50 93 77.902
90 33 15.23
44 4 93.849
61 65 54.181
56 85 66.272
90 77 13.079
59 46 47.667
3 88 88.241
84 16 73.349
83 13 9.684
6 29 16.995
46 19 58.316
40 27 75.165
72 83 19.903
55 8 34.266
88 67 83.679
44 43 7.479
14 32 52.014
54 67 96.946
73 47 98.26
27 20 93.343
34 75 36.412
64 17 10.759
79 5 50.821
63 71 74.702
26 89 90.743
69 89 56.422
15 39 38.812
63 16 46.791
49 86 87.014
28 11 64.632
88 13 96.671
64 75 67.851
0 45 23.305
40 70 47.033
63 73 39.437
43 84 43.462
30 43 97.353
10 14 91.154
22 54 62.38
75 40 80.367
38 60 1.547
14 65 10.999
69 12 3.225
0 2 71.058
11 27 26.446
56 91 95.308
76 62 33.268
84 35 93.034
0 31 52.154
22 48 93.656
14 59 35.739
43 43 21.028
85 48 64.958
28 60 39.135
79 85 83.9
22 75 29.541
19 38 25.23
93 79 50.58
51 64 6.62
33 73 61.586
86 22 95.509
54 3 87.825
66 79 81.25
81 31 80.219
25 91 57.23
60 13 35.413
8 69 97.699
67 19 70.944
38 40 49.951
37 48 25.523
11 63 97.76
71 23 50.204
58 58 9.51
48 81 13.308
60 89 19.949
61 74 9.698
69 91 2.113
19 23 94.303
86 33 82.231
90 75 33.293
28 44 77.923
17 62 39.076
44 84 68.624
11 53 71.666
32 59 59.734
46 89 97.571
82 24 66.396
72 72 53.505
57 52 46.357
84 69 39.14
36 7 3.731
37 15 62.723
91 17 36.928
80 48 44.526
20 39 98.684
45 76 41.262
77 62 38.752
28 83 79.031
5 65 49.394
29 62 43.83
36 57 81.804
11 73 74.756
4 33 35.425
22 47 43.102
41 32 73.315
25 39 19.023
64 42 50.659
86 53 49.703
81 74 37.23
7 35 40.482
32 46 3.241
33 17 69.965
11 25 93.791
63 22 57.637
73 54 7.515
76 36 54.165
41 88 24.165
49 46 1.313
41 35 41.777
40 86 5.754
28 48 22.9
64 16 80.637
37 2 29.349
9 92 96.855
52 78 62.982
34 69 37.906
42 13 89.27
1 73 92.352
23 77 3.63
5 45 10.381
11 72 97.226
56 84 65.909
11 55 1.987
0 12 44.107
33 64 69.974
72 37 72.711
91 93 11.531
75 59 13.441
69 76 81.881
20 16 41.457
53 39 55.831
72 12 44.947
18 44 91.779
13 80 91.832
41 65 47.012
45 81 20.015
65 25 72.927
13 38 4.422
25 36 73.434
10 70 28.768
72 89 45.425
12 76 2.212
15 62 57.884
48 78 29.997
2 12 96.863
58 79 85.462
8 47 83.383
72 16 95.496
81 39 10.755
51 33 75.347
17 84 19.008
6 46 79.78
22 3 76.516
58 11 64.589
68 87 62.003
91 67 90.521
66 63 23.749
90 32 11.114
33 56 33.338
86 44 1.494
78 88 79.54
49 68 14.919
68 88 43.948
84 66 91.421
36 22 96.619
71 36 40.968
87 31 13.184
5 87 61.255
14 54 73.33
67 90 46.055
85 34 12.142
10 27 94.382
27 35 44.454
35 51 57.635
2 2 63.995
22 69 78.46
19 31 34.341
47 2 29.805
43 11 25.916
4 10 69.634
80 86 95.875
84 32 14.13
75 8 36.781
47 11 2.109
40 78 15.636
23 30 63.569
12 37 52.285
42 79 55.31
5 34 95.794
35 88 85.727
74 93 86.755
71 73 5.37
93 93 62.631
59 62 20.417
66 34 59.26
80 34 56.51
93 3 66.848
6 34 37.123
39 90 19.411
91 11 98.176
54 58 70.921
5 49 8.991
18 91 48.675
33 23 1.445
49 70 16.371
56 16 8.606
24 54 6.519
49 49 91.632
91 64 67.967
67 73 49.73
51 24 61.106
67 75 45.423
4 16 48.368
30 56 67.88
80 67 63.323
30 93 84.57
29 52 58.492
67 72 0.163
21 46 32.877
33 65 14.498
87 46 29.58
7 16 24.799
3 82 1.131
80 65 82.305
38 41 98.738
13 58 74.781
19 60 12.494
17 6 69.681
18 53 40.063
51 70 77.357
47 88 19.151
17 67 88.816
54 78 66.055
34 26 45.818
39 9 95.137
68 73 38.682
20 38 19.546
83 2 74.116
66 53 79.038
7 15 51.378
33 36 87.402
4 77 34.672
58 64 73.153
37 74 49.361
87 28 29.242
7 88 3.548
18 27 98.029
71 17 45.463
14 88 94.637