100
0 5 8
0 13 2
0 30 9
0 61 4
0 73 3
0 81 3
0 88 7
0 91 5
0 98 9
1 3 7
1 25 6
1 26 10
1 28 3
1 31 7
1 35 5
1 44 5
1 63 2
1 65 3
1 89 2
1 98 9
2 14 6
2 15 6
2 29 7
2 39 2
2 51 5
2 84 8
2 86 10
2 89 6
2 97 4
2 98 3
3 0 4
3 5 6
3 10 7
3 17 7
3 23 7
3 28 6
3 29 2
3 40 3
3 45 3
3 52 11
3 76 4
3 91 2
4 5 9
4 14 9
4 43 4
4 46 10
4 58 7
4 99 6
5 14 4
5 22 1
5 28 8
5 31 10
5 32 1
5 38 10
5 48 10
5 57 7
5 76 6
5 78 4
5 81 9
5 99 10
6 9 7
6 11 3
6 16 3
6 28 5
6 35 10
6 45 10
6 55 9
6 67 6
6 74 2
6 76 6
6 82 2
6 92 5
6 99 5
7 18 2
7 19 5
7 21 7
7 28 9
7 32 9
7 35 8
7 41 5
7 48 5
7 82 9
7 95 5
8 0 11
8 2 8
8 26 7
8 34 4
8 42 8
8 44 8
8 57 10
8 58 3
8 64 6
8 71 2
8 84 6
8 87 7
8 90 6
8 91 6
8 94 11
9 10 8
9 20 8
9 21 9
9 24 2
9 52 7
9 56 11
9 59 5
9 60 3
9 65 4
9 79 2
10 9 7
10 14 7
10 25 11
10 41 1
10 48 6
10 57 3
10 60 9
10 68 2
10 69 8
10 72 8
10 84 9
10 94 11
11 1 4
11 4 8
11 12 6
11 20 6
11 47 2
11 52 8
11 70 9
12 15 4
12 20 8
12 41 7
12 49 6
12 50 4
12 52 5
12 54 6
12 61 1
12 63 10
12 70 8
12 71 5
12 88 4
13 0 6
13 20 7
13 23 5
13 37 2
13 51 1
13 58 4
13 62 8
13 72 9
13 77 7
13 90 9
13 92 4
13 93 5
13 96 7
14 0 8
14 2 8
14 13 6
14 27 1
14 42 3
14 49 5
14 51 1
14 56 11
14 57 4
14 61 4
14 63 9
14 64 9
14 83 2
14 84 8
14 88 11
14 89 8
14 93 9
14 95 2
15 34 8
15 58 3
15 75 10
15 83 3
15 84 8
15 93 5
15 96 2
16 18 11
16 26 4
16 27 10
16 30 8
16 36 9
16 39 5
16 46 5
16 53 7
16 55 9
16 68 3
16 94 7
16 99 10
17 37 2
17 42 4
17 47 11
17 48 5
17 56 9
17 57 10
17 64 7
17 71 11
17 72 10
17 74 7
17 75 6
17 83 10
17 84 1
17 89 3
17 92 9
17 96 9
18 15 11
18 25 3
18 50 6
18 66 10
18 74 8
18 86 11
18 98 3
19 2 9
19 13 8
19 16 7
19 19 10
19 25 3
19 26 3
19 32 8
19 38 4
19 62 2
19 65 8
19 72 4
19 85 4
19 89 8
19 96 9
19 98 10
20 5 2
20 8 3
20 22 3
20 28 1
20 29 3
20 41 9
20 44 10
20 60 2
20 64 3
20 65 7
20 90 5
21 13 7
21 50 2
21 73 7
21 75 5
21 99 8
22 6 3
22 9 7
22 20 10
22 45 9
22 49 5
22 68 2
22 83 9
22 89 8
23 51 10
23 60 9
23 85 7
23 95 8
23 97 10
24 6 2
24 22 5
24 48 8
24 50 4
24 60 11
24 73 9
24 75 3
25 3 5
25 9 6
25 56 10
25 62 3
25 71 5
25 76 2
26 8 6
26 28 6
26 48 4
26 68 7
26 72 10
26 86 4
26 94 9
26 98 7
27 38 10
27 47 10
27 51 2
27 68 1
27 87 5
28 2 1
28 13 5
28 38 2
28 39 2
28 43 8
28 50 8
28 55 4
28 72 4
28 80 10
29 0 1
29 26 4
29 37 4
29 53 3
29 56 11
29 73 2
29 79 5
29 88 2
29 90 6
29 91 3
29 94 2
30 19 4
30 23 11
30 51 11
30 54 8
30 77 7
31 9 4
31 11 1
31 26 2
31 30 9
31 32 6
31 48 10
31 51 11
31 52 6
31 55 7
31 67 7
31 80 9
31 85 5
31 99 5
32 1 4
32 14 3
32 25 7
32 26 6
32 46 7
32 59 8
32 64 2
32 73 9
32 78 5
32 87 6
32 98 3
33 0 10
33 16 8
33 17 8
33 20 8
33 26 5
33 29 2
33 38 7
33 41 5
33 53 2
33 80 11
33 94 5
33 97 5
34 30 5
34 38 6
34 39 9
34 43 4
34 47 3
34 54 6
34 59 11
34 69 7
34 72 10
34 76 10
34 90 10
35 28 7
35 35 8
35 49 7
35 55 9
35 57 4
35 65 2
35 68 6
35 70 4
36 40 7
36 48 6
36 55 4
36 56 1
36 59 7
36 61 8
36 76 10
36 84 10
36 88 7
37 24 9
37 33 10
37 38 1
37 66 2
37 87 10
37 88 4
38 2 5
38 8 2
38 36 3
38 51 5
38 60 4
38 62 9
38 67 9
38 69 5
38 84 7
38 85 7
38 90 9
39 2 10
39 31 10
39 48 5
39 56 3
39 58 7
39 65 7
39 75 3
39 90 2
39 92 3
39 99 4
40 13 2
40 14 3
40 27 3
40 41 3
40 49 2
40 64 9
40 68 10
40 80 5
40 93 4
40 97 7
41 10 9
41 25 4
41 35 1
41 51 2
41 57 8
41 59 3
41 63 8
41 88 7
41 96 8
41 98 2
41 99 10
42 14 9
42 35 11
42 37 3
42 62 6
42 69 11
42 81 8
42 94 1
43 16 8
43 17 5
43 24 7
43 32 2
43 41 5
43 56 5
43 81 7
43 82 6
43 83 8
43 86 7
43 96 6
44 8 8
44 27 7
44 43 6
44 77 4
44 78 9
44 98 6
45 3 9
45 7 1
45 20 10
45 25 11
45 29 10
45 30 1
45 34 2
45 41 3
45 47 5
45 48 7
45 53 6
45 65 11
45 77 6
46 7 10
46 25 2
46 26 4
46 38 5
46 58 6
46 73 8
46 88 8
46 89 6
46 99 3
47 3 4
47 34 6
47 53 9
47 55 6
47 70 9
47 85 6
47 89 7
47 95 2
47 96 8
48 0 3
48 4 9
48 9 7
48 15 7
48 16 2
48 27 3
48 42 4
48 47 5
48 69 5
48 90 10
49 24 6
49 30 2
49 35 2
49 44 7
49 45 6
49 50 6
49 64 11
49 72 7
49 76 3
49 80 4
49 93 6
49 98 7
50 0 3
50 4 3
50 21 1
50 24 4
50 31 9
50 37 3
50 40 4
50 58 10
50 60 1
50 65 3
50 74 9
50 84 5
50 87 11
51 15 4
51 24 7
51 26 10
51 35 11
51 44 8
51 47 2
51 55 9
51 59 6
51 84 8
51 95 6
52 7 5
52 9 5
52 53 1
52 56 2
52 66 10
52 67 5
52 77 2
52 85 8
52 92 3
53 2 3
53 4 2
53 21 1
53 31 8
53 34 5
53 72 3
53 76 6
53 86 3
53 90 9
53 98 6
54 10 9
54 17 10
54 33 2
54 34 8
54 37 8
54 38 7
54 51 3
55 4 5
55 13 4
55 21 5
55 28 8
55 33 2
55 45 6
55 54 10
55 58 4
55 66 11
55 68 11
55 84 10
55 85 4
55 88 7
56 21 6
56 54 11
56 55 3
56 56 3
56 57 4
56 68 4
56 70 3
56 73 3
56 78 10
56 93 6
56 99 4
57 1 2
57 24 10
57 44 1
57 47 9
57 67 4
57 74 7
57 82 6
57 90 5
58 2 9
58 5 5
58 9 5
58 11 2
58 12 4
58 80 10
58 83 1
58 85 10
58 87 6
58 94 2
59 1 5
59 6 6
59 47 2
59 57 1
59 59 7
59 62 5
59 82 9
59 87 3
59 93 8
59 99 4
60 5 2
60 14 8
60 27 4
60 44 7
60 76 4
60 78 7
60 84 10
60 87 8
60 95 3
61 12 2
61 17 10
61 18 11
61 19 10
61 30 8
61 31 7
61 32 2
61 43 3
61 53 3
61 57 2
61 59 3
61 80 1
61 82 9
61 91 4
62 8 4
62 15 6
62 25 3
62 26 6
62 29 1
62 36 2
62 37 9
62 42 6
62 43 1
62 47 3
62 49 5
62 52 11
62 54 9
62 56 8
62 67 2
62 68 1
62 78 9
62 95 1
63 13 9
63 44 6
63 47 1
63 63 4
64 3 8
64 10 9
64 11 6
64 23 11
64 25 6
64 48 4
64 70 5
64 81 9
64 98 7
65 3 4
65 5 10
65 34 7
65 38 8
65 63 4
65 95 4
66 29 3
66 41 8
66 46 1
66 50 2
66 54 3
66 58 5
66 61 11
67 12 5
67 17 5
67 21 9
67 31 8
67 45 1
67 62 8
67 64 4
67 73 9
67 85 5
67 86 6
67 90 4
68 10 4
68 31 2
68 36 9
68 37 9
68 38 4
68 50 8
68 52 1
68 62 4
68 64 8
68 68 10
69 3 3
69 5 3
69 11 1
69 13 10
69 14 9
69 17 7
69 20 3
69 31 5
69 38 4
69 51 2
69 80 6
69 93 8
70 0 9
70 16 11
70 18 10
70 20 10
70 24 9
70 32 4
70 44 4
70 59 7
70 72 5
70 76 6
70 90 4
71 16 8
71 17 10
71 37 3
71 62 7
71 63 7
71 86 4
71 87 3
71 97 4
72 1 4
72 4 8
72 9 10
72 11 6
72 26 5
72 29 7
72 40 3
72 41 10
72 59 4
72 69 5
72 76 6
72 80 4
73 0 7
73 30 5
73 35 9
73 58 9
73 65 2
73 85 10
73 88 1
73 93 4
73 94 11
74 1 9
74 14 3
74 38 6
74 41 7
74 43 7
74 59 8
74 72 5
74 75 7
74 96 4
75 20 5
75 62 7
75 63 7
75 71 3
75 87 7
75 99 11
76 2 10
76 7 1
76 10 2
76 11 5
76 13 3
76 30 5
76 43 2
76 99 5
77 11 10
77 15 10
77 31 10
77 36 6
77 37 4
77 43 10
77 51 7
77 59 5
77 65 4
77 68 9
77 85 3
77 92 2
77 95 8
78 0 5
78 12 2
78 24 8
78 28 3
78 31 10
78 36 5
78 43 6
78 48 2
78 61 2
78 63 3
78 67 3
78 82 11
78 90 3
79 2 7
79 14 8
79 15 7
79 39 1
79 57 9
79 59 5
79 73 10
79 89 4
80 6 3
80 15 9
80 17 9
80 40 10
80 71 2
81 12 7
81 13 7
81 16 5
81 29 5
81 35 8
81 54 3
81 60 3
81 67 4
81 71 5
81 72 5
81 90 10
81 94 9
81 97 10
81 99 6
82 5 9
82 7 1
82 12 9
82 15 3
82 17 3
82 26 8
82 38 6
82 64 2
82 66 9
82 71 2
82 73 5
82 88 7
82 93 2
82 99 8
83 6 1
83 9 5
83 18 4
83 19 3
83 42 5
83 56 2
83 57 2
83 59 7
83 88 7
84 36 5
84 71 7
85 24 6
85 33 6
85 36 6
85 47 1
85 62 7
85 71 6
85 87 2
86 7 5
86 13 7
86 24 3
86 29 9
86 37 3
86 40 3
86 41 7
86 62 8
86 74 7
86 78 11
86 83 6
86 87 5
87 3 4
87 20 4
87 42 5
87 43 5
87 47 6
87 58 8
87 96 6
88 1 6
88 4 4
88 20 5
88 25 6
88 40 3
88 50 5
88 53 3
88 59 6
88 64 9
88 68 8
88 78 6
88 80 10
88 87 3
89 1 6
89 8 9
89 20 8
89 33 8
89 59 2
89 82 9
89 91 7
90 23 5
90 28 2
90 30 5
90 31 6
90 32 2
90 37 11
90 48 2
90 51 4
90 52 10
90 65 5
90 68 3
90 80 3
90 84 8
90 87 11
90 94 3
91 8 6
91 12 2
91 28 9
91 55 5
91 56 9
91 58 7
91 60 1
91 70 10
91 78 9
91 80 2
91 89 4
91 91 2
92 7 1
92 21 1
92 22 4
92 53 5
92 59 9
92 70 11
92 75 4
92 79 7
92 87 9
92 90 9
92 95 5
93 6 8
93 15 10
93 19 1
93 26 2
93 31 9
93 33 3
93 43 9
93 45 8
93 53 8
93 54 10
93 71 5
93 73 5
94 2 6
94 11 5
94 21 4
94 22 6
94 23 9
94 25 10
94 34 7
94 40 9
94 46 9
94 50 6
94 53 7
94 59 2
94 63 7
94 68 4
94 70 3
94 82 4
94 83 7
95 29 6
95 34 11
95 38 6
95 40 8
95 44 2
95 49 4
95 50 4
95 52 10
95 60 2
95 64 2
96 10 2
96 12 10
96 22 2
96 33 4
96 55 10
96 66 11
96 75 9
96 79 3
96 86 5
96 93 8
96 99 4
97 0 9
97 16 6
97 24 3
97 27 6
97 33 3
97 59 9
97 66 9
98 18 4
98 29 9
98 32 11
98 35 9
98 36 2
98 40 9
98 48 4
98 52 9
98 78 3
98 93 10
99 2 3
99 8 2
99 11 11
99 38 8
99 50 8
99 56 6
99 58 10
99 66 6
99 80 6
99 96 8
99 98 5