66
0 1 1
0 2 1
0 3 1
1 4 1
1 5 1
1 6 1
4 7 1
4 8 1
4 9 1
7 10 1
7 11 1
7 12 2
10 13 2
10 14 2
10 15 2
13 16 2
13 17 2
13 18 2
16 19 2
16 20 2
16 21 2
19 22 2
19 23 3
19 24 3
22 25 3
22 26 3
22 27 3
25 28 3
25 29 3
25 30 3
28 31 3
28 32 3
28 33 3
31 34 4
31 35 4
31 36 4
34 37 4
34 38 4
34 39 4
37 40 4
37 41 4
37 42 4
40 43 4
40 44 4
40 45 5
43 46 6
43 47 7
43 48 8
46 49 9
46 50 10
46 51 11
49 52 12
49 53 13
49 54 14
52 55 15
52 56 5
52 57 6
55 58 7
55 59 8
55 60 9
58 61 10
58 62 11
58 63 12
61 0 13
61 64 14
61 65 15