100
0 2 17.0
0 3 79.0
0 5 17.0
0 6 22.0
0 8 22.0
0 9 82.0
0 11 21.0
0 12 21.0
0 16 71.0
0 17 22.0
0 18 72.0
0 19 83.0
0 21 77.0
0 22 13.0
0 23 76.0
0 24 23.0
0 25 30.0
0 26 87.0
0 27 82.0
0 28 70.0
0 30 86.0
0 31 20.0
0 34 25.0
0 35 20.0
0 36 13.0
0 37 26.0
0 38 78.0
0 39 17.0
0 42 79.0
0 45 82.0
0 48 78.0
0 51 14.0
0 56 90.0
0 58 21.0
0 60 17.0
0 61 79.0
0 64 78.0
0 65 14.0
0 68 16.0
0 70 81.0
0 73 28.0
0 74 26.0
0 75 20.0
0 76 72.0
0 77 94.0
0 79 19.0
0 81 22.0
0 82 23.0
0 85 79.0
0 87 85.0
0 88 81.0
0 89 84.0
0 90 11.0
0 93 26.0
0 94 17.0
0 95 80.0
0 97 18.0
0 98 28.0
0 99 16.0
1 2 21.0
1 4 75.0
1 5 20.0
1 6 24.0
1 7 15.0
1 9 22.0
1 11 14.0
1 13 15.0
1 14 80.0
1 15 84.0
1 16 21.0
1 17 19.0
1 19 85.0
1 20 77.0
1 24 84.0
1 25 20.0
1 26 20.0
1 29 17.0
1 30 13.0
1 31 31.0
1 33 90.0
1 34 76.0
1 35 80.0
1 36 18.0
1 37 22.0
1 38 15.0
1 40 84.0
1 44 78.0
1 45 75.0
1 48 75.0
1 49 84.0
1 54 15.0
1 55 18.0
1 56 80.0
1 58 15.0
1 60 11.0
1 61 21.0
1 62 83.0
1 63 26.0
1 65 76.0
1 66 22.0
1 69 19.0
1 70 85.0
1 72 20.0
1 73 78.0
1 74 80.0
1 75 78.0
1 76 78.0
1 78 18.0
1 80 77.0
1 82 74.0
1 84 16.0
1 86 83.0
1 87 22.0
1 89 14.0
1 90 26.0
1 91 22.0
1 93 21.0
1 97 18.0
1 98 28.0
2 3 75.0
2 4 35.0
2 5 77.0
2 7 84.0
2 9 71.0
2 10 24.0
2 11 19.0
2 13 21.0
2 14 74.0
2 20 83.0
2 21 27.0
2 23 77.0
2 24 80.0
2 25 68.0
2 26 24.0
2 27 29.0
2 29 78.0
2 31 30.0
2 32 77.0
2 33 85.0
2 34 73.0
2 35 22.0
2 37 77.0
2 39 23.0
2 40 17.0
2 41 75.0
2 46 30.0
2 47 22.0
2 48 77.0
2 49 76.0
2 50 17.0
2 51 87.0
2 54 18.0
2 56 34.0
2 57 25.0
2 58 79.0
2 59 14.0
2 60 19.0
2 61 84.0
2 64 14.0
2 65 77.0
2 67 30.0
2 68 76.0
2 69 75.0
2 70 17.0
2 71 21.0
2 72 79.0
2 73 30.0
2 74 79.0
2 75 87.0
2 76 18.0
2 78 16.0
2 79 80.0
2 80 88.0
2 81 89.0
2 82 22.0
2 83 26.0
2 84 80.0
2 85 83.0
2 87 80.0
2 89 79.0
2 90 87.0
2 91 65.0
2 92 20.0
2 93 11.0
2 94 22.0
2 95 79.0
2 96 20.0
2 98 20.0
2 99 19.0
3 4 17.0
3 5 92.0
3 6 14.0
3 7 80.0
3 9 11.0
3 11 84.0
3 12 68.0
3 14 19.0
3 15 83.0
3 16 77.0
3 21 84.0
3 22 18.0
3 23 26.0
3 24 75.0
3 25 80.0
3 26 84.0
3 27 14.0
3 28 14.0
3 29 19.0
3 31 19.0
3 32 24.0
3 33 83.0
3 34 24.0
3 35 20.0
3 40 25.0
3 41 82.0
3 42 83.0
3 43 15.0
3 44 84.0
3 46 74.0
3 48 23.0
3 49 80.0
3 51 72.0
3 52 89.0
3 53 32.0
3 55 74.0
3 57 84.0
3 58 73.0
3 61 20.0
3 62 21.0
3 63 17.0
3 65 25.0
3 67 86.0
3 68 18.0
3 70 75.0
3 71 82.0
3 73 7.0
3 74 22.0
3 77 22.0
3 78 28.0
3 79 18.0
3 80 82.0
3 81 14.0
3 82 15.0
3 83 75.0
3 84 76.0
3 86 74.0
3 88 18.0
3 89 72.0
3 90 79.0
3 91 84.0
3 93 80.0
3 94 77.0
3 95 82.0
3 96 25.0
3 98 11.0
3 99 9.0
4 5 19.0
4 7 10.0
4 8 19.0
4 9 8.0
4 11 80.0
4 12 85.0
4 13 20.0
4 14 71.0
4 15 28.0
4 16 76.0
4 20 74.0
4 21 15.0
4 24 19.0
4 25 18.0
4 29 77.0
4 31 76.0
4 32 12.0
4 34 22.0
4 36 30.0
4 37 84.0
4 38 18.0
4 39 81.0
4 42 89.0
4 45 16.0
4 48 10.0
4 51 16.0
4 52 21.0
4 53 84.0
4 54 20.0
4 56 19.0
4 57 26.0
4 59 21.0
4 60 27.0
4 62 24.0
4 63 80.0
4 64 23.0
4 66 78.0
4 67 85.0
4 70 79.0
4 72 21.0
4 73 79.0
4 74 21.0
4 76 26.0
4 80 21.0
4 81 77.0
4 82 18.0
4 83 88.0
4 84 15.0
4 85 34.0
4 86 20.0
4 87 73.0
4 88 75.0
4 90 90.0
4 91 20.0
4 92 77.0
4 95 69.0
4 97 26.0
4 98 10.0
5 6 77.0
5 7 13.0
5 8 73.0
5 9 74.0
5 10 77.0
5 11 29.0
5 12 22.0
5 15 24.0
5 16 19.0
5 21 21.0
5 23 81.0
5 24 83.0
5 25 11.0
5 26 23.0
5 29 25.0
5 30 25.0
5 32 77.0
5 33 15.0
5 34 78.0
5 37 81.0
5 41 76.0
5 42 77.0
5 43 19.0
5 47 27.0
5 48 22.0
5 51 15.0
5 52 86.0
5 53 24.0
5 54 19.0
5 56 22.0
5 57 18.0
5 59 77.0
5 60 74.0
5 61 79.0
5 62 80.0
5 63 14.0
5 64 81.0
5 65 22.0
5 66 78.0
5 68 24.0
5 70 21.0
5 71 86.0
5 73 18.0
5 75 78.0
5 77 81.0
5 78 21.0
5 79 30.0
5 80 82.0
5 81 17.0
5 84 26.0
5 85 22.0
5 87 75.0
5 88 78.0
5 89 20.0
5 94 12.0
5 95 82.0
5 96 20.0
5 99 23.0
6 7 17.0
6 9 18.0
6 11 80.0
6 12 78.0
6 14 19.0
6 15 22.0
6 16 17.0
6 18 74.0
6 19 73.0
6 22 27.0
6 23 77.0
6 24 77.0
6 27 77.0
6 28 81.0
6 29 17.0
6 30 85.0
6 31 82.0
6 34 82.0
6 35 20.0
6 36 83.0
6 37 22.0
6 38 19.0
6 42 21.0
6 45 18.0
6 46 73.0
6 48 25.0
6 49 23.0
6 53 22.0
6 54 28.0
6 55 86.0
6 57 21.0
6 58 82.0
6 59 15.0
6 61 79.0
6 62 83.0
6 63 79.0
6 65 17.0
6 67 73.0
6 68 86.0
6 69 25.0
6 71 24.0
6 72 79.0
6 73 82.0
6 74 78.0
6 76 76.0
6 78 25.0
6 79 83.0
6 80 17.0
6 83 16.0
6 85 19.0
6 86 32.0
6 88 80.0
6 89 24.0
6 91 88.0
6 95 83.0
6 98 73.0
6 99 76.0
7 8 26.0
7 9 88.0
7 11 81.0
7 12 76.0
7 13 28.0
7 14 78.0
7 15 26.0
7 16 80.0
7 17 17.0
7 19 83.0
7 20 22.0
7 22 22.0
7 23 83.0
7 24 24.0
7 25 24.0
7 26 78.0
7 27 16.0
7 28 79.0
7 29 13.0
7 31 6.0
7 32 23.0
7 34 81.0
7 35 86.0
7 36 75.0
7 41 70.0
7 46 79.0
7 47 19.0
7 49 19.0
7 50 16.0
7 52 90.0
7 53 24.0
7 54 29.0
7 55 73.0
7 57 86.0
7 59 23.0
7 60 30.0
7 61 28.0
7 63 20.0
7 64 16.0
7 65 83.0
7 67 15.0
7 68 16.0
7 70 83.0
7 71 81.0
7 72 15.0
7 73 81.0
7 74 19.0
7 75 23.0
7 76 21.0
7 77 10.0
7 78 87.0
7 79 76.0
7 80 78.0
7 81 85.0
7 82 84.0
7 84 76.0
7 85 16.0
7 87 83.0
7 88 79.0
7 89 75.0
7 91 23.0
7 92 76.0
7 95 79.0
7 96 86.0
7 97 79.0
7 98 25.0
7 99 74.0
8 9 82.0
8 10 78.0
8 12 25.0
8 14 71.0
8 15 19.0
8 17 15.0
8 18 31.0
8 19 82.0
8 20 22.0
8 21 20.0
8 23 84.0
8 24 15.0
8 25 17.0
8 26 18.0
8 27 84.0
8 35 15.0
8 37 82.0
8 38 82.0
8 40 73.0
8 41 82.0
8 42 13.0
8 44 12.0
8 46 78.0
8 47 22.0
8 48 81.0
8 49 23.0
8 52 76.0
8 53 24.0
8 54 16.0
8 57 78.0
8 58 77.0
8 59 25.0
8 60 80.0
8 65 77.0
8 67 21.0
8 68 15.0
8 69 81.0
8 70 16.0
8 72 83.0
8 73 16.0
8 74 20.0
8 76 19.0
8 78 80.0
8 79 23.0
8 80 82.0
8 81 78.0
8 85 72.0
8 86 77.0
8 89 18.0
8 90 31.0
8 91 78.0
8 93 80.0
8 94 78.0
8 95 15.0
8 97 78.0
8 99 71.0
9 10 74.0
9 12 86.0
9 13 91.0
9 15 17.0
9 17 19.0
9 18 21.0
9 20 20.0
9 22 25.0
9 23 22.0
9 24 23.0
9 25 80.0
9 26 18.0
9 27 72.0
9 29 24.0
9 30 22.0
9 31 73.0
9 32 19.0
9 34 78.0
9 36 14.0
9 37 14.0
9 40 81.0
9 42 79.0
9 43 78.0
9 44 15.0
9 46 9.0
9 47 26.0
9 48 83.0
9 50 86.0
9 51 81.0
9 54 82.0
9 55 15.0
9 59 20.0
9 60 87.0
9 61 20.0
9 62 77.0
9 63 13.0
9 64 21.0
9 65 77.0
9 66 85.0
9 67 74.0
9 68 20.0
9 71 77.0
9 72 85.0
9 73 80.0
9 74 28.0
9 75 20.0
9 76 17.0
9 79 80.0
9 80 16.0
9 82 19.0
9 84 82.0
9 85 12.0
9 86 89.0
9 87 25.0
9 88 16.0
9 90 80.0
9 91 21.0
9 93 13.0
9 95 77.0
9 96 78.0
9 97 22.0
9 99 78.0
10 14 77.0
10 16 79.0
10 17 21.0
10 18 17.0
10 19 18.0
10 20 77.0
10 21 84.0
10 24 81.0
10 26 74.0
10 28 76.0
10 29 80.0
10 30 89.0
10 31 17.0
10 32 81.0
10 35 79.0
10 36 84.0
10 37 78.0
10 39 72.0
10 40 26.0
10 42 76.0
10 43 68.0
10 45 18.0
10 46 74.0
10 47 14.0
10 48 25.0
10 49 74.0
10 50 86.0
10 51 8.0
10 54 78.0
10 55 80.0
10 56 10.0
10 57 29.0
10 58 87.0
10 61 80.0
10 62 83.0
10 63 20.0
10 64 22.0
10 68 26.0
10 71 8.0
10 74 86.0
10 75 80.0
10 76 20.0
10 77 23.0
10 80 78.0
10 81 85.0
10 82 18.0
10 83 72.0
10 84 79.0
10 87 76.0
10 88 28.0
10 89 75.0
10 90 76.0
10 91 12.0
10 92 85.0
10 93 88.0
10 94 13.0
10 97 17.0
10 98 79.0
10 99 85.0
11 12 82.0
11 15 22.0
11 16 80.0
11 18 80.0
11 19 82.0
11 20 29.0
11 25 14.0
11 26 15.0
11 30 18.0
11 31 77.0
11 32 82.0
11 33 80.0
11 34 78.0
11 38 20.0
11 40 81.0
11 42 25.0
11 44 18.0
11 45 20.0
11 46 20.0
11 47 24.0
11 48 85.0
11 52 17.0
11 53 79.0
11 54 29.0
11 56 20.0
11 58 27.0
11 59 19.0
11 60 76.0
11 62 84.0
11 63 77.0
11 64 77.0
11 66 13.0
11 68 25.0
11 69 27.0
11 70 83.0
11 71 22.0
11 73 79.0
11 74 77.0
11 75 86.0
11 76 19.0
11 78 84.0
11 79 79.0
11 81 21.0
11 82 17.0
11 84 20.0
11 87 15.0
11 92 73.0
11 93 22.0
11 94 83.0
11 96 17.0
11 98 20.0
12 15 78.0
12 16 22.0
12 18 20.0
12 19 84.0
12 20 18.0
12 22 77.0
12 23 12.0
12 26 19.0
12 27 74.0
12 28 79.0
12 29 83.0
12 30 18.0
12 31 91.0
12 32 21.0
12 36 80.0
12 37 81.0
12 38 79.0
12 40 27.0
12 43 21.0
12 45 23.0
12 46 79.0
12 47 12.0
12 51 27.0
12 53 13.0
12 54 85.0
12 55 87.0
12 56 28.0
12 57 21.0
12 58 22.0
12 60 18.0
12 61 16.0
12 62 78.0
12 63 17.0
12 66 84.0
12 69 88.0
12 71 28.0
12 72 84.0
12 76 81.0
12 78 83.0
12 79 15.0
12 81 24.0
12 83 75.0
12 85 85.0
12 86 86.0
12 87 77.0
12 88 22.0
12 89 14.0
12 90 18.0
12 91 75.0
12 92 20.0
12 95 72.0
12 97 76.0
13 14 9.0
13 17 8.0
13 19 84.0
13 24 11.0
13 25 21.0
13 27 81.0
13 28 22.0
13 29 16.0
13 32 21.0
13 33 80.0
13 34 81.0
13 35 25.0
13 36 20.0
13 37 24.0
13 38 79.0
13 40 17.0
13 44 17.0
13 45 12.0
13 47 13.0
13 48 81.0
13 51 75.0
13 52 21.0
13 53 78.0
13 54 28.0
13 56 81.0
13 62 83.0
13 63 21.0
13 64 83.0
13 65 9.0
13 67 17.0
13 69 7.0
13 70 18.0
13 72 86.0
13 73 80.0
13 74 24.0
13 75 22.0
13 76 15.0
13 78 82.0
13 80 87.0
13 82 89.0
13 84 84.0
13 85 76.0
13 86 82.0
13 87 26.0
13 88 84.0
13 89 25.0
13 94 79.0
13 95 15.0
13 97 26.0
14 19 78.0
14 20 75.0
14 22 84.0
14 23 82.0
14 24 69.0
14 26 20.0
14 27 71.0
14 28 73.0
14 30 84.0
14 33 27.0
14 34 13.0
14 35 20.0
14 38 83.0
14 39 80.0
14 41 15.0
14 42 77.0
14 44 84.0
14 47 19.0
14 48 18.0
14 49 77.0
14 50 78.0
14 51 22.0
14 52 78.0
14 53 80.0
14 55 78.0
14 56 13.0
14 58 24.0
14 60 20.0
14 62 28.0
14 63 15.0
14 64 78.0
14 65 24.0
14 67 15.0
14 68 18.0
14 69 19.0
14 70 77.0
14 72 83.0
14 73 76.0
14 74 17.0
14 76 20.0
14 77 80.0
14 78 84.0
14 79 22.0
14 81 9.0
14 83 76.0
14 84 89.0
14 89 16.0
14 90 74.0
14 94 19.0
14 95 81.0
14 96 12.0
14 97 83.0
14 98 69.0
15 16 85.0
15 17 13.0
15 18 85.0
15 21 88.0
15 22 17.0
15 23 24.0
15 25 85.0
15 26 74.0
15 27 26.0
15 30 73.0
15 32 18.0
15 34 81.0
15 35 82.0
15 36 24.0
15 37 13.0
15 38 84.0
15 39 80.0
15 41 80.0
15 43 18.0
15 44 86.0
15 45 81.0
15 46 82.0
15 48 22.0
15 49 62.0
15 52 23.0
15 53 27.0
15 56 19.0
15 59 21.0
15 61 82.0
15 64 79.0
15 65 19.0
15 66 30.0
15 68 26.0
15 69 23.0
15 70 21.0
15 71 25.0
15 72 23.0
15 73 84.0
15 76 14.0
15 77 19.0
15 78 13.0
15 79 22.0
15 80 19.0
15 82 25.0
15 83 18.0
15 84 20.0
15 85 11.0
15 87 17.0
15 88 20.0
15 90 25.0
15 93 20.0
15 94 30.0
15 95 23.0
15 96 21.0
15 97 80.0
15 98 16.0
15 99 89.0
16 17 28.0
16 18 79.0
16 19 84.0
16 20 73.0
16 22 27.0
16 23 93.0
16 24 19.0
16 25 85.0
16 30 25.0
16 32 79.0
16 33 77.0
16 35 25.0
16 37 13.0
16 38 16.0
16 39 73.0
16 40 14.0
16 41 77.0
16 42 80.0
16 47 23.0
16 48 79.0
16 49 79.0
16 50 23.0
16 51 17.0
16 52 78.0
16 53 13.0
16 54 23.0
16 56 83.0
16 57 74.0
16 58 19.0
16 59 19.0
16 62 79.0
16 63 80.0
16 64 21.0
16 67 78.0
16 68 81.0
16 70 11.0
16 71 19.0
16 73 97.0
16 74 17.0
16 76 77.0
16 77 74.0
16 79 23.0
16 80 29.0
16 83 79.0
16 85 85.0
16 86 24.0
16 87 76.0
16 88 78.0
16 91 17.0
16 92 83.0
16 93 81.0
16 94 76.0
16 95 75.0
16 97 80.0
16 98 16.0
16 99 84.0
17 18 20.0
17 19 80.0
17 21 24.0
17 22 22.0
17 23 25.0
17 24 73.0
17 25 24.0
17 26 79.0
17 27 26.0
17 29 83.0
17 31 20.0
17 32 86.0
17 33 22.0
17 35 81.0
17 37 75.0
17 38 12.0
17 40 76.0
17 41 79.0
17 45 23.0
17 47 85.0
17 48 85.0
17 49 85.0
17 50 23.0
17 52 76.0
17 53 25.0
17 54 82.0
17 55 79.0
17 56 83.0
17 57 80.0
17 59 14.0
17 61 79.0
17 62 80.0
17 63 26.0
17 64 18.0
17 65 14.0
17 66 85.0
17 67 18.0
17 68 73.0
17 69 77.0
17 71 16.0
17 72 26.0
17 73 92.0
17 77 81.0
17 78 18.0
17 81 72.0
17 82 80.0
17 83 80.0
17 85 17.0
17 86 24.0
17 88 22.0
17 89 72.0
17 90 89.0
17 91 23.0
17 92 18.0
17 94 25.0
17 95 30.0
17 96 25.0
17 97 13.0
17 98 79.0
17 99 85.0
18 20 79.0
18 21 14.0
18 22 82.0
18 24 26.0
18 25 30.0
18 26 17.0
18 29 20.0
18 31 82.0
18 32 85.0
18 35 15.0
18 36 70.0
18 37 23.0
18 38 18.0
18 39 7.0
18 40 17.0
18 41 74.0
18 42 87.0
18 43 75.0
18 46 11.0
18 47 19.0
18 49 78.0
18 50 87.0
18 51 86.0
18 54 30.0
18 55 77.0
18 57 85.0
18 58 22.0
18 59 76.0
18 60 17.0
18 61 93.0
18 62 79.0
18 63 81.0
18 67 82.0
18 68 12.0
18 69 79.0
18 70 18.0
18 71 81.0
18 72 85.0
18 73 87.0
18 74 82.0
18 76 78.0
18 77 81.0
18 79 18.0
18 81 78.0
18 82 25.0
18 83 16.0
18 84 87.0
18 86 23.0
18 87 26.0
18 88 81.0
18 89 76.0
18 90 14.0
18 91 19.0
18 92 78.0
18 93 81.0
18 94 87.0
18 96 11.0
18 99 75.0
19 22 75.0
19 25 86.0
19 26 79.0
19 27 19.0
19 28 21.0
19 32 74.0
19 33 81.0
19 34 86.0
19 35 85.0
19 37 70.0
19 38 82.0
19 39 71.0
19 41 17.0
19 43 76.0
19 44 91.0
19 45 19.0
19 46 15.0
19 47 20.0
19 48 28.0
19 49 85.0
19 50 85.0
19 51 86.0
19 52 34.0
19 53 76.0
19 54 79.0
19 57 80.0
19 58 79.0
19 59 26.0
19 60 83.0
19 61 19.0
19 63 76.0
19 64 13.0
19 65 87.0
19 66 80.0
19 68 16.0
19 69 11.0
19 70 15.0
19 71 76.0
19 72 78.0
19 73 23.0
19 76 24.0
19 78 80.0
19 79 72.0
19 81 78.0
19 82 79.0
19 83 73.0
19 84 28.0
19 85 14.0
19 86 25.0
19 87 23.0
19 88 81.0
19 89 22.0
19 91 18.0
19 94 19.0
19 95 89.0
19 97 11.0
19 99 26.0
20 21 17.0
20 22 80.0
20 24 78.0
20 25 84.0
20 27 77.0
20 31 79.0
20 32 87.0
20 33 22.0
20 35 79.0
20 36 86.0
20 37 23.0
20 38 79.0
20 40 89.0
20 41 83.0
20 42 23.0
20 43 83.0
20 44 19.0
20 45 85.0
20 46 23.0
20 47 18.0
20 49 27.0
20 50 21.0
20 51 80.0
20 52 18.0
20 54 16.0
20 55 19.0
20 58 84.0
20 59 22.0
20 60 14.0
20 61 25.0
20 62 79.0
20 63 11.0
20 64 77.0
20 65 76.0
20 66 81.0
20 67 78.0
20 68 82.0
20 69 23.0
20 70 20.0
20 73 25.0
20 74 19.0
20 75 82.0
20 76 82.0
20 77 19.0
20 78 83.0
20 79 84.0
20 82 83.0
20 83 16.0
20 84 16.0
20 85 22.0
20 86 74.0
20 88 87.0
20 90 73.0
20 91 78.0
20 92 85.0
20 95 80.0
20 96 17.0
20 98 71.0
21 23 13.0
21 24 82.0
21 25 80.0
21 26 17.0
21 28 15.0
21 30 26.0
21 32 77.0
21 33 82.0
21 37 27.0
21 38 21.0
21 39 22.0
21 41 22.0
21 44 18.0
21 45 17.0
21 47 23.0
21 48 19.0
21 49 92.0
21 51 21.0
21 52 84.0
21 53 26.0
21 55 24.0
21 57 17.0
21 59 14.0
21 60 22.0
21 61 22.0
21 63 26.0
21 67 22.0
21 74 25.0
21 76 18.0
21 77 13.0
21 78 23.0
21 81 15.0
21 82 77.0
21 83 30.0
21 85 10.0
21 89 86.0
21 90 16.0
21 91 21.0
21 92 86.0
21 93 14.0
21 94 73.0
21 96 67.0
21 97 15.0
21 99 14.0
22 23 79.0
22 24 78.0
22 25 13.0
22 26 18.0
22 27 15.0
22 28 18.0
22 29 22.0
22 30 80.0
22 31 92.0
22 32 20.0
22 34 79.0
22 35 92.0
22 38 25.0
22 39 30.0
22 41 23.0
22 45 25.0
22 46 7.0
22 48 76.0
22 49 10.0
22 50 17.0
22 52 18.0
22 53 21.0
22 55 19.0
22 56 22.0
22 57 16.0
22 58 74.0
22 59 83.0
22 60 13.0
22 62 19.0
22 67 83.0
22 68 77.0
22 69 24.0
22 70 6.0
22 74 82.0
22 75 83.0
22 76 17.0
22 78 84.0
22 79 85.0
22 81 22.0
22 83 74.0
22 85 25.0
22 86 21.0
22 87 12.0
22 88 81.0
22 89 18.0
22 90 21.0
22 93 76.0
22 94 24.0
22 96 21.0
22 98 32.0
22 99 9.0
23 24 8.0
23 25 84.0
23 27 20.0
23 29 76.0
23 30 92.0
23 33 12.0
23 35 80.0
23 38 81.0
23 40 23.0
23 42 25.0
23 43 73.0
23 44 28.0
23 46 20.0
23 47 81.0
23 49 19.0
23 50 13.0
23 51 77.0
23 52 15.0
23 54 26.0
23 55 28.0
23 56 20.0
23 60 27.0
23 62 79.0
23 66 85.0
23 67 27.0
23 68 79.0
23 70 18.0
23 71 81.0
23 72 23.0
23 74 73.0
23 75 84.0
23 76 78.0
23 79 15.0
23 81 79.0
23 83 15.0
23 84 85.0
23 86 74.0
23 87 16.0
23 88 80.0
23 89 78.0
23 90 27.0
23 92 79.0
23 95 80.0
23 97 69.0
23 98 73.0
24 28 23.0
24 30 78.0
24 32 81.0
24 33 23.0
24 34 83.0
24 35 16.0
24 36 85.0
24 38 83.0
24 39 22.0
24 42 77.0
24 43 72.0
24 44 18.0
24 45 15.0
24 48 69.0
24 50 76.0
24 51 84.0
24 52 80.0
24 53 21.0
24 58 86.0
24 60 19.0
24 62 25.0
24 63 24.0
24 65 23.0
24 66 20.0
24 67 15.0
24 69 14.0
24 70 83.0
24 71 78.0
24 74 79.0
24 75 21.0
24 76 20.0
24 77 12.0
24 78 80.0
24 79 81.0
24 82 75.0
24 86 81.0
24 87 75.0
24 88 22.0
24 90 25.0
24 91 78.0
24 93 75.0
24 94 88.0
24 97 74.0
24 98 80.0
25 27 13.0
25 30 83.0
25 31 83.0
25 32 31.0
25 34 21.0
25 35 72.0
25 41 76.0
25 43 20.0
25 44 82.0
25 46 80.0
25 49 77.0
25 51 30.0
25 53 10.0
25 54 21.0
25 56 17.0
25 59 22.0
25 60 89.0
25 61 86.0
25 62 81.0
25 63 77.0
25 64 77.0
25 66 18.0
25 67 16.0
25 68 83.0
25 69 85.0
25 71 28.0
25 72 23.0
25 73 25.0
25 74 15.0
25 75 25.0
25 77 19.0
25 81 75.0
25 82 79.0
25 83 82.0
25 84 82.0
25 86 25.0
25 87 25.0
25 88 21.0
25 90 76.0
25 91 78.0
25 93 13.0
25 94 79.0
25 95 81.0
25 96 77.0
25 97 21.0
25 98 25.0
26 27 82.0
26 30 72.0
26 31 13.0
26 32 75.0
26 33 31.0
26 34 18.0
26 36 13.0
26 37 19.0
26 38 16.0
26 39 21.0
26 40 85.0
26 41 83.0
26 44 16.0
26 45 87.0
26 46 90.0
26 47 23.0
26 48 82.0
26 49 23.0
26 50 17.0
26 54 77.0
26 58 81.0
26 59 79.0
26 60 12.0
26 61 84.0
26 64 83.0
26 65 29.0
26 67 73.0
26 68 89.0
26 69 82.0
26 71 28.0
26 72 25.0
26 74 78.0
26 75 18.0
26 81 78.0
26 82 69.0
26 83 81.0
26 84 86.0
26 85 80.0
26 86 21.0
26 89 22.0
26 90 77.0
26 91 76.0
26 92 76.0
26 93 17.0
26 98 20.0
27 28 77.0
27 29 79.0
27 30 23.0
27 31 24.0
27 34 18.0
27 35 17.0
27 36 79.0
27 41 81.0
27 42 76.0
27 44 79.0
27 45 24.0
27 47 6.0
27 48 84.0
27 49 78.0
27 50 15.0
27 51 19.0
27 52 21.0
27 53 81.0
27 55 24.0
27 56 28.0
27 57 23.0
27 62 85.0
27 63 81.0
27 65 25.0
27 66 82.0
27 67 73.0
27 68 83.0
27 70 27.0
27 73 21.0
27 78 12.0
27 79 20.0
27 80 84.0
27 82 68.0
27 83 81.0
27 85 21.0
27 88 20.0
27 90 82.0
27 91 80.0
27 92 17.0
27 94 82.0
27 97 28.0
27 99 24.0
28 29 82.0
28 32 34.0
28 33 79.0
28 34 82.0
28 36 85.0
28 37 17.0
28 38 91.0
28 39 19.0
28 40 77.0
28 41 22.0
28 44 23.0
28 47 17.0
28 50 21.0
28 51 25.0
28 53 14.0
28 54 75.0
28 55 17.0
28 56 80.0
28 57 82.0
28 60 71.0
28 61 13.0
28 62 11.0
28 66 18.0
28 67 80.0
28 69 75.0
28 71 22.0
28 74 14.0
28 76 21.0
28 78 10.0
28 79 83.0
28 81 76.0
28 83 82.0
28 84 87.0
28 86 12.0
28 87 71.0
28 88 79.0
28 89 85.0
28 91 16.0
28 92 79.0
28 95 80.0
28 96 25.0
28 98 79.0
28 99 8.0
29 30 18.0
29 33 89.0
29 34 71.0
29 35 79.0
29 38 23.0
29 39 16.0
29 40 91.0
29 42 79.0
29 43 21.0
29 44 78.0
29 47 78.0
29 48 23.0
29 49 69.0
29 50 69.0
29 52 25.0
29 55 79.0
29 56 15.0
29 57 30.0
29 58 77.0
29 59 25.0
29 60 24.0
29 61 25.0
29 62 26.0
29 66 23.0
29 67 77.0
29 68 77.0
29 69 80.0
29 72 26.0
29 73 77.0
29 74 68.0
29 75 21.0
29 76 20.0
29 80 25.0
29 81 23.0
29 83 20.0
29 87 80.0
29 89 24.0
29 94 21.0
29 96 22.0
29 97 78.0
29 98 21.0
30 31 12.0
30 32 87.0
30 34 15.0
30 35 18.0
30 36 22.0
30 39 72.0
30 40 22.0
30 41 20.0
30 44 22.0
30 47 85.0
30 48 82.0
30 49 23.0
30 50 19.0
30 51 75.0
30 53 84.0
30 54 84.0
30 55 80.0
30 56 79.0
30 57 20.0
30 58 76.0
30 59 23.0
30 61 77.0
30 64 28.0
30 68 18.0
30 71 80.0
30 72 27.0
30 74 15.0
30 75 18.0
30 79 16.0
30 81 12.0
30 83 74.0
30 84 84.0
30 86 81.0
30 87 23.0
30 89 23.0
30 92 84.0
30 93 16.0
30 96 77.0
30 97 29.0
30 98 79.0
31 32 15.0
31 33 24.0
31 34 80.0
31 35 83.0
31 36 24.0
31 37 81.0
31 38 20.0
31 39 84.0
31 40 24.0
31 43 18.0
31 46 85.0
31 48 75.0
31 49 14.0
31 52 11.0
31 54 18.0
31 55 77.0
31 57 36.0
31 58 17.0
31 63 83.0
31 64 22.0
31 66 79.0
31 68 18.0
31 70 16.0
31 71 20.0
31 72 80.0
31 75 26.0
31 76 86.0
31 77 79.0
31 78 85.0
31 79 76.0
31 80 24.0
31 81 26.0
31 82 86.0
31 85 82.0
31 86 20.0
31 87 16.0
31 89 73.0
31 90 74.0
31 91 11.0
31 92 74.0
31 95 88.0
31 96 20.0
31 98 80.0
31 99 81.0
32 33 71.0
32 35 87.0
32 36 88.0
32 40 81.0
32 42 26.0
32 43 16.0
32 44 25.0
32 45 8.0
32 46 16.0
32 47 83.0
32 48 20.0
32 51 24.0
32 53 72.0
32 54 80.0
32 55 78.0
32 56 16.0
32 57 71.0
32 60 20.0
32 61 13.0
32 62 73.0
32 63 20.0
32 64 27.0
32 65 82.0
32 66 22.0
32 67 19.0
32 68 69.0
32 69 79.0
32 70 75.0
32 71 14.0
32 72 15.0
32 76 26.0
32 77 24.0
32 78 24.0
32 79 76.0
32 80 78.0
32 81 20.0
32 82 20.0
32 83 76.0
32 84 13.0
32 88 77.0
32 89 79.0
32 90 78.0
32 92 69.0
32 94 75.0
32 95 78.0
32 96 18.0
32 97 18.0
32 98 26.0
32 99 13.0
33 34 20.0
33 35 81.0
33 36 86.0
33 37 88.0
33 38 23.0
33 40 15.0
33 44 67.0
33 46 14.0
33 47 23.0
33 50 87.0
33 52 17.0
33 53 27.0
33 54 77.0
33 56 75.0
33 59 84.0
33 60 83.0
33 61 26.0
33 62 82.0
33 64 76.0
33 65 22.0
33 66 22.0
33 67 26.0
33 68 23.0
33 69 5.0
33 71 28.0
33 72 81.0
33 74 19.0
33 75 75.0
33 76 25.0
33 78 18.0
33 79 17.0
33 80 17.0
33 81 69.0
33 82 67.0
33 83 17.0
33 84 27.0
33 85 87.0
33 86 85.0
33 87 20.0
33 88 82.0
33 89 82.0
33 90 84.0
33 92 17.0
33 93 19.0
33 98 21.0
33 99 82.0
34 36 17.0
34 39 77.0
34 40 23.0
34 43 15.0
34 45 80.0
34 47 83.0
34 48 17.0
34 50 81.0
34 52 82.0
34 53 16.0
34 54 23.0
34 60 71.0
34 61 26.0
34 62 85.0
34 63 84.0
34 64 19.0
34 66 71.0
34 67 19.0
34 68 18.0
34 70 13.0
34 71 75.0
34 72 83.0
34 75 75.0
34 76 17.0
34 77 16.0
34 79 20.0
34 80 20.0
34 81 13.0
34 82 22.0
34 85 81.0
34 86 88.0
34 88 80.0
34 90 71.0
34 91 19.0
34 94 17.0
34 95 22.0
34 97 16.0
34 98 83.0
34 99 14.0
35 36 82.0
35 38 15.0
35 40 16.0
35 41 21.0
35 46 21.0
35 47 84.0
35 51 23.0
35 53 73.0
35 56 82.0
35 58 83.0
35 61 16.0
35 62 14.0
35 63 86.0
35 64 77.0
35 66 24.0
35 68 19.0
35 69 9.0
35 71 18.0
35 74 20.0
35 75 16.0
35 78 72.0
35 79 81.0
35 80 82.0
35 81 26.0
35 82 81.0
35 83 19.0
35 85 16.0
35 86 21.0
35 87 87.0
35 88 88.0
35 89 14.0
35 91 24.0
35 93 18.0
35 96 14.0
35 97 85.0
35 98 75.0
35 99 81.0
36 38 79.0
36 40 19.0
36 43 12.0
36 44 77.0
36 45 16.0
36 46 20.0
36 48 81.0
36 49 75.0
36 50 74.0
36 51 31.0
36 52 78.0
36 54 20.0
36 55 82.0
36 56 87.0
36 57 16.0
36 59 23.0
36 60 15.0
36 62 82.0
36 63 28.0
36 64 81.0
36 65 75.0
36 66 27.0
36 67 30.0
36 70 72.0
36 71 21.0
36 72 81.0
36 73 88.0
36 75 30.0
36 76 20.0
36 80 21.0
36 81 20.0
36 82 9.0
36 85 15.0
36 86 15.0
36 89 21.0
36 90 20.0
36 91 82.0
36 92 85.0
36 93 22.0
36 95 75.0
36 96 31.0
36 98 79.0
37 38 76.0
37 39 12.0
37 40 81.0
37 44 14.0
37 45 20.0
37 46 17.0
37 50 14.0
37 51 30.0
37 54 17.0
37 55 21.0
37 56 22.0
37 58 17.0
37 59 82.0
37 60 14.0
37 61 75.0
37 62 83.0
37 63 90.0
37 65 26.0
37 66 17.0
37 69 26.0
37 72 72.0
37 73 26.0
37 76 23.0
37 77 27.0
37 78 84.0
37 80 84.0
37 81 17.0
37 82 72.0
37 83 23.0
37 84 22.0
37 85 22.0
37 86 83.0
37 87 87.0
37 88 80.0
37 89 22.0
37 90 28.0
37 92 74.0
37 94 29.0
37 98 21.0
37 99 78.0
38 44 76.0
38 46 19.0
38 47 24.0
38 48 31.0
38 49 82.0
38 51 81.0
38 52 82.0
38 53 28.0
38 54 30.0
38 55 20.0
38 56 72.0
38 58 16.0
38 60 23.0
38 61 26.0
38 62 80.0
38 63 85.0
38 64 76.0
38 66 79.0
38 67 84.0
38 69 78.0
38 73 88.0
38 74 25.0
38 77 25.0
38 78 77.0
38 81 81.0
38 82 80.0
38 84 22.0
38 85 23.0
38 86 23.0
38 87 23.0
38 89 71.0
38 90 31.0
38 92 81.0
38 93 22.0
38 94 21.0
38 97 5.0
38 98 13.0
38 99 21.0
39 40 82.0
39 41 25.0
39 42 16.0
39 43 82.0
39 44 25.0
39 46 82.0
39 47 26.0
39 49 23.0
39 50 22.0
39 51 27.0
39 53 22.0
39 54 22.0
39 56 16.0
39 57 14.0
39 61 81.0
39 64 84.0
39 65 72.0
39 67 23.0
39 68 80.0
39 69 77.0
39 71 20.0
39 72 18.0
39 73 17.0
39 74 84.0
39 75 73.0
39 76 81.0
39 81 19.0
39 82 89.0
39 84 21.0
39 85 86.0
39 86 33.0
39 87 79.0
39 88 84.0
39 89 28.0
39 90 16.0
39 93 84.0
39 97 73.0
39 99 84.0
40 41 75.0
40 42 20.0
40 44 20.0
40 45 84.0
40 46 80.0
40 48 19.0
40 49 81.0
40 50 26.0
40 51 9.0
40 53 81.0
40 56 78.0
40 61 79.0
40 62 20.0
40 63 19.0
40 64 81.0
40 65 22.0
40 67 79.0
40 69 22.0
40 71 85.0
40 72 19.0
40 73 22.0
40 74 21.0
40 76 76.0
40 77 82.0
40 78 86.0
40 79 78.0
40 80 83.0
40 81 16.0
40 82 85.0
40 85 84.0
40 86 22.0
40 88 22.0
40 89 12.0
40 90 20.0
40 91 27.0
40 96 79.0
40 97 24.0
40 98 8.0
40 99 82.0
41 42 73.0
41 43 19.0
41 45 27.0
41 48 31.0
41 49 19.0
41 50 19.0
41 51 29.0
41 52 9.0
41 53 85.0
41 55 81.0
41 56 87.0
41 57 13.0
41 58 21.0
41 59 82.0
41 63 16.0
41 64 86.0
41 66 17.0
41 68 20.0
41 69 76.0
41 72 75.0
41 73 19.0
41 74 85.0
41 79 16.0
41 82 84.0
41 83 80.0
41 85 18.0
41 86 21.0
41 88 83.0
41 89 77.0
41 90 81.0
41 92 83.0
41 93 75.0
41 94 17.0
41 96 78.0
41 97 16.0
41 99 31.0
42 45 77.0
42 46 79.0
42 47 77.0
42 48 75.0
42 49 18.0
42 50 85.0
42 51 19.0
42 52 20.0
42 57 84.0
42 58 26.0
42 59 11.0
42 60 74.0
42 63 22.0
42 65 81.0
42 66 16.0
42 67 18.0
42 68 25.0
42 76 77.0
42 77 77.0
42 78 87.0
42 80 76.0
42 81 23.0
42 82 71.0
42 83 13.0
42 84 18.0
42 85 22.0
42 89 19.0
42 91 91.0
42 92 75.0
42 96 88.0
42 97 19.0
42 98 20.0
43 44 21.0
43 45 23.0
43 46 15.0
43 47 18.0
43 48 81.0
43 50 22.0
43 52 79.0
43 54 84.0
43 57 81.0
43 58 79.0
43 60 80.0
43 61 78.0
43 62 10.0
43 63 20.0
43 65 23.0
43 66 77.0
43 67 25.0
43 69 28.0
43 70 19.0
43 71 83.0
43 73 81.0
43 74 75.0
43 75 13.0
43 77 82.0
43 78 25.0
43 81 83.0
43 83 15.0
43 84 78.0
43 86 73.0
43 90 78.0
43 91 16.0
43 92 20.0
43 93 82.0
43 95 21.0
43 97 76.0
43 98 82.0
43 99 79.0
44 45 26.0
44 46 18.0
44 47 15.0
44 48 85.0
44 49 27.0
44 50 89.0
44 51 22.0
44 52 67.0
44 53 18.0
44 54 88.0
44 56 83.0
44 57 14.0
44 58 83.0
44 59 84.0
44 60 16.0
44 61 18.0
44 62 23.0
44 63 13.0
44 64 19.0
44 65 17.0
44 67 78.0
44 69 20.0
44 70 76.0
44 71 73.0
44 73 77.0
44 74 18.0
44 75 81.0
44 76 86.0
44 77 83.0
44 80 75.0
44 81 18.0
44 82 86.0
44 83 20.0
44 84 74.0
44 85 30.0
44 87 80.0
44 90 16.0
44 92 72.0
44 93 67.0
44 95 23.0
44 96 80.0
44 97 25.0
44 98 19.0
44 99 24.0
45 46 83.0
45 47 16.0
45 48 70.0
45 50 23.0
45 51 26.0
45 52 29.0
45 53 81.0
45 54 23.0
45 55 20.0
45 58 73.0
45 59 86.0
45 60 23.0
45 61 81.0
45 63 78.0
45 65 13.0
45 66 84.0
45 67 85.0
45 68 87.0
45 69 19.0
45 70 78.0
45 71 74.0
45 73 17.0
45 74 25.0
45 76 79.0
45 77 20.0
45 78 76.0
45 81 28.0
45 83 86.0
45 84 20.0
45 87 15.0
45 88 78.0
45 92 79.0
45 93 30.0
45 94 90.0
45 96 84.0
45 97 85.0
45 98 28.0
45 99 21.0
46 50 26.0
46 51 73.0
46 52 26.0
46 54 78.0
46 55 29.0
46 56 26.0
46 58 81.0
46 59 76.0
46 60 25.0
46 61 90.0
46 62 82.0
46 63 25.0
46 64 81.0
46 65 69.0
46 69 76.0
46 72 84.0
46 74 80.0
46 76 11.0
46 78 19.0
46 82 26.0
46 84 72.0
46 85 79.0
46 86 70.0
46 87 87.0
46 89 83.0
46 91 81.0
46 92 88.0
46 93 21.0
46 94 20.0
46 95 18.0
46 96 28.0
46 99 22.0
47 48 85.0
47 50 15.0
47 53 21.0
47 54 71.0
47 55 21.0
47 56 28.0
47 57 85.0
47 60 75.0
47 61 80.0
47 64 75.0
47 66 23.0
47 67 18.0
47 68 77.0
47 69 18.0
47 70 81.0
47 72 86.0
47 74 18.0
47 75 19.0
47 76 72.0
47 77 25.0
47 78 18.0
47 80 25.0
47 81 21.0
47 82 24.0
47 84 22.0
47 86 80.0
47 87 79.0
47 89 17.0
47 90 83.0
47 91 79.0
47 92 82.0
47 93 78.0
47 95 19.0
47 96 8.0
47 98 81.0
48 49 13.0
48 50 29.0
48 51 28.0
48 52 79.0
48 54 17.0
48 58 78.0
48 59 75.0
48 62 17.0
48 64 27.0
48 65 87.0
48 66 86.0
48 67 11.0
48 68 77.0
48 70 75.0
48 71 84.0
48 72 9.0
48 74 89.0
48 75 79.0
48 77 80.0
48 78 74.0
48 80 26.0
48 81 18.0
48 82 16.0
48 83 82.0
48 84 74.0
48 85 20.0
48 86 68.0
48 88 18.0
48 92 18.0
48 93 88.0
48 94 78.0
48 96 21.0
48 97 82.0
48 99 81.0
49 53 19.0
49 54 81.0
49 55 18.0
49 57 18.0
49 58 77.0
49 59 85.0
49 61 87.0
49 63 78.0
49 64 77.0
49 65 25.0
49 66 11.0
49 67 23.0
49 71 18.0
49 72 83.0
49 73 83.0
49 74 79.0
49 75 77.0
49 76 76.0
49 77 79.0
49 78 77.0
49 80 17.0
49 85 81.0
49 86 81.0
49 88 81.0
49 89 71.0
49 90 83.0
49 91 76.0
49 92 26.0
49 96 33.0
49 97 78.0
49 99 80.0
50 51 19.0
50 52 19.0
50 53 23.0
50 54 83.0
50 56 19.0
50 57 22.0
50 59 19.0
50 61 17.0
50 62 84.0
50 63 23.0
50 64 70.0
50 65 18.0
50 66 90.0
50 67 16.0
50 68 21.0
50 70 24.0
50 71 73.0
50 72 84.0
50 73 18.0
50 74 74.0
50 76 83.0
50 77 20.0
50 78 14.0
50 80 85.0
50 81 77.0
50 82 21.0
50 88 21.0
50 89 18.0
50 90 85.0
50 91 24.0
50 94 78.0
50 98 20.0
51 54 91.0
51 55 89.0
51 56 81.0
51 57 93.0
51 58 20.0
51 59 15.0
51 60 81.0
51 61 85.0
51 64 16.0
51 65 23.0
51 66 64.0
51 67 27.0
51 68 20.0
51 71 82.0
51 72 75.0
51 73 10.0
51 77 19.0
51 78 79.0
51 79 81.0
51 80 23.0
51 81 18.0
51 82 89.0
51 85 82.0
51 86 19.0
51 87 18.0
51 88 78.0
51 89 79.0
51 92 78.0
51 95 87.0
51 96 14.0
51 99 20.0
52 53 85.0
52 55 88.0
52 56 21.0
52 57 91.0
52 58 15.0
52 59 29.0
52 60 80.0
52 61 16.0
52 62 29.0
52 63 73.0
52 65 86.0
52 67 77.0
52 68 15.0
52 69 82.0
52 70 87.0
52 71 19.0
52 72 27.0
52 73 12.0
52 74 13.0
52 75 70.0
52 76 73.0
52 77 20.0
52 79 80.0
52 80 14.0
52 81 27.0
52 83 78.0
52 84 23.0
52 85 17.0
52 86 85.0
52 87 74.0
52 89 80.0
52 90 86.0
52 91 72.0
52 92 89.0
52 94 25.0
52 95 84.0
52 97 18.0
53 55 87.0
53 56 13.0
53 57 11.0
53 61 75.0
53 62 9.0
53 63 72.0
53 64 76.0
53 65 81.0
53 66 9.0
53 67 22.0
53 68 78.0
53 71 80.0
53 72 16.0
53 73 80.0
53 74 23.0
53 77 11.0
53 79 16.0
53 80 89.0
53 81 87.0
53 84 14.0
53 85 80.0
53 88 12.0
53 95 20.0
53 96 17.0
53 97 21.0
53 99 17.0
54 55 21.0
54 56 20.0
54 57 79.0
54 58 21.0
54 60 15.0
54 61 29.0
54 64 23.0
54 65 80.0
54 66 80.0
54 67 32.0
54 69 32.0
54 70 17.0
54 71 24.0
54 74 76.0
54 75 76.0
54 76 26.0
54 77 21.0
54 78 25.0
54 79 26.0
54 81 83.0
54 83 83.0
54 84 33.0
54 86 22.0
54 87 27.0
54 88 7.0
54 89 25.0
54 90 12.0
54 91 80.0
54 93 79.0
54 95 75.0
54 96 82.0
54 98 26.0
54 99 81.0
55 56 81.0
55 57 79.0
55 59 81.0
55 62 84.0
55 64 25.0
55 65 16.0
55 68 75.0
55 69 22.0
55 70 18.0
55 71 78.0
55 75 19.0
55 76 87.0
55 80 32.0
55 81 88.0
55 82 21.0
55 83 23.0
55 84 79.0
55 86 79.0
55 88 83.0
55 89 86.0
55 92 86.0
55 94 87.0
55 95 71.0
55 96 19.0
55 98 24.0
55 99 71.0
56 57 81.0
56 58 84.0
56 60 16.0
56 62 75.0
56 63 71.0
56 64 87.0
56 65 80.0
56 66 19.0
56 67 74.0
56 69 81.0
56 70 78.0
56 71 20.0
56 72 87.0
56 73 72.0
56 76 70.0
56 77 81.0
56 79 21.0
56 80 85.0
56 81 19.0
56 83 84.0
56 84 15.0
56 85 73.0
56 86 78.0
56 88 24.0
56 90 92.0
56 91 79.0
56 92 88.0
56 93 72.0
56 94 22.0
56 95 21.0
56 97 73.0
57 58 17.0
57 60 81.0
57 63 91.0
57 64 14.0
57 65 73.0
57 66 14.0
57 67 80.0
57 69 21.0
57 70 81.0
57 71 80.0
57 72 19.0
57 73 90.0
57 74 70.0
57 75 18.0
57 77 78.0
57 78 15.0
57 79 11.0
57 81 23.0
57 86 20.0
57 87 23.0
57 88 84.0
57 90 79.0
57 91 87.0
57 93 22.0
57 95 77.0
57 97 12.0
57 98 87.0
57 99 84.0
58 59 20.0
58 60 22.0
58 61 17.0
58 65 79.0
58 66 81.0
58 67 24.0
58 68 86.0
58 69 24.0
58 70 17.0
58 71 20.0
58 72 89.0
58 73 82.0
58 76 81.0
58 77 86.0
58 79 90.0
58 80 20.0
58 81 69.0
58 82 74.0
58 85 79.0
58 86 24.0
58 88 83.0
58 91 78.0
58 92 14.0
58 94 75.0
58 95 65.0
58 97 27.0
59 60 13.0
59 61 81.0
59 62 82.0
59 64 85.0
59 66 18.0
59 68 25.0
59 75 90.0
59 76 79.0
59 78 14.0
59 79 81.0
59 80 76.0
59 81 78.0
59 82 83.0
59 83 26.0
59 85 17.0
59 86 75.0
59 88 77.0
59 90 27.0
59 91 17.0
59 92 14.0
59 93 81.0
59 94 73.0
59 96 84.0
59 98 76.0
59 99 15.0
60 61 15.0
60 63 24.0
60 64 24.0
60 66 25.0
60 69 5.0
60 71 76.0
60 73 27.0
60 74 21.0
60 79 18.0
60 83 21.0
60 86 75.0
60 87 81.0
60 90 82.0
60 91 20.0
60 92 81.0
60 93 18.0
60 94 74.0
60 95 79.0
60 97 7.0
60 99 14.0
61 62 13.0
61 66 21.0
61 68 74.0
61 69 90.0
61 70 82.0
61 71 76.0
61 72 82.0
61 73 78.0
61 76 85.0
61 77 82.0
61 79 72.0
61 80 14.0
61 81 17.0
61 84 85.0
61 85 78.0
61 88 23.0
61 91 89.0
61 92 79.0
61 94 88.0
61 95 14.0
61 96 90.0
61 97 24.0
61 98 91.0
62 63 22.0
62 64 76.0
62 65 18.0
62 66 20.0
62 68 80.0
62 70 13.0
62 71 25.0
62 72 24.0
62 76 74.0
62 79 23.0
62 80 76.0
62 82 81.0
62 83 83.0
62 84 22.0
62 85 75.0
62 87 76.0
62 89 11.0
62 90 15.0
62 92 86.0
62 93 81.0
62 96 82.0
62 97 89.0
62 99 84.0
63 64 22.0
63 65 80.0
63 66 18.0
63 67 23.0
63 69 21.0
63 70 23.0
63 71 20.0
63 72 19.0
63 73 91.0
63 74 24.0
63 77 75.0
63 78 79.0
63 81 87.0
63 82 76.0
63 83 76.0
63 87 79.0
63 88 16.0
63 89 17.0
63 90 78.0
63 91 15.0
63 92 81.0
63 95 21.0
63 96 21.0
63 98 81.0
63 99 20.0
64 65 14.0
64 66 80.0
64 67 19.0
64 69 26.0
64 71 69.0
64 73 94.0
64 75 24.0
64 76 6.0
64 78 86.0
64 79 20.0
64 82 20.0
64 83 22.0
64 85 74.0
64 88 83.0
64 89 20.0
64 91 78.0
64 93 82.0
64 95 26.0
64 96 17.0
64 97 83.0
64 99 79.0
65 66 77.0
65 69 74.0
65 70 18.0
65 71 17.0
65 72 95.0
65 73 23.0
65 74 20.0
65 77 78.0
65 78 15.0
65 80 73.0
65 81 8.0
65 84 74.0
65 85 21.0
65 87 77.0
65 88 19.0
65 89 82.0
66 67 80.0
66 68 83.0
66 69 18.0
66 70 84.0
66 71 78.0
66 73 80.0
66 74 80.0
66 77 14.0
66 78 83.0
66 79 75.0
66 81 28.0
66 82 86.0
66 85 23.0
66 86 17.0
66 87 80.0
66 88 23.0
66 89 24.0
66 90 79.0
66 92 20.0
66 94 78.0
66 95 75.0
66 96 82.0
66 97 83.0
66 98 84.0
67 68 79.0
67 69 9.0
67 71 82.0
67 72 85.0
67 73 75.0
67 74 16.0
67 75 82.0
67 76 83.0
67 77 80.0
67 79 84.0
67 80 72.0
67 81 21.0
67 82 19.0
67 83 32.0
67 84 73.0
67 86 75.0
67 87 88.0
67 88 21.0
67 89 83.0
67 92 20.0
67 93 72.0
67 94 31.0
67 96 84.0
67 97 74.0
67 98 83.0
68 71 29.0
68 72 81.0
68 79 74.0
68 81 86.0
68 83 82.0
68 84 79.0
68 87 81.0
68 89 82.0
68 90 22.0
68 92 13.0
68 94 23.0
68 95 79.0
68 96 19.0
68 98 27.0
69 72 19.0
69 73 22.0
69 74 27.0
69 75 91.0
69 77 85.0
69 79 23.0
69 80 29.0
69 81 82.0
69 83 91.0
69 84 84.0
69 86 21.0
69 87 77.0
69 88 28.0
69 89 24.0
69 90 83.0
69 91 20.0
69 94 26.0
69 95 20.0
69 97 84.0
70 71 93.0
70 72 74.0
70 73 25.0
70 74 21.0
70 75 22.0
70 76 22.0
70 86 81.0
70 87 22.0
70 90 81.0
70 91 77.0
70 92 17.0
70 93 78.0
70 94 26.0
70 96 74.0
70 97 85.0
70 98 72.0
70 99 13.0
71 72 85.0
71 73 19.0
71 74 29.0
71 75 77.0
71 76 25.0
71 77 20.0
71 78 13.0
71 80 89.0
71 81 20.0
71 83 80.0
71 85 15.0
71 88 85.0
71 89 18.0
71 91 29.0
71 92 82.0
71 95 76.0
71 97 96.0
71 98 15.0
72 73 83.0
72 75 23.0
72 76 81.0
72 79 20.0
72 80 89.0
72 81 14.0
72 84 79.0
72 88 22.0
72 91 27.0
72 92 23.0
72 93 24.0
72 94 21.0
72 95 76.0
72 96 26.0
72 98 89.0
72 99 23.0
73 75 83.0
73 76 29.0
73 77 74.0
73 78 21.0
73 80 80.0
73 82 23.0
73 83 81.0
73 85 81.0
73 86 82.0
73 87 26.0
73 89 78.0
73 91 32.0
73 92 85.0
73 93 25.0
73 94 79.0
73 95 73.0
73 97 81.0
73 98 76.0
73 99 82.0
74 75 28.0
74 76 16.0
74 78 20.0
74 79 83.0
74 80 19.0
74 81 76.0
74 86 76.0
74 87 24.0
74 88 74.0
74 89 19.0
74 91 92.0
74 92 80.0
74 93 24.0
74 94 80.0
74 95 76.0
74 97 19.0
74 99 22.0
75 77 25.0
75 79 26.0
75 80 77.0
75 81 19.0
75 83 24.0
75 84 77.0
75 86 88.0
75 88 99
75 89 75.0
75 90 13.0
75 91 17.0
75 93 26.0
75 95 22.0
75 96 82.0
75 97 71.0
75 98 18.0
75 99 76.0
76 77 24.0
76 79 83.0
76 82 77.0
76 83 76.0
76 84 77.0
76 85 86.0
76 86 17.0
76 88 26.0
76 89 82.0
76 95 30.0
76 98 89.0
76 99 24.0
77 79 88.0
77 80 15.0
77 82 83.0
77 85 83.0
77 87 70.0
77 90 89.0
77 92 80.0
77 95 77.0
77 97 13.0
78 79 20.0
78 80 78.0
78 84 84.0
78 85 19.0
78 86 16.0
78 88 27.0
78 89 14.0
78 90 28.0
78 91 79.0
78 94 23.0
78 96 79.0
78 98 78.0
78 99 79.0
79 80 76.0
79 81 73.0
79 82 13.0
79 86 23.0
79 87 13.0
79 88 75.0
79 89 83.0
79 91 24.0
79 93 22.0
79 94 20.0
79 95 80.0
79 97 74.0
79 98 87.0
79 99 18.0
80 81 23.0
80 82 79.0
80 84 77.0
80 85 86.0
80 86 78.0
80 87 74.0
80 88 82.0
80 91 19.0
80 92 21.0
80 93 81.0
80 94 23.0
80 95 92.0
80 96 21.0
80 97 82.0
80 99 78.0
81 83 83.0
81 84 85.0
81 85 25.0
81 86 80.0
81 87 19.0
81 88 87.0
81 89 78.0
81 90 79.0
81 91 20.0
81 92 72.0
81 93 21.0
81 95 74.0
81 96 27.0
81 98 77.0
81 99 18.0
82 83 19.0
82 85 16.0
82 86 86.0
82 87 23.0
82 89 80.0
82 90 14.0
82 91 22.0
82 93 20.0
82 94 85.0
82 95 70.0
82 96 26.0
83 84 11.0
83 85 29.0
83 89 79.0
83 90 28.0
83 91 78.0
83 92 26.0
83 94 84.0
83 95 82.0
83 96 77.0
83 97 72.0
83 98 73.0
83 99 83.0
84 87 81.0
84 89 28.0
84 90 78.0
84 91 22.0
84 94 21.0
84 95 87.0
84 96 16.0
84 98 21.0
84 99 83.0
85 86 75.0
85 87 83.0
85 91 81.0
85 92 81.0
85 95 80.0
85 97 82.0
85 98 81.0
85 99 29.0
86 87 73.0
86 88 19.0
86 89 71.0
86 90 20.0
86 94 26.0
86 96 26.0
86 97 77.0
86 98 15.0
86 99 19.0
87 88 89.0
87 90 22.0
87 91 67.0
87 92 81.0
87 93 80.0
87 94 80.0
87 95 79.0
87 96 83.0
87 97 23.0
87 98 79.0
87 99 24.0
88 90 88.0
88 92 83.0
88 93 17.0
88 94 83.0
88 95 78.0
88 96 83.0
88 98 76.0
88 99 21.0
89 90 83.0
89 91 24.0
89 94 82.0
89 95 81.0
89 98 25.0
90 91 84.0
90 92 78.0
90 97 19.0
91 92 16.0
91 93 21.0
91 96 89.0
92 93 81.0
92 94 14.0
92 96 25.0
92 97 81.0
92 98 75.0
92 99 15.0
93 95 29.0
93 96 25.0
93 97 78.0
93 99 38.0
94 95 23.0
94 96 21.0
94 97 80.0
94 98 65.0
94 99 74.0
95 96 79.0
95 99 86.0
96 97 75.0
96 99 76.0
97 99 21.0
98 99 78.0
