100
0 60 15.345
0 9 13.335
1 8 31.805
2 16 2.213
2 75 10.634
2 31 35.328
2 56 90.997
2 74 5.996
3 98 96.185
3 9 8.117
3 64 63.49
3 7 74.313
3 77 77.2
4 63 37.432
5 49 80.508
5 48 53.675
6 57 57.655
6 74 88.584
6 46 69.355
6 11 34.953
7 40 14.182
7 38 95.819
7 98 47.706
8 92 69.742
8 14 16.341
8 23 21.128
8 78 4.478
9 50 28.787
10 72 79.992
10 87 0.789
11 93 32.472
12 19 66.87
12 94 40.836
12 58 2.745
12 82 22.581
13 27 87.298
13 23 29.915
13 47 7.604
13 72 16.167
13 90 58.257
14 19 96.699
14 35 81.207
14 26 30.943
14 53 34.907
15 49 27.038
15 20 91.805
15 94 64.603
15 72 35.383
15 56 77.674
16 67 97.561
16 59 76.563
16 56 36.493
16 24 8.294
17 43 73.263
17 34 58.71
17 40 37.078
18 30 54.968
19 22 16.651
19 56 65.045
19 20 58.55
20 69 98.062
20 84 82.963
21 72 52.137
22 58 49.744
23 46 37.979
23 91 42.211
24 76 72.968
25 31 72.345
25 51 21.315
25 32 19.462
26 92 16.639
26 59 47.164
26 67 72.608
27 97 72.957
27 58 72.688
28 35 26.724
28 69 23.101
28 83 36.347
28 31 65.388
29 88 99.322
29 63 55.015
30 36 1.471
30 90 42.226
31 90 87.889
31 50 35.154
32 42 48.429
32 63 14.435
32 88 14.649
32 53 34.543
33 85 23.088
33 54 3.071
33 71 68.76
34 56 31.838
34 76 91.628
34 55 41.367
35 58 65.071
36 73 19.322
37 84 22.498
37 65 74.926
37 63 39.065
37 85 66.856
38 46 10.925
38 48 13.798
38 84 36.885
39 74 20.172
40 90 65.876
40 58 3.649
40 83 69.231
41 51 69.603
41 90 86.635
41 63 39.04
41 87 45.496
41 70 89.26
42 96 24.386
42 56 49.701
42 75 1.272
43 80 62.258
44 86 92.79
45 54 14.166
46 71 33.834
46 95 34.693
47 77 76.138
47 51 90.742
47 88 92.516
47 98 55.603
47 61 35.627
48 57 30.85
48 62 33.485
49 77 1.292
49 52 51.514
49 75 46.544
49 96 58.819
49 66 50.901
50 62 34.089
50 92 1.86
50 68 93.879
50 76 60.92
51 72 6.485
51 65 22.446
52 91 47.059
52 89 95.758
52 90 88.344
52 60 5.854
52 96 64.451
53 98 58.102
53 86 70.291
53 72 66.14
54 83 36.005
54 90 14.09
54 91 23.087
54 79 37.202
54 97 96.669
55 72 38.098
55 56 30.096
56 80 95.911
56 92 91.4
56 83 40.4
56 67 76.483
57 94 33.154
57 81 33.714
57 73 90.202
57 77 55.841
58 98 98.57
59 71 17.093
60 92 33.542
61 88 86.067
62 94 88.642
63 85 3.399
63 67 24.596
63 75 38.246
63 74 16.836
64 79 60.678
64 87 51.01
64 65 93.725
64 91 71.611
64 78 27.253
65 97 54.026
65 83 51.162
65 99 83.465
66 67 63.497
66 96 12.994
66 90 10.164
66 84 82.483
67 99 47.251
67 91 58.04
67 77 89.094
67 87 5.49
68 73 38.61
68 99 84.21
69 86 17.576
69 87 12.127
69 84 53.003
69 70 42.325
69 75 93.881
70 91 47.761
71 96 7.707
71 85 29.536
71 73 24.309
71 74 10.09
72 95 53.584
72 78 72.808
72 81 58.905
72 87 61.692
73 98 16.853
73 79 65.634
74 82 21.02
74 84 50.78
74 76 23.33
74 81 20.291
74 92 44.379
75 80 22.155
75 81 9.537
75 88 55.723
76 88 44.915
77 83 24.905
77 98 44.129
78 96 42.471
78 90 35.491
78 79 21.245
79 92 0.224
79 99 67.436
80 96 0.979
80 93 0.509
80 97 48.315
80 90 48.036
81 89 80.685
81 82 47.528
81 92 86.206
81 88 85.276
81 95 14.206
82 91 95.236
82 92 94.282
82 93 15.595
83 95 75.441
83 90 16.173
84 86 36.2
84 93 79.41
84 90 37.458
84 96 60.065
85 92 52.145
86 93 90.942
87 88 52.166
87 99 52.563
87 90 63.385
87 91 98.999
87 89 35.786
88 96 52.278
88 92 42.187
88 98 97.707
88 93 5.174
89 94 81.756
89 91 82.955
89 90 2.29
89 96 44.054
90 97 51.014
90 95 31.198
91 99 74.827
91 98 35.657
91 95 77.639
92 95 72.764
92 94 43.156
92 98 92.348
92 93 90.307
92 99 65.108
93 96 14.684
93 95 54.179
93 99 67.028
93 94 37.246