100
0 1 56
0 2 9
1 3 88
1 4 6
2 5 75
2 6 39
3 7 2
3 8 42
4 9 5
4 10 5
5 11 84
5 12 13
6 13 61
6 14 4
7 15 97
7 16 2
8 17 82
8 18 7
9 19 92
9 20 5
10 21 7
10 22 98
11 23 89
11 24 1
12 25 25
12 26 53
13 27 10
13 28 92
14 29 93
14 30 93
15 31 3
15 32 3
16 33 87
16 34 46
17 35 29
17 36 12
18 37 60
18 38 40
19 39 95
19 40 25
20 41 1
20 42 24
21 43 89
21 44 67
22 45 38
22 46 11
23 47 70
23 48 4
24 49 92
24 50 99
25 51 3
25 52 56
26 53 45
26 54 45
27 55 82
27 56 10
28 57 92
28 58 13
29 59 34
29 60 99.999
30 61 0.001
30 62 89
31 63 0.001
31 64 26
32 65 84
32 66 12
33 67 1
33 68 97
34 69 76
34 70 8
35 71 95
35 72 5
36 73 42
36 74 4
37 75 29
37 76 58
38 77 57
38 78 91
39 79 56
39 80 17
40 81 10
40 82 81
41 83 36
41 84 53
42 85 71
42 86 99
43 87 18
43 88 86
44 89 49
44 90 7
45 91 59
45 92 44
46 93 62
46 94 72
47 95 21
47 96 40
48 97 46
48 98 85
49 99 8
