100
0 4 60.5
0 8 78.5
0 10 37.78
0 11 86.97
0 14 62.3
0 15 12.21
0 16 18.04
0 17 63.98
0 18 46.19
0 19 94.89
0 22 83.66
0 23 15.72
0 24 32.76
0 28 59.45
0 30 52.17
0 31 41.81
0 45 67.53
0 52 99.8
0 56 90.09
0 57 81.95
0 58 8.97
0 59 20.27
0 62 65.02
0 63 8.78
0 64 67.28
0 65 55.26
0 66 3.86
0 70 11.79
0 71 46.66
0 72 2.01
0 73 67.66
0 74 57.91
0 75 39.49
0 76 33.83
0 78 32.38
0 80 2.02
0 82 68.92
0 85 62.88
0 86 58.33
0 87 47.86
0 90 19.04
0 91 88.15
0 92 72.43
0 94 71.62
0 95 97.8
1 2 37.39
1 4 89.92
1 8 94.71
1 11 24.96
1 12 12.78
1 13 46.23
1 15 72.37
1 16 97.47
1 17 17.46
1 22 8.05
1 24 94.0
1 27 10.68
1 29 84.85
1 30 9.29
1 31 37.6
1 32 41.88
1 34 7.19
1 37 31.05
1 39 42.48
1 41 1.1
1 42 13.23
1 43 29.72
1 47 48.07
1 49 58.41
1 50 85.65
1 52 95.26
1 53 38.72
1 54 61.81
1 55 91.06
1 56 76.61
1 57 89.21
1 58 82.45
1 62 42.64
1 65 97.92
1 67 99.5
1 68 23.71
1 69 9.53
1 70 86.4
1 71 56.69
1 72 94.54
1 74 90.82
1 75 89.51
1 76 93.28
1 80 17.19
1 81 6.31
1 83 94.29
1 84 46.73
1 87 94.27
1 89 60.5
1 91 22.4
1 92 39.92
1 93 4.79
1 96 49.61
2 4 41.76
2 8 8.98
2 9 27.23
2 10 80.07
2 11 48.99
2 12 51.76
2 13 85.63
2 15 49.15
2 16 71.25
2 17 79.35
2 18 18.85
2 19 42.71
2 20 97.78
2 21 77.4
2 22 79.33
2 23 87.65
2 24 80.16
2 26 26.01
2 27 52.29
2 29 86.54
2 31 78.39
2 32 42.19
2 34 35.17
2 35 50.01
2 36 42.12
2 37 61.48
2 39 40.39
2 42 45.31
2 43 15.15
2 45 9.11
2 50 98.63
2 53 34.86
2 57 80.05
2 58 18.53
2 60 94.8
2 61 10.94
2 63 38.22
2 66 79.73
2 68 42.78
2 69 64.37
2 70 99.53
2 71 17.81
2 72 63.73
2 73 16.37
2 74 96.44
2 77 25.36
2 81 44.28
2 90 19.47
2 93 13.64
2 94 58.98
2 96 75.72
3 5 8.07
3 8 26.51
3 12 35.93
3 13 80.06
3 17 77.58
3 23 47.65
3 26 19.36
3 28 91.88
3 30 6.35
3 31 38.4
3 32 29.14
3 33 10.83
3 34 21.62
3 35 99.05
3 38 91.25
3 39 75.88
3 40 22.39
3 43 18.68
3 44 85.21
3 46 42.66
3 47 15.37
3 48 99.75
3 49 52.84
3 52 21.83
3 55 65.89
3 57 90.12
3 58 1.8
3 61 42.06
3 62 94.69
3 63 44.54
3 64 93.88
3 65 25.3
3 69 98.36
3 70 13.13
3 73 3.75
3 74 75.11
3 79 78.29
3 81 79.13
3 83 50.71
3 84 71.6
3 87 77.55
3 91 20.64
3 93 21.75
3 95 33.75
3 99 88.07
4 6 10.36
4 8 41.62
4 9 92.7
4 10 48.43
4 11 11.79
4 14 44.29
4 16 43.22
4 17 70.83
4 20 78.84
4 21 88.56
4 22 63.26
4 23 80.71
4 24 17.4
4 29 41.93
4 30 73.59
4 35 86.11
4 37 66.79
4 38 56.84
4 42 64.96
4 45 13.8
4 47 60.05
4 49 37.24
4 54 35.8
4 57 59.86
4 58 60.65
4 60 66.55
4 61 90.97
4 63 64.54
4 64 17.11
4 65 55.52
4 68 51.84
4 69 40.49
4 70 89.15
4 73 50.85
4 74 99.6
4 75 98.19
4 76 51.95
4 77 40.93
4 78 96.12
4 79 54.93
4 83 11.4
4 85 3.34
4 86 93.31
4 87 22.04
4 88 30.01
4 89 64.79
4 90 78.01
4 93 38.36
4 99 42.38
5 10 1.82
5 13 73.12
5 17 93.55
5 18 77.11
5 19 70.46
5 20 62.23
5 21 65.99
5 24 83.37
5 25 28.36
5 27 13.95
5 28 13.94
5 30 71.1
5 31 7.47
5 34 98.13
5 35 2.64
5 37 89.17
5 39 94.37
5 44 27.66
5 45 45.14
5 49 12.88
5 50 34.89
5 51 46.87
5 54 68.06
5 55 28.02
5 60 24.08
5 62 43.12
5 63 67.35
5 67 54.97
5 68 93.16
5 69 78.08
5 72 41.23
5 76 32.63
5 77 13.25
5 84 49.33
5 85 62.89
5 86 52.67
5 88 49.24
5 89 3.11
5 90 10.27
5 91 22.7
5 92 52.84
5 93 37.24
5 94 42.41
5 95 5.38
5 96 38.02
5 98 46.12
6 9 16.27
6 11 0.04
6 12 25.56
6 16 31.23
6 17 12.53
6 19 85.52
6 21 95.45
6 22 74.32
6 24 63.32
6 25 31.93
6 26 79.77
6 32 61.92
6 33 84.29
6 37 18.17
6 38 59.21
6 39 30.79
6 41 63.29
6 45 8.26
6 46 3.02
6 47 60.78
6 48 74.3
6 49 15.14
6 50 95.88
6 55 16.28
6 57 25.43
6 59 73.64
6 60 93.22
6 61 21.28
6 62 24.09
6 63 87.89
6 65 81.02
6 71 72.94
6 72 63.25
6 73 17.24
6 78 18.73
6 79 27.82
6 80 26.75
6 82 22.62
6 83 93.37
6 84 81.93
6 86 48.23
6 87 86.01
6 91 86.28
6 92 22.71
6 94 57.37
6 97 65.84
6 98 41.73
7 8 89.44
7 10 86.53
7 12 11.0
7 14 38.39
7 15 59.91
7 16 35.0
7 20 79.95
7 21 97.73
7 22 33.65
7 24 65.62
7 26 7.96
7 27 57.17
7 30 92.88
7 33 37.77
7 34 72.34
7 38 35.42
7 39 56.46
7 46 73.8
7 47 0.56
7 49 45.75
7 51 53.25
7 52 98.52
7 53 54.06
7 56 79.12
7 58 41.95
7 59 75.53
7 60 69.96
7 63 60.99
7 67 1.8
7 68 5.74
7 69 49.88
7 70 45.19
7 73 68.09
7 75 39.99
7 77 48.75
7 79 62.98
7 80 5.29
7 81 11.41
7 89 36.35
7 92 47.61
7 94 65.96
7 95 14.36
7 97 86.91
8 11 29.03
8 13 32.59
8 15 65.12
8 17 68.25
8 18 48.57
8 19 28.89
8 20 58.67
8 22 65.58
8 24 20.34
8 27 35.09
8 28 30.93
8 29 13.92
8 30 66.01
8 31 32.06
8 32 45.06
8 34 37.0
8 35 14.83
8 37 83.18
8 40 67.11
8 42 20.87
8 46 86.82
8 48 15.51
8 49 94.88
8 51 82.46
8 53 51.91
8 54 45.56
8 55 82.27
8 58 40.34
8 59 10.43
8 63 73.15
8 65 60.36
8 66 7.55
8 67 32.83
8 68 82.3
8 69 53.16
8 70 5.54
8 73 72.04
8 78 77.91
8 79 16.84
8 80 56.48
8 85 94.58
8 86 35.81
8 88 15.25
8 89 75.78
8 91 65.31
8 93 36.95
8 96 29.0
8 97 39.09
8 98 53.06
9 11 67.54
9 12 18.32
9 14 55.19
9 15 99.45
9 16 71.58
9 18 20.54
9 22 87.35
9 23 40.67
9 26 8.78
9 27 52.0
9 30 27.78
9 32 10.16
9 33 51.49
9 35 78.45
9 36 37.01
9 37 95.86
9 40 57.67
9 43 56.16
9 45 86.18
9 49 99.48
9 52 80.16
9 55 33.9
9 56 78.2
9 57 45.69
9 58 44.84
9 59 3.8
9 61 87.54
9 63 63.62
9 65 27.99
9 68 7.88
9 72 46.24
9 76 71.2
9 82 0.72
9 85 62.06
9 88 36.48
9 93 35.01
9 98 29.88
9 99 10.51
10 11 26.26
10 12 97.51
10 14 4.27
10 21 81.75
10 23 29.06
10 25 67.19
10 27 35.3
10 29 17.62
10 31 48.33
10 32 13.39
10 34 73.15
10 36 87.72
10 38 53.56
10 40 90.31
10 42 23.01
10 44 54.82
10 45 36.76
10 46 77.59
10 47 81.54
10 48 39.23
10 49 68.67
10 51 18.94
10 54 53.21
10 58 35.88
10 59 92.32
10 60 8.26
10 62 41.01
10 63 10.22
10 64 50.32
10 66 38.8
10 69 11.81
10 73 55.5
10 74 65.89
10 78 66.64
10 81 43.52
10 82 96.96
10 85 85.39
10 89 16.85
10 93 90.31
10 94 45.9
10 98 32.76
11 12 31.22
11 13 57.71
11 14 34.83
11 15 4.9
11 17 53.63
11 18 26.04
11 19 55.75
11 21 14.3
11 22 6.82
11 23 31.63
11 24 3.6
11 26 34.5
11 27 53.45
11 28 66.14
11 29 43.9
11 32 83.02
11 40 6.1
11 43 29.42
11 45 61.8
11 46 76.54
11 47 11.22
11 49 4.29
11 58 47.68
11 59 62.85
11 60 19.01
11 61 93.5
11 63 6.25
11 65 94.18
11 66 10.95
11 67 31.64
11 69 89.44
11 71 13.49
11 72 14.19
11 74 29.57
11 76 92.08
11 77 50.01
11 78 17.13
11 82 52.91
11 83 20.92
11 85 27.47
11 90 0.12
11 92 89.5
11 93 87.44
11 94 10.86
11 95 26.09
11 96 85.56
11 99 38.52
12 16 91.66
12 17 3.02
12 18 24.31
12 20 48.75
12 23 65.13
12 26 81.94
12 27 66.98
12 28 71.77
12 30 82.23
12 31 89.82
12 33 8.15
12 34 56.95
12 36 18.68
12 37 39.49
12 39 82.65
12 40 72.38
12 41 86.35
12 44 83.97
12 45 71.51
12 47 35.36
12 48 96.54
12 51 78.78
12 53 91.97
12 54 22.22
12 55 26.16
12 56 62.52
12 57 1.94
12 59 43.13
12 60 91.84
12 63 39.07
12 64 38.92
12 65 19.61
12 67 67.69
12 71 78.93
12 74 12.95
12 78 32.62
12 80 93.3
12 81 50.02
12 82 61.76
12 87 5.08
12 89 9.29
12 92 99.59
12 93 75.7
12 97 78.98
12 99 25.81
13 14 39.12
13 15 72.08
13 16 10.46
13 17 51.49
13 20 34.21
13 21 68.34
13 22 92.52
13 24 57.03
13 25 88.83
13 27 24.07
13 28 47.75
13 29 50.6
13 32 9.43
13 34 57.29
13 38 81.68
13 39 21.82
13 41 39.69
13 42 83.11
13 44 43.09
13 47 68.36
13 50 21.62
13 52 74.78
13 53 10.66
13 54 17.28
13 57 15.93
13 60 2.35
13 61 15.42
13 62 18.19
13 63 72.59
13 64 1.04
13 65 3.81
13 68 33.36
13 69 28.0
13 70 42.73
13 71 82.39
13 73 66.9
13 75 26.84
13 76 90.29
13 78 59.11
13 80 57.86
13 85 76.34
13 88 67.61
13 90 16.93
13 91 47.24
13 93 49.96
13 94 82.79
13 95 93.6
13 96 92.28
13 97 24.33
13 98 21.97
13 99 31.37
14 16 35.48
14 17 32.6
14 20 46.7
14 22 80.84
14 27 32.62
14 28 15.41
14 29 75.27
14 30 48.65
14 32 49.25
14 33 64.19
14 35 25.95
14 37 9.79
14 42 45.44
14 43 45.52
14 45 42.26
14 46 14.95
14 48 21.57
14 49 55.25
14 50 95.99
14 52 43.22
14 53 71.8
14 55 52.48
14 57 61.69
14 58 27.84
14 59 80.85
14 60 19.34
14 62 70.18
14 63 40.78
14 64 35.85
14 66 48.38
14 67 62.28
14 69 62.81
14 70 30.78
14 71 80.24
14 72 6.95
14 75 8.81
14 78 19.92
14 80 2.96
14 83 69.62
14 84 58.7
14 85 26.62
14 91 71.77
14 93 55.46
14 97 26.61
14 99 22.17
15 16 11.11
15 18 74.58
15 19 22.34
15 25 18.52
15 26 73.6
15 32 83.77
15 33 46.37
15 34 62.51
15 36 84.65
15 38 83.09
15 40 81.91
15 42 92.76
15 46 87.08
15 49 68.11
15 50 64.82
15 53 41.49
15 54 48.05
15 55 94.7
15 58 30.55
15 62 41.48
15 63 21.51
15 68 16.18
15 70 28.99
15 71 80.74
15 74 88.98
15 75 91.03
15 77 0.55
15 79 43.87
15 80 73.52
15 81 60.23
15 82 83.54
15 85 78.79
15 86 34.33
15 91 24.49
15 94 21.44
15 95 68.41
15 99 91.52
16 20 29.61
16 21 74.66
16 22 46.64
16 23 81.7
16 24 96.24
16 26 47.56
16 28 35.91
16 31 94.43
16 33 83.05
16 35 38.75
16 36 15.32
16 37 63.76
16 41 17.89
16 46 36.57
16 47 76.1
16 48 42.59
16 49 58.75
16 51 35.69
16 54 75.95
16 58 29.5
16 59 85.11
16 60 96.24
16 61 21.21
16 62 9.26
16 65 0.54
16 67 31.61
16 69 40.89
16 70 19.89
16 73 3.97
16 74 19.85
16 76 46.64
16 80 73.39
16 81 95.98
16 84 4.43
16 88 66.49
16 89 92.42
16 91 77.89
16 92 3.62
16 94 91.23
16 98 55.13
16 99 67.27
17 19 44.95
17 20 81.96
17 21 83.79
17 22 4.19
17 23 64.38
17 27 42.66
17 29 99.19
17 31 24.88
17 32 84.26
17 36 98.68
17 37 1.01
17 38 87.66
17 39 36.98
17 42 97.65
17 44 89.44
17 48 21.59
17 49 44.07
17 50 17.98
17 51 43.37
17 55 56.02
17 56 48.88
17 57 55.13
17 60 73.29
17 61 14.82
17 64 11.51
17 66 45.08
17 68 83.25
17 70 17.81
17 72 75.45
17 74 8.7
17 75 27.7
17 77 67.25
17 78 68.36
17 80 99.82
17 83 77.0
17 86 60.88
17 87 37.56
17 88 95.63
17 89 36.46
17 90 88.59
17 91 5.38
17 92 81.91
17 93 23.73
17 94 88.11
17 99 55.32
18 22 21.5
18 24 56.05
18 26 36.87
18 27 48.26
18 28 41.38
18 29 43.46
18 30 97.15
18 32 1.86
18 33 65.67
18 35 39.79
18 40 42.99
18 41 82.2
18 44 55.18
18 45 72.73
18 47 56.9
18 48 77.54
18 51 38.3
18 52 6.31
18 54 17.28
18 55 92.23
18 58 82.14
18 59 92.76
18 62 54.37
18 63 55.69
18 64 66.97
18 67 95.09
18 69 43.15
18 71 69.86
18 72 93.12
18 75 35.57
18 78 15.76
18 79 54.22
18 80 34.05
18 81 69.4
18 82 12.57
18 83 94.31
18 86 11.49
18 89 40.14
18 90 67.48
18 91 56.82
18 94 40.27
18 99 70.38
19 20 40.43
19 22 46.84
19 24 50.24
19 29 10.89
19 36 18.43
19 40 27.88
19 42 63.89
19 43 25.62
19 44 97.01
19 46 75.63
19 48 2.71
19 49 72.57
19 52 75.51
19 53 59.35
19 54 26.22
19 55 11.1
19 58 93.14
19 62 59.19
19 63 90.35
19 65 72.41
19 68 3.87
19 70 82.54
19 72 39.58
19 74 68.24
19 76 27.23
19 77 80.64
19 78 22.46
19 82 76.1
19 83 44.47
19 88 48.89
19 90 28.49
19 91 14.16
19 93 43.34
19 94 60.57
19 97 78.75
19 98 82.38
19 99 42.77
20 21 2.87
20 23 66.58
20 24 11.82
20 25 26.31
20 27 3.85
20 29 54.02
20 30 49.33
20 33 9.58
20 36 0.96
20 37 13.19
20 41 12.51
20 43 38.41
20 44 29.67
20 49 62.16
20 51 0.69
20 52 18.15
20 53 82.63
20 58 15.62
20 59 74.52
20 61 78.26
20 62 65.49
20 64 54.99
20 65 47.75
20 66 40.02
20 68 95.09
20 71 42.32
20 72 16.23
20 73 79.73
20 80 16.7
20 81 75.49
20 83 50.11
20 86 66.09
20 87 42.41
20 88 24.41
20 91 48.53
20 92 80.59
20 93 39.55
20 95 31.86
20 96 91.15
20 97 55.71
21 22 38.97
21 24 27.68
21 26 86.1
21 27 45.08
21 29 91.83
21 30 18.7
21 31 42.9
21 33 29.06
21 34 24.58
21 35 19.89
21 37 82.51
21 40 16.72
21 42 2.87
21 43 53.59
21 44 38.99
21 46 37.11
21 53 19.95
21 56 0.92
21 57 20.11
21 58 38.2
21 60 18.98
21 63 54.62
21 68 5.61
21 69 20.41
21 70 9.04
21 71 0.8
21 72 14.29
21 74 26.53
21 78 31.17
21 79 82.17
21 80 7.47
21 81 50.48
21 83 59.41
21 85 95.24
21 86 30.3
21 87 96.62
21 88 90.98
21 89 42.83
21 99 57.97
22 23 45.89
22 32 78.4
22 34 44.29
22 37 18.99
22 38 99.73
22 39 92.07
22 46 80.79
22 48 20.66
22 49 89.23
22 53 34.31
22 56 72.59
22 58 24.5
22 63 35.55
22 64 7.65
22 65 21.55
22 67 96.68
22 68 74.7
22 69 48.52
22 70 49.92
22 71 55.03
22 75 22.51
22 79 3.48
22 81 86.24
22 82 95.04
22 84 34.33
22 88 12.75
22 90 54.35
22 97 23.59
22 99 79.39
23 24 40.65
23 25 40.11
23 28 76.23
23 30 38.21
23 34 31.62
23 37 66.62
23 38 95.29
23 45 83.07
23 48 22.99
23 49 85.3
23 50 8.13
23 51 91.87
23 52 20.25
23 57 40.91
23 58 27.13
23 60 16.43
23 61 50.4
23 63 83.85
23 65 15.38
23 66 88.09
23 67 22.48
23 70 60.4
23 75 30.91
23 78 80.49
23 79 29.62
23 85 5.9
23 86 41.47
23 88 39.12
23 89 0.03
23 90 62.92
23 91 4.49
23 93 28.57
23 94 81.56
23 95 33.46
23 96 44.85
23 97 94.7
24 27 74.52
24 28 96.34
24 29 85.99
24 35 64.86
24 42 40.27
24 43 30.49
24 44 83.95
24 45 62.3
24 46 18.67
24 47 37.9
24 49 39.36
24 50 25.46
24 51 30.94
24 52 4.81
24 55 12.75
24 58 91.28
24 59 91.03
24 60 62.33
24 62 9.59
24 63 83.19
24 64 50.85
24 65 15.99
24 70 85.76
24 73 79.65
24 75 44.42
24 78 31.99
24 79 50.68
24 80 97.63
24 84 37.45
24 88 61.29
24 89 64.83
24 94 72.67
24 95 78.77
24 96 50.5
24 97 29.21
24 98 55.45
24 99 18.55
25 26 43.26
25 29 1.66
25 31 56.58
25 32 46.48
25 33 43.06
25 34 80.26
25 35 34.94
25 36 38.9
25 37 47.62
25 38 47.87
25 40 30.85
25 44 86.94
25 46 49.17
25 47 21.83
25 50 96.19
25 53 63.88
25 55 70.44
25 56 17.17
25 59 81.93
25 63 76.54
25 64 73.43
25 66 1.9
25 67 55.32
25 70 41.84
25 72 84.35
25 73 90.82
25 74 48.09
25 75 16.95
25 76 33.7
25 78 30.65
25 80 37.23
25 81 86.7
25 84 99.33
25 85 52.36
25 89 23.47
25 90 10.97
25 92 76.35
25 95 94.51
26 27 48.73
26 28 38.76
26 32 46.67
26 34 7.31
26 35 50.88
26 38 29.36
26 40 65.83
26 41 98.68
26 43 4.58
26 44 20.59
26 45 6.94
26 50 44.63
26 52 0.19
26 53 98.4
26 56 84.6
26 58 41.23
26 60 43.99
26 63 87.39
26 67 56.75
26 68 99.65
26 70 99.42
26 72 19.42
26 74 28.13
26 75 15.24
26 76 44.7
26 79 81.02
26 82 72.19
26 88 30.09
26 89 42.38
26 91 68.36
26 92 70.54
26 94 96.36
26 95 9.14
26 97 47.36
26 99 23.54
27 28 46.11
27 29 56.8
27 32 60.41
27 33 0.37
27 34 77.5
27 36 63.39
27 38 36.07
27 40 88.15
27 42 5.67
27 43 99.16
27 45 78.46
27 48 85.58
27 49 78.74
27 50 62.83
27 56 73.13
27 57 60.04
27 59 52.98
27 62 31.18
27 65 28.36
27 67 54.6
27 68 29.37
27 69 66.01
27 74 58.42
27 76 5.88
27 78 96.29
27 80 98.08
27 82 18.83
27 83 60.71
27 85 35.68
27 86 1.43
27 87 48.62
27 90 49.7
27 91 10.4
27 94 77.73
27 95 82.25
27 96 59.69
27 98 72.92
27 99 66.27
28 29 35.38
28 31 22.19
28 34 2.87
28 36 50.85
28 37 97.99
28 40 4.81
28 43 77.67
28 45 76.21
28 46 33.83
28 47 10.01
28 49 79.78
28 50 80.56
28 51 39.75
28 53 61.61
28 54 44.28
28 59 34.15
28 60 49.55
28 63 43.18
28 64 16.72
28 70 62.88
28 72 64.3
28 73 7.73
28 74 87.74
28 77 13.04
28 78 31.1
28 80 19.45
28 82 65.38
28 83 43.67
28 84 15.35
28 85 13.3
28 89 43.51
28 91 7.97
28 94 62.36
28 96 13.42
29 30 40.55
29 31 75.2
29 32 43.59
29 35 87.16
29 38 29.06
29 42 24.4
29 44 61.86
29 47 66.46
29 48 29.43
29 49 81.91
29 51 62.95
29 55 65.86
29 58 27.77
29 61 72.87
29 62 45.4
29 64 96.36
29 66 32.23
29 68 30.38
29 69 97.63
29 70 56.94
29 74 64.98
29 75 59.6
29 77 80.36
29 78 78.24
29 80 63.43
29 85 15.36
29 86 24.44
29 87 84.36
29 92 26.04
29 93 17.49
29 96 10.44
29 97 23.36
30 32 11.49
30 34 27.64
30 35 34.66
30 36 68.6
30 37 21.49
30 39 15.5
30 40 44.61
30 42 26.38
30 44 14.48
30 45 33.07
30 46 26.7
30 51 2.8
30 52 72.72
30 53 22.8
30 54 13.91
30 64 3.73
30 66 84.42
30 69 98.21
30 72 17.73
30 74 61.85
30 75 40.86
30 77 41.31
30 83 57.53
30 85 11.75
30 87 1.25
30 88 63.87
30 90 70.82
30 91 35.67
30 95 85.09
30 97 66.79
30 98 41.28
30 99 69.31
31 35 14.17
31 36 39.85
31 38 30.3
31 40 41.81
31 42 86.01
31 47 57.28
31 53 86.22
31 54 3.75
31 56 42.27
31 57 43.34
31 61 74.15
31 62 8.68
31 64 87.27
31 65 44.91
31 66 28.72
31 67 99.23
31 68 78.13
31 69 70.6
31 71 78.17
31 75 21.7
31 77 73.55
31 78 96.88
31 81 18.35
31 83 61.0
31 85 40.0
31 88 50.31
31 90 26.03
31 93 74.37
31 97 65.05
31 98 33.45
32 33 4.84
32 35 2.95
32 36 28.37
32 40 23.02
32 42 56.59
32 43 76.34
32 44 93.56
32 45 94.97
32 49 87.77
32 51 21.02
32 52 32.19
32 53 75.78
32 54 21.19
32 55 19.62
32 59 45.45
32 62 37.14
32 63 59.51
32 64 99.7
32 65 14.07
32 70 14.95
32 71 45.48
32 72 8.19
32 73 1.28
32 74 9.19
32 75 92.09
32 76 87.6
32 77 74.03
32 79 79.81
32 80 55.39
32 81 5.78
32 83 46.4
32 87 47.94
32 88 0.22
32 91 89.11
32 92 34.39
32 94 2.03
32 96 83.85
33 35 61.39
33 36 92.65
33 37 40.41
33 38 55.1
33 40 72.1
33 41 38.78
33 45 53.58
33 47 22.48
33 48 65.0
33 50 89.31
33 55 37.05
33 57 88.9
33 59 73.57
33 60 60.45
33 63 4.64
33 66 91.63
33 68 3.86
33 69 19.43
33 71 39.31
33 72 33.87
33 75 6.73
33 79 10.61
33 80 49.81
33 83 65.21
33 85 53.9
33 86 42.67
33 87 83.78
33 92 17.25
33 94 58.4
33 97 17.93
33 98 71.35
34 36 0.57
34 37 8.16
34 38 4.11
34 39 39.3
34 40 84.33
34 41 46.11
34 42 32.75
34 45 34.18
34 49 6.38
34 50 27.08
34 51 35.12
34 52 50.99
34 55 18.51
34 57 27.64
34 58 39.5
34 59 6.09
34 60 49.54
34 61 99.58
34 67 84.19
34 69 98.39
34 71 23.27
34 72 96.52
34 74 12.62
34 75 78.0
34 76 95.79
34 79 5.27
34 80 82.58
34 82 45.64
34 86 69.2
34 87 69.01
34 90 77.82
34 91 22.77
34 92 97.4
34 93 29.25
34 95 44.03
34 96 55.11
35 36 60.11
35 38 75.24
35 41 91.88
35 46 85.38
35 47 55.57
35 49 73.02
35 50 78.36
35 51 10.77
35 54 43.3
35 57 55.96
35 60 32.54
35 64 23.92
35 65 89.14
35 66 16.48
35 67 28.8
35 68 47.41
35 70 76.65
35 71 72.42
35 72 91.12
35 73 69.12
35 80 31.21
35 83 94.89
35 85 26.17
35 86 91.27
35 88 72.57
35 90 1.14
35 92 19.89
35 94 52.22
35 95 75.31
35 97 26.95
35 98 71.58
36 37 81.8
36 40 27.27
36 41 8.91
36 42 95.41
36 44 18.2
36 45 52.07
36 46 46.18
36 47 22.59
36 49 49.17
36 50 36.45
36 51 59.97
36 52 52.19
36 53 90.93
36 54 2.49
36 56 86.63
36 59 55.61
36 61 71.12
36 62 80.16
36 64 46.06
36 65 36.49
36 67 19.46
36 69 29.58
36 71 13.21
36 73 3.93
36 75 3.92
36 76 49.76
36 82 92.42
36 85 65.86
36 90 3.97
36 91 71.21
36 94 82.28
36 97 37.45
36 98 86.7
36 99 88.76
37 38 76.35
37 41 49.8
37 47 18.69
37 48 72.68
37 49 5.63
37 52 35.1
37 55 56.19
37 57 95.57
37 58 79.14
37 59 60.83
37 60 90.68
37 61 7.64
37 62 30.53
37 63 47.93
37 64 72.25
37 71 12.63
37 73 82.19
37 74 47.69
37 76 41.26
37 83 32.73
37 85 20.07
37 87 97.5
37 91 39.11
37 92 8.83
37 93 13.79
37 94 7.29
37 95 45.27
37 98 28.49
38 40 14.19
38 43 16.12
38 44 37.68
38 46 12.39
38 47 34.33
38 48 16.11
38 50 91.39
38 51 42.02
38 53 73.85
38 54 25.38
38 55 94.22
38 57 53.77
38 63 15.29
38 64 98.98
38 67 97.65
38 70 58.78
38 71 36.29
38 72 12.82
38 76 26.49
38 83 81.26
38 86 6.74
38 88 83.67
38 89 52.81
38 90 64.54
38 96 2.48
38 97 44.21
38 99 9.44
39 40 87.15
39 41 1.86
39 43 88.07
39 45 84.16
39 49 59.01
39 51 84.64
39 52 85.63
39 53 46.37
39 54 76.71
39 55 78.79
39 56 50.98
39 58 17.38
39 62 13.98
39 63 43.5
39 65 62.83
39 67 99.53
39 70 22.67
39 71 77.57
39 73 61.19
39 75 10.8
39 77 26.8
39 79 11.16
39 80 12.12
39 81 47.08
39 83 62.66
39 86 69.85
39 88 67.36
39 89 67.53
39 90 17.45
39 93 60.87
39 96 58.98
39 97 89.68
39 98 72.28
40 43 57.07
40 45 55.35
40 46 87.04
40 48 50.14
40 52 98.77
40 57 77.67
40 58 45.03
40 62 97.73
40 63 69.88
40 64 22.59
40 68 77.46
40 69 93.74
40 71 6.28
40 73 46.34
40 74 93.3
40 75 2.72
40 76 15.26
40 77 53.19
40 78 91.14
40 79 84.06
40 81 96.43
40 84 38.69
40 86 39.74
40 87 50.25
40 89 58.84
40 90 79.17
40 91 94.6
40 93 87.85
40 94 49.05
40 95 83.18
40 98 21.82
40 99 5.11
41 43 75.63
41 46 93.97
41 53 85.79
41 54 12.4
41 55 74.34
41 56 20.22
41 57 39.21
41 58 43.9
41 59 48.52
41 61 42.63
41 62 6.78
41 63 80.46
41 64 27.71
41 66 15.93
41 67 4.59
41 71 38.65
41 75 19.01
41 76 81.81
41 77 54.53
41 84 4.66
41 85 43.25
41 89 84.97
41 91 1.85
41 92 65.38
41 93 50.52
41 95 64.21
41 96 55.52
41 98 93.72
41 99 72.02
42 44 9.59
42 47 58.74
42 48 71.63
42 49 31.81
42 51 20.15
42 52 46.7
42 53 88.01
42 54 16.61
42 55 59.73
42 57 28.78
42 58 82.5
42 59 94.79
42 60 26.03
42 62 38.35
42 63 79.6
42 65 29.52
42 67 66.1
42 72 1.17
42 73 62.65
42 74 72.68
42 75 16.89
42 76 68.42
42 77 71.38
42 78 24.62
42 81 89.41
42 82 90.2
42 83 56.03
42 84 87.42
42 87 17.68
42 89 75.25
42 90 68.49
42 94 39.64
42 95 1.54
42 96 56.11
42 97 26.21
42 98 50.77
42 99 37.48
43 44 27.69
43 48 88.91
43 49 80.73
43 51 32.03
43 62 55.09
43 63 3.43
43 65 82.91
43 66 34.5
43 68 79.72
43 70 47.18
43 72 21.93
43 77 68.64
43 81 44.01
43 82 4.71
43 83 10.79
43 85 40.27
43 87 65.28
43 89 4.11
43 90 31.33
43 92 50.2
43 93 91.51
43 94 50.5
43 98 27.27
43 99 96.43
44 47 6.86
44 49 91.45
44 50 38.53
44 51 33.64
44 52 11.07
44 55 81.19
44 57 11.69
44 58 45.68
44 59 82.45
44 62 35.33
44 66 73.19
44 73 96.18
44 76 90.35
44 77 0.94
44 78 9.78
44 79 65.71
44 82 13.15
44 85 45.3
44 86 77.02
44 87 71.68
44 92 80.49
44 93 51.77
44 94 62.15
44 99 35.98
45 49 68.68
45 50 14.29
45 53 60.35
45 54 71.33
45 59 73.93
45 60 67.69
45 61 57.3
45 62 89.66
45 64 9.83
45 68 62.47
45 70 19.71
45 71 29.44
45 72 14.66
45 75 31.19
45 76 48.02
45 80 93.46
45 81 4.68
45 84 88.53
45 87 11.27
45 89 65.05
45 91 46.74
45 95 67.7
45 96 59.99
45 97 25.45
45 98 23.53
46 49 51.42
46 52 94.49
46 53 94.6
46 54 88.6
46 55 96.36
46 58 69.11
46 59 20.83
46 64 56.99
46 67 2.78
46 68 95.67
46 70 83.26
46 71 29.45
46 73 83.26
46 75 4.42
46 76 49.61
46 77 11.25
46 78 26.16
46 83 13.94
46 85 2.45
46 86 69.44
46 90 5.41
46 94 20.11
46 95 81.45
46 96 50.22
47 48 87.64
47 49 51.99
47 50 27.86
47 51 5.98
47 52 83.33
47 53 81.54
47 54 73.32
47 55 57.4
47 56 79.57
47 57 77.58
47 58 58.29
47 59 49.82
47 62 57.84
47 63 87.97
47 67 85.99
47 68 16.47
47 70 10.18
47 71 82.18
47 72 35.3
47 73 68.02
47 77 41.02
47 78 23.2
47 82 66.21
47 83 8.7
47 85 58.66
47 86 11.98
47 89 35.35
47 91 81.38
47 92 77.19
47 93 19.65
47 99 94.18
48 49 74.59
48 52 47.71
48 53 82.35
48 54 4.84
48 55 65.04
48 56 44.53
48 57 99.65
48 59 96.87
48 60 8.21
48 63 86.3
48 64 60.48
48 65 83.12
48 68 71.41
48 70 40.9
48 71 91.39
48 75 74.27
48 76 86.56
48 78 33.68
48 79 9.19
48 81 22.65
48 83 33.08
48 84 25.99
48 85 71.23
48 86 19.36
48 89 19.25
48 93 43.1
48 96 27.83
48 99 69.71
49 51 70.02
49 52 28.96
49 54 61.63
49 55 24.59
49 58 11.32
49 61 71.82
49 63 48.11
49 64 40.85
49 65 39.31
49 66 30.3
49 68 19.68
49 72 82.65
49 76 45.27
49 78 70.47
49 81 7.02
49 83 68.97
49 84 66.85
49 85 99.66
49 87 54.84
49 88 61.39
49 91 41.09
49 94 77.35
49 95 75.76
49 97 95.69
49 99 47.52
50 51 69.7
50 53 7.46
50 54 64.04
50 58 2.86
50 60 2.99
50 62 10.87
50 63 86.75
50 64 42.31
50 65 9.73
50 67 81.01
50 68 23.79
50 71 30.01
50 72 80.28
50 73 19.78
50 76 92.14
50 77 55.0
50 79 63.48
50 80 77.95
50 81 55.71
50 82 25.45
50 84 68.57
50 85 23.42
50 88 32.97
50 89 11.69
50 90 76.61
50 92 63.69
50 94 59.76
50 96 44.22
50 98 29.13
50 99 47.41
51 52 14.98
51 54 75.16
51 58 28.48
51 59 4.42
51 60 15.57
51 62 38.94
51 65 22.58
51 66 7.52
51 67 21.42
51 68 8.54
51 74 93.73
51 75 52.67
51 76 31.56
51 78 41.0
51 82 45.3
51 83 84.22
51 86 6.69
51 87 75.94
51 90 50.74
51 91 49.63
51 93 22.61
51 99 14.1
52 56 50.81
52 59 71.21
52 60 86.24
52 61 60.14
52 62 66.0
52 63 92.46
52 67 74.6
52 68 99.75
52 72 59.59
52 73 66.79
52 74 96.91
52 75 72.9
52 76 3.45
52 78 94.67
52 79 30.01
52 81 19.55
52 85 28.02
52 87 99.29
52 90 32.89
52 91 31.86
52 92 38.11
52 93 93.88
52 95 73.77
52 96 63.62
52 97 82.66
52 99 64.63
53 54 29.67
53 55 28.13
53 56 78.75
53 57 70.8
53 62 11.88
53 66 66.13
53 67 49.49
53 68 75.29
53 69 75.54
53 74 18.26
53 75 31.79
53 77 69.42
53 80 13.04
53 81 95.67
53 83 85.95
53 85 32.81
53 86 22.95
53 87 67.62
53 91 27.62
53 92 94.9
53 93 87.1
53 97 84.08
53 99 53.3
54 55 66.55
54 56 27.92
54 58 57.7
54 62 69.0
54 63 57.55
54 66 40.45
54 67 88.2
54 68 90.97
54 70 99.29
54 73 91.89
54 75 95.43
54 76 19.27
54 77 0.73
54 81 27.43
54 83 76.35
54 84 11.25
54 85 24.67
54 89 85.3
54 92 8.93
54 97 76.63
54 98 31.96
54 99 88.16
55 57 61.89
55 59 92.2
55 61 89.37
55 65 76.03
55 66 12.7
55 68 12.21
55 70 65.84
55 72 78.13
55 74 84.73
55 75 37.34
55 77 91.41
55 79 96.61
55 82 4.9
55 83 65.53
55 85 25.76
55 87 60.97
55 88 2.78
55 90 40.72
55 91 10.37
55 92 40.87
55 94 11.61
55 95 94.91
55 97 49.16
55 98 39.41
56 58 82.48
56 60 38.62
56 63 7.96
56 65 46.03
56 67 39.19
56 69 5.7
56 72 98.6
56 73 75.47
56 75 37.94
56 76 6.14
56 78 39.24
56 80 93.74
56 81 47.4
56 84 14.12
56 85 15.39
56 86 57.5
56 87 89.68
56 89 90.82
56 92 86.31
56 95 47.26
56 96 16.81
56 98 72.76
57 58 72.94
57 59 29.16
57 60 70.85
57 63 20.21
57 66 60.4
57 68 35.17
57 69 1.52
57 72 49.62
57 74 64.88
57 75 83.63
57 76 31.82
57 77 36.76
57 78 7.33
57 80 31.04
57 81 32.59
57 83 65.41
57 84 98.4
57 87 8.84
57 90 40.75
57 91 59.02
57 93 8.57
58 62 79.84
58 64 57.79
58 65 63.75
58 70 85.01
58 72 82.1
58 75 92.84
58 76 66.69
58 79 56.97
58 84 1.54
58 86 6.2
58 87 20.27
58 88 87.0
58 89 58.62
58 90 19.22
58 91 20.1
58 92 3.38
58 93 89.66
58 99 37.5
59 64 12.7
59 67 38.64
59 69 53.49
59 73 96.04
59 74 99.66
59 76 78.86
59 78 72.6
59 79 62.69
59 81 81.45
59 83 4.85
59 86 40.83
59 87 51.88
59 88 51.07
59 89 39.32
59 90 81.36
59 91 44.67
59 93 20.59
59 99 0.94
60 61 52.1
60 63 83.35
60 66 46.44
60 68 21.76
60 70 84.91
60 71 83.67
60 72 24.48
60 74 90.06
60 80 85.16
60 81 12.29
60 83 3.88
60 85 89.91
60 87 60.04
60 91 79.16
60 95 77.52
60 97 36.22
60 98 9.43
60 99 55.41
61 62 3.96
61 67 27.65
61 70 68.02
61 71 24.06
61 72 74.24
61 73 10.03
61 74 86.0
61 78 23.18
61 79 63.02
61 80 91.48
61 81 62.99
61 82 36.09
61 84 93.25
61 86 83.14
61 90 18.28
61 91 74.75
61 92 65.75
61 93 69.52
61 94 64.64
61 95 53.14
62 63 90.72
62 66 95.46
62 69 48.3
62 70 95.07
62 71 46.42
62 74 89.55
62 75 54.62
62 76 36.14
62 78 32.61
62 81 31.09
62 86 71.77
62 87 22.05
62 88 91.35
62 93 83.06
62 95 63.79
62 96 42.49
62 97 0.83
62 99 45.76
63 64 50.96
63 66 80.67
63 68 87.36
63 69 50.5
63 73 18.3
63 75 7.68
63 76 13.3
63 78 27.36
63 79 15.75
63 81 66.93
63 82 6.6
63 83 69.02
63 84 50.29
63 87 94.69
63 88 50.06
63 89 69.0
63 91 92.35
63 92 68.17
63 96 66.5
64 65 88.44
64 66 59.89
64 68 27.99
64 71 98.57
64 72 45.59
64 74 33.04
64 77 53.39
64 79 38.27
64 80 20.86
64 84 89.23
64 85 23.45
64 87 99.68
64 88 77.29
64 90 39.94
64 91 62.72
64 93 39.03
64 96 6.83
64 98 96.04
65 66 55.04
65 69 22.3
65 70 61.86
65 73 78.68
65 74 52.14
65 75 34.18
65 78 39.6
65 80 22.18
65 81 97.61
65 83 79.9
65 85 11.8
65 87 98.63
65 92 91.83
65 93 83.8
65 94 90.86
65 98 6.63
66 67 15.31
66 69 30.98
66 70 23.77
66 71 16.84
66 72 8.82
66 74 19.02
66 78 10.28
66 79 80.46
66 80 15.87
66 81 19.14
66 86 62.85
66 87 14.44
66 91 7.17
66 93 96.52
66 98 43.16
66 99 23.82
67 74 10.29
67 75 12.29
67 76 51.14
67 80 90.73
67 82 51.72
67 83 68.14
67 85 73.62
67 86 67.27
67 87 21.74
67 98 40.04
67 99 29.83
68 69 97.93
68 70 75.13
68 73 78.73
68 77 57.75
68 79 26.89
68 81 68.37
68 83 3.84
68 84 1.04
68 85 14.99
68 90 96.7
68 91 74.8
68 94 7.94
68 95 12.08
68 96 29.78
68 97 20.71
68 98 74.47
68 99 49.74
69 70 95.24
69 73 10.61
69 76 30.94
69 79 61.88
69 81 2.77
69 82 76.97
69 83 76.01
69 85 84.57
69 86 36.44
69 88 39.28
69 89 56.35
69 90 33.62
69 92 36.35
69 93 27.48
69 94 69.72
69 97 71.77
69 99 55.07
70 73 1.33
70 76 57.09
70 79 54.31
70 81 21.6
70 82 86.07
70 83 2.61
70 84 48.09
70 85 74.68
70 86 38.43
70 91 8.93
70 92 69.43
70 93 66.85
70 94 31.93
70 97 60.03
71 74 36.11
71 75 62.98
71 77 50.94
71 80 25.72
71 82 38.29
71 83 64.66
71 85 76.02
71 86 2.99
71 88 90.57
71 89 53.37
71 90 39.19
71 91 22.84
71 92 4.74
71 93 3.16
71 94 90.05
71 96 81.82
71 98 83.12
72 75 9.04
72 77 30.45
72 80 36.57
72 83 54.27
72 84 1.38
72 88 31.58
72 89 85.92
72 94 31.49
72 99 33.0
73 75 49.98
73 77 86.77
73 78 30.79
73 79 48.21
73 80 99.49
73 81 88.39
73 83 79.99
73 85 86.92
73 88 82.6
73 90 77.11
73 91 47.81
73 92 4.85
73 93 64.84
73 96 44.12
74 75 14.12
74 77 80.06
74 81 92.8
74 84 89.19
74 85 0.12
74 86 88.22
74 87 77.37
74 88 32.9
74 91 9.92
74 93 94.58
74 95 78.81
74 98 44.2
75 76 8.36
75 77 40.15
75 79 81.48
75 80 21.2
75 82 33.62
75 84 32.56
75 88 32.08
75 90 81.99
75 91 42.33
75 92 26.28
75 93 11.52
75 94 54.43
75 95 0.1
75 96 26.7
75 97 81.88
75 98 19.11
75 99 17.59
76 77 38.67
76 78 96.72
76 80 53.53
76 81 13.39
76 83 68.44
76 84 10.91
76 85 81.89
76 88 34.32
76 89 81.18
76 90 91.35
76 94 73.41
76 96 82.85
76 98 34.99
76 99 9.54
77 78 92.37
77 79 73.05
77 80 21.19
77 83 33.69
77 84 36.45
77 86 46.3
77 88 38.02
77 90 17.69
77 95 18.37
78 82 26.67
78 87 77.97
78 88 44.41
78 89 52.22
78 92 9.73
78 94 52.1
78 96 64.51
78 97 81.63
78 98 95.59
78 99 82.64
79 80 28.91
79 81 11.82
79 87 51.88
79 92 21.84
79 94 38.64
79 97 69.65
79 99 0.64
80 81 78.17
80 82 67.02
80 83 37.37
80 84 90.82
80 85 9.84
80 86 78.63
80 88 11.93
80 89 90.57
80 90 27.11
80 93 98.18
80 95 81.75
80 96 89.8
81 82 92.38
81 83 68.99
81 84 78.91
81 85 67.22
81 86 32.99
81 88 17.64
81 89 47.59
81 90 14.21
81 92 70.47
81 93 4.72
81 94 2.38
81 97 74.21
81 98 99.46
82 83 29.07
82 84 2.11
82 85 19.16
82 88 23.19
82 89 12.16
82 91 49.84
82 94 0.59
82 95 26.56
82 98 15.14
82 99 16.72
83 86 8.75
83 88 18.6
83 89 24.41
83 90 46.37
83 92 96.68
83 93 65.39
83 95 27.22
83 96 22.77
84 86 83.25
84 89 70.14
84 90 82.27
84 94 97.32
84 96 2.66
84 97 0.8
84 98 50.13
85 89 20.51
85 90 66.23
85 91 46.82
85 94 50.8
85 95 23.39
85 96 38.11
85 97 11.71
85 98 74.64
86 87 90.63
86 89 98.67
86 91 83.44
86 93 71.08
86 94 93.71
86 98 17.66
87 88 35.62
87 89 96.02
87 90 82.74
87 91 19.8
87 92 32.42
87 93 93.06
87 94 49.22
87 97 52.93
87 98 95.2
87 99 46.59
88 89 43.67
88 94 63.15
88 97 31.74
89 90 14.17
89 91 37.14
89 93 89.54
89 94 83.74
89 98 40.08
89 99 54.34
90 91 30.06
90 92 99.57
90 94 18.45
90 97 20.91
91 94 20.77
91 96 15.79
91 97 97.11
92 96 11.99
92 98 2.99
93 94 61.63
93 95 29.94
93 99 36.15
94 96 63.36
94 98 14.38
95 98 48.14
96 97 83.85
96 98 11.64
96 99 95.95
97 99 56.13
98 99 86.54
