100
0 1 1.00
1 2 1.00
2 3 1.00
3 4 1.00
4 5 1.00
5 6 1.00
6 7 1.00
7 8 1.00
8 9 1.00
9 10 1.00
10 11 1.00
11 12 1.00
12 13 1.00
13 14 1.00
14 15 1.00
15 16 1.00
16 17 1.00
17 18 1.00
18 19 1.00
19 20 1.00
20 21 1.00
21 22 1.00
22 23 1.00
23 24 1.00
24 25 1.00
25 26 1.00
26 27 1.00
27 28 1.00
28 29 1.00
29 30 1.00
30 31 1.00
31 32 1.00
32 33 1.00
33 34 1.00
34 35 1.00
35 36 1.00
36 37 1.00
37 38 1.00
38 39 1.00
39 40 1.00
40 41 1.00
41 42 1.00
42 43 1.00
43 44 1.00
44 45 1.00
45 46 1.00
46 47 1.00
47 48 1.00
48 49 1.00
49 50 1.00
50 51 1.00
51 52 1.00
52 53 1.00
53 54 1.00
54 55 1.00
55 56 1.00
56 57 1.00
57 58 1.00
58 59 1.00
59 60 1.00
60 61 1.00
61 62 1.00
62 63 1.00
63 64 1.00
64 65 1.00
65 66 1.00
66 67 1.00
67 68 1.00
68 69 1.00
69 70 1.00
70 71 1.00
71 72 1.00
72 73 1.00
73 74 1.00
74 75 1.00
75 76 1.00
76 77 1.00
77 78 1.00
78 79 1.00
79 80 1.00
80 81 1.00
81 82 1.00
82 83 1.00
83 84 1.00
84 85 1.00
85 86 1.00
86 87 1.00
87 88 1.00
88 89 1.00
89 90 1.00
90 91 1.00
91 92 1.00
92 93 1.00
93 94 1.00
94 95 1.00
95 96 1.00
96 97 1.00
97 98 1.00
98 99 1.00
99 0 99.00