100
0 1 43.95
0 2 81.66
0 3 80.90
0 5 49.28
0 7 10.83
0 13 1.32
0 16 76.56
0 17 36.64
0 27 17.26
0 39 78.78
0 42 24.03
0 46 87.35
0 52 53.94
0 56 21.00
0 78 13.95
0 84 54.26
0 85 34.84
0 88 2.97
0 92 0.38
0 99 12.66
1 12 34.74
1 17 74.81
1 28 12.00
1 49 24.66
1 73 88.40
1 79 49.65
1 94 95.05
2 5 5.00
2 9 4.25
2 11 35.81
2 14 68.86
2 17 7.80
2 22 2.65
2 23 47.74
2 31 95.22
2 33 97.96
2 44 35.93
2 57 35.96
2 66 74.55
2 72 75.86
2 85 45.07
3 4 47.29
3 5 65.59
3 22 14.47
3 25 27.10
3 38 46.63
3 45 24.88
3 48 88.41
3 65 68.12
3 67 20.51
3 76 0.79
3 77 64.67
3 79 98.98
3 86 16.98
4 14 84.84
4 35 30.03
4 39 28.63
4 41 75.92
4 55 55.03
4 62 12.53
4 71 46.09
4 75 64.06
4 76 1.37
4 79 67.42
4 93 67.33
5 6 58.28
5 15 4.15
5 19 89.56
5 26 79.81
5 28 3.84
5 32 70.10
5 48 68.92
5 49 99.35
5 50 27.73
5 55 46.42
5 57 70.99
5 70 87.39
5 75 1.76
5 86 36.28
6 9 15.85
6 10 3.41
6 11 69.27
6 15 29.61
6 20 26.83
6 21 57.40
6 25 79.47
6 26 15.77
6 37 20.96
6 53 4.98
6 61 43.11
6 65 89.04
6 70 41.51
6 97 93.02
7 8 81.21
7 16 44.00
7 24 43.11
7 25 70.54
7 54 76.09
7 59 90.47
7 69 85.26
7 73 47.04
7 89 17.83
7 93 40.43
7 96 38.46
8 29 66.43
8 32 76.98
8 33 77.79
8 51 32.69
8 55 34.09
8 56 53.50
8 65 94.79
8 71 67.88
8 81 45.76
8 88 54.46
8 91 36.19
9 12 88.34
9 15 58.26
9 29 71.79
9 31 2.80
9 38 2.33
9 43 29.37
9 44 86.67
9 60 83.39
9 71 14.90
9 73 51.83
9 78 4.13
9 79 72.66
9 86 12.21
10 12 51.41
10 27 21.08
10 65 87.08
10 69 13.00
10 71 1.86
10 72 11.78
10 77 59.69
10 79 99.28
10 86 66.87
10 92 25.99
10 96 48.74
11 22 86.67
11 26 53.84
11 39 40.82
11 49 44.02
11 75 23.28
11 78 40.69
11 90 27.67
11 95 92.29
12 20 49.76
12 29 64.82
12 31 69.06
12 34 23.91
12 57 98.87
12 69 75.64
12 73 33.07
12 81 57.53
13 16 73.26
13 24 16.69
13 26 32.27
13 30 70.96
13 35 71.94
13 44 27.94
13 47 76.53
13 56 43.02
13 57 90.60
13 58 78.91
13 60 46.72
13 68 15.96
13 80 2.98
13 88 17.06
13 97 52.13
14 18 36.80
14 20 37.67
14 21 20.64
14 29 23.64
14 35 24.52
14 37 53.03
14 42 95.64
14 47 86.91
14 57 13.51
14 65 39.97
14 73 72.37
14 80 45.93
14 81 60.33
14 86 16.72
14 98 85.78
15 19 10.56
15 24 36.33
15 26 96.19
15 51 69.12
15 52 2.98
15 93 8.72
15 94 11.64
16 18 13.97
16 27 55.18
16 34 29.71
16 36 2.64
16 46 72.50
16 47 21.62
16 50 77.33
16 60 48.69
16 61 12.30
16 62 79.15
16 72 41.88
16 91 29.43
17 27 95.84
17 34 16.75
17 36 90.77
17 40 9.51
17 62 58.53
17 68 4.26
17 92 10.18
18 25 88.49
18 31 74.27
18 36 98.00
18 39 73.23
18 49 37.25
18 57 25.33
18 61 66.10
18 63 33.15
18 64 8.57
18 66 50.32
18 71 63.87
18 76 52.76
18 95 12.85
19 28 2.21
19 34 88.45
19 37 7.09
19 47 6.63
19 65 64.33
19 72 18.00
19 84 70.43
20 29 44.63
20 31 71.37
20 36 4.90
20 37 7.74
20 53 78.69
20 66 11.21
20 71 0.55
20 87 21.90
20 99 75.70
21 26 39.19
21 29 70.51
21 30 36.45
21 57 53.17
21 62 95.88
21 70 20.38
21 81 20.79
21 86 33.99
21 90 66.35
21 95 48.40
21 98 39.11
22 38 18.97
22 42 99.57
22 62 17.41
22 71 66.83
22 83 93.88
22 85 81.24
23 34 81.86
23 40 12.83
23 41 60.72
23 43 23.42
23 44 27.61
23 46 46.54
23 59 74.26
23 61 36.60
23 79 1.29
23 82 0.55
23 86 30.48
23 88 2.84
23 99 54.98
24 25 10.94
24 43 88.31
24 51 15.63
24 54 33.59
24 70 96.57
24 85 47.83
24 95 77.59
25 27 56.84
25 35 19.72
25 41 17.24
25 42 4.45
25 49 24.90
25 51 23.10
25 77 91.93
25 79 32.78
25 82 59.37
26 27 28.62
26 28 20.56
26 37 46.16
26 44 87.34
26 46 45.42
26 57 6.77
26 66 61.54
26 69 7.81
26 85 53.91
27 28 2.44
27 30 56.87
27 31 86.65
27 41 19.57
27 43 13.52
27 48 49.50
27 50 80.89
27 58 3.25
27 62 59.26
27 70 89.37
27 71 77.09
27 73 27.88
27 76 70.00
27 85 47.18
27 91 22.98
27 92 66.74
28 33 61.82
28 47 86.43
28 55 37.13
28 73 70.15
28 87 64.98
28 97 63.97
29 33 40.39
29 44 68.12
29 45 95.55
29 51 87.94
29 67 58.57
29 87 8.77
29 97 42.61
30 36 77.81
30 39 70.86
30 54 54.69
30 66 69.27
30 69 4.58
30 77 25.69
30 79 80.27
30 81 29.49
30 92 17.38
31 32 61.75
31 63 2.76
31 67 37.26
31 79 23.85
31 84 41.74
31 86 0.88
32 36 34.81
32 50 19.75
32 55 99.99
32 58 72.49
32 65 17.72
32 66 10.28
32 71 28.37
32 76 87.70
32 88 59.33
33 60 39.12
33 71 21.34
33 86 1.57
33 89 13.64
33 92 4.09
34 35 67.94
34 54 39.92
34 77 11.36
34 81 3.34
34 83 66.89
34 95 8.00
35 38 23.93
35 46 75.64
35 60 29.54
35 66 92.78
35 98 91.43
37 47 15.35
37 52 35.86
37 60 21.05
37 64 63.21
37 86 95.31
37 98 86.97
38 47 91.49
38 61 96.40
38 66 53.15
38 76 6.99
38 85 16.90
38 86 16.37
38 89 97.54
39 48 32.93
39 67 99.36
39 74 96.80
39 76 46.96
39 80 1.03
39 85 69.86
39 88 17.15
39 91 87.99
39 94 61.93
39 97 53.68
40 58 22.86
40 64 39.67
40 84 28.65
40 94 97.61
40 95 90.84
41 44 44.86
41 48 66.44
41 52 83.44
41 61 85.34
41 72 28.92
41 79 7.14
41 84 55.99
41 85 70.14
42 46 14.23
42 63 18.63
42 65 8.73
42 68 9.59
42 71 64.90
42 77 17.99
42 79 32.21
42 82 36.75
42 87 20.91
42 97 86.90
43 45 6.48
43 50 55.25
43 51 8.21
43 54 60.81
43 60 10.81
43 75 2.16
43 79 11.87
43 93 33.44
44 45 53.31
44 61 49.19
44 83 75.66
45 53 99.08
45 60 65.83
45 65 3.51
45 72 10.56
45 76 12.62
45 86 28.64
45 89 25.54
46 59 69.38
46 65 62.08
46 69 74.67
46 73 55.57
46 75 86.92
46 79 44.32
46 84 94.78
46 85 29.80
46 89 59.87
46 92 0.27
46 97 9.20
47 61 49.97
47 80 32.00
47 81 72.76
47 98 88.18
48 55 13.14
48 57 13.98
48 61 92.29
48 77 20.85
48 79 67.63
48 83 43.80
48 89 21.72
48 92 92.19
49 57 84.51
49 66 32.20
49 67 86.74
49 88 7.30
49 97 87.62
49 99 22.26
50 57 29.13
50 68 20.95
50 97 10.03
50 99 7.69
51 88 25.08
51 89 41.19
52 94 64.54
52 97 26.27
53 56 90.35
53 72 97.24
53 80 96.17
53 87 58.00
54 78 92.94
54 91 63.33
54 92 91.63
54 98 5.93
55 66 19.38
55 74 12.07
55 80 60.33
55 83 87.41
55 86 24.98
55 89 31.71
56 64 49.32
56 72 86.11
56 77 95.52
56 78 12.16
57 58 85.23
57 70 28.25
57 75 27.40
57 99 13.63
58 71 88.69
58 74 80.68
58 75 68.04
58 77 47.63
58 84 65.13
58 99 46.81
59 63 3.09
59 71 88.90
60 81 51.22
60 85 68.68
61 71 29.44
61 73 96.81
61 78 76.13
61 86 94.23
61 91 83.77
61 95 79.31
62 63 34.13
62 76 41.33
62 86 29.72
62 91 78.86
63 87 59.61
63 91 22.00
63 97 70.97
64 73 6.05
64 88 75.16
64 89 9.28
64 91 14.58
65 66 60.49
65 69 74.45
65 72 14.76
65 79 94.73
65 88 34.96
66 68 89.04
66 99 37.74
67 69 83.20
67 83 12.14
67 96 90.13
68 84 60.10
69 91 40.99
70 81 20.44
70 84 61.91
70 88 18.71
71 80 63.77
71 81 51.99
71 93 10.08
71 97 63.21
71 99 15.39
72 78 38.83
72 81 97.39
72 87 43.42
73 75 8.51
73 80 39.35
73 97 74.42
73 99 15.60
74 76 52.57
74 80 31.14
74 84 37.53
74 94 34.98
75 94 12.74
77 82 62.22
78 81 48.26
78 92 30.07
79 89 28.03
79 90 29.16
80 86 18.51
81 99 96.55
82 97 47.16
82 98 23.36
84 94 95.65
85 91 8.27
86 98 10.88
87 90 35.42
87 91 90.46
90 92 70.51
91 97 86.51
91 99 37.41
92 95 77.46
94 99 74.62
