100
0 93 44.636
0 52 76.283
0 24 36.681
0 37 89.215
0 89 98.32
0 74 2.647
0 63 7.83
0 6 53.333
0 45 83.634
0 53 57.979
0 56 1.199
0 10 19.381
0 58 99.061
0 67 84.703
0 72 69.214
0 98 29.428
0 71 9.436
0 59 0.482
0 15 77.355
0 35 23.701
0 12 7.659
0 41 39.599
0 83 25.733
0 81 99.303
0 76 1.956
0 49 79.498
0 17 58.227
0 64 84.652
0 16 98.825
0 30 58.484
0 46 99.891
0 33 37.267
1 56 19.398
1 52 92.731
1 4 42.995
1 7 97.741
1 36 41.452
1 67 25.958
1 85 98.817
1 19 74.376
1 8 58.984
1 64 54.964
1 42 35.97
1 24 16.431
1 57 2.136
1 66 98.888
1 40 2.923
1 33 97.278
1 31 8.343
1 30 82.661
1 10 1.457
1 87 0.937
1 80 60.977
1 68 2.514
1 34 66.047
1 6 62.639
1 17 31.829
1 79 75.787
1 35 75.013
1 75 57.96
1 58 28.841
1 96 41.195
1 0 9.373
1 97 26.302
1 39 89.882
1 47 99.741
1 43 35.274
1 28 34.788
1 74 86.269
1 3 46.535
2 64 98.894
2 13 32.139
2 12 73.002
2 47 99.764
2 73 14.55
2 14 32.074
2 44 42.458
2 70 5.566
2 67 98.399
2 1 16.899
2 62 28.624
2 10 14.214
2 59 12.775
2 92 8.517
2 51 70.451
2 38 74.922
2 28 95.189
2 93 79.912
2 0 75.259
2 85 11.029
2 40 68.064
2 77 20.504
2 87 2.916
2 57 99.796
2 8 72.694
2 24 51.592
2 66 2.944
2 39 98.931
3 95 16.517
3 56 99.584
3 26 0.339
3 41 34.064
3 48 99.358
3 8 91.532
3 86 31.412
3 98 77.031
3 58 98.648
3 51 41.678
3 91 0.174
3 39 36.886
3 76 2.045
3 0 61.055
3 43 34.506
3 90 83.262
3 79 98.709
3 6 65.186
3 40 1.918
3 13 38.411
3 36 27.503
3 93 51.315
3 10 46.821
3 67 32.896
3 55 96.262
3 29 65.162
3 5 2.175
3 74 68.953
3 97 16.196
3 81 0.643
3 31 15.287
3 18 71.718
3 59 30.929
4 35 90.572
4 2 70.855
4 41 93.311
4 54 0.884
4 60 26.617
4 77 1.165
4 44 99.669
4 90 70.353
4 56 0.003
4 72 87.028
4 33 99.369
4 39 19.892
4 27 88.745
4 43 30.976
4 84 24.062
4 66 34.168
4 0 45.83
4 64 31.022
4 62 61.117
4 51 98.576
4 29 18.172
4 63 99.82
4 32 95.71
4 91 99.979
4 18 28.719
4 15 99.117
4 9 93.164
4 21 98.03
4 36 2.422
4 88 96.545
4 55 20.222
4 3 76.481
4 67 85.562
5 2 28.967
5 4 2.826
5 83 59.299
5 46 67.034
5 63 61.234
5 17 78.184
5 38 8.696
5 68 90.037
5 61 97.845
5 95 1.042
5 60 85.035
5 31 0.709
5 58 15.633
5 80 62.087
5 96 31.203
5 75 76.86
5 93 1.926
5 24 11.121
5 33 2.245
5 99 12.304
5 53 76.354
5 43 56.684
5 40 2.341
5 66 64.991
5 94 16.298
5 57 29.417
5 78 29.017
5 15 83.299
5 65 0.933
5 85 84.354
5 44 29.071
5 42 76.46
5 69 98.009
5 14 2.772
5 32 13.535
6 42 44.362
6 86 56.355
6 50 18.651
6 64 34.086
6 34 62.779
6 40 15.135
6 54 39.068
6 11 38.759
6 22 6.282
6 31 29.381
6 76 28.715
6 2 47.9
6 89 2.733
6 94 51.417
6 95 93.173
6 63 21.177
6 43 47.184
6 55 99.641
6 49 3.848
6 56 70.385
6 98 58.457
6 79 24.288
6 62 51.352
6 19 95.216
6 24 73.749
6 99 20.665
6 18 0.696
6 13 3.732
6 52 0.119
6 48 1.835
6 17 55.749
6 90 61.723
6 44 13.998
6 75 4.684
6 92 2.363
6 82 0.178
6 59 0.873
6 46 69.626
6 7 68.443
6 9 34.188
6 23 41.98
6 20 72.232
6 21 1.941
6 16 0.833
7 3 83.742
7 18 0.532
7 23 58.84
7 21 76.793
7 83 71.743
7 73 98.819
7 76 30.839
7 31 86.529
7 5 1.449
7 54 50.16
7 8 47.552
7 98 0.318
7 16 34.099
7 75 22.728
7 0 68.244
7 94 17.937
7 20 1.51
7 61 99.211
7 58 0.751
7 2 56.325
7 95 59.351
7 28 11.092
7 4 91.636
7 47 11.549
7 65 17.728
7 99 13.473
8 19 35.872
8 86 39.19
8 85 47.751
8 16 31.492
8 5 33.932
8 25 70.347
8 15 91.378
8 33 99.985
8 93 99.737
8 29 46.674
8 31 38.982
8 70 0.253
8 64 86.97
8 55 54.096
8 65 1.557
8 68 75.834
8 46 20.193
8 72 0.603
8 73 38.576
8 77 99.997
8 63 1.209
8 87 98.212
8 50 98.076
8 61 0.117
8 97 26.427
8 78 66.257
8 20 21.894
8 13 26.96
8 18 7.148
8 83 68.892
8 66 39.773
8 12 98.183
8 0 48.2
8 43 2.691
8 84 99.424
8 23 42.371
8 90 86.732
8 51 74.97
9 55 32.202
9 47 84.165
9 95 63.715
9 89 62.951
9 86 61.863
9 99 86.691
9 80 84.679
9 88 9.212
9 90 24.306
9 37 23.606
9 67 88.544
9 76 23.831
9 73 96.389
9 77 53.229
9 42 99.989
9 81 2.996
9 3 1.211
9 1 51.066
9 91 2.451
9 60 2.819
9 68 30.048
9 10 5.899
9 31 25.79
9 0 75.688
9 71 2.5
9 27 46.749
9 28 46.735
9 16 91.016
9 14 0.322
10 94 27.179
10 4 2.709
10 51 24.199
10 32 2.966
10 91 41.167
10 66 38.772
10 77 85.369
10 47 2.309
10 24 98.767
10 86 15.141
10 81 22.847
10 83 1.51
10 30 1.229
10 85 99.359
10 8 99.528
10 11 21.222
10 97 61.068
10 58 21.112
10 44 15.788
10 68 22.581
10 38 5.81
10 22 10.631
10 87 48.909
10 5 34.302
10 50 0.65
10 95 95.799
10 15 61.104
10 98 63.437
10 19 51.819
10 52 34.409
10 17 76.242
10 89 9.528
10 23 62.997
10 61 2.335
10 56 0.17
11 0 2.955
11 39 0.701
11 51 99.896
11 2 6.567
11 77 59.0
11 26 86.821
11 41 2.612
11 98 67.936
11 22 2.885
11 38 99.894
11 32 14.193
11 58 38.098
11 81 99.507
11 18 2.325
11 9 69.565
11 24 15.336
11 72 78.159
11 54 0.86
11 43 3.072
11 8 11.077
11 34 50.483
11 86 1.42
11 55 76.151
11 4 98.832
12 1 84.092
12 65 83.62
12 10 99.961
12 4 99.279
12 54 72.84
12 62 2.468
12 27 25.815
12 11 69.493
12 26 78.141
12 61 88.218
12 44 96.341
12 55 44.039
12 7 0.783
12 98 40.988
12 13 15.407
12 25 90.189
12 90 99.593
12 29 47.92
12 37 32.918
12 50 54.47
12 69 1.685
12 78 96.29
12 15 98.671
12 83 32.23
12 46 37.465
12 95 99.586
12 79 9.808
12 20 88.548
12 47 28.433
12 56 63.584
12 64 20.668
12 86 48.872
12 42 2.903
12 6 20.055
12 38 14.596
12 87 82.25
13 50 75.548
13 55 49.596
13 18 65.76
13 79 58.39
13 53 17.458
13 86 76.809
13 61 2.303
13 65 24.337
13 98 94.378
13 22 30.394
13 72 38.053
13 97 4.053
13 96 39.866
13 1 23.291
13 59 42.551
13 14 36.136
13 46 72.538
13 70 98.217
13 30 53.66
13 69 80.056
13 48 57.375
13 74 90.052
13 7 10.721
13 82 2.139
13 54 14.206
13 60 88.503
13 33 30.81
13 81 99.54
13 89 41.101
13 43 96.684
14 64 98.477
14 17 67.879
14 72 45.346
14 24 13.901
14 23 0.183
14 66 30.513
14 46 0.566
14 75 0.723
14 29 68.195
14 76 0.734
14 41 66.928
14 42 23.072
14 1 99.1
14 10 1.766
14 11 93.75
14 50 2.996
14 0 0.486
14 52 99.236
14 4 24.704
14 22 65.645
14 20 90.839
14 30 39.114
14 98 68.59
14 53 1.28
14 6 58.754
14 36 2.655
14 77 79.779
14 56 4.214
14 78 2.596
14 27 4.705
14 28 42.959
14 65 99.381
14 63 82.253
15 81 31.871
15 42 22.253
15 97 21.012
15 57 57.996
15 6 49.474
15 87 98.716
15 36 99.2
15 73 97.679
15 27 47.576
15 92 78.251
15 18 89.379
15 48 0.502
15 84 27.546
15 9 2.532
15 59 64.68
15 13 17.808
15 17 61.782
15 41 53.364
15 88 29.924
15 29 2.938
15 82 2.207
15 3 54.303
15 77 98.636
15 78 86.582
15 11 4.941
15 93 24.833
15 89 46.451
15 85 2.515
15 30 98.445
15 14 74.439
15 7 22.414
16 12 98.483
16 89 43.408
16 77 66.761
16 93 1.979
16 4 96.038
16 91 1.064
16 45 1.225
16 2 78.605
16 74 75.902
16 70 13.458
16 32 2.216
16 30 19.315
16 81 98.438
16 84 93.925
16 14 99.039
16 5 0.622
16 98 38.874
16 10 0.485
16 78 50.136
16 49 99.183
16 11 23.99
16 26 91.115
16 92 47.89
16 28 57.994
16 39 0.512
16 51 10.374
16 13 99.575
16 17 79.651
16 3 33.076
16 99 58.839
17 27 92.281
17 2 90.787
17 48 2.343
17 84 99.022
17 29 1.0
17 67 8.191
17 9 98.213
17 80 8.795
17 98 26.397
17 3 0.917
17 36 45.137
17 47 8.507
17 63 19.288
17 20 61.695
17 44 90.829
17 75 58.81
17 92 55.77
17 78 9.542
17 71 78.449
17 64 93.074
17 41 70.361
17 38 96.118
17 45 1.509
17 93 25.448
17 26 74.573
17 13 84.16
17 4 73.429
17 52 95.288
17 11 31.471
17 66 96.66
17 99 95.721
17 79 0.006
17 85 98.984
17 49 45.883
17 76 0.611
18 48 2.798
18 0 1.318
18 45 58.953
18 83 3.198
18 37 21.24
18 36 40.989
18 43 99.995
18 99 0.755
18 20 98.532
18 25 0.63
18 39 22.596
18 12 2.994
18 80 14.224
18 41 98.747
18 9 83.264
18 70 0.021
18 1 35.414
18 29 58.054
18 27 1.722
18 65 2.055
18 75 73.643
18 26 45.881
18 95 30.22
18 24 2.437
18 73 90.435
18 31 19.474
18 38 0.515
18 5 99.361
18 10 2.997
18 55 41.023
18 63 1.801
18 23 51.454
18 60 0.865
18 94 99.443
18 61 21.725
18 77 2.724
18 17 98.849
18 98 55.535
18 51 21.107
18 19 1.742
19 41 85.648
19 63 76.207
19 91 58.161
19 30 86.829
19 68 20.411
19 34 35.084
19 88 51.718
19 50 0.856
19 54 70.034
19 77 96.167
19 12 48.0
19 20 99.09
19 96 2.833
19 51 98.707
19 95 45.396
19 93 98.25
19 40 87.454
19 45 56.379
19 87 67.259
19 5 2.164
19 59 27.334
19 79 80.083
19 42 0.319
19 57 71.818
19 2 87.301
19 52 5.96
19 80 0.062
19 89 65.266
19 33 51.794
19 9 0.088
19 55 14.162
19 25 0.969
20 66 99.365
20 5 27.294
20 4 35.384
20 47 40.341
20 26 37.254
20 80 37.793
20 85 98.337
20 84 70.313
20 55 0.782
20 79 0.466
20 22 4.599
20 75 98.665
20 35 99.615
20 29 50.457
20 67 89.325
20 44 74.513
20 25 1.275
20 52 31.722
20 92 76.107
20 10 58.818
20 2 0.73
20 93 23.338
20 15 6.591
20 54 54.247
20 48 1.912
20 31 71.289
20 0 79.896
20 49 1.162
20 16 2.768
20 37 42.221
20 87 17.152
20 77 14.392
20 11 98.621
20 95 15.465
20 9 6.696
21 8 22.287
21 98 25.893
21 23 0.567
21 45 87.017
21 17 4.031
21 19 1.466
21 46 1.52
21 48 0.827
21 26 59.657
21 97 42.54
21 65 89.791
21 9 96.641
21 36 99.656
21 12 98.119
21 27 56.505
21 53 30.21
21 24 41.072
21 55 71.882
21 54 99.674
21 52 5.502
21 83 55.502
21 18 43.683
21 71 98.594
21 89 2.25
21 25 1.138
21 86 22.707
21 34 99.13
21 47 96.001
21 51 34.603
21 90 1.298
21 28 6.661
21 49 63.407
21 33 74.866
22 1 25.973
22 98 99.784
22 29 0.163
22 74 20.205
22 54 7.074
22 51 0.662
22 52 68.652
22 5 0.903
22 79 89.307
22 89 89.216
22 3 16.837
22 92 26.613
22 27 88.397
22 48 30.083
22 82 98.914
22 60 98.619
22 71 98.434
22 25 93.543
22 73 0.207
22 12 59.058
22 28 2.401
22 43 26.287
22 58 14.701
22 16 34.475
22 91 1.028
22 96 86.273
22 75 73.257
22 2 99.604
22 0 89.597
22 63 16.748
22 88 2.662
22 99 60.335
22 64 35.517
22 78 26.86
22 81 3.565
22 30 30.745
22 7 82.912
22 77 55.648
22 23 99.782
22 65 2.267
22 15 2.482
23 20 2.355
23 17 18.72
23 78 41.548
23 4 16.542
23 25 86.21
23 9 78.677
23 38 85.185
23 35 3.045
23 30 0.005
23 87 13.062
23 55 76.358
23 12 10.642
23 66 99.547
23 67 93.339
23 80 32.874
23 81 22.85
23 92 35.148
23 45 2.167
23 42 2.892
23 13 53.649
23 88 2.602
23 2 58.606
23 19 75.764
24 51 20.863
24 41 65.173
24 7 1.704
24 99 2.99
24 32 85.572
24 81 46.043
24 92 16.21
24 77 37.391
24 72 55.103
24 61 75.673
24 26 68.718
24 71 57.22
24 82 47.533
24 23 11.591
24 25 20.466
24 20 99.935
24 86 72.224
24 16 95.371
24 33 86.532
24 78 2.116
24 54 48.078
24 22 73.562
24 95 0.373
24 96 2.441
24 3 26.571
24 48 85.708
24 45 26.258
24 27 1.893
24 94 65.309
24 64 90.314
25 88 30.361
25 95 1.418
25 43 0.879
25 40 57.561
25 37 2.668
25 79 7.766
25 80 15.037
25 83 83.286
25 89 93.725
25 49 96.371
25 11 99.008
25 55 69.143
25 30 33.054
25 15 9.796
25 66 0.327
25 54 32.251
25 14 24.427
25 6 69.016
25 0 48.124
25 39 45.86
25 78 48.837
25 1 32.614
25 84 45.023
25 27 1.47
25 4 2.071
25 61 13.543
25 10 46.801
25 82 18.95
25 2 1.198
25 16 61.667
25 85 2.144
25 13 1.964
26 67 1.319
26 22 26.093
26 8 91.926
26 32 64.06
26 68 0.221
26 77 1.756
26 57 99.796
26 55 2.355
26 28 73.524
26 88 76.453
26 34 73.865
26 2 88.59
26 44 48.205
26 63 80.019
26 43 95.3
26 70 2.988
26 59 57.532
26 75 50.922
26 62 99.463
26 73 68.431
26 72 55.667
26 47 26.191
26 13 90.267
26 25 70.582
26 38 81.882
26 33 0.71
27 78 5.71
27 26 59.52
27 53 14.204
27 10 54.638
27 57 0.424
27 85 74.694
27 16 59.195
27 75 53.754
27 55 36.445
27 76 58.36
27 94 17.12
27 33 27.378
27 59 82.427
27 13 61.141
27 37 0.363
27 41 63.27
27 19 70.291
27 5 0.265
27 71 60.635
27 42 62.76
27 49 58.044
27 51 29.047
27 87 32.593
27 32 0.638
27 45 50.05
27 98 39.754
27 97 8.298
27 8 15.243
27 29 16.311
27 39 99.567
27 80 22.916
28 72 73.472
28 25 98.909
28 73 61.435
28 3 46.142
28 19 69.773
28 68 59.808
28 8 18.693
28 18 13.395
28 40 39.513
28 63 48.769
28 11 35.764
28 58 84.954
28 65 5.648
28 78 98.313
28 62 20.202
28 77 98.808
28 17 88.32
28 42 99.226
28 84 63.402
28 88 89.18
28 5 1.355
28 97 85.398
28 50 48.42
28 49 61.556
28 43 2.564
28 82 99.156
28 0 66.006
28 96 0.641
28 4 2.765
28 86 97.609
28 66 25.625
28 57 38.092
28 39 12.973
28 27 63.983
28 60 62.571
28 13 99.954
28 87 6.451
28 51 81.217
28 64 0.833
28 98 26.449
29 90 13.659
29 85 57.727
29 57 21.403
29 81 0.564
29 39 2.033
29 10 62.966
29 25 30.569
29 82 57.32
29 2 91.559
29 28 61.755
29 40 2.291
29 83 2.296
29 42 2.08
29 23 68.511
29 6 98.811
29 16 84.869
29 91 98.411
29 71 0.652
29 11 73.373
29 74 91.409
29 21 35.285
29 96 35.612
30 11 85.317
30 51 87.059
30 80 82.684
30 8 88.594
30 47 0.25
30 90 72.43
30 81 98.765
30 73 22.31
30 34 2.699
30 91 88.853
30 26 2.762
30 38 1.44
30 37 91.469
30 44 99.421
30 2 2.102
30 42 99.061
30 40 99.284
30 48 71.557
30 58 53.977
30 27 0.714
30 85 69.486
30 74 0.882
30 3 17.757
30 97 2.428
30 96 1.954
30 33 70.05
30 5 52.918
30 88 96.747
30 28 79.682
30 65 0.119
31 78 61.445
31 28 69.608
31 23 21.954
31 85 2.617
31 67 1.098
31 38 77.006
31 21 81.287
31 80 94.476
31 12 46.226
31 43 7.706
31 39 7.046
31 19 37.169
31 71 92.406
31 82 1.655
31 17 33.733
31 25 46.917
31 66 21.131
31 10 79.531
31 64 98.538
31 76 10.067
31 49 83.756
31 88 51.703
31 98 47.798
31 32 99.299
31 40 39.854
31 92 35.343
31 90 77.222
31 27 70.806
31 56 1.616
31 2 0.768
31 11 8.082
31 22 23.489
32 36 99.721
32 76 1.297
32 95 63.201
32 18 69.112
32 40 20.197
32 22 0.432
32 61 61.896
32 0 99.328
32 46 68.071
32 47 1.018
32 43 67.299
32 54 98.794
32 94 98.822
32 65 37.5
32 67 73.163
32 48 99.418
32 90 94.918
32 15 38.933
32 21 0.324
32 45 51.036
32 82 6.907
32 39 76.898
32 53 87.126
32 71 71.112
32 14 93.631
32 72 2.414
32 25 74.224
32 2 27.517
32 59 49.554
32 51 55.091
32 7 86.526
32 52 24.633
32 87 0.466
32 23 46.5
32 68 49.018
32 55 21.766
32 8 17.247
32 60 8.349
33 98 2.585
33 12 99.482
33 11 59.4
33 84 2.149
33 10 60.859
33 9 47.754
33 56 45.433
33 46 3.573
33 29 79.116
33 39 81.179
33 41 32.869
33 77 99.044
33 53 94.738
33 57 93.764
33 25 82.364
33 85 3.27
33 15 98.883
33 94 64.976
33 78 67.871
33 64 96.376
33 52 98.312
33 17 86.207
33 92 0.981
33 67 84.266
33 20 43.473
33 31 15.759
33 79 96.206
33 14 1.76
33 60 0.178
33 99 89.371
33 45 1.269
33 34 88.656
33 69 0.926
33 32 49.429
33 6 73.566
33 74 48.332
33 75 22.529
33 58 5.662
33 3 23.203
33 23 62.809
34 90 17.019
34 91 91.218
34 85 26.789
34 77 26.616
34 89 60.348
34 80 4.176
34 36 48.402
34 42 99.521
34 16 99.896
34 88 1.546
34 22 40.888
34 0 91.526
34 53 99.27
34 44 17.682
34 83 98.467
34 4 26.245
34 51 93.932
34 97 2.034
34 64 42.707
34 47 2.075
34 18 0.087
34 45 81.841
34 76 67.615
34 12 95.297
34 27 30.84
34 5 86.784
34 28 43.582
34 20 98.223
34 56 46.245
34 50 98.121
34 49 90.325
35 41 99.44
35 18 94.492
35 38 1.849
35 10 2.566
35 66 9.255
35 58 90.834
35 25 98.546
35 16 23.968
35 11 79.705
35 49 19.9
35 85 2.249
35 69 0.765
35 50 86.802
35 73 41.078
35 96 1.296
35 47 56.768
35 76 59.546
35 2 1.385
35 79 2.411
35 97 44.283
35 52 26.08
35 93 27.82
35 89 4.899
35 31 1.327
35 32 1.658
35 34 75.577
35 72 90.627
35 68 98.52
35 29 31.528
35 60 84.361
35 80 2.502
35 15 13.18
35 6 99.317
35 36 93.278
35 3 53.097
35 39 2.161
35 61 95.535
35 24 32.423
35 56 44.581
35 17 80.971
35 71 1.983
35 37 93.113
36 13 48.954
36 0 54.171
36 31 25.875
36 66 39.197
36 22 69.779
36 52 2.842
36 11 9.539
36 9 26.381
36 8 99.479
36 16 99.504
36 41 8.427
36 65 52.348
36 54 50.252
36 20 0.269
36 91 77.041
36 59 54.158
36 5 44.695
36 83 1.574
36 45 2.108
36 95 26.396
36 94 87.781
36 88 94.244
36 53 1.626
36 86 64.063
36 61 58.133
36 72 99.905
36 55 77.56
36 63 98.156
36 25 79.878
36 89 2.681
36 43 40.957
36 39 10.525
36 26 0.307
36 23 0.781
36 97 34.795
36 40 66.469
36 2 64.401
36 19 14.207
36 69 0.729
36 49 0.556
37 19 87.239
37 54 99.274
37 21 2.66
37 1 73.523
37 71 36.905
37 24 1.607
37 70 19.249
37 39 74.972
37 86 0.235
37 72 1.66
37 96 74.162
37 60 97.243
37 10 43.38
37 95 0.563
37 99 71.511
37 29 13.842
37 40 73.472
37 23 23.251
37 81 3.806
37 65 43.049
37 63 21.306
37 79 0.411
37 48 79.278
37 53 99.6
37 28 32.635
37 3 98.235
37 66 2.724
37 78 58.026
38 29 83.173
38 8 99.132
38 92 99.164
38 90 4.371
38 60 76.625
38 59 29.458
38 32 52.959
38 4 5.209
38 51 1.674
38 20 32.69
38 67 84.405
38 91 0.856
38 95 8.062
38 63 42.157
38 80 62.778
38 87 71.013
38 58 99.015
38 46 0.059
38 97 0.066
38 19 3.182
38 15 48.385
38 49 1.857
38 54 99.55
38 74 2.277
38 94 56.73
38 53 1.539
38 76 93.072
38 25 89.0
38 55 41.374
38 93 73.577
39 59 58.475
39 88 0.235
39 23 1.953
39 70 1.261
39 92 93.416
39 95 0.045
39 57 29.649
39 40 32.479
39 34 1.291
39 64 82.244
39 22 46.334
39 54 33.43
39 44 48.495
39 49 10.426
39 83 40.509
39 42 1.743
39 77 17.903
39 96 0.602
39 75 17.751
39 72 68.281
39 73 42.036
39 99 54.663
39 20 98.007
39 0 1.355
39 45 7.584
39 5 99.526
39 10 81.986
39 68 11.226
39 26 13.188
39 85 62.996
39 67 98.374
39 48 47.268
39 12 72.218
40 33 37.473
40 75 78.361
40 18 1.075
40 34 46.593
40 10 90.653
40 86 62.018
40 62 85.342
40 16 72.045
40 65 2.32
40 14 77.76
40 9 1.548
40 71 0.965
40 76 89.554
40 54 30.536
40 81 0.641
40 68 0.201
40 94 48.808
40 72 16.153
40 35 99.668
40 78 0.529
40 64 8.038
40 80 82.347
40 79 37.135
40 4 93.62
40 51 32.311
40 38 71.522
40 22 71.349
40 13 1.508
40 67 65.897
40 0 2.563
40 91 50.574
40 90 2.37
40 95 33.449
40 46 4.826
40 47 1.074
40 48 49.281
40 97 2.518
40 43 98.776
40 20 98.404
41 6 99.757
41 64 99.639
41 78 0.646
41 45 88.651
41 2 55.51
41 52 77.427
41 46 98.364
41 48 2.325
41 98 11.946
41 60 0.042
41 63 30.704
41 21 38.416
41 26 1.104
41 16 99.31
41 32 13.17
41 10 86.482
41 5 99.995
41 54 2.196
41 31 71.309
41 59 81.609
41 89 66.529
41 34 2.76
41 30 8.689
41 73 35.438
41 95 27.783
41 20 30.598
41 99 98.689
41 94 99.185
41 67 88.222
41 43 75.136
41 44 0.94
41 82 1.204
41 83 98.885
41 57 78.098
42 43 76.105
42 47 29.876
42 0 3.933
42 56 34.188
42 95 99.732
42 63 81.226
42 61 2.888
42 48 1.832
42 60 37.003
42 54 21.428
42 93 68.364
42 67 85.52
42 83 66.15
42 85 10.981
42 7 37.062
42 40 53.825
42 33 35.482
42 80 39.022
42 99 66.003
42 97 97.482
42 18 32.612
42 77 50.129
42 16 98.706
42 35 26.961
42 59 59.754
42 2 10.277
42 73 0.581
42 17 24.796
42 11 84.426
42 38 99.968
42 45 98.443
42 10 76.266
42 37 99.391
42 98 11.799
43 15 33.227
43 7 88.325
43 46 43.984
43 68 99.198
43 34 2.476
43 63 47.539
43 72 64.416
43 73 72.357
43 55 63.226
43 69 34.255
43 70 2.869
43 49 82.421
43 17 0.148
43 14 3.615
43 74 66.132
43 59 80.223
43 37 18.514
43 79 2.055
43 92 74.676
43 12 2.62
43 84 11.498
43 10 1.99
43 39 29.595
43 24 0.221
43 19 62.188
43 81 57.464
43 20 32.852
43 2 47.478
43 91 25.617
43 0 15.918
43 66 1.802
44 0 64.886
44 83 59.279
44 42 99.739
44 78 26.752
44 73 0.555
44 63 2.218
44 23 0.939
44 65 67.617
44 89 86.174
44 11 16.357
44 31 30.872
44 35 46.645
44 3 71.646
44 88 54.44
44 48 99.065
44 99 66.119
44 60 54.847
44 72 0.896
44 69 98.611
44 54 71.304
44 28 71.962
44 85 53.297
44 82 1.679
44 38 2.201
44 92 95.888
44 29 15.454
44 77 51.205
44 18 85.418
44 64 20.82
44 21 99.387
44 91 2.996
44 7 44.729
44 1 62.796
44 66 0.953
44 36 84.297
45 48 2.743
45 81 99.582
45 82 73.514
45 94 1.669
45 38 98.162
45 84 0.715
45 30 3.882
45 96 55.599
45 62 2.69
45 25 77.069
45 28 27.348
45 91 37.529
45 58 82.093
45 57 98.648
45 44 55.076
45 74 0.977
45 14 67.857
45 5 3.159
45 60 1.833
45 65 68.509
45 49 63.049
45 63 42.757
45 47 25.657
45 90 1.632
45 73 85.507
45 13 78.238
45 54 48.024
45 9 12.957
45 2 27.05
45 83 99.63
45 86 45.623
45 4 14.868
45 69 79.289
45 15 44.843
46 20 21.993
46 81 26.09
46 47 2.316
46 48 0.432
46 71 64.57
46 28 35.842
46 25 58.639
46 93 98.661
46 31 96.875
46 50 36.231
46 42 94.698
46 98 1.288
46 49 98.958
46 1 19.699
46 72 70.441
46 22 93.718
46 89 13.075
46 70 40.061
46 15 2.178
46 86 41.902
46 79 1.523
46 27 0.48
46 37 39.242
46 39 94.768
46 94 61.179
46 59 0.031
46 16 3.066
46 44 98.934
46 7 4.92
46 30 34.341
46 90 42.1
46 10 38.502
46 84 2.841
46 58 9.43
46 4 46.797
46 76 65.71
46 54 9.477
46 75 1.112
47 37 99.734
47 61 99.542
47 0 44.18
47 68 44.768
47 94 99.664
47 59 23.852
47 43 1.174
47 4 85.337
47 44 93.119
47 36 94.877
47 6 39.911
47 64 78.471
47 39 2.151
47 80 64.461
47 19 99.664
47 14 2.751
47 29 94.811
47 51 13.384
47 16 15.625
47 58 69.94
47 18 81.745
47 5 43.194
47 56 62.616
47 24 46.946
47 28 36.463
47 77 65.549
47 22 14.532
47 52 44.465
47 99 99.706
47 96 79.458
47 76 1.454
47 63 31.674
47 74 76.619
47 60 90.669
47 69 21.764
47 85 39.073
47 66 16.96
48 78 2.572
48 5 81.701
48 0 4.323
48 69 1.683
48 27 46.531
48 14 99.836
48 38 1.931
48 33 4.436
48 90 99.722
48 84 3.272
48 76 75.565
48 80 88.698
48 66 98.958
48 25 77.724
48 59 47.745
48 8 43.153
48 2 2.517
48 72 40.936
48 93 99.434
48 94 74.711
48 64 65.703
48 34 23.02
48 12 3.671
48 53 92.477
49 29 99.269
49 91 2.069
49 30 1.081
49 10 89.041
49 32 15.308
49 53 94.882
49 55 98.628
49 40 6.283
49 51 99.28
49 79 7.47
49 73 53.738
49 87 8.538
49 48 95.882
49 65 26.756
49 44 2.1
49 3 14.548
49 95 17.836
49 42 76.94
49 99 0.906
49 11 87.635
49 13 99.227
49 26 45.208
49 4 9.47
49 74 1.11
49 82 1.558
49 14 21.177
49 96 36.319
49 12 2.456
49 97 63.986
49 85 53.593
49 5 94.123
49 8 98.403
50 42 30.164
50 97 39.942
50 56 36.59
50 76 50.485
50 9 0.779
50 17 80.129
50 25 5.876
50 49 50.545
50 65 91.875
50 31 98.578
50 44 50.054
50 81 98.525
50 86 72.99
50 79 19.924
50 1 0.643
50 40 52.477
50 36 41.208
50 20 91.309
50 43 17.336
50 15 86.111
50 67 12.337
50 69 76.199
50 29 40.624
50 4 1.362
50 2 77.677
50 53 75.173
50 22 2.88
51 58 8.673
51 93 9.671
51 56 62.667
51 54 50.505
51 9 54.623
51 79 80.447
51 96 28.774
51 0 69.732
51 88 90.066
51 48 94.4
51 14 60.949
51 35 99.993
51 59 99.71
51 87 1.513
51 17 98.124
51 84 11.897
51 62 98.058
51 46 45.992
51 77 52.593
51 12 21.652
51 61 34.291
51 55 2.348
51 20 80.079
51 95 85.881
51 6 22.018
52 24 27.091
52 45 11.754
52 86 5.012
52 63 3.673
52 89 59.411
52 2 79.998
52 40 99.774
52 25 75.558
52 95 38.702
52 28 72.304
52 13 17.404
52 84 8.094
52 68 92.356
52 49 88.452
52 34 90.785
52 39 60.42
52 76 50.965
52 42 63.382
52 11 83.716
52 18 98.823
52 61 99.606
52 73 96.215
52 93 17.213
52 48 9.481
52 23 8.309
52 91 42.432
52 38 2.398
52 30 24.551
53 51 35.951
53 45 48.708
53 22 1.009
53 47 9.01
53 90 56.852
53 41 1.86
53 43 27.212
53 46 63.759
53 6 25.026
53 76 69.491
53 63 80.512
53 10 99.228
53 72 2.248
53 26 99.17
53 52 69.623
53 59 36.676
53 94 6.927
53 96 64.166
53 31 98.233
53 98 64.401
53 20 35.607
53 64 49.684
53 35 58.275
53 92 96.209
53 54 55.823
53 86 21.356
53 40 94.398
53 30 11.561
53 61 69.89
53 25 16.825
53 66 11.853
53 1 0.939
53 3 0.27
53 29 43.481
53 83 23.109
53 7 56.614
53 28 29.282
54 62 94.724
54 1 12.307
54 76 9.185
54 81 15.345
54 49 45.517
54 48 99.972
54 85 1.618
54 82 0.274
54 96 48.841
54 98 33.562
54 9 33.938
54 3 92.187
54 23 1.7
54 68 42.591
54 30 75.116
54 87 29.016
54 61 63.538
54 35 91.298
54 97 76.401
54 14 44.144
54 65 74.103
54 27 66.915
54 31 77.651
54 92 3.479
54 71 1.851
54 99 12.061
55 61 59.229
55 87 29.726
55 65 2.162
55 53 97.412
55 70 72.847
55 48 98.979
55 96 40.018
55 88 60.977
55 47 73.899
55 28 28.075
55 45 66.047
55 29 1.132
55 82 74.004
55 66 53.081
55 31 2.028
55 30 9.318
55 37 54.625
55 83 99.789
55 35 98.917
55 41 37.102
55 94 96.077
55 90 15.725
55 78 72.859
55 58 1.854
55 76 94.296
55 15 72.169
55 5 1.625
55 97 68.792
55 81 14.82
55 16 43.491
55 69 84.686
55 42 82.059
56 85 99.105
56 53 41.037
56 74 0.66
56 43 12.051
56 49 78.213
56 8 1.928
56 21 65.499
56 60 2.137
56 81 98.35
56 30 1.294
56 20 85.736
56 54 98.632
56 23 1.522
56 25 98.31
56 59 7.141
56 11 0.449
56 78 2.874
56 87 99.906
56 41 2.765
56 69 57.333
56 55 2.205
56 66 99.071
56 61 82.43
56 82 55.199
56 83 45.861
56 5 13.777
56 38 9.75
56 32 0.348
56 65 33.194
56 22 77.487
56 27 81.219
56 28 99.396
56 16 1.242
56 18 99.179
56 13 3.249
56 37 1.844
57 11 59.989
57 90 2.759
57 92 1.938
57 91 26.865
57 13 70.932
57 20 83.175
57 35 80.909
57 3 78.4
57 24 98.759
57 54 1.597
57 21 2.61
57 84 0.494
57 58 98.223
57 69 75.604
57 59 94.858
57 97 76.188
57 49 1.741
57 38 83.196
57 78 82.555
57 83 81.864
57 72 64.845
57 86 44.815
57 89 1.921
57 12 31.867
57 66 36.682
57 17 2.101
57 63 1.868
57 53 85.198
57 37 56.634
57 32 4.051
57 44 99.776
57 98 80.111
57 75 0.559
57 71 30.037
57 62 15.25
57 18 47.537
57 6 99.017
57 88 2.384
57 7 89.68
57 14 5.551
57 10 47.419
58 6 98.872
58 83 79.014
58 24 24.663
58 16 7.65
58 53 18.119
58 43 32.961
58 36 59.66
58 78 84.491
58 66 84.68
58 27 87.105
58 44 16.903
58 40 0.961
58 97 51.799
58 54 41.981
58 4 47.276
58 48 9.549
58 21 63.957
58 20 91.841
58 92 79.674
58 12 0.377
58 37 15.853
58 41 22.559
58 8 0.156
58 75 59.051
58 19 98.758
58 86 17.656
58 23 92.278
58 15 2.73
58 74 1.71
58 63 18.256
58 34 35.494
58 68 48.856
59 33 28.142
59 22 6.682
59 93 99.012
59 66 79.538
59 79 84.331
59 29 77.538
59 9 47.809
59 71 0.236
59 74 10.454
59 12 25.483
59 1 22.167
59 11 98.237
59 35 27.517
59 21 64.588
59 20 1.497
59 5 77.037
59 25 1.082
59 10 15.002
59 14 0.772
59 70 15.313
59 52 99.394
59 31 71.406
59 83 90.979
59 17 1.333
59 91 66.721
59 55 28.886
59 45 19.655
59 49 43.026
59 16 5.835
60 59 61.505
60 14 87.892
60 31 41.039
60 69 34.391
60 3 48.492
60 81 46.373
60 6 98.129
60 94 28.361
60 64 1.373
60 40 61.286
60 50 82.626
60 24 6.947
60 55 1.481
60 87 59.25
60 73 2.844
60 19 38.144
60 79 64.973
60 53 15.206
60 17 65.815
60 61 91.269
60 27 0.571
60 72 82.127
60 80 2.195
60 16 6.489
60 58 62.268
60 8 92.486
60 15 81.936
60 51 41.375
60 97 35.289
60 10 5.755
60 39 19.804
60 54 25.194
60 67 73.508
60 43 0.722
60 2 20.595
60 93 73.059
60 29 4.624
60 52 36.614
60 11 25.866
60 25 22.442
60 30 98.825
60 48 27.617
60 90 50.211
60 74 46.664
61 83 86.682
61 94 32.021
61 75 0.542
61 80 0.265
61 96 16.67
61 30 29.023
61 71 45.003
61 43 93.166
61 29 19.167
61 59 2.978
61 0 76.394
61 16 77.561
61 31 77.213
61 57 57.452
61 48 40.132
61 85 11.081
61 93 57.335
61 26 2.709
61 81 88.816
61 15 4.829
61 20 60.807
61 9 52.019
61 19 1.395
61 49 18.046
61 44 0.23
61 86 64.406
61 4 0.488
61 88 73.5
61 63 82.837
61 73 21.245
61 33 73.713
61 70 0.729
62 59 80.389
62 72 0.352
62 29 48.98
62 39 53.339
62 58 2.849
62 37 41.334
62 27 1.995
62 19 69.245
62 94 23.176
62 84 25.707
62 14 20.928
62 13 35.724
62 44 76.119
62 23 19.71
62 43 7.964
62 25 1.595
62 92 2.028
62 96 2.133
62 0 60.742
62 99 75.973
62 42 2.324
62 7 45.557
62 22 96.916
62 15 5.517
62 55 2.85
62 83 11.459
62 49 74.692
62 5 2.159
62 10 14.136
62 65 64.615
62 67 94.113
62 63 21.759
62 60 80.422
62 56 92.088
62 98 73.683
63 15 34.753
63 21 26.447
63 55 99.845
63 60 17.061
63 89 74.367
63 31 46.755
63 3 58.726
63 85 93.34
63 54 1.71
63 23 85.536
63 99 73.697
63 72 2.892
63 65 23.403
63 88 1.1
63 77 67.095
63 93 36.377
63 94 98.362
63 40 10.382
63 34 98.015
63 27 38.196
63 86 0.118
63 35 3.391
63 79 98.483
63 2 1.858
63 83 43.029
63 20 14.057
63 75 59.937
63 51 8.765
63 32 85.936
63 69 98.964
63 1 0.758
63 46 83.652
64 50 73.256
64 94 1.778
64 43 81.141
64 51 0.903
64 36 0.636
64 18 2.394
64 5 17.419
64 96 47.395
64 13 44.782
64 52 87.294
64 76 50.62
64 49 16.233
64 7 73.922
64 42 25.532
64 56 28.665
64 16 46.543
64 98 40.51
64 45 38.988
64 97 81.805
64 70 48.086
64 65 79.215
64 23 0.117
64 63 6.822
64 99 99.536
64 58 80.014
64 35 98.45
64 61 29.135
64 27 54.431
64 29 99.042
64 38 2.23
64 59 83.384
65 77 1.515
65 71 7.548
65 27 99.034
65 60 0.09
65 87 38.163
65 53 47.315
65 26 98.113
65 47 44.011
65 41 58.501
65 85 89.411
65 16 78.867
65 91 0.73
65 78 92.165
65 89 71.597
65 97 14.112
65 96 42.945
65 25 32.571
65 39 79.733
65 3 1.407
65 33 34.155
65 90 92.557
65 9 8.689
65 2 99.23
65 42 0.82
65 20 49.305
65 51 48.266
65 70 1.707
65 73 38.679
65 46 34.352
66 51 60.515
66 45 61.458
66 94 99.739
66 67 2.208
66 77 84.705
66 63 99.297
66 82 4.793
66 39 46.236
66 80 24.758
66 64 99.898
66 7 47.797
66 21 1.163
66 95 34.809
66 38 1.802
66 62 1.194
66 79 11.11
66 34 1.329
66 96 98.851
66 18 97.16
66 15 15.622
66 41 0.871
66 46 98.027
66 26 1.297
66 9 57.937
66 33 54.508
66 89 82.012
66 40 6.298
66 74 2.655
66 0 65.74
66 30 52.687
66 24 96.48
67 58 0.112
67 14 14.88
67 19 22.127
67 78 98.419
67 69 1.358
67 22 84.074
67 94 93.255
67 88 99.612
67 45 43.907
67 8 88.939
67 27 84.585
67 73 5.509
67 83 0.487
67 76 99.649
67 52 42.064
67 35 48.264
67 13 5.382
67 25 30.615
67 12 98.902
67 5 56.549
67 97 2.845
67 37 13.174
67 24 87.211
67 68 19.309
67 59 13.561
67 21 67.952
67 84 88.052
68 74 93.484
68 23 2.235
68 94 18.787
68 16 99.517
68 66 98.344
68 22 93.485
68 20 85.291
68 29 19.218
68 90 16.942
68 56 65.051
68 86 2.246
68 31 76.137
68 91 70.866
68 95 59.661
68 44 2.196
68 13 75.939
68 24 79.709
68 62 85.124
68 34 0.074
68 3 36.404
68 27 21.212
68 21 1.239
68 57 44.543
68 0 17.739
68 12 53.93
68 17 51.498
68 64 96.355
68 2 15.425
68 88 52.537
68 85 84.567
68 45 99.944
68 59 32.224
68 55 36.467
69 28 71.392
69 88 47.688
69 87 97.596
69 30 87.028
69 32 1.591
69 65 0.436
69 66 61.741
69 6 35.32
69 40 2.041
69 73 32.122
69 64 0.048
69 24 99.99
69 25 39.515
69 79 39.098
69 53 6.385
69 58 55.861
69 29 98.265
69 27 6.835
69 21 96.123
69 23 57.691
69 41 20.249
69 93 59.544
69 68 97.394
69 61 99.651
69 8 50.511
69 85 43.57
69 39 99.115
70 73 2.506
70 40 83.14
70 9 58.132
70 24 6.638
70 28 26.355
70 57 83.645
70 79 27.187
70 27 90.355
70 17 98.093
70 14 13.728
70 89 13.068
70 49 18.442
70 47 1.776
70 44 0.832
70 62 1.714
70 36 7.075
70 21 31.495
70 15 30.466
70 81 89.21
70 22 97.507
70 41 99.085
70 86 72.469
70 90 92.959
70 10 64.932
70 71 54.115
70 25 74.16
70 35 20.957
70 33 78.519
70 60 81.694
70 45 98.221
70 0 33.197
70 3 98.113
70 48 76.521
70 34 57.093
70 63 48.633
70 23 0.65
70 31 54.288
70 58 43.692
70 88 27.489
71 98 88.244
71 13 50.542
71 3 98.176
71 14 15.959
71 20 29.947
71 50 66.514
71 56 99.289
71 33 81.759
71 5 2.378
71 52 1.394
71 74 1.125
71 89 76.41
71 10 59.384
71 15 0.811
71 26 20.201
71 95 90.792
71 19 98.387
71 11 50.761
71 39 1.123
71 12 83.676
71 38 88.918
71 77 63.74
71 63 89.931
71 23 63.769
71 25 98.264
71 93 98.764
71 36 79.108
71 62 26.057
71 83 94.797
71 48 37.775
71 55 14.527
71 97 99.827
71 42 0.423
71 92 71.137
71 44 45.868
71 4 30.091
71 1 11.824
71 68 1.743
71 2 90.777
71 30 81.87
71 60 61.076
71 51 65.465
71 41 2.079
71 34 6.811
71 96 8.702
71 53 16.095
72 17 99.267
72 16 11.841
72 47 0.775
72 79 99.882
72 29 0.538
72 95 0.031
72 94 40.113
72 58 12.031
72 34 25.225
72 21 24.351
72 75 12.733
72 85 1.054
72 38 55.699
72 9 65.122
72 1 0.105
72 68 99.965
72 69 43.84
72 59 0.475
72 42 38.282
72 51 81.354
72 30 71.416
72 6 81.987
72 81 64.497
72 88 0.093
72 25 8.059
72 66 14.722
72 89 18.839
72 90 63.085
72 49 71.774
72 27 46.024
72 74 99.001
72 12 67.918
72 54 64.483
72 93 53.899
72 52 24.419
72 50 99.528
73 50 58.243
73 12 99.238
73 68 89.87
73 23 3.98
73 36 89.21
73 56 58.96
73 20 74.149
73 14 45.889
73 48 53.613
73 5 9.48
73 91 96.894
73 76 2.916
73 63 83.223
73 55 33.763
73 74 18.862
73 11 2.288
73 58 2.086
73 64 78.768
73 77 23.322
73 51 13.131
73 34 71.06
73 21 98.542
73 10 30.528
73 72 98.153
73 29 70.958
73 94 89.469
73 84 99.387
73 17 31.708
73 97 10.161
73 4 48.191
73 78 13.206
74 37 16.456
74 41 24.203
74 8 32.834
74 5 0.033
74 32 82.531
74 23 99.849
74 76 95.241
74 44 0.494
74 93 2.846
74 79 96.888
74 55 0.188
74 69 68.84
74 34 98.552
74 92 70.766
74 70 74.81
74 27 49.578
74 98 2.499
74 14 94.877
74 6 96.283
74 67 62.403
74 18 2.922
74 19 74.387
74 10 68.428
74 91 1.754
74 35 1.244
74 95 99.863
74 80 2.876
74 62 82.015
74 21 31.606
74 39 32.456
74 64 53.621
74 46 2.669
74 86 99.736
74 52 81.194
74 12 62.173
74 78 26.035
74 54 54.299
74 9 1.979
74 24 36.544
74 53 99.031
74 4 49.616
74 36 97.071
74 25 68.127
75 68 2.227
75 28 7.349
75 32 98.381
75 41 60.354
75 53 2.716
75 67 63.583
75 15 99.236
75 49 98.333
75 62 74.677
75 44 2.975
75 60 1.468
75 83 98.82
75 2 1.158
75 42 67.195
75 52 26.694
75 59 17.542
75 37 67.338
75 9 51.979
75 24 91.452
75 82 0.411
75 73 2.224
75 79 49.659
75 30 37.969
75 76 1.872
75 51 1.982
75 85 2.119
75 34 87.438
75 93 34.223
75 92 77.935
75 16 9.587
75 56 47.543
75 66 27.094
75 64 66.143
75 54 7.579
75 69 2.722
76 92 2.669
76 80 47.139
76 56 98.451
76 39 13.345
76 37 3.195
76 57 53.642
76 26 2.132
76 83 90.478
76 79 38.071
76 8 25.727
76 60 40.013
76 11 47.788
76 82 62.134
76 29 15.139
76 45 20.792
76 22 1.583
76 30 2.098
76 88 44.348
76 5 79.794
76 59 68.15
76 42 99.108
76 68 49.886
76 16 99.484
76 43 23.402
76 19 97.329
76 81 26.674
76 12 38.46
77 29 34.559
77 27 70.78
77 57 38.961
77 62 99.586
77 13 32.591
77 41 98.537
77 61 15.259
77 88 2.766
77 3 23.44
77 54 8.155
77 90 98.411
77 64 73.359
77 76 95.181
77 72 78.139
77 68 17.835
77 25 42.612
77 0 17.428
77 56 89.153
77 81 28.28
77 36 98.904
77 48 0.932
77 75 74.036
77 86 28.09
77 98 24.677
77 21 84.49
78 64 2.807
78 62 88.786
78 9 56.44
78 38 81.326
78 70 34.868
78 18 89.643
78 86 26.194
78 92 55.35
78 35 99.028
78 81 1.766
78 68 50.259
78 93 2.032
78 47 88.591
78 66 82.843
78 76 2.742
78 19 76.529
78 6 30.418
78 46 2.864
78 79 26.04
78 69 98.126
78 4 40.328
78 72 74.657
78 94 92.461
78 10 1.051
78 53 99.267
78 45 38.789
78 52 11.774
78 83 58.348
78 42 98.281
78 96 91.619
78 34 1.355
78 50 87.672
78 60 49.861
78 54 24.116
79 57 2.178
79 18 99.718
79 91 6.735
79 36 2.388
79 56 95.112
79 14 59.56
79 73 94.432
79 44 1.896
79 54 4.11
79 89 34.41
79 34 80.875
79 39 98.318
79 16 0.526
79 94 22.537
79 53 65.32
79 80 68.183
79 83 36.489
79 28 21.606
79 61 98.743
79 24 49.684
79 2 86.663
79 23 94.593
79 42 98.942
79 77 1.045
79 52 59.672
79 26 2.144
79 65 34.21
79 58 2.686
79 10 3.442
79 92 69.872
79 7 2.731
79 55 95.941
79 82 1.645
79 85 70.702
79 5 96.057
80 2 92.417
80 49 4.393
80 8 31.169
80 68 28.439
80 88 98.892
80 78 99.423
80 11 31.034
80 69 57.233
80 63 15.111
80 57 97.272
80 93 81.108
80 43 6.661
80 97 95.975
80 99 23.811
80 94 98.265
80 64 71.668
80 90 1.179
80 77 78.127
80 70 92.442
80 29 62.395
80 67 18.037
80 24 97.411
80 36 23.076
80 50 90.443
80 53 99.628
80 84 6.345
80 83 1.072
80 72 9.405
80 52 30.07
81 79 1.193
81 6 0.055
81 53 14.484
81 20 99.955
81 66 94.506
81 2 51.48
81 89 0.315
81 47 25.752
81 42 26.228
81 94 17.822
81 58 51.589
81 36 48.985
81 51 41.414
81 12 52.883
81 31 0.843
81 57 15.402
81 75 6.778
81 65 2.26
81 33 94.076
81 38 96.718
81 67 72.747
81 34 67.461
81 87 49.202
81 64 6.014
81 48 1.448
81 69 99.476
81 18 93.546
81 25 99.478
81 7 70.937
81 26 51.834
82 59 88.109
82 72 37.189
82 93 79.163
82 67 2.943
82 84 98.465
82 10 43.733
82 4 45.422
82 53 45.148
82 64 1.419
82 48 20.874
82 37 66.938
82 51 13.892
82 62 11.143
82 58 63.154
82 39 6.662
82 8 2.022
82 77 2.99
82 60 1.665
82 65 0.593
82 80 55.716
82 5 63.616
82 7 26.268
82 87 17.676
82 89 0.749
82 43 93.727
82 96 44.432
82 81 18.09
82 86 0.933
82 16 70.457
82 92 54.765
82 78 9.312
83 89 40.576
83 24 29.995
83 27 23.52
83 85 62.916
83 95 2.314
83 97 38.527
83 15 11.454
83 22 59.479
83 51 79.119
83 50 2.747
83 40 29.596
83 77 99.11
83 66 63.217
83 46 6.849
83 54 51.179
83 72 10.104
83 35 1.325
83 84 77.073
83 33 99.143
83 1 42.639
83 68 98.061
83 96 91.139
83 52 1.624
83 20 99.132
83 16 42.874
83 43 94.822
84 79 83.16
84 21 14.626
84 53 78.21
84 40 2.129
84 44 1.976
84 65 63.142
84 19 99.141
84 30 85.721
84 64 78.758
84 12 2.06
84 55 53.256
84 98 76.685
84 37 99.841
84 38 2.718
84 54 36.402
84 0 1.853
84 10 18.081
84 72 64.633
84 32 20.563
84 74 44.152
84 81 34.145
84 34 26.535
84 27 1.326
84 90 10.16
84 78 56.938
84 47 65.643
84 26 24.319
84 23 6.19
84 99 29.458
84 59 92.204
84 7 80.874
84 96 14.6
84 56 36.633
84 93 25.047
84 69 67.485
84 35 71.903
84 13 21.33
84 58 99.702
84 29 51.638
84 24 28.328
84 91 72.192
84 77 4.014
84 2 61.835
84 22 28.867
84 97 21.29
84 60 2.794
84 39 1.113
84 70 74.949
85 3 14.74
85 16 1.14
85 66 65.311
85 13 0.302
85 73 2.888
85 19 56.566
85 53 99.952
85 26 57.184
85 45 82.28
85 70 1.922
85 0 2.555
85 32 17.803
85 4 58.522
85 22 1.263
85 82 1.279
85 57 99.556
85 51 50.87
85 96 68.905
85 67 93.438
85 40 5.232
85 89 89.424
85 80 99.066
85 28 57.925
85 23 61.715
85 24 58.927
85 92 30.835
85 84 86.781
85 71 26.79
85 38 95.623
85 52 78.243
85 48 68.439
86 38 0.066
86 25 0.738
86 33 9.141
86 87 70.81
86 59 66.543
86 94 98.16
86 96 11.191
86 81 18.413
86 69 62.836
86 15 62.215
86 80 25.622
86 31 77.549
86 41 4.628
86 66 99.62
86 99 99.519
86 83 10.82
86 54 0.539
86 48 77.963
86 76 16.629
86 64 75.481
86 2 26.698
86 29 34.622
86 75 23.466
86 88 90.244
86 56 1.703
86 1 0.847
86 27 51.017
86 32 99.399
86 97 86.664
86 42 6.905
86 60 1.603
86 71 0.633
86 49 34.356
87 63 24.927
87 96 87.373
87 97 74.399
87 39 2.51
87 90 68.11
87 50 31.938
87 78 45.586
87 91 1.976
87 98 97.48
87 41 95.038
87 53 2.924
87 16 0.519
87 85 5.439
87 80 92.218
87 0 77.846
87 58 99.055
87 43 1.067
87 75 54.029
87 35 1.11
87 42 4.979
87 72 1.244
87 59 70.73
87 3 23.748
87 62 0.422
87 17 8.493
87 24 77.485
87 37 71.161
87 4 99.78
87 70 2.036
87 79 6.106
87 29 2.298
87 36 0.426
87 77 5.213
87 66 27.246
87 6 50.569
87 13 12.454
87 7 99.764
88 89 8.74
88 20 2.67
88 41 60.879
88 27 71.543
88 40 86.231
88 45 1.774
88 98 71.584
88 48 39.71
88 42 0.842
88 1 1.802
88 60 53.558
88 11 99.777
88 2 64.795
88 54 1.405
88 74 31.058
88 65 17.041
88 10 1.449
88 79 98.351
88 32 85.665
88 73 92.389
88 92 72.733
88 83 12.609
88 38 64.447
88 47 82.677
88 14 14.595
88 82 4.9
88 13 94.444
88 99 39.41
88 62 63.33
88 94 1.569
88 0 0.767
88 16 17.007
88 6 43.391
89 18 62.168
89 28 89.599
89 68 80.633
89 67 90.027
89 56 6.84
89 75 76.728
89 32 2.886
89 11 2.122
89 94 18.09
89 76 7.875
89 74 2.354
89 78 9.349
89 53 25.537
89 37 15.875
89 4 0.049
89 17 98.66
89 8 23.956
89 50 16.712
89 14 71.39
89 5 1.455
89 62 36.724
89 60 1.889
89 49 21.467
89 12 45.785
89 92 1.542
89 43 2.993
89 26 33.718
89 30 60.71
89 87 81.796
89 42 37.629
89 29 98.917
89 58 82.152
89 33 40.689
90 47 71.051
90 25 98.298
90 78 54.706
90 44 62.86
90 56 72.684
90 13 98.735
90 36 2.725
90 26 77.718
90 94 2.61
90 75 2.213
90 49 7.416
90 93 5.76
90 18 23.442
90 63 17.332
90 15 19.008
90 50 84.667
90 95 89.264
90 28 99.628
90 83 98.153
90 7 3.772
90 27 40.476
90 22 64.084
90 82 28.751
90 5 8.455
90 74 53.683
90 20 1.69
90 62 27.924
90 2 98.543
90 71 3.089
90 14 34.625
90 39 11.771
90 73 5.771
90 41 2.873
91 62 1.356
91 39 77.263
91 69 0.941
91 93 0.467
91 6 99.885
91 0 85.876
91 77 0.511
91 17 48.481
91 23 69.848
91 51 0.238
91 42 91.762
91 54 94.249
91 92 34.346
91 64 99.15
91 28 17.862
91 82 95.726
91 5 29.674
91 47 39.014
91 67 0.569
91 26 1.198
91 76 80.272
91 85 98.324
91 75 51.417
91 46 48.644
91 31 33.679
91 98 24.393
91 41 5.1
91 12 63.161
91 66 7.037
91 96 61.517
91 1 97.48
92 13 45.943
92 25 59.282
92 12 27.91
92 81 54.022
92 1 99.627
92 73 28.747
92 64 64.059
92 48 48.216
92 80 65.812
92 4 81.016
92 3 56.689
92 49 2.651
92 70 81.722
92 72 62.917
92 36 66.029
92 40 1.77
92 51 92.359
92 63 74.082
92 50 20.146
92 46 21.148
92 34 52.548
92 19 32.71
92 42 0.608
92 83 62.446
92 66 46.47
92 7 55.82
92 18 1.144
92 21 97.798
92 56 39.246
92 95 24.797
92 10 73.783
93 28 34.836
93 27 75.075
93 86 2.292
93 14 1.738
93 45 98.254
93 89 58.627
93 33 50.2
93 57 22.855
93 41 98.446
93 7 42.01
93 65 66.227
93 34 59.662
93 36 92.002
93 58 1.113
93 67 53.587
93 49 10.528
93 18 0.356
93 73 54.953
93 94 16.594
93 54 0.749
93 85 95.175
93 83 75.217
93 4 16.107
93 40 82.465
93 79 70.671
93 13 8.29
93 29 1.289
93 66 98.663
93 77 86.201
93 26 1.776
93 22 87.132
93 47 98.994
93 6 25.574
94 19 1.043
94 8 40.435
94 12 23.162
94 30 85.887
94 43 49.686
94 58 1.177
94 2 42.064
94 57 63.482
94 99 7.369
94 71 83.917
94 75 12.709
94 49 0.87
94 3 2.654
94 31 69.346
94 95 2.947
94 70 32.506
94 92 56.557
94 23 0.102
94 20 37.854
94 54 4.363
94 83 81.04
94 26 37.063
94 74 51.88
94 98 79.78
94 59 67.913
94 91 82.726
94 13 84.842
94 65 31.9
94 87 49.976
94 17 98.261
94 22 54.562
95 73 2.467
95 78 69.015
95 14 77.807
95 61 16.52
95 21 84.609
95 0 85.519
95 13 1.341
95 31 28.882
95 82 2.328
95 93 2.69
95 75 33.294
95 16 1.917
95 27 47.297
95 55 2.219
95 84 15.495
95 47 42.075
95 46 1.331
95 96 86.693
95 33 10.401
95 4 98.67
95 87 0.445
95 30 51.938
95 29 1.846
95 64 17.723
95 43 0.375
95 88 1.765
95 2 40.906
95 58 39.291
95 79 25.4
95 76 27.471
95 80 56.13
95 1 71.339
95 67 34.513
95 63 96.046
95 70 31.942
95 86 1.153
95 11 0.197
95 69 45.519
96 44 12.761
96 99 2.5
96 11 0.507
96 27 62.354
96 43 1.884
96 92 2.979
96 34 36.219
96 59 62.799
96 14 98.946
96 68 30.295
96 20 0.341
96 74 80.177
96 50 48.463
96 48 85.446
96 6 2.667
96 79 98.329
96 38 0.469
96 32 3.286
96 97 7.068
96 40 79.096
96 70 2.749
96 9 93.475
96 0 40.251
96 23 98.052
96 56 22.941
96 12 84.51
96 60 51.79
96 42 70.028
96 15 98.498
96 76 71.277
97 70 0.099
97 19 92.291
97 63 1.426
97 5 43.241
97 17 15.158
97 2 1.797
97 59 30.737
97 31 99.773
97 75 99.915
97 26 97.801
97 85 92.177
97 81 99.334
97 69 27.442
97 39 3.615
97 62 63.313
97 52 17.552
97 20 39.992
97 16 50.612
97 72 65.634
97 89 9.934
97 76 98.887
97 88 74.263
97 14 1.764
97 46 15.171
97 68 47.294
98 39 73.242
98 67 62.94
98 34 2.602
98 86 2.721
98 23 2.67
98 96 1.733
98 20 1.022
98 85 99.177
98 38 6.825
98 70 0.972
98 65 20.537
98 24 87.02
98 15 0.291
98 45 87.021
98 44 30.146
98 61 0.177
98 52 0.904
98 43 0.817
98 49 38.103
98 92 99.228
98 80 62.224
98 35 2.765
98 40 2.515
98 58 88.75
98 78 67.47
98 1 51.47
98 81 84.158
98 36 2.969
98 9 0.5
98 4 13.649
98 56 2.833
99 38 2.869
99 51 85.998
99 29 4.431
99 67 2.68
99 89 21.551
99 46 34.252
99 1 38.085
99 90 51.431
99 10 45.943
99 73 25.281
99 65 57.305
99 61 0.002
99 2 93.617
99 92 96.548
99 53 1.825
99 30 12.08
99 0 98.478
99 32 16.719
99 12 98.486
99 78 58.999
99 11 86.692
99 69 39.418
99 35 99.82
99 66 99.202
99 8 62.661
99 28 98.134
99 77 0.414
99 82 4.626
99 59 40.807
99 71 65.311
99 25 38.171
99 14 84.149
99 60 13.35
99 56 83.487
99 34 9.904
99 81 25.29
99 83 40.904
99 74 31.779
99 52 75.901
99 85 1.08
99 75 83.929
99 72 91.486
