100
0 21 85.024
0 25 87.906
0 34 24.522
0 46 9.091
0 48 63.545
0 66 68.415
0 67 98.845
0 90 44.392
1 3 14.852
1 13 75.059
1 17 22.835
1 19 19.525
1 22 21.741
1 25 42.246
1 30 7.927
1 34 38.898
1 39 44.314
1 47 99.632
1 55 72.277
1 62 63.366
1 64 42.324
1 71 13.813
1 86 12.701
1 97 58.724
2 4 17.218
2 6 88.172
2 11 12.639
2 19 63.585
2 36 30.097
2 40 49.69
2 53 14.63
2 66 33.737
2 67 93.073
3 22 62.033
3 30 57.05
3 33 76.124
3 37 64.767
3 41 52.405
3 46 94.582
3 56 8.035
4 24 73.457
4 27 95.587
4 29 44.638
4 34 14.561
4 40 18.481
4 68 4.594
4 80 87.729
5 8 5.945
5 16 97.519
5 24 72.633
5 30 48.811
5 33 58.388
5 40 68.174
5 47 50.127
5 50 67.566
5 70 72.787
5 83 50.506
5 93 54.972
6 14 43.664
6 16 28.187
6 33 59.646
6 36 11.531
6 38 50.327
6 52 31.009
6 55 44.949
6 58 3.523
6 62 7.12
6 72 88.907
6 84 5.093
6 86 98.746
6 91 52.173
6 99 34.438
7 23 9.62
7 26 48.954
7 27 22.77
7 34 88.67
7 46 74.08
7 63 53.435
7 70 39.338
7 78 43.036
7 87 58.139
7 90 87.278
7 91 40.206
8 17 90.187
8 19 31.612
8 22 99.855
8 24 95.581
8 26 45.631
8 27 15.496
8 32 50.609
8 39 88.052
8 42 0.127
8 48 32.949
8 58 69.066
8 70 32.77
8 88 81.626
8 97 93.045
8 98 7.413
9 10 18.38
9 14 46.252
9 17 20.378
9 19 20.653
9 40 52.681
9 41 96.068
9 52 14.869
9 62 54.732
9 63 89.077
9 65 75.765
9 66 86.447
9 68 94.596
9 72 31.492
9 75 78.629
9 82 37.056
9 92 5.977
10 21 25.284
10 39 2.2
10 41 22.871
10 54 86.793
10 60 65.586
10 67 80.603
10 71 51.462
10 73 27.269
10 82 13.943
11 18 37.769
11 19 44.278
11 37 65.314
11 54 38.908
11 97 82.917
12 13 89.078
12 25 73.288
12 30 80.096
12 52 2.425
12 59 37.884
12 89 39.474
13 19 51.121
13 20 81.896
13 29 81.32
13 31 99.624
13 36 37.379
13 58 23.436
13 67 34.626
13 68 41.759
13 79 81.34
14 16 29.377
14 19 42.531
14 24 2.071
14 29 19.791
14 36 90.58
14 39 7.652
14 49 9.927
14 54 24.075
14 61 77.794
14 68 85.37
14 71 49.918
14 74 41.18
14 99 15.679
15 20 15.668
15 50 81.258
15 53 58.905
15 77 36.035
15 95 94.169
15 96 40.629
15 97 89.809
15 98 1.623
16 26 55.061
16 32 92.063
16 33 79.59
16 34 13.934
16 62 44.071
16 65 59.974
16 66 17.706
16 88 98.579
17 25 62.609
17 28 54.011
17 32 46.705
17 42 30.016
17 44 51.418
17 58 61.388
17 72 94.743
17 78 93.116
17 84 35.846
17 86 11.104
17 94 67.893
17 97 57.942
18 26 42.525
18 32 34.74
18 34 59.845
18 38 19.192
18 39 73.579
18 41 25.998
18 89 75.642
18 90 46.759
18 96 45.713
18 99 16.956
19 22 19.745
19 23 94.099
19 61 82.065
19 72 69.013
19 80 49.681
20 26 68.543
20 37 80.318
20 42 81.816
20 53 41.264
20 58 24.457
20 69 15.48
20 86 43.861
20 87 0.268
20 92 62.66
21 24 52.082
21 47 94.437
21 51 72.307
21 57 58.696
21 60 15.668
21 71 51.555
21 89 98.417
22 23 66.866
22 27 92.27
22 44 28.169
22 46 57.961
22 58 65.728
23 34 6.568
23 35 69.402
23 51 70.342
23 60 22.059
23 67 20.137
23 76 68.025
23 85 72.753
24 31 62.391
24 33 79.495
24 34 50.329
24 69 36.814
24 79 13.713
24 84 44.62
24 87 71.202
25 35 98.166
25 36 4.567
25 69 22.979
25 88 22.878
26 33 50.026
26 45 75.604
26 46 44.528
26 47 58.677
26 49 45.056
26 61 41.016
26 66 98.477
26 83 50.145
26 90 46.803
26 98 6.31
27 41 31.002
27 42 64.468
27 48 9.616
27 70 97.305
28 43 74.447
28 48 85.124
28 58 98.643
28 60 82.957
28 70 36.897
28 85 26.94
29 31 7.683
29 60 67.124
29 66 55.875
29 77 12.908
29 78 11.667
30 41 10.897
30 49 83.613
30 54 33.968
30 61 61.911
30 64 33.526
30 75 47.396
30 97 10.093
31 82 48.011
31 90 49.698
32 33 40.433
32 52 63.446
32 64 52.549
32 67 81.972
32 80 86.478
32 83 50.947
32 86 73.391
32 88 48.74
32 89 2.115
32 96 29.06
32 99 19.791
33 45 78.573
33 50 0.823
33 61 45.18
33 70 3.094
34 35 35.285
34 54 36.482
34 69 87.587
34 83 12.325
35 36 70.244
35 37 96.782
35 54 86.602
35 57 64.942
35 62 23.973
35 70 44.967
35 78 25.767
35 84 0.807
35 88 46.227
36 38 41.693
36 57 46.938
36 68 68.952
36 75 88.571
36 79 47.917
36 80 34.575
36 85 86.89
36 89 72.272
36 98 48.954
37 42 28.816
37 67 98.332
37 71 46.353
37 74 67.374
37 82 77.436
37 83 84.226
37 96 74.022
38 58 62.591
38 62 48.648
38 70 70.284
38 74 9.209
38 75 5.618
39 41 30.095
39 43 58.319
39 44 64.378
39 56 94.182
39 58 3.436
39 61 29.21
39 81 77.131
39 82 47.01
39 91 45.272
40 51 15.657
40 56 58.674
40 63 81.689
40 64 11.756
40 69 46.426
40 85 36.741
40 93 21.874
41 69 34.49
41 76 50.087
41 81 77.949
41 83 65.857
41 93 71.279
42 64 43.499
42 66 61.275
42 92 74.255
42 94 54.796
43 65 66.301
43 75 22.197
43 90 59.161
43 97 22.508
44 48 50.59
44 61 49.496
44 62 55.903
44 66 43.715
44 69 3.147
44 70 19.243
45 47 5.937
45 83 93.091
45 86 18.65
45 88 84.001
45 91 0.016
46 50 31.016
46 65 35.152
46 70 57.972
46 78 76.883
47 53 5.589
47 61 60.392
47 71 80.928
47 82 36.061
47 84 18.706
47 93 90.14
47 98 45.819
48 53 81.124
48 58 88.164
48 61 77.24
48 69 0.806
48 70 48.622
48 81 77.356
48 90 61.365
48 95 84.277
48 98 17.459
49 57 87.096
49 58 13.036
49 62 74.638
49 64 72.606
49 66 48.636
49 72 33.56
49 74 45.842
49 83 28.277
50 54 28.878
50 68 10.718
50 93 7.186
50 99 7.997
51 63 65.667
51 69 69.927
51 85 90.698
52 58 58.02
52 69 29.554
52 74 54.463
52 79 74.018
52 82 57.364
52 84 82.226
52 87 82.446
52 93 50.681
52 96 24.509
53 84 27.851
53 91 84.205
53 94 3.293
54 77 75.785
54 95 74.082
54 99 55.915
55 72 77.958
56 60 44.432
56 61 92.211
56 64 5.843
56 70 82.116
56 90 23.357
57 74 67.644
57 82 57.621
57 86 54.37
58 85 3.048
58 96 98.518
59 69 83.288
59 70 81.299
59 75 75.408
59 96 56.818
60 68 75.923
60 88 97.639
61 95 90.74
61 97 87.424
62 64 9.614
63 76 70.092
63 79 24.891
63 82 99.419
63 90 89.001
63 99 73.789
64 84 59.666
65 78 20.908
65 79 86.432
65 80 39.572
65 88 25.807
65 93 85.392
65 97 25.844
66 86 73.86
66 88 9.555
66 98 30.175
67 75 14.493
67 93 56.997
67 98 18.139
68 72 7.555
68 78 88.725
68 89 42.311
68 90 98.59
68 95 48.932
69 71 54.719
69 76 62.613
69 81 4.183
69 85 35.447
69 86 66.195
69 97 26.588
70 95 21.453
71 75 24.488
71 77 14.539
71 93 30.468
71 94 57.804
72 78 55.645
72 92 15.911
73 84 94.17
73 92 51.13
74 76 13.41
74 77 85.528
74 79 78.198
74 85 70.345
74 88 93.121
74 92 6.524
75 91 13.19
76 80 4.95
76 82 10.524
76 84 49.584
76 92 84.777
76 98 33.779
77 80 65.572
77 86 44.011
77 96 15.104
77 99 24.751
78 85 12.557
78 91 17.373
79 80 46.948
79 82 57.672
79 94 16.95
79 96 7.566
80 81 37.576
81 92 51.9
81 98 17.116
82 99 95.037
83 90 69.728
84 85 53.383
84 91 26.895
84 94 57.368
87 90 99.51
87 93 35.097
87 96 92.128
90 99 53.248
92 96 90.056
92 99 22.673
93 95 34.466