99
0 1 2.0
0 98 20.0
0 89 14.0
1 2 17.0
1 21 19.0
2 3 9.0
3 4 4.0
4 5 12.0
4 42 25.0
5 6 19.0
5 38 10.0
6 7 10.0
6 11 1.0
7 8 24.0
7 70 21.0
8 9 20.0
8 76 13.0
9 10 15.0
9 68 24.0
10 11 6.0
10 26 13.0
11 12 8.0
12 13 15.0
12 41 10.0
13 14 10.0
13 96 4.0
14 15 14.0
14 43 7.0
15 16 7.0
15 57 10.0
16 17 14.0
16 91 13.0
17 18 10.0
17 44 19.0
18 19 10.0
18 61 5.0
19 20 14.0
19 83 2.0
20 21 7.0
20 46 16.0
21 22 22.0
22 23 9.0
22 77 9.0
23 24 5.0
23 53 7.0
24 25 15.0
24 51 25.0
25 26 15.0
25 74 12.0
26 27 3.0
27 28 4.0
27 40 23.0
28 29 25.0
28 31 17.0
29 30 15.0
29 82 9.0
30 31 20.0
30 86 13.0
31 32 18.0
32 33 11.0
32 92 1.0
33 34 21.0
33 55 8.0
34 35 22.0
34 54 16.0
35 36 13.0
35 47 13.0
36 37 21.0
36 69 24.0
37 38 3.0
37 59 14.0
38 39 23.0
39 40 8.0
39 64 19.0
40 41 18.0
41 42 22.0
42 43 13.0
43 44 8.0
44 45 24.0
45 46 13.0
45 97 22.0
46 47 14.0
47 48 21.0
48 49 25.0
48 63 10.0
49 50 1.0
49 81 24.0
50 51 18.0
50 56 17.0
51 52 21.0
52 53 9.0
52 94 21.0
53 54 14.0
54 55 23.0
55 56 16.0
56 57 4.0
57 58 13.0
58 59 2.0
58 67 15.0
59 60 2.0
60 61 15.0
60 93 12.0
61 62 24.0
62 63 9.0
62 75 21.0
63 64 14.0
64 65 23.0
65 66 21.0
65 80 16.0
66 67 13.0
66 79 13.0
67 68 11.0
68 69 6.0
69 70 12.0
70 71 6.0
71 72 21.0
71 87 23.0
72 73 19.0
73 74 23.0
74 75 7.0
75 76 23.0
76 77 16.0
77 78 16.0
78 79 5.0
78 88 15.0
79 80 9.0
80 81 6.0
81 82 15.0
82 83 1.0
83 84 15.0
84 85 15.0
85 86 13.0
86 87 6.0
87 88 6.0
88 89 23.0
89 90 6.0
90 91 11.0
90 95 18.0
91 92 21.0
92 93 5.0
93 94 10.0
94 95 6.0
95 96 13.0
96 97 20.0
97 98 15.0