100
0 1 60.4
1 2 78.2
0 2 39.2
2 3 21.3
0 3 29.4
3 4 76.4
0 4 55.8
4 5 40.2
0 5 30.9
5 6 51.4
0 6 91.0
6 7 64.4
0 7 28.3
7 8 52.0
0 8 21.1
8 9 96.1
0 9 4.3
9 10 7.5
0 10 35.7
10 11 73.1
0 11 46.3
11 12 2.0
0 12 55.6
12 13 93.8
0 13 37.2
13 14 59.3
0 14 65.9
14 15 31.2
0 15 2.2
15 16 0.3
0 16 48.4
16 17 1.4
0 17 35.1
17 18 19.6
0 18 0.6
18 19 62.7
0 19 39.4
19 20 7.4
0 20 89.0
20 21 45.8
0 21 64.2
21 22 14.6
0 22 34.7
22 23 36.7
0 23 68.3
23 24 56.4
0 24 86.0
24 25 8.7
0 25 19.8
25 26 81.2
0 26 51.6
26 27 69.4
0 27 85.4
27 28 81.4
0 28 0.7
28 29 38.1
0 29 91.0
29 30 85.0
0 30 80.4
30 31 49.4
0 31 62.4
31 32 94.3
0 32 52.7
32 33 76.5
0 33 46.6
33 34 18.1
0 34 34.7
34 35 81.1
0 35 32.4
35 36 56.7
0 36 61.7
36 37 46.1
0 37 14.1
37 38 6.8
0 38 79.6
38 39 80.5
0 39 5.5
39 40 60.5
0 40 98.7
40 41 13.2
0 41 45.1
41 42 39.1
0 42 80.7
42 43 74.8
0 43 50.0
43 44 94.8
0 44 57.1
44 45 52.6
0 45 26.3
45 46 63.8
0 46 42.7
46 47 28.2
0 47 41.7
47 48 33.3
0 48 28.1
48 49 83.5
0 49 76.3
49 50 74.0
0 50 34.7
50 51 90.0
0 51 82.5
51 52 2.9
0 52 87.0
52 53 4.2
0 53 73.5
53 54 35.4
0 54 10.1
54 55 27.7
0 55 20.2
55 56 42.9
0 56 30.5
56 57 72.8
0 57 88.3
57 58 7.5
0 58 29.0
58 59 15.3
0 59 19.6
59 60 59.3
0 60 10.8
60 61 42.7
0 61 58.0
61 62 76.9
0 62 79.1
62 63 59.7
0 63 85.1
63 64 82.7
0 64 12.9
64 65 37.7
0 65 75.2
65 66 87.6
0 66 51.9
66 67 16.9
0 67 35.8
67 68 16.6
0 68 57.5
68 69 42.2
0 69 85.4
69 70 88.3
0 70 7.1
70 71 3.9
0 71 38.1
71 72 3.6
0 72 65.2
72 73 36.5
0 73 14.4
73 74 59.1
0 74 55.4
74 75 56.7
0 75 17.1
75 76 62.5
0 76 21.0
76 77 45.7
0 77 86.9
77 78 84.7
0 78 69.1
78 79 77.8
0 79 29.5
79 80 1.9
0 80 70.9
80 81 78.9
0 81 10.1
81 82 21.8
0 82 17.9
82 83 89.0
0 83 13.8
83 84 62.9
0 84 20.5
84 85 89.2
0 85 97.4
85 86 23.5
0 86 1.2
86 87 78.2
0 87 16.8
87 88 66.5
0 88 90.1
88 89 49.9
0 89 61.8
89 90 1.6
0 90 70.2
90 91 98.6
0 91 44.3
91 92 17.1
0 92 3.5
92 93 54.3
0 93 25.6
93 94 48.1
0 94 55.3
94 95 98.2
0 95 53.9
95 96 92.1
0 96 23.6
96 97 56.9
0 97 80.0
97 98 65.3
0 98 36.4
98 99 23.9
0 99 12.2
