100
0 3 3
3 6 3
6 9 6
9 12 9
12 15 12
15 18 15
18 21 18
21 24 21
24 27 24
27 30 27
30 33 30
33 36 33
36 39 36
39 42 39
42 45 42
45 48 45
48 51 48
51 54 51
54 57 54
57 60 57
60 63 60
63 66 63
66 69 66
69 72 69
72 75 72
75 78 75
78 81 78
81 84 81
84 87 84
87 90 87
90 93 90
93 96 93
96 99 96
99 2 99
2 5 2
5 8 5
8 11 8
11 14 11
14 17 14
17 20 17
20 23 20
23 26 23
26 29 26
29 32 29
32 35 32
35 38 35
38 41 38
41 44 41
44 47 44
47 50 47
50 53 50
53 56 53
56 59 56
59 62 59
62 65 62
65 68 65
68 71 68
71 74 71
74 77 74
77 80 77
80 83 80
83 86 83
86 89 86
89 92 89
92 95 92
95 98 95
98 1 98
1 4 1
4 7 4
7 10 7
10 13 10
13 16 13
16 19 16
19 22 19
22 25 22
25 28 25
28 31 28
31 34 31
34 37 34
37 40 37
40 43 40
43 46 43
46 49 46
49 52 49
52 55 52
55 58 55
58 61 58
61 64 61
64 67 64
67 70 67
70 73 70
73 76 73
76 79 76
79 82 79
82 85 82
85 88 85
88 91 88
91 94 91
94 97 94
97 0 97
