100
65 50 44.163
50 19 35.85
19 89 64.684
89 96 21.762
96 10 34.145
10 67 6.691
67 29 91.351
29 82 80.529
82 49 5.582
49 87 42.607
87 68 37.936
68 84 27.318
84 63 10.353
63 6 76.854
6 81 26.661
81 24 99.654
24 22 33.995
22 12 93.048
12 4 87.535
4 6 89.722
6 41 76.799
41 38 15.053
38 34 8.151
34 63 95.706
63 35 20.28
35 22 33.442
22 83 15.465
83 92 37.761
92 38 45.818
38 54 45.966
54 67 9.349
67 26 80.181
26 93 3.628
93 21 42.718
21 13 70.4
13 22 36.584
22 86 6.773
86 88 16.335
88 11 17.901
11 98 25.907
98 91 9.019
91 4 18.694
4 41 19.755
41 95 94.129
95 71 34.583
71 36 7.965
36 7 83.131
7 62 65.879
62 18 81.25
18 47 25.198
47 80 54.527
80 88 25.423
88 44 39.219
44 90 51.807
90 41 3.052
41 14 73.04
14 64 92.117
64 57 11.879
57 87 88.17
87 28 5.315
28 40 80.89
40 13 25.57
13 91 54.131
91 55 38.187
55 39 54.338
39 91 7.242
91 61 18.261
61 96 57.366
96 4 74.476
4 33 4.135
33 69 68.586
69 65 55.185
65 78 9.672
78 83 58.114
83 95 82.752
95 21 12.748
21 88 75.324
88 8 14.863
8 89 97.17
89 94 41.335
94 96 9.53
96 11 11.14
11 74 4.284
74 87 70.133
87 55 26.341
55 41 58.226
41 34 31.901
34 90 60.324
90 53 22.512
53 75 73.019
75 46 26.293
46 21 98.594
21 76 41.924
76 48 8.529
48 29 72.677
29 23 86.774
23 91 5.333
91 38 93.99
38 99 51.385
99 24 83.75
24 17 50.992
17 88 45.481
88 76 82.066
76 33 66.28
33 97 1.343
97 24 46.015
24 2 54.332
2 98 21.679
98 21 20.118
21 94 99.409
94 6 93.939
6 67 6.943
67 33 14.609
33 71 8.199
71 23 41.869
23 79 21.166
79 33 61.782
33 18 57.624
18 82 66.974
82 23 55.621
23 45 42.321
45 75 34.223
75 86 68.501
86 66 17.876
66 26 48.356
26 8 84.087
8 25 38.882
25 30 83.086
30 77 42.476
77 0 24.574
0 17 29.739
17 38 51.357
38 80 58.675
80 56 8.202
56 9 17.169
9 23 88.074
23 37 80.939
37 74 77.014
74 99 86.911
99 72 0.624
72 77 76.543
77 18 6.986
18 23 60.804
23 61 26.28
61 88 25.524
88 48 71.956
48 54 25.008
54 64 43.361
64 2 72.031
2 93 7.723
93 18 53.493
18 98 87.501
98 71 36.073
71 85 30.688
85 33 57.355
33 42 41.588
42 6 29.683
6 89 9.482
89 34 70.836
34 1 82.487
1 80 74.417
80 71 39.819
71 67 26.06
67 2 82.837
2 26 25.351
26 17 17.498
17 73 28.471
73 11 83.062
11 41 94.29
41 88 61.903
88 73 20.372
73 64 80.205
64 97 2.692
97 93 5.3
93 84 8.666
84 86 43.747
86 54 23.94
54 7 90.604
7 18 53.933
18 38 48.339
38 49 25.554
49 75 31.967
75 26 63.438
26 87 7.709
87 56 9.568
56 24 92.992
24 9 40.921
9 95 55.629
95 60 8.328
60 22 49.814
22 72 5.36
72 49 56.862
49 95 4.343
95 59 44.016
59 62 91.448
62 54 23.017
54 9 36.191
9 32 9.863
32 92 42.054
92 13 84.734
13 11 4.86
11 42 58.807
42 31 93.843
31 51 85.31
51 79 31.495
79 40 89.341
40 32 53.241
32 71 85.733
71 13 21.633
13 25 4.723
25 24 39.242
24 46 58.514
46 57 27.074
57 79 15.157
79 32 49.614
32 53 63.77
53 91 44.231
91 1 49.592
1 41 9.784
41 68 20.833
68 55 51.117
55 1 95.889
1 20 99.698
20 92 3.524
92 87 86.366
87 44 98.228
44 2 42.5
2 6 24.23
6 18 59.675
18 87 48.058
87 58 81.327
58 14 81.692
14 69 32.023
69 57 63.146
57 3 82.039
3 19 37.308
19 48 93.91
48 75 17.578
75 6 9.072
6 27 53.681
27 46 85.181
46 79 32.614
79 37 89.917
37 40 8.152
40 12 40.795
12 69 12.44
69 16 95.02
16 23 63.233
23 44 77.959
44 82 14.111
82 78 75.765
78 94 15.917
94 8 79.549
8 95 57.746
95 12 5.944
12 58 68.167
58 45 75.271
45 52 93.091
52 25 59.546
25 38 31.902
38 29 62.21
29 87 10.492
87 99 2.033
99 62 19.942
62 35 82.444
35 68 14.377
68 48 4.463
48 35 10.116
35 13 57.815
13 37 36.329
37 9 17.309
9 15 28.239
15 24 75.907
24 5 0.459
5 52 45.997
52 65 35.243
65 38 14.306
38 96 49.948
96 52 61.741
52 3 14.212
3 86 67.055
86 8 77.675
8 15 88.515
15 43 29.093
43 96 77.863
96 17 51.669
17 30 39.131
30 28 67.512
28 41 33.987
41 9 39.02
9 88 66.475
88 71 49.1
71 89 6.27
89 67 93.937
67 81 29.624
81 48 1.091
48 49 82.22
49 84 53.071
84 33 65.853
33 53 2.186
53 23 3.565
23 88 22.153
88 64 76.407
64 66 61.008
66 74 89.731
74 25 57.449
25 89 8.099
89 54 79.135
54 90 35.926
90 52 81.436
52 24 66.168
24 62 33.179
62 97 79.931
97 83 7.4
83 67 39.035
67 12 65.475
12 53 41.832
53 25 68.002
25 60 82.264
60 9 14.491
9 72 25.868
72 0 95.38
0 12 27.469
12 70 25.326
