100
1 0 38.75
2 0 93.3
3 0 56.21
4 0 6.82
5 0 3.91
6 0 24.09
7 0 16.62
8 0 37.42
9 0 40.89
10 0 94.91
11 0 46.11
12 0 54.65
13 0 31.0
14 0 89.3
15 0 81.1
16 0 15.89
17 0 81.85
18 0 42.55
19 0 18.97
20 0 47.0
21 0 21.36
22 0 57.79
23 0 84.14
24 0 42.3
25 0 45.64
26 0 67.13
27 0 38.51
28 0 57.87
29 0 33.97
30 0 21.54
31 0 93.49
32 0 45.82
33 0 92.02
34 0 74.88
35 0 35.8
36 0 77.41
37 0 24.74
38 0 82.59
39 0 85.05
40 0 79.57
41 0 51.18
42 0 85.86
43 0 90.4
44 0 23.7
45 0 47.37
46 0 57.04
47 0 50.36
48 0 79.14
49 0 26.66
50 0 51.96
51 0 19.4
52 0 92.1
53 0 56.96
54 0 37.49
55 0 75.63
56 0 24.49
57 0 74.12
58 0 6.98
59 0 12.28
60 0 14.87
61 0 89.79
62 0 73.19
63 0 99.08
64 0 11.72
65 0 2.11
66 0 69.79
67 0 19.04
68 0 90.91
69 0 98.98
70 0 2.64
71 0 97.57
72 0 30.65
73 0 82.22
74 0 27.46
75 0 4.3
76 0 90.06
77 0 13.46
78 0 80.17
79 0 92.39
80 0 38.5
81 0 63.6
82 0 78.99
83 0 3.96
84 0 36.21
85 0 3.53
86 0 53.38
87 0 62.09
88 0 28.76
89 0 1.37
90 0 36.85
91 0 81.86
92 0 87.73
93 0 69.26
94 0 7.53
95 0 3.0
96 0 25.95
97 0 40.4
98 0 43.06
99 0 27.65
71 52 2.28
55 44 25.44
55 1 47.11
91 60 98.22
23 44 11.64
86 47 93.66
94 25 47.77
14 18 22.18
8 30 43.73
10 32 43.46
94 43 99.64
27 7 30.47
41 51 30.11
84 22 5.91
93 1 74.94
77 45 14.96
41 4 11.28
24 34 33.37
92 43 79.84
83 29 29.94
26 4 23.26
68 93 1.68
68 12 82.56
14 34 97.47
90 43 96.66
31 24 47.35
54 69 63.08
81 72 97.94
64 87 2.26
29 45 73.36
84 11 99.84
10 46 87.09
60 26 80.98
56 92 8.09
48 69 97.98
3 63 30.51
79 31 15.83
7 40 94.97
23 81 4.84
14 93 2.58
58 27 66.99
21 43 48.23
70 65 77.23
2 56 45.83
80 58 62.09
36 61 19.0
8 14 43.35
56 14 94.52
56 49 64.16
43 4 94.21
15 2 40.81
5 54 24.1
48 42 59.75
60 96 79.54
19 90 7.12
66 58 78.08
63 45 88.89
82 45 4.52
83 31 86.95
69 37 18.79
7 42 69.96
50 62 49.95
5 94 44.24
47 6 80.6
21 99 64.08
65 43 43.33
52 48 40.17
62 51 38.36
56 84 9.35
41 71 19.31
17 76 27.36
91 93 31.49
39 94 25.05
88 96 61.09
41 48 10.61
99 17 94.79
96 90 99.35
83 75 13.13
50 78 69.99
13 88 33.0
73 61 95.04
50 82 47.41
4 35 21.05
58 67 93.97
27 57 31.64
19 75 30.31
52 95 42.91
3 35 49.16
30 57 62.0
5 52 77.51
82 42 29.46
37 76 16.07
77 18 77.9
19 40 55.55
29 20 28.75
6 76 4.11
2 27 24.23
67 29 38.03
85 56 7.24
23 15 35.58
28 19 39.72
72 41 55.59
71 20 34.06
90 28 10.14
41 77 16.59
35 1 31.92
89 5 94.23
52 22 42.27
31 26 80.25
56 44 11.38
2 94 51.15
10 67 11.07
15 33 55.74
63 56 42.89
79 77 24.29
72 84 21.35
52 14 58.84
62 98 48.21
16 66 96.49
98 74 86.62
22 63 61.97
47 43 12.07
78 45 50.31
72 60 86.83
45 23 26.33
59 89 88.8
65 32 6.21
38 30 47.99
53 20 76.31
16 24 50.37
50 56 76.41
32 50 99.35
19 79 28.09
49 63 76.38
74 80 54.14
93 50 54.36
33 99 4.28
75 60 62.35
85 46 81.49
14 84 66.9
32 11 60.7
14 28 47.16
76 56 22.46
78 80 86.57
61 7 71.55
88 83 5.83
3 47 57.33
53 31 3.49
24 90 89.58
17 56 29.47
6 73 41.96
80 83 45.54
50 31 97.14
30 88 45.56
3 25 12.81
7 8 80.06
48 54 38.81
87 32 65.32
88 7 7.86
61 93 15.49
93 75 25.74
43 74 43.3
29 48 23.58
77 3 72.65
9 28 60.57
73 40 58.8
69 42 57.85
84 16 7.18
35 16 24.84
38 85 76.16
1 98 92.16
42 8 94.92
99 40 57.47
17 80 0.93
15 5 57.79
74 65 12.78
57 46 47.09
2 31 31.97
64 16 37.13
21 66 0.54
36 56 0.07
45 85 86.41
68 37 75.9
48 1 16.39
48 5 82.88
46 41 81.82
25 84 4.79
2 84 94.07
26 16 29.67
77 27 56.33
44 26 39.24
83 97 81.02
50 25 25.32
9 91 92.54
6 7 91.86
17 6 97.6
68 49 43.99
67 84 68.35
90 5 16.6
68 19 39.98
58 84 7.72
42 18 2.02
64 47 43.43
10 62 19.84
57 67 98.07
14 78 76.48
99 44 38.84
8 20 98.89
66 1 25.44
45 79 1.13
45 72 72.62
82 97 7.77
3 4 20.95
68 96 64.68
10 21 22.37
29 84 2.49
53 89 58.38
17 59 90.47
64 5 88.48
39 18 0.29
25 72 53.29
77 7 81.22
11 29 39.49
54 91 85.37
78 71 99.09
32 90 77.06
32 12 0.81
63 57 18.51
43 19 18.49
49 35 67.9
64 49 91.25
1 99 93.25
52 83 34.53
2 64 97.56
83 53 85.61
42 51 20.81
65 99 4.95
95 90 75.39
28 72 20.19
68 84 91.61
54 8 42.42
32 57 20.1
54 4 45.5
6 12 12.91
16 82 80.48
86 82 78.42
22 86 94.43
68 99 9.27
37 79 10.61
28 46 44.5
97 95 17.95
65 14 82.1
75 61 16.9
96 7 57.54
58 75 22.57
99 45 63.62
68 32 92.42
87 49 78.87
40 38 62.89
75 12 79.96
79 86 97.35
77 97 63.34
74 46 94.82
6 27 58.1
41 43 66.75
44 37 29.28
98 8 84.16
3 22 5.96
42 4 46.97
61 89 68.09
62 85 36.73
20 70 29.43
16 10 86.78
90 21 33.8
71 5 45.34
55 12 38.01
55 21 98.51
15 71 91.22
42 28 84.95
28 51 68.39
83 20 56.89
55 69 60.86
14 66 51.11
76 48 40.53
20 44 45.52
29 93 76.56
42 11 72.04
42 56 11.16
22 41 55.94
85 60 10.78
92 97 16.36
93 88 24.03
24 17 46.4
69 10 37.25
3 44 87.5
79 32 6.22
87 70 5.41
15 6 65.19
20 98 0.57
81 38 49.0
54 38 14.07
56 53 27.26
37 66 69.74
62 76 17.65
88 84 13.6
96 8 73.57
62 94 17.53
95 7 83.4
15 13 87.82
83 56 70.85
42 67 14.3
43 61 57.21
85 2 43.68
16 41 2.65
8 12 86.91
60 38 58.31
95 80 36.15
9 59 89.37
51 55 68.74
96 70 5.93
80 75 22.61
78 81 10.4
64 73 54.84
97 5 93.24
86 33 52.15
59 78 21.19
29 24 57.08
64 76 47.74
74 89 35.93
35 72 17.95
22 20 91.38
85 34 24.72
16 80 92.26
15 88 18.57
58 30 74.18
88 68 63.45
90 3 50.13
88 82 85.15
85 4 10.9
44 33 67.65
55 3 68.7
3 71 91.14
53 49 90.87
68 2 88.42
72 87 18.2
41 61 84.56
9 60 93.82
43 16 44.87
34 67 89.35
92 81 80.28
38 92 25.63
98 26 79.69
13 36 17.81
15 17 62.84
73 23 58.74
13 85 39.41
33 30 42.71
83 6 52.32
71 11 74.7
43 29 39.77
88 97 43.81
22 35 50.63
23 64 69.08
90 1 74.57
22 21 72.59
22 73 74.87
65 84 58.06
86 46 97.39
66 40 96.43
74 82 24.46
17 82 91.62
82 96 38.15
21 83 41.83
27 74 20.29
32 35 97.43
69 83 58.98
40 28 29.07
9 50 98.93
30 78 26.81
76 33 50.99
38 73 65.57
25 51 49.46
58 38 38.71
66 47 86.45
80 7 86.22
33 16 77.8
51 78 89.72
23 87 79.58
70 3 87.59
12 48 54.17
65 44 30.76
18 28 42.96
55 47 47.56
60 7 52.51
30 4 87.81
22 1 9.31
76 58 51.76
99 54 92.19
68 48 33.6
19 82 75.0
66 70 16.07
79 92 32.52
26 41 42.91
98 18 65.1
87 11 78.03
87 17 49.53
41 19 34.55
71 65 38.24
94 12 21.18
70 21 16.6
67 45 18.8
7 30 8.78
79 29 28.01
67 98 16.97
52 85 63.25
25 61 90.95
94 97 85.63
34 1 72.58
21 58 7.98
69 65 81.87
3 97 86.61
58 56 77.51
94 52 55.73
26 19 81.07
93 54 96.97
76 24 75.74
12 60 31.19
19 23 44.72
51 39 25.04
50 74 48.77
27 75 52.62
30 46 57.09
19 17 22.56
19 57 57.34
58 98 28.22
33 74 0.74
32 43 70.09
76 39 33.99
84 60 97.13
35 14 24.13
9 99 45.53
73 49 83.39
99 8 44.31
22 9 99.76
8 26 46.36
19 47 97.2
47 96 6.42
64 89 57.35
85 71 40.47
8 22 4.41
43 34 11.35
6 67 68.95
55 50 68.33
52 82 97.05
59 51 20.16
50 44 20.33
4 56 45.85
78 46 41.69
6 97 16.47
31 21 98.84
66 7 75.12
51 23 54.68
77 67 52.35
22 34 42.34
84 63 63.77
96 83 32.6
37 50 9.98
9 19 6.51
56 65 12.36
32 29 24.0
13 52 88.18
3 98 7.16
83 77 80.98
21 44 87.16
76 50 41.88
15 53 71.94
22 64 16.76
46 45 35.52
45 88 24.45
26 48 81.87
54 88 19.7
52 74 88.79
91 33 79.56
48 43 60.85
71 10 86.54
34 17 38.32
61 90 14.9
66 75 62.3
29 90 94.94
9 39 84.88
38 24 67.73
94 48 47.04
41 20 43.99
94 50 26.62
64 83 79.52
46 63 9.3
30 10 69.18
17 74 76.89
9 1 86.8
87 29 4.56
21 27 42.43
78 83 55.15
5 34 87.43
60 68 26.53
42 50 3.58
75 10 27.64
40 2 75.17
87 73 94.18
23 28 42.61
47 44 43.43
63 70 97.67
96 80 73.72
92 16 1.51
42 13 68.28
71 24 99.67
14 61 18.53
85 24 69.12
7 34 23.26
31 22 18.0
70 29 40.71
3 27 16.01
86 9 0.59
67 54 5.83
38 91 17.66
36 6 57.11
91 58 4.98
9 56 20.04
41 60 48.84
39 8 24.9
67 89 17.5
79 82 24.07
91 34 76.27
15 35 44.6
35 63 35.86
46 70 86.49
60 69 26.1
61 54 54.51
18 3 89.16
78 47 86.1
59 81 23.4
94 61 7.7
97 81 32.42
29 65 23.23
66 88 11.04
15 36 88.98
65 12 64.15
47 56 23.09
16 76 25.68
18 31 78.55
13 62 98.4
10 65 23.77
8 73 48.36
18 64 74.11
35 80 39.82
39 80 18.01
64 81 97.35
65 73 45.93
18 66 97.63
54 19 18.97
6 63 5.23
73 4 64.74
39 3 74.96
60 33 52.52
85 92 92.7
50 5 79.45
8 13 14.3
31 52 35.91
80 52 67.83
23 29 45.43
86 48 8.3
27 51 21.84
51 19 73.39
9 20 37.13
5 51 67.68
82 60 75.52
4 84 77.16
30 94 6.71
75 89 42.54
33 41 14.54
82 65 73.36
56 41 1.24
15 34 3.92
46 95 47.79
53 96 79.9
31 99 0.93
98 25 80.05
62 1 30.63
85 26 47.65
70 77 20.82
64 61 89.08
91 3 69.62
90 23 17.2
19 39 56.06
45 31 98.64
58 11 51.2
86 42 87.27
73 48 97.45
9 93 27.38
73 76 27.54
24 30 68.14
43 50 55.83
43 78 20.8
14 1 21.19
33 2 7.08
42 17 52.69
69 95 0.02
66 26 90.26
91 85 6.69
94 15 62.86
38 59 94.77
34 65 59.87
91 49 97.67
50 10 17.17
8 75 16.99
12 57 21.67
80 31 15.03
91 92 37.08
93 90 51.16
21 71 76.87
76 15 97.38
89 88 73.1
40 17 9.57
24 60 28.11
60 35 9.83
61 3 79.51
96 76 46.91
50 19 68.32
28 62 59.69
41 65 6.87
86 19 77.28
52 7 86.34
64 35 82.49
77 76 27.41
11 57 97.5
37 15 0.91
13 71 56.91
93 27 58.18
11 90 78.73
2 11 0.3
73 30 52.73
28 3 41.02
86 23 39.68
26 57 90.53
77 82 32.96
50 99 97.47
83 34 60.65
76 29 15.48
58 10 97.97
1 97 85.27
49 42 35.8
34 70 18.88
59 68 33.02
8 91 43.26
20 49 71.45
43 1 25.1
70 36 66.79
21 61 58.77
91 70 40.44
94 3 76.06
21 24 17.71
85 83 71.97
53 81 92.76
94 69 87.83
84 30 4.94
80 42 50.72
6 84 66.31
73 44 33.39
63 77 91.96
93 30 46.88
52 6 81.23
21 12 60.59
26 62 71.5
42 43 27.91
28 33 18.02
18 29 5.23
26 50 28.76
63 75 50.69
11 83 42.92
28 61 60.27
83 76 73.44
86 29 72.87
82 25 86.92
11 49 24.47
69 34 50.39
49 72 76.03
43 36 6.63
55 93 80.38
50 72 47.8
16 72 98.38
5 16 69.81
98 11 55.38
31 62 67.92
43 95 80.35
76 25 33.44
38 93 35.99
63 34 99.19
23 41 90.45
74 97 84.76
74 95 70.03
61 84 48.1
21 98 2.92
89 79 47.61
58 53 6.47
94 46 39.21
35 56 84.19
79 69 59.15
39 21 18.3
37 64 92.28
67 4 76.09
40 54 37.66
34 99 65.49
62 12 1.57
89 16 91.74
97 38 76.86
86 28 9.48
1 51 65.52
62 54 29.83
62 55 25.51
16 46 89.61
8 1 28.04
59 50 53.26
14 64 68.06
33 8 15.3
19 74 5.87
11 12 35.5
22 5 78.66
47 8 35.04
62 95 97.1
63 20 4.53
27 50 30.77
26 87 32.75
81 86 76.11
89 78 68.13
9 73 45.89
80 79 60.57
78 29 21.06
20 69 69.93
64 20 99.16
89 83 74.49
28 79 39.4
41 93 26.8
97 27 40.55
61 77 8.26
57 80 8.97
10 56 1.01
94 47 22.45
84 99 7.63
70 6 58.71
20 56 28.11
73 28 82.81
48 33 83.82
26 59 91.57
34 41 47.71
74 62 80.18
60 27 63.91
91 80 84.83
62 43 14.48
68 8 13.98
1 73 63.78
98 32 3.31
51 81 33.82
39 43 31.32
1 64 75.25
15 7 31.75
97 22 98.45
78 23 68.09
42 76 72.45
2 72 61.29
59 99 81.93
36 14 35.74
55 75 57.99
29 61 92.67
86 13 51.74
59 82 57.73
95 63 46.55
96 35 69.39
25 6 7.08
25 67 70.5
59 22 68.99
56 48 47.8
80 59 53.98
66 90 39.43
25 75 31.28
35 66 13.38
17 54 45.97
25 15 8.96
46 79 67.61
88 44 98.6
20 86 52.85
76 40 76.87
49 83 44.37
88 23 56.48
11 54 78.43
85 67 6.98
43 60 75.52
39 89 40.78
7 44 94.84
46 39 26.13
2 86 13.95
42 26 78.1
86 87 53.44
70 59 65.01
5 65 84.46
82 76 59.7
78 13 79.38
46 43 7.22
82 2 12.1
9 75 87.32
45 54 17.88
63 12 45.42
95 45 9.01
11 25 36.36
34 21 57.69
78 1 75.36
63 18 29.1
58 16 78.98
38 36 1.67
90 37 68.68
88 19 45.4
88 31 36.24
71 86 68.0
63 5 19.26
13 56 61.61
35 9 45.27
56 66 93.1
2 58 87.87
48 60 58.1
3 87 58.95
52 79 76.58
67 24 5.6
44 6 53.43
7 26 67.53
3 43 27.77
79 85 70.77
60 86 37.05
26 88 38.99
76 54 44.12
33 52 4.51
66 97 42.53
70 49 33.49
95 36 40.47
23 69 19.24
49 62 47.33
27 46 40.33
22 58 68.36
18 37 21.83
52 96 85.45
6 66 76.11
23 14 68.89
21 85 17.28
85 3 2.83
85 96 4.43
35 76 43.02
29 66 57.84
58 32 51.44
18 8 50.53
4 82 79.57
10 6 49.34
59 5 68.22
61 49 42.52
32 20 28.39
37 54 42.5
22 56 1.6
69 77 36.48
36 32 59.1
58 95 84.66
33 63 23.57
72 67 70.35
54 71 77.5
99 2 36.3
53 65 12.97
38 76 52.0
36 60 18.96
57 33 47.75
47 89 53.83
63 99 87.86
11 86 75.43
78 8 41.77
92 24 33.07
20 46 13.75
28 63 51.84
38 68 11.86
22 7 1.29
61 62 18.67
44 22 35.17
39 99 29.92
15 46 58.45
40 56 70.31
94 36 13.66
1 89 48.53
28 2 89.77
93 10 38.83
36 88 48.15
62 16 35.23
17 3 48.15
95 26 45.6
36 19 65.28
68 53 63.44
24 12 11.9
19 98 72.91
24 58 14.05
26 51 56.02
72 12 88.34
94 8 79.15
8 41 29.59
3 45 93.55
59 40 30.33
64 36 30.92
90 25 39.74
56 62 62.96
63 73 77.08
16 61 8.5
81 35 24.02
10 63 0.04
32 17 99.79
79 68 90.98
89 87 44.89
47 72 94.23
78 85 59.11
68 51 64.59
94 49 34.62
17 29 45.64
55 33 23.75
50 6 64.49
82 47 0.81
89 28 88.83
67 64 34.81
46 3 45.7
3 84 30.29
4 10 78.73
82 20 97.92
69 80 98.83
89 21 10.12
50 83 90.18
18 90 33.16
30 66 67.7
41 38 15.65
85 84 51.47
59 6 61.68
25 64 4.32
58 55 61.25
34 16 68.38
85 35 27.85
13 53 95.21
75 78 52.71
47 11 28.46
60 11 70.13
71 4 99.8
20 6 25.71
16 63 64.11
88 70 43.02
70 16 40.24
80 66 32.21
9 72 34.83
25 45 60.06
36 26 48.07
34 47 20.9
42 1 79.79
32 62 92.35
26 23 1.67
73 97 57.46
56 88 65.79
23 99 91.13
55 56 93.22
96 69 51.23
49 52 37.49
55 8 17.42
28 6 92.86
50 58 46.55
71 27 28.09
72 56 44.26
10 5 22.14
31 33 37.0
47 91 20.97
7 33 90.43
54 89 18.1
50 8 87.42
77 57 86.91
83 98 6.22
54 6 67.19
62 45 92.61
28 81 20.68
85 25 73.15
9 68 38.7
77 81 33.62
57 20 34.58
20 68 2.72
69 9 80.64
12 44 97.23
33 1 33.11
93 18 48.89
13 38 35.91
31 9 44.93
2 65 92.04
24 33 13.77
40 68 98.27
99 61 43.33
99 36 90.69
21 56 37.05
36 98 26.22
35 48 6.4
60 99 39.91
93 74 15.04
73 62 63.51
41 13 7.43
26 89 57.93
88 86 47.94
90 67 49.39
11 48 25.7
82 15 22.67
67 31 93.47
40 94 16.68
46 99 95.39
69 45 87.09
39 83 20.44
24 49 40.15
35 73 69.28
45 49 3.19
22 16 20.02
83 46 13.37
35 45 33.69
35 95 90.9
61 87 66.46
72 40 73.75
3 82 91.61
12 67 77.08
53 3 58.25
11 4 77.55
56 59 19.44
66 77 98.4
97 63 31.24
41 50 13.12
89 35 61.37
74 7 48.16
16 98 8.58
31 94 7.51
58 73 75.05
65 59 98.29
25 55 94.11
70 4 81.14
84 98 23.36
56 46 64.76
3 30 36.82
7 94 16.68
42 94 54.39
39 72 72.95
48 34 26.34
26 52 31.27
30 89 33.34
80 24 86.81
31 42 38.27
85 6 53.22
33 77 82.74
18 30 24.8
77 48 52.17
81 19 25.62
81 6 60.2
11 41 35.12
13 40 4.86
79 81 81.26
87 46 47.67
58 92 86.39
95 4 11.68
39 25 73.97
69 39 51.8
12 18 50.88
11 79 61.61
11 61 44.48
35 71 87.6
87 4 39.12
53 64 88.41
62 48 7.79
44 38 69.94
30 48 99.56
37 81 32.64
5 67 58.29
50 95 20.83
4 25 10.31
72 95 91.3
29 9 39.97
69 98 67.87
73 14 80.01
47 32 66.05
73 26 54.89
85 73 76.83
61 82 3.08
26 38 44.28
9 92 8.81
44 13 98.05
71 37 0.32
51 31 65.11
37 59 64.25
85 75 64.02
55 76 91.16
40 79 62.17
23 53 73.52
20 7 92.47
72 36 13.67
7 68 11.51
96 92 1.01
8 35 48.98
24 65 40.15
53 52 58.96
25 24 45.01
94 81 60.22
90 80 47.41
68 11 18.81
3 49 57.64
28 92 46.48
20 13 84.94
80 12 51.62
27 12 52.38
81 90 78.5
68 94 5.18
7 14 19.65
36 86 77.98
27 28 73.77
50 60 99.56
9 24 88.18
8 57 15.31
36 25 90.44
55 83 45.59
82 26 45.35
87 67 8.21
55 40 9.62
16 79 54.63
83 61 12.28
52 69 96.2
75 88 99.91
70 10 43.15
36 63 48.21
51 69 15.11
17 44 52.5
30 6 50.16
83 28 21.07
60 65 25.85
13 73 33.31
30 85 94.94
89 48 90.73
86 38 1.22
79 34 38.86
57 25 34.9
39 74 60.98
36 80 8.54
12 26 65.24
24 81 8.38
37 56 48.52
98 5 8.43
96 33 44.35
67 19 35.02
58 52 25.56
77 54 7.61
93 4 41.14
16 30 88.14
24 53 59.09
30 71 40.05
99 67 84.09
42 29 21.91
5 96 72.86
64 40 47.06
14 46 19.18
28 1 8.27
93 87 35.84
99 24 93.85
46 25 63.03
20 80 81.49
16 73 50.85
69 91 96.81
62 40 46.12
85 49 77.06
76 7 77.21
89 19 78.04
9 89 68.81
59 23 35.27
8 49 9.18
77 15 92.33
52 8 14.74
54 75 32.88
50 65 71.36
75 30 14.97
55 4 54.67
27 89 58.8
88 53 64.74
77 49 91.23
44 64 63.61
27 37 50.44
46 7 21.27
92 62 58.03
2 62 85.03
24 68 17.22
4 16 15.16
38 9 34.35
47 65 66.36
76 31 13.05
58 39 71.4
14 31 16.07
26 83 73.91
44 15 84.08
34 12 32.48
60 44 76.48
47 84 76.99
46 77 55.75
62 59 84.68
79 35 47.57
71 45 35.79
31 63 33.29
14 67 87.6
16 25 26.02
98 6 33.98
1 2 42.79
69 64 89.7
22 50 64.49
15 97 89.92
39 60 11.88
14 55 37.65
68 98 34.22
13 60 19.3
92 26 49.4
25 71 72.35
9 5 61.61
82 89 85.4
24 77 87.68
84 31 87.15
68 15 0.45
39 40 73.36
28 67 11.73
57 68 42.79
21 48 41.26
22 29 3.43
64 94 57.45
98 43 96.33
52 78 57.3
7 75 34.85
92 40 19.29
44 97 82.58
72 23 99.74
38 14 2.18
41 37 39.8
24 89 2.08
90 12 49.24
91 36 45.31
92 84 71.73
92 14 50.45
6 14 18.67
64 52 91.0
98 4 0.11
28 77 1.25
14 45 69.38
64 32 63.83
27 53 85.6
15 45 66.94
42 79 62.98
74 77 17.6
93 33 36.21
25 12 2.44
7 24 46.1
58 70 89.2
43 28 10.41
66 72 26.82
58 42 31.88
71 66 0.28
1 7 50.35
8 17 49.05
5 83 97.91
51 56 89.56
9 43 79.2
56 1 77.48
34 50 9.18
19 76 0.11
89 44 46.73
53 79 61.94
81 89 21.51
74 26 54.65
74 70 13.11
75 77 33.83
4 38 83.45
76 41 72.81
40 24 14.63
63 83 80.55
38 84 86.59
68 14 74.55
39 11 7.68
66 8 38.65
24 69 5.05
38 83 90.68
58 43 43.06
85 90 43.94
93 71 54.3
81 55 89.23
54 15 65.74
38 74 14.52
77 39 92.35
68 17 6.26
49 99 28.59
69 85 48.12
34 31 11.79
20 3 72.29
81 29 52.49
51 20 19.12
38 89 2.21
14 42 23.23
98 41 28.74
85 47 95.44
86 67 26.7
86 66 43.25
26 13 55.75
80 64 21.27
82 55 65.39
25 48 12.55
11 96 34.92
43 73 46.72
92 34 88.19
97 48 43.36
53 17 95.16
96 75 90.15
16 51 60.98
46 22 57.36
81 45 24.34
8 62 43.93
51 79 86.13
54 84 96.91
64 92 65.44
47 48 1.96
47 71 91.36
28 76 76.29
48 6 73.55
6 29 13.56
80 51 24.43
9 36 76.3
14 30 55.75
76 44 77.04
9 34 4.05
50 92 40.45
1 47 43.26
80 3 57.72
16 99 19.25
52 23 54.31
92 30 96.88
55 30 51.94
57 97 24.9
99 74 77.13
58 60 36.13
15 4 45.7
51 17 97.03
10 26 22.5
58 7 52.78
29 71 65.9
11 69 83.99
92 68 8.4
48 99 17.93
4 8 38.08
15 14 94.87
10 12 68.66
13 3 75.47
1 15 91.91
53 30 49.85
45 73 46.76
88 77 13.34
70 72 23.11
40 35 58.9
71 14 18.33
11 56 66.86
29 37 13.61
72 63 62.5
91 86 2.21
94 75 97.9
62 93 34.03
80 25 22.76
20 31 59.93
61 33 26.61
87 62 29.76
31 12 22.79
10 19 43.83
43 25 22.7
97 12 66.55
66 22 74.16
75 42 36.97
75 4 35.05
19 83 4.65
13 81 15.78
64 79 1.5
86 30 77.1
5 47 88.01
36 48 67.08
5 37 33.12
98 89 10.53
75 14 72.65
81 58 53.35
65 97 57.33
60 49 83.34
10 72 23.19
50 81 99.6
76 95 37.44
49 54 49.44
48 70 25.51
85 10 79.42
76 68 7.07
6 42 66.86
42 64 90.07
98 35 93.56
66 15 97.69
25 81 81.06
80 26 47.58
90 20 77.2
21 1 42.18
65 25 69.88
36 1 85.29
56 25 48.77
21 14 90.49
78 35 5.98
42 57 96.32
59 57 43.62
83 27 49.25
63 24 63.07
96 38 94.56
17 48 70.88
10 59 93.0
19 30 99.03
62 69 20.25
8 43 3.45
60 18 36.48
7 3 7.3
74 44 60.49
58 44 33.14
6 34 4.35
28 96 15.08
30 80 42.85
36 89 82.98
82 8 43.14
6 32 18.79
52 59 89.84
52 25 93.18
37 1 12.82
66 28 97.0
91 97 94.17
14 37 75.92
17 39 13.45
88 71 22.28
78 3 13.75
61 45 41.71
58 18 79.61
87 8 24.19
22 18 28.45
81 67 98.08
22 87 47.61
51 61 5.08
55 28 22.13
8 45 76.62
40 16 57.39
39 82 58.73
8 72 31.12
31 17 7.33
73 83 24.72
73 96 53.8
78 95 73.75
5 92 38.89
60 30 74.28
97 43 60.68
82 44 69.4
25 23 17.17
14 51 78.33
31 3 18.77
55 23 66.93
46 48 29.36
4 96 98.06
71 67 95.87
75 70 5.0
32 34 6.08
4 33 51.7
9 88 97.03
26 39 38.26
21 41 42.86
60 87 16.98
8 23 88.17
6 1 16.38
2 71 23.35
51 47 53.9
69 3 40.02
33 29 99.42
50 88 89.07
73 19 6.97
13 64 48.67
21 81 79.32
38 35 37.36
75 1 62.06
15 31 67.71
95 85 89.11
1 38 41.77
92 1 43.81
41 2 3.9
95 56 12.95
15 24 22.74
91 32 91.3
32 55 43.01
55 80 59.4
28 47 36.1
72 44 15.02
29 97 4.36
38 8 41.45
21 25 18.02
16 2 89.28
88 42 85.28
51 84 53.76
81 4 38.89
16 18 96.12
50 75 16.93
66 76 48.65
52 57 53.91
7 54 90.02
3 19 21.18
68 34 80.48
41 73 46.48
79 57 70.87
55 98 71.19
37 94 88.24
51 12 9.08
11 8 39.35
60 2 61.56
8 74 43.09
51 91 11.42
51 54 27.96
69 68 14.16
5 84 79.78
10 47 54.94
83 81 56.85
95 38 6.9
81 1 3.04
39 88 31.99
51 24 77.86
53 46 60.48
61 92 34.96
74 22 0.4
38 61 31.27
8 27 35.24
80 98 68.14
72 24 65.19
70 83 97.8
33 64 54.54
86 37 83.9
89 51 1.27
20 4 55.77
37 30 80.84
90 72 87.57
87 66 61.13
86 98 61.77
31 87 33.05
66 69 61.69
76 84 48.75
46 71 3.7
16 81 89.91
76 21 62.49
24 79 13.91
22 24 99.29
98 99 50.03
21 62 17.43
55 53 98.0
34 13 20.31
5 7 33.9
3 99 93.98
73 54 91.23
56 87 67.24
30 28 54.06
46 97 56.03
2 81 4.63
94 11 2.61
66 42 42.42
12 16 45.56
23 1 42.55
37 26 62.62
74 10 30.98
78 92 83.29
84 33 79.29
72 43 51.08
93 97 83.84
27 56 89.71
35 57 33.17
77 80 74.26
60 47 74.37
37 70 90.92
49 92 72.11
52 93 65.76
5 70 1.81
96 50 89.61
31 81 81.96
71 42 40.55
64 66 36.73
28 88 22.71
96 37 43.23
35 86 74.93
58 3 31.79
41 94 2.14
47 57 16.89
9 37 90.7
91 29 5.04
41 66 78.78
32 30 59.86
32 85 84.85
17 70 16.93
17 45 65.8
8 24 69.84
90 40 38.26
44 91 97.14
3 66 77.9
57 96 56.81
12 82 37.19
76 80 43.34
93 15 4.47
19 97 2.81
26 21 11.73
59 74 23.17
9 64 28.13
18 46 17.52
36 40 88.17
89 52 78.92
60 21 94.77
13 19 19.25
60 70 75.26
14 33 29.7
23 98 24.71
83 41 36.0
44 29 2.05
6 40 36.41
7 64 12.41
94 66 12.67
99 4 7.81
47 75 68.54
62 68 80.24
34 98 88.8
31 38 49.62
40 15 32.37
99 26 98.89
30 96 74.4
16 52 75.84
19 66 68.07
92 94 38.64
74 57 99.28
68 63 27.33
24 98 26.44
91 24 86.93
85 7 39.24
16 59 42.44
91 55 41.95
56 94 44.6
39 54 22.88
53 19 47.86
73 69 84.69
61 95 89.43
40 60 30.56
74 87 4.89
64 24 54.97
89 86 10.93
32 63 77.41
19 8 6.4
66 62 47.92
95 18 12.44
92 57 92.59
52 65 51.16
79 14 86.86
63 21 42.64
83 43 53.73
99 43 45.02
68 28 40.8
92 95 50.13
82 22 28.61
57 41 62.89
89 70 5.38
30 99 94.42
97 60 18.86
71 34 57.05
47 25 94.25
2 34 24.11
65 64 69.67
59 79 73.58
3 1 37.21
31 7 36.43
66 95 29.21
93 44 80.38
41 96 69.33
18 50 61.24
76 87 0.32
66 79 52.98
91 79 34.22
94 99 75.91
67 69 41.1
95 99 2.96
77 89 4.42
67 41 63.98
65 15 21.45
7 84 37.84
90 79 95.35
11 55 90.98
5 21 83.06
33 75 2.22
43 22 56.09
69 43 34.17
22 39 6.05
82 24 97.3
58 63 71.54
33 78 96.1
65 37 88.49
89 55 31.27
92 20 89.99
76 26 16.98
31 65 88.72
78 11 25.52
15 47 50.79
66 65 0.24
51 35 72.04
88 94 87.16
11 18 21.3
43 11 32.29
43 6 70.61
80 4 36.42
74 91 57.6
2 37 6.13
91 1 44.59
2 32 1.48
69 70 48.55
64 56 56.26
83 9 46.04
15 89 11.67
90 42 92.34
57 6 90.67
40 81 33.96
23 58 51.41
90 6 39.48
38 63 4.56
11 80 9.18
24 93 67.53
41 74 75.08
80 84 9.62
23 61 18.53
32 77 24.56
57 21 83.97
4 66 60.99
11 62 83.18
77 99 33.7
86 76 92.2
85 59 98.61
71 72 50.27
15 11 24.56
42 98 48.72
70 26 92.93
86 52 99.84
1 83 62.34
73 20 1.88
77 44 57.99
32 7 6.28
43 20 44.78
53 25 91.29
18 81 19.28
5 80 61.99
65 88 78.94
1 65 70.92
48 85 39.16
92 77 41.07
73 79 97.13
62 15 5.58
97 25 14.48
71 90 48.28
27 76 70.49
32 95 38.16
24 18 8.98
50 4 89.27
30 63 90.81
28 12 31.86
45 12 13.16
12 37 91.45
18 27 66.59
56 28 22.78
60 53 34.97
37 89 55.86
1 20 80.49
73 31 79.3
85 29 93.62
7 91 81.38
23 36 50.46
91 19 40.94
96 23 7.08
65 68 3.66
31 23 36.49
52 90 83.03
80 48 14.56
84 70 41.34
37 80 67.75
79 55 34.8
23 91 74.6
90 38 43.46
97 99 80.06
97 39 58.41
70 85 36.53
60 42 78.58
40 50 20.66
43 57 3.79
25 22 27.72
63 79 90.14
55 16 9.29
27 15 39.08
46 72 15.69
89 95 22.47
30 61 99.88
97 96 57.84
76 60 52.95
30 69 45.14
53 48 30.36
56 98 93.68
97 71 17.76
71 84 15.65
98 87 20.06
86 3 13.55
57 7 6.22
90 68 66.16
22 2 68.41
32 48 19.85
64 34 37.19
44 67 71.01
90 26 29.88
76 49 62.27
91 84 20.27
6 93 84.0
62 46 76.39
75 20 49.57
44 71 46.56
36 66 83.8
5 4 69.57
41 29 33.29
86 78 22.21
11 95 44.99
6 23 61.96
23 71 55.39
51 93 98.46
44 14 71.87
71 79 44.84
49 50 48.34
95 65 44.92
85 37 92.85
33 94 76.02
43 35 70.8
31 68 43.31
60 28 67.32
38 29 67.0
9 21 49.33
82 18 44.18
26 64 51.81
23 46 58.76
88 2 62.93
41 82 60.42
6 22 51.32
23 7 63.95
98 22 42.53
67 22 65.92
57 99 37.75
52 40 48.44
44 41 33.82
28 5 57.55
95 1 47.85
70 11 55.64
98 52 42.5
30 56 43.01
60 55 64.36
77 11 73.96
69 8 3.92
37 51 47.11
87 47 37.66
19 34 31.55
87 19 99.82
41 85 7.15
15 3 48.35
18 41 36.04
76 2 43.98
74 24 15.85
80 71 6.4
58 20 49.16
89 34 16.59
71 61 34.64
21 92 21.27
9 18 24.61
94 13 47.2
7 17 32.98
92 25 29.53
24 14 87.52
57 15 29.57
71 12 50.94
95 96 44.94
95 77 60.72
31 55 90.78
54 87 64.83
42 23 99.02
68 71 23.52
47 79 52.05
49 21 2.61
26 47 49.59
15 81 0.34
59 42 1.59
42 65 63.81
3 2 69.19
91 10 44.95
8 28 30.05
36 24 42.92
83 8 39.03
63 7 55.09
41 40 12.11
22 54 40.63
96 44 76.82
18 67 3.19
4 19 1.16
35 92 85.85
19 78 50.38
53 28 0.03
1 85 88.39
93 46 31.11
42 24 39.26
64 99 79.17
58 37 67.4
93 73 55.33
12 43 54.3
12 59 25.44
71 81 37.59
77 20 74.8
4 69 19.29
55 90 66.39
12 17 4.7
21 6 70.49
19 71 47.45
42 19 54.45
10 43 98.16
24 52 31.48
43 67 28.13
37 62 39.96
49 81 45.56
86 21 33.47
38 28 54.18
47 14 74.3
87 92 34.93
13 55 46.71
26 1 9.39
12 36 6.5
73 24 83.71
37 4 10.91
33 21 62.39
85 12 0.41
96 18 97.64
30 76 12.93
30 62 87.53
50 77 24.84
98 95 3.95
26 77 33.52
53 11 82.34
86 44 36.74
32 73 18.91
39 95 56.28
37 78 13.32
53 59 32.31
38 94 11.17
57 39 87.46
91 88 70.35
89 80 90.24
22 49 32.84
90 84 63.37
17 46 7.02
67 61 54.17
63 4 31.97
64 10 61.58
42 91 97.8
83 35 97.96
33 79 62.63
88 62 61.31
9 16 70.39
67 75 58.44
85 55 43.84
7 45 29.93
61 40 55.07
94 29 14.19
58 28 93.28
56 73 36.55
25 74 33.16
14 27 11.04
39 92 12.04
75 74 72.98
94 72 50.46
21 84 90.05
49 43 49.08
94 26 22.64
76 67 48.52
34 57 84.83
16 29 43.5
11 27 46.58
55 39 67.16
74 49 6.27
5 31 31.0
89 73 58.68
51 85 82.1
60 31 21.8
74 1 83.42
64 3 76.43
7 4 37.27
10 88 34.93
96 46 25.99
47 27 60.2
2 44 35.52
94 28 32.39
69 7 60.9
83 79 57.21
45 55 83.46
86 31 10.38
19 33 48.32
15 50 97.8
62 78 10.11
43 7 76.38
91 22 36.24
93 57 22.51
17 72 60.38
97 79 53.34
78 15 84.52
21 46 31.11
19 27 79.59
50 71 9.31
23 70 43.89
41 62 52.82
40 58 31.48
66 5 88.88
92 63 9.02
87 83 9.8
79 54 24.22
48 90 63.02
76 4 45.34
37 40 96.28
43 27 96.16
31 58 59.65
29 68 41.77
21 36 10.14
7 55 99.7
68 89 94.63
32 56 62.74
53 76 33.4
20 93 18.99
11 91 33.19
62 96 4.71
87 13 51.79
2 10 43.22
83 44 24.18
48 71 68.87
69 25 39.13
80 22 33.56
93 42 83.17
52 84 88.57
23 33 55.51
62 27 52.12
9 82 81.43
70 80 27.35
42 95 85.75
30 22 31.95
44 92 37.8
95 64 97.32
59 48 25.25
5 14 92.78
63 54 36.21
1 32 20.78
34 39 13.23
42 68 63.27
99 92 9.72
72 42 62.61
4 72 86.92
80 63 20.96
47 63 87.09
99 14 44.76
9 3 30.18
84 74 83.11
18 83 72.46
70 22 35.88
36 62 97.76
46 12 23.26
16 68 96.56
15 32 64.07
15 85 71.1
55 36 91.39
67 8 18.94
76 10 18.09
87 5 36.16
79 8 25.38
79 15 10.66
77 58 15.77
31 92 82.94
89 45 49.64
78 57 91.45
9 96 89.51
33 26 86.04
61 35 47.45
80 45 81.33
4 44 85.55
1 72 54.28
10 15 94.1
78 97 29.3
50 39 41.31
41 86 53.5
19 29 94.9
18 69 9.82
93 72 5.27
78 65 24.12
8 15 68.19
74 9 91.58
70 38 74.28
55 15 98.88
86 97 15.59
77 85 78.17
35 46 1.23
89 99 73.4
67 53 42.75
7 11 77.07
74 71 9.06
31 25 85.09
15 92 20.53
29 47 18.82
26 53 1.92
3 88 58.67
1 61 56.26
53 84 3.3
33 68 95.78
4 14 44.64
68 78 24.1
5 24 70.48
8 77 52.95
21 18 41.92
25 8 6.55
75 31 50.15
31 96 60.74
75 32 73.59
61 10 77.91
17 69 98.24
11 3 69.8
24 19 70.25
84 34 95.97
76 5 68.87
69 93 70.96
77 9 5.8
82 72 88.37
38 20 99.52
44 84 46.29
88 29 24.58
64 46 38.02
56 86 52.86
22 27 18.78
85 42 26.78
22 13 9.48
84 50 97.82
72 14 87.6
99 93 35.98
42 39 68.07
69 41 16.37
89 71 33.51
62 90 2.5
70 98 49.27
89 84 66.11
81 84 85.74
23 34 80.51
13 7 54.85
71 56 72.94
21 79 81.45
88 92 80.14
6 37 7.8
98 54 49.59
45 27 85.27
6 74 29.52
69 59 71.31
94 70 88.48
86 17 76.38
23 79 95.05
72 59 4.57
34 76 98.68
91 64 34.95
69 50 95.77
31 57 28.11
46 90 42.56
79 70 6.66
81 7 9.82
14 69 4.11
66 43 54.9
40 97 34.88
50 66 13.16
24 86 41.95
6 19 26.29
57 4 50.88
65 55 15.78
2 7 1.81
9 15 39.66
75 15 94.78
78 56 44.02
46 65 45.83
2 48 0.85
72 69 84.37
85 18 26.7
45 28 89.03
10 55 98.75
98 14 69.36
62 34 16.26
35 39 76.0
86 43 88.64
11 73 45.65
47 77 91.21
71 32 43.72
80 88 55.78
92 32 59.41
76 51 45.2
97 55 25.72
20 40 74.46
13 31 39.08
30 27 86.92
94 45 58.87
83 25 64.13
87 99 92.18
55 48 67.11
51 67 34.38
33 59 57.63
76 85 36.49
81 52 13.85
60 89 12.49
82 27 14.46
58 85 46.62
22 33 17.89
62 18 7.88
35 36 81.71
37 98 88.73
20 60 68.01
53 66 37.55
65 16 66.85
43 51 28.13
37 17 57.68
60 23 31.53
61 78 84.29
56 90 44.45
20 74 0.66
27 92 61.84
43 23 21.4
89 23 55.95
60 3 27.09
63 67 84.7
54 81 24.91
33 47 78.42
9 8 86.0
45 58 31.12
52 56 66.91
21 29 49.66
68 36 31.09
4 32 97.44
24 84 19.21
87 90 83.17
25 49 31.25
72 3 82.99
75 44 40.7
34 25 49.85
30 35 84.4
25 5 38.0
74 60 9.74
34 95 78.39
39 52 34.14
72 53 78.3
35 34 17.28
32 26 6.82
30 20 10.16
55 71 83.98
28 22 85.17
42 70 11.72
34 90 25.97
66 9 20.79
75 95 53.37
77 72 14.42
44 61 74.86
87 36 27.33
22 17 53.9
41 31 82.37
46 66 48.1
20 81 10.83
24 50 68.73
3 6 83.73
47 37 91.43
5 55 83.18
24 83 49.89
44 46 84.84
45 16 71.79
88 5 13.64
18 55 22.63
18 75 58.32
42 61 9.75
62 64 50.01
82 63 77.44
9 12 12.73
53 80 80.73
91 46 0.57
65 62 47.08
36 97 54.4
42 83 43.1
95 29 52.93
17 58 56.75
35 23 11.36
67 11 39.39
88 14 93.6
68 44 15.48
96 84 68.13
96 51 26.04
52 87 96.02
75 46 57.08
78 49 47.57
12 38 63.93
36 92 27.93
31 66 53.15
5 69 29.14
2 24 42.92
13 32 64.16
73 29 38.54
15 20 13.37
67 23 45.01
98 97 91.09
4 64 40.75
42 41 42.5
60 5 77.14
81 32 62.08
74 47 38.45
78 76 68.34
15 29 48.98
35 6 90.8
3 40 68.01
52 9 42.26
42 35 95.52
18 61 88.18
13 54 72.46
58 15 77.05
20 11 88.31
81 12 79.53
97 23 47.08
51 36 57.7
32 45 96.69
16 88 81.59
6 31 46.26
57 71 17.13
23 63 25.84
70 52 99.96
87 35 40.11
27 42 6.41
59 32 37.34
77 4 56.38
91 20 17.77
51 2 35.64
55 35 60.9
13 23 30.8
29 35 68.63
91 67 53.12
39 86 0.89
6 65 51.41
79 6 93.97
88 35 89.58
87 58 5.77
9 17 76.86
78 10 29.97
11 23 91.76
73 70 11.81
83 32 65.72
23 62 26.35
40 57 14.16
71 39 7.46
54 59 54.55
22 53 90.53
35 7 45.6
40 96 7.47
48 87 1.34
12 64 41.39
74 15 20.66
47 12 68.58
72 13 16.82
2 38 36.0
84 94 15.97
93 85 21.23
86 68 11.45
30 72 75.96
49 59 46.79
92 59 50.91
97 54 2.32
9 62 6.15
99 73 16.89
56 45 53.86
78 48 15.29
18 2 91.21
36 31 18.19
20 55 75.14
98 77 5.87
32 86 79.84
45 34 63.78
94 20 86.48
43 77 88.16
66 44 61.57
4 88 51.94
45 39 98.1
32 14 99.47
32 44 17.91
89 92 90.39
28 32 35.47
61 59 11.53
95 84 73.82
72 52 44.58
69 16 73.62
51 95 5.77
52 35 69.58
8 10 53.01
27 36 5.14
91 18 48.77
53 91 15.39
81 76 92.15
6 55 95.53
55 29 7.84
51 33 1.16
24 54 36.21
86 85 43.98
54 94 46.35
69 2 25.46
14 9 75.84
86 59 66.94
59 2 17.68
80 60 76.21
66 49 73.43
38 15 81.75
12 30 72.59
94 17 74.47
59 97 34.69
90 35 95.58
49 69 96.61
85 53 69.09
81 3 82.83
3 16 8.49
93 49 82.09
30 54 93.39
71 59 38.09
20 89 66.3
26 5 74.28
83 2 98.53
36 75 59.64
86 77 71.79
49 88 11.92
60 77 7.85
77 73 68.1
19 72 55.02
56 24 85.6
4 28 76.86
88 12 10.69
62 47 94.36
95 40 9.38
66 83 35.17
57 9 56.98
56 79 50.52
55 34 28.25
72 20 52.31
13 45 54.85
53 99 85.08
95 5 90.92
81 99 20.36
5 99 80.41
43 84 82.65
64 98 49.57
79 36 11.41
48 57 76.15
84 45 87.7
69 53 68.46
84 82 34.91
25 28 3.89
43 18 79.37
34 29 32.83
95 41 3.42
7 82 75.69
91 89 85.09
72 98 13.77
65 67 12.22
51 83 69.18
34 96 40.38
99 79 99.0
58 74 74.14
95 91 25.93
44 69 58.87
9 47 50.51
39 62 99.81
60 66 23.3
69 19 18.42
91 13 77.69
91 65 51.23
77 62 56.87
17 75 50.16
49 47 8.27
18 74 98.71
28 82 37.82
51 97 98.79
13 70 98.21
64 77 37.61
63 8 57.41
6 94 47.56
1 60 2.58
72 88 19.98
80 14 23.22
98 46 36.99
58 12 54.09
82 93 26.04
52 75 28.55
47 59 16.09
29 92 5.21
89 17 41.85
74 11 90.44
56 7 58.41
48 7 1.0
43 2 48.14
69 88 70.17
39 44 46.38
91 16 48.04
11 64 83.63
12 52 40.2
30 1 38.56
18 17 0.39
48 64 34.25
46 67 84.64
98 82 54.83
59 27 38.45
56 6 23.64
51 86 19.34
40 27 70.24
52 73 57.95
4 78 99.88
14 74 85.45
65 7 50.22
9 58 64.4
84 10 70.74
77 96 46.03
33 98 35.55
46 55 43.64
73 39 38.58
86 96 37.36
31 1 40.67
28 57 41.65
97 30 98.37
68 74 86.5
22 95 70.66
53 95 34.23
57 65 13.85
39 32 53.23
62 75 65.12
1 67 18.81
40 70 56.43
14 3 57.55
55 49 48.82
31 90 52.08
43 26 68.31
54 80 53.17
51 53 3.58
79 76 41.5
74 48 64.0
75 29 38.58
75 57 13.87
95 54 7.31
43 89 53.82
59 30 1.34
69 57 4.72
98 51 78.22
17 43 33.97
25 40 51.2
41 64 53.1
57 87 76.99
98 29 30.85
75 39 0.76
30 74 6.09
20 95 18.85
17 95 95.36
81 8 68.88
80 82 12.82
76 3 83.61
96 6 5.85
57 83 2.27
98 27 36.83
24 27 24.14
66 84 82.67
94 18 63.68
38 99 32.91
56 82 8.13
97 50 58.25
36 57 26.27
13 89 6.21
39 96 56.31
5 36 63.14
10 44 71.26
47 45 36.2
40 23 69.6
46 76 97.5
96 17 2.43
62 60 99.68
34 44 20.77
46 32 15.91
4 83 96.03
65 93 27.66
47 38 35.07
18 65 3.32
53 75 8.26
27 70 92.71
90 69 89.75
2 92 90.89
87 45 61.91
74 5 79.02
50 61 37.36
20 78 65.09
36 54 15.13
14 41 41.19
85 81 65.37
57 38 90.67
48 40 68.14
14 2 70.7
58 8 86.3
6 39 65.17
14 40 3.99
55 26 78.76
30 40 69.84
28 36 11.89
79 43 86.69
17 33 63.82
10 80 69.54
91 63 11.77
34 20 90.46
75 71 10.19
62 84 75.51
28 34 47.81
65 40 54.32
40 91 53.7
57 55 69.76
57 82 60.96
16 32 67.36
53 16 66.95
37 52 94.02
96 36 59.33
97 13 77.5
90 53 24.02
35 13 98.43
35 10 44.57
73 91 77.97
92 55 28.07
34 56 48.34
12 70 37.93
16 27 36.78
7 12 95.53
5 46 96.48
90 49 21.78
61 69 86.49
64 88 27.28
29 10 94.93
54 29 7.72
6 61 11.41
20 36 80.49
14 22 62.88
51 57 65.44
2 35 60.04
50 68 66.41
38 16 57.65
52 44 36.65
48 51 75.44
70 35 91.45
42 34 52.77
30 31 20.24
37 43 59.56
93 53 25.83
56 80 85.15
5 75 67.98
85 9 54.71
88 17 36.39
67 3 73.11
56 8 4.17
70 25 74.73
49 86 72.65
15 21 82.86
76 11 44.07
75 35 99.68
13 18 7.44
10 7 76.36
96 59 86.13
88 33 24.21
91 15 24.94
20 24 92.07
64 74 52.25
85 28 24.92
26 25 70.15
12 69 66.87
36 67 98.26
77 14 78.76
4 46 93.43
11 22 31.9
47 83 19.95
59 24 91.25
7 37 1.66
59 29 23.84
72 85 6.25
66 98 45.48
61 98 43.43
65 36 14.92
63 61 46.0
48 39 48.78
80 41 43.8
34 77 66.94
60 81 84.53
70 51 41.77
92 82 47.39
79 27 59.24
50 98 28.38
1 77 64.05
38 52 13.44
13 66 55.37
22 57 36.64
5 42 64.34
21 77 61.48
33 89 36.76
59 45 62.99
44 43 24.06
60 63 92.78
11 89 84.09
7 79 8.12
25 33 45.24
47 76 90.78
82 1 20.52
43 75 34.91
12 19 27.03
22 26 53.73
11 33 66.95
54 72 62.66
25 9 79.13
67 80 28.04
18 78 8.54
48 18 25.43
2 26 10.34
36 3 86.63
46 24 47.22
28 74 40.53
67 96 61.93
6 8 43.31
87 95 71.95
89 85 96.45
40 67 59.32
83 40 31.09
19 61 65.99
53 50 27.85
70 1 16.04
87 81 86.56
67 78 70.43
37 53 23.69
80 43 80.27
70 54 76.59
39 24 59.57
33 36 91.23
7 53 66.12
95 83 19.63
40 88 29.57
76 74 46.68
6 4 96.68
45 53 41.47
16 57 22.05
92 12 55.53
71 60 68.67
75 99 92.53
72 74 48.13
72 97 56.48
67 47 39.82
86 73 16.29
35 25 79.31
18 88 5.55
39 27 40.1
22 68 57.08
18 92 50.79
80 87 99.68
76 98 59.89
28 16 22.06
86 1 8.74
6 46 65.7
12 22 59.45
65 21 32.44
47 16 0.58
88 6 11.51
97 4 51.26
38 64 27.81
6 91 16.16
14 87 61.51
90 77 8.04
42 25 69.05
6 80 31.43
4 1 55.16
55 68 64.32
78 42 49.19
78 31 5.96
53 61 4.6
13 33 59.43
31 47 25.67
77 91 71.31
13 74 3.98
81 39 93.44
15 59 6.6
71 33 49.84
81 56 0.51
93 22 86.33
21 64 63.57
1 57 83.48
5 33 75.55
3 5 8.31
41 32 2.29
82 62 24.5
68 25 59.65
94 21 9.89
90 58 88.31
26 30 94.17
31 85 2.26
32 21 17.45
53 74 23.07
78 73 68.63
88 34 98.25
46 8 14.19
90 82 0.94
48 84 43.7
35 77 34.69
1 27 59.62
88 48 78.84
61 12 15.95
81 66 54.18
51 40 0.33
78 91 2.08
85 36 36.41
97 80 41.89
40 86 69.25
49 14 43.57
88 95 42.68
57 2 52.61
29 2 32.68
8 21 96.19
32 49 2.66
95 25 75.14
82 48 22.58
8 97 93.72
74 90 45.89
98 94 66.64
56 39 97.51
51 7 26.32
18 56 62.91
17 85 41.55
83 72 0.5
18 79 66.99
68 39 41.38
23 38 53.57
98 48 78.85
65 51 11.98
62 83 6.81
98 59 81.67
95 31 15.39
41 79 21.8
8 59 63.03
7 21 61.12
28 93 52.03
22 23 7.46
70 44 20.77
78 7 91.9
74 35 27.44
53 73 50.95
29 52 0.34
49 65 71.64
60 61 25.86
70 24 5.49
57 62 54.18
14 60 71.38
27 72 73.4
14 81 91.53
10 23 5.01
40 29 36.5
40 18 15.51
84 79 38.34
38 11 98.93
23 12 21.21
81 27 56.71
71 83 98.48
76 90 67.12
65 26 98.25
17 57 8.64
8 29 41.95
61 9 71.67
29 72 37.73
51 21 83.13
8 80 96.42
94 14 24.31
10 20 13.11
59 91 34.44
92 3 55.37
68 85 57.75
1 40 3.5
69 13 62.14
20 96 5.51
21 59 5.82
77 65 71.04
34 26 32.7
22 62 31.46
58 34 32.04
3 33 25.2
6 16 81.23
4 58 8.76
69 46 74.53
46 37 64.91
91 21 53.63
73 92 67.09
94 96 62.04
99 28 15.2
97 47 60.29
64 93 92.66
10 98 52.16
7 67 70.76
43 33 55.57
64 63 60.57
73 17 27.95
12 83 56.86
62 25 0.18
94 67 5.98
34 27 40.21
20 17 76.9
45 64 99.38
11 88 63.36
91 28 72.55
37 28 5.24
64 96 92.96
84 9 42.99
26 29 94.06
60 93 35.09
33 9 4.69
67 66 16.25
74 78 21.06
80 27 45.67
9 2 31.74
61 8 26.75
57 89 67.5
62 33 9.85
51 99 67.8
80 13 18.37
38 21 45.73
72 61 93.38
1 39 32.37
39 15 71.75
26 45 81.13
37 61 66.12
88 73 48.76
84 75 53.3
71 77 26.7
70 53 40.46
83 68 40.84
31 43 26.89
18 32 22.26
45 20 3.27
72 78 27.75
13 1 49.01
13 76 80.84
64 68 32.67
62 29 82.93
41 3 94.48
79 74 74.13
50 28 15.87
42 87 71.32
67 48 66.05
82 91 38.36
2 97 27.55
25 87 85.65
42 37 13.36
58 89 91.09
75 13 71.8
40 75 45.89
42 99 76.26
49 80 78.47
13 11 28.63
23 27 8.32
49 39 87.6
70 50 40.02
73 5 34.32
59 90 86.49
59 18 16.33
84 64 27.91
92 10 18.51
25 79 7.71
79 95 59.17
45 68 62.48
54 2 24.14
63 27 5.27
46 42 94.64
6 2 98.66
24 43 61.12
51 72 49.53
58 13 82.77
10 48 6.18
98 78 0.71
32 96 48.55
4 27 59.07
69 15 31.55
61 96 55.17
15 49 50.44
75 69 87.42
44 9 25.26
10 57 64.65
41 92 76.67
87 97 15.65
51 63 66.62
10 94 53.23
85 50 43.88
9 6 23.9
79 44 86.6
38 53 86.29
45 98 64.81
46 11 44.84
36 30 43.98
66 78 24.83
85 33 71.64
84 41 39.12
71 92 81.92
51 82 53.57
32 76 43.15
73 2 61.68
4 52 95.53
65 94 23.0
66 93 24.21
31 70 78.25
93 16 50.1
31 39 53.61
75 2 6.63
30 29 25.28
69 58 99.69
17 97 61.58
22 94 26.61
78 16 99.36
63 90 74.26
68 58 3.09
15 98 24.84
17 61 56.98
80 46 88.34
64 58 48.8
9 13 6.75
28 13 26.4
96 98 33.09
6 60 25.49
51 75 18.61
58 49 84.12
89 96 96.51
35 24 3.81
10 13 50.25
76 97 30.78
43 55 52.17
45 93 8.26
86 57 47.73
26 72 94.39
48 91 99.92
48 22 94.41
17 71 79.33
11 26 20.24
73 33 77.35
5 35 37.47
82 53 94.48
89 10 67.87
54 34 74.0
44 5 32.47
21 72 10.48
3 89 68.43
58 93 99.86
4 89 10.87
62 5 98.19
21 45 37.21
64 60 6.29
24 48 15.56
60 8 36.0
2 50 2.61
61 48 70.97
90 97 11.55
32 88 25.5
20 14 33.54
54 56 56.97
18 97 9.42
51 60 6.47
21 4 84.03
5 23 66.02
52 51 26.06
76 43 77.94
52 99 80.33
96 25 76.0
94 80 33.1
27 52 67.75
63 26 29.85
18 15 62.4
73 60 97.63
69 26 23.02
72 22 66.73
22 75 35.01
58 79 15.86
5 40 86.18
1 94 13.92
53 41 62.14
90 73 35.5
85 97 96.1
92 8 1.42
75 34 64.54
50 57 49.4
35 58 74.47