100
0 8 80.697
0 17 23.928
0 24 62.573
0 30 70.339
0 78 70.06
0 86 17.077
0 91 60.407
1 13 71.268
1 16 83.773
1 29 11.322
1 33 52.097
1 50 26.484
1 57 40.138
1 75 56.098
1 83 35.911
1 85 1.805
1 96 10.817
2 16 36.478
2 41 46.477
2 49 62.673
2 83 66.331
2 94 6.888
3 18 51.43
3 34 4.532
3 73 81.654
4 46 96.203
4 57 93.013
4 76 76.27
5 49 59.971
5 98 86.29
6 29 76.878
6 69 76.722
6 72 47.312
6 77 41.746
6 82 48.462
7 22 2.644
7 42 69.06
7 78 35.366
8 19 51.589
8 23 6.094
8 73 19.337
8 94 63.539
8 96 68.035
9 49 37.568
9 60 44.528
10 12 93.762
10 25 18.538
10 29 10.789
10 38 66.09
10 40 55.089
10 58 22.7
10 59 54.299
10 60 87.77
10 74 41.126
10 80 87.089
10 94 58.697
11 27 23.82
12 34 4.899
12 36 25.635
12 53 3.395
12 89 66.806
13 18 34.872
13 25 76.597
13 38 99.477
13 95 2.046
14 41 28.163
14 42 72.512
14 55 59.82
14 87 70.562
14 89 35.829
15 36 16.015
15 42 48.384
15 90 40.536
15 96 76.63
16 30 55.116
16 39 99.094
16 49 3.347
16 75 48.922
17 23 31.294
17 55 96.998
17 57 7.614
18 22 9.063
18 72 61.504
18 92 3.844
19 42 36.859
19 53 55.29
19 61 13.662
19 80 41.025
19 91 70.403
20 28 74.042
20 40 76.84
20 69 82.411
20 88 52.783
20 92 3.762
21 36 83.334
21 65 40.451
21 78 86.666
21 95 21.613
22 39 11.349
22 54 80.511
22 74 86.912
22 78 94.124
22 79 68.758
22 91 49.224
23 32 45.225
23 33 33.975
23 42 69.584
23 48 65.399
23 49 97.286
23 60 20.927
24 36 92.732
24 37 67.572
24 44 33.898
24 57 99.339
24 62 5.077
24 93 90.848
25 31 82.021
25 40 68.022
25 95 74.242
26 39 92.911
26 63 88.604
26 76 2.529
27 29 1.358
27 34 63.031
27 55 71.751
27 65 61.966
28 56 29.787
28 61 42.242
28 63 21.352
28 85 70.269
28 95 19.144
29 66 44.248
29 69 42.76
29 74 48.997
29 85 29.368
29 99 51.388
30 63 4.291
30 94 65.462
31 34 55.668
31 74 79.137
31 92 49.663
31 98 13.996
32 37 44.258
32 72 35.726
33 68 50.801
33 82 28.183
33 87 55.616
34 41 52.894
34 67 76.212
34 87 89.94
34 88 99.373
34 91 28.913
34 92 59.019
35 57 42.447
35 67 35.258
36 45 20.546
36 54 17.368
36 89 79.165
37 49 18.126
37 59 69.405
37 64 51.043
37 65 33.029
38 43 72.199
38 50 33.604
38 53 79.466
39 45 34.07
39 47 65.399
39 51 34.424
39 80 48.353
40 49 86.961
40 73 25.234
40 81 88.226
41 56 28.58
41 77 64.542
41 79 14.379
41 96 47.242
42 54 54.273
42 87 62.546
42 96 43.347
43 47 34.086
43 61 1.871
43 94 27.108
44 97 22.844
44 99 44.568
45 49 12.822
45 74 86.331
46 48 62.708
47 55 97.94
47 61 88.845
48 88 28.948
49 88 27.577
49 96 74.774
49 97 40.287
50 69 42.357
50 70 87.12
50 81 81.526
51 64 2.328
51 72 35.216
51 99 32.436
52 78 16.855
52 97 51.326
53 83 62.98
53 88 55.01
53 89 1.351
54 83 24.66
54 92 95.212
55 74 54.673
55 77 62.57
55 82 88.879
55 91 42.099
55 98 43.718
56 57 45.213
56 85 16.462
57 61 70.646
57 90 70.385
57 96 70.542
58 80 90.277
58 87 71.719
59 60 58.335
59 83 69.527
60 95 22.576
62 91 63.249
63 70 22.178
63 82 83.1
64 78 76.521
65 75 40.77
65 95 44.854
67 70 66.793
67 90 63.205
68 79 92.776
68 88 48.69
69 71 69.758
69 98 11.009
70 73 51.029
70 92 29.94
71 98 60.433
72 82 48.118
72 93 96.932
73 84 55.493
75 91 49.225
75 95 96.025
76 84 68.217
76 90 97.974
78 80 8.744
79 96 29.369
79 99 17.807
83 84 80.047
84 89 63.116
84 94 99.292
84 98 49.461
85 87 73.609
85 90 27.974
85 98 89.153
88 96 1.993
89 94 85.058
89 97 42.348
90 98 64.408
91 92 66.583
95 97 0.4
98 99 70.913