100
0 1 2.150
0 2 95.599
0 4 59.641
0 8 96.222
0 16 11.375
0 32 64.900
0 64 88.389
1 3 86.601
1 5 90.743
1 9 16.980
1 17 36.326
1 33 63.312
1 65 35.115
2 3 19.600
2 6 6.789
2 10 88.969
2 18 69.569
2 34 59.464
2 66 16.956
3 7 33.894
3 11 77.817
3 19 58.905
3 35 86.611
3 67 75.965
4 5 13.561
4 6 89.056
4 12 60.038
4 20 36.583
4 36 79.602
4 68 83.221
5 7 58.853
5 13 40.124
5 21 79.982
5 37 47.227
5 69 85.517
6 7 41.353
6 14 98.922
6 22 9.727
6 38 97.379
6 70 25.546
7 15 37.023
7 23 54.739
7 39 49.331
7 71 49.424
8 9 39.943
8 10 31.159
8 12 59.494
8 24 57.551
8 40 87.716
8 72 39.536
9 11 86.821
9 13 78.406
9 25 73.866
9 41 55.103
9 73 22.131
10 11 77.173
10 14 92.677
10 26 57.861
10 42 84.759
10 74 18.108
11 15 70.223
11 27 5.467
11 43 85.914
11 75 68.380
12 13 20.207
12 14 2.733
12 28 66.760
12 44 57.402
12 76 79.161
13 15 92.745
13 29 44.361
13 45 90.921
13 77 77.255
14 15 18.916
14 30 1.847
14 46 7.520
14 78 30.711
15 31 84.736
15 47 40.499
15 79 56.681
16 17 99.758
16 18 68.543
16 20 70.933
16 24 72.192
16 48 42.080
16 80 34.344
17 19 58.154
17 21 12.442
17 25 5.883
17 49 16.507
17 81 50.981
18 19 40.001
18 22 48.974
18 26 46.109
18 50 20.177
18 82 16.933
19 23 40.681
19 27 29.784
19 51 1.614
19 83 99.354
20 21 1.956
20 22 88.099
20 28 90.877
20 52 25.070
20 84 65.666
21 23 9.814
21 29 63.941
21 53 1.455
21 85 93.878
22 23 80.816
22 30 4.925
22 54 17.261
22 86 71.839
23 31 2.086
23 55 6.353
23 87 21.677
24 25 9.381
24 26 19.749
24 28 69.997
24 56 36.689
24 88 19.673
25 27 52.070
25 29 77.073
25 57 94.716
25 89 12.485
26 27 13.214
26 30 15.414
26 58 22.437
26 90 34.570
27 31 1.628
27 59 48.213
27 91 23.921
28 29 13.296
28 30 42.128
28 60 84.052
28 92 51.369
29 31 11.311
29 61 45.057
29 93 61.101
30 31 90.193
30 62 79.828
30 94 73.351
31 63 89.790
31 95 26.644
32 33 6.009
32 34 88.892
32 36 7.660
32 40 10.837
32 48 85.968
32 96 83.238
33 35 87.751
33 37 75.761
33 41 19.087
33 49 84.619
33 97 7.580
34 35 23.768
34 38 11.594
34 42 73.046
34 50 29.608
34 98 46.013
35 39 97.794
35 43 28.433
35 51 66.080
35 99 97.450
36 37 35.861
36 38 82.830
36 44 1.224
36 52 10.265
37 39 11.765
37 45 47.185
37 53 21.990
38 39 91.968
38 46 89.681
38 54 35.477
39 47 64.889
39 55 20.916
40 41 80.167
40 42 14.659
40 44 20.949
40 56 21.616
41 43 58.394
41 45 67.507
41 57 53.408
42 43 74.962
42 46 53.908
42 58 67.314
43 47 73.470
43 59 94.398
44 45 50.660
44 46 28.295
44 60 88.334
45 47 78.033
45 61 81.466
46 47 13.638
46 62 82.635
47 63 28.833
48 49 74.591
48 50 54.340
48 52 19.574
48 56 20.307
49 51 11.816
49 53 56.252
49 57 51.196
50 51 73.443
50 54 87.115
50 58 50.241
51 55 8.669
51 59 2.180
52 53 13.003
52 54 70.906
52 60 2.842
53 55 79.331
53 61 7.624
54 55 32.998
54 62 2.993
55 63 72.595
56 57 9.850
56 58 11.504
56 60 77.393
57 59 1.230
57 61 11.883
58 59 21.295
58 62 73.136
59 63 67.906
60 61 69.337
60 62 35.304
61 63 84.698
62 63 27.415
64 65 47.246
64 66 76.399
64 68 10.750
64 72 64.184
64 80 87.151
64 96 67.425
65 67 26.992
65 69 63.867
65 73 35.179
65 81 26.322
65 97 9.116
66 67 80.847
66 70 53.937
66 74 48.819
66 82 24.483
66 98 23.085
67 71 52.108
67 75 29.871
67 83 73.690
67 99 98.494
68 69 4.748
68 70 36.823
68 76 3.931
68 84 92.932
69 71 4.614
69 77 62.250
69 85 34.907
70 71 78.861
70 78 80.234
70 86 52.455
71 79 34.993
71 87 85.909
72 73 39.979
72 74 28.831
72 76 60.505
72 88 99.761
73 75 53.054
73 77 93.581
73 89 24.087
74 75 94.241
74 78 58.107
74 90 38.753
75 79 89.626
75 91 42.914
76 77 98.064
76 78 58.101
76 92 0.550
77 79 1.176
77 93 15.843
78 79 94.978
78 94 35.971
79 95 97.562
80 81 9.756
80 82 46.289
80 84 54.856
80 88 23.875
81 83 39.679
81 85 82.454
81 89 32.266
82 83 67.738
82 86 95.503
82 90 36.432
83 87 13.651
83 91 88.301
84 85 87.898
84 86 61.009
84 92 13.315
85 87 96.109
85 93 98.093
86 87 52.902
86 94 61.376
87 95 61.475
88 89 28.143
88 90 94.644
88 92 59.886
89 91 42.255
89 93 26.091
90 91 70.815
90 94 43.254
91 95 91.508
92 93 21.440
92 94 73.837
93 95 50.727
94 95 78.300
96 97 95.529
96 98 26.401
97 99 9.381
98 99 30.797
