77
0 1 64
1 2 7
2 3 43
3 4 78
3 18 20
4 6 71
5 6 36
6 7 62
6 8 49
8 9 78
8 10 39
8 12 13
12 13 6
11 12 88
7 11 68
18 72 71
17 18 25
71 72 10
17 71 14
10 17 91
10 14 26
12 14 73
14 15 34
11 16 17
14 16 93
16 19 54
19 20 74
20 21 85
21 22 14
20 55 94
22 23 17
22 30 23
22 29 49
29 30 44
23 29 79
23 25 62
23 28 76
24 25 23
25 28 38
25 26 70
26 28 40
26 27 80
27 28 67
27 32 35
29 32 42
30 31 85
31 54 34
32 33 92
33 34 11
33 35 12
33 36 58
36 37 32
37 38 16
38 40 95
39 40 30
40 48 81
40 41 67
39 42 10
41 43 33
42 45 27
43 44 1
44 45 66
43 46 40
45 47 14
47 48 12
48 49 84
47 49 27
48 50 3
47 50 21
46 50 38
50 52 4
50 51 48
51 52 15
51 53 45
54 56 5
55 57 71
57 58 17
58 59 30
59 75 45
58 61 16
59 60 45
60 74 29
60 61 25
60 62 88
60 73 46
62 73 2
61 70 71
69 70 12
69 73 56
62 76 26
70 76 20
63 76 66
64 76 5
67 70 64
67 68 92
68 69 51
68 76 33
66 67 88
65 68 28
65 66 48
56 65 57
56 57 24