100
0 1 80
0 2 5
0 3 2
0 4 13
0 5 97
0 6 44
0 7 39
0 8 97
0 9 21
0 10 2
0 11 43
0 12 43
0 13 19
0 14 14
0 15 77
0 16 5
0 17 27
0 18 14
0 19 78
0 20 90
0 21 64
0 22 6
0 23 14
0 24 40
0 25 99
0 26 57
0 27 22
0 28 93
0 29 6
0 30 46
0 31 77
0 32 69
0 33 14
0 34 44
0 35 30
0 36 93
0 37 48
0 38 33
0 39 76
0 40 59
0 41 28
0 42 38
0 43 54
0 44 7
0 45 65
0 46 63
0 47 53
0 48 81
0 49 50
0 50 22
0 51 4
0 52 70
0 53 96
0 54 55
0 55 87
0 56 57
0 57 33
0 58 7
0 59 50
0 60 12
0 61 44
0 62 8
0 63 89
0 64 32
0 65 42
0 66 26
0 67 21
0 68 65
0 69 84
0 70 50
0 71 45
0 72 57
0 73 63
0 74 51
0 75 26
0 76 69
0 77 53
0 78 83
0 79 47
0 80 56
0 81 44
0 82 26
0 83 64
0 84 79
0 85 74
0 86 39
0 87 38
0 88 47
0 89 8
0 90 91
0 91 86
0 92 51
0 93 98
0 94 22
0 95 74
0 96 75
0 97 8
0 98 63
0 99 42
1 19 15
1 38 81
1 41 45
1 51 87
1 82 43
1 89 53
2 4 10
2 6 99
2 7 50
2 9 26
2 12 19
2 13 43
2 14 55
2 16 55
2 18 78
2 19 80
2 20 45
2 22 92
2 23 66
2 24 24
2 25 56
2 26 70
2 27 57
2 28 60
2 29 18
2 30 52
2 33 68
2 35 57
2 36 51
2 37 91
2 40 28
2 41 73
2 42 5
2 43 63
2 45 48
2 46 94
2 47 5
2 48 14
2 49 76
2 50 61
2 52 15
2 54 84
2 56 82
2 59 52
2 60 61
2 62 97
2 63 79
2 64 66
2 66 35
2 67 93
2 71 32
2 73 11
2 74 11
2 76 62
2 77 79
2 78 34
2 79 35
2 81 53
2 82 9
2 85 21
2 87 3
2 88 84
2 89 56
2 92 78
2 93 88
2 94 88
2 95 52
2 98 37
3 4 6
3 7 32
3 9 7
3 15 21
3 20 43
3 23 78
3 24 44
3 26 26
3 27 25
3 33 18
3 34 58
3 46 22
3 48 51
3 52 84
3 54 34
3 55 21
3 63 16
3 69 8
3 70 39
3 72 38
3 77 31
3 79 78
3 82 92
3 83 26
3 93 77
3 95 53
4 29 11
4 31 87
4 39 87
4 42 76
4 45 72
4 47 97
4 66 70
4 72 96
4 81 21
4 84 42
4 93 83
4 96 36
4 99 40
5 17 71
5 18 1
5 23 70
5 26 62
5 34 80
5 35 57
5 40 17
5 47 61
5 48 10
5 51 81
5 53 41
5 55 69
5 64 88
5 70 22
5 71 39
5 81 26
5 99 12
6 8 36
6 9 8
6 10 83
6 11 83
6 12 85
6 13 98
6 14 95
6 15 23
6 17 42
6 18 39
6 20 96
6 21 82
6 22 21
6 23 77
6 25 52
6 26 6
6 27 76
6 28 93
6 29 6
6 30 7
6 32 20
6 33 88
6 34 55
6 35 6
6 37 60
6 38 98
6 39 23
6 40 7
6 41 64
6 43 14
6 44 26
6 45 76
6 47 38
6 48 74
6 49 20
6 50 82
6 51 29
6 52 57
6 55 14
6 56 72
6 57 55
6 58 89
6 59 75
6 60 93
6 61 56
6 62 59
6 63 9
6 64 32
6 67 19
6 68 56
6 69 97
6 70 54
6 71 32
6 72 22
6 73 32
6 75 8
6 76 18
6 77 9
6 78 13
6 79 7
6 80 87
6 82 23
6 83 32
6 84 23
6 85 15
6 88 95
6 89 76
6 91 56
6 92 88
6 93 43
6 94 47
6 95 56
6 99 10
7 66 30
8 9 92
8 11 97
8 12 3
8 13 25
8 14 40
8 15 56
8 16 12
8 17 77
8 18 35
8 19 47
8 20 94
8 21 27
8 22 6
8 23 18
8 24 14
8 25 71
8 26 27
8 27 62
8 28 64
8 29 81
8 30 67
8 31 84
8 32 25
8 33 99
8 35 78
8 36 52
8 37 49
8 38 97
8 39 4
8 40 82
8 42 47
8 43 35
8 44 67
8 45 37
8 47 16
8 48 73
8 49 26
8 50 65
8 51 15
8 52 95
8 53 80
8 54 71
8 55 18
8 56 30
8 57 13
8 58 23
8 59 62
8 60 2
8 61 66
8 62 14
8 63 1
8 64 80
8 66 38
8 67 49
8 68 32
8 70 25
8 71 61
8 72 5
8 74 53
8 75 92
8 76 98
8 77 84
8 78 72
8 79 76
8 80 20
8 81 53
8 82 81
8 84 65
8 86 38
8 89 15
8 90 15
8 91 7
8 92 82
8 93 56
8 94 90
8 96 70
8 97 70
8 98 1
8 99 16
9 10 56
9 11 26
9 13 91
9 14 19
9 16 27
9 17 9
9 18 94
9 19 64
9 20 50
9 21 33
9 22 91
9 23 46
9 24 56
9 25 49
9 26 47
9 27 87
9 28 6
9 29 88
9 30 20
9 31 35
9 32 27
9 33 4
9 36 21
9 37 3
9 39 12
9 40 17
9 41 48
9 42 45
9 43 20
9 44 82
9 45 89
9 46 30
9 47 27
9 48 29
9 49 29
9 50 4
9 53 70
9 54 11
9 55 42
9 57 8
9 58 55
9 59 78
9 61 5
9 62 10
9 63 49
9 64 66
9 65 82
9 67 28
9 68 21
9 69 95
9 70 2
9 71 78
9 72 34
9 73 97
9 74 20
9 75 18
9 76 27
9 77 37
9 78 70
9 79 26
9 81 98
9 82 20
9 83 26
9 84 23
9 85 8
9 86 6
9 87 98
9 89 89
9 90 29
9 91 36
9 93 55
9 94 17
9 95 64
9 96 95
9 97 60
9 98 47
9 99 52
10 15 55
10 22 54
10 26 55
10 27 26
10 28 39
10 34 28
10 35 40
10 38 3
10 43 59
10 51 4
10 53 24
10 54 27
10 57 11
10 59 72
10 66 17
10 68 71
10 69 11
10 75 75
10 79 59
10 82 75
10 83 42
10 90 93
10 91 70
10 96 20
11 13 1
11 14 69
11 15 40
11 16 8
11 17 47
11 18 57
11 20 65
11 21 46
11 22 34
11 23 25
11 24 88
11 25 24
11 26 49
11 27 66
11 29 35
11 30 5
11 33 61
11 34 76
11 35 45
11 37 35
11 38 79
11 40 46
11 44 33
11 46 23
11 47 42
11 48 76
11 49 28
11 52 59
11 53 11
11 54 71
11 55 60
11 57 92
11 58 53
11 61 81
11 62 84
11 66 81
11 67 78
11 69 42
11 71 43
11 73 3
11 75 26
11 77 97
11 78 25
11 80 68
11 81 79
11 83 91
11 85 75
11 89 49
11 90 66
11 91 32
11 93 71
11 95 53
11 98 69
11 99 48
12 13 96
12 14 33
12 16 50
12 17 3
12 18 28
12 19 22
12 20 11
12 21 49
12 22 17
12 23 26
12 24 13
12 25 58
12 26 17
12 27 12
12 28 94
12 29 44
12 30 73
12 31 92
12 32 90
12 33 69
12 34 77
12 35 86
12 36 39
12 37 75
12 38 1
12 39 93
12 40 99
12 41 28
12 43 44
12 44 15
12 45 90
12 46 16
12 48 56
12 50 74
12 51 64
12 52 47
12 53 95
12 54 67
12 55 31
12 56 11
12 57 74
12 58 70
12 59 39
12 60 80
12 61 51
12 62 93
12 64 37
12 65 88
12 66 83
12 67 65
12 68 4
12 69 16
12 70 54
12 71 24
12 72 46
12 73 95
12 74 45
12 75 67
12 76 17
12 77 87
12 78 25
12 79 46
12 80 13
12 81 54
12 82 11
12 83 76
12 84 59
12 85 95
12 86 39
12 87 83
12 88 2
12 89 69
12 90 70
12 91 59
12 92 98
12 93 27
12 94 6
12 95 71
12 96 62
12 98 61
12 99 35
13 14 85
13 15 12
13 18 18
13 19 83
13 21 13
13 22 63
13 24 99
13 25 28
13 26 74
13 31 34
13 32 77
13 36 52
13 37 55
13 38 71
13 40 65
13 41 32
13 42 69
13 43 84
13 44 57
13 45 7
13 48 19
13 49 18
13 52 68
13 53 6
13 57 86
13 60 9
13 62 1
13 63 10
13 65 23
13 67 47
13 68 75
13 70 10
13 71 97
13 73 38
13 76 44
13 79 96
13 80 85
13 81 86
13 82 98
13 83 76
13 84 16
13 85 59
13 87 51
13 92 91
13 94 73
13 95 95
13 96 85
13 97 11
13 98 61
13 99 42
14 15 16
14 16 52
14 17 18
14 18 60
14 19 86
14 20 77
14 21 28
14 22 25
14 23 68
14 24 57
14 25 74
14 26 84
14 27 97
14 28 32
14 29 6
14 30 55
14 31 13
14 33 55
14 34 46
14 35 43
14 36 9
14 38 64
14 39 28
14 40 55
14 41 39
14 42 83
14 43 89
14 45 84
14 47 18
14 48 13
14 49 13
14 50 28
14 51 3
14 52 32
14 53 51
14 54 94
14 55 44
14 56 78
14 57 45
14 58 25
14 59 65
14 60 74
14 61 96
14 62 20
14 63 11
14 64 19
14 65 9
14 66 81
14 67 1
14 69 88
14 70 58
14 71 36
14 72 97
14 73 26
14 74 16
14 75 73
14 76 9
14 78 55
14 79 6
14 80 67
14 81 53
14 82 76
14 84 63
14 85 47
14 86 57
14 87 85
14 88 35
14 89 71
14 90 57
14 91 38
14 92 27
14 93 24
14 94 16
14 95 89
14 96 69
14 97 83
14 98 48
14 99 27
15 16 21
15 18 69
15 19 26
15 20 82
15 21 23
15 23 82
15 24 75
15 28 29
15 29 45
15 30 89
15 33 6
15 34 14
15 37 15
15 39 76
15 40 71
15 41 22
15 42 24
15 43 16
15 44 5
15 47 30
15 48 13
15 51 2
15 52 95
15 53 17
15 54 79
15 55 89
15 56 37
15 57 17
15 58 5
15 59 49
15 62 45
15 64 89
15 65 62
15 67 33
15 68 33
15 70 29
15 74 63
15 75 35
15 76 51
15 77 63
15 78 90
15 79 14
15 80 55
15 81 25
15 82 80
15 83 93
15 84 37
15 88 41
15 89 54
15 90 53
15 91 25
15 92 23
15 93 2
15 94 77
15 95 56
15 96 73
15 98 15
15 99 25
16 50 27
16 56 97
16 88 16
17 21 35
17 25 94
17 32 70
17 36 98
17 43 43
17 48 28
17 49 4
17 54 58
17 61 55
17 72 5
17 90 79
18 28 77
18 29 86
18 41 50
18 43 24
18 44 6
18 52 42
18 75 91
18 89 75
19 20 97
19 21 11
19 23 16
19 24 2
19 26 83
19 27 20
19 28 86
19 29 46
19 30 33
19 31 35
19 32 11
19 33 13
19 34 35
19 35 52
19 42 78
19 43 18
19 46 73
19 48 63
19 49 14
19 50 19
19 51 80
19 54 11
19 56 73
19 57 30
19 60 91
19 61 73
19 62 24
19 63 81
19 66 50
19 67 22
19 68 37
19 69 37
19 71 4
19 73 49
19 76 23
19 77 21
19 79 42
19 80 99
19 85 41
19 89 23
19 90 93
19 91 21
19 96 16
19 99 91
20 21 34
20 25 65
20 31 23
20 32 32
20 33 50
20 34 1
20 39 19
20 40 11
20 43 3
20 47 67
20 50 69
20 55 2
20 56 30
20 57 92
20 59 54
20 62 34
20 63 88
20 66 29
20 67 35
20 74 71
20 75 6
20 76 40
20 80 57
20 84 88
20 85 81
20 87 24
20 93 20
20 96 36
21 22 83
21 23 90
21 24 9
21 25 50
21 27 44
21 29 48
21 33 2
21 34 8
21 35 8
21 36 58
21 39 90
21 40 82
21 41 86
21 43 68
21 44 5
21 45 42
21 47 26
21 49 32
21 50 87
21 52 81
21 53 2
21 54 93
21 57 61
21 58 41
21 59 53
21 60 91
21 61 63
21 62 47
21 63 38
21 65 81
21 66 60
21 67 3
21 68 25
21 69 8
21 71 93
21 72 80
21 73 21
21 74 16
21 75 56
21 77 58
21 78 36
21 80 93
21 81 60
21 83 57
21 84 65
21 85 50
21 86 33
21 87 68
21 88 88
21 89 42
21 90 50
21 91 27
21 92 7
21 94 29
21 96 67
21 97 89
21 98 17
21 99 49
22 23 93
22 26 80
22 27 34
22 28 66
22 29 55
22 31 83
22 32 80
22 33 12
22 36 97
22 38 92
22 39 16
22 41 17
22 42 66
22 47 76
22 48 57
22 52 87
22 53 65
22 57 10
22 65 27
22 67 53
22 68 29
22 70 63
22 73 74
22 74 72
22 75 62
22 77 83
22 78 50
22 79 98
22 80 90
22 81 74
22 82 44
22 83 60
22 84 97
22 85 1
22 86 70
22 87 35
22 88 74
22 89 44
22 90 85
22 91 78
22 94 84
22 96 15
22 97 44
22 98 98
23 25 16
23 32 56
23 33 40
23 37 34
23 44 51
23 46 92
23 49 28
23 51 81
23 60 46
23 64 96
23 66 36
23 71 98
23 73 68
23 75 57
23 77 84
23 78 7
23 81 14
23 83 71
23 89 75
23 96 31
23 99 45
24 28 43
24 36 20
24 37 39
24 58 75
24 59 87
24 78 79
24 94 26
25 26 59
25 27 49
25 28 94
25 29 54
25 30 30
25 32 83
25 33 89
25 34 82
25 35 29
25 36 54
25 37 38
25 38 47
25 40 15
25 42 39
25 43 33
25 44 87
25 45 87
25 47 50
25 49 20
25 50 94
25 51 2
25 52 96
25 53 26
25 54 48
25 55 5
25 56 16
25 57 21
25 58 26
25 59 52
25 60 91
25 61 58
25 62 12
25 64 16
25 65 54
25 66 85
25 68 98
25 69 39
25 70 9
25 71 53
25 72 6
25 73 50
25 74 12
25 75 12
25 76 70
25 77 59
25 78 81
25 80 17
25 81 11
25 84 96
25 85 57
25 86 10
25 87 51
25 88 91
25 89 50
25 90 84
25 92 60
25 93 47
25 94 4
25 95 63
25 96 2
25 97 87
25 98 18
25 99 98
26 27 33
26 29 20
26 31 60
26 33 8
26 36 86
26 38 76
26 41 52
26 43 41
26 47 69
26 51 91
26 52 33
26 53 50
26 55 92
26 63 33
26 76 7
26 79 51
26 80 29
26 83 28
26 87 72
26 88 32
26 89 21
26 91 22
26 92 70
26 94 54
26 95 11
27 29 77
27 30 55
27 32 74
27 37 33
27 40 65
27 51 31
27 61 84
27 62 92
27 66 54
27 73 97
27 75 21
27 83 62
27 85 84
27 86 6
27 96 15
27 97 19
28 32 99
28 35 96
28 36 10
28 37 82
28 38 87
28 39 11
28 42 27
28 44 84
28 46 63
28 47 11
28 48 25
28 49 67
28 50 86
28 51 40
28 52 5
28 54 97
28 55 30
28 59 59
28 60 31
28 62 3
28 63 97
28 64 74
28 65 21
28 67 50
28 69 43
28 71 33
28 72 85
28 73 73
28 74 33
28 75 80
28 77 31
28 78 8
28 79 38
28 80 70
28 86 48
28 87 74
28 89 17
28 90 2
28 91 17
28 92 97
28 93 91
28 95 90
28 97 44
28 98 41
28 99 18
29 39 60
30 42 91
30 48 30
30 53 58
30 83 26
30 84 35
31 32 38
31 33 63
31 35 87
31 36 37
31 37 44
31 39 26
31 41 38
31 42 89
31 45 45
31 46 96
31 47 40
31 48 86
31 49 11
31 50 67
31 51 87
31 52 39
31 54 12
31 58 61
31 61 42
31 62 1
31 63 77
31 64 72
31 65 64
31 66 69
31 67 91
31 68 31
31 71 85
31 72 87
31 74 53
31 75 99
31 76 58
31 77 79
31 78 63
31 82 15
31 85 80
31 86 72
31 87 63
31 88 80
31 89 51
31 90 54
31 91 9
31 93 96
31 94 96
31 97 18
31 98 69
31 99 84
32 33 26
32 36 36
32 38 75
32 39 58
32 42 58
32 43 16
32 49 59
32 50 13
32 55 87
32 56 37
32 65 67
32 67 59
32 69 4
32 70 54
32 72 36
32 73 92
32 77 43
32 79 63
32 81 88
32 84 35
32 86 46
32 88 37
32 89 23
32 92 74
33 35 45
33 39 76
33 40 42
33 42 69
33 43 50
33 45 12
33 47 59
33 48 62
33 50 25
33 52 75
33 53 82
33 54 52
33 55 54
33 56 47
33 57 11
33 58 4
33 59 44
33 60 39
33 61 87
33 63 58
33 64 35
33 65 89
33 66 62
33 67 74
33 68 25
33 69 1
33 70 15
33 71 20
33 72 43
33 73 5
33 75 69
33 76 7
33 80 81
33 82 67
33 83 60
33 85 46
33 86 18
33 89 79
33 92 63
33 93 14
33 94 54
33 95 4
33 96 21
33 97 16
34 37 8
34 39 11
34 40 58
34 41 22
34 45 49
34 47 72
34 48 12
34 54 15
34 56 23
34 57 48
34 60 41
34 62 81
34 66 39
34 67 65
34 69 62
34 72 69
34 73 27
34 74 9
34 77 27
34 79 49
34 83 25
34 87 64
34 88 23
34 95 75
34 96 3
34 98 89
35 37 21
35 41 47
35 44 83
35 45 94
35 46 16
35 47 22
35 48 84
35 49 51
35 50 24
35 54 94
35 55 51
35 56 14
35 59 78
35 60 79
35 61 51
35 62 49
35 63 85
35 65 24
35 66 71
35 67 65
35 68 93
35 69 2
35 70 18
35 71 10
35 72 51
35 74 62
35 75 71
35 76 87
35 77 27
35 79 1
35 81 30
35 82 39
35 83 80
35 84 42
35 86 90
35 87 76
35 88 79
35 90 71
35 92 7
35 94 40
35 95 10
35 97 73
35 98 96
35 99 76
36 37 64
36 38 36
36 39 70
36 40 77
36 41 72
36 42 3
36 43 95
36 44 99
36 45 23
36 46 91
36 47 34
36 48 40
36 49 20
36 50 92
36 51 17
36 52 76
36 53 45
36 54 30
36 55 8
36 56 2
36 57 51
36 58 39
36 59 5
36 60 35
36 61 43
36 62 52
36 63 14
36 64 4
36 65 34
36 66 38
36 67 36
36 68 49
36 69 37
36 70 37
36 71 45
36 72 1
36 73 6
36 74 4
36 75 60
36 76 38
36 77 63
36 78 25
36 79 92
36 80 35
36 81 23
36 82 98
36 83 9
36 84 73
36 85 92
36 86 42
36 87 35
36 88 30
36 89 48
36 90 21
36 91 70
36 92 61
36 93 91
36 94 7
36 95 79
36 96 21
36 97 81
36 98 58
36 99 45
37 39 44
37 42 98
37 46 22
37 47 34
37 48 40
37 52 15
37 56 34
37 58 56
37 62 46
37 68 48
37 72 34
37 73 96
37 80 22
37 84 68
38 43 80
38 45 77
38 47 43
38 56 21
38 73 70
38 74 4
38 77 9
38 85 1
38 87 17
38 91 10
38 92 63
38 93 27
39 41 35
39 42 77
39 44 27
39 47 62
39 49 5
39 50 37
39 51 2
39 52 67
39 54 87
39 55 17
39 60 79
39 61 55
39 64 5
39 67 23
39 69 48
39 73 61
39 75 94
39 77 76
39 79 16
39 81 1
39 86 78
39 87 64
39 88 99
39 89 71
39 94 6
40 41 61
40 42 25
40 43 82
40 44 21
40 45 55
40 46 35
40 47 90
40 48 67
40 49 36
40 50 51
40 51 12
40 52 34
40 53 82
40 54 4
40 55 88
40 56 13
40 57 23
40 58 19
40 59 88
40 60 58
40 61 77
40 62 27
40 63 2
40 64 14
40 65 17
40 66 32
40 67 63
40 68 10
40 69 1
40 70 98
40 71 61
40 72 70
40 73 9
40 74 97
40 75 32
40 76 19
40 77 73
40 78 42
40 79 35
40 80 3
40 81 54
40 82 43
40 83 18
40 84 50
40 85 57
40 86 82
40 87 99
40 88 28
40 89 52
40 90 61
40 91 6
40 92 8
40 93 71
40 94 69
40 95 11
40 97 44
40 98 91
41 42 1
41 43 99
41 44 20
41 46 32
41 48 22
41 50 25
41 54 68
41 55 73
41 60 82
41 62 6
41 63 61
41 65 10
41 66 10
41 67 52
41 70 85
41 71 24
41 73 57
41 78 9
41 80 95
41 81 51
41 84 23
41 86 88
41 87 91
41 88 99
41 90 95
41 93 17
41 96 96
42 43 54
42 44 63
42 45 48
42 46 86
42 48 29
42 49 60
42 50 5
42 51 58
42 52 62
42 53 20
42 57 20
42 58 30
42 59 98
42 60 11
42 61 60
42 63 96
42 64 76
42 65 12
42 66 12
42 67 39
42 69 48
42 74 75
42 75 77
42 76 82
42 78 34
42 79 70
42 80 32
42 81 32
42 82 73
42 83 40
42 84 8
42 86 53
42 87 51
42 88 73
42 89 75
42 91 15
42 92 96
42 93 17
42 94 33
42 95 46
42 96 5
42 97 34
43 45 86
43 46 36
43 48 63
43 51 80
43 52 15
43 54 67
43 56 43
43 58 56
43 59 55
43 61 45
43 62 60
43 64 60
43 66 46
43 67 77
43 70 67
43 73 57
43 74 43
43 78 51
43 79 75
43 80 96
43 81 90
43 82 91
43 84 74
43 86 79
43 87 98
43 88 15
43 89 80
43 90 44
43 91 94
43 95 29
43 96 86
43 97 13
43 98 60
43 99 58
44 47 87
44 52 69
44 65 48
44 66 63
44 71 75
44 77 79
44 79 75
44 80 62
44 87 25
44 90 78
44 92 4
44 94 33
44 97 89
45 46 14
45 47 44
45 48 16
45 50 41
45 51 78
45 52 54
45 53 64
45 54 35
45 55 51
45 56 27
45 57 43
45 58 21
45 59 70
45 60 81
45 61 4
45 63 10
45 64 78
45 65 6
45 66 9
45 67 85
45 68 8
45 69 99
45 70 66
45 71 8
45 72 43
45 73 77
45 74 67
45 75 65
45 76 63
45 77 27
45 79 35
45 80 80
45 81 54
45 82 13
45 85 66
45 86 24
45 87 54
45 88 14
45 89 11
45 90 2
45 91 38
45 92 66
45 95 8
45 96 91
45 98 26
45 99 25
46 48 37
46 49 79
46 60 33
46 63 13
46 64 89
46 70 71
46 73 56
46 88 51
46 90 41
46 91 84
47 49 20
47 52 5
47 57 17
47 63 6
47 65 32
47 66 21
47 71 22
47 72 53
47 76 25
47 77 94
47 78 37
47 81 84
47 82 45
47 84 13
47 86 66
47 88 70
47 89 71
47 90 12
47 91 11
47 93 21
47 94 76
48 52 94
48 53 82
48 54 5
48 62 57
48 65 47
48 73 90
48 75 15
48 76 18
48 77 90
48 78 63
48 80 95
48 82 54
48 87 89
48 89 95
48 90 26
48 91 17
48 92 6
48 95 40
48 98 12
48 99 72
49 56 58
49 57 43
49 59 86
49 60 75
49 61 72
49 63 96
49 64 62
49 65 95
49 66 1
49 70 27
49 74 73
49 75 73
49 84 41
49 89 71
49 92 71
49 95 42
49 96 60
49 98 35
49 99 80
50 51 8
50 52 24
50 54 14
50 56 88
50 58 16
50 62 49
50 68 57
50 69 16
50 79 39
50 86 29
50 87 1
50 88 42
50 92 26
50 93 6
50 94 9
50 97 32
50 99 85
51 53 40
51 66 52
51 67 23
51 74 29
51 77 81
51 82 63
51 83 70
51 91 63
51 94 60
51 95 58
51 96 2
51 97 80
52 53 21
52 54 8
52 55 87
52 56 40
52 57 24
52 58 36
52 59 81
52 60 44
52 61 31
52 63 41
52 65 91
52 66 2
52 67 25
52 68 35
52 69 28
52 71 47
52 73 20
52 74 5
52 76 23
52 79 59
52 81 82
52 83 15
52 84 18
52 85 22
52 86 37
52 89 67
52 91 2
52 92 10
52 95 32
52 97 70
53 55 77
53 57 84
53 58 62
53 62 67
53 63 11
53 64 95
53 69 41
53 71 6
53 72 95
53 73 88
53 74 84
53 87 64
53 88 37
53 90 24
53 95 12
53 96 31
53 98 61
53 99 7
54 57 48
54 59 53
54 60 54
54 63 43
54 66 15
54 69 76
54 72 61
54 73 25
54 75 52
54 77 45
54 79 43
54 80 68
54 81 31
54 82 46
54 83 53
54 84 37
54 85 41
54 87 86
54 88 28
54 89 4
54 91 30
54 92 59
54 94 66
54 95 87
54 97 30
54 98 80
54 99 40
55 57 74
55 59 35
55 61 29
55 62 66
55 63 66
55 64 38
55 67 98
55 70 14
55 71 77
55 73 86
55 74 84
55 75 29
55 76 2
55 77 13
55 79 99
55 81 62
55 85 13
55 86 54
55 89 86
55 90 61
55 91 28
55 94 19
55 96 28
55 97 87
55 99 61
56 57 68
56 59 70
56 60 2
56 62 12
56 64 55
56 69 3
56 70 92
56 74 5
56 75 9
56 79 10
56 80 44
56 81 38
56 82 27
56 83 49
56 84 22
56 86 64
56 93 20
56 94 28
56 95 56
56 96 53
56 98 71
57 58 44
57 59 11
57 60 66
57 62 94
57 65 93
57 67 46
57 68 12
57 72 67
57 73 56
57 74 7
57 75 57
57 77 7
57 81 65
57 82 53
57 83 77
57 84 38
57 85 56
57 87 80
57 88 68
57 89 10
57 90 28
57 91 52
57 93 58
57 94 31
57 95 45
57 96 99
57 97 49
57 98 40
57 99 32
58 59 82
58 60 67
58 61 1
58 62 18
58 63 2
58 64 62
58 65 23
58 67 82
58 68 25
58 69 34
58 70 8
58 71 63
58 72 34
58 74 23
58 75 17
58 77 26
58 79 8
58 80 23
58 81 72
58 82 16
58 83 61
58 84 99
58 85 40
58 87 86
58 88 94
58 89 98
58 90 2
58 91 14
58 92 17
58 93 69
58 94 4
58 96 21
58 97 78
58 98 75
58 99 60
59 60 9
59 61 36
59 62 24
59 63 95
59 65 51
59 67 4
59 68 94
59 69 8
59 70 53
59 71 88
59 72 19
59 73 33
59 74 37
59 75 35
59 76 28
59 78 6
59 82 42
59 83 91
59 84 82
59 85 42
59 86 20
59 87 75
59 88 39
59 89 92
59 91 52
59 93 26
59 94 76
59 95 16
59 96 4
59 97 81
59 98 94
59 99 30
60 64 62
60 67 15
60 75 15
60 94 41
61 62 48
61 97 77
62 63 63
62 64 75
62 65 8
62 67 51
62 68 72
62 69 45
62 70 16
62 71 48
62 72 91
62 73 25
62 74 30
62 75 85
62 77 65
62 78 26
62 79 31
62 80 72
62 81 44
62 82 94
62 83 85
62 84 3
62 85 44
62 86 55
62 87 68
62 89 82
62 90 1
62 92 71
62 93 4
62 94 77
62 95 96
62 96 70
62 97 43
62 98 13
62 99 97
63 87 39
63 91 16
64 65 79
64 66 18
64 67 55
64 68 14
64 69 50
64 70 44
64 71 16
64 72 54
64 73 69
64 74 85
64 75 2
64 76 20
64 77 67
64 78 73
64 79 51
64 80 29
64 81 37
64 82 92
64 83 28
64 84 50
64 85 93
64 86 23
64 87 87
64 88 71
64 89 81
64 90 66
64 91 93
64 92 37
64 93 25
64 94 7
64 95 15
64 96 67
64 97 70
64 98 21
64 99 8
65 71 56
65 77 34
65 78 76
65 83 59
65 94 67
65 99 81
66 67 60
66 68 43
66 69 99
66 70 54
66 73 71
66 78 45
66 81 30
66 82 14
66 83 50
66 84 53
66 86 65
66 88 82
66 90 14
66 94 47
66 97 26
67 73 74
67 76 62
67 78 61
67 84 76
67 94 22
68 69 19
68 72 56
68 74 14
68 78 62
68 82 79
68 94 96
68 97 81
69 90 86
70 72 5
70 73 38
70 75 87
70 76 59
70 77 68
70 78 1
70 81 4
70 82 76
70 83 41
70 85 93
70 86 76
70 87 48
70 88 2
70 90 41
70 91 34
70 92 60
70 93 66
70 94 18
70 95 5
70 97 79
70 98 21
70 99 33
71 77 89
71 78 17
71 83 42
71 84 57
71 89 4
71 90 51
71 91 90
71 92 9
71 97 19
71 98 65
72 76 81
72 77 34
72 82 57
72 85 49
72 92 61
72 95 63
72 98 29
73 75 68
73 76 50
73 77 59
73 78 99
73 80 4
73 81 10
73 82 99
73 83 75
73 84 4
73 86 17
73 90 58
73 91 44
73 93 85
73 94 61
73 95 45
73 96 7
73 97 20
73 99 18
74 94 93
74 97 26
75 78 14
75 79 58
75 80 21
75 81 93
75 82 38
75 83 84
75 84 98
75 85 23
75 88 62
75 92 45
75 93 25
75 94 26
75 95 77
75 96 89
75 97 92
75 98 82
75 99 20
76 79 81
76 84 9
76 96 71
77 79 81
77 81 46
77 98 61
78 79 36
78 81 67
78 82 15
78 84 82
78 87 63
78 89 5
78 91 22
78 96 59
79 80 65
79 82 55
79 89 55
79 91 54
79 92 45
79 94 55
79 95 69
79 96 84
79 97 43
79 98 62
79 99 82
80 81 50
80 85 94
80 87 38
80 89 4
80 90 59
80 91 11
80 92 48
80 93 96
80 94 58
80 95 26
80 96 65
80 98 76
80 99 15
81 82 59
81 89 73
81 93 98
81 97 13
82 83 50
82 84 76
82 85 11
82 86 13
82 87 86
82 88 82
82 90 30
82 91 75
82 95 56
82 97 25
82 98 52
83 84 31
83 85 52
83 86 40
83 87 2
83 88 66
83 89 28
83 91 65
83 92 59
83 93 36
83 94 71
83 95 67
83 96 3
83 97 88
83 98 7
83 99 25
84 86 54
84 87 38
84 88 74
84 89 72
84 90 67
84 91 44
84 92 5
84 93 62
84 94 23
84 95 96
84 97 40
84 98 46
84 99 98
85 86 25
85 87 52
85 88 35
85 89 74
85 90 29
85 91 51
85 92 55
85 93 10
85 94 99
85 95 70
85 96 33
85 97 4
85 98 3
85 99 46
86 88 67
86 92 90
86 94 64
86 95 44
86 96 11
86 97 84
86 99 80
87 88 22
87 89 12
87 90 96
87 91 12
87 92 23
87 93 80
87 94 42
87 95 10
87 96 39
87 98 23
87 99 87
88 89 3
88 90 78
88 91 24
88 93 41
88 94 35
88 95 59
88 96 28
88 97 89
88 98 68
88 99 38
89 90 79
89 91 96
89 92 15
89 93 3
89 94 42
89 95 74
89 97 20
89 98 21
89 99 64
90 98 54
90 99 55
91 92 45
91 93 11
91 94 24
91 95 30
91 96 74
91 97 74
91 98 49
91 99 13
92 93 27
92 94 14
92 95 1
92 97 69
93 94 28
93 96 23
93 97 18
93 98 81
93 99 52
94 95 88
94 96 47
94 97 85
94 98 70
95 97 76
95 98 20
95 99 90
96 98 75
96 99 52
97 98 15
98 99 72
