100
0 1 46.708
0 2 75.28
0 3 82.815
0 4 17.689
0 5 91.684
0 6 72.065
0 7 27.274
0 8 46.643
0 9 9.293
0 10 65.9
0 11 14.074
0 12 64.333
0 13 44.014
0 14 32.565
0 15 50.774
0 16 83.837
0 17 86.219
0 18 3.524
0 19 40.622
0 20 63.967
0 21 32.16
0 22 93.674
0 23 79.107
0 24 31.72
0 25 71.186
0 26 67.6
0 27 15.503
0 28 19.466
0 29 47.318
0 30 81.545
0 31 37.275
0 32 79.27
0 33 17.351
0 34 49.447
0 35 19.783
0 36 33.877
0 37 62.641
0 38 20.177
0 39 41.963
0 40 31.11
0 41 25.819
0 42 71.356
0 43 63.691
0 44 28.36
0 45 33.897
0 46 25.175
0 47 59.451
0 48 15.583
0 49 30.481
0 50 45.852
0 51 58.933
0 52 9.712
0 53 8.016
0 54 46.749
0 55 42.743
0 56 42.398
0 57 41.106
0 58 75.501
0 59 21.917
0 60 28.458
0 61 57.706
0 62 2.565
0 63 92.018
0 64 93.405
0 65 53.36
0 66 13.912
0 67 42.386
0 68 16.684
0 69 4.425
0 70 36.385
0 71 87.408
0 72 1.649
0 73 18.579
0 74 5.392
0 75 19.164
0 76 24.24
0 77 27.931
0 78 19.79
0 79 38.985
0 80 45.385
0 81 29.317
0 82 69.604
0 83 54.23
0 84 42.152
0 85 48.102
0 86 9.769
0 87 52.334
0 88 52.023
0 89 32.806
0 90 63.21
0 91 41.586
0 92 55.031
0 93 97.068
0 94 98.085
0 95 61.529
0 96 15.075
0 97 62.617
0 98 8.86
0 99 58.039
1 2 76.303
1 3 76.824
1 4 97.752
1 5 93.972
1 6 12.606
1 7 61.853
1 8 48.101
1 9 6.975
1 10 42.794
1 11 96.917
1 12 28.155
1 13 1.446
1 14 16.768
1 15 51.471
1 16 14.592
1 17 59.424
1 18 34.031
1 19 43.547
1 20 37.662
1 21 82.501
1 22 44.333
1 23 0.235
1 24 28.897
1 25 11.583
1 26 37.139
1 27 61.927
1 28 5.501
1 29 68.75
1 30 68.301
1 31 16.677
1 32 22.643
1 33 62.642
1 34 27.07
1 35 52.654
1 36 13.653
1 37 31.393
1 38 86.593
1 39 6.969
1 40 86.406
1 41 14.083
1 42 94.29
1 43 49.382
1 44 36.065
1 45 73.67
1 46 14.525
1 47 67.485
1 48 75.498
1 49 23.025
1 50 78.49
1 51 58.056
1 52 72.502
1 53 3.968
1 54 30.095
1 55 20.578
1 56 3.137
1 57 59.366
1 58 1.307
1 59 10.331
1 60 29.351
1 61 42.305
1 62 39.27
1 63 87.562
1 64 1.613
1 65 12.339
1 66 54.957
1 67 51.667
1 68 55.359
1 69 86.634
1 70 63.593
1 71 32.772
1 72 95.343
1 73 9.661
1 74 22.412
1 75 90.173
1 76 87.924
1 77 53.644
1 78 41.107
1 79 39.777
1 80 16.631
1 81 30.012
1 82 58.892
1 83 1.917
1 84 20.742
1 85 19.343
1 86 62.323
1 87 78.283
1 88 55.341
1 89 69.218
1 90 74.494
1 91 48.042
1 92 93.199
1 93 18.101
1 94 8.699
1 95 85.875
1 96 94.587
1 97 55.749
1 98 49.012
1 99 22.352
2 3 8.498
2 4 22.607
2 5 17.315
2 6 37.24
2 7 71.796
2 8 99.685
2 9 16.071
2 10 88.496
2 11 47.975
2 12 55.588
2 13 72.768
2 14 54.333
2 15 37.111
2 16 99.498
2 17 48.676
2 18 5.865
2 19 21.812
2 20 72.189
2 21 63.153
2 22 30.632
2 23 79.812
2 24 37.241
2 25 75.599
2 26 76.598
2 27 40.205
2 28 98.237
2 29 22.833
2 30 49.299
2 31 44.622
2 32 9.279
2 33 70.097
2 34 69.412
2 35 99.066
2 36 36.238
2 37 56.988
2 38 96.891
2 39 75.458
2 40 9.275
2 41 1.81
2 42 52.204
2 43 20.831
2 44 58.634
2 45 85.313
2 46 66.88
2 47 32.093
2 48 42.914
2 49 98.318
2 50 84.627
2 51 32.703
2 52 47.474
2 53 14.544
2 54 91.693
2 55 28.134
2 56 72.714
2 57 63.895
2 58 60.757
2 59 82.959
2 60 91.113
2 61 67.475
2 62 84.162
2 63 54.342
2 64 33.619
2 65 99.11
2 66 9.836
2 67 57.381
2 68 50.862
2 69 90.338
2 70 3.813
2 71 55.929
2 72 86.399
2 73 30.91
2 74 33.759
2 75 0.124
2 76 23.344
2 77 13.407
2 78 37.642
2 79 27.037
2 80 83.35
2 81 38.89
2 82 59.088
2 83 93.549
2 84 73.477
2 85 65.143
2 86 1.841
2 87 33.455
2 88 78.702
2 89 7.527
2 90 12.743
2 91 33.271
2 92 88.258
2 93 23.349
2 94 86.15
2 95 97.072
2 96 0.245
2 97 31.278
2 98 39.957
2 99 90.475
3 4 93.56
3 5 28.965
3 6 76.278
3 7 48.04
3 8 22.034
3 9 15.507
3 10 56.847
3 11 20.929
3 12 61.014
3 13 36.943
3 14 33.296
3 15 54.702
3 16 71.537
3 17 59.813
3 18 28.775
3 19 60.382
3 20 31.533
3 21 93.741
3 22 53.41
3 23 54.843
3 24 93.79
3 25 16.629
3 26 11.558
3 27 18.89
3 28 95.936
3 29 55.153
3 30 46.564
3 31 42.397
3 32 48.294
3 33 52.346
3 34 73.261
3 35 15.98
3 36 61.348
3 37 94.296
3 38 63.338
3 39 4.014
3 40 37.447
3 41 86.118
3 42 58.996
3 43 6.885
3 44 73.626
3 45 6.515
3 46 86.666
3 47 35.081
3 48 13.227
3 49 0.966
3 50 9.956
3 51 52.939
3 52 13.675
3 53 23.396
3 54 66.963
3 55 7.511
3 56 31.62
3 57 16.333
3 58 29.163
3 59 88.078
3 60 47.264
3 61 91.025
3 62 10.304
3 63 83.6
3 64 50.874
3 65 57.925
3 66 27.794
3 67 38.349
3 68 94.421
3 69 86.978
3 70 54.14
3 71 69.405
3 72 55.88
3 73 42.906
3 74 57.169
3 75 43.217
3 76 88.167
3 77 7.497
3 78 4.043
3 79 0.571
3 80 60.642
3 81 67.981
3 82 83.124
3 83 0.178
3 84 48.699
3 85 40.023
3 86 13.096
3 87 16.581
3 88 30.355
3 89 2.205
3 90 55.981
3 91 42.356
3 92 20.553
3 93 1.001
3 94 8.814
3 95 27.415
3 96 27.9
3 97 54.441
3 98 86.997
3 99 91.965
4 5 79.559
4 6 87.845
4 7 76.148
4 8 79.886
4 9 7.237
4 10 71.479
4 11 65.079
4 12 20.06
4 13 22.055
4 14 99.596
4 15 49.316
4 16 13.293
4 17 92.577
4 18 66.22
4 19 59.51
4 20 31.01
4 21 67.181
4 22 38.594
4 23 31.456
4 24 71.356
4 25 22.655
4 26 72.059
4 27 89.223
4 28 60.346
4 29 63.3
4 30 20.915
4 31 84.918
4 32 82.682
4 33 87.59
4 34 53.914
4 35 28.761
4 36 63.387
4 37 87.87
4 38 9.469
4 39 24.4
4 40 51.093
4 41 90.023
4 42 85.477
4 43 87.071
4 44 48.242
4 45 28.544
4 46 42.69
4 47 65.389
4 48 95.847
4 49 86.462
4 50 40.185
4 51 66.097
4 52 34.94
4 53 39.339
4 54 79.241
4 55 0.284
4 56 68.918
4 57 78.806
4 58 66.137
4 59 62.773
4 60 94.886
4 61 20.043
4 62 83.905
4 63 84.649
4 64 38.429
4 65 97.247
4 66 87.607
4 67 18.197
4 68 38.783
4 69 30.029
4 70 64.659
4 71 23.866
4 72 62.5
4 73 85.785
4 74 76.41
4 75 91.584
4 76 16.51
4 77 32.211
4 78 98.511
4 79 18.476
4 80 15.186
4 81 84.76
4 82 79.45
4 83 79.371
4 84 84.163
4 85 35.287
4 86 98.733
4 87 64.577
4 88 68.986
4 89 96.59
4 90 21.751
4 91 77.638
4 92 25.037
4 93 12.035
4 94 97.505
4 95 31.625
4 96 12.889
4 97 15.484
4 98 36.501
4 99 96.979
5 6 96.9
5 7 55.312
5 8 48.982
5 9 27.386
5 10 24.203
5 11 50.273
5 12 98.07
5 13 53.159
5 14 77.402
5 15 92.064
5 16 11.886
5 17 62.419
5 18 58.3
5 19 7.637
5 20 59.732
5 21 81.208
5 22 55.123
5 23 33.449
5 24 98.002
5 25 85.683
5 26 75.05
5 27 9.583
5 28 57.654
5 29 84.154
5 30 74.896
5 31 13.045
5 32 44.117
5 33 16.069
5 34 1.629
5 35 43.585
5 36 65.357
5 37 20.205
5 38 93.955
5 39 46.615
5 40 13.274
5 41 43.71
5 42 74.097
5 43 99.158
5 44 10.27
5 45 42.22
5 46 35.715
5 47 70.148
5 48 68.734
5 49 12.548
5 50 13.866
5 51 88.338
5 52 18.646
5 53 9.243
5 54 3.099
5 55 26.385
5 56 21.816
5 57 22.668
5 58 28.282
5 59 61.962
5 60 88.682
5 61 16.334
5 62 53.995
5 63 30.84
5 64 5.524
5 65 86.707
5 66 41.771
5 67 94.277
5 68 33.398
5 69 18.751
5 70 68.187
5 71 59.767
5 72 99.996
5 73 11.487
5 74 7.938
5 75 76.652
5 76 7.671
5 77 2.037
5 78 87.757
5 79 48.546
5 80 16.119
5 81 49.742
5 82 69.819
5 83 80.166
5 84 10.402
5 85 90.765
5 86 8.312
5 87 0.996
5 88 74.655
5 89 19.537
5 90 79.289
5 91 58.584
5 92 49.968
5 93 86.734
5 94 8.937
5 95 1.612
5 96 57.212
5 97 19.13
5 98 95.263
5 99 68.048
6 7 3.764
6 8 73.287
6 9 0.916
6 10 39.379
6 11 49.011
6 12 25.722
6 13 16.776
6 14 50.695
6 15 35.889
6 16 38.219
6 17 94.819
6 18 9.401
6 19 19.866
6 20 75.854
6 21 31.004
6 22 63.704
6 23 80.819
6 24 71.914
6 25 80.861
6 26 48.716
6 27 86.172
6 28 39.646
6 29 90.231
6 30 54.764
6 31 78.797
6 32 45.433
6 33 71.661
6 34 89.108
6 35 46.2
6 36 9.543
6 37 70.758
6 38 45.226
6 39 44.073
6 40 37.986
6 41 94.047
6 42 94.502
6 43 75.748
6 44 8.574
6 45 94.846
6 46 39.21
6 47 49.889
6 48 92.718
6 49 49.215
6 50 11.625
6 51 25.148
6 52 98.4
6 53 45.275
6 54 61.106
6 55 47.853
6 56 62.883
6 57 81.494
6 58 64.513
6 59 6.744
6 60 23.469
6 61 52.873
6 62 1.708
6 63 26.66
6 64 23.912
6 65 52.795
6 66 33.21
6 67 81.402
6 68 70.722
6 69 32.205
6 70 20.843
6 71 5.471
6 72 66.918
6 73 83.835
6 74 35.8
6 75 21.798
6 76 96.517
6 77 50.697
6 78 34.776
6 79 73.103
6 80 24.0
6 81 51.015
6 82 54.687
6 83 8.078
6 84 52.068
6 85 25.818
6 86 63.51
6 87 76.019
6 88 77.833
6 89 26.2
6 90 98.394
6 91 68.771
6 92 70.744
6 93 28.365
6 94 40.549
6 95 2.961
6 96 77.255
6 97 46.167
6 98 83.837
6 99 60.799
7 8 56.634
7 9 99.686
7 10 89.516
7 11 27.207
7 12 25.581
7 13 48.634
7 14 68.221
7 15 30.485
7 16 55.81
7 17 3.967
7 18 86.169
7 19 83.498
7 20 29.958
7 21 82.936
7 22 25.684
7 23 10.054
7 24 32.395
7 25 12.438
7 26 81.922
7 27 40.698
7 28 60.845
7 29 1.581
7 30 23.987
7 31 7.462
7 32 93.824
7 33 49.087
7 34 53.64
7 35 54.688
7 36 61.355
7 37 72.385
7 38 11.095
7 39 53.694
7 40 35.289
7 41 74.171
7 42 80.439
7 43 27.558
7 44 98.936
7 45 40.487
7 46 23.864
7 47 12.274
7 48 41.902
7 49 16.265
7 50 19.364
7 51 93.55
7 52 45.947
7 53 91.119
7 54 12.545
7 55 42.291
7 56 55.891
7 57 96.619
7 58 53.232
7 59 33.524
7 60 14.813
7 61 98.876
7 62 91.6
7 63 18.471
7 64 34.784
7 65 81.566
7 66 81.254
7 67 38.021
7 68 74.44
7 69 79.591
7 70 23.027
7 71 76.384
7 72 35.798
7 73 61.992
7 74 83.579
7 75 36.571
7 76 27.765
7 77 41.894
7 78 55.316
7 79 49.376
7 80 99.4
7 81 75.125
7 82 35.845
7 83 34.446
7 84 92.473
7 85 87.369
7 86 32.006
7 87 72.04
7 88 24.704
7 89 93.351
7 90 66.384
7 91 2.965
7 92 81.947
7 93 32.103
7 94 1.427
7 95 50.888
7 96 69.642
7 97 91.622
7 98 75.745
7 99 36.412
8 9 29.988
8 10 47.778
8 11 43.522
8 12 36.681
8 13 19.441
8 14 8.541
8 15 32.022
8 16 96.962
8 17 60.936
8 18 25.08
8 19 94.021
8 20 65.37
8 21 81.436
8 22 63.308
8 23 91.254
8 24 1.353
8 25 20.648
8 26 46.309
8 27 21.475
8 28 28.544
8 29 31.646
8 30 81.077
8 31 41.72
8 32 36.666
8 33 86.035
8 34 23.089
8 35 58.849
8 36 43.869
8 37 88.669
8 38 21.259
8 39 20.195
8 40 69.824
8 41 12.97
8 42 44.28
8 43 95.229
8 44 6.555
8 45 35.164
8 46 74.614
8 47 86.348
8 48 12.589
8 49 62.792
8 50 61.493
8 51 70.507
8 52 93.102
8 53 37.927
8 54 26.689
8 55 32.997
8 56 68.092
8 57 36.396
8 58 8.982
8 59 73.515
8 60 89.481
8 61 59.283
8 62 63.441
8 63 58.906
8 64 32.677
8 65 9.471
8 66 10.391
8 67 26.128
8 68 64.309
8 69 99.593
8 70 68.22
8 71 39.967
8 72 10.732
8 73 71.584
8 74 75.308
8 75 33.388
8 76 81.46
8 77 52.136
8 78 99.975
8 79 10.556
8 80 76.441
8 81 35.032
8 82 83.289
8 83 61.808
8 84 54.933
8 85 16.888
8 86 35.231
8 87 94.359
8 88 58.59
8 89 39.53
8 90 45.406
8 91 93.428
8 92 39.694
8 93 96.531
8 94 90.373
8 95 27.472
8 96 44.351
8 97 12.693
8 98 69.518
8 99 39.101
9 10 8.949
9 11 75.882
9 12 9.856
9 13 50.06
9 14 0.889
9 15 78.037
9 16 75.332
9 17 12.533
9 18 87.076
9 19 28.046
9 20 11.107
9 21 99.534
9 22 57.962
9 23 81.819
9 24 9.328
9 25 98.076
9 26 95.278
9 27 65.409
9 28 47.196
9 29 57.367
9 30 85.852
9 31 19.539
9 32 79.086
9 33 32.479
9 34 72.347
9 35 47.427
9 36 35.884
9 37 11.595
9 38 66.676
9 39 18.139
9 40 3.912
9 41 99.881
9 42 83.015
9 43 88.031
9 44 95.308
9 45 9.091
9 46 36.679
9 47 87.433
9 48 17.009
9 49 28.253
9 50 53.671
9 51 59.453
9 52 62.789
9 53 88.287
9 54 38.961
9 55 62.879
9 56 87.231
9 57 81.861
9 58 10.861
9 59 82.153
9 60 95.925
9 61 85.361
9 62 13.222
9 63 72.53
9 64 9.867
9 65 76.441
9 66 66.158
9 67 20.172
9 68 90.342
9 69 19.681
9 70 20.045
9 71 17.356
9 72 21.014
9 73 63.163
9 74 78.482
9 75 81.924
9 76 16.545
9 77 6.469
9 78 98.214
9 79 92.273
9 80 86.458
9 81 96.119
9 82 77.695
9 83 85.803
9 84 96.634
9 85 93.849
9 86 56.448
9 87 13.757
9 88 22.477
9 89 50.623
9 90 54.702
9 91 98.875
9 92 19.517
9 93 82.382
9 94 51.458
9 95 63.037
9 96 89.711
9 97 77.735
9 98 55.611
9 99 45.217
10 11 2.454
10 12 13.957
10 13 78.287
10 14 82.341
10 15 50.563
10 16 30.799
10 17 64.298
10 18 91.171
10 19 60.683
10 20 97.219
10 21 75.193
10 22 57.233
10 23 11.782
10 24 30.242
10 25 41.106
10 26 20.987
10 27 8.425
10 28 12.657
10 29 99.577
10 30 16.841
10 31 26.615
10 32 39.679
10 33 28.354
10 34 90.592
10 35 7.623
10 36 35.963
10 37 59.9
10 38 23.318
10 39 12.893
10 40 86.062
10 41 58.563
10 42 16.276
10 43 69.238
10 44 0.584
10 45 22.647
10 46 58.619
10 47 1.066
10 48 56.03
10 49 85.921
10 50 14.876
10 51 50.65
10 52 43.627
10 53 65.584
10 54 5.006
10 55 15.637
10 56 16.776
10 57 0.391
10 58 40.472
10 59 89.584
10 60 71.405
10 61 3.221
10 62 48.208
10 63 66.49
10 64 1.155
10 65 63.461
10 66 67.722
10 67 33.883
10 68 77.292
10 69 86.349
10 70 82.865
10 71 25.953
10 72 43.665
10 73 29.317
10 74 91.875
10 75 24.778
10 76 34.421
10 77 62.552
10 78 30.064
10 79 5.29
10 80 59.882
10 81 66.705
10 82 40.107
10 83 79.825
10 84 34.313
10 85 3.612
10 86 80.486
10 87 57.097
10 88 59.806
10 89 88.634
10 90 71.921
10 91 96.19
10 92 30.433
10 93 45.447
10 94 86.279
10 95 93.298
10 96 24.358
10 97 13.553
10 98 3.985
10 99 31.246
11 12 95.095
11 13 73.516
11 14 34.736
11 15 95.558
11 16 80.042
11 17 45.096
11 18 15.179
11 19 63.112
11 20 60.757
11 21 40.138
11 22 1.555
11 23 6.922
11 24 25.886
11 25 30.476
11 26 38.595
11 27 90.282
11 28 22.601
11 29 73.431
11 30 59.548
11 31 6.334
11 32 5.185
11 33 96.286
11 34 1.69
11 35 18.894
11 36 6.222
11 37 13.052
11 38 26.927
11 39 88.378
11 40 88.946
11 41 21.083
11 42 58.304
11 43 66.922
11 44 51.342
11 45 82.8
11 46 46.883
11 47 58.669
11 48 64.97
11 49 80.915
11 50 84.844
11 51 68.492
11 52 59.988
11 53 75.447
11 54 14.279
11 55 42.778
11 56 23.701
11 57 92.772
11 58 18.77
11 59 12.228
11 60 80.65
11 61 0.67
11 62 20.338
11 63 38.725
11 64 88.599
11 65 34.072
11 66 95.329
11 67 36.439
11 68 39.795
11 69 49.44
11 70 46.274
11 71 55.573
11 72 58.636
11 73 3.27
11 74 5.145
11 75 7.502
11 76 4.366
11 77 93.836
11 78 30.599
11 79 46.129
11 80 81.995
11 81 56.552
11 82 77.147
11 83 80.825
11 84 48.483
11 85 8.168
11 86 18.321
11 87 78.618
11 88 86.086
11 89 82.939
11 90 49.108
11 91 11.707
11 92 7.792
11 93 13.261
11 94 80.395
11 95 60.03
11 96 98.054
11 97 56.245
11 98 20.83
11 99 22.396
12 13 96.221
12 14 4.29
12 15 7.554
12 16 72.291
12 17 5.551
12 18 94.409
12 19 5.182
12 20 51.303
12 21 94.855
12 22 46.878
12 23 54.63
12 24 83.707
12 25 79.679
12 26 8.063
12 27 75.716
12 28 93.017
12 29 54.01
12 30 4.063
12 31 1.505
12 32 20.738
12 33 75.444
12 34 16.143
12 35 40.372
12 36 55.936
12 37 4.321
12 38 38.87
12 39 79.81
12 40 15.691
12 41 55.761
12 42 47.272
12 43 23.294
12 44 47.061
12 45 50.969
12 46 10.71
12 47 33.399
12 48 53.94
12 49 67.638
12 50 99.946
12 51 55.579
12 52 92.889
12 53 50.119
12 54 27.185
12 55 57.84
12 56 3.321
12 57 97.331
12 58 18.162
12 59 91.076
12 60 27.489
12 61 15.81
12 62 65.419
12 63 73.363
12 64 1.98
12 65 76.809
12 66 78.905
12 67 49.807
12 68 65.295
12 69 66.995
12 70 51.505
12 71 3.874
12 72 11.416
12 73 97.541
12 74 93.673
12 75 57.771
12 76 64.625
12 77 23.377
12 78 4.815
12 79 84.739
12 80 54.137
12 81 76.428
12 82 77.729
12 83 31.749
12 84 23.939
12 85 11.525
12 86 64.469
12 87 29.677
12 88 33.227
12 89 88.436
12 90 59.978
12 91 50.533
12 92 27.291
12 93 17.558
12 94 44.051
12 95 6.84
12 96 45.96
12 97 3.488
12 98 68.609
12 99 35.279
13 14 97.366
13 15 40.484
13 16 23.045
13 17 64.11
13 18 36.531
13 19 87.259
13 20 6.272
13 21 32.71
13 22 35.669
13 23 23.691
13 24 56.198
13 25 62.779
13 26 56.01
13 27 67.817
13 28 82.865
13 29 62.626
13 30 41.136
13 31 78.064
13 32 64.282
13 33 81.506
13 34 52.311
13 35 68.066
13 36 65.806
13 37 13.645
13 38 22.798
13 39 87.389
13 40 81.782
13 41 55.249
13 42 37.278
13 43 23.086
13 44 20.386
13 45 75.93
13 46 32.239
13 47 37.566
13 48 42.206
13 49 80.191
13 50 47.431
13 51 72.262
13 52 54.766
13 53 10.948
13 54 50.213
13 55 78.956
13 56 17.685
13 57 29.265
13 58 41.043
13 59 80.619
13 60 81.792
13 61 49.644
13 62 52.689
13 63 15.466
13 64 94.36
13 65 21.247
13 66 11.581
13 67 29.876
13 68 89.844
13 69 61.903
13 70 8.471
13 71 94.914
13 72 82.179
13 73 58.247
13 74 40.559
13 75 50.417
13 76 38.302
13 77 73.605
13 78 58.715
13 79 93.727
13 80 55.481
13 81 11.442
13 82 92.619
13 83 98.32
13 84 80.498
13 85 46.57
13 86 13.492
13 87 97.81
13 88 3.575
13 89 81.289
13 90 15.81
13 91 76.004
13 92 94.169
13 93 12.604
13 94 33.569
13 95 90.419
13 96 9.513
13 97 74.039
13 98 48.124
13 99 59.875
14 15 40.324
14 16 36.519
14 17 1.475
14 18 31.295
14 19 99.109
14 20 34.766
14 21 5.082
14 22 0.008
14 23 19.694
14 24 13.618
14 25 30.085
14 26 40.202
14 27 29.177
14 28 79.07
14 29 73.825
14 30 28.73
14 31 78.178
14 32 74.061
14 33 1.902
14 34 79.614
14 35 64.949
14 36 29.804
14 37 45.086
14 38 28.218
14 39 92.174
14 40 83.176
14 41 69.322
14 42 40.059
14 43 71.767
14 44 99.596
14 45 40.182
14 46 36.917
14 47 77.748
14 48 88.251
14 49 17.222
14 50 72.203
14 51 87.196
14 52 22.828
14 53 26.707
14 54 54.126
14 55 80.249
14 56 15.67
14 57 17.325
14 58 11.768
14 59 42.936
14 60 59.379
14 61 41.642
14 62 8.178
14 63 10.611
14 64 98.022
14 65 59.387
14 66 75.554
14 67 72.641
14 68 53.919
14 69 42.625
14 70 75.42
14 71 16.706
14 72 88.106
14 73 14.279
14 74 93.997
14 75 55.254
14 76 44.809
14 77 75.982
14 78 39.745
14 79 73.413
14 80 25.058
14 81 63.595
14 82 47.986
14 83 82.496
14 84 57.226
14 85 97.814
14 86 56.415
14 87 3.945
14 88 57.219
14 89 45.318
14 90 13.048
14 91 81.7
14 92 63.294
14 93 85.026
14 94 40.509
14 95 9.359
14 96 46.344
14 97 81.882
14 98 11.045
14 99 72.956
15 16 80.61
15 17 85.945
15 18 58.19
15 19 38.164
15 20 66.076
15 21 25.712
15 22 18.449
15 23 9.541
15 24 81.315
15 25 9.393
15 26 6.588
15 27 21.342
15 28 9.056
15 29 88.318
15 30 67.197
15 31 2.29
15 32 37.468
15 33 89.354
15 34 44.456
15 35 22.418
15 36 53.754
15 37 58.725
15 38 3.266
15 39 23.674
15 40 4.94
15 41 20.46
15 42 68.076
15 43 71.819
15 44 14.28
15 45 16.213
15 46 0.378
15 47 2.395
15 48 80.939
15 49 66.486
15 50 60.165
15 51 61.255
15 52 13.161
15 53 33.295
15 54 69.544
15 55 40.988
15 56 49.685
15 57 56.045
15 58 1.371
15 59 15.236
15 60 31.287
15 61 74.601
15 62 30.948
15 63 18.732
15 64 41.226
15 65 22.861
15 66 11.339
15 67 60.566
15 68 32.385
15 69 23.44
15 70 18.695
15 71 31.002
15 72 18.514
15 73 99.322
15 74 77.916
15 75 28.814
15 76 89.083
15 77 84.353
15 78 14.602
15 79 28.917
15 80 19.335
15 81 73.934
15 82 50.824
15 83 52.252
15 84 10.922
15 85 73.108
15 86 77.117
15 87 9.336
15 88 25.34
15 89 55.034
15 90 57.712
15 91 74.068
15 92 82.058
15 93 67.653
15 94 43.157
15 95 91.597
15 96 87.101
15 97 12.993
15 98 15.27
15 99 31.915
16 17 32.799
16 18 37.88
16 19 82.387
16 20 20.209
16 21 22.669
16 22 40.527
16 23 12.151
16 24 77.441
16 25 56.35
16 26 87.003
16 27 33.004
16 28 61.127
16 29 80.528
16 30 82.72
16 31 90.117
16 32 16.558
16 33 4.628
16 34 73.309
16 35 57.769
16 36 5.364
16 37 87.487
16 38 22.939
16 39 22.479
16 40 49.018
16 41 4.014
16 42 1.644
16 43 4.38
16 44 39.133
16 45 21.844
16 46 91.16
16 47 16.285
16 48 30.664
16 49 52.786
16 50 55.583
16 51 92.527
16 52 93.392
16 53 66.092
16 54 15.749
16 55 78.934
16 56 79.539
16 57 18.547
16 58 89.861
16 59 90.17
16 60 98.288
16 61 21.54
16 62 13.039
16 63 36.775
16 64 5.754
16 65 90.476
16 66 41.261
16 67 2.336
16 68 69.74
16 69 58.869
16 70 15.788
16 71 63.646
16 72 18.777
16 73 44.957
16 74 16.877
16 75 63.205
16 76 48.687
16 77 65.062
16 78 17.739
16 79 88.867
16 80 14.679
16 81 91.384
16 82 47.019
16 83 71.173
16 84 45.966
16 85 35.987
16 86 38.882
16 87 66.031
16 88 66.289
16 89 51.204
16 90 65.599
16 91 60.236
16 92 25.338
16 93 51.098
16 94 90.512
16 95 22.256
16 96 99.526
16 97 68.121
16 98 40.437
16 99 66.374
17 18 96.618
17 19 65.789
17 20 90.571
17 21 24.722
17 22 21.554
17 23 79.977
17 24 22.061
17 25 26.568
17 26 32.302
17 27 93.169
17 28 17.67
17 29 19.991
17 30 17.156
17 31 16.406
17 32 1.086
17 33 74.798
17 34 5.095
17 35 0.613
17 36 15.293
17 37 77.625
17 38 14.466
17 39 24.245
17 40 38.712
17 41 71.136
17 42 96.633
17 43 7.35
17 44 6.085
17 45 6.279
17 46 39.706
17 47 88.683
17 48 66.146
17 49 44.128
17 50 26.232
17 51 11.221
17 52 74.511
17 53 10.071
17 54 19.299
17 55 87.604
17 56 39.427
17 57 22.326
17 58 94.673
17 59 0.937
17 60 47.755
17 61 17.094
17 62 75.88
17 63 90.317
17 64 47.996
17 65 1.175
17 66 12.605
17 67 22.806
17 68 94.301
17 69 33.372
17 70 68.986
17 71 9.704
17 72 89.53
17 73 30.694
17 74 44.943
17 75 94.313
17 76 63.221
17 77 91.711
17 78 78.869
17 79 97.04
17 80 73.515
17 81 82.821
17 82 62.322
17 83 25.204
17 84 47.19
17 85 87.595
17 86 16.867
17 87 81.096
17 88 21.693
17 89 35.377
17 90 84.623
17 91 51.622
17 92 9.218
17 93 43.049
17 94 9.148
17 95 84.982
17 96 69.584
17 97 42.78
17 98 19.113
17 99 18.037
18 19 70.652
18 20 10.768
18 21 54.772
18 22 56.638
18 23 81.061
18 24 93.904
18 25 32.034
18 26 74.906
18 27 30.133
18 28 2.584
18 29 64.871
18 30 40.447
18 31 80.275
18 32 2.746
18 33 50.762
18 34 55.714
18 35 52.25
18 36 42.869
18 37 54.688
18 38 79.513
18 39 55.756
18 40 2.907
18 41 21.575
18 42 20.595
18 43 19.954
18 44 89.87
18 45 39.401
18 46 60.522
18 47 38.938
18 48 72.685
18 49 30.847
18 50 24.489
18 51 95.67
18 52 51.249
18 53 34.336
18 54 92.379
18 55 17.156
18 56 73.816
18 57 23.076
18 58 39.499
18 59 67.508
18 60 91.9
18 61 13.303
18 62 81.257
18 63 83.118
18 64 30.001
18 65 13.039
18 66 81.427
18 67 32.933
18 68 34.061
18 69 51.013
18 70 58.75
18 71 78.125
18 72 74.721
18 73 83.386
18 74 79.219
18 75 73.508
18 76 64.186
18 77 86.512
18 78 34.261
18 79 97.268
18 80 75.038
18 81 93.907
18 82 84.933
18 83 97.758
18 84 58.733
18 85 74.578
18 86 44.016
18 87 18.05
18 88 18.388
18 89 11.971
18 90 88.654
18 91 60.583
18 92 24.822
18 93 72.018
18 94 30.703
18 95 18.282
18 96 83.921
18 97 8.589
18 98 32.142
18 99 58.443
19 20 74.313
19 21 11.435
19 22 87.853
19 23 3.809
19 24 75.137
19 25 98.187
19 26 91.328
19 27 52.262
19 28 77.218
19 29 78.05
19 30 74.655
19 31 67.061
19 32 66.895
19 33 91.724
19 34 77.652
19 35 64.663
19 36 14.566
19 37 23.67
19 38 41.287
19 39 74.436
19 40 17.575
19 41 27.579
19 42 36.211
19 43 84.49
19 44 62.811
19 45 52.482
19 46 23.868
19 47 86.253
19 48 83.586
19 49 35.221
19 50 59.167
19 51 26.631
19 52 80.203
19 53 16.933
19 54 13.983
19 55 42.593
19 56 37.72
19 57 80.469
19 58 78.271
19 59 14.032
19 60 32.885
19 61 79.575
19 62 98.842
19 63 72.523
19 64 61.657
19 65 9.856
19 66 76.322
19 67 4.947
19 68 20.774
19 69 37.531
19 70 70.263
19 71 7.272
19 72 2.806
19 73 5.784
19 74 61.921
19 75 92.524
19 76 39.807
19 77 1.358
19 78 26.059
19 79 11.359
19 80 7.624
19 81 15.611
19 82 56.154
19 83 93.976
19 84 15.056
19 85 74.885
19 86 49.207
19 87 75.62
19 88 94.497
19 89 11.369
19 90 65.141
19 91 44.565
19 92 11.698
19 93 44.9
19 94 62.361
19 95 77.398
19 96 87.692
19 97 15.345
19 98 42.915
19 99 35.07
20 21 89.671
20 22 79.391
20 23 14.422
20 24 1.383
20 25 17.242
20 26 55.232
20 27 75.769
20 28 58.677
20 29 19.699
20 30 61.274
20 31 26.496
20 32 96.051
20 33 19.208
20 34 8.07
20 35 47.293
20 36 53.031
20 37 39.694
20 38 79.334
20 39 76.543
20 40 36.651
20 41 85.154
20 42 95.997
20 43 67.621
20 44 18.067
20 45 0.228
20 46 8.9
20 47 49.104
20 48 34.786
20 49 23.942
20 50 28.391
20 51 15.236
20 52 22.952
20 53 85.783
20 54 52.285
20 55 74.006
20 56 17.987
20 57 33.658
20 58 98.378
20 59 32.687
20 60 65.452
20 61 30.378
20 62 22.045
20 63 24.106
20 64 87.71
20 65 77.699
20 66 21.107
20 67 0.365
20 68 48.533
20 69 35.549
20 70 24.351
20 71 75.829
20 72 23.465
20 73 91.673
20 74 40.136
20 75 33.567
20 76 74.224
20 77 31.624
20 78 95.543
20 79 57.923
20 80 26.292
20 81 53.481
20 82 0.322
20 83 59.144
20 84 52.835
20 85 83.234
20 86 81.366
20 87 24.106
20 88 97.343
20 89 81.195
20 90 34.37
20 91 42.061
20 92 95.208
20 93 21.873
20 94 93.461
20 95 75.822
20 96 77.497
20 97 86.743
20 98 36.165
20 99 21.641
21 22 88.67
21 23 31.534
21 24 72.123
21 25 6.598
21 26 33.356
21 27 87.647
21 28 86.291
21 29 48.553
21 30 85.026
21 31 29.465
21 32 23.372
21 33 16.674
21 34 17.079
21 35 50.783
21 36 37.767
21 37 0.799
21 38 15.499
21 39 69.87
21 40 36.951
21 41 54.374
21 42 92.326
21 43 76.575
21 44 28.352
21 45 30.798
21 46 76.709
21 47 86.639
21 48 54.279
21 49 4.978
21 50 68.629
21 51 31.033
21 52 68.198
21 53 86.038
21 54 63.236
21 55 59.859
21 56 49.057
21 57 14.298
21 58 83.838
21 59 68.927
21 60 88.254
21 61 62.665
21 62 4.808
21 63 36.317
21 64 94.349
21 65 22.533
21 66 72.783
21 67 85.193
21 68 69.307
21 69 54.241
21 70 38.364
21 71 48.547
21 72 12.475
21 73 62.257
21 74 60.016
21 75 85.105
21 76 6.256
21 77 78.395
21 78 12.914
21 79 73.169
21 80 51.766
21 81 66.789
21 82 95.473
21 83 76.278
21 84 37.001
21 85 50.883
21 86 98.75
21 87 35.471
21 88 31.443
21 89 75.716
21 90 94.791
21 91 93.68
21 92 96.113
21 93 81.116
21 94 87.622
21 95 20.701
21 96 88.558
21 97 36.526
21 98 53.182
21 99 92.392
22 23 6.925
22 24 66.485
22 25 31.116
22 26 57.293
22 27 86.921
22 28 68.989
22 29 89.743
22 30 8.463
22 31 8.151
22 32 11.773
22 33 22.891
22 34 65.068
22 35 64.929
22 36 81.187
22 37 0.596
22 38 16.836
22 39 18.344
22 40 96.742
22 41 3.92
22 42 65.025
22 43 24.294
22 44 99.165
22 45 87.998
22 46 15.319
22 47 77.707
22 48 8.026
22 49 77.831
22 50 55.016
22 51 94.748
22 52 9.206
22 53 7.415
22 54 92.311
22 55 45.575
22 56 68.557
22 57 65.628
22 58 8.241
22 59 25.948
22 60 88.63
22 61 96.385
22 62 1.064
22 63 1.848
22 64 67.661
22 65 43.06
22 66 91.954
22 67 63.022
22 68 93.516
22 69 73.798
22 70 93.575
22 71 68.799
22 72 41.698
22 73 30.287
22 74 11.281
22 75 53.302
22 76 3.124
22 77 74.889
22 78 18.317
22 79 7.284
22 80 35.753
22 81 26.518
22 82 15.558
22 83 62.82
22 84 2.627
22 85 61.963
22 86 52.88
22 87 50.269
22 88 79.142
22 89 21.42
22 90 26.553
22 91 81.757
22 92 23.48
22 93 11.485
22 94 72.312
22 95 37.502
22 96 19.028
22 97 92.415
22 98 11.759
22 99 26.507
23 24 52.972
23 25 42.164
23 26 5.535
23 27 90.831
23 28 38.657
23 29 63.271
23 30 28.274
23 31 50.766
23 32 27.532
23 33 64.201
23 34 5.156
23 35 9.677
23 36 22.175
23 37 11.892
23 38 65.451
23 39 9.385
23 40 85.564
23 41 48.673
23 42 72.335
23 43 92.781
23 44 1.149
23 45 33.592
23 46 19.839
23 47 31.274
23 48 14.56
23 49 48.771
23 50 92.75
23 51 61.044
23 52 9.188
23 53 92.91
23 54 1.871
23 55 65.249
23 56 81.586
23 57 43.147
23 58 15.734
23 59 72.561
23 60 36.693
23 61 0.547
23 62 36.996
23 63 21.528
23 64 46.954
23 65 49.115
23 66 79.225
23 67 1.961
23 68 38.558
23 69 68.466
23 70 0.279
23 71 74.009
23 72 60.962
23 73 91.308
23 74 98.838
23 75 36.208
23 76 69.389
23 77 18.02
23 78 19.39
23 79 16.296
23 80 54.886
23 81 14.424
23 82 15.747
23 83 29.535
23 84 11.336
23 85 83.292
23 86 80.876
23 87 74.633
23 88 52.218
23 89 90.072
23 90 15.856
23 91 5.517
23 92 26.659
23 93 81.81
23 94 36.713
23 95 69.059
23 96 37.639
23 97 34.79
23 98 39.971
23 99 43.451
24 25 87.432
24 26 4.124
24 27 11.914
24 28 14.404
24 29 98.91
24 30 12.209
24 31 54.62
24 32 18.977
24 33 3.779
24 34 37.065
24 35 47.372
24 36 91.16
24 37 66.291
24 38 70.445
24 39 12.22
24 40 13.75
24 41 17.147
24 42 44.909
24 43 86.374
24 44 92.331
24 45 34.644
24 46 73.04
24 47 53.476
24 48 23.053
24 49 12.082
24 50 48.825
24 51 72.402
24 52 47.25
24 53 89.247
24 54 78.385
24 55 77.963
24 56 81.502
24 57 0.145
24 58 83.884
24 59 66.155
24 60 2.525
24 61 0.947
24 62 66.531
24 63 63.325
24 64 56.575
24 65 65.415
24 66 43.93
24 67 95.206
24 68 89.939
24 69 30.855
24 70 65.381
24 71 90.585
24 72 34.89
24 73 56.198
24 74 61.34
24 75 50.22
24 76 97.188
24 77 86.098
24 78 36.395
24 79 62.968
24 80 20.774
24 81 80.146
24 82 66.715
24 83 43.227
24 84 71.444
24 85 42.655
24 86 60.51
24 87 3.323
24 88 64.481
24 89 25.24
24 90 90.977
24 91 25.045
24 92 83.697
24 93 53.99
24 94 69.538
24 95 74.541
24 96 39.564
24 97 54.529
24 98 38.973
24 99 61.112
25 26 56.607
25 27 6.753
25 28 12.668
25 29 33.131
25 30 31.548
25 31 65.852
25 32 19.183
25 33 98.336
25 34 32.681
25 35 22.35
25 36 67.179
25 37 60.464
25 38 6.513
25 39 16.214
25 40 1.278
25 41 47.68
25 42 57.984
25 43 14.369
25 44 76.184
25 45 78.927
25 46 49.492
25 47 49.208
25 48 22.381
25 49 55.768
25 50 38.505
25 51 13.003
25 52 79.888
25 53 27.158
25 54 84.174
25 55 32.191
25 56 44.246
25 57 21.572
25 58 76.191
25 59 86.516
25 60 43.443
25 61 40.681
25 62 89.963
25 63 30.453
25 64 62.941
25 65 70.151
25 66 66.607
25 67 79.203
25 68 43.877
25 69 18.552
25 70 18.75
25 71 39.606
25 72 62.634
25 73 56.291
25 74 2.897
25 75 70.081
25 76 39.975
25 77 35.863
25 78 86.567
25 79 26.545
25 80 8.415
25 81 89.802
25 82 21.781
25 83 54.363
25 84 72.435
25 85 72.17
25 86 96.172
25 87 42.026
25 88 47.832
25 89 35.244
25 90 95.965
25 91 88.004
25 92 88.266
25 93 62.389
25 94 59.988
25 95 32.84
25 96 39.775
25 97 94.795
25 98 82.613
25 99 88.474
26 27 14.882
26 28 78.206
26 29 12.512
26 30 6.018
26 31 26.95
26 32 2.626
26 33 86.928
26 34 74.192
26 35 87.352
26 36 95.783
26 37 87.715
26 38 70.793
26 39 33.94
26 40 14.567
26 41 20.134
26 42 83.792
26 43 84.336
26 44 39.335
26 45 99.673
26 46 67.369
26 47 43.013
26 48 21.334
26 49 8.484
26 50 5.443
26 51 31.405
26 52 1.695
26 53 45.841
26 54 29.167
26 55 14.828
26 56 68.251
26 57 64.751
26 58 72.815
26 59 3.526
26 60 78.704
26 61 91.106
26 62 6.074
26 63 55.434
26 64 89.73
26 65 36.179
26 66 44.458
26 67 12.427
26 68 66.789
26 69 89.45
26 70 94.461
26 71 60.514
26 72 12.639
26 73 0.907
26 74 74.184
26 75 12.167
26 76 66.799
26 77 80.545
26 78 48.655
26 79 8.971
26 80 75.548
26 81 31.032
26 82 81.346
26 83 96.176
26 84 43.688
26 85 54.22
26 86 35.711
26 87 88.583
26 88 0.41
26 89 4.993
26 90 46.967
26 91 84.395
26 92 8.163
26 93 81.138
26 94 45.272
26 95 69.044
26 96 78.819
26 97 42.613
26 98 90.891
26 99 31.062
27 28 28.1
27 29 86.02
27 30 45.542
27 31 96.304
27 32 53.004
27 33 44.001
27 34 43.861
27 35 52.804
27 36 37.326
27 37 37.667
27 38 85.742
27 39 28.104
27 40 18.708
27 41 60.59
27 42 65.427
27 43 28.971
27 44 78.013
27 45 94.868
27 46 92.443
27 47 7.416
27 48 54.6
27 49 16.309
27 50 23.22
27 51 27.732
27 52 89.883
27 53 89.417
27 54 4.064
27 55 60.102
27 56 70.72
27 57 94.594
27 58 55.967
27 59 57.447
27 60 87.037
27 61 61.828
27 62 42.739
27 63 82.828
27 64 40.401
27 65 75.254
27 66 74.319
27 67 74.206
27 68 9.969
27 69 38.916
27 70 88.202
27 71 34.879
27 72 51.525
27 73 13.158
27 74 26.341
27 75 86.365
27 76 71.528
27 77 56.804
27 78 0.469
27 79 98.192
27 80 95.177
27 81 42.587
27 82 62.793
27 83 66.657
27 84 59.827
27 85 45.166
27 86 94.039
27 87 99.748
27 88 98.097
27 89 5.761
27 90 99.228
27 91 36.581
27 92 46.108
27 93 1.685
27 94 25.206
27 95 28.989
27 96 51.798
27 97 2.712
27 98 4.841
27 99 11.677
28 29 37.937
28 30 61.939
28 31 84.205
28 32 89.988
28 33 52.618
28 34 43.173
28 35 98.572
28 36 81.438
28 37 93.599
28 38 30.101
28 39 84.968
28 40 18.617
28 41 42.286
28 42 17.9
28 43 26.171
28 44 73.783
28 45 80.973
28 46 93.178
28 47 78.735
28 48 25.018
28 49 4.101
28 50 48.974
28 51 87.659
28 52 82.49
28 53 69.089
28 54 45.315
28 55 13.45
28 56 3.849
28 57 61.717
28 58 54.865
28 59 0.756
28 60 45.857
28 61 95.697
28 62 43.073
28 63 89.497
28 64 38.57
28 65 58.187
28 66 39.653
28 67 53.163
28 68 65.983
28 69 87.362
28 70 77.527
28 71 54.954
28 72 77.368
28 73 44.292
28 74 22.073
28 75 8.262
28 76 37.154
28 77 7.016
28 78 99.689
28 79 43.146
28 80 81.311
28 81 16.252
28 82 70.094
28 83 44.646
28 84 90.729
28 85 82.904
28 86 68.238
28 87 8.802
28 88 17.444
28 89 39.775
28 90 87.28
28 91 56.817
28 92 80.218
28 93 56.59
28 94 74.774
28 95 85.829
28 96 5.481
28 97 90.952
28 98 73.044
28 99 53.529
29 30 3.583
29 31 40.625
29 32 50.736
29 33 89.022
29 34 89.814
29 35 12.116
29 36 30.535
29 37 30.05
29 38 79.832
29 39 1.309
29 40 94.72
29 41 85.89
29 42 48.421
29 43 75.651
29 44 24.538
29 45 96.111
29 46 98.793
29 47 49.975
29 48 94.789
29 49 39.186
29 50 13.257
29 51 6.53
29 52 1.792
29 53 89.519
29 54 12.612
29 55 87.136
29 56 15.36
29 57 58.241
29 58 71.238
29 59 60.77
29 60 67.602
29 61 23.121
29 62 30.601
29 63 55.0
29 64 13.984
29 65 73.721
29 66 29.457
29 67 81.739
29 68 41.101
29 69 80.757
29 70 1.193
29 71 64.45
29 72 67.599
29 73 24.352
29 74 96.427
29 75 0.881
29 76 54.803
29 77 60.245
29 78 87.412
29 79 25.739
29 80 63.719
29 81 64.931
29 82 86.408
29 83 89.15
29 84 95.298
29 85 74.115
29 86 90.781
29 87 6.304
29 88 97.809
29 89 84.049
29 90 68.079
29 91 76.837
29 92 25.559
29 93 83.283
29 94 88.951
29 95 81.669
29 96 29.284
29 97 16.517
29 98 10.035
29 99 13.881
30 31 4.734
30 32 62.359
30 33 44.793
30 34 18.637
30 35 70.955
30 36 76.712
30 37 8.474
30 38 77.313
30 39 72.294
30 40 99.491
30 41 83.59
30 42 94.828
30 43 26.64
30 44 35.788
30 45 80.957
30 46 85.283
30 47 7.33
30 48 63.846
30 49 66.475
30 50 87.254
30 51 29.084
30 52 24.529
30 53 16.554
30 54 99.311
30 55 91.413
30 56 73.909
30 57 34.085
30 58 25.183
30 59 92.929
30 60 20.025
30 61 33.99
30 62 39.275
30 63 16.554
30 64 42.579
30 65 67.187
30 66 83.989
30 67 26.783
30 68 71.172
30 69 36.036
30 70 92.673
30 71 19.293
30 72 87.012
30 73 72.794
30 74 5.218
30 75 99.126
30 76 31.147
30 77 89.149
30 78 50.312
30 79 0.961
30 80 86.412
30 81 97.13
30 82 72.517
30 83 82.344
30 84 44.103
30 85 35.386
30 86 52.881
30 87 2.224
30 88 21.587
30 89 14.693
30 90 98.764
30 91 62.282
30 92 18.111
30 93 15.211
30 94 12.69
30 95 61.385
30 96 86.113
30 97 22.182
30 98 49.943
30 99 20.598
31 32 69.191
31 33 62.586
31 34 0.193
31 35 79.003
31 36 24.523
31 37 50.878
31 38 11.549
31 39 83.644
31 40 37.489
31 41 33.623
31 42 23.988
31 43 88.209
31 44 69.324
31 45 46.388
31 46 0.41
31 47 58.511
31 48 59.374
31 49 51.493
31 50 37.904
31 51 57.06
31 52 80.254
31 53 37.863
31 54 34.426
31 55 34.517
31 56 11.233
31 57 29.938
31 58 97.981
31 59 2.882
31 60 94.267
31 61 57.507
31 62 38.94
31 63 17.059
31 64 66.698
31 65 53.226
31 66 89.301
31 67 40.415
31 68 92.467
31 69 3.628
31 70 41.424
31 71 88.796
31 72 16.225
31 73 36.481
31 74 45.478
31 75 6.131
31 76 3.11
31 77 88.79
31 78 50.529
31 79 77.479
31 80 25.075
31 81 85.312
31 82 29.946
31 83 17.014
31 84 72.263
31 85 75.386
31 86 67.528
31 87 90.179
31 88 60.66
31 89 77.197
31 90 98.34
31 91 87.773
31 92 65.105
31 93 6.629
31 94 12.862
31 95 71.747
31 96 32.882
31 97 13.481
31 98 61.131
31 99 17.444
32 33 29.543
32 34 30.245
32 35 10.358
32 36 83.408
32 37 33.742
32 38 14.533
32 39 30.64
32 40 74.063
32 41 70.041
32 42 2.173
32 43 48.068
32 44 24.027
32 45 80.953
32 46 56.293
32 47 89.765
32 48 16.621
32 49 4.683
32 50 37.25
32 51 74.16
32 52 46.248
32 53 12.953
32 54 58.593
32 55 33.04
32 56 40.502
32 57 81.825
32 58 63.283
32 59 26.693
32 60 36.897
32 61 99.674
32 62 18.434
32 63 23.23
32 64 41.715
32 65 81.882
32 66 59.178
32 67 56.855
32 68 30.358
32 69 35.715
32 70 3.638
32 71 55.525
32 72 32.859
32 73 59.02
32 74 45.124
32 75 73.947
32 76 46.598
32 77 32.475
32 78 22.017
32 79 85.141
32 80 58.405
32 81 17.593
32 82 54.738
32 83 2.096
32 84 4.081
32 85 37.602
32 86 44.899
32 87 50.582
32 88 50.477
32 89 22.865
32 90 91.236
32 91 33.579
32 92 56.368
32 93 33.16
32 94 90.433
32 95 68.76
32 96 98.849
32 97 86.519
32 98 31.049
32 99 0.499
33 34 20.746
33 35 40.298
33 36 73.478
33 37 8.06
33 38 77.831
33 39 39.196
33 40 72.239
33 41 30.109
33 42 48.514
33 43 8.76
33 44 65.729
33 45 69.682
33 46 66.365
33 47 83.237
33 48 92.441
33 49 64.315
33 50 84.017
33 51 28.726
33 52 51.075
33 53 84.518
33 54 5.275
33 55 72.872
33 56 78.13
33 57 51.565
33 58 84.75
33 59 56.343
33 60 23.746
33 61 98.78
33 62 37.811
33 63 16.091
33 64 21.56
33 65 84.564
33 66 49.702
33 67 79.599
33 68 37.33
33 69 21.109
33 70 5.612
33 71 6.641
33 72 15.272
33 73 19.219
33 74 1.934
33 75 57.618
33 76 1.409
33 77 93.41
33 78 39.423
33 79 28.142
33 80 87.767
33 81 6.952
33 82 17.621
33 83 73.895
33 84 53.279
33 85 99.858
33 86 18.195
33 87 32.609
33 88 25.24
33 89 92.168
33 90 78.955
33 91 3.482
33 92 40.58
33 93 69.411
33 94 87.473
33 95 46.785
33 96 34.336
33 97 74.203
33 98 70.963
33 99 35.901
34 35 82.987
34 36 62.322
34 37 2.53
34 38 24.26
34 39 19.894
34 40 70.986
34 41 77.177
34 42 7.076
34 43 84.05
34 44 97.989
34 45 82.647
34 46 44.682
34 47 84.481
34 48 23.185
34 49 2.18
34 50 2.257
34 51 29.004
34 52 82.072
34 53 51.705
34 54 8.102
34 55 78.101
34 56 49.76
34 57 61.424
34 58 9.668
34 59 12.159
34 60 81.569
34 61 42.316
34 62 61.912
34 63 44.01
34 64 10.559
34 65 92.591
34 66 86.221
34 67 76.891
34 68 15.174
34 69 68.19
34 70 91.008
34 71 65.706
34 72 2.643
34 73 34.547
34 74 89.694
34 75 51.517
34 76 42.902
34 77 67.074
34 78 6.9
34 79 36.99
34 80 21.376
34 81 23.672
34 82 67.168
34 83 35.336
34 84 81.065
34 85 41.165
34 86 76.827
34 87 78.388
34 88 0.017
34 89 37.293
34 90 83.7
34 91 5.507
34 92 98.559
34 93 85.458
34 94 4.961
34 95 58.593
34 96 22.317
34 97 20.673
34 98 35.0
34 99 32.337
35 36 26.009
35 37 46.698
35 38 74.362
35 39 65.76
35 40 38.229
35 41 7.702
35 42 95.043
35 43 14.4
35 44 2.329
35 45 15.304
35 46 95.943
35 47 6.746
35 48 54.966
35 49 21.232
35 50 66.218
35 51 77.03
35 52 77.843
35 53 74.471
35 54 50.606
35 55 93.489
35 56 32.237
35 57 64.348
35 58 86.552
35 59 81.438
35 60 10.777
35 61 1.776
35 62 55.074
35 63 0.354
35 64 71.357
35 65 88.66
35 66 65.451
35 67 67.464
35 68 88.424
35 69 76.587
35 70 84.017
35 71 60.255
35 72 94.661
35 73 3.803
35 74 30.396
35 75 97.396
35 76 47.33
35 77 21.676
35 78 84.735
35 79 18.072
35 80 15.762
35 81 72.775
35 82 36.111
35 83 36.984
35 84 79.575
35 85 36.971
35 86 84.023
35 87 49.978
35 88 64.18
35 89 89.327
35 90 68.632
35 91 59.375
35 92 86.517
35 93 65.427
35 94 94.478
35 95 17.044
35 96 61.681
35 97 92.629
35 98 6.399
35 99 87.25
36 37 64.615
36 38 87.662
36 39 38.328
36 40 48.701
36 41 56.827
36 42 83.897
36 43 27.326
36 44 85.406
36 45 72.169
36 46 6.674
36 47 7.819
36 48 11.555
36 49 7.588
36 50 68.752
36 51 14.814
36 52 71.708
36 53 30.443
36 54 6.279
36 55 55.148
36 56 3.828
36 57 44.009
36 58 62.917
36 59 62.902
36 60 9.891
36 61 53.754
36 62 25.03
36 63 16.649
36 64 43.014
36 65 37.666
36 66 45.056
36 67 22.828
36 68 79.278
36 69 63.154
36 70 22.535
36 71 33.211
36 72 59.438
36 73 41.737
36 74 72.677
36 75 18.718
36 76 53.181
36 77 70.645
36 78 32.297
36 79 26.839
36 80 46.651
36 81 15.744
36 82 85.182
36 83 10.793
36 84 86.194
36 85 22.612
36 86 12.515
36 87 65.634
36 88 87.941
36 89 79.525
36 90 59.149
36 91 43.703
36 92 78.248
36 93 93.787
36 94 38.081
36 95 7.903
36 96 80.395
36 97 51.773
36 98 21.801
36 99 29.044
37 38 69.609
37 39 78.136
37 40 74.062
37 41 54.406
37 42 88.631
37 43 82.468
37 44 36.182
37 45 51.089
37 46 73.677
37 47 66.504
37 48 5.687
37 49 46.04
37 50 17.331
37 51 47.405
37 52 99.466
37 53 36.47
37 54 77.002
37 55 52.936
37 56 8.785
37 57 16.468
37 58 60.481
37 59 50.07
37 60 16.023
37 61 91.005
37 62 27.069
37 63 2.546
37 64 67.173
37 65 9.341
37 66 55.892
37 67 85.665
37 68 52.295
37 69 11.93
37 70 95.153
37 71 40.729
37 72 78.635
37 73 37.524
37 74 27.196
37 75 45.92
37 76 9.612
37 77 55.454
37 78 84.438
37 79 91.601
37 80 36.712
37 81 90.901
37 82 44.821
37 83 43.856
37 84 95.874
37 85 80.54
37 86 26.681
37 87 81.782
37 88 29.878
37 89 45.297
37 90 48.419
37 91 39.179
37 92 72.392
37 93 72.987
37 94 97.127
37 95 98.591
37 96 37.29
37 97 53.89
37 98 27.431
37 99 34.506
38 39 70.961
38 40 58.508
38 41 22.389
38 42 26.042
38 43 35.192
38 44 77.518
38 45 38.509
38 46 74.178
38 47 29.658
38 48 60.377
38 49 34.08
38 50 13.62
38 51 92.997
38 52 79.995
38 53 29.238
38 54 7.603
38 55 3.492
38 56 54.993
38 57 28.752
38 58 46.546
38 59 56.6
38 60 18.295
38 61 90.603
38 62 34.765
38 63 82.965
38 64 50.37
38 65 48.801
38 66 6.017
38 67 14.321
38 68 57.28
38 69 38.161
38 70 72.532
38 71 71.087
38 72 88.4
38 73 49.814
38 74 39.211
38 75 83.602
38 76 7.929
38 77 20.849
38 78 36.79
38 79 36.914
38 80 97.226
38 81 24.525
38 82 93.445
38 83 93.993
38 84 81.401
38 85 57.289
38 86 97.726
38 87 19.538
38 88 76.756
38 89 46.737
38 90 52.232
38 91 18.256
38 92 64.167
38 93 30.749
38 94 40.337
38 95 18.813
38 96 52.033
38 97 88.736
38 98 80.934
38 99 59.009
39 40 54.072
39 41 76.905
39 42 22.236
39 43 80.681
39 44 78.046
39 45 64.709
39 46 93.857
39 47 13.443
39 48 21.263
39 49 28.447
39 50 57.344
39 51 50.854
39 52 39.995
39 53 90.212
39 54 76.424
39 55 70.961
39 56 72.938
39 57 70.533
39 58 61.418
39 59 56.005
39 60 91.031
39 61 52.141
39 62 27.98
39 63 51.706
39 64 67.901
39 65 41.73
39 66 40.666
39 67 85.704
39 68 36.627
39 69 63.685
39 70 86.989
39 71 27.707
39 72 90.383
39 73 57.882
39 74 60.757
39 75 43.395
39 76 0.241
39 77 37.714
39 78 9.634
39 79 1.96
39 80 93.779
39 81 69.904
39 82 76.5
39 83 20.393
39 84 43.041
39 85 48.847
39 86 25.573
39 87 85.913
39 88 39.677
39 89 31.848
39 90 99.329
39 91 74.302
39 92 18.533
39 93 50.304
39 94 45.854
39 95 30.88
39 96 92.85
39 97 28.336
39 98 9.479
39 99 99.492
40 41 79.576
40 42 49.711
40 43 49.707
40 44 31.175
40 45 27.848
40 46 82.296
40 47 86.418
40 48 37.69
40 49 8.746
40 50 54.904
40 51 43.406
40 52 62.409
40 53 70.262
40 54 96.402
40 55 68.943
40 56 69.8
40 57 29.657
40 58 0.387
40 59 17.041
40 60 8.684
40 61 3.6
40 62 27.832
40 63 95.013
40 64 99.028
40 65 54.558
40 66 26.055
40 67 26.286
40 68 12.228
40 69 55.46
40 70 78.691
40 71 51.72
40 72 69.735
40 73 66.74
40 74 92.367
40 75 34.148
40 76 33.166
40 77 28.284
40 78 89.961
40 79 79.857
40 80 64.668
40 81 71.607
40 82 90.879
40 83 57.764
40 84 77.943
40 85 19.55
40 86 44.976
40 87 24.128
40 88 71.827
40 89 19.511
40 90 56.568
40 91 50.209
40 92 61.385
40 93 29.53
40 94 87.371
40 95 65.421
40 96 79.013
40 97 13.729
40 98 14.528
40 99 95.809
41 42 74.231
41 43 63.746
41 44 36.316
41 45 42.932
41 46 47.577
41 47 58.456
41 48 51.411
41 49 95.535
41 50 82.721
41 51 25.862
41 52 78.656
41 53 99.797
41 54 46.801
41 55 15.869
41 56 68.681
41 57 56.08
41 58 62.438
41 59 72.479
41 60 95.04
41 61 6.142
41 62 84.077
41 63 55.432
41 64 16.163
41 65 19.861
41 66 13.454
41 67 20.647
41 68 57.108
41 69 69.955
41 70 19.228
41 71 83.291
41 72 94.279
41 73 50.58
41 74 65.282
41 75 75.039
41 76 28.18
41 77 61.96
41 78 63.126
41 79 20.238
41 80 1.773
41 81 30.571
41 82 84.784
41 83 64.185
41 84 60.637
41 85 45.946
41 86 33.892
41 87 86.688
41 88 87.23
41 89 4.417
41 90 22.079
41 91 19.782
41 92 39.984
41 93 13.037
41 94 91.848
41 95 72.485
41 96 40.418
41 97 22.54
41 98 42.365
41 99 78.117
42 43 79.022
42 44 50.832
42 45 45.942
42 46 8.38
42 47 11.339
42 48 21.189
42 49 75.197
42 50 30.558
42 51 69.428
42 52 7.644
42 53 53.153
42 54 68.658
42 55 36.004
42 56 2.615
42 57 11.68
42 58 42.336
42 59 86.843
42 60 92.002
42 61 48.351
42 62 51.411
42 63 81.289
42 64 80.997
42 65 71.73
42 66 17.327
42 67 64.358
42 68 0.493
42 69 86.523
42 70 89.123
42 71 76.193
42 72 61.152
42 73 50.778
42 74 4.647
42 75 69.749
42 76 26.198
42 77 71.339
42 78 94.842
42 79 26.265
42 80 17.412
42 81 99.513
42 82 94.958
42 83 86.697
42 84 9.391
42 85 77.153
42 86 23.267
42 87 90.147
42 88 32.625
42 89 87.34
42 90 36.132
42 91 67.959
42 92 98.842
42 93 60.436
42 94 6.591
42 95 67.456
42 96 22.121
42 97 85.124
42 98 58.69
42 99 63.646
43 44 25.366
43 45 54.084
43 46 77.576
43 47 28.712
43 48 18.786
43 49 98.467
43 50 3.423
43 51 89.573
43 52 11.882
43 53 81.685
43 54 10.877
43 55 51.24
43 56 77.514
43 57 35.78
43 58 91.736
43 59 80.59
43 60 7.83
43 61 11.272
43 62 58.288
43 63 79.504
43 64 40.671
43 65 75.524
43 66 37.356
43 67 26.155
43 68 23.334
43 69 77.687
43 70 64.806
43 71 70.052
43 72 21.011
43 73 7.097
43 74 61.12
43 75 7.218
43 76 21.055
43 77 45.394
43 78 43.949
43 79 86.712
43 80 15.188
43 81 83.513
43 82 52.163
43 83 77.03
43 84 66.772
43 85 93.32
43 86 76.825
43 87 0.502
43 88 85.837
43 89 13.352
43 90 98.151
43 91 24.528
43 92 95.973
43 93 53.207
43 94 72.08
43 95 9.957
43 96 42.777
43 97 58.469
43 98 39.131
43 99 31.509
44 45 39.947
44 46 31.912
44 47 53.942
44 48 34.159
44 49 1.772
44 50 52.6
44 51 36.093
44 52 71.236
44 53 17.939
44 54 32.123
44 55 45.109
44 56 0.35
44 57 87.027
44 58 94.393
44 59 76.798
44 60 23.348
44 61 37.521
44 62 78.546
44 63 20.64
44 64 7.699
44 65 74.779
44 66 25.74
44 67 83.801
44 68 13.698
44 69 68.41
44 70 47.293
44 71 75.782
44 72 6.57
44 73 98.581
44 74 32.305
44 75 22.5
44 76 13.619
44 77 98.953
44 78 17.534
44 79 9.864
44 80 16.751
44 81 46.002
44 82 25.813
44 83 60.08
44 84 21.172
44 85 46.012
44 86 97.535
44 87 96.781
44 88 59.629
44 89 88.66
44 90 40.075
44 91 26.576
44 92 27.612
44 93 80.21
44 94 63.938
44 95 40.466
44 96 44.536
44 97 30.108
44 98 17.143
44 99 78.795
45 46 25.415
45 47 58.823
45 48 89.809
45 49 37.248
45 50 1.034
45 51 90.105
45 52 1.044
45 53 81.481
45 54 55.934
45 55 78.763
45 56 79.627
45 57 3.317
45 58 7.574
45 59 23.404
45 60 99.743
45 61 61.278
45 62 68.816
45 63 73.14
45 64 68.615
45 65 40.673
45 66 63.328
45 67 36.972
45 68 53.882
45 69 6.674
45 70 4.099
45 71 36.756
45 72 78.968
45 73 33.203
45 74 43.67
45 75 90.86
45 76 5.706
45 77 90.451
45 78 80.654
45 79 2.377
45 80 33.802
45 81 24.9
45 82 34.048
45 83 19.591
45 84 93.827
45 85 60.526
45 86 50.618
45 87 92.077
45 88 37.703
45 89 15.751
45 90 87.731
45 91 80.244
45 92 36.972
45 93 15.435
45 94 15.837
45 95 59.056
45 96 64.071
45 97 58.967
45 98 74.972
45 99 5.091
46 47 66.63
46 48 36.054
46 49 68.789
46 50 18.07
46 51 60.578
46 52 67.367
46 53 6.16
46 54 89.729
46 55 91.423
46 56 3.626
46 57 98.624
46 58 40.193
46 59 80.17
46 60 61.165
46 61 97.927
46 62 1.655
46 63 72.122
46 64 80.304
46 65 20.239
46 66 72.694
46 67 16.166
46 68 13.234
46 69 86.773
46 70 24.53
46 71 68.228
46 72 43.302
46 73 48.932
46 74 21.525
46 75 80.225
46 76 66.502
46 77 57.471
46 78 88.332
46 79 28.196
46 80 85.362
46 81 27.488
46 82 20.532
46 83 91.809
46 84 85.588
46 85 16.928
46 86 77.569
46 87 60.362
46 88 4.639
46 89 14.22
46 90 48.557
46 91 96.704
46 92 24.933
46 93 15.259
46 94 2.942
46 95 31.174
46 96 24.737
46 97 10.486
46 98 81.533
46 99 34.305
47 48 20.841
47 49 97.629
47 50 44.932
47 51 88.17
47 52 8.863
47 53 61.224
47 54 97.341
47 55 69.008
47 56 58.893
47 57 75.734
47 58 20.174
47 59 3.694
47 60 15.861
47 61 16.197
47 62 82.468
47 63 84.041
47 64 32.349
47 65 96.836
47 66 21.998
47 67 10.19
47 68 51.523
47 69 17.014
47 70 27.57
47 71 0.925
47 72 37.092
47 73 58.637
47 74 43.731
47 75 78.124
47 76 74.493
47 77 7.449
47 78 70.729
47 79 63.208
47 80 83.962
47 81 59.83
47 82 24.277
47 83 46.714
47 84 90.012
47 85 74.802
47 86 70.077
47 87 84.26
47 88 80.432
47 89 29.9
47 90 39.749
47 91 28.462
47 92 88.868
47 93 14.952
47 94 70.21
47 95 18.191
47 96 31.643
47 97 77.731
47 98 31.518
47 99 70.872
48 49 76.351
48 50 27.61
48 51 68.737
48 52 86.577
48 53 81.261
48 54 13.092
48 55 60.143
48 56 12.237
48 57 14.205
48 58 53.032
48 59 3.119
48 60 52.595
48 61 5.027
48 62 34.947
48 63 87.066
48 64 29.512
48 65 0.477
48 66 5.702
48 67 43.508
48 68 32.182
48 69 81.383
48 70 75.809
48 71 44.344
48 72 32.362
48 73 67.52
48 74 1.103
48 75 18.005
48 76 90.786
48 77 83.264
48 78 22.288
48 79 64.662
48 80 13.158
48 81 47.726
48 82 86.306
48 83 90.091
48 84 37.002
48 85 65.73
48 86 97.004
48 87 92.417
48 88 26.219
48 89 15.948
48 90 41.134
48 91 39.026
48 92 49.59
48 93 25.418
48 94 91.105
48 95 79.07
48 96 41.078
48 97 49.255
48 98 89.388
48 99 8.272
49 50 63.632
49 51 89.23
49 52 16.766
49 53 8.309
49 54 42.57
49 55 20.583
49 56 9.312
49 57 10.675
49 58 2.703
49 59 50.914
49 60 32.521
49 61 62.617
49 62 77.273
49 63 71.82
49 64 44.615
49 65 51.555
49 66 92.656
49 67 91.839
49 68 48.957
49 69 59.633
49 70 6.405
49 71 49.841
49 72 30.495
49 73 37.554
49 74 18.077
49 75 87.3
49 76 5.749
49 77 35.915
49 78 31.537
49 79 15.698
49 80 64.283
49 81 3.256
49 82 43.771
49 83 28.324
49 84 62.109
49 85 91.79
49 86 70.715
49 87 35.876
49 88 63.876
49 89 6.132
49 90 67.379
49 91 67.595
49 92 72.08
49 93 59.26
49 94 16.526
49 95 75.743
49 96 21.546
49 97 72.842
49 98 62.466
49 99 46.928
50 51 48.826
50 52 80.98
50 53 71.732
50 54 69.788
50 55 87.461
50 56 35.478
50 57 2.26
50 58 8.009
50 59 98.872
50 60 24.71
50 61 15.225
50 62 6.33
50 63 79.928
50 64 50.215
50 65 37.852
50 66 35.149
50 67 76.379
50 68 0.252
50 69 7.022
50 70 25.131
50 71 55.152
50 72 32.74
50 73 34.393
50 74 18.553
50 75 44.212
50 76 83.179
50 77 88.509
50 78 31.105
50 79 27.289
50 80 51.547
50 81 91.434
50 82 27.712
50 83 26.62
50 84 24.142
50 85 73.978
50 86 58.576
50 87 43.897
50 88 56.881
50 89 39.288
50 90 46.007
50 91 79.973
50 92 28.865
50 93 21.807
50 94 19.312
50 95 25.64
50 96 40.411
50 97 18.652
50 98 85.87
50 99 0.717
51 52 60.715
51 53 60.303
51 54 1.439
51 55 34.861
51 56 40.854
51 57 28.679
51 58 40.209
51 59 62.381
51 60 48.015
51 61 87.986
51 62 95.597
51 63 10.365
51 64 52.707
51 65 65.971
51 66 2.277
51 67 23.557
51 68 1.833
51 69 42.399
51 70 66.307
51 71 31.965
51 72 56.464
51 73 76.504
51 74 42.86
51 75 5.11
51 76 59.48
51 77 87.569
51 78 79.842
51 79 0.064
51 80 86.066
51 81 90.635
51 82 59.017
51 83 58.099
51 84 34.707
51 85 54.286
51 86 89.42
51 87 70.325
51 88 91.563
51 89 62.618
51 90 83.469
51 91 34.102
51 92 86.366
51 93 17.014
51 94 67.725
51 95 72.912
51 96 85.414
51 97 91.735
51 98 6.726
51 99 74.497
52 53 74.532
52 54 71.685
52 55 45.887
52 56 71.411
52 57 5.416
52 58 68.726
52 59 2.28
52 60 22.972
52 61 28.872
52 62 1.116
52 63 46.33
52 64 42.927
52 65 14.457
52 66 65.521
52 67 61.827
52 68 76.772
52 69 85.993
52 70 99.828
52 71 9.0
52 72 93.302
52 73 16.867
52 74 10.371
52 75 78.579
52 76 51.021
52 77 71.158
52 78 10.858
52 79 92.275
52 80 28.273
52 81 36.888
52 82 61.166
52 83 46.649
52 84 85.689
52 85 30.034
52 86 65.848
52 87 63.33
52 88 87.596
52 89 44.261
52 90 50.442
52 91 86.052
52 92 32.088
52 93 11.108
52 94 20.834
52 95 95.069
52 96 56.505
52 97 41.643
52 98 5.378
52 99 31.739
53 54 0.122
53 55 68.954
53 56 78.278
53 57 74.621
53 58 44.22
53 59 86.075
53 60 96.284
53 61 11.863
53 62 73.331
53 63 9.769
53 64 38.18
53 65 29.867
53 66 58.704
53 67 14.181
53 68 13.163
53 69 29.689
53 70 91.943
53 71 52.678
53 72 49.643
53 73 33.549
53 74 38.796
53 75 14.657
53 76 59.202
53 77 82.817
53 78 14.074
53 79 11.84
53 80 66.324
53 81 67.221
53 82 59.631
53 83 41.546
53 84 16.174
53 85 89.382
53 86 75.266
53 87 51.514
53 88 62.012
53 89 3.339
53 90 73.412
53 91 44.544
53 92 27.83
53 93 98.536
53 94 68.338
53 95 89.989
53 96 12.956
53 97 15.824
53 98 93.872
53 99 15.237
54 55 37.052
54 56 0.22
54 57 10.292
54 58 45.439
54 59 76.624
54 60 83.409
54 61 79.11
54 62 46.329
54 63 28.648
54 64 48.083
54 65 85.755
54 66 91.915
54 67 48.337
54 68 29.217
54 69 33.125
54 70 64.643
54 71 28.401
54 72 69.029
54 73 96.549
54 74 50.49
54 75 61.618
54 76 70.721
54 77 96.513
54 78 37.126
54 79 24.838
54 80 0.845
54 81 59.334
54 82 10.852
54 83 58.072
54 84 13.302
54 85 92.338
54 86 2.733
54 87 16.569
54 88 9.468
54 89 84.095
54 90 44.763
54 91 57.468
54 92 67.445
54 93 72.924
54 94 40.419
54 95 97.969
54 96 15.521
54 97 21.674
54 98 71.622
54 99 66.756
55 56 80.942
55 57 61.677
55 58 88.268
55 59 65.306
55 60 17.937
55 61 89.361
55 62 67.176
55 63 25.063
55 64 97.713
55 65 7.546
55 66 77.437
55 67 54.263
55 68 63.847
55 69 39.739
55 70 76.157
55 71 26.271
55 72 58.978
55 73 6.814
55 74 82.403
55 75 27.63
55 76 93.46
55 77 79.421
55 78 49.124
55 79 74.714
55 80 86.35
55 81 47.135
55 82 36.293
55 83 63.656
55 84 65.266
55 85 27.132
55 86 29.112
55 87 0.341
55 88 13.204
55 89 20.782
55 90 31.541
55 91 94.0
55 92 65.29
55 93 96.953
55 94 94.358
55 95 58.363
55 96 32.789
55 97 36.898
55 98 11.885
55 99 17.832
56 57 29.988
56 58 0.029
56 59 17.581
56 60 56.266
56 61 4.131
56 62 77.703
56 63 92.068
56 64 76.338
56 65 68.945
56 66 63.964
56 67 40.379
56 68 73.006
56 69 44.9
56 70 11.902
56 71 2.006
56 72 90.047
56 73 32.164
56 74 87.861
56 75 45.027
56 76 80.04
56 77 18.366
56 78 61.607
56 79 61.261
56 80 93.293
56 81 4.628
56 82 31.218
56 83 75.475
56 84 17.801
56 85 20.209
56 86 94.024
56 87 57.53
56 88 62.388
56 89 1.245
56 90 95.094
56 91 38.14
56 92 34.555
56 93 40.522
56 94 55.674
56 95 75.718
56 96 27.704
56 97 13.955
56 98 14.285
56 99 71.56
57 58 72.851
57 59 9.676
57 60 92.658
57 61 77.989
57 62 65.338
57 63 22.778
57 64 91.178
57 65 99.599
57 66 94.278
57 67 48.521
57 68 65.655
57 69 1.816
57 70 11.234
57 71 19.313
57 72 51.016
57 73 65.079
57 74 46.594
57 75 33.005
57 76 27.939
57 77 78.155
57 78 60.337
57 79 45.195
57 80 22.928
57 81 65.886
57 82 2.633
57 83 34.038
57 84 45.397
57 85 6.748
57 86 1.358
57 87 47.095
57 88 40.49
57 89 68.411
57 90 59.091
57 91 64.526
57 92 65.929
57 93 57.793
57 94 71.028
57 95 97.553
57 96 89.599
57 97 72.217
57 98 12.47
57 99 9.153
58 59 81.871
58 60 59.618
58 61 20.077
58 62 74.003
58 63 9.306
58 64 70.788
58 65 87.661
58 66 20.189
58 67 0.108
58 68 75.146
58 69 38.507
58 70 83.718
58 71 41.226
58 72 38.696
58 73 79.96
58 74 43.654
58 75 75.216
58 76 53.748
58 77 94.314
58 78 77.042
58 79 67.799
58 80 99.072
58 81 4.951
58 82 20.163
58 83 85.644
58 84 13.44
58 85 43.628
58 86 97.345
58 87 1.301
58 88 33.84
58 89 78.382
58 90 9.815
58 91 80.861
58 92 64.488
58 93 77.762
58 94 55.622
58 95 24.231
58 96 89.512
58 97 26.073
58 98 98.616
58 99 20.893
59 60 3.601
59 61 7.146
59 62 68.06
59 63 88.643
59 64 43.27
59 65 76.084
59 66 80.676
59 67 78.477
59 68 97.189
59 69 48.587
59 70 35.097
59 71 95.185
59 72 98.402
59 73 60.72
59 74 32.219
59 75 35.394
59 76 25.888
59 77 7.161
59 78 2.47
59 79 40.284
59 80 12.673
59 81 10.728
59 82 12.749
59 83 93.092
59 84 10.776
59 85 77.923
59 86 83.779
59 87 38.307
59 88 95.499
59 89 38.322
59 90 26.995
59 91 99.561
59 92 61.438
59 93 69.808
59 94 66.869
59 95 2.611
59 96 30.13
59 97 18.658
59 98 88.259
59 99 23.71
60 61 4.422
60 62 62.588
60 63 25.768
60 64 6.145
60 65 73.702
60 66 42.476
60 67 95.759
60 68 52.412
60 69 48.96
60 70 16.134
60 71 40.335
60 72 78.527
60 73 89.794
60 74 56.624
60 75 4.533
60 76 23.332
60 77 11.669
60 78 46.191
60 79 54.138
60 80 31.079
60 81 6.497
60 82 22.879
60 83 17.856
60 84 28.79
60 85 28.369
60 86 67.331
60 87 41.095
60 88 89.078
60 89 39.212
60 90 24.241
60 91 62.876
60 92 83.252
60 93 12.409
60 94 28.372
60 95 7.859
60 96 52.211
60 97 8.332
60 98 58.712
60 99 56.384
61 62 22.379
61 63 25.288
61 64 57.665
61 65 42.431
61 66 95.518
61 67 85.408
61 68 77.386
61 69 8.89
61 70 51.508
61 71 98.691
61 72 95.76
61 73 64.24
61 74 70.077
61 75 79.726
61 76 54.455
61 77 29.619
61 78 42.159
61 79 92.161
61 80 60.708
61 81 45.861
61 82 23.129
61 83 81.707
61 84 46.556
61 85 35.775
61 86 20.862
61 87 71.388
61 88 96.681
61 89 7.144
61 90 98.597
61 91 89.471
61 92 73.674
61 93 61.767
61 94 33.128
61 95 81.906
61 96 48.048
61 97 57.925
61 98 26.241
61 99 90.371
62 63 79.612
62 64 33.553
62 65 8.932
62 66 86.19
62 67 83.276
62 68 10.024
62 69 17.995
62 70 53.548
62 71 51.835
62 72 72.222
62 73 42.212
62 74 67.561
62 75 31.379
62 76 16.851
62 77 25.405
62 78 70.173
62 79 38.691
62 80 59.441
62 81 91.311
62 82 23.96
62 83 85.706
62 84 17.547
62 85 49.983
62 86 90.197
62 87 43.045
62 88 86.442
62 89 57.085
62 90 7.346
62 91 6.928
62 92 57.944
62 93 36.135
62 94 34.53
62 95 39.905
62 96 10.454
62 97 44.967
62 98 36.0
62 99 27.534
63 64 73.889
63 65 7.707
63 66 36.191
63 67 15.092
63 68 20.324
63 69 86.505
63 70 11.929
63 71 58.291
63 72 70.046
63 73 76.725
63 74 28.72
63 75 33.419
63 76 34.059
63 77 96.994
63 78 6.089
63 79 82.654
63 80 51.338
63 81 23.137
63 82 13.777
63 83 50.703
63 84 78.249
63 85 32.259
63 86 21.402
63 87 30.175
63 88 82.859
63 89 50.308
63 90 70.258
63 91 33.779
63 92 1.79
63 93 81.062
63 94 79.917
63 95 54.118
63 96 27.022
63 97 69.437
63 98 75.997
63 99 3.522
64 65 73.833
64 66 63.672
64 67 10.996
64 68 3.202
64 69 36.506
64 70 6.764
64 71 35.115
64 72 20.962
64 73 67.51
64 74 41.156
64 75 73.645
64 76 69.568
64 77 96.497
64 78 17.141
64 79 65.04
64 80 63.857
64 81 88.165
64 82 31.72
64 83 57.003
64 84 44.535
64 85 81.988
64 86 52.162
64 87 61.974
64 88 41.156
64 89 12.947
64 90 71.974
64 91 78.244
64 92 82.514
64 93 54.098
64 94 51.751
64 95 51.769
64 96 94.06
64 97 8.083
64 98 27.948
64 99 71.182
65 66 19.192
65 67 65.487
65 68 87.034
65 69 25.469
65 70 43.3
65 71 77.978
65 72 33.434
65 73 48.359
65 74 93.705
65 75 33.007
65 76 34.067
65 77 36.785
65 78 16.348
65 79 84.409
65 80 3.279
65 81 5.506
65 82 88.108
65 83 49.428
65 84 11.117
65 85 6.937
65 86 34.541
65 87 6.305
65 88 22.521
65 89 72.576
65 90 77.701
65 91 88.335
65 92 11.154
65 93 48.027
65 94 20.75
65 95 95.43
65 96 57.018
65 97 48.479
65 98 31.951
65 99 82.006
66 67 84.877
66 68 29.34
66 69 24.984
66 70 10.155
66 71 37.565
66 72 69.197
66 73 68.371
66 74 2.604
66 75 2.655
66 76 91.809
66 77 83.522
66 78 32.426
66 79 58.274
66 80 50.743
66 81 34.119
66 82 11.362
66 83 7.358
66 84 66.744
66 85 46.38
66 86 96.473
66 87 80.425
66 88 73.48
66 89 99.794
66 90 90.515
66 91 91.059
66 92 96.96
66 93 70.582
66 94 68.285
66 95 35.536
66 96 96.398
66 97 53.13
66 98 32.394
66 99 45.708
67 68 3.012
67 69 89.065
67 70 79.584
67 71 47.009
67 72 38.389
67 73 81.635
67 74 46.106
67 75 5.133
67 76 18.509
67 77 4.472
67 78 59.257
67 79 23.529
67 80 15.513
67 81 78.683
67 82 86.142
67 83 29.64
67 84 97.107
67 85 11.039
67 86 6.487
67 87 48.249
67 88 12.381
67 89 39.996
67 90 34.241
67 91 17.467
67 92 21.132
67 93 81.314
67 94 57.252
67 95 59.297
67 96 63.826
67 97 73.234
67 98 67.074
67 99 51.609
68 69 58.589
68 70 72.856
68 71 32.99
68 72 23.209
68 73 40.231
68 74 7.151
68 75 2.887
68 76 74.653
68 77 34.211
68 78 72.341
68 79 93.725
68 80 96.721
68 81 89.749
68 82 84.796
68 83 47.688
68 84 12.868
68 85 2.229
68 86 32.463
68 87 68.692
68 88 50.383
68 89 58.586
68 90 70.212
68 91 42.974
68 92 18.333
68 93 22.4
68 94 17.085
68 95 18.027
68 96 57.009
68 97 83.293
68 98 52.467
68 99 49.374
69 70 37.24
69 71 47.692
69 72 87.392
69 73 30.75
69 74 2.277
69 75 14.031
69 76 5.384
69 77 30.18
69 78 29.444
69 79 49.047
69 80 56.559
69 81 46.706
69 82 25.555
69 83 94.232
69 84 72.22
69 85 89.842
69 86 71.967
69 87 12.477
69 88 83.443
69 89 61.925
69 90 59.197
69 91 35.513
69 92 49.913
69 93 12.487
69 94 37.642
69 95 10.052
69 96 98.648
69 97 64.509
69 98 53.462
69 99 46.791
70 71 71.441
70 72 38.182
70 73 31.913
70 74 47.699
70 75 22.488
70 76 91.398
70 77 39.017
70 78 81.98
70 79 21.002
70 80 71.188
70 81 90.058
70 82 34.128
70 83 88.439
70 84 86.643
70 85 89.147
70 86 5.506
70 87 61.588
70 88 70.659
70 89 29.024
70 90 76.004
70 91 67.76
70 92 44.026
70 93 52.446
70 94 46.511
70 95 65.877
70 96 0.222
70 97 79.499
70 98 96.658
70 99 46.901
71 72 93.55
71 73 12.918
71 74 68.985
71 75 82.928
71 76 27.365
71 77 46.918
71 78 93.362
71 79 0.406
71 80 36.87
71 81 61.118
71 82 27.601
71 83 54.703
71 84 51.309
71 85 10.012
71 86 47.327
71 87 77.759
71 88 0.199
71 89 34.244
71 90 68.096
71 91 98.848
71 92 37.643
71 93 85.768
71 94 35.868
71 95 70.651
71 96 27.977
71 97 72.283
71 98 4.983
71 99 34.91
72 73 75.476
72 74 2.413
72 75 21.077
72 76 8.334
72 77 83.269
72 78 60.108
72 79 22.915
72 80 52.791
72 81 47.424
72 82 18.014
72 83 95.74
72 84 30.991
72 85 69.068
72 86 74.263
72 87 7.271
72 88 2.083
72 89 71.006
72 90 17.723
72 91 19.166
72 92 62.657
72 93 49.58
72 94 15.32
72 95 36.804
72 96 79.95
72 97 75.352
72 98 40.71
72 99 15.548
73 74 4.497
73 75 19.253
73 76 33.563
73 77 10.52
73 78 52.668
73 79 2.379
73 80 6.951
73 81 50.908
73 82 89.16
73 83 62.109
73 84 0.1
73 85 59.61
73 86 44.472
73 87 17.388
73 88 11.913
73 89 37.331
73 90 67.948
73 91 39.362
73 92 76.075
73 93 93.784
73 94 25.814
73 95 46.667
73 96 5.185
73 97 41.563
73 98 32.38
73 99 10.484
74 75 97.58
74 76 83.808
74 77 39.763
74 78 41.064
74 79 38.91
74 80 50.731
74 81 86.793
74 82 87.177
74 83 35.018
74 84 20.638
74 85 81.743
74 86 74.942
74 87 6.219
74 88 22.277
74 89 30.787
74 90 13.729
74 91 0.641
74 92 64.907
74 93 9.885
74 94 61.623
74 95 89.43
74 96 2.712
74 97 47.086
74 98 40.451
74 99 33.642
75 76 25.722
75 77 87.19
75 78 32.441
75 79 61.667
75 80 99.755
75 81 62.023
75 82 56.226
75 83 0.046
75 84 40.153
75 85 3.814
75 86 73.2
75 87 6.853
75 88 78.906
75 89 93.691
75 90 75.283
75 91 88.331
75 92 2.715
75 93 87.44
75 94 6.085
75 95 36.39
75 96 61.447
75 97 72.84
75 98 37.595
75 99 81.964
76 77 98.606
76 78 74.167
76 79 54.854
76 80 63.614
76 81 34.025
76 82 20.539
76 83 6.349
76 84 84.488
76 85 16.821
76 86 90.765
76 87 90.62
76 88 45.865
76 89 53.925
76 90 33.959
76 91 83.611
76 92 30.525
76 93 55.501
76 94 9.623
76 95 8.018
76 96 55.619
76 97 78.348
76 98 70.13
76 99 3.694
77 78 34.436
77 79 2.631
77 80 34.484
77 81 13.256
77 82 81.555
77 83 68.675
77 84 63.245
77 85 22.696
77 86 84.296
77 87 10.461
77 88 60.23
77 89 26.389
77 90 38.789
77 91 22.175
77 92 66.659
77 93 97.402
77 94 0.06
77 95 3.668
77 96 54.544
77 97 60.275
77 98 61.739
77 99 30.989
78 79 74.107
78 80 7.367
78 81 65.729
78 82 54.108
78 83 47.377
78 84 18.792
78 85 1.711
78 86 26.69
78 87 86.606
78 88 14.475
78 89 86.08
78 90 32.815
78 91 14.889
78 92 90.133
78 93 26.085
78 94 84.225
78 95 20.694
78 96 95.396
78 97 38.866
78 98 37.956
78 99 11.646
79 80 95.775
79 81 34.851
79 82 57.638
79 83 24.28
79 84 79.847
79 85 55.294
79 86 69.877
79 87 32.18
79 88 2.52
79 89 37.942
79 90 94.798
79 91 37.001
79 92 24.139
79 93 6.204
79 94 98.187
79 95 80.253
79 96 44.829
79 97 1.598
79 98 3.015
79 99 37.997
80 81 37.164
80 82 53.445
80 83 15.067
80 84 6.075
80 85 25.807
80 86 49.932
80 87 25.966
80 88 30.834
80 89 10.849
80 90 20.689
80 91 21.644
80 92 28.952
80 93 70.565
80 94 44.067
80 95 93.86
80 96 53.568
80 97 37.081
80 98 18.085
80 99 22.346
81 82 22.964
81 83 47.567
81 84 22.076
81 85 45.414
81 86 92.09
81 87 72.298
81 88 88.465
81 89 17.419
81 90 4.215
81 91 43.909
81 92 98.52
81 93 9.559
81 94 13.739
81 95 46.72
81 96 39.715
81 97 89.32
81 98 51.942
81 99 45.702
82 83 97.148
82 84 20.534
82 85 33.556
82 86 58.08
82 87 26.864
82 88 26.814
82 89 71.373
82 90 33.717
82 91 42.676
82 92 98.51
82 93 35.416
82 94 60.26
82 95 26.84
82 96 97.128
82 97 52.675
82 98 67.467
82 99 22.615
83 84 21.214
83 85 94.084
83 86 23.821
83 87 68.188
83 88 14.302
83 89 23.465
83 90 1.479
83 91 30.542
83 92 28.354
83 93 71.72
83 94 55.746
83 95 36.607
83 96 94.131
83 97 28.85
83 98 97.645
83 99 16.606
84 85 48.696
84 86 92.29
84 87 12.019
84 88 88.808
84 89 89.718
84 90 45.348
84 91 78.025
84 92 10.883
84 93 64.145
84 94 44.434
84 95 73.232
84 96 39.829
84 97 29.4
84 98 2.716
84 99 57.108
85 86 2.681
85 87 34.228
85 88 11.057
85 89 24.847
85 90 21.018
85 91 14.81
85 92 46.867
85 93 5.747
85 94 86.663
85 95 83.881
85 96 60.489
85 97 50.734
85 98 28.364
85 99 27.097
86 87 49.679
86 88 74.152
86 89 85.773
86 90 22.581
86 91 93.285
86 92 84.732
86 93 95.885
86 94 12.364
86 95 24.641
86 96 53.31
86 97 85.031
86 98 14.094
86 99 20.35
87 88 59.868
87 89 79.306
87 90 7.415
87 91 52.2
87 92 76.674
87 93 40.505
87 94 9.517
87 95 98.116
87 96 79.053
87 97 93.576
87 98 40.132
87 99 22.566
88 89 82.649
88 90 24.762
88 91 25.831
88 92 67.494
88 93 47.131
88 94 87.233
88 95 10.434
88 96 74.732
88 97 69.13
88 98 99.499
88 99 4.068
89 90 70.416
89 91 56.539
89 92 94.51
89 93 48.268
89 94 84.313
89 95 63.505
89 96 45.538
89 97 85.7
89 98 87.371
89 99 94.88
90 91 84.537
90 92 21.377
90 93 16.558
90 94 38.266
90 95 55.536
90 96 31.875
90 97 26.369
90 98 90.958
90 99 23.207
91 92 60.29
91 93 62.877
91 94 59.916
91 95 48.973
91 96 40.517
91 97 22.306
91 98 32.766
91 99 88.395
92 93 89.171
92 94 26.381
92 95 56.08
92 96 11.571
92 97 3.811
92 98 21.019
92 99 73.627
93 94 40.335
93 95 50.64
93 96 58.503
93 97 8.173
93 98 97.798
93 99 35.783
94 95 73.662
94 96 20.56
94 97 52.046
94 98 28.914
94 99 76.565
95 96 92.436
95 97 49.326
95 98 56.816
95 99 98.822
96 97 65.719
96 98 65.295
96 99 70.606
97 98 89.092
97 99 79.998
98 99 5.961