99
0 1 5.78
0 2 6.275
0 3 6.385
0 4 3.362
0 5 6.14
0 6 3.238
0 7 4.924
0 8 6.367
0 9 5.225
0 10 4.627
0 11 5.762
0 12 5.148
0 13 5.064
0 14 5.168
0 15 5.277
0 16 4.958
0 17 5.134
0 18 4.921
0 19 5.031
0 20 6.215
0 21 4.876
0 22 3.62
0 23 4.108
0 24 2.714
0 25 7.154
0 26 6.714
0 27 4.713
0 28 4.574
0 29 4.703
0 30 5.236
0 31 3.702
0 32 5.606
0 33 2.958
0 34 3.843
1 2 4.624
1 3 6.474
1 4 5.02
1 5 4.315
1 6 5.523
1 7 5.431
1 8 5.098
1 9 6.946
1 10 6.147
1 11 3.518
1 12 4.136
1 13 4.808
1 14 7.636
1 15 5.348
1 16 4.531
1 17 5.641
1 18 5.315
1 19 5.733
1 20 4.873
1 21 5.53
1 22 5.684
1 23 6.036
1 24 5.488
1 25 5.646
1 26 4.736
1 27 3.722
1 28 5.45
1 29 4.421
1 30 4.246
1 31 3.292
1 32 4.582
1 35 4.447
1 36 1.802
2 3 3.682
2 4 5.512
2 5 5.472
2 6 3.777
2 7 3.817
2 8 5.422
2 9 5.049
2 10 5.454
2 11 5.654
2 12 5.561
2 13 5.129
2 14 4.409
2 15 5.615
2 16 5.525
2 17 4.674
2 18 5.46
2 19 5.395
2 20 6.269
2 21 3.596
2 22 4.551
2 23 4.805
2 24 3.675
2 25 6.167
2 26 5.054
2 27 4.32
2 28 4.745
2 29 3.539
2 30 5.927
2 31 5.38
2 32 7.078
2 37 2.401
2 38 2.976
3 4 5.667
3 5 5.963
3 6 4.335
3 7 5.23
3 8 5.357
3 9 6.21
3 10 5.082
3 11 3.73
3 12 4.37
3 13 5.457
3 14 5.071
3 15 4.172
3 16 5.863
3 17 5.814
3 18 4.166
3 19 4.292
3 20 6.899
3 21 6.315
3 22 3.986
3 23 5.304
3 24 4.652
3 25 6.219
3 26 2.452
3 27 6.554
3 28 4.548
3 29 4.697
3 30 5.814
3 31 5.923
3 32 5.315
3 39 1.858
3 40 2.589
4 5 3.316
4 6 5.465
4 7 2.705
4 8 5.298
4 9 5.803
4 10 3.754
4 11 4.422
4 12 3.437
4 13 6.097
4 14 5.706
4 15 6.031
4 16 4.927
4 17 6.146
4 18 4.455
4 19 6.781
4 20 5.535
4 21 3.43
4 22 5.103
4 23 4.298
4 24 4.312
4 25 4.019
4 26 6.797
4 27 4.32
4 28 4.393
4 29 3.478
4 30 5.119
4 31 4.988
4 32 4.831
4 41 2.877
4 42 3.632
5 6 4.84
5 7 6.206
5 8 3.075
5 9 5.348
5 10 6.228
5 11 5.285
5 12 4.063
5 13 5.573
5 14 3.768
5 15 5.446
5 16 5.855
5 17 4.966
5 18 5.395
5 19 4.791
5 20 5.017
5 21 3.317
5 22 3.091
5 23 6.514
5 24 3.347
5 25 6.78
5 26 4.302
5 27 4.292
5 28 2.492
5 29 5.92
5 30 4.518
5 31 4.962
5 32 4.177
5 43 4.162
5 44 4.369
6 7 4.763
6 8 5.529
6 9 5.725
6 10 7.132
6 11 4.28
6 12 5.61
6 13 4.965
6 14 4.229
6 15 4.382
6 16 5.464
6 17 5.731
6 18 6.398
6 19 4.1
6 20 5.262
6 21 3.876
6 22 6.041
6 23 6.346
6 24 4.468
6 25 6.127
6 26 6.149
6 27 4.374
6 28 6.146
6 29 4.894
6 30 4.513
6 31 5.269
6 32 4.513
6 45 3.013
6 46 2.428
7 8 7.959
7 9 5.351
7 10 4.787
7 11 4.316
7 12 4.826
7 13 4.378
7 14 5.453
7 15 3.544
7 16 4.487
7 17 7.254
7 18 4.637
7 19 6.618
7 20 6.585
7 21 4.211
7 22 5.813
7 23 3.9
7 24 4.44
7 25 5.048
7 26 4.766
7 27 3.843
7 28 5.995
7 29 4.637
7 30 6.367
7 31 4.405
7 32 5.674
7 47 1.91
7 48 4.108
8 9 4.706
8 10 5.029
8 11 4.114
8 12 3.826
8 13 3.87
8 14 7.242
8 15 5.591
8 16 4.374
8 17 5.828
8 18 6.929
8 19 5.732
8 20 4.689
8 21 5.356
8 22 3.859
8 23 5.45
8 24 5.808
8 25 4.573
8 26 5.183
8 27 3.358
8 28 5.85
8 29 6.334
8 30 4.098
8 31 4.853
8 32 4.92
8 49 2.737
8 50 3.608
9 10 6.906
9 11 4.984
9 12 7.526
9 13 5.99
9 14 4.858
9 15 4.535
9 16 5.696
9 17 4.522
9 18 4.68
9 19 5.561
9 20 3.929
9 21 4.576
9 22 5.526
9 23 3.842
9 24 5.481
9 25 4.307
9 26 5.832
9 27 4.346
9 28 4.157
9 29 7.203
9 30 6.966
9 31 4.725
9 32 5.208
9 51 3.686
9 52 3.592
10 11 5.955
10 12 5.948
10 13 5.025
10 14 4.12
10 15 3.521
10 16 3.682
10 17 4.582
10 18 5.394
10 19 5.78
10 20 4.902
10 21 7.843
10 22 4.906
10 23 4.907
10 24 5.508
10 25 4.993
10 26 4.226
10 27 6.082
10 28 4.887
10 29 3.395
10 30 4.238
10 31 4.948
10 32 5.305
10 53 2.544
10 54 2.411
11 12 5.768
11 13 3.407
11 14 4.635
11 15 6.036
11 16 5.07
11 17 3.51
11 18 4.906
11 19 4.51
11 20 6.452
11 21 4.904
11 22 3.392
11 23 3.015
11 24 4.575
11 25 6.385
11 26 4.38
11 27 5.34
11 28 3.162
11 29 5.166
11 30 5.325
11 31 6.496
11 32 5.068
11 55 2.403
11 56 1.097
12 13 4.202
12 14 7.213
12 15 6.789
12 16 4.805
12 17 6.289
12 18 3.587
12 19 4.038
12 20 4.963
12 21 5.211
12 22 4.937
12 23 3.995
12 24 4.629
12 25 2.859
12 26 4.213
12 27 5.791
12 28 4.65
12 29 6.061
12 30 2.868
12 31 5.941
12 32 6.358
12 57 2.311
12 58 2.896
13 14 5.625
13 15 4.869
13 16 5.615
13 17 3.636
13 18 5.671
13 19 5.16
13 20 6.409
13 21 4.562
13 22 4.357
13 23 5.642
13 24 5.846
13 25 2.582
13 26 2.188
13 27 6.45
13 28 4.931
13 29 4.796
13 30 4.807
13 31 5.709
13 32 3.673
13 59 3.25
13 60 4.845
14 15 4.982
14 16 3.744
14 17 5.229
14 18 4.58
14 19 4.313
14 20 5.759
14 21 3.756
14 22 5.877
14 23 5.266
14 24 6.049
14 25 4.45
14 26 4.215
14 27 5.035
14 28 4.716
14 29 5.554
14 30 7.29
14 31 6.138
14 32 5.201
14 61 3.561
14 62 3.398
15 16 4.203
15 17 5.201
15 18 5.574
15 19 5.612
15 20 4.891
15 21 4.534
15 22 4.602
15 23 4.071
15 24 5.576
15 25 4.915
15 26 4.975
15 27 5.694
15 28 4.355
15 29 4.123
15 30 5.227
15 31 4.869
15 32 4.07
15 63 2.171
15 64 2.586
16 17 5.89
16 18 4.977
16 19 3.617
16 20 4.746
16 21 4.003
16 22 5.255
16 23 3.352
16 24 4.24
16 25 5.605
16 26 5.11
16 27 6.619
16 28 3.965
16 29 7.466
16 30 4.58
16 31 3.388
16 32 6.418
16 65 2.387
16 66 1.955
17 18 5.502
17 19 4.214
17 20 5.038
17 21 4.451
17 22 4.322
17 23 5.265
17 24 5.036
17 25 5.101
17 26 4.006
17 27 4.632
17 28 3.718
17 29 5.33
17 30 6.448
17 31 4.821
17 32 4.389
17 67 3.051
17 68 4.548
18 19 5.331
18 20 4.378
18 21 6.44
18 22 5.883
18 23 3.643
18 24 4.697
18 25 4.645
18 26 5.372
18 27 6.729
18 28 5.19
18 29 5.131
18 30 5.768
18 31 5.17
18 32 4.991
18 69 3.233
18 70 2.104
19 20 5.165
19 21 5.344
19 22 5.379
19 23 4.101
19 24 5.408
19 25 3.809
19 26 5.312
19 27 4.521
19 28 4.637
19 29 3.82
19 30 5.568
19 31 4.486
19 32 5.296
19 71 3.237
19 72 3.642
20 21 5.059
20 22 4.673
20 23 5.325
20 24 4.35
20 25 4.7
20 26 3.661
20 27 4.19
20 28 4.019
20 29 5.306
20 30 6.591
20 31 3.738
20 32 6.631
20 73 4.004
20 74 2.936
21 22 4.462
21 23 4.109
21 24 6.164
21 25 4.588
21 26 3.959
21 27 4.728
21 28 4.264
21 29 2.559
21 30 5.446
21 31 6.489
21 32 3.855
21 75 3.675
21 76 3.235
22 23 5.205
22 24 4.133
22 25 3.894
22 26 4.978
22 27 5.861
22 28 4.498
22 29 5.389
22 30 6.162
22 31 4.124
22 32 4.678
22 77 3.803
22 78 4.759
23 24 4.871
23 25 6.417
23 26 2.871
23 27 5.187
23 28 6.321
23 29 5.476
23 30 4.453
23 31 4.001
23 32 4.982
23 79 3.102
23 80 2.317
24 25 6.302
24 26 6.587
24 27 5.516
24 28 4.858
24 29 4.783
24 30 5.498
24 31 4.249
24 32 3.509
24 81 2.907
24 82 3.488
25 26 5.574
25 27 5.531
25 28 5.228
25 29 4.409
25 30 4.783
25 31 5.289
25 32 4.973
25 83 4.363
25 84 2.032
26 27 5.607
26 28 5.908
26 29 4.185
26 30 3.033
26 31 5.887
26 32 5.89
26 85 2.59
26 86 2.701
27 28 3.778
27 29 6.003
27 30 6.295
27 31 3.802
27 32 5.346
27 87 4.067
27 88 2.759
28 29 6.43
28 30 4.215
28 31 6.582
28 32 5.218
28 89 3.926
28 90 2.727
29 30 7.103
29 31 4.182
29 32 4.99
29 91 4.28
29 92 2.967
30 31 5.652
30 32 2.478
30 93 4.828
30 94 1.563
31 32 5.385
31 95 2.904
31 96 1.745
32 97 3.71
32 98 1.813
33 35 2.96
34 36 3.166
37 39 3.095
38 40 3.235
41 43 1.126
42 44 2.663
45 47 1.467
46 48 1.888
49 51 3.458
50 52 3.071
53 55 2.899
54 56 3.828
57 59 4.279
58 60 2.079
61 63 1.852
62 64 3.126
65 67 4.028
66 68 2.504
69 71 1.739
70 72 1.227
73 75 2.052
74 76 2.479
77 79 2.351
78 80 3.22
81 83 1.7
82 84 1.993
85 87 1.657
86 88 3.639
89 91 3.431
90 92 2.477
93 95 1.642
94 96 2.041