100
0 6 66.1
0 25 12.696
0 26 1.741
0 27 6.244
1 15 60.817
1 2 69.747
1 28 4.53
1 29 11.041
1 30 8.573
2 14 63.639
2 31 14.025
2 32 14.626
2 33 20.863
3 19 59.789
3 9 58.875
3 34 16.208
3 35 8.67
3 36 11.298
4 12 53.001
4 37 5.911
4 38 6.089
4 39 10.377
5 9 62.321
5 20 61.346
5 40 17.49
5 41 19.587
5 42 0.31
6 18 61.884
6 10 61.297
6 43 14.305
6 44 6.485
6 45 8.171
7 11 73.405
7 46 7.132
7 47 5.86
7 48 14.202
8 20 65.254
8 49 9.159
8 50 13.473
8 51 13.037
9 52 12.252
9 53 14.048
9 54 10.104
10 23 66.402
10 16 56.925
10 55 19.87
10 56 1.497
10 57 6.018
11 12 60.315
11 22 55.322
11 16 63.914
11 24 56.664
11 58 4.036
11 59 7.638
11 60 8.668
12 61 1.079
12 62 11.16
12 63 8.972
13 16 61.261
13 64 10.029
13 65 15.831
13 66 5.631
14 21 56.12
14 24 51.176
14 67 13.045
14 68 3.683
14 69 5.257
15 70 4.303
15 71 11.128
15 72 7.968
16 73 3.319
16 74 14.326
16 75 11.123
17 20 64.059
17 76 0.228
17 77 0.116
17 78 4.532
18 20 50.154
18 79 2.047
18 80 12.501
18 81 19.173
19 82 5.73
19 83 7.954
19 84 10.512
20 85 8.028
20 86 5.476
20 87 15.923
21 88 8.719
21 89 9.279
21 90 15.255
22 91 6.854
22 92 8.365
22 93 10.882
23 94 7.5
23 95 12.611
23 96 15.118
24 97 3.453
24 98 23.296
24 99 8.489
25 52 17.569
26 52 20.668
27 36 19.697
27 62 21.038
28 43 26.698
28 93 21.57
29 59 4.328
29 38 22.528
29 32 26.399
30 52 21.638
30 74 18.173
31 45 24.707
31 39 26.583
32 57 16.127
33 87 17.179
33 73 26.322
34 85 27.579
34 64 14.293
35 54 4.703
35 50 25.908
35 57 21.295
37 44 19.317
38 97 19.048
38 77 6.825
39 55 19.068
40 44 15.659
41 51 16.542
42 88 16.433
42 58 23.591
44 49 26.431
44 56 18.652
44 84 18.519
45 95 18.695
45 84 13.514
46 58 22.579
46 67 20.58
47 78 23.869
47 80 22.502
47 92 21.915
47 59 21.703
48 79 15.845
48 74 17.73
48 88 23.063
49 70 21.638
50 83 18.039
51 92 16.605
52 81 14.666
53 62 13.617
53 63 15.147
53 84 21.163
55 91 14.278
56 93 16.83
56 96 28.852
57 94 21.204
57 99 18.3
58 61 21.381
58 86 14.284
60 65 24.997
63 67 17.961
64 72 25.57
64 77 11.075
65 95 19.334
66 69 21.332
66 73 19.217
66 97 27.822
68 85 19.602
70 71 24.408
74 90 21.763
75 99 24.32
76 95 23.04
77 98 18.971
79 89 16.448
82 92 15.469
91 97 22.275