100
0 9 64.397
0 15 53.253
0 25 12.044
0 26 0.184
0 27 7.417
1 19 65.621
1 22 59.612
1 4 65.554
1 28 10.971
1 29 4.209
1 30 23.101
2 14 67.771
2 23 51.128
2 31 3.41
2 32 0.691
2 33 19.347
3 23 61.864
3 34 11.826
3 35 14.107
3 36 9.118
4 7 57.908
4 37 10.387
4 38 3.087
4 39 5.734
5 21 53.911
5 20 56.6
5 14 53.741
5 40 1.127
5 41 6.571
5 42 13.023
6 16 55.828
6 43 7.954
6 44 3.701
6 45 16.098
7 20 67.994
7 46 17.412
7 47 5.936
7 48 0.183
8 15 59.382
8 18 51.305
8 14 56.028
8 49 16.246
8 50 7.585
8 51 26.229
9 11 57.6
9 52 0.172
9 53 10.555
9 54 5.611
10 22 66.074
10 55 3.484
10 56 23.654
10 57 19.164
11 58 15.229
11 59 21.359
11 60 9.577
12 18 63.436
12 61 13.15
12 62 0.677
12 63 17.14
13 23 53.087
13 24 64.101
13 64 7.647
13 65 7.414
13 66 8.249
14 67 10.738
14 68 5.555
14 69 14.034
15 70 7.412
15 71 8.69
15 72 16.734
16 24 61.341
16 73 10.282
16 74 8.774
16 75 19.561
17 21 50.212
17 76 17.538
17 77 11.878
17 78 13.056
18 79 0.333
18 80 13.899
18 81 5.665
19 82 15.11
19 83 16.933
19 84 14.675
20 85 17.115
20 86 3.25
20 87 10.265
21 88 8.143
21 89 18.15
21 90 1.277
22 91 8.118
22 92 16.335
22 93 9.747
23 94 9.551
23 95 15.07
23 96 1.969
24 97 2.5
24 98 12.305
24 99 11.992
25 42 16.92
26 28 18.665
27 93 17.943
27 95 15.939
28 65 28.957
28 86 25.497
28 50 16.807
29 59 19.644
29 87 24.746
29 36 19.754
30 72 19.65
30 83 17.303
31 87 26.023
32 56 16.766
32 33 24.446
32 52 15.335
33 69 16.387
33 35 21.334
34 36 17.383
34 38 26.373
34 76 25.472
35 41 21.105
36 73 19.345
36 47 16.314
37 60 23.288
37 44 14.435
38 79 22.028
38 98 27.341
39 92 23.811
39 94 13.338
39 85 17.51
40 55 26.933
41 89 20.527
42 92 32.65
43 93 14.369
44 95 20.008
44 70 30.404
45 85 21.295
45 56 21.987
46 88 16.203
46 61 19.059
47 67 17.689
48 78 18.49
48 84 23.107
49 86 15.83
50 74 19.842
51 81 19.945
51 90 22.759
52 75 16.788
53 85 35.013
54 82 26.629
55 66 13.792
55 82 20.064
57 64 16.186
57 71 12.027
57 73 28.668
58 88 28.188
60 82 31.175
61 75 18.247
62 79 18.267
63 97 15.904
63 70 23.859
63 99 21.678
67 90 33.911
68 97 14.728
70 75 14.905
74 91 20.27
76 82 22.042
77 98 18.977
80 90 11.963
81 91 31.47
82 84 21.029
83 98 14.354
89 96 20.425