100
0 26 8.85
0 61 12.744
0 62 10.863
0 63 10.527
0 64 10.741
0 65 15.688
0 66 11.977
0 67 13.056
0 68 15.121
0 69 11.124
0 70 9.913
0 71 12.284
0 72 9.098
0 73 11.537
0 74 13.324
0 75 12.58
0 76 12.184
0 77 9.534
0 78 12.896
0 79 14.235
0 80 10.389
0 81 13.366
0 82 10.052
0 83 11.096
0 84 14.143
0 85 12.484
0 86 8.73
0 87 13.116
0 88 10.284
0 89 10.913
0 90 13.18
0 91 12.747
0 92 9.132
0 93 11.771
0 94 10.185
0 95 13.89
0 96 11.708
0 97 11.198
0 98 13.507
0 99 9.901
1 30 9.283
1 3 7.334
1 47 5.566
2 50 7.585
2 43 9.833
2 61 10.192
3 25 5.576
3 26 8.828
3 23 7.353
3 62 11.484
4 8 8.04
4 38 6.0
4 63 9.924
5 7 5.969
5 64 15.556
6 38 7.666
6 48 9.307
6 65 11.871
7 12 6.767
7 66 9.88
8 33 8.12
9 27 6.859
9 46 8.133
9 49 7.423
9 67 12.345
10 20 7.136
10 25 6.708
10 68 8.108
11 31 9.595
11 60 9.285
11 69 10.02
12 16 5.808
13 32 7.615
13 70 14.724
14 44 6.989
14 71 9.629
15 41 3.664
15 43 9.771
16 37 4.972
16 52 6.898
16 29 0.547
16 72 12.041
17 48 6.861
17 60 5.977
17 73 8.847
18 32 5.303
18 58 5.455
18 23 4.431
18 74 18.641
19 56 10.445
19 57 11.022
20 34 7.932
20 75 11.253
21 32 5.077
21 76 13.644
22 51 5.9
22 32 6.398
22 77 12.162
24 31 4.652
26 53 5.656
26 55 4.672
26 78 13.183
27 79 13.514
28 32 3.225
28 80 16.881
29 59 9.609
29 81 12.502
30 35 4.871
30 82 12.947
31 43 8.441
31 40 3.361
31 83 10.973
32 44 6.537
33 84 13.561
35 85 11.774
36 45 5.159
36 59 10.159
36 40 5.813
36 86 14.991
37 87 12.912
38 88 15.023
39 57 6.932
40 89 15.072
41 57 6.013
42 59 3.234
42 90 10.988
43 91 10.583
44 92 13.137
45 93 12.88
46 94 14.207
47 56 9.117
48 54 8.32
48 95 12.346
49 56 7.806
49 96 8.038
51 97 11.296
53 98 11.414
54 99 10.867