100
0 34 35
0 43 74
1 35 45
1 44 8
2 36 26
2 45 30
3 37 55
3 40 1
3 46 55
4 30 26
4 38 74
4 41 70
4 47 88
5 31 40
5 39 79
5 42 3
5 48 2
6 32 13
6 43 32
6 49 11
7 33 85
7 44 42
8 34 88
8 45 81
9 35 32
9 46 93
10 44 33
10 53 63
11 45 7
11 54 29
12 46 38
12 55 87
13 47 87
13 50 92
13 56 81
14 40 87
14 48 29
14 51 54
14 57 85
15 41 15
15 49 73
15 52 55
15 58 5
16 42 20
16 53 27
16 59 80
17 43 24
17 54 2
18 44 84
18 55 57
19 45 91
19 56 65
20 54 19
20 63 26
21 55 68
21 64 78
22 56 8
22 65 45
23 57 19
23 60 26
23 66 58
24 50 40
24 58 60
24 61 25
24 67 60
25 51 5
25 59 53
25 62 93
25 68 16
26 52 96
26 63 28
26 69 22
27 53 25
27 64 35
28 54 73
28 65 42
29 55 70
29 66 56
30 64 43
30 73 35
31 65 25
31 74 96
32 66 38
32 75 1
33 67 82
33 70 85
33 76 3
34 60 68
34 68 43
34 71 25
34 77 5
35 61 55
35 69 55
35 72 22
35 78 94
36 62 92
36 73 20
36 79 19
37 63 71
37 74 93
38 64 43
38 75 49
39 65 13
39 76 28
40 74 40
40 83 34
41 75 42
41 84 84
42 76 68
42 85 28
43 77 9
43 80 58
43 86 12
44 70 48
44 78 80
44 81 92
44 87 64
45 71 98
45 79 78
45 82 91
45 88 89
46 72 31
46 83 44
46 89 35
47 73 60
47 84 2
48 74 87
48 85 16
49 75 62
49 86 83
50 84 29
50 93 70
51 85 68
51 94 33
52 86 86
52 95 27
53 87 64
53 90 17
53 96 15
54 80 9
54 88 30
54 91 41
54 97 55
55 81 36
55 89 50
55 92 23
55 98 40
56 82 83
56 93 67
56 99 71
57 83 22
57 94 93
58 84 19
58 95 44
59 85 20
59 96 22
60 94 73
61 95 95
62 96 67
63 97 7
64 90 75
64 98 38
65 91 45
65 99 91
66 92 65
67 93 94
68 94 80
69 95 48
