90
1 53 23.35
2 27 14.35
3 52 7.35
4 66 14.35
5 70 18.35
6 39 19.35
7 29 10.35
8 70 8.35
9 10 19.35
10 70 2.35
11 75 19.35
12 68 20.35
13 44 19.35
14 38 12.35
15 85 10.35
16 73 23.35
17 63 20.35
18 14 17.35
19 10 3.35
20 81 2.35
21 78 22.35
22 40 21.35
23 63 11.35
24 35 17.35
25 58 9.35
26 62 16.35
27 27 17.35
28 53 7.35
29 86 14.35
30 14 23.35
31 71 3.35
32 11 19.35
33 49 3.35
34 88 13.35
35 74 24.35
36 38 20.35
37 86 10.35
38 71 24.35
39 15 19.35
40 51 4.35
41 83 14.35
42 18 23.35
43 1 5.35
44 76 0.35
45 65 21.35
46 0 18.35
47 17 18.35
48 67 4.35
49 39 18.35
50 41 10.35
51 70 11.35
52 29 19.35
53 8 8.35
54 79 2.35
55 0 22.35
56 55 24.35
57 14 15.35
58 39 4.35
59 89 10.35
60 89 24.35
61 42 24.35
62 38 11.35
63 62 10.35
64 11 17.35
65 25 3.35
66 22 7.35
67 51 6.35
68 46 14.35
69 24 13.35
70 47 6.35
71 48 13.35
72 57 13.35
73 73 15.35
74 1 20.35
75 2 0.35
76 8 0.35
77 40 2.35
78 33 11.35
79 14 9.35
80 41 4.35
81 34 11.35
82 47 9.35
83 2 13.35
84 54 0.35
85 28 15.35
86 70 8.35
87 37 19.35
88 14 10.35
89 87 4.35
1 0 24.35
2 0 5.35
3 0 4.35
4 0 18.35
5 0 18.35
6 0 2.35
8 0 24.35
9 0 21.35
10 0 10.35
11 0 5.35
12 0 15.35
14 0 11.35
15 0 22.35
13 16 0.35
23 26 16.35
26 50 0.35
41 73 5.35
19 73 6.35
43 46 11.35
59 74 1.35
19 56 15.35
45 84 22.35
73 75 18.35
45 21 23.35
62 81 10.35
2 9 6.35
7 75 0.35
64 76 10.35
29 60 19.35
3 72 3.35
1 86 1.35
20 50 3.35
27 50 13.35
71 79 3.35
16 61 18.35
40 67 24.35
22 55 19.35
55 59 8.35
46 74 12.35
22 26 5.35
32 62 11.35
18 72 0.35
13 18 20.35
7 58 2.35
51 84 20.35
51 80 5.35
6 61 20.35
3 6 7.35
30 18 7.35
71 30 9.35
4 19 17.35
4 41 13.35
4 17 17.35
4 54 24.35
4 36 18.35
3 38 24.35
30 31 13.35
30 57 24.35
18 49 17.35
55 66 20.35
66 83 3.35
56 83 22.35
77 81 19.35
33 44 23.35
39 42 21.35
13 30 2.35
34 82 13.35
