100
0 1 84.74
0 3 49.54
0 4 65.16
0 6 2.84
0 8 76.22
0 9 44.54
0 10 22.88
0 13 2.55
0 14 93.91
0 15 21.67
0 16 2.91
0 17 43.79
0 18 23.31
0 19 21.88
0 20 28.98
0 21 83.75
0 22 64.23
0 23 99.24
0 25 33.27
0 26 71.11
0 28 83.0
0 29 30.34
0 30 88.24
0 32 58.9
0 33 24.28
0 35 17.31
0 36 70.3
0 37 37.47
0 38 50.84
0 40 39.33
0 41 2.97
0 42 70.33
0 44 39.36
0 45 50.22
0 48 86.02
0 49 51.38
0 51 45.91
0 52 54.8
0 54 78.36
0 57 80.91
0 58 56.13
0 59 5.62
0 61 19.99
0 62 48.49
0 63 34.61
0 64 62.35
0 65 45.82
0 66 22.97
0 67 58.44
0 72 84.17
0 73 8.33
0 74 1.47
0 76 10.96
0 77 34.45
0 78 15.97
0 79 16.82
0 80 71.15
0 81 32.2
0 82 2.37
0 83 42.09
0 84 10.88
0 86 20.91
0 87 81.7
0 88 1.8
0 89 71.88
0 90 70.46
0 91 54.47
0 92 97.55
0 94 22.33
0 95 39.49
0 96 32.13
0 97 5.89
0 98 96.78
1 2 85.84
1 3 93.92
1 4 41.62
1 5 0.86
1 7 81.94
1 9 17.16
1 12 50.89
1 13 34.7
1 14 67.41
1 15 19.42
1 16 66.59
1 17 49.98
1 18 87.15
1 20 20.09
1 21 98.7
1 23 21.31
1 24 83.76
1 26 88.23
1 27 48.45
1 29 72.54
1 30 16.98
1 32 75.91
1 33 84.11
1 34 34.03
1 35 86.73
1 36 95.42
1 38 55.12
1 39 3.92
1 40 86.61
1 43 61.52
1 45 57.08
1 46 8.18
1 47 89.07
1 48 92.5
1 49 27.72
1 52 67.04
1 53 11.52
1 55 23.97
1 57 11.56
1 58 24.15
1 59 10.29
1 61 97.02
1 63 25.35
1 64 10.02
1 65 3.97
1 66 98.25
1 67 59.66
1 68 31.33
1 69 91.33
1 72 21.53
1 73 97.99
1 74 68.82
1 75 25.91
1 76 30.74
1 77 8.15
1 78 98.33
1 79 65.2
1 80 94.06
1 81 30.68
1 82 31.68
1 85 33.44
1 86 57.9
1 87 24.51
1 88 24.38
1 89 55.12
1 90 7.52
1 91 29.09
1 93 86.26
1 94 50.14
1 96 94.91
1 97 77.62
2 3 10.7
2 4 91.93
2 5 89.37
2 6 91.04
2 7 31.61
2 12 68.96
2 13 43.27
2 14 71.48
2 15 25.26
2 16 96.33
2 18 54.14
2 20 39.57
2 21 25.8
2 22 64.64
2 23 57.06
2 24 35.5
2 25 12.52
2 26 82.89
2 27 40.11
2 28 23.36
2 29 52.87
2 30 64.88
2 31 68.65
2 32 23.84
2 33 47.88
2 34 41.23
2 35 90.69
2 37 64.64
2 38 7.16
2 39 87.73
2 40 76.6
2 42 69.25
2 44 70.12
2 45 59.46
2 49 17.63
2 50 21.77
2 51 75.77
2 52 68.16
2 53 34.8
2 54 16.49
2 55 4.08
2 58 26.76
2 61 77.57
2 63 70.04
2 64 92.42
2 66 80.27
2 67 16.48
2 68 12.64
2 71 60.07
2 72 11.82
2 73 24.83
2 74 0.41
2 75 43.88
2 76 62.75
2 77 83.53
2 78 28.48
2 79 27.33
2 80 25.09
2 81 79.1
2 84 49.08
2 87 38.33
2 88 10.82
2 90 74.72
2 91 96.49
2 94 50.04
2 95 31.13
2 96 35.68
2 97 0.09
2 98 44.96
2 99 39.94
3 5 49.23
3 6 37.76
3 7 0.4
3 8 59.81
3 11 98.69
3 12 83.45
3 13 74.46
3 15 17.04
3 16 53.09
3 17 0.36
3 18 42.59
3 19 86.12
3 20 73.38
3 22 49.27
3 23 64.03
3 24 62.96
3 25 62.92
3 26 93.7
3 31 34.95
3 32 70.8
3 34 15.21
3 36 46.71
3 37 51.03
3 38 42.26
3 39 65.68
3 40 50.72
3 42 40.19
3 43 60.5
3 44 20.78
3 46 7.5
3 48 36.82
3 49 73.67
3 50 65.3
3 51 81.49
3 52 60.96
3 53 56.1
3 54 78.97
3 56 22.24
3 58 84.37
3 59 89.93
3 60 31.66
3 61 76.15
3 63 62.59
3 64 97.3
3 65 91.31
3 66 60.62
3 67 52.66
3 68 13.82
3 69 36.11
3 71 71.81
3 72 30.55
3 73 39.7
3 74 10.01
3 75 5.54
3 76 88.88
3 77 3.48
3 78 81.48
3 80 34.25
3 82 69.26
3 83 39.97
3 84 37.79
3 85 23.18
3 87 57.99
3 88 71.49
3 89 59.36
3 92 79.74
3 94 38.32
3 95 91.88
3 96 88.0
3 98 91.36
3 99 14.52
4 5 5.72
4 6 13.01
4 7 83.99
4 9 6.09
4 11 27.36
4 12 9.11
4 13 63.75
4 14 68.67
4 16 38.97
4 17 96.95
4 18 24.31
4 19 93.51
4 20 34.96
4 21 56.02
4 22 6.09
4 23 41.27
4 24 88.0
4 25 66.24
4 26 74.32
4 27 75.22
4 28 97.63
4 29 91.86
4 32 9.13
4 34 37.03
4 36 53.15
4 37 12.83
4 38 70.76
4 40 52.45
4 41 80.03
4 42 3.43
4 43 73.26
4 44 13.01
4 48 42.48
4 49 55.72
4 50 33.87
4 53 10.48
4 54 44.86
4 56 83.47
4 57 53.56
4 60 15.71
4 61 52.11
4 62 34.54
4 63 4.37
4 65 31.37
4 66 35.26
4 67 74.85
4 68 52.61
4 69 91.43
4 70 32.76
4 71 97.93
4 72 91.28
4 79 52.37
4 80 99.24
4 82 74.66
4 83 94.22
4 84 40.26
4 85 97.97
4 86 16.79
4 87 68.72
4 88 90.67
4 89 41.11
4 90 5.02
4 91 54.57
4 92 10.7
4 93 63.21
4 94 7.86
4 95 85.06
4 96 17.34
4 98 36.81
5 6 28.38
5 8 86.54
5 10 67.56
5 11 94.46
5 13 81.4
5 15 20.14
5 16 77.03
5 17 48.71
5 18 88.26
5 20 4.02
5 22 18.98
5 23 69.13
5 24 12.01
5 25 88.71
5 26 97.07
5 27 57.2
5 28 52.56
5 29 81.85
5 31 62.99
5 32 30.2
5 33 58.63
5 34 97.65
5 35 63.66
5 37 56.59
5 38 40.22
5 41 89.87
5 44 46.44
5 46 74.93
5 47 33.66
5 48 11.66
5 49 41.52
5 50 17.21
5 51 85.78
5 52 28.72
5 54 51.38
5 55 69.13
5 56 77.69
5 57 71.54
5 58 97.14
5 59 9.15
5 60 96.64
5 61 2.62
5 62 47.98
5 64 72.35
5 66 61.19
5 68 53.45
5 69 94.6
5 71 55.28
5 72 67.16
5 73 26.54
5 74 47.97
5 78 8.73
5 79 66.87
5 80 50.78
5 82 85.38
5 83 38.64
5 85 52.07
5 86 88.79
5 88 49.25
5 90 21.47
5 92 48.6
5 93 98.89
5 94 92.57
5 96 54.05
5 97 75.98
5 99 27.46
6 7 41.17
6 8 19.54
6 9 59.85
6 11 60.9
6 12 41.38
6 13 69.54
6 14 21.45
6 15 47.06
6 16 60.57
6 17 87.98
6 18 53.48
6 19 32.6
6 20 64.5
6 23 49.37
6 24 12.8
6 25 25.65
6 26 53.88
6 27 56.31
6 28 22.63
6 29 56.76
6 31 0.43
6 32 30.53
6 33 8.46
6 34 68.07
6 36 60.11
6 37 2.32
6 38 13.95
6 39 76.99
6 40 4.11
6 41 72.49
6 42 31.71
6 43 4.99
6 44 13.91
6 45 93.36
6 46 24.21
6 47 27.37
6 48 32.19
6 50 80.35
6 51 84.33
6 52 87.03
6 53 67.9
6 54 52.77
6 55 53.58
6 56 89.82
6 57 54.91
6 58 50.85
6 59 21.51
6 60 54.59
6 61 27.1
6 62 47.32
6 63 10.38
6 64 65.44
6 65 54.47
6 67 68.46
6 68 30.82
6 69 15.58
6 71 87.9
6 72 84.15
6 74 88.85
6 75 84.9
6 76 43.97
6 77 60.1
6 78 66.68
6 80 0.83
6 83 37.95
6 84 88.27
6 85 77.92
6 86 42.23
6 88 60.58
6 89 47.08
6 90 70.41
6 91 4.22
6 92 13.96
6 93 35.63
6 94 98.35
6 96 80.2
6 98 80.82
6 99 56.23
7 8 15.87
7 11 87.97
7 12 65.75
7 15 43.49
7 16 29.4
7 18 69.92
7 19 51.9
7 20 67.3
7 22 64.27
7 23 34.1
7 24 97.51
7 25 89.72
7 26 83.38
7 27 71.65
7 28 33.56
7 30 78.45
7 31 47.12
7 32 77.31
7 33 19.38
7 34 54.2
7 35 92.67
7 37 37.61
7 38 2.63
7 39 18.3
7 41 79.78
7 42 15.56
7 46 39.66
7 47 73.6
7 49 39.08
7 50 80.38
7 53 34.25
7 54 77.5
7 57 58.53
7 58 42.74
7 61 70.03
7 62 65.35
7 63 24.8
7 65 64.39
7 66 56.0
7 67 47.89
7 69 1.23
7 71 27.81
7 72 59.49
7 74 31.84
7 75 44.87
7 76 41.76
7 77 39.55
7 78 20.08
7 80 15.16
7 81 84.48
7 83 73.1
7 84 14.28
7 85 34.94
7 86 46.78
7 87 13.03
7 88 19.66
7 90 19.85
7 91 87.18
7 92 55.39
7 93 19.59
7 94 7.72
7 96 74.63
7 97 68.24
7 98 12.92
7 99 7.43
8 9 38.17
8 10 66.17
8 12 83.85
8 13 70.93
8 14 53.54
8 15 82.73
8 16 46.35
8 17 81.01
8 18 61.52
8 20 5.83
8 22 81.22
8 24 10.34
8 26 24.6
8 27 50.77
8 28 90.59
8 29 81.92
8 30 92.31
8 31 71.62
8 32 0.37
8 33 20.16
8 35 48.2
8 36 26.77
8 37 67.15
8 39 85.52
8 42 27.2
8 43 83.1
8 44 55.95
8 45 4.49
8 46 82.28
8 47 92.43
8 49 67.81
8 50 42.27
8 51 95.68
8 52 19.01
8 53 52.18
8 54 35.98
8 58 90.58
8 59 83.4
8 60 14.78
8 62 4.31
8 63 99.05
8 65 99.3
8 68 39.44
8 70 93.46
8 71 90.98
8 72 42.68
8 73 31.73
8 74 58.93
8 76 86.49
8 79 99.87
8 81 11.36
8 82 1.45
8 84 36.84
8 85 63.74
8 86 48.49
8 87 84.71
8 88 50.01
8 90 16.08
8 91 21.4
8 93 10.8
8 94 50.86
8 98 3.77
8 99 63.07
9 11 96.91
9 12 57.38
9 13 7.5
9 14 93.61
9 15 8.34
9 16 72.61
9 17 21.06
9 18 48.04
9 19 30.14
9 23 31.55
9 26 44.22
9 27 74.74
9 28 31.55
9 29 88.68
9 30 58.83
9 31 87.28
9 32 97.3
9 33 11.48
9 34 58.67
9 35 26.66
9 36 5.54
9 38 96.39
9 39 21.98
9 41 98.16
9 42 25.34
9 43 0.93
9 45 81.7
9 46 52.82
9 47 28.88
9 48 37.14
9 49 65.34
9 50 18.16
9 51 29.7
9 53 47.4
9 54 2.08
9 55 62.56
9 56 95.21
9 57 70.76
9 58 7.41
9 59 70.16
9 63 55.04
9 64 47.76
9 65 57.57
9 67 47.12
9 69 52.44
9 70 80.56
9 71 25.92
9 72 60.46
9 73 45.76
9 75 44.42
9 76 92.54
9 77 62.58
9 78 43.74
9 79 35.63
9 81 75.14
9 82 30.65
9 83 33.82
9 84 78.69
9 86 8.18
9 87 98.9
9 88 12.84
9 89 95.94
9 90 23.26
9 92 18.3
9 94 57.4
9 95 29.38
9 96 52.64
9 97 86.62
9 98 19.9
10 11 61.75
10 12 24.35
10 13 21.02
10 14 98.94
10 15 87.91
10 16 70.44
10 17 49.79
10 18 3.13
10 19 55.39
10 21 31.76
10 22 58.36
10 23 54.8
10 24 1.14
10 25 8.65
10 26 50.11
10 28 74.93
10 30 37.28
10 31 10.26
10 32 51.13
10 33 92.25
10 35 0.33
10 36 73.17
10 38 0.91
10 39 33.27
10 40 0.89
10 41 20.02
10 42 55.07
10 43 23.36
10 44 88.69
10 45 55.53
10 46 33.14
10 47 1.61
10 48 64.01
10 50 17.66
10 52 79.48
10 54 83.29
10 55 4.32
10 56 34.44
10 57 44.25
10 59 11.93
10 60 74.61
10 61 95.25
10 63 28.62
10 64 42.29
10 65 3.24
10 66 19.49
10 67 45.43
10 69 61.55
10 71 42.61
10 72 83.01
10 75 11.39
10 76 79.75
10 78 92.07
10 81 45.64
10 82 39.61
10 83 1.72
10 84 16.81
10 85 87.15
10 86 14.96
10 87 62.73
10 88 7.98
10 89 23.55
10 90 17.16
10 92 42.84
10 93 88.63
10 96 6.93
10 97 53.46
10 99 19.17
11 12 96.24
11 13 87.02
11 16 66.58
11 17 12.05
11 19 27.09
11 20 96.48
11 21 24.7
11 23 40.3
11 24 4.95
11 26 0.69
11 27 13.55
11 28 89.02
11 29 22.81
11 30 51.07
11 32 90.35
11 33 43.21
11 35 47.5
11 36 35.57
11 37 7.42
11 38 76.29
11 39 20.83
11 40 36.29
11 41 36.04
11 42 67.79
11 44 64.38
11 45 34.25
11 46 83.79
11 47 98.52
11 48 31.61
11 49 3.63
11 50 36.68
11 51 13.56
11 52 31.89
11 53 56.72
11 55 89.03
11 56 48.09
11 57 7.16
11 58 65.84
11 60 18.03
11 61 31.31
11 63 30.63
11 64 95.07
11 65 63.37
11 66 43.15
11 68 35.65
11 69 56.55
11 70 60.85
11 71 32.27
11 72 39.7
11 73 56.7
11 75 44.93
11 78 73.04
11 79 74.11
11 80 50.71
11 81 69.96
11 84 49.72
11 85 55.27
11 86 74.21
11 87 58.86
11 88 72.59
11 90 68.76
11 91 30.36
11 92 75.79
11 93 16.14
11 94 83.29
11 96 96.98
11 97 49.04
11 98 23.4
12 13 65.44
12 14 98.75
12 16 26.21
12 18 18.05
12 20 30.82
12 21 42.74
12 22 55.21
12 23 61.56
12 25 78.74
12 26 15.47
12 27 98.12
12 28 38.0
12 29 73.46
12 30 43.96
12 32 83.52
12 33 72.2
12 34 38.76
12 35 18.21
12 36 85.28
12 37 19.4
12 39 38.98
12 42 59.79
12 43 77.57
12 44 79.85
12 45 92.79
12 46 84.97
12 47 88.88
12 48 5.39
12 49 93.04
12 50 50.75
12 51 54.1
12 52 88.78
12 53 47.78
12 54 14.6
12 56 22.5
12 58 45.4
12 60 10.3
12 61 15.18
12 62 32.17
12 63 1.43
12 64 44.54
12 65 30.31
12 66 31.32
12 68 48.94
12 69 45.87
12 70 53.61
12 71 82.4
12 73 63.55
12 74 31.98
12 75 46.26
12 76 39.42
12 77 21.82
12 78 20.02
12 79 24.54
12 83 94.25
12 84 36.16
12 85 66.06
12 86 78.66
12 88 22.47
12 89 69.86
12 90 17.57
12 91 90.18
12 93 78.01
12 95 6.6
12 96 38.47
12 97 29.37
12 98 80.82
12 99 40.79
13 14 53.36
13 15 98.71
13 17 43.7
13 18 63.77
13 19 97.32
13 21 15.85
13 23 96.81
13 24 58.49
13 25 13.39
13 26 79.37
13 27 31.73
13 28 35.87
13 29 23.51
13 30 48.87
13 32 53.29
13 33 14.28
13 34 13.79
13 36 6.49
13 37 52.9
13 39 20.62
13 41 69.72
13 42 81.96
13 43 79.72
13 46 40.03
13 47 71.86
13 49 65.19
13 50 14.28
13 51 34.89
13 53 36.81
13 54 20.6
13 55 23.81
13 56 66.94
13 57 61.66
13 58 5.43
13 61 43.02
13 63 85.97
13 64 66.06
13 67 4.74
13 68 68.87
13 69 58.47
13 70 84.11
13 71 63.95
13 72 14.88
13 73 13.0
13 74 47.24
13 75 6.72
13 78 46.98
13 79 9.69
13 80 67.4
13 82 54.49
13 83 91.17
13 84 47.76
13 85 43.79
13 86 59.18
13 88 9.63
13 89 90.63
13 90 65.42
13 91 51.24
13 93 30.74
13 94 57.35
13 95 39.21
13 96 59.52
13 97 62.04
13 98 26.87
14 15 97.1
14 16 53.4
14 17 17.39
14 18 45.56
14 19 18.27
14 20 65.87
14 22 41.38
14 23 59.69
14 24 63.03
14 25 6.33
14 26 97.26
14 29 83.88
14 31 30.3
14 32 99.77
14 35 72.96
14 37 12.52
14 39 76.96
14 40 6.49
14 41 1.21
14 42 96.14
14 43 56.57
14 44 68.52
14 45 63.74
14 46 92.78
14 47 61.1
14 48 58.9
14 49 18.8
14 50 11.64
14 51 55.51
14 52 78.46
14 53 15.03
14 55 35.29
14 56 56.27
14 57 13.48
14 58 24.82
14 60 93.3
14 61 61.09
14 62 47.46
14 63 80.9
14 64 76.77
14 65 63.67
14 67 84.9
14 68 35.5
14 72 94.23
14 73 86.76
14 74 21.77
14 75 69.09
14 77 10.73
14 78 89.85
14 80 31.22
14 82 99.6
14 85 38.06
14 86 76.81
14 87 86.49
14 88 85.71
14 89 88.6
14 90 43.62
14 91 9.84
14 92 57.49
14 93 35.85
14 94 59.47
14 96 55.36
14 97 75.48
14 98 94.53
14 99 12.73
15 16 61.62
15 17 20.16
15 18 59.54
15 19 82.98
15 20 78.26
15 21 71.42
15 25 66.1
15 28 75.02
15 29 80.3
15 30 97.08
15 31 58.27
15 32 76.61
15 34 84.13
15 35 2.82
15 37 8.41
15 38 90.1
15 39 61.08
15 40 4.25
15 41 4.54
15 42 30.79
15 43 62.07
15 46 62.76
15 48 60.3
15 50 70.15
15 51 99.24
15 53 30.18
15 54 48.12
15 57 24.17
15 58 25.97
15 59 16.51
15 60 91.42
15 62 31.62
15 64 3.88
15 65 79.0
15 66 31.08
15 67 63.72
15 68 79.4
15 69 8.35
15 70 23.1
15 71 71.47
15 72 0.99
15 74 54.03
15 75 24.34
15 76 60.64
15 78 34.95
15 79 2.92
15 80 78.09
15 82 7.7
15 83 30.43
15 84 86.97
15 85 19.47
15 87 68.6
15 88 2.59
15 90 22.75
15 91 83.75
15 93 13.85
15 94 13.72
15 96 53.92
15 97 0.8
15 98 25.9
15 99 87.37
16 17 53.33
16 18 18.0
16 19 39.4
16 21 2.57
16 22 31.72
16 23 39.69
16 25 59.34
16 28 68.91
16 29 41.08
16 30 27.16
16 31 19.44
16 32 95.72
16 34 56.96
16 35 52.09
16 36 16.25
16 37 48.04
16 38 84.1
16 40 80.08
16 42 58.71
16 43 17.53
16 45 81.23
16 48 87.28
16 49 33.79
16 50 51.22
16 51 81.69
16 52 84.66
16 53 94.17
16 54 99.31
16 55 37.73
16 56 10.63
16 57 59.98
16 59 41.95
16 60 6.09
16 63 76.41
16 65 51.19
16 67 27.67
16 68 76.73
16 70 16.72
16 71 71.59
16 72 48.93
16 73 96.03
16 74 28.68
16 75 8.45
16 76 66.27
16 77 74.0
16 78 37.2
16 79 77.73
16 80 80.83
16 81 66.39
16 83 56.25
16 85 1.88
16 86 31.1
16 87 61.79
16 88 1.71
16 90 96.73
16 91 84.47
16 92 2.3
16 93 39.37
16 95 39.5
16 96 0.48
16 97 62.01
16 98 83.75
16 99 93.73
17 18 97.12
17 19 83.83
17 20 71.49
17 21 51.14
17 22 33.7
17 24 83.21
17 25 16.21
17 26 83.52
17 27 50.78
17 28 17.2
17 30 28.56
17 31 70.76
17 33 28.64
17 34 54.47
17 36 22.56
17 37 65.74
17 38 87.66
17 39 99.62
17 41 1.58
17 43 15.21
17 44 17.26
17 45 54.92
17 46 78.53
17 47 5.14
17 48 74.17
17 49 59.55
17 50 89.86
17 53 8.27
17 55 34.95
17 56 70.91
17 57 43.58
17 58 15.09
17 59 96.21
17 61 59.3
17 63 97.06
17 64 71.93
17 66 20.44
17 68 61.65
17 70 77.3
17 71 84.95
17 72 40.0
17 73 70.39
17 74 7.53
17 75 15.57
17 77 58.92
17 78 85.92
17 81 61.09
17 84 46.99
17 85 0.83
17 86 27.86
17 87 40.23
17 88 27.14
17 91 38.43
17 92 39.53
17 93 72.66
17 94 68.58
17 95 70.67
17 96 29.05
18 19 43.91
18 20 76.2
18 21 88.33
18 23 75.9
18 24 81.29
18 25 68.64
18 26 42.36
18 27 85.76
18 29 91.48
18 31 76.22
18 32 40.45
18 33 92.83
18 35 61.26
18 37 57.03
18 38 58.28
18 40 67.93
18 42 94.02
18 43 14.65
18 44 39.31
18 48 50.33
18 49 60.52
18 51 39.18
18 52 80.37
18 53 15.97
18 54 26.89
18 55 25.55
18 56 11.97
18 57 79.59
18 58 94.66
18 59 78.24
18 60 8.0
18 62 3.75
18 63 4.39
18 64 81.51
18 65 84.26
18 68 82.13
18 69 57.41
18 72 82.87
18 73 51.25
18 75 32.6
18 79 1.53
18 80 9.95
18 81 87.11
18 82 28.12
18 83 93.25
18 86 11.73
18 88 64.11
18 90 88.54
18 92 70.94
18 93 43.09
18 94 27.48
18 95 75.94
18 96 92.22
18 97 22.3
18 98 23.01
19 20 12.73
19 21 42.75
19 22 11.2
19 23 29.54
19 24 19.91
19 25 83.61
19 26 34.7
19 30 76.46
19 31 79.95
19 32 21.93
19 33 14.23
19 34 82.31
19 35 79.74
19 36 27.26
19 38 74.69
19 39 14.94
19 40 92.32
19 42 1.6
19 43 93.77
19 45 25.96
19 47 68.8
19 48 37.03
19 50 96.21
19 52 32.98
19 54 58.85
19 55 94.52
19 57 35.33
19 58 80.43
19 60 47.2
19 61 28.29
19 62 59.47
19 64 75.41
19 66 84.8
19 67 62.12
19 68 15.28
19 69 84.22
19 70 93.35
19 71 41.02
19 75 21.5
19 76 55.75
19 77 29.88
19 79 64.82
19 80 13.34
19 81 32.12
19 82 31.06
19 84 49.72
19 85 28.98
19 87 14.91
19 88 67.33
19 91 16.86
19 93 58.28
19 95 52.29
19 96 41.55
19 97 61.76
19 98 12.93
19 99 24.15
20 21 43.46
20 22 52.03
20 23 1.91
20 24 16.85
20 26 80.41
20 27 20.95
20 29 16.5
20 30 39.04
20 32 66.0
20 33 43.62
20 36 58.79
20 37 20.32
20 38 8.9
20 40 65.43
20 42 94.76
20 44 7.23
20 45 67.85
20 46 77.79
20 47 26.01
20 48 61.9
20 50 30.55
20 51 5.4
20 52 25.45
20 53 4.22
20 54 1.0
20 55 0.28
20 56 9.69
20 57 69.68
20 58 78.04
20 59 64.08
20 60 72.21
20 61 40.62
20 62 0.43
20 63 61.69
20 66 91.73
20 67 41.44
20 68 9.17
20 69 54.44
20 71 19.19
20 72 82.07
20 73 29.25
20 74 97.21
20 75 63.24
20 76 72.48
20 77 21.9
20 79 2.21
20 80 16.88
20 81 16.29
20 82 60.85
20 83 25.76
20 84 37.55
20 87 93.9
20 88 85.11
20 89 85.78
20 90 28.66
20 91 85.69
20 92 15.27
20 93 14.16
20 94 26.03
20 96 86.34
20 97 33.71
20 98 68.79
20 99 78.43
21 24 36.67
21 25 48.6
21 26 43.26
21 27 88.88
21 28 72.68
21 29 91.39
21 30 70.53
21 31 87.36
21 32 60.8
21 33 22.92
21 34 38.37
21 35 22.02
21 36 34.69
21 37 80.97
21 39 94.26
21 40 18.43
21 41 67.98
21 43 97.24
21 44 0.5
21 45 83.21
21 46 31.18
21 47 12.75
21 48 58.94
21 49 81.03
21 50 19.34
21 52 21.66
21 53 84.82
21 54 6.45
21 55 20.4
21 56 24.46
21 57 61.38
21 59 96.61
21 62 37.22
21 63 52.83
21 64 56.69
21 65 55.68
21 66 56.0
21 68 11.76
21 70 36.78
21 71 56.22
21 72 66.96
21 74 91.74
21 77 66.32
21 78 37.32
21 79 20.1
21 80 28.22
21 81 60.9
21 82 83.22
21 83 22.7
21 84 21.43
21 86 6.18
21 87 69.86
21 88 29.94
21 89 1.26
21 91 24.4
21 92 50.54
21 93 94.7
21 95 49.6
21 96 54.92
21 97 92.75
21 98 43.59
22 23 0.82
22 24 96.5
22 25 19.98
22 27 84.7
22 28 84.11
22 29 14.64
22 30 50.4
22 31 51.24
22 32 94.7
22 34 3.77
22 35 96.3
22 37 19.72
22 39 69.6
22 43 80.77
22 44 90.4
22 45 12.33
22 49 8.91
22 50 17.86
22 51 40.98
22 52 54.4
22 54 14.03
22 57 97.77
22 58 40.03
22 60 39.43
22 61 21.16
22 62 83.4
22 63 9.5
22 66 17.34
22 67 93.75
22 68 33.0
22 69 96.69
22 70 1.87
22 71 46.24
22 73 79.76
22 74 89.01
22 76 25.0
22 78 98.78
22 79 27.0
22 81 38.58
22 82 41.92
22 83 51.79
22 84 26.4
22 85 15.16
22 87 92.36
22 88 92.64
22 90 95.44
22 93 87.1
22 94 13.28
22 95 69.47
22 97 13.69
23 24 3.35
23 25 27.31
23 26 14.54
23 28 45.62
23 29 71.4
23 30 13.37
23 31 36.0
23 32 29.24
23 33 97.43
23 34 23.0
23 36 78.39
23 37 98.98
23 38 78.62
23 39 71.17
23 41 95.47
23 42 85.21
23 43 18.34
23 44 9.07
23 46 34.69
23 47 80.3
23 48 20.47
23 50 79.26
23 51 43.14
23 52 89.27
23 53 10.17
23 55 92.57
23 56 99.92
23 57 6.35
23 58 25.17
23 59 36.84
23 60 51.66
23 61 7.08
23 63 73.72
23 64 11.95
23 65 22.53
23 66 66.81
23 67 19.16
23 68 61.6
23 69 58.0
23 70 66.06
23 71 58.94
23 73 55.82
23 74 24.79
23 75 5.47
23 76 96.81
23 77 74.41
23 79 12.99
23 81 42.8
23 82 72.32
23 84 18.52
23 85 18.96
23 86 23.89
23 87 64.96
23 88 16.53
23 89 21.97
23 90 96.36
23 91 85.93
23 92 2.48
23 93 22.97
23 94 73.09
23 95 87.84
23 96 59.38
23 97 6.22
23 98 3.79
23 99 31.14
24 25 95.54
24 27 38.5
24 28 12.0
24 30 71.44
24 31 20.86
24 32 24.57
24 36 29.61
24 38 55.83
24 39 21.05
24 40 8.36
24 41 96.83
24 42 62.19
24 43 29.53
24 46 92.34
24 47 84.37
24 48 22.14
24 50 26.84
24 51 93.8
24 52 10.95
24 53 67.0
24 54 68.91
24 55 42.11
24 59 38.65
24 60 14.18
24 61 51.17
24 62 58.21
24 63 50.27
24 65 92.45
24 66 13.48
24 67 43.37
24 68 57.87
24 69 36.33
24 70 99.12
24 71 46.11
24 75 28.46
24 77 94.23
24 78 68.19
24 80 82.03
24 82 91.11
24 83 15.71
24 84 82.41
24 85 3.03
24 86 22.54
24 87 16.53
24 88 37.95
24 90 60.38
24 91 28.39
24 92 74.2
24 93 67.05
24 94 55.42
24 95 68.19
24 96 77.25
24 97 81.45
24 98 5.76
24 99 30.73
25 27 45.12
25 28 55.88
25 29 96.03
25 30 91.94
25 32 81.68
25 34 97.07
25 35 33.9
25 37 2.74
25 39 63.78
25 40 42.04
25 43 61.81
25 45 12.46
25 46 1.66
25 47 49.93
25 48 58.54
25 50 54.23
25 51 0.85
25 52 25.06
25 53 10.07
25 54 51.63
25 56 88.91
25 57 91.82
25 61 36.18
25 62 33.13
25 63 87.02
25 64 31.77
25 66 8.17
25 67 29.33
25 68 6.59
25 69 81.39
25 70 36.41
25 72 47.5
25 73 67.88
25 75 30.85
25 76 15.01
25 78 24.39
25 79 13.81
25 81 38.96
25 82 74.73
25 83 64.63
25 84 43.62
25 85 12.55
25 86 37.8
25 88 78.26
25 89 15.52
25 90 62.76
25 91 34.75
25 92 15.62
25 93 67.98
25 95 33.08
25 97 72.51
25 98 82.33
25 99 67.06
26 27 0.03
26 28 7.51
26 29 86.12
26 30 6.16
26 32 68.19
26 33 35.54
26 36 35.44
26 37 83.16
26 38 10.16
26 39 66.11
26 40 76.67
26 41 21.12
26 42 66.97
26 43 98.07
26 44 32.71
26 46 65.86
26 48 4.4
26 49 99.12
26 50 2.39
26 51 10.68
26 52 65.42
26 54 49.91
26 56 89.86
26 57 23.6
26 59 59.19
26 60 10.75
26 62 36.56
26 63 27.02
26 64 30.04
26 65 80.68
26 66 92.22
26 67 82.69
26 70 10.05
26 72 64.0
26 73 96.4
26 74 96.55
26 75 29.39
26 76 36.91
26 77 98.02
26 78 93.67
26 79 78.61
26 80 13.79
26 81 74.76
26 82 49.13
26 83 83.01
26 85 4.27
26 86 73.69
26 87 81.82
26 89 61.63
26 90 37.11
26 91 91.03
26 92 82.65
26 93 73.93
26 97 83.43
26 99 19.85
27 30 30.31
27 32 37.44
27 35 83.15
27 36 30.5
27 38 88.09
27 39 93.86
27 40 75.04
27 42 83.91
27 45 6.18
27 46 19.73
27 47 37.86
27 48 98.96
27 49 95.72
27 50 80.1
27 52 70.27
27 53 32.91
27 56 85.45
27 57 95.73
27 58 84.28
27 59 27.65
27 60 83.42
27 61 45.57
27 64 51.15
27 65 19.19
27 66 11.19
27 67 42.17
27 68 72.52
27 69 23.98
27 71 18.4
27 73 30.53
27 74 41.15
27 75 91.61
27 76 89.91
27 78 10.61
27 80 46.34
27 81 42.73
27 83 26.25
27 84 25.94
27 86 54.38
27 87 74.12
27 88 74.37
27 89 96.27
27 90 52.35
27 92 42.58
27 96 32.78
27 97 97.36
27 98 13.52
27 99 88.33
28 30 86.02
28 31 51.54
28 33 70.23
28 34 4.56
28 35 74.09
28 37 72.33
28 38 31.01
28 39 43.83
28 40 88.54
28 41 15.16
28 42 47.78
28 43 69.39
28 44 57.76
28 45 29.42
28 47 13.15
28 48 64.83
28 49 84.49
28 51 78.0
28 52 56.26
28 54 42.0
28 55 26.98
28 56 85.56
28 57 8.11
28 58 71.94
28 59 4.57
28 60 53.02
28 61 20.6
28 62 11.09
28 64 46.9
28 65 44.91
28 67 49.4
28 68 6.09
28 69 33.45
28 70 48.81
28 71 8.06
28 72 57.55
28 73 29.17
28 74 43.19
28 78 12.05
28 79 82.16
28 80 72.52
28 81 81.48
28 82 25.81
28 84 89.97
28 85 27.97
28 86 5.77
28 87 44.44
28 88 0.7
28 91 13.65
28 92 48.52
28 93 28.15
28 94 76.94
28 95 20.75
28 97 79.31
28 98 46.35
28 99 42.72
29 30 94.22
29 31 5.56
29 32 38.36
29 33 49.99
29 34 90.6
29 35 26.84
29 37 46.55
29 38 59.69
29 39 83.84
29 40 57.13
29 43 14.46
29 45 42.37
29 46 21.83
29 47 55.98
29 48 93.5
29 49 64.54
29 50 58.3
29 51 41.68
29 52 41.39
29 55 74.41
29 56 44.06
29 57 60.82
29 58 47.81
29 60 62.69
29 61 97.76
29 62 78.04
29 63 65.89
29 64 32.7
29 65 42.19
29 66 1.74
29 67 40.18
29 69 2.76
29 70 87.48
29 71 39.05
29 72 28.85
29 73 56.61
29 74 14.14
29 75 23.7
29 77 3.08
29 79 96.99
29 81 42.81
29 82 42.01
29 83 37.9
29 85 94.22
29 88 51.32
29 92 12.93
29 93 56.77
29 95 89.74
29 97 74.46
29 99 34.99
30 31 42.19
30 32 43.92
30 33 2.83
30 34 48.8
30 35 23.11
30 36 7.72
30 37 47.51
30 38 45.97
30 39 7.57
30 40 75.66
30 43 4.36
30 44 54.38
30 46 82.22
30 47 47.01
30 48 18.16
30 49 94.56
30 50 79.7
30 53 76.78
30 54 93.45
30 55 89.77
30 57 35.68
30 58 83.26
30 59 16.45
30 60 94.28
30 63 25.06
30 64 14.35
30 65 62.68
30 66 92.92
30 67 85.75
30 68 52.35
30 70 7.81
30 71 20.31
30 72 3.13
30 73 44.0
30 74 44.67
30 75 70.73
30 76 97.08
30 79 24.33
30 80 49.16
30 81 93.96
30 82 93.6
30 83 63.99
30 84 1.83
30 85 37.08
30 86 32.73
30 87 2.96
30 88 72.51
30 89 72.19
30 91 58.72
30 92 35.13
30 93 78.6
30 94 19.39
30 95 44.82
30 96 86.62
30 97 9.52
30 98 31.23
30 99 12.21
31 33 24.94
31 34 88.35
31 35 80.93
31 36 16.75
31 37 46.39
31 38 19.7
31 39 7.28
31 40 24.4
31 41 60.18
31 43 47.9
31 44 10.87
31 45 45.43
31 46 39.47
31 47 33.35
31 48 26.85
31 50 59.79
31 52 32.2
31 53 13.27
31 55 32.46
31 56 70.93
31 57 49.89
31 61 15.61
31 62 31.78
31 63 19.65
31 64 41.56
31 65 13.31
31 67 38.86
31 68 39.39
31 69 51.62
31 70 73.21
31 71 96.54
31 72 75.43
31 73 47.3
31 75 55.74
31 77 52.4
31 78 92.15
31 79 97.43
31 80 39.32
31 81 25.96
31 82 70.63
31 83 5.38
31 84 93.92
31 85 90.27
31 87 65.94
31 90 75.39
31 92 40.99
31 94 40.11
31 96 18.8
31 97 33.9
32 34 92.92
32 35 53.7
32 36 34.93
32 37 91.61
32 38 77.43
32 39 90.74
32 40 35.69
32 42 51.54
32 44 26.29
32 45 66.48
32 46 94.38
32 49 42.38
32 50 35.12
32 51 33.14
32 52 1.17
32 56 27.27
32 57 56.49
32 59 83.47
32 60 67.09
32 61 35.34
32 62 84.45
32 64 50.91
32 65 5.34
32 66 74.25
32 68 55.72
32 70 27.9
32 71 68.02
32 73 60.49
32 77 70.02
32 78 51.47
32 79 99.23
32 81 3.13
32 82 86.01
32 83 88.43
32 84 8.57
32 85 79.35
32 86 49.42
32 87 43.61
32 88 60.73
32 89 11.9
32 92 91.96
32 93 3.36
32 95 15.16
32 96 75.18
32 97 13.26
32 98 55.51
33 34 45.04
33 35 99.17
33 37 99.13
33 39 78.32
33 40 62.84
33 42 81.67
33 43 37.8
33 45 58.77
33 47 85.97
33 48 55.32
33 49 76.78
33 50 48.52
33 51 54.76
33 52 54.2
33 53 62.54
33 54 14.41
33 55 44.15
33 58 78.44
33 59 90.36
33 62 8.4
33 63 22.29
33 64 34.75
33 65 76.52
33 66 2.93
33 67 64.61
33 68 92.8
33 69 54.9
33 70 6.16
33 71 58.64
33 72 33.38
33 74 76.92
33 75 58.12
33 77 0.21
33 78 36.59
33 80 65.89
33 82 89.18
33 83 41.54
33 84 17.11
33 87 5.75
33 88 39.31
33 89 93.67
33 91 89.26
33 94 64.51
33 96 99.74
33 97 34.98
33 98 70.46
33 99 22.88
34 35 99.46
34 37 81.24
34 38 43.03
34 40 28.0
34 42 78.29
34 43 41.09
34 44 51.35
34 45 31.56
34 46 53.97
34 47 54.4
34 50 60.09
34 51 20.27
34 52 54.52
34 53 52.55
34 54 71.59
34 56 75.23
34 57 10.53
34 58 67.79
34 59 79.55
34 60 85.55
34 62 79.54
34 63 19.04
34 65 68.22
34 66 49.24
34 67 3.37
34 68 40.15
34 69 20.44
34 70 23.24
34 71 33.68
34 74 67.69
34 75 58.2
34 76 67.38
34 77 31.33
34 78 39.44
34 79 3.83
34 82 65.94
34 83 35.16
34 84 50.07
34 85 39.91
34 87 86.6
34 88 20.69
34 89 40.0
34 90 9.03
34 91 96.69
34 92 81.22
34 93 11.18
34 96 80.07
34 99 48.29
35 36 75.41
35 40 75.52
35 41 84.96
35 42 6.14
35 43 28.04
35 44 49.74
35 45 52.77
35 47 1.02
35 48 69.4
35 49 2.41
35 50 89.71
35 51 17.08
35 52 50.86
35 54 86.57
35 55 21.15
35 56 5.22
35 57 32.78
35 58 38.31
35 59 39.54
35 60 15.41
35 62 69.32
35 63 34.49
35 65 92.15
35 66 54.37
35 67 80.05
35 68 24.0
35 70 46.38
35 71 97.68
35 73 48.79
35 74 42.51
35 75 56.06
35 76 87.37
35 77 80.31
35 78 24.35
35 79 34.01
35 80 7.88
35 84 5.3
35 85 85.39
35 86 64.34
35 87 3.49
35 89 45.87
35 90 42.93
35 91 10.38
35 92 23.02
35 93 42.95
35 94 90.6
35 97 63.1
35 98 31.3
35 99 58.7
36 38 19.67
36 39 72.35
36 41 0.35
36 43 42.65
36 44 14.01
36 45 50.47
36 46 34.34
36 49 84.03
36 50 22.95
36 51 62.18
36 52 10.96
36 55 97.3
36 57 43.52
36 58 74.12
36 59 69.92
36 60 59.97
36 61 4.46
36 62 30.16
36 65 92.15
36 66 34.87
36 67 36.55
36 68 42.72
36 69 97.31
36 70 25.31
36 73 25.97
36 74 77.34
36 75 92.32
36 76 86.67
36 78 53.04
36 80 57.17
36 81 28.6
36 82 22.59
36 83 14.54
36 84 63.11
36 86 70.93
36 87 77.79
36 88 96.48
36 91 7.66
36 94 83.88
36 95 42.59
36 96 90.49
36 97 37.43
36 99 85.46
37 38 9.41
37 39 63.21
37 40 99.55
37 41 43.3
37 42 37.6
37 43 29.33
37 44 95.99
37 45 84.21
37 46 42.84
37 48 33.06
37 49 91.36
37 50 77.18
37 52 36.26
37 53 75.18
37 54 64.52
37 55 14.16
37 56 26.46
37 57 12.77
37 58 98.35
37 59 15.75
37 60 37.25
37 61 59.36
37 62 57.41
37 63 62.69
37 64 14.1
37 65 51.3
37 66 89.82
37 67 52.44
37 68 91.46
37 69 73.24
37 70 55.9
37 71 57.96
37 73 10.64
37 74 77.98
37 75 20.56
37 76 75.24
37 79 82.66
37 80 64.21
37 81 69.0
37 83 96.59
37 84 11.67
37 85 67.14
37 88 77.1
37 89 89.8
37 90 60.89
37 91 85.84
37 92 83.16
37 93 52.01
37 94 67.39
37 95 63.83
37 96 14.74
37 97 70.0
37 98 77.51
37 99 0.08
38 39 53.97
38 41 86.6
38 42 53.38
38 43 56.68
38 45 35.59
38 46 6.45
38 47 57.35
38 48 19.37
38 49 94.39
38 50 34.79
38 53 10.31
38 55 17.69
38 57 30.0
38 59 57.14
38 60 57.58
38 61 43.98
38 63 78.54
38 64 58.94
38 65 26.96
38 69 86.91
38 70 48.96
38 73 71.72
38 74 95.53
38 75 43.58
38 76 54.05
38 77 67.42
38 78 68.19
38 80 91.71
38 81 13.15
38 83 40.68
38 84 58.23
38 86 39.41
38 87 77.09
38 88 75.69
38 89 84.75
38 91 64.29
38 92 44.08
38 93 81.88
38 94 80.27
38 95 96.08
38 96 62.25
38 97 20.02
38 98 77.36
38 99 27.9
39 40 66.99
39 42 7.04
39 43 57.08
39 44 24.37
39 45 44.99
39 46 11.29
39 48 71.46
39 49 22.43
39 50 45.07
39 51 76.48
39 53 51.42
39 54 2.0
39 55 68.13
39 56 43.13
39 57 44.88
39 58 25.66
39 59 78.67
39 60 6.8
39 61 38.43
39 62 26.75
39 64 34.42
39 65 67.48
39 67 64.45
39 68 40.02
39 69 67.53
39 70 1.57
39 71 53.75
39 72 40.41
39 73 77.16
39 76 40.43
39 77 2.58
39 78 77.62
39 79 41.85
39 81 18.91
39 82 28.39
39 85 41.32
39 86 98.29
39 87 65.01
39 88 3.15
39 89 29.4
39 90 93.71
39 91 77.84
39 93 70.25
39 94 81.45
39 96 29.5
39 98 34.23
39 99 94.35
40 42 15.46
40 43 59.24
40 45 38.5
40 46 23.46
40 47 55.01
40 49 38.58
40 51 85.49
40 52 56.23
40 53 79.37
40 56 21.85
40 57 17.67
40 58 72.15
40 59 89.54
40 60 76.9
40 61 88.29
40 63 23.99
40 64 85.65
40 65 65.53
40 66 21.96
40 68 82.22
40 69 35.66
40 71 30.45
40 72 44.67
40 74 17.36
40 75 80.89
40 76 49.84
40 77 30.69
40 78 66.77
40 79 72.88
40 82 24.23
40 84 93.66
40 85 71.3
40 86 67.64
40 87 68.65
40 88 56.96
40 90 38.51
40 91 0.23
40 92 17.91
40 93 37.32
40 94 40.07
40 95 60.67
40 96 27.24
40 97 18.22
40 98 99.25
40 99 7.78
41 43 22.45
41 44 85.26
41 46 60.25
41 47 69.55
41 48 91.22
41 49 19.17
41 50 14.94
41 51 61.81
41 52 81.16
41 53 33.93
41 54 72.21
41 55 50.1
41 56 88.14
41 57 21.51
41 58 14.03
41 59 23.96
41 61 52.22
41 62 19.79
41 63 9.88
41 64 86.04
41 66 22.98
41 67 16.91
41 69 43.14
41 70 26.89
41 74 29.52
41 75 54.55
41 76 55.63
41 77 41.33
41 78 59.88
41 81 2.88
41 82 20.47
41 83 44.0
41 84 93.16
41 85 55.16
41 87 67.91
41 88 75.52
41 89 63.55
41 90 87.63
41 91 81.21
41 92 38.64
41 94 27.4
41 95 76.78
41 96 45.22
41 97 39.48
41 98 6.05
41 99 72.71
42 43 47.02
42 44 97.4
42 45 32.14
42 47 93.72
42 48 24.89
42 49 15.72
42 51 68.42
42 53 10.72
42 54 42.49
42 55 81.64
42 56 17.68
42 57 62.08
42 58 10.26
42 59 86.66
42 61 68.0
42 62 94.12
42 63 59.51
42 64 81.19
42 65 23.74
42 66 61.34
42 67 16.22
42 70 34.49
42 71 99.64
42 72 11.54
42 74 1.49
42 75 14.59
42 76 60.8
42 77 12.31
42 78 20.21
42 79 79.53
42 80 60.43
42 81 65.81
42 82 95.55
42 84 58.23
42 86 0.27
42 87 71.62
42 89 53.92
42 90 31.71
42 91 88.1
42 92 15.97
42 93 38.37
42 94 44.23
42 95 18.71
42 99 29.86
43 44 70.0
43 45 84.19
43 47 64.34
43 49 26.2
43 50 90.84
43 51 23.68
43 52 80.08
43 53 78.79
43 54 75.82
43 57 5.86
43 58 5.76
43 60 35.42
43 62 18.06
43 63 81.21
43 64 4.35
43 65 61.32
43 66 87.56
43 67 49.41
43 68 54.12
43 69 97.16
43 70 10.8
43 71 17.67
43 73 38.65
43 74 91.61
43 75 43.78
43 76 72.38
43 77 6.11
43 78 32.88
43 79 3.12
43 80 19.66
43 82 46.75
43 83 5.97
43 84 16.45
43 85 58.21
43 87 4.65
43 88 7.38
43 89 40.23
43 92 82.06
43 93 10.25
43 94 31.68
43 95 20.2
43 98 64.58
43 99 30.58
44 45 50.49
44 46 16.88
44 48 65.77
44 49 57.02
44 50 79.3
44 52 43.63
44 53 51.64
44 54 73.91
44 55 80.64
44 56 19.22
44 58 86.16
44 59 94.78
44 60 11.87
44 61 55.55
44 62 89.52
44 63 89.48
44 64 32.78
44 65 82.14
44 66 12.68
44 67 11.34
44 68 93.16
44 69 42.84
44 70 8.58
44 71 94.64
44 72 57.58
44 73 64.9
44 75 76.43
44 78 20.9
44 80 6.22
44 81 1.39
44 82 44.85
44 83 20.85
44 85 8.51
44 87 65.94
44 88 16.83
44 89 42.18
44 90 77.37
44 91 55.73
44 93 76.28
44 96 23.1
44 97 5.7
44 98 67.7
44 99 0.46
45 46 68.57
45 47 80.22
45 48 73.45
45 50 36.42
45 53 83.49
45 55 27.94
45 56 28.83
45 57 52.58
45 58 5.5
45 59 11.47
45 60 27.47
45 61 5.57
45 63 34.87
45 66 76.05
45 67 40.83
45 68 82.75
45 69 43.45
45 70 51.34
45 71 50.77
45 72 20.09
45 73 3.76
45 74 98.53
45 75 80.07
45 79 85.38
45 80 99.38
45 81 67.35
45 82 26.55
45 83 71.81
45 84 74.51
45 85 42.57
45 90 61.84
45 92 71.02
45 93 66.83
45 97 62.93
45 98 41.4
45 99 14.42
46 47 46.63
46 49 85.49
46 52 10.02
46 53 6.3
46 54 21.7
46 55 39.12
46 56 29.22
46 57 88.16
46 58 11.95
46 60 92.98
46 61 59.7
46 62 90.17
46 63 9.04
46 64 33.89
46 65 54.04
46 67 28.56
46 68 32.27
46 69 10.03
46 70 15.18
46 71 30.25
46 72 90.6
46 73 62.82
46 74 86.76
46 75 92.92
46 76 5.65
46 77 0.04
46 79 50.11
46 80 11.28
46 81 36.65
46 83 81.67
46 84 72.82
46 86 95.96
46 87 35.24
46 88 11.77
46 89 68.65
46 90 6.12
46 91 7.24
46 92 59.47
46 94 96.13
46 95 71.77
46 96 40.59
46 97 69.51
46 98 67.32
47 48 2.94
47 50 45.2
47 51 70.48
47 53 64.68
47 55 52.47
47 56 61.35
47 57 11.88
47 58 18.47
47 59 47.85
47 61 87.47
47 62 81.41
47 63 13.27
47 64 33.63
47 65 34.85
47 67 1.14
47 69 57.1
47 71 54.66
47 74 95.09
47 75 98.62
47 76 90.31
47 77 50.41
47 79 55.25
47 80 47.21
47 81 40.83
47 82 9.88
47 85 70.21
47 86 58.75
47 87 99.37
47 88 87.46
47 91 5.16
47 92 76.2
47 96 87.58
47 97 69.81
47 98 85.13
47 99 46.68
48 49 41.94
48 50 89.54
48 52 74.92
48 55 18.36
48 56 59.76
48 57 61.19
48 58 19.08
48 60 39.85
48 61 42.17
48 64 6.97
48 65 3.08
48 66 83.91
48 67 17.8
48 68 9.29
48 69 36.2
48 71 52.96
48 72 0.77
48 73 35.94
48 74 99.1
48 75 36.91
48 76 82.01
48 77 71.3
48 78 11.04
48 79 76.24
48 81 34.25
48 82 70.44
48 84 9.42
48 85 94.86
48 87 8.32
48 88 44.25
48 89 57.23
48 90 19.86
48 92 59.73
48 93 41.03
48 95 37.82
48 96 37.87
48 97 35.65
48 99 53.85
49 50 86.14
49 51 48.74
49 52 39.65
49 54 8.5
49 57 15.48
49 58 96.18
49 59 6.9
49 60 19.33
49 61 35.52
49 62 17.41
49 63 93.26
49 64 74.07
49 65 61.16
49 66 79.9
49 67 28.77
49 69 92.06
49 70 76.29
49 71 77.08
49 72 67.39
49 73 64.99
49 74 48.68
49 75 22.61
49 76 41.51
49 77 97.89
49 79 50.32
49 80 19.09
49 81 16.14
49 82 1.9
49 83 98.38
49 84 36.79
49 85 15.14
49 86 68.88
49 87 32.38
49 88 86.62
49 89 91.82
49 90 48.74
49 93 62.2
49 94 83.16
49 95 51.66
49 96 75.09
49 97 55.23
49 98 81.85
49 99 33.49
50 53 89.29
50 55 85.42
50 56 44.65
50 57 56.68
50 59 55.13
50 60 16.84
50 62 46.09
50 63 54.86
50 65 53.18
50 66 64.37
50 67 82.83
50 69 71.1
50 70 33.39
50 71 21.28
50 72 65.53
50 74 30.11
50 75 20.84
50 77 75.28
50 79 36.12
50 80 58.47
50 81 7.47
50 82 17.39
50 83 54.04
50 84 99.69
50 85 58.58
50 86 41.63
50 87 11.26
50 88 85.85
50 89 74.59
50 91 25.85
50 92 28.45
50 94 50.95
50 95 61.29
50 96 6.51
50 98 98.35
50 99 37.23
51 52 70.5
51 57 50.4
51 58 87.16
51 59 41.45
51 60 17.3
51 61 71.93
51 62 72.52
51 65 11.97
51 66 96.62
51 67 73.77
51 68 79.72
51 70 56.36
51 71 9.8
51 72 24.37
51 73 95.21
51 74 83.83
51 75 98.57
51 76 30.48
51 77 73.56
51 79 92.24
51 80 92.04
51 81 93.61
51 83 76.65
51 84 43.59
51 85 26.35
51 86 40.55
51 88 23.91
51 89 61.49
51 91 28.18
51 92 67.68
51 95 28.19
51 97 89.68
51 98 14.23
51 99 43.63
52 53 71.79
52 55 93.6
52 57 17.42
52 58 26.21
52 59 99.14
52 60 15.56
52 62 64.59
52 64 77.72
52 65 8.77
52 66 76.79
52 67 77.34
52 68 91.42
52 69 4.97
52 71 76.72
52 72 57.28
52 73 53.15
52 74 56.76
52 76 54.51
52 77 92.24
52 78 2.32
52 79 1.31
52 80 90.29
52 81 41.15
52 83 10.9
52 85 87.75
52 88 7.03
52 89 50.4
52 90 75.54
52 91 79.1
52 92 47.61
52 93 14.94
52 94 59.59
52 95 11.66
52 96 96.57
52 97 58.25
52 98 0.69
52 99 53.08
53 55 27.84
53 56 95.87
53 57 90.12
53 58 72.21
53 59 4.94
53 60 80.87
53 61 64.38
53 64 94.53
53 65 59.86
53 66 70.01
53 67 6.03
53 68 7.18
53 72 48.76
53 73 88.78
53 75 85.77
53 76 30.2
53 77 24.32
53 78 7.72
53 79 81.17
53 80 93.71
53 81 76.26
53 82 44.97
53 83 54.59
53 84 43.44
53 85 11.21
53 86 25.64
53 87 37.9
53 88 33.38
53 89 1.06
53 90 91.73
53 91 2.99
53 92 68.56
53 93 3.98
53 95 65.29
53 96 84.18
53 97 45.25
53 98 7.75
53 99 91.13
54 55 49.21
54 56 39.15
54 57 57.01
54 58 64.1
54 59 76.58
54 60 15.5
54 62 74.29
54 63 72.73
54 64 10.32
54 65 64.65
54 66 93.6
54 67 66.07
54 68 49.29
54 69 86.11
54 70 32.38
54 71 59.06
54 72 62.37
54 73 10.88
54 74 12.11
54 75 68.73
54 76 63.03
54 77 82.65
54 78 94.13
54 79 73.67
54 80 11.53
54 81 24.72
54 82 60.0
54 83 32.82
54 87 36.85
54 90 90.22
54 94 87.95
54 95 58.62
54 96 48.11
54 97 64.24
54 98 56.78
55 56 48.23
55 61 98.21
55 62 13.88
55 63 69.72
55 64 5.71
55 66 5.52
55 67 46.43
55 68 49.24
55 69 73.06
55 70 84.19
55 71 63.1
55 74 99.33
55 75 96.74
55 76 28.92
55 78 76.44
55 79 35.8
55 80 74.23
55 82 99.72
55 83 23.55
55 84 4.13
55 85 87.61
55 86 36.5
55 87 70.65
55 89 68.26
55 90 77.92
55 91 51.03
55 92 2.03
55 94 75.14
55 96 72.8
55 98 96.75
55 99 89.81
56 57 98.54
56 58 21.85
56 59 77.51
56 60 80.35
56 61 39.21
56 62 82.77
56 63 68.16
56 64 15.55
56 65 31.39
56 66 46.69
56 67 97.36
56 69 83.0
56 71 44.27
56 72 69.67
56 73 48.8
56 74 6.02
56 75 9.36
56 78 21.11
56 79 30.28
56 80 94.15
56 81 59.82
56 82 63.49
56 83 26.55
56 84 7.72
56 86 56.97
56 88 19.63
56 89 97.64
56 90 32.36
56 91 51.2
56 92 26.37
56 93 40.42
56 97 40.66
56 98 71.54
56 99 0.15
57 58 35.21
57 59 3.77
57 60 19.11
57 61 31.58
57 62 50.54
57 63 80.28
57 65 57.38
57 66 95.28
57 67 1.39
57 70 21.58
57 71 14.02
57 72 40.41
57 73 0.13
57 74 83.62
57 78 7.98
57 79 46.4
57 81 93.27
57 83 41.4
57 85 58.44
57 86 9.83
57 87 81.72
57 88 20.05
57 89 1.24
57 93 19.87
57 94 39.91
57 95 72.42
57 97 46.57
57 98 5.98
57 99 69.18
58 59 12.56
58 60 23.16
58 61 37.0
58 63 71.99
58 64 53.9
58 65 47.75
58 66 71.53
58 67 62.54
58 68 5.18
58 69 42.5
58 70 28.09
58 71 14.49
58 72 39.52
58 73 70.32
58 76 48.8
58 77 41.62
58 78 8.12
58 79 1.48
58 81 52.81
58 82 18.57
58 83 55.61
58 85 97.93
58 86 10.87
58 87 77.12
58 88 73.24
58 89 13.92
58 90 32.65
58 93 63.47
58 94 94.15
58 95 57.98
58 97 5.37
58 99 49.1
59 61 39.95
59 62 50.69
59 65 19.45
59 66 1.57
59 67 49.5
59 68 49.69
59 69 12.36
59 70 34.69
59 71 42.75
59 72 25.79
59 73 92.12
59 74 3.43
59 75 19.25
59 76 76.41
59 77 70.87
59 78 69.56
59 79 67.85
59 81 37.33
59 82 36.8
59 83 5.37
59 84 61.29
59 85 55.65
59 86 93.44
59 87 55.97
59 88 87.36
59 89 87.58
59 90 18.31
59 91 68.92
59 92 62.62
59 93 19.21
59 94 84.4
59 95 42.85
59 97 42.02
59 98 19.86
59 99 3.84
60 62 77.81
60 64 60.46
60 65 20.49
60 67 76.21
60 68 70.15
60 69 45.0
60 71 80.04
60 73 30.39
60 74 15.95
60 75 20.99
60 76 58.85
60 77 28.67
60 78 55.15
60 81 52.63
60 82 95.51
60 84 39.72
60 85 16.76
60 86 98.96
60 87 24.41
60 88 14.89
60 89 7.49
60 91 11.53
60 92 1.07
60 93 97.54
60 95 60.26
60 96 39.49
60 98 47.07
60 99 22.53
61 63 41.8
61 64 56.34
61 65 63.66
61 66 80.88
61 68 53.22
61 69 51.85
61 70 17.41
61 71 87.39
61 72 61.19
61 74 88.69
61 75 70.67
61 77 80.28
61 78 97.94
61 79 20.9
61 80 80.9
61 81 71.8
61 83 4.42
61 84 49.81
61 85 31.21
61 87 79.84
61 88 21.19
61 90 27.89
61 92 36.24
61 93 21.32
61 94 64.56
61 95 1.25
61 96 95.44
61 97 88.67
61 99 64.78
62 63 81.09
62 65 40.44
62 68 30.47
62 69 61.38
62 71 3.89
62 72 40.37
62 73 83.33
62 76 74.53
62 78 13.92
62 80 78.46
62 81 33.13
62 82 1.75
62 83 96.24
62 84 83.42
62 86 40.48
62 88 15.37
62 89 19.1
62 91 93.01
62 92 85.01
62 93 72.14
62 94 9.41
62 95 85.5
62 97 92.48
62 99 41.25
63 64 7.5
63 66 63.31
63 68 31.86
63 69 96.31
63 70 67.63
63 71 19.73
63 73 55.28
63 76 19.07
63 77 57.74
63 78 32.55
63 79 82.81
63 80 51.07
63 81 55.39
63 82 32.22
63 83 90.87
63 84 14.61
63 85 24.65
63 86 36.86
63 87 74.79
63 88 50.56
63 90 98.87
63 91 49.82
63 93 39.1
63 94 43.57
63 96 84.82
63 97 82.95
63 98 38.43
63 99 18.25
64 65 21.4
64 66 73.15
64 68 38.52
64 69 35.55
64 70 14.13
64 71 94.29
64 73 24.74
64 76 97.65
64 77 43.7
64 80 94.24
64 81 8.45
64 82 96.07
64 83 35.39
64 85 96.1
64 87 45.29
64 91 25.38
64 92 10.34
64 94 46.28
64 95 2.86
64 98 45.17
64 99 43.24
65 66 95.06
65 67 88.05
65 68 39.66
65 69 84.47
65 71 39.63
65 72 93.19
65 73 82.28
65 74 20.71
65 75 1.4
65 77 91.43
65 78 34.38
65 80 21.01
65 81 62.34
65 82 81.11
65 83 71.14
65 84 78.03
65 86 84.6
65 87 15.52
65 88 22.78
65 89 55.39
65 90 12.84
65 91 39.53
65 92 82.19
65 95 71.15
65 96 94.75
65 97 4.27
65 98 72.49
65 99 50.42
66 67 40.42
66 69 8.0
66 72 65.6
66 73 63.71
66 74 21.6
66 75 23.38
66 76 0.5
66 77 40.45
66 78 40.55
66 79 59.42
66 81 44.85
66 83 79.5
66 84 36.61
66 85 94.96
66 86 80.91
66 87 62.28
66 88 21.52
66 89 37.36
66 90 70.75
66 91 62.82
66 92 92.3
66 93 9.07
66 94 35.16
66 95 50.95
66 96 1.45
66 98 11.64
66 99 27.99
67 70 53.68
67 71 20.06
67 72 16.99
67 73 99.06
67 75 83.85
67 76 89.24
67 78 38.47
67 80 88.4
67 81 54.57
67 82 74.4
67 83 66.49
67 84 13.89
67 85 55.95
67 86 75.76
67 87 47.24
67 88 38.89
67 89 74.68
67 90 13.34
67 91 29.65
67 92 73.02
67 93 88.8
67 94 57.83
67 95 76.64
67 96 91.29
67 97 77.15
67 99 97.13
68 69 81.13
68 73 63.12
68 74 92.23
68 75 81.67
68 76 26.17
68 79 18.91
68 80 91.85
68 81 35.94
68 82 66.05
68 83 59.68
68 84 5.06
68 85 42.18
68 86 14.13
68 87 46.73
68 88 94.88
68 89 88.82
68 90 77.91
68 91 58.74
68 92 66.4
68 93 83.0
68 95 37.32
68 96 0.67
68 97 10.02
68 98 4.51
69 71 68.06
69 72 71.84
69 73 99.7
69 74 3.97
69 75 31.29
69 76 67.18
69 77 29.81
69 78 27.75
69 79 37.7
69 80 84.24
69 81 30.86
69 82 57.63
69 83 59.87
69 84 49.6
69 88 55.0
69 89 54.09
69 90 93.4
69 91 92.76
69 92 81.94
69 93 22.21
69 96 54.03
69 97 17.16
69 99 76.08
70 71 20.65
70 72 63.59
70 73 45.95
70 74 84.22
70 75 17.92
70 76 41.84
70 77 50.91
70 78 58.33
70 79 46.6
70 81 13.99
70 82 40.82
70 84 34.53
70 86 63.62
70 87 46.36
70 88 63.16
70 89 10.23
70 90 45.66
70 91 38.78
70 92 6.82
70 93 65.1
70 94 18.04
70 95 86.06
70 97 71.47
70 98 52.88
70 99 11.53
71 72 36.25
71 73 21.27
71 75 57.02
71 76 11.64
71 77 16.58
71 78 94.23
71 79 46.12
71 80 39.15
71 81 12.39
71 82 23.39
71 83 94.87
71 85 13.88
71 86 27.27
71 87 20.99
71 88 99.06
71 89 29.07
71 90 36.34
71 91 76.03
71 92 23.23
71 94 54.65
71 95 48.47
71 96 19.17
71 97 56.77
71 98 50.51
71 99 74.48
72 73 84.13
72 76 64.62
72 77 71.81
72 78 90.94
72 79 42.38
72 81 37.86
72 82 72.0
72 85 38.39
72 86 92.0
72 87 52.87
72 88 66.35
72 89 23.12
72 90 32.38
72 91 12.51
72 92 85.48
72 94 39.2
72 98 19.53
72 99 26.75
73 74 4.27
73 75 96.68
73 76 75.8
73 79 62.03
73 80 74.83
73 81 71.74
73 82 47.2
73 83 15.96
73 84 27.62
73 85 99.01
73 87 7.23
73 88 43.38
73 89 11.92
73 90 12.39
73 91 65.76
73 92 16.43
73 93 64.19
73 94 4.56
73 95 54.04
73 96 63.19
73 97 95.42
73 99 9.9
74 76 24.56
74 77 16.79
74 79 97.38
74 80 19.24
74 82 43.83
74 83 66.14
74 84 83.74
74 85 18.98
74 86 9.94
74 87 78.25
74 91 28.41
74 92 4.37
74 94 49.63
74 95 82.16
74 97 8.38
74 98 49.12
74 99 4.12
75 78 20.25
75 79 22.32
75 81 69.98
75 82 61.29
75 83 79.06
75 84 85.99
75 86 5.48
75 87 5.74
75 88 21.47
75 89 19.56
75 90 30.78
75 92 53.04
75 94 67.68
75 95 15.76
75 96 4.68
75 98 19.71
75 99 24.37
76 77 14.54
76 78 54.94
76 79 3.51
76 81 22.06
76 82 97.34
76 83 28.08
76 85 29.18
76 86 79.12
76 87 40.05
76 88 59.45
76 90 11.13
76 91 27.82
76 93 80.42
76 94 63.6
76 95 82.54
76 98 68.3
77 79 17.23
77 82 14.03
77 84 12.45
77 85 99.93
77 86 5.43
77 88 4.7
77 89 0.6
77 90 93.25
77 91 1.29
77 92 3.97
77 93 47.81
77 95 27.06
77 96 84.37
77 99 61.28
78 79 76.34
78 80 2.27
78 82 43.84
78 83 39.33
78 84 17.76
78 85 31.77
78 86 69.39
78 87 74.01
78 89 91.86
78 90 66.74
78 92 61.64
78 93 73.05
78 95 41.45
78 96 16.93
78 97 77.4
78 98 96.73
79 80 35.5
79 81 16.55
79 82 27.55
79 83 52.82
79 84 24.42
79 85 20.61
79 86 67.95
79 87 66.85
79 88 17.19
79 89 0.4
79 90 59.88
79 93 94.41
79 96 98.56
79 97 57.51
79 98 10.39
79 99 36.09
80 82 36.93
80 83 54.75
80 84 84.17
80 87 92.52
80 88 75.32
80 89 57.36
80 90 35.75
80 92 44.7
80 93 77.64
80 95 45.94
80 96 82.33
80 97 74.68
80 98 51.79
80 99 52.56
81 82 62.21
81 84 48.51
81 85 82.59
81 87 33.06
81 88 3.2
81 89 93.42
81 90 98.98
81 91 44.7
81 92 31.47
81 93 13.09
81 97 61.32
81 99 64.4
82 83 98.47
82 84 80.37
82 85 55.43
82 87 66.35
82 89 45.33
82 90 33.45
82 91 42.01
82 92 43.32
82 93 61.8
82 96 0.77
82 97 38.81
82 99 29.32
83 84 35.94
83 85 43.62
83 86 58.95
83 87 29.2
83 88 67.34
83 89 67.95
83 90 53.04
83 94 85.55
83 96 1.76
83 99 52.03
84 85 45.81
84 86 36.8
84 87 23.28
84 90 96.85
84 91 26.17
84 93 25.98
84 94 32.76
84 95 44.5
84 96 46.51
84 97 34.4
84 98 81.32
84 99 90.89
85 88 26.44
85 89 66.69
85 90 22.53
85 91 47.38
85 92 56.08
85 93 35.32
85 94 75.51
85 95 36.76
85 97 4.72
85 98 33.33
85 99 28.41
86 87 37.99
86 88 70.06
86 89 69.3
86 90 28.41
86 92 44.38
86 93 77.47
86 94 38.28
86 96 11.18
86 97 76.78
86 98 6.67
86 99 63.31
87 88 72.69
87 90 97.46
87 92 75.81
87 93 65.53
87 94 38.96
87 95 86.44
87 98 3.86
88 89 87.75
88 90 68.01
88 91 45.39
88 94 9.62
88 95 94.31
88 96 75.92
89 90 1.64
89 91 3.2
89 93 18.81
89 96 47.74
89 97 65.25
89 99 16.94
90 91 67.44
90 92 85.67
90 93 21.19
90 94 11.81
90 95 62.08
90 96 37.81
90 99 37.24
91 92 62.68
91 93 74.2
91 95 94.8
91 96 55.85
91 97 13.05
91 98 41.28
91 99 6.08
92 93 20.47
92 94 64.19
92 95 52.68
92 96 94.89
92 97 4.67
93 95 59.33
93 96 61.9
93 97 44.95
93 98 80.9
93 99 86.85
94 96 5.44
94 97 9.86
94 99 89.25
95 96 24.36
95 97 23.47
95 99 43.91
96 97 77.1
96 99 68.99
97 99 25.4
