100
1 0 23.125
3 0 57.512
4 3 81.626
5 1 24.812
5 2 59.051
5 3 79.291
6 3 42.414
7 0 86.774
7 2 88.949
7 3 72.611
7 6 29.71
8 2 86.219
8 5 62.817
8 7 8.261
9 0 0.785
9 1 74.905
9 2 22.41
9 3 72.766
9 5 27.018
9 7 77.223
9 8 54.363
10 0 69.707
10 1 44.28
10 2 45.986
10 5 28.54
10 6 76.259
10 7 40.476
10 8 33.05
11 3 75.396
11 7 85.209
11 8 81.423
12 1 8.216
12 2 28.342
12 3 71.684
12 5 30.596
12 6 36.027
12 8 6.209
12 10 38.562
13 2 14.717
13 5 26.453
13 8 49.129
13 10 46.051
13 11 47.697
14 1 80.275
14 6 31.683
14 7 24.817
14 9 72.027
14 11 45.252
15 1 54.791
15 4 78.032
15 8 16.934
15 9 76.02
15 10 68.52
15 11 14.854
15 12 24.943
15 13 88.86
16 0 38.862
16 5 22.238
16 6 11.13
16 7 14.439
16 9 35.041
16 10 33.981
16 12 72.816
16 14 82.06
17 0 59.064
17 3 71.013
17 4 62.386
17 6 1.119
17 7 34.164
17 9 55.449
17 11 51.322
17 12 27.471
17 13 11.47
17 15 72.886
18 0 90.166
18 2 90.432
18 5 23.206
18 6 25.158
18 7 58.511
18 8 68.052
18 9 89.716
18 10 80.19
18 16 77.787
19 2 44.028
19 3 98.509
19 4 84.464
19 5 32.38
19 6 22.903
19 8 37.762
19 13 47.139
19 16 83.22
19 17 13.051
19 18 72.949
20 1 66.156
20 3 6.615
20 4 68.31
20 6 55.019
20 7 67.596
20 8 69.725
20 11 82.862
20 12 95.114
20 13 24.764
20 14 26.428
20 16 36.173
20 17 70.933
21 2 88.091
21 3 20.516
21 6 29.828
21 11 62.455
21 13 39.07
21 18 28.758
21 20 58.269
22 0 68.934
22 1 64.886
22 2 76.731
22 4 74.02
22 5 59.713
22 6 45.615
22 7 50.927
22 10 21.288
22 11 99.651
22 18 96.227
22 21 66.28
23 0 17.818
23 1 22.325
23 2 42.622
23 5 60.771
23 8 67.36
23 9 77.403
23 10 70.665
23 11 42.866
23 12 85.427
23 13 64.77
23 16 89.217
23 17 90.609
23 19 62.796
23 20 80.097
23 21 85.739
23 22 72.913
24 0 11.147
24 3 6.189
24 8 55.098
24 10 70.76
24 12 67.224
24 15 59.727
24 18 82.904
24 19 2.79
24 20 2.313
24 22 61.386
25 0 5.754
25 2 38.923
25 4 37.496
25 6 25.036
25 7 81.339
25 9 92.902
25 10 69.345
25 13 27.856
25 16 97.718
25 17 16.255
25 18 98.464
25 21 9.632
25 22 82.527
26 2 82.358
26 3 15.536
26 5 76.822
26 6 53.126
26 7 54.317
26 9 81.967
26 10 56.74
26 12 95.997
26 13 59.795
26 18 8.666
26 20 12.924
26 21 71.52
26 24 11.008
27 0 85.914
27 1 79.481
27 6 98.705
27 8 56.104
27 14 42.962
27 15 12.477
27 16 44.25
27 17 27.042
27 18 66.619
27 22 11.033
27 24 94.308
27 26 75.299
28 1 69.64
28 3 86.784
28 5 64.605
28 7 66.724
28 8 35.609
28 10 23.058
28 11 4.83
28 14 61.751
28 15 10.173
28 16 7.743
28 18 36.57
28 21 41.355
28 22 91.275
28 24 29.722
28 27 42.307
29 0 25.718
29 2 4.251
29 3 72.542
29 4 63.63
29 7 38.022
29 8 74.368
29 9 31.824
29 12 8.582
29 13 71.71
29 16 30.002
29 17 41.185
29 20 24.124
29 21 51.573
29 22 26.769
29 23 50.535
29 24 38.718
29 25 34.986
29 26 58.662
29 28 21.019
30 0 28.523
30 1 69.946
30 2 47.32
30 5 8.141
30 9 15.198
30 12 75.326
30 14 73.788
30 15 12.064
30 17 38.8
30 19 92.986
30 20 2.974
30 22 8.543
30 25 90.957
30 26 63.784
31 0 46.574
31 1 48.2
31 2 92.768
31 3 15.134
31 10 30.819
31 11 49.479
31 12 82.453
31 15 42.249
31 16 69.841
31 17 81.463
31 19 40.019
31 23 70.708
31 26 10.168
31 28 19.575
31 29 35.561
31 30 7.638
32 0 76.053
32 1 29.596
32 2 73.943
32 4 26.816
32 5 45.402
32 8 37.725
32 10 95.351
32 11 73.085
32 12 0.135
32 14 92.025
32 16 46.126
32 18 76.443
32 19 67.249
32 21 20.87
32 22 21.69
32 25 23.664
32 27 67.88
32 28 20.082
32 29 46.823
33 0 41.489
33 2 97.327
33 3 88.079
33 4 85.055
33 6 84.03
33 11 93.698
33 14 87.842
33 16 82.993
33 18 70.563
33 20 35.054
33 22 30.759
33 24 53.608
33 25 34.224
33 26 89.52
33 27 76.497
33 31 37.273
34 0 65.31
34 2 72.443
34 3 54.066
34 4 35.668
34 8 61.066
34 10 12.62
34 12 62.365
34 13 21.036
34 17 57.374
34 18 79.85
34 19 25.213
34 20 17.369
34 22 24.033
34 24 83.936
34 25 21.746
34 27 77.987
34 28 57.753
34 33 18.253
35 0 12.928
35 4 41.825
35 7 62.178
35 10 55.987
35 17 91.571
35 19 92.33
35 22 69.259
35 23 57.692
35 24 48.837
35 25 87.598
35 26 44.663
35 31 54.976
35 32 31.552
35 34 15.795
36 1 66.445
36 2 13.794
36 5 54.959
36 6 93.508
36 14 80.874
36 16 24.291
36 17 77.157
36 19 30.308
36 24 8.769
36 27 32.757
36 28 46.937
36 30 44.34
36 31 40.064
36 32 71.784
36 33 90.53
36 34 37.684
37 1 81.029
37 2 40.956
37 5 67.659
37 6 48.576
37 8 61.171
37 11 0.567
37 12 27.887
37 17 72.714
37 19 56.965
37 23 15.811
37 24 66.381
37 26 19.009
37 27 33.553
37 28 33.899
37 30 53.264
37 31 39.124
38 1 29.951
38 6 46.319
38 8 17.053
38 9 14.906
38 12 99.948
38 13 58.377
38 16 17.752
38 21 5.29
38 23 97.513
38 24 33.874
38 25 69.761
38 26 90.577
38 28 30.96
38 29 4.244
38 30 24.829
38 35 75.755
38 36 29.324
38 37 20.479
39 1 1.946
39 3 56.118
39 5 63.333
39 6 83.362
39 7 4.078
39 10 79.822
39 15 2.938
39 16 22.387
39 17 19.205
39 18 39.377
39 20 72.873
39 21 71.934
39 22 70.545
39 23 69.74
39 24 4.433
39 27 47.178
39 28 77.046
39 29 82.81
39 34 85.93
39 36 67.788
40 1 17.325
40 4 31.275
40 5 44.247
40 6 7.714
40 7 68.816
40 10 12.936
40 13 82.038
40 16 45.703
40 18 21.104
40 22 51.495
40 23 91.237
40 26 18.125
40 30 88.481
40 32 0.535
40 33 25.452
40 34 3.871
40 35 37.832
41 0 3.403
41 1 18.725
41 2 14.807
41 3 45.127
41 5 33.906
41 6 10.21
41 7 66.447
41 9 59.329
41 10 39.971
41 13 87.164
41 14 83.318
41 15 40.802
41 17 63.369
41 18 60.045
41 20 14.518
41 21 48.017
41 22 29.57
41 23 20.713
41 28 14.017
41 30 43.05
41 32 17.846
41 33 36.754
41 36 98.905
41 38 6.672
41 39 86.516
42 1 30.433
42 2 57.022
42 4 52.603
42 7 4.728
42 8 60.151
42 12 69.429
42 14 34.596
42 15 89.44
42 16 29.111
42 17 78.255
42 19 56.752
42 21 43.297
42 23 64.81
42 24 51.689
42 25 53.456
42 26 59.089
42 27 68.591
42 28 44.248
42 29 96.503
42 31 76.403
42 32 26.49
42 34 71.563
42 35 19.269
42 39 34.939
42 41 9.948
43 0 17.52
43 1 17.434
43 2 92.267
43 3 45.917
43 5 3.779
43 7 38.763
43 10 59.257
43 11 33.248
43 15 66.992
43 18 87.218
43 21 15.558
43 22 20.499
43 23 7.252
43 28 60.118
43 29 27.601
43 31 75.218
43 32 21.807
43 33 72.037
43 39 97.254
43 40 12.151
44 0 79.465
44 3 73.736
44 5 27.365
44 6 3.102
44 11 84.716
44 12 79.009
44 18 27.586
44 19 23.176
44 20 38.925
44 21 27.822
44 22 72.654
44 23 21.197
44 24 3.85
44 27 48.253
44 31 94.178
44 32 94.688
44 33 75.65
44 34 13.563
44 35 76.528
44 37 26.262
44 38 88.839
44 40 92.651
44 43 2.532
45 0 86.977
45 2 25.107
45 4 93.017
45 8 46.437
45 11 94.809
45 12 18.853
45 17 27.532
45 21 3.437
45 23 38.518
45 25 22.279
45 27 20.094
45 28 25.526
45 29 32.572
45 35 3.85
45 36 30.351
45 37 91.776
45 38 27.115
45 39 63.31
45 41 55.682
45 42 34.12
45 43 51.404
45 44 19.376
46 1 70.346
46 3 29.996
46 4 2.209
46 6 14.777
46 8 20.363
46 13 29.606
46 14 64.712
46 16 62.641
46 17 45.154
46 18 51.154
46 19 3.706
46 20 2.171
46 22 92.373
46 24 47.142
46 29 50.067
46 30 73.987
46 31 16.675
46 32 39.153
46 34 17.59
46 35 98.644
46 36 84.941
46 37 63.962
46 39 27.311
47 0 31.254
47 1 95.816
47 2 63.974
47 4 63.146
47 5 38.796
47 6 85.597
47 9 78.33
47 12 88.082
47 13 80.189
47 15 61.454
47 18 92.343
47 19 52.09
47 20 4.064
47 21 70.892
47 22 8.854
47 27 0.421
47 28 73.995
47 30 45.827
47 33 55.136
47 34 29.002
47 35 95.876
47 36 19.467
47 37 0.513
47 38 71.172
47 40 60.982
47 43 97.014
47 44 18.843
47 45 91.15
47 46 75.557
48 0 47.385
48 4 93.315
48 5 41.856
48 6 23.598
48 7 19.483
48 9 20.03
48 14 29.443
48 17 4.381
48 19 54.345
48 20 15.363
48 25 15.162
48 29 87.518
48 33 21.575
48 40 1.796
48 41 9.314
48 42 65.303
48 45 78.85
49 0 44.386
49 1 68.55
49 2 7.397
49 5 0.932
49 7 46.985
49 9 16.764
49 10 37.252
49 15 23.358
49 18 57.407
49 20 8.484
49 21 61.609
49 23 54.768
49 25 0.037
49 26 96.043
49 28 58.521
49 29 7.052
49 32 19.419
49 33 48.554
49 38 61.131
49 39 5.563
49 41 31.82
49 42 1.127
49 43 3.338
49 48 30.326
50 1 3.808
50 3 55.949
50 5 56.84
50 6 22.496
50 8 3.853
50 9 82.476
50 13 83.682
50 16 15.736
50 17 96.15
50 18 77.986
50 19 73.819
50 22 36.497
50 23 17.901
50 24 84.139
50 25 77.851
50 27 21.169
50 28 62.897
50 29 19.513
50 36 7.818
50 38 11.451
50 39 92.221
50 43 24.317
50 44 81.015
50 47 33.083
50 49 83.117
51 1 64.39
51 3 68.166
51 5 49.41
51 9 33.889
51 10 71.689
51 11 42.755
51 13 11.382
51 17 42.109
51 18 16.287
51 20 97.882
51 24 54.783
51 27 9.084
51 29 46.354
51 30 31.012
51 32 0.315
51 33 81.134
51 34 54.82
51 39 6.551
51 40 41.491
51 41 16.244
51 42 23.726
51 48 27.55
51 49 63.066
52 0 17.766
52 1 60.317
52 2 53.239
52 3 40.793
52 4 60.448
52 5 11.946
52 6 15.729
52 7 62.891
52 8 74.687
52 9 4.704
52 12 35.449
52 13 51.14
52 14 1.279
52 15 90.573
52 23 47.505
52 25 23.586
52 28 90.538
52 31 14.786
52 32 21.918
52 33 40.376
52 37 20.22
52 42 29.83
52 44 26.023
52 46 49.866
52 50 0.658
53 0 24.214
53 1 78.11
53 2 80.429
53 3 36.218
53 6 97.296
53 8 3.857
53 9 31.148
53 10 1.702
53 11 93.438
53 12 66.655
53 13 33.286
53 15 0.863
53 16 4.446
53 17 53.916
53 20 96.265
53 21 47.791
53 22 4.76
53 23 94.641
53 26 60.734
53 29 77.999
53 30 7.334
53 31 39.064
53 32 14.965
53 33 65.353
53 34 12.067
53 40 17.463
53 41 81.407
53 42 22.431
53 43 23.329
53 45 17.216
53 47 47.85
53 48 74.151
53 52 26.909
54 0 94.999
54 2 54.447
54 5 77.327
54 7 80.392
54 8 71.028
54 11 69.875
54 12 92.821
54 14 11.524
54 15 50.863
54 17 91.39
54 21 50.24
54 24 10.551
54 27 3.382
54 29 99.716
54 30 17.819
54 32 91.715
54 35 63.159
54 36 37.788
54 38 66.134
54 39 67.03
54 43 78.491
54 45 69.543
54 47 88.005
54 51 12.465
54 52 86.194
55 3 94.652
55 10 44.442
55 11 87.661
55 13 18.808
55 17 25.728
55 19 78.02
55 20 51.108
55 23 92.847
55 26 77.667
55 28 99.263
55 29 26.932
55 30 30.123
55 31 58.709
55 32 64.132
55 39 87.85
55 44 70.131
55 45 3.456
55 46 70.584
55 50 33.203
55 51 0.274
55 52 74.305
55 53 98.261
55 54 56.688
56 2 32.025
56 3 11.113
56 4 8.561
56 8 49.087
56 10 37.124
56 11 95.718
56 12 23.534
56 13 71.965
56 14 89.865
56 15 90.035
56 16 47.145
56 17 20.186
56 19 57.03
56 20 98.661
56 21 64.206
56 23 68.551
56 25 76.132
56 30 20.379
56 33 45.345
56 36 4.051
56 40 34.008
56 43 39.251
56 45 10.15
56 46 50.314
56 47 48.139
56 48 52.844
56 49 33.236
56 51 30.803
56 52 77.697
56 54 17.905
56 55 78.266
57 0 85.586
57 3 5.306
57 4 45.12
57 6 15.137
57 13 40.389
57 16 12.454
57 17 76.784
57 19 20.592
57 21 49.571
57 22 45.293
57 25 69.227
57 26 98.239
57 27 20.814
57 28 27.865
57 30 60.711
57 34 48.125
57 35 60.935
57 36 90.466
57 37 46.503
57 38 51.831
57 40 76.089
57 41 39.273
57 42 63.051
57 45 7.604
57 46 8.975
57 49 13.626
57 51 49.479
57 52 59.251
58 1 10.798
58 3 74.583
58 4 28.424
58 5 2.628
58 6 94.605
58 8 5.299
58 9 1.781
58 10 22.839
58 12 39.384
58 13 57.584
58 14 65.894
58 16 28.62
58 17 49.307
58 18 24.755
58 19 28.454
58 21 32.826
58 22 42.262
58 26 52.918
58 28 8.262
58 35 66.316
58 36 53.174
58 37 24.853
58 38 22.973
58 40 3.955
58 41 1.614
58 42 71.257
58 43 45.778
58 44 46.854
58 45 80.195
58 47 25.545
58 48 46.639
58 52 33.626
58 53 98.576
58 57 0.337
59 0 96.027
59 1 92.501
59 2 60.61
59 7 64.946
59 8 19.616
59 11 21.639
59 13 6.556
59 22 7.418
59 24 83.05
59 26 90.945
59 28 3.564
59 29 79.317
59 31 65.903
59 37 70.73
59 41 49.553
59 44 54.361
59 47 9.349
59 50 85.987
59 52 52.795
59 55 13.359
60 1 15.632
60 2 31.251
60 4 53.315
60 6 49.586
60 9 6.327
60 10 75.438
60 11 18.83
60 13 71.361
60 15 88.48
60 16 57.443
60 17 24.663
60 21 94.751
60 24 99.064
60 25 27.084
60 27 50.194
60 28 42.056
60 33 70.127
60 35 86.102
60 41 6.388
60 43 96.904
60 44 27.252
60 45 10.311
60 46 95.655
60 48 39.593
60 49 42.845
60 54 20.252
60 55 69.916
60 59 81.375
61 1 60.417
61 2 10.718
61 5 25.855
61 9 76.239
61 11 95.896
61 12 64.117
61 14 36.506
61 16 78.822
61 18 7.696
61 21 51.586
61 23 34.794
61 24 1.791
61 25 0.869
61 26 50.521
61 28 49.528
61 29 82.378
61 30 76.641
61 32 41.454
61 34 96.876
61 37 13.391
61 38 68.945
61 39 94.685
61 41 27.019
61 42 7.174
61 44 20.036
61 47 81.707
61 48 34.247
61 49 52.081
61 53 63.463
61 55 45.167
61 59 5.21
61 60 91.725
62 1 73.791
62 2 28.384
62 3 41.347
62 5 39.985
62 6 68.033
62 9 1.96
62 12 96.853
62 28 78.92
62 29 66.025
62 30 34.437
62 32 58.084
62 35 67.599
62 36 82.376
62 37 99.945
62 39 42.746
62 40 2.493
62 42 38.169
62 43 68.374
62 44 87.987
62 46 35.435
62 48 74.449
62 49 42.515
62 50 34.194
62 53 63.613
62 54 35.603
62 55 70.748
62 56 19.747
62 57 55.64
62 59 12.541
63 0 81.306
63 2 15.424
63 3 92.989
63 5 61.256
63 6 38.013
63 7 31.182
63 8 80.583
63 9 38.538
63 13 93.264
63 14 56.499
63 16 59.512
63 21 87.818
63 23 84.847
63 25 85.62
63 26 17.034
63 28 67.307
63 30 46.756
63 31 44.153
63 33 69.066
63 35 38.729
63 36 55.421
63 38 5.434
63 44 75.598
63 46 45.054
63 47 21.02
63 48 53.414
63 49 39.486
63 50 14.272
63 51 44.526
63 53 73.554
63 54 14.92
63 55 63.017
63 56 74.714
63 57 45.995
63 58 49.189
63 61 16.193
64 0 60.574
64 2 53.474
64 3 69.757
64 5 79.713
64 7 50.417
64 8 90.745
64 9 7.758
64 10 11.456
64 11 26.545
64 12 80.133
64 13 20.204
64 14 56.178
64 15 72.768
64 16 55.889
64 17 26.699
64 22 84.261
64 24 31.666
64 26 86.213
64 27 25.211
64 28 71.13
64 29 67.706
64 34 53.011
64 35 5.081
64 36 44.801
64 37 28.055
64 39 77.928
64 42 81.687
64 43 94.272
64 44 12.003
64 46 24.15
64 48 51.989
64 49 25.737
64 52 13.646
64 53 94.534
64 55 11.654
64 57 11.201
64 58 69.611
64 60 82.103
65 0 53.604
65 2 22.627
65 4 56.743
65 5 31.575
65 7 38.892
65 9 43.56
65 10 65.534
65 14 93.893
65 16 58.966
65 17 67.046
65 18 94.841
65 20 62.564
65 22 47.28
65 24 95.335
65 25 30.273
65 26 76.891
65 29 72.146
65 31 21.186
65 32 44.252
65 34 43.958
65 37 91.31
65 38 57.453
65 41 16.131
65 42 95.32
65 43 74.473
65 50 45.356
65 52 79.315
65 54 65.955
65 62 41.203
65 64 38.104
66 1 25.425
66 2 86.622
66 3 29.344
66 6 15.263
66 7 23.283
66 8 22.093
66 9 27.859
66 10 99.447
66 12 60.881
66 14 22.983
66 15 20.084
66 17 40.315
66 19 19.585
66 20 83.243
66 21 75.324
66 23 87.775
66 26 9.217
66 27 34.486
66 30 4.628
66 31 35.536
66 32 36.318
66 33 43.556
66 34 0.093
66 36 82.543
66 37 10.614
66 38 59.283
66 39 8.538
66 41 16.362
66 44 87.383
66 47 1.713
66 49 85.708
66 52 77.412
66 54 63.94
66 57 46.842
66 60 8.13
66 62 12.545
66 63 96.376
66 64 30.849
66 65 33.59
67 0 6.967
67 2 7.64
67 4 57.831
67 5 36.185
67 6 91.819
67 7 35.365
67 10 42.018
67 12 35.292
67 13 40.824
67 14 70.891
67 16 10.361
67 20 21.073
67 25 28.628
67 26 3.824
67 27 83.865
67 28 37.904
67 33 8.349
67 34 30.462
67 35 96.795
67 38 11.553
67 39 1.987
67 40 80.526
67 41 38.507
67 43 74.764
67 44 56.826
67 45 87.221
67 46 18.498
67 47 45.489
67 48 42.771
67 49 47.707
67 50 47.726
67 53 52.868
67 54 49.68
67 57 15.542
67 60 0.978
67 61 16.113
67 63 4.502
67 64 7.176
67 65 97.039
68 0 48.073
68 5 54.206
68 6 7.247
68 13 55.705
68 15 37.198
68 17 2.233
68 20 30.661
68 23 37.067
68 26 73.113
68 27 85.218
68 28 22.033
68 29 91.306
68 32 0.481
68 33 30.794
68 35 82.978
68 37 84.211
68 43 88.833
68 49 37.508
68 52 62.154
68 53 68.632
68 54 10.094
68 55 91.933
68 59 39.917
68 61 62.378
68 62 53.499
68 63 35.291
69 0 62.837
69 7 8.663
69 8 66.295
69 11 48.316
69 12 23.248
69 13 27.384
69 14 49.932
69 16 48.852
69 20 75.775
69 22 19.765
69 27 21.07
69 28 15.339
69 29 34.532
69 31 2.994
69 34 7.015
69 35 66.106
69 39 21.268
69 40 63.635
69 42 46.968
69 43 40.318
69 44 16.746
69 45 88.896
69 46 71.406
69 47 87.725
69 48 62.976
69 50 76.417
69 52 80.123
69 53 57.573
69 54 71.921
69 56 28.349
69 57 11.571
69 58 74.384
69 62 53.063
69 65 0.234
69 66 15.888
69 67 16.664
70 1 97.921
70 2 27.171
70 3 35.27
70 4 41.947
70 5 25.388
70 8 5.572
70 9 43.085
70 10 8.336
70 15 9.684
70 16 93.757
70 17 5.652
70 18 81.365
70 20 91.771
70 22 98.044
70 23 73.7
70 25 51.231
70 26 49.734
70 29 70.088
70 30 92.688
70 35 40.116
70 37 83.99
70 40 9.974
70 41 43.77
70 43 0.7
70 45 23.652
70 47 50.465
70 48 67.562
70 53 10.711
70 54 26.083
70 56 3.224
70 59 74.972
70 60 15.873
70 63 6.24
70 67 64.042
70 68 51.997
71 0 82.49
71 3 99.024
71 5 81.062
71 6 82.059
71 8 57.18
71 11 49.811
71 12 7.722
71 13 37.452
71 15 59.978
71 16 21.61
71 19 31.316
71 21 68.528
71 24 66.033
71 25 39.138
71 29 59.754
71 30 63.018
71 31 16.469
71 33 94.791
71 34 56.831
71 35 40.07
71 36 17.979
71 37 85.438
71 38 70.917
71 40 25.013
71 43 5.64
71 47 29.357
71 48 70.933
71 49 43.445
71 51 83.791
71 52 58.237
71 53 48.977
71 55 49.859
71 56 55.924
71 58 3.829
71 61 43.281
71 62 78.526
71 65 63.156
71 67 10.981
71 68 42.515
71 69 54.456
71 70 63.191
72 4 23.193
72 6 88.545
72 8 35.97
72 10 88.897
72 11 80.723
72 12 46.095
72 15 80.527
72 21 96.449
72 22 39.27
72 23 40.936
72 25 39.724
72 27 97.24
72 30 9.583
72 34 20.579
72 35 30.604
72 36 61.285
72 37 22.609
72 38 74.067
72 41 43.454
72 42 18.075
72 43 45.411
72 45 70.182
72 46 30.388
72 48 96.327
72 50 60.601
72 53 99.434
72 55 7.531
72 56 15.043
72 58 81.703
72 59 17.334
72 60 54.125
72 61 78.324
72 62 99.173
72 64 85.304
72 71 24.885
73 5 68.327
73 6 35.026
73 7 30.145
73 13 68.276
73 14 79.616
73 17 88.645
73 22 13.994
73 24 78.713
73 27 17.304
73 28 88.65
73 30 53.117
73 32 1.856
73 33 34.084
73 34 98.338
73 36 34.766
73 38 22.862
73 40 47.206
73 42 9.718
73 46 24.383
73 47 14.286
73 48 97.187
73 49 11.245
73 58 15.44
73 59 60.469
73 60 41.866
73 65 96.908
73 66 54.604
73 69 81.612
73 70 84.705
73 72 31.919
74 2 84.434
74 3 20.577
74 6 6.214
74 8 68.53
74 9 55.637
74 11 99.085
74 13 72.731
74 14 61.654
74 18 82.548
74 21 35.453
74 23 54.312
74 24 53.623
74 25 11.352
74 29 35.863
74 31 15.099
74 32 59.094
74 34 56.801
74 35 43.469
74 36 5.755
74 37 56.343
74 44 75.304
74 46 52.387
74 48 37.79
74 50 80.527
74 52 93.337
74 56 79.468
74 57 20.919
74 59 44.503
74 61 22.599
74 64 11.603
74 66 84.928
74 69 13.408
74 72 19.093
75 3 74.706
75 5 5.695
75 6 40.365
75 10 26.41
75 11 30.182
75 12 92.031
75 14 81.511
75 15 25.54
75 17 72.131
75 18 69.977
75 19 33.49
75 22 27.297
75 23 93.079
75 24 9.537
75 25 66.223
75 26 9.133
75 27 60.753
75 28 6.723
75 31 52.072
75 33 38.479
75 34 57.045
75 35 32.733
75 36 19.266
75 38 27.749
75 40 14.282
75 41 66.612
75 42 88.584
75 44 3.848
75 48 43.618
75 51 21.15
75 54 3.092
75 55 9.265
75 58 56.756
75 60 53.274
75 62 46.343
75 64 45.384
75 65 35.181
75 69 12.958
75 72 4.876
75 73 7.077
75 74 84.504
76 0 19.786
76 1 81.523
76 2 72.213
76 5 25.681
76 6 28.176
76 7 60.251
76 8 86.654
76 14 95.925
76 17 58.596
76 18 83.755
76 21 54.67
76 22 16.854
76 24 29.329
76 25 39.744
76 33 56.121
76 34 29.132
76 37 46.285
76 38 58.168
76 39 44.17
76 46 30.256
76 47 51.796
76 50 73.219
76 54 53.978
76 56 74.146
76 57 35.357
76 59 6.722
76 64 95.665
76 65 85.317
76 66 9.461
76 69 61.845
76 70 75.529
76 71 59.14
76 74 85.338
77 2 79.394
77 3 53.477
77 4 98.058
77 5 67.993
77 6 40.224
77 7 78.608
77 10 48.789
77 13 11.341
77 14 31.161
77 15 58.791
77 16 99.417
77 18 12.407
77 19 26.136
77 20 84.421
77 23 71.519
77 24 19.579
77 26 1.119
77 30 58.384
77 31 11.711
77 34 51.636
77 35 39.123
77 36 6.99
77 38 82.076
77 39 7.437
77 44 92.585
77 46 87.228
77 47 84.704
77 49 51.272
77 52 91.497
77 53 56.305
77 54 12.649
77 56 8.811
77 58 98.046
77 61 97.044
77 62 77.176
77 65 99.673
77 66 58.363
77 68 50.419
77 69 60.531
77 71 96.023
77 73 43.569
77 74 47.687
77 76 46.136
78 1 74.564
78 6 21.553
78 7 7.305
78 8 29.237
78 9 24.215
78 10 81.522
78 14 45.074
78 15 34.011
78 16 12.092
78 18 70.537
78 20 70.265
78 22 4.326
78 25 33.942
78 26 95.481
78 29 78.546
78 30 23.605
78 33 30.081
78 35 20.278
78 36 38.408
78 38 55.604
78 39 78.8
78 41 64.34
78 44 50.868
78 46 9.97
78 47 79.197
78 48 20.101
78 51 44.981
78 52 48.535
78 54 68.551
78 55 31.189
78 56 76.879
78 60 17.189
78 64 21.853
78 66 52.131
78 67 86.145
78 68 72.753
78 69 57.393
78 71 7.331
78 75 99.081
78 77 20.182
79 0 55.218
79 1 51.253
79 2 51.425
79 5 6.717
79 6 7.749
79 9 45.723
79 11 35.214
79 14 67.86
79 15 54.801
79 16 63.019
79 18 4.542
79 21 4.71
79 23 16.34
79 25 69.16
79 26 37.318
79 28 77.949
79 29 18.863
79 30 88.707
79 31 64.116
79 33 36.067
79 36 79.142
79 38 63.58
79 43 66.381
79 45 52.627
79 46 71.663
79 49 76.219
79 52 71.866
79 53 37.743
79 56 94.073
79 57 22.165
79 60 85.7
79 62 25.849
79 65 34.373
79 66 44.942
79 67 60.217
79 71 63.689
79 72 83.761
80 2 2.977
80 3 26.808
80 4 45.836
80 5 14.859
80 6 14.67
80 7 30.531
80 8 4.955
80 9 59.922
80 10 82.33
80 14 29.544
80 16 50.529
80 17 54.724
80 19 34.821
80 20 46.133
80 21 31.61
80 22 0.839
80 26 4.002
80 27 98.03
80 28 2.362
80 31 89.016
80 32 12.211
80 33 68.302
80 35 45.815
80 39 93.979
80 40 81.36
80 44 82.606
80 46 67.347
80 47 59.297
80 48 96.411
80 49 14.408
80 50 16.624
80 51 37.977
80 53 99.696
80 55 66.982
80 56 1.592
80 57 19.587
80 59 43.62
80 63 13.379
80 66 50.13
80 67 39.458
80 68 0.3
80 70 95.301
80 71 10.648
80 73 51.698
80 74 89.851
80 75 37.299
80 76 92.334
80 77 82.011
80 78 82.12
80 79 69.33
81 0 28.719
81 4 2.558
81 6 68.651
81 7 43.802
81 9 87.102
81 10 9.914
81 12 80.157
81 14 46.32
81 16 77.707
81 19 55.131
81 20 4.706
81 22 55.063
81 23 64.529
81 25 0.609
81 26 42.906
81 29 38.151
81 30 41.622
81 33 1.801
81 35 82.757
81 36 44.414
81 37 39.523
81 39 27.374
81 40 74.533
81 44 88.04
81 45 18.51
81 48 15.91
81 49 31.839
81 50 47.75
81 53 80.769
81 55 72.23
81 56 18.529
81 60 4.887
81 61 62.694
81 65 37.515
81 67 1.247
81 71 43.89
81 72 9.225
81 74 33.442
81 75 74.537
81 76 66.145
81 79 74.203
82 0 54.978
82 4 47.15
82 5 45.98
82 8 90.636
82 10 48.172
82 11 66.659
82 15 98.719
82 16 32.817
82 19 29.325
82 22 22.264
82 23 68.08
82 26 42.69
82 27 66.582
82 28 97.18
82 30 94.829
82 31 76.858
82 33 85.406
82 34 72.522
82 35 5.708
82 38 55.166
82 43 93.26
82 45 75.943
82 49 47.403
82 51 7.529
82 53 45.526
82 56 52.075
82 59 59.707
82 60 31.119
82 61 8.793
82 62 62.632
82 63 24.94
82 65 22.154
82 67 68.668
82 68 99.642
82 69 96.559
82 70 8.828
82 71 68.184
82 73 15.383
82 74 95.605
82 75 5.795
82 78 63.294
82 81 19.925
83 0 23.702
83 1 92.221
83 3 12.909
83 4 62.617
83 6 18.77
83 7 94.327
83 9 83.332
83 13 41.432
83 14 50.752
83 15 0.125
83 17 94.648
83 18 61.348
83 22 79.043
83 23 1.377
83 25 67.808
83 27 87.366
83 28 56.669
83 29 59.767
83 30 12.329
83 32 80.793
83 33 4.319
83 34 63.984
83 39 85.467
83 41 7.936
83 43 13.743
83 47 7.658
83 49 33.926
83 51 24.317
83 52 57.794
83 56 57.779
83 57 37.726
83 61 39.074
83 67 12.878
83 69 16.136
83 75 24.502
83 77 66.647
83 80 11.867
83 82 91.617
84 0 69.156
84 4 85.358
84 5 70.727
84 6 9.898
84 8 46.848
84 9 13.182
84 11 82.879
84 12 66.452
84 13 58.129
84 16 55.993
84 20 62.704
84 25 90.432
84 26 16.15
84 27 24.57
84 28 57.36
84 35 72.644
84 37 92.229
84 41 5.059
84 42 73.556
84 43 37.836
84 49 33.211
84 51 84.997
84 52 68.436
84 53 76.351
84 54 94.101
84 55 47.259
84 57 58.073
84 62 29.868
84 67 5.596
84 70 77.248
84 71 15.254
84 72 1.395
84 75 74.213
84 76 45.787
84 78 75.918
84 83 99.58
85 0 92.317
85 2 82.245
85 3 53.847
85 4 1.665
85 7 56.484
85 9 79.642
85 10 15.958
85 14 25.182
85 15 79.648
85 16 65.479
85 18 36.681
85 19 7.743
85 20 96.873
85 21 8.971
85 24 85.572
85 27 18.988
85 28 72.332
85 32 7.824
85 33 7.119
85 38 64.45
85 40 80.52
85 45 2.72
85 53 54.927
85 54 93.281
85 55 92.977
85 61 90.088
85 62 37.237
85 64 59.803
85 65 68.322
85 67 36.636
85 68 88.847
85 69 45.737
85 71 1.004
85 72 66.398
85 74 96.656
85 75 62.577
85 80 23.675
85 81 42.794
86 1 80.093
86 13 26.344
86 14 49.662
86 15 33.85
86 16 76.162
86 17 85.961
86 19 30.789
86 22 66.28
86 24 49.392
86 25 51.15
86 26 15.264
86 27 99.783
86 34 0.528
86 35 25.491
86 37 75.914
86 38 66.38
86 39 72.448
86 40 61.555
86 41 24.751
86 42 45.252
86 43 33.928
86 45 73.619
86 46 52.28
86 52 98.275
86 53 66.498
86 54 64.292
86 55 10.612
86 57 24.274
86 58 50.752
86 60 3.737
86 61 14.268
86 62 18.694
86 64 54.906
86 67 25.345
86 68 42.049
86 69 60.496
86 71 19.133
86 74 97.866
86 75 37.536
86 77 79.96
86 78 64.827
86 80 78.462
86 82 46.998
86 83 93.874
86 84 51.424
87 1 32.425
87 3 65.949
87 4 39.401
87 6 99.115
87 10 63.64
87 14 44.326
87 15 22.766
87 16 81.837
87 17 18.142
87 19 25.232
87 20 63.51
87 22 51.829
87 23 69.752
87 24 53.597
87 25 19.263
87 26 74.764
87 27 70.758
87 28 77.284
87 29 14.949
87 31 78.124
87 32 67.964
87 36 17.923
87 38 89.4
87 41 68.566
87 44 71.672
87 47 13.079
87 48 43.603
87 50 97.952
87 51 44.836
87 52 73.677
87 53 72.892
87 54 8.407
87 55 71.749
87 56 95.27
87 58 74.145
87 59 39.17
87 60 13.682
87 61 10.806
87 62 92.334
87 63 91.933
87 65 81.824
87 66 16.832
87 68 74.362
87 70 50.42
87 71 18.085
87 72 82.9
87 73 0.393
87 74 81.397
87 75 88.291
87 80 79.612
87 82 56.893
87 84 74.089
88 0 74.519
88 2 39.311
88 3 65.562
88 6 50.058
88 7 56.596
88 8 46.644
88 9 35.36
88 10 99.513
88 12 19.435
88 16 33.816
88 17 78.123
88 19 72.325
88 21 65.765
88 23 95.838
88 24 70.608
88 26 94.552
88 28 40.578
88 29 8.511
88 31 96.508
88 32 84.059
88 33 29.544
88 34 0.468
88 35 43.693
88 36 49.946
88 37 67.184
88 39 88.41
88 40 54.274
88 42 77.941
88 45 28.613
88 46 25.255
88 48 52.978
88 49 42.627
88 50 51.863
88 55 68.785
88 57 87.791
88 59 51.629
88 60 8.015
88 62 88.375
88 63 77.809
88 65 35.448
88 67 6.187
88 68 4.167
88 69 34.589
88 71 13.107
88 72 24.927
88 73 23.676
88 75 68.994
88 78 95.359
88 80 65.79
88 81 54.445
88 82 32.712
88 84 32.523
88 85 24.128
89 0 65.471
89 4 64.24
89 7 24.459
89 9 30.965
89 11 34.042
89 12 38.397
89 15 87.541
89 16 85.965
89 18 38.369
89 20 65.108
89 21 36.227
89 24 40.941
89 26 90.064
89 29 70.009
89 30 36.927
89 31 52.305
89 32 86.511
89 33 26.171
89 37 13.17
89 38 94.639
89 39 36.994
89 42 25.823
89 43 87.806
89 44 88.234
89 53 26.457
89 55 66.442
89 57 27.527
89 58 58.131
89 61 62.426
89 62 75.565
89 64 13.153
89 65 96.056
89 68 53.353
89 71 23.782
89 72 66.767
89 74 28.331
89 75 60.964
89 77 77.304
89 78 75.564
89 83 65.345
89 84 85.157
89 88 52.397
90 3 44.768
90 5 11.959
90 8 3.151
90 10 66.666
90 11 37.122
90 12 82.496
90 16 8.879
90 18 89.783
90 21 48.8
90 23 0.459
90 24 14.409
90 25 74.803
90 27 88.634
90 28 77.834
90 29 99.136
90 30 79.27
90 31 83.608
90 33 83.34
90 34 82.78
90 37 10.182
90 39 33.901
90 43 98.556
90 46 95.603
90 48 93.043
90 49 21.944
90 50 94.201
90 51 50.961
90 53 99.914
90 54 21.813
90 57 38.818
90 59 50.615
90 60 78.354
90 61 94.347
90 66 0.79
90 67 81.276
90 70 72.632
90 71 49.755
90 72 13.636
90 73 30.66
90 74 37.322
90 75 79.816
90 76 9.516
90 77 84.969
90 79 17.147
90 80 77.76
90 82 74.21
90 83 75.128
90 84 0.071
90 85 31.575
90 86 65.055
90 87 82.774
91 0 50.945
91 1 67.356
91 4 36.673
91 6 37.226
91 7 23.564
91 9 11.353
91 11 60.921
91 14 38.438
91 15 7.583
91 17 80.3
91 18 98.992
91 20 24.076
91 22 55.858
91 23 82.081
91 24 33.295
91 26 31.027
91 32 30.877
91 34 99.867
91 37 53.21
91 40 49.064
91 41 4.458
91 44 27.706
91 47 0.749
91 49 85.411
91 52 86.179
91 55 55.195
91 60 78.907
91 61 8.336
91 65 74.753
91 67 46.879
91 68 56.436
91 69 64.264
91 72 61.024
91 74 25.871
91 78 79.177
91 81 51.224
91 82 10.027
91 88 9.218
91 89 84.555
91 90 48.245
92 2 54.24
92 3 22.755
92 4 2.81
92 5 2.456
92 10 6.065
92 13 3.062
92 15 4.349
92 17 84.394
92 20 57.881
92 22 15.83
92 26 38.577
92 31 16.089
92 32 84.379
92 33 25.077
92 34 42.503
92 42 14.976
92 43 31.201
92 44 59.576
92 45 57.608
92 47 58.935
92 48 26.717
92 54 79.893
92 56 50.279
92 57 64.279
92 58 37.455
92 60 48.494
92 61 10.031
92 62 4.722
92 63 69.193
92 67 54.17
92 71 38.88
92 75 82.114
92 77 39.582
92 78 49.686
92 79 69.926
92 80 81.632
92 81 83.723
92 86 3.87
92 87 8.788
92 89 60.201
92 90 40.485
93 0 6.69
93 1 87.361
93 3 94.286
93 4 1.822
93 6 75.62
93 8 61.856
93 12 45.943
93 13 19.838
93 14 99.053
93 15 78.442
93 19 93.13
93 20 93.559
93 21 6.566
93 22 61.28
93 23 76.392
93 25 67.4
93 26 95.017
93 27 83.441
93 32 84.723
93 33 28.09
93 34 71.748
93 36 10.988
93 39 62.456
93 40 40.139
93 41 85.886
93 43 31.675
93 44 69.163
93 46 77.461
93 49 52.433
93 50 20.71
93 52 32.527
93 53 33.072
93 55 44.133
93 57 33.04
93 61 69.285
93 62 92.341
93 63 51.438
93 66 44.26
93 67 77.959
93 68 93.654
93 69 1.31
93 70 13.406
93 71 19.717
93 78 86.68
93 79 81.64
93 81 32.449
93 85 25.946
93 87 97.784
93 89 63.391
93 92 23.585
94 0 28.458
94 2 92.62
94 7 9.964
94 8 18.975
94 10 71.971
94 11 89.249
94 13 51.841
94 18 10.84
94 19 90.036
94 21 13.965
94 24 3.91
94 25 7.092
94 28 45.64
94 29 74.238
94 30 44.199
94 31 99.139
94 33 29.04
94 34 31.015
94 36 70.453
94 37 13.928
94 38 57.032
94 42 95.662
94 44 44.299
94 46 10.638
94 49 23.26
94 50 63.675
94 54 45.173
94 55 42.906
94 57 76.596
94 63 3.164
94 64 70.063
94 65 3.447
94 67 86.114
94 68 65.401
94 69 25.987
94 75 6.433
94 77 22.1
94 79 14.108
94 81 20.497
94 82 4.521
94 86 90.712
94 87 36.762
94 89 24.009
94 91 25.514
95 1 86.265
95 3 11.006
95 4 94.86
95 8 90.785
95 12 49.067
95 13 86.604
95 14 64.069
95 18 63.206
95 21 62.238
95 29 42.083
95 30 52.193
95 32 18.07
95 36 66.238
95 40 55.356
95 41 81.137
95 42 21.689
95 44 94.407
95 49 67.237
95 51 71.287
95 52 3.043
95 58 50.647
95 61 6.541
95 64 47.331
95 65 41.487
95 66 22.02
95 72 10.092
95 74 87.387
95 75 67.953
95 76 12.723
95 79 42.187
95 80 6.266
95 83 69.586
95 85 3.131
95 91 2.437
95 92 98.477
95 93 62.19
95 94 8.007
96 0 32.42
96 1 14.442
96 2 86.633
96 6 32.583
96 7 21.674
96 9 2.531
96 13 57.864
96 16 67.528
96 17 41.305
96 20 69.741
96 22 89.56
96 23 80.009
96 24 73.197
96 25 87.192
96 26 93.354
96 28 6.257
96 29 72.049
96 30 3.269
96 32 52.512
96 34 73.915
96 35 86.916
96 38 42.51
96 39 6.648
96 40 70.147
96 43 25.162
96 46 98.822
96 49 70.145
96 51 88.84
96 52 35.725
96 57 40.529
96 58 1.029
96 62 28.149
96 63 58.305
96 64 67.097
96 65 49.686
96 69 26.865
96 70 38.405
96 74 1.457
96 76 93.869
96 77 96.258
96 80 52.656
96 83 56.702
96 84 72.643
96 86 79.056
96 87 26.843
96 88 69.112
96 89 88.044
97 0 81.149
97 3 24.32
97 4 26.489
97 5 59.392
97 6 31.524
97 9 73.434
97 11 14.401
97 13 0.175
97 16 3.924
97 19 26.907
97 20 40.255
97 21 45.876
97 23 23.012
97 24 22.652
97 27 96.729
97 29 53.134
97 30 84.947
97 32 85.445
97 36 86.43
97 40 67.023
97 42 17.421
97 43 30.213
97 44 76.32
97 45 84.224
97 47 59.468
97 49 64.03
97 50 84.312
97 52 90.011
97 53 45.328
97 56 33.241
97 58 8.66
97 60 27.499
97 65 79.494
97 69 10.686
97 71 67.318
97 72 64.383
97 73 97.379
97 74 81.98
97 76 12.306
97 78 74.842
97 82 41.354
97 84 82.861
97 85 44.963
97 86 15.872
97 91 63.479
97 92 14.887
97 95 72.175
98 0 98.48
98 1 0.757
98 2 13.602
98 4 36.905
98 5 0.373
98 7 36.764
98 9 98.973
98 12 60.594
98 13 4.807
98 18 71.733
98 21 27.458
98 22 9.814
98 23 13.627
98 25 63.753
98 26 81.417
98 32 40.8
98 33 10.63
98 35 74.77
98 38 56.149
98 39 14.894
98 40 17.045
98 42 22.096
98 46 32.353
98 49 28.2
98 50 24.905
98 52 39.32
98 54 32.952
98 57 98.057
98 63 12.27
98 64 85.337
98 67 24.762
98 70 25.134
98 71 39.314
98 72 43.603
98 74 22.785
98 76 9.737
98 78 53.469
98 79 74.492
98 84 2.126
98 86 94.181
98 87 32.002
98 90 21.579
98 94 73.973
98 95 80.812
98 96 58.131
99 0 68.204
99 3 3.872
99 5 25.646
99 6 19.767
99 7 38.713
99 11 18.172
99 13 62.434
99 14 75.111
99 16 11.409
99 17 40.05
99 18 97.332
99 19 55.326
99 23 61.657
99 24 79.489
99 25 84.331
99 29 20.414
99 36 75.667
99 39 34.712
99 44 58.16
99 48 49.301
99 49 36.82
99 50 66.899
99 52 29.61
99 53 42.953
99 54 87.91
99 55 46.902
99 58 35.784
99 59 72.705
99 61 49.515
99 62 11.889
99 63 72.124
99 64 27.773
99 68 96.182
99 72 80.362
99 74 62.369
99 75 15.078
99 76 43.623
99 77 41.112
99 78 67.443
99 79 46.129
99 80 16.51
99 81 7.06
99 82 76.257
99 84 78.909
99 86 85.729
99 88 70.109
99 90 49.352
99 91 5.878
99 94 22.675
99 95 75.6
