100
0 19 55.588
0 24 63.175
0 25 8.378
0 26 0.352
0 27 4.79
1 20 62.893
1 8 60.989
1 24 58.304
1 28 17.573
1 29 20.548
1 30 11.746
2 11 53.614
2 7 50.76
2 31 0.904
2 32 13.97
2 33 12.67
3 8 64.143
3 34 11.226
3 35 8.167
3 36 0.487
4 9 52.269
4 10 59.351
4 13 52.209
4 37 12.227
4 38 15.043
4 39 14.05
5 8 63.621
5 40 7.745
5 41 8.318
5 42 14.838
6 7 52.83
6 43 8.979
6 44 10.938
6 45 9.764
7 10 66.715
7 46 14.297
7 47 6.587
7 48 9.965
8 21 61.92
8 49 6.623
8 50 8.423
8 51 8.895
9 12 55.676
9 52 9.326
9 53 10.89
9 54 15.405
10 14 70.058
10 15 63.39
10 55 12.617
10 56 8.354
10 57 2.581
11 58 11.354
11 59 9.964
11 60 25.315
12 61 15.043
12 62 3.35
12 63 19.878
13 16 69.799
13 64 21.156
13 65 1.422
13 66 12.481
14 67 7.153
14 68 8.041
14 69 12.631
15 70 13.915
15 71 10.746
15 72 18.952
16 18 58.9
16 73 4.689
16 74 9.288
16 75 11.707
17 23 67.871
17 19 67.099
17 76 7.403
17 77 0.454
17 78 4.213
18 22 57.894
18 19 53.995
18 79 3.846
18 80 1.537
18 81 11.778
19 82 9.847
19 83 8.539
19 84 13.518
20 85 21.39
20 86 12.851
20 87 13.106
21 88 3.495
21 89 0.537
21 90 8.484
22 91 8.824
22 92 5.624
22 93 9.651
23 94 15.958
23 95 6.403
23 96 5.191
24 97 14.278
24 98 18.491
24 99 8.676
25 54 16.597
25 62 24.87
25 35 26.922
26 37 22.709
26 73 18.789
26 79 17.96
26 42 13.143
27 86 17.739
28 46 28.953
28 38 15.932
28 97 18.696
29 99 19.255
30 58 22.608
30 93 22.178
31 44 15.021
31 35 12.348
32 43 27.972
32 61 19.368
33 59 24.863
34 46 25.115
35 95 17.318
35 47 21.195
36 39 14.692
37 39 7.849
38 45 24.926
38 48 29.523
40 61 12.647
41 67 14.257
42 81 13.388
43 90 38.54
44 88 18.5
45 63 16.985
47 85 20.506
47 55 16.668
48 68 18.494
48 91 15.31
49 71 14.531
49 83 18.059
50 84 21.139
51 96 24.627
52 92 28.129
52 94 21.544
52 62 21.206
53 75 8.942
53 81 36.078
55 60 11.144
56 91 16.353
57 62 22.873
59 66 26.347
60 83 23.614
60 93 23.647
61 64 14.303
63 84 28.436
64 83 18.852
65 84 33.332
66 81 21.864
67 84 22.539
69 81 17.916
69 87 18.174
70 74 12.195
70 91 22.482
72 89 16.823
72 85 21.512
74 80 15.884
76 84 16.426
77 97 24.596
78 90 11.912
82 94 17.097
83 98 18.067
85 97 26.862
86 96 27.559
87 95 13.762
93 99 17.246
95 96 14.54