100
0 93 73.739
0 49 13.656
1 18 40.817
1 19 53.135
1 65 35.912
2 3 95.643
2 47 11.238
2 66 26.357
3 22 68.179
4 67 56.996
4 92 32.147
5 68 38.94
5 22 18.717
6 27 38.62
6 63 6.17
6 93 68.303
7 92 85.331
7 41 52.064
7 79 59.441
8 58 18.755
8 18 49.127
8 30 49.19
8 56 78.328
8 74 0.794
9 59 28.103
9 24 27.451
10 79 69.166
11 48 8.942
11 59 78.195
11 31 18.024
11 60 4.905
12 22 73.374
12 44 37.213
12 48 18.967
12 70 37.595
13 20 18.127
14 90 19.147
14 79 68.454
14 94 4.184
15 67 46.603
15 32 4.894
15 39 34.942
15 62 95.954
16 28 6.585
16 80 57.569
17 53 44.71
17 71 53.297
17 43 61.485
18 19 35.684
18 34 1.643
18 60 53.061
19 52 2.744
20 66 35.143
20 22 56.062
20 46 96.551
21 41 67.603
21 86 27.219
21 27 10.513
21 71 23.533
21 89 59.051
22 75 69.305
23 65 56.283
23 26 62.843
24 30 68.572
25 49 70.93
27 72 63.102
27 84 62.199
28 82 9.356
28 54 16.076
29 44 20.71
29 36 78.94
31 55 3.105
32 84 36.625
32 37 63.215
33 93 80.667
34 78 48.981
34 38 39.311
34 99 17.782
35 54 55.503
37 39 30.277
37 40 72.859
38 82 31.689
38 46 79.723
38 77 88.195
39 90 10.244
40 65 31.415
41 82 19.642
42 67 51.639
43 68 91.082
44 82 30.89
45 81 53.97
45 97 12.073
46 83 46.32
46 94 16.712
47 73 11.963
48 69 51.959
49 91 1.524
49 64 94.862
50 52 58.305
51 86 73.317
51 72 22.539
51 91 81.222
52 76 75.463
53 67 4.854
53 78 81.96
54 73 12.593
54 59 93.074
55 62 43.954
55 98 84.438
55 88 85.457
56 85 74.103
56 58 89.584
56 67 62.489
57 65 66.56
58 89 21.83
58 69 93.822
60 84 34.872
60 91 93.131
61 99 14.817
61 76 3.529
62 73 6.403
63 95 97.953
64 67 42.966
64 72 33.096
64 82 51.11
64 86 25.398
65 87 62.209
68 80 25.373
68 71 39.717
69 89 19.788
70 91 73.044
70 96 41.799
71 98 34.711
72 97 42.641
75 83 80.188
75 91 79.208
77 94 81.666
78 80 8.042
79 93 27.023
81 94 56.2
83 97 17.126
83 92 92.743
84 86 48.275
85 90 68.03
85 95 69.757
87 99 82.402
88 97 22.411
92 98 56.318
