100
0 6 1
0 60 44
0 69 6
0 86 1
1 8 6
1 58 10
1 60 28
1 61 1
2 40 7
3 4 6
3 13 1
4 17 2
4 36 3
4 41 18
4 57 1
5 36 7
5 49 1
5 55 6
5 79 1
6 38 10
6 43 43
7 23 4
7 41 4
8 42 3
9 46 30
10 80 1
10 81 14
10 85 1
10 95 1
11 24 23
12 13 1
12 22 19
12 24 1
13 83 1
13 89 1
14 24 1
14 38 46
14 52 1
14 63 1
14 65 93
14 66 1
14 76 58
15 66 8
16 27 55
17 55 5
17 76 13
17 77 1
18 25 1
18 37 64
18 40 1
18 62 1
18 85 1
19 68 82
19 78 1
20 96 12
20 98 88
21 24 1
21 90 12
21 93 17
22 35 81
22 37 1
22 45 10
22 46 12
22 60 44
22 63 1
23 24 10
23 36 50
23 39 10
23 42 20
24 75 1
24 76 4
24 77 6
25 97 72
26 42 13
26 54 46
26 75 17
27 38 1
27 48 11
28 29 4
29 62 10
30 55 1
30 78 1
31 32 1
31 36 1
31 38 10
31 89 1
32 33 1
32 57 22
32 77 11
32 87 8
32 88 9
32 98 6
32 99 1
33 74 1
33 81 18
33 87 29
33 92 1
34 59 1
34 63 23
35 69 3
35 73 9
35 74 1
35 78 12
35 81 49
36 48 1
37 55 77
39 41 10
39 80 1
39 92 9
40 45 14
40 47 19
40 55 55
40 58 1
42 47 32
42 76 15
42 81 9
42 99 5
43 44 10
43 48 1
43 51 17
43 52 1
43 82 1
44 45 1
44 47 44
44 52 1
45 49 1
45 98 1
47 54 10
47 65 1
48 65 26
48 68 5
48 71 75
49 52 20
49 56 1
49 69 19
50 53 4
50 55 32
50 56 1
50 67 1
50 73 4
50 76 16
50 96 1
51 98 1
52 68 31
52 71 1
52 82 23
52 83 1
52 90 33
53 79 1
53 89 20
54 59 6
55 57 1
55 60 80
55 82 1
57 75 1
57 76 1
57 87 77
57 89 1
57 94 2
57 97 2
58 60 9
58 65 26
58 72 1
58 87 1
59 63 23
62 84 67
62 91 94
64 65 1
64 77 1
65 92 27
66 78 1
66 85 1
66 88 99
66 96 1
68 69 56
68 83 65
69 80 1
69 88 1
70 73 99
71 90 6
72 79 1
72 87 11
73 95 1
73 96 10
74 75 1
77 80 70
80 87 4
83 91 20
84 88 99
84 93 1
85 92 26
86 89 98
86 93 40
91 95 4
95 98 1
96 98 14
