100
0 12 9.328
0 6 4.863
0 32 4.656
0 34 8.518
0 35 11.295
0 36 9.755
0 37 12.055
0 38 8.365
0 39 9.724
0 40 6.758
0 41 10.931
0 42 10.006
0 43 14.232
0 44 9.951
0 45 9.89
0 46 12.095
0 47 12.739
0 48 11.094
0 49 13.21
0 50 16.23
0 51 11.587
0 52 10.246
0 53 14.701
0 54 11.194
0 55 11.401
0 56 18.021
0 57 14.963
1 21 6.371
1 2 5.855
1 34 9.5
1 58 12.696
1 59 11.062
1 60 13.246
1 61 12.889
1 62 12.603
1 63 10.218
1 64 13.746
1 65 14.36
1 66 14.625
1 67 11.994
1 68 11.664
1 69 14.251
1 70 10.315
1 71 11.182
1 72 14.277
1 73 12.449
1 74 12.949
1 75 11.52
1 76 12.125
1 77 8.288
1 78 12.285
2 10 6.434
2 17 6.34
2 58 8.198
2 79 10.875
2 80 10.705
2 81 13.87
2 82 10.837
2 83 11.488
2 84 14.919
2 85 14.839
2 86 7.884
2 87 13.829
2 88 11.434
2 89 12.284
2 90 13.386
2 91 11.525
2 92 7.436
2 93 13.111
2 94 8.775
2 95 12.059
2 96 10.307
2 97 11.636
2 98 13.001
2 99 12.573
3 25 7.477
3 31 8.991
3 35 11.215
3 79 10.528
4 18 4.527
4 8 8.143
4 36 12.278
4 80 11.806
5 8 3.391
5 6 7.681
5 37 9.328
5 81 12.472
6 38 11.811
6 59 9.334
7 19 9.311
7 82 12.903
8 28 7.304
8 39 11.371
8 60 15.386
8 83 7.403
9 20 1.703
9 40 15.834
9 61 11.337
9 84 13.151
10 41 12.612
10 85 15.266
11 13 2.58
11 27 6.943
11 17 5.383
11 26 9.724
11 42 11.698
12 22 7.444
12 86 9.609
13 43 11.746
13 62 10.452
13 87 10.349
14 15 8.551
14 32 3.151
14 63 8.325
14 88 10.045
15 64 12.051
15 89 10.369
16 32 8.71
16 44 10.756
16 65 11.93
17 29 5.24
17 45 10.879
17 66 13.035
17 90 11.043
18 31 6.944
18 46 10.799
18 91 14.08
19 25 7.893
19 47 11.069
19 67 13.676
19 92 11.496
20 33 6.861
20 68 8.493
21 48 9.444
21 69 13.419
21 93 11.602
22 49 13.745
22 70 8.309
22 94 10.524
23 26 5.57
23 71 8.395
24 31 8.37
24 50 12.467
24 72 11.401
24 95 11.219
25 30 8.664
25 51 10.068
25 96 9.322
26 31 10.682
26 97 12.926
27 52 14.812
27 73 10.233
27 98 11.742
28 74 13.933
28 99 14.008
29 53 11.026
29 75 11.622
30 54 10.356
31 55 14.748
31 76 13.914
32 33 6.242
32 56 13.763
32 77 16.841
33 57 11.155
33 78 8.579