100
25 23 94.14
37 62 25.9
33 59 59.1
44 18 5.71
62 16 79.56
20 43 62.44
11 4 66.23
16 14 65.46
26 10 99.32
49 31 21.49
26 79 90.12
69 46 58.27
29 30 30.96
68 82 45.34
52 85 41.85
18 82 17.35
11 88 32.67
10 59 50.45
41 52 31.89
68 44 45.6
37 80 81.64
0 36 18.65
14 72 35.73
54 56 81.59
77 53 4.47
56 88 20.05
52 35 83.59
44 87 42.08
72 67 8.21
37 83 32.14
62 47 42.32
30 76 46.46
33 88 44.19
57 89 95.15
50 38 86.53
58 34 25.44
77 5 26.86
31 74 99.49
13 88 4.11
20 80 46.72
19 48 85.3
1 89 8.77
21 30 96.05
36 50 64.42
87 70 24.27
48 60 22.91
22 0 21.71
17 11 46.66
65 62 50.71
57 88 20.55
52 56 9.19
49 10 90.71
48 31 99.39
32 45 50.01
5 37 66.93
83 77 63.52
4 51 88.27
47 39 53.24
28 62 5.19
45 12 76.11
76 35 10.01
30 18 81.8
48 65 68.74
51 24 20.97
24 48 91.41
25 63 48.8
19 10 71.78
4 13 86.45
59 80 63.18
95 22 58.94
93 87 62.05
55 76 43.91
50 53 78.67
1 78 40.85
22 79 9.87
62 20 74.86
17 60 12.76
24 95 15.75
60 5 28.06
47 5 94.1
95 60 55.52
15 13 64.92
52 18 36.91
13 21 53.17
57 77 28.33
79 82 20.94
3 54 5.49
40 47 29.63
70 92 52.92
65 90 43.23
40 11 38.16
54 70 12.36
60 43 24.72
48 15 98.53
65 8 22.69
42 37 75.2
11 8 67.84
56 62 21.64
75 27 90.96
31 1 16.36
89 92 41.53
70 26 38.07
43 83 27.4
3 11 68.34
2 32 3.03
34 90 94.91
67 51 56.59
45 68 5.84
8 85 2.98
75 26 45.61
28 79 33.32
15 37 59.23
39 35 52.89
2 40 77.94
22 8 78.99
86 18 54.24
72 90 95.45
90 93 92.74
17 7 99.72
90 22 96.55
74 71 63.66
6 12 60.29
76 3 97.49
45 24 0.06
92 35 65.98
58 80 52.82
20 42 22.66
39 7 72.31
81 62 72.66
26 37 72.48
0 67 88.42
71 44 96.94
31 66 14.86
76 73 70.39
24 82 78.8
82 34 26.38
66 27 63.11
80 22 19.17
76 82 86.34
7 64 73.64
89 86 66.51
91 37 76.54
20 47 64.93
37 16 97.06
3 35 76.99
90 28 74.86
83 67 13.81
61 95 16.33
79 70 1.08
86 79 84.91
20 73 7.98
81 29 9.2
54 43 52.6
52 15 93.4
28 16 66.01
67 2 43.94
65 43 30.13
6 41 42.24
18 54 89.92
30 0 51.14
27 33 53.02
17 34 85.09
81 43 97.6
60 70 21.07
10 35 64.79
22 76 9.32
26 72 69.23
84 5 49.74
34 9 57.41
25 80 55.25
86 23 32.0
70 20 23.21
2 60 8.05
14 45 41.3
37 49 36.1
87 10 47.83
52 79 8.9
0 18 61.97
53 24 46.29
14 21 9.15
0 58 28.03
23 41 38.1
92 41 37.48
25 9 4.6
21 26 57.68
33 67 82.55
92 7 44.61
0 90 29.58
47 37 81.4
81 59 99.99
80 21 55.43
75 39 95.03
55 28 2.47
93 89 82.0
70 73 46.58
68 6 10.74
44 12 74.26
65 0 42.3
8 42 47.7
13 6 21.64
49 14 59.98
68 37 2.66
69 5 77.29
56 36 49.41
7 78 87.41
64 17 35.45
86 46 18.94
84 45 12.48
17 57 58.85
33 17 79.43
66 39 17.91
66 46 61.81
62 75 76.0
86 28 70.56
75 17 46.14
63 18 4.9
58 2 75.67
69 58 5.06
50 57 22.45
75 78 85.51
55 62 0.53
88 71 25.74
3 62 33.1
94 67 7.62
67 70 39.15
66 24 59.35
75 59 38.24
26 46 2.8
20 48 28.33
48 35 24.85
91 40 7.75
2 68 16.29
89 48 35.54
25 51 15.89
6 20 72.89
76 26 30.68
61 10 77.21
80 51 10.66
85 94 95.58
51 37 71.61
14 44 17.48
82 94 22.78
3 21 66.12
16 77 82.99
43 91 57.47
48 58 25.11
17 61 40.95
88 53 68.13
32 63 60.72
63 48 73.16
70 80 85.54
63 21 26.39
33 57 8.22
10 89 81.03
29 68 62.76
77 30 87.3
49 60 85.42
63 33 77.25
1 75 32.91
83 63 54.4
84 11 13.72
41 43 18.27
11 30 5.78
26 40 55.84
6 14 11.74
19 89 67.48
41 64 18.81
88 25 34.85
13 69 93.35
80 56 86.97
44 81 34.94
14 90 0.05
48 72 93.22
51 42 54.77
79 3 10.17
94 74 88.74
86 83 27.44
89 7 95.88
91 5 51.18
62 23 13.08
73 59 29.35
33 82 13.3
72 37 91.48
83 30 90.15
64 8 92.27
33 2 25.41
88 52 19.74
81 57 57.44
89 82 55.85
27 93 49.14
82 11 53.95
40 34 52.26
72 1 1.16
79 42 85.36
68 58 71.65
12 16 7.6
38 69 7.08
8 4 33.55
71 86 13.34
89 24 35.42
81 7 6.27
91 25 3.33
73 48 6.76
92 22 71.36
30 42 82.33
48 93 70.44
64 14 40.81
47 50 35.7
60 94 39.37
41 72 43.57
48 29 79.67
88 62 8.11
89 37 13.91
23 27 50.53
44 13 41.02
8 77 89.04
15 16 88.87
58 41 7.65
40 95 12.86
57 40 21.12
91 31 68.63
70 7 79.32
59 57 93.56
78 18 13.74
39 89 91.17
31 80 50.55
6 19 91.27
80 64 98.4
49 89 10.32
79 88 45.99
92 24 9.21
91 53 66.6
3 47 41.79
47 68 45.98
86 14 45.99
93 50 42.12
27 46 67.54
34 39 99.6
37 57 0.84
42 26 47.4
89 17 86.38
3 56 16.3
61 82 12.58
2 6 5.71
15 9 15.15
55 89 57.3
10 41 3.66
29 92 6.61
64 0 43.72
85 56 61.29
63 22 9.85
11 18 68.0
89 54 90.4
64 26 13.34
73 64 12.98
16 58 74.73
82 3 55.3
14 62 11.28
54 64 54.04
85 64 52.7
84 68 31.05
48 22 11.47
25 26 5.67
8 0 56.12
11 26 60.31
33 87 70.65
6 93 71.62
43 52 4.7
42 4 24.82
27 90 4.7
86 64 40.07
59 47 17.65
59 87 18.07
10 95 83.41
5 54 53.5
24 0 21.14
55 81 8.29
35 84 55.39
5 89 72.03
57 86 62.11
63 36 11.07
19 45 90.73
76 70 4.9
82 92 45.05
27 58 30.83
54 1 7.52
84 71 84.27
16 66 65.07
87 27 8.13
53 42 12.07
28 75 26.55
73 19 66.83
54 88 91.74
27 53 32.08
16 46 66.82
25 83 42.33
7 61 12.48
59 52 33.91
68 31 4.42
31 34 28.98
9 85 66.26
32 78 96.98
4 61 84.52
88 29 64.15
59 13 85.28
81 85 7.36
3 51 66.16
32 16 76.82
64 6 5.43
78 72 83.6
46 81 98.83
78 62 96.7
79 80 16.22
38 18 42.31
74 7 42.87
13 90 31.44
18 70 76.22
9 12 46.55
0 43 17.08
93 45 27.81
44 34 31.19
23 48 84.53
11 59 93.95
53 45 58.02
35 77 32.26
24 27 19.55
54 15 8.96
12 21 42.27
66 82 33.2
53 78 61.89
75 82 9.84
46 5 91.63
93 56 2.13
95 48 74.17
22 72 38.3
66 29 59.1
68 79 12.59
74 10 19.21
34 38 42.54
15 77 81.12
86 56 61.56
43 29 32.05
29 62 31.0
58 11 66.95
44 2 79.85
52 32 93.41
84 95 40.14
29 16 31.43
66 51 99.15
79 19 81.33
73 40 70.86
23 6 78.59
41 84 75.36
69 71 46.44
42 92 80.85
27 28 89.77
33 37 84.03
47 57 62.94
34 7 57.11
16 10 49.0
66 1 17.99
73 25 83.26
13 93 44.05
58 18 11.74
73 1 37.05
24 6 85.37
44 41 69.05
91 46 24.83
33 69 4.84
89 34 91.84
36 72 66.75
41 83 58.93
75 21 21.18
38 32 79.94
2 5 4.86
68 21 84.3
5 17 17.11
82 30 78.42
84 55 9.83
43 84 7.99
69 43 96.69
53 20 23.23
94 56 7.63
51 28 68.66
64 10 47.03
61 71 21.59
28 54 79.14
53 65 6.46
48 43 6.09
82 95 9.17
62 46 64.06
28 48 34.34
63 14 19.37
42 28 71.72
65 74 19.86
28 60 84.98
47 32 32.91
74 21 45.75
2 27 93.25
53 71 0.67
61 8 45.09
92 19 0.71
86 37 37.42
31 72 54.35
82 5 94.62
46 80 33.63
80 61 89.19
93 80 39.99
39 88 35.36
15 80 23.0
94 86 85.56
25 85 32.83
29 63 71.59
2 15 88.34
33 10 94.84
47 49 78.13
17 3 4.06
30 36 50.47
53 48 48.03
39 44 59.14
46 49 15.74
75 41 32.17
23 63 27.36
58 67 85.53
20 30 91.46
51 85 10.86
20 90 71.52
13 75 54.42
13 63 86.45
61 91 80.53
78 5 7.82
2 94 85.23
82 29 84.05
45 0 71.95
56 49 18.05
73 94 87.98
7 90 96.28
18 71 81.73
35 7 74.71
21 92 94.79
5 56 17.24
6 89 95.68
30 92 36.37
25 44 16.18
24 91 92.78
36 78 72.31
12 72 79.08
49 65 92.56
56 84 99.18
30 33 73.25
88 51 47.07
59 88 69.01
8 47 77.58
37 58 14.1
86 95 26.97
29 87 70.76
86 72 74.51
83 21 52.53
95 7 98.07
13 67 62.18
78 51 14.35
88 4 38.73
25 75 5.87
13 87 33.89
93 7 34.06
28 91 65.77
15 69 19.86
24 23 84.54
61 86 28.3
7 4 26.59
10 27 40.12
87 42 9.11
17 88 20.49
92 8 13.23
46 60 8.29
69 66 63.53
95 85 63.31
79 81 14.59
16 72 64.15
17 86 67.43
83 28 25.16
20 46 30.33
58 92 1.61
91 79 17.55
8 58 97.76
7 18 13.46
22 59 55.85
49 86 15.05
64 19 68.75
32 91 36.7
66 79 6.29
44 61 13.08
77 25 93.51
44 1 64.9
14 27 33.13
44 48 40.75
28 77 85.07
66 50 46.82
0 89 56.9
59 49 22.07
2 90 72.03
73 80 14.05
9 19 8.3
57 18 98.34
9 4 46.08
19 31 34.92
69 1 15.37
40 89 99.16
83 46 35.36
85 84 24.02
53 31 67.86
1 82 9.51
95 55 61.51
60 67 84.3
27 67 46.44
28 14 89.1
54 23 65.12
20 2 44.41
6 63 37.47
32 55 10.13
90 37 6.36
69 18 83.8
82 41 93.7
44 49 60.88
22 64 73.08
95 59 82.47
49 25 22.86
90 23 75.6
24 1 94.79
62 94 97.6
60 34 99.11
87 18 70.62
65 84 68.42
30 13 16.85
16 73 95.22
4 6 64.87
32 93 89.67
30 57 83.07
31 2 86.23
14 89 89.34
44 74 71.27
47 69 33.66
56 45 80.11
4 19 45.29
40 68 65.61
35 53 48.1
60 53 71.6
25 29 0.65
48 50 42.06
93 37 61.2
47 43 81.88
57 51 80.6
23 8 22.65
20 79 23.54
42 2 4.76
39 38 94.31
19 71 67.16
90 94 6.82
71 92 71.18
67 30 91.29
15 68 34.81
1 15 96.31
1 47 85.16
26 47 33.42
43 75 60.98
63 95 48.98
33 68 22.22
28 68 34.25
25 67 39.64
40 63 88.59
74 8 67.71
86 73 36.59
41 95 76.75
11 44 12.44
48 34 85.45
24 8 45.11
73 12 11.36
69 72 88.67
18 14 47.57
36 29 84.13
58 17 85.03
65 31 10.05
59 17 47.62
20 65 69.78
48 92 11.75
67 86 52.77
81 88 73.47
36 73 60.99
19 87 48.96
11 70 17.41
53 74 12.01
17 79 1.25
88 19 7.76
18 53 35.32
70 21 51.58
37 50 61.05
6 66 23.88
20 9 4.54
44 73 38.49
2 46 4.22
18 25 62.49
67 7 57.37
78 94 7.21
38 76 78.92
55 77 44.65
51 55 26.84
9 45 36.19
93 85 6.01
75 67 45.31
7 51 33.54
80 94 97.25
75 89 10.74
79 9 31.72
69 11 94.3
63 62 77.42
69 49 0.82
86 15 18.66
27 0 64.23
33 73 81.27
36 15 13.8
52 62 70.13
92 61 82.78
14 10 14.66
18 1 85.71
25 17 33.18
8 2 79.33
69 91 82.5
89 28 19.06
77 21 23.07
38 31 86.92
62 72 22.24
40 10 8.41
0 87 55.76
33 45 28.13
91 30 76.16
19 13 64.11
73 4 31.31
51 81 37.99
74 43 8.84
13 37 3.87
47 52 64.68
78 81 86.0
2 37 95.64
89 59 45.25
13 65 89.78
38 12 23.13
78 85 88.74
45 51 28.78
62 34 20.3
88 43 98.27
3 0 2.71
82 39 77.82
66 73 2.12
77 76 52.76
49 0 76.63
87 41 47.75
61 16 79.5
8 79 7.77
30 45 83.92
30 19 6.23
56 25 87.29
24 52 27.87
31 10 99.81
60 1 31.53
20 40 85.0
71 79 33.1
47 21 38.17
39 30 93.78
72 94 29.27
36 69 16.62
32 1 3.19
19 36 26.68
18 23 86.85
25 14 32.55
4 65 57.38
50 12 51.93
91 18 0.39
91 12 35.37
5 48 2.15
47 94 85.05
9 72 49.73
61 21 65.26
70 82 93.74
21 42 45.68
0 75 9.22
69 86 67.95
3 81 92.67
41 85 31.81
83 45 69.47
13 49 51.34
79 59 43.78
30 69 28.5
7 19 61.71
77 87 75.29
32 28 80.2
61 39 90.97
2 59 39.17
80 28 9.26
70 25 51.17
43 16 56.09
63 80 49.03
20 5 45.45
23 45 21.95
52 30 40.39
39 91 21.82
78 48 86.32
60 26 66.18
12 17 84.59
37 6 94.99
42 32 39.34
2 86 87.1
87 66 14.8
30 6 53.83
77 66 25.0
87 51 70.72
48 9 60.69
63 79 98.66
17 8 8.47
68 7 37.62
40 46 6.3
54 86 72.39
26 77 24.63
81 36 2.41
5 87 18.16
23 84 82.28
5 18 56.74
88 86 78.99
28 82 30.79
12 2 92.41
15 94 21.22
16 51 91.01
25 45 33.98
7 0 86.57
52 67 62.52
52 45 44.85
0 33 67.82
88 2 56.79
41 20 80.37
82 31 34.09
54 60 25.37
92 15 86.38
27 9 50.15
78 93 10.38
34 94 49.51
17 76 3.18
80 11 18.02
46 35 13.91
87 21 19.33
2 65 92.32
60 37 21.56
89 33 72.59
0 83 0.93
32 7 74.62
44 43 46.38
77 94 68.94
86 84 73.67
66 37 65.81
86 74 5.46
11 19 66.93
24 22 66.69
56 68 4.4
16 54 27.29
7 25 88.3
39 73 53.01
26 48 56.46
72 85 48.39
28 2 30.78
42 55 8.66
82 15 44.61
42 50 15.21
36 34 86.75
70 59 27.49
0 14 5.92
83 40 26.85
45 62 21.74
68 57 67.79
55 64 3.78
52 21 68.93
40 32 2.37
46 29 2.54
64 95 20.39
24 9 93.99
27 68 84.46
47 46 39.05
66 88 76.35
95 91 69.73
3 90 88.81
7 57 43.64
64 91 42.41
27 71 64.15
37 84 35.74
28 76 68.52
13 39 38.3
9 41 90.49
89 32 55.31
78 8 46.01
35 15 17.89
51 82 32.26
40 27 21.03
85 5 49.88
64 84 22.64
81 37 6.42
12 48 26.28
39 77 10.32
3 46 52.84
44 20 81.67
5 71 54.72
77 3 80.87
63 81 40.21
36 20 93.89
21 79 28.61
50 77 73.39
41 88 37.16
45 40 28.9
25 8 89.15
40 85 11.23
90 67 92.7
79 16 55.35
89 18 89.59
64 44 9.96
32 23 69.42
20 61 69.84
64 49 54.09
21 5 98.54
40 38 4.74
91 77 24.54
50 74 1.21
31 17 21.38
35 75 31.53
61 37 43.97
92 78 26.82
86 51 3.2
92 60 9.86
41 5 59.59
45 20 66.21
69 7 61.28
29 57 52.77
51 63 58.28
84 80 31.14
41 65 21.41
17 4 88.66
12 37 18.7
84 42 4.61
36 88 33.99
30 43 89.75
18 56 51.31
6 33 67.01
53 75 15.1
67 22 5.56
66 54 46.03
57 71 96.93
80 65 57.08
26 81 93.99
55 25 52.19
9 2 39.55
39 93 37.57
88 35 24.53
41 49 48.71
70 15 41.11
38 30 84.52
11 48 88.88
39 70 24.79
75 60 34.2
30 4 26.29
34 8 59.35
13 57 32.04
6 80 72.03
50 90 65.63
21 72 28.77
13 51 29.73
79 51 86.44
10 7 55.17
89 56 96.67
33 78 90.04
82 40 99.35
50 35 56.42
62 79 3.91
23 82 89.29
71 85 26.15
35 14 37.29
41 66 62.41
16 22 25.73
57 69 99.14
37 46 81.04
49 38 50.65
18 84 52.99
57 45 52.44
65 21 63.07
80 12 1.91
25 24 80.46
18 40 66.21
21 43 31.48
87 89 35.85
83 60 10.57
64 94 11.03
63 54 76.79
42 39 32.63
27 44 56.01
9 30 57.75
66 74 19.96
58 45 22.68
91 52 19.53
39 59 10.13
2 41 85.84
61 11 91.2
39 19 47.35
36 62 98.84
84 77 72.08
69 48 11.93
20 88 95.79
38 84 6.91
16 92 15.06
14 22 64.77
3 63 86.4
22 88 12.03
87 48 17.44
79 43 47.47
4 75 25.5
75 51 71.16
40 70 96.57
13 54 34.84
26 90 34.6
65 78 92.46
28 35 18.27
42 89 18.68
67 43 52.38
79 83 34.8
89 44 23.69
37 21 28.8
11 23 63.32
74 6 46.32
85 0 91.98
73 6 40.83
31 45 53.14
13 94 52.56
52 84 10.88
93 2 37.68
54 92 90.62
34 52 76.53
34 67 28.89
67 3 93.63
61 49 84.13
3 19 25.03
53 29 29.54
54 20 17.44
31 40 29.81
84 58 32.92
16 35 6.56
40 37 69.31
9 31 7.32
29 78 10.65
37 19 77.62
53 7 47.73
14 93 23.92
2 39 16.19
8 76 8.99
8 57 81.83
3 13 32.02
12 78 10.19
93 30 80.64
42 40 38.62
72 19 30.74
37 8 61.24
61 88 71.71
21 60 97.39
39 72 59.0
15 31 72.12
60 63 68.94
59 28 17.51
2 23 84.41
95 38 67.12
27 64 76.89
3 91 58.29
72 61 28.39
20 69 19.94
64 50 67.64
22 26 30.93
43 3 47.13
52 73 39.46
55 47 24.96
75 38 32.64
46 84 50.34
47 73 78.22
64 42 92.58
35 69 38.46
85 83 86.97
54 74 65.49
35 25 96.78
4 91 69.38
24 65 23.35
4 84 91.94
94 58 88.93
32 61 52.83
18 2 9.44
7 46 89.29
69 64 55.85
45 95 39.79
7 1 34.26
56 47 36.58
57 21 86.14
56 38 36.45
84 54 37.03
25 47 16.71
46 64 77.54
62 15 65.54
33 5 68.9
71 89 34.73
42 34 5.37
20 71 46.6
49 93 1.57
50 59 22.49
6 22 2.6
80 77 46.0
9 63 64.29
94 28 72.74
32 19 18.11
9 83 22.53
26 62 78.15
32 35 94.69
4 64 72.46
6 17 70.35
67 16 6.18
33 94 84.26
89 2 65.44
54 27 1.45
10 58 99.67
31 59 31.84
58 75 15.03
21 11 75.55
28 81 22.62
44 19 57.12
95 4 18.28
74 19 12.12
61 35 15.83
55 40 52.26
89 52 26.41
42 44 6.27
83 70 86.66
25 54 45.7
63 90 97.23
58 88 80.46
8 80 95.48
93 51 59.16
51 23 5.19
5 76 76.95
55 10 6.94
72 95 88.72
49 81 88.81
29 0 42.52
61 66 70.68
85 19 29.08
52 76 77.09
83 84 74.2
76 23 13.97
76 89 34.84
69 6 74.58
29 69 15.82
81 11 89.22
72 56 1.39
36 21 87.01
64 13 76.77
51 47 9.35
71 17 23.06
87 7 0.52
67 56 26.74
54 87 57.67
88 44 37.85
71 77 76.1
15 24 31.87
74 2 33.85
25 16 94.27
14 30 48.82
16 41 87.3
40 41 85.89
52 16 81.17
40 28 1.51
55 74 51.7
80 67 89.25
32 57 37.98
40 52 92.13
1 5 49.43
18 9 33.73
64 16 61.34
33 22 39.25
22 56 73.36
43 8 10.73
38 70 5.44
91 71 52.87
68 1 59.27
92 64 94.38
66 43 6.28
13 68 89.19
0 86 27.4
33 32 35.57
45 61 68.37
71 33 65.27
82 91 67.48
15 51 77.27
34 85 38.55
21 38 2.73
12 43 70.69
75 88 37.21
2 87 62.84
24 84 61.22
95 73 84.82
13 10 80.88
34 41 99.63
53 5 57.81
12 0 87.59
64 67 80.73
93 0 39.94
51 83 54.35
17 39 23.8
63 55 56.65
4 57 64.95
80 36 39.11
43 94 31.59
54 61 94.59
44 94 68.98
20 37 82.93
78 64 92.67
46 51 59.45
62 85 84.63
7 66 85.82
58 28 10.55
90 54 50.14
91 38 54.02
90 77 25.46
78 63 41.75
54 72 0.08
81 69 30.08
27 85 22.06
87 80 53.08
89 12 60.9
39 0 49.51
16 36 4.11
7 21 78.73
38 89 84.15
29 47 26.35
33 39 22.08
27 34 69.52
83 81 46.65
18 29 18.08
67 26 78.81
17 80 16.26
26 0 74.01
43 42 52.23
66 89 18.26
46 33 65.44
82 35 69.5
36 91 86.51
3 95 33.29
11 39 95.4
35 34 77.91
89 23 21.63
36 47 15.9
48 90 68.95
42 25 84.31
47 89 54.53
26 94 93.96
19 5 22.24
44 32 78.17
3 40 29.41
45 18 56.29
0 28 11.03
80 89 37.97
56 26 46.57
53 43 29.11
73 29 81.65
41 21 49.11
65 32 66.68
39 41 10.09
51 72 92.99
21 94 86.97
55 21 14.95
54 62 93.33
80 83 3.22
65 29 84.29
41 13 85.84
68 36 12.81
92 3 98.99
42 33 71.95
86 81 48.23
78 88 53.52
91 74 50.6
47 54 87.9
94 61 86.31
8 27 13.31
42 31 26.09
77 14 99.68
91 67 21.86
77 59 94.19
80 27 97.1
24 63 95.99
31 88 92.57
55 87 80.32
49 68 37.72
89 25 68.39
27 32 57.3
70 1 87.36
90 25 29.26
69 34 11.7
55 61 93.83
18 74 45.38
74 48 57.99
23 72 12.9
38 43 16.69
75 42 39.3
47 33 58.01
40 22 51.72
35 67 50.34
23 12 7.21
28 34 26.18
64 68 50.32
7 59 22.38
31 78 64.76
79 41 4.56
22 84 6.9
47 84 73.65
17 16 84.33
33 15 61.56
29 59 78.21
39 95 23.23
54 95 75.75
7 52 55.73
57 94 1.53
4 3 25.9
72 84 55.44
2 92 46.43
95 77 34.9
19 90 71.1
93 86 14.51
4 70 41.12
89 88 59.48
69 21 41.48
60 73 21.1
15 27 75.01
48 2 20.76
28 12 6.55
39 76 61.23
67 36 97.71
49 88 53.08
9 3 8.37
23 69 48.6
36 18 97.99
30 90 94.55
72 82 40.07
48 68 16.12
64 5 15.83
85 61 85.48
39 51 42.4
90 92 42.44
65 17 75.44
73 83 60.83
43 95 36.33
6 49 97.49
6 78 25.42
32 81 57.37
81 48 96.31
54 57 59.25
28 11 43.88
23 34 15.0
91 6 29.5
17 50 99.05
93 54 79.97
18 19 58.82
68 0 4.87
4 56 32.74
3 60 42.77
90 74 22.14
86 65 60.07
29 19 9.35
48 18 55.83
61 0 26.79
47 30 76.55
94 45 87.25
10 50 29.19
75 50 85.59
57 28 48.45
56 90 34.13
39 46 20.31
36 84 27.46
13 83 68.67
21 59 58.31
60 19 17.71
33 58 3.64
6 54 1.49
60 64 98.59
15 40 68.91
27 41 22.1
81 52 21.4
23 37 54.71
84 88 37.01
57 12 37.35
35 85 3.47
78 37 54.62
40 77 97.89
50 54 33.15
54 68 20.9
92 47 12.68
85 11 41.11
55 92 77.91
90 84 9.93
40 74 7.4
0 76 16.1
22 50 75.68
42 54 99.88
83 15 57.22
66 57 30.54
51 26 70.5
77 75 81.91
11 75 2.16
25 92 66.88
78 74 16.93
60 91 54.7
81 50 99.5
16 23 43.74
86 7 28.8
23 94 23.02
57 42 83.45
24 87 83.84
0 63 95.5
41 38 60.8
11 54 96.94
64 43 9.36
83 88 77.87
90 62 66.37
79 60 72.13
20 86 11.61
24 78 29.46
69 32 16.5
71 66 12.92
52 53 94.39
57 87 32.73
20 76 76.74
24 41 99.13
9 53 87.53
11 86 79.63
34 22 61.67
14 33 67.81
38 79 95.43
6 71 0.08
17 85 73.04
75 86 93.53
40 60 94.44
13 34 79.2
91 94 15.55
30 49 45.28
43 24 98.03
53 66 14.67
69 88 38.04
52 58 68.54
78 23 58.73
94 66 69.12
33 25 23.01
91 2 5.34
49 26 62.96
68 43 28.02
41 0 5.47
91 29 94.52
69 27 84.3
76 68 57.47
77 37 87.93
64 56 97.26
79 31 93.84
20 77 84.14
35 51 10.71
68 78 80.37
40 50 35.17
59 90 6.29
67 38 81.7
42 45 33.84
70 36 12.01
48 86 68.46
20 13 81.88
21 44 15.36
38 54 10.49
16 21 70.04
95 34 35.47
29 11 89.56
41 51 13.35
9 44 3.23
55 83 1.29
1 92 9.22
53 63 40.76
11 90 70.92
24 74 37.1
74 38 27.51
59 61 87.36
68 77 76.02
77 1 12.66
53 58 89.03
10 56 5.36
66 30 53.85
79 5 1.51
21 20 90.74
90 1 52.39
66 85 52.46
4 40 60.77
26 95 46.56
88 15 6.27
76 90 84.32
12 88 14.25
45 64 21.68
20 59 49.94
11 71 12.79
91 35 40.26
84 1 78.01
10 83 55.93
57 64 43.05
61 64 66.43
59 93 7.07
14 48 3.01
40 39 62.87
67 20 18.05
7 22 98.36
46 44 45.77
16 3 67.49
11 10 3.49
36 31 81.82
62 30 15.18
15 41 80.64
60 32 90.92
57 63 12.31
85 55 96.22
44 56 58.82
73 15 93.51
36 8 75.85
41 74 28.59
57 61 93.1
57 23 30.51
46 68 35.3
37 73 5.48
19 67 52.53
95 20 39.26
85 36 29.02
86 68 97.92
65 60 68.89
83 75 82.94
13 50 66.89
22 19 84.21
90 16 59.99
72 63 53.24
31 63 27.61
5 68 13.29
70 77 43.01
11 37 98.95
93 94 10.76
72 60 43.01
18 65 85.53
90 58 24.09
45 21 42.75
61 25 71.54
0 94 31.53
42 59 37.61
64 1 3.99
52 36 86.38
11 47 49.21
68 12 7.53
35 72 51.25
5 24 71.28
55 6 20.42
76 78 31.22
0 1 72.95
20 89 93.67
90 83 21.14
50 67 96.75
61 41 79.08
2 82 69.39
76 46 62.02
34 26 85.66
22 51 16.65
49 34 1.42
37 85 69.29
65 50 96.88
85 59 82.69
12 82 32.77
35 56 80.03
55 3 18.0
4 93 87.37
60 9 94.33
87 31 12.2
80 26 84.71
76 34 40.02
12 55 75.6
86 31 43.52
24 46 3.98
44 16 41.86
45 74 55.23
67 39 4.28
50 0 61.07
5 8 73.15
51 92 32.05
6 72 80.73
81 73 5.06
92 18 61.22
47 67 50.95
47 95 24.66
40 64 54.06
43 36 23.14
47 77 83.3
12 63 11.76
73 82 62.2
28 85 56.28
25 21 4.84
4 24 77.95
1 25 98.2
78 60 2.82
49 23 91.93
24 7 52.24
11 93 6.83
25 41 46.16
51 49 71.24
76 18 51.11
38 33 93.92
49 45 49.63
53 47 59.49
22 83 37.37
37 4 73.81
61 60 9.08
62 93 72.73
32 90 47.9
82 47 28.15
48 52 12.23
44 55 75.19
79 90 23.3
5 93 72.82
31 95 33.44
86 85 32.61
4 38 91.31
8 3 28.18
70 34 49.23
20 66 52.84
92 11 62.45
56 20 88.16
89 95 50.62
65 10 46.0
74 34 76.86
4 60 22.46
76 62 93.81
61 70 58.48
27 92 45.1
81 75 48.98
2 66 11.6
68 87 47.75
58 63 35.1
71 56 11.24
61 22 51.01
37 88 95.25
44 26 30.39
35 57 0.29
56 23 19.06
47 17 84.87
83 16 29.14
29 76 98.92
2 78 97.38
91 83 38.19
38 6 90.67
4 10 86.3
51 77 16.2
57 90 32.93
84 30 47.13
89 46 23.88
41 30 76.69
87 32 14.39
55 9 91.26
18 15 73.05
63 84 88.98
78 3 74.14
4 43 52.76
30 95 26.67
24 47 76.38
69 4 97.12
86 35 29.48
46 78 17.29
38 45 93.16
62 21 70.06
94 95 51.31
64 34 27.45
5 51 82.43
57 6 28.85
38 23 43.65
15 85 93.32
69 24 64.78
10 44 74.6
27 12 49.43
74 93 83.79
47 44 71.64
54 17 41.26
69 61 63.84
49 33 20.53
61 68 1.34
29 5 48.38
90 53 60.83
79 15 99.41
7 40 57.89
86 34 95.27
95 6 90.39
38 57 4.68
67 12 86.3
35 19 12.43
78 77 56.97
29 55 92.2
53 33 85.33
10 32 73.31
13 31 75.22
81 72 52.26
59 19 76.63
28 92 75.3
74 28 65.81
95 28 52.08
11 34 34.62
95 37 38.6
55 48 74.83
39 60 7.07
25 93 77.33
48 40 37.46
47 14 88.34
22 58 15.88
61 26 37.89
47 31 29.01
79 74 22.02
27 81 63.26
29 13 45.84
22 18 48.49
53 83 95.48
26 50 69.21
73 8 73.66
24 28 74.57
38 47 58.55
38 15 51.79
73 56 69.26
30 94 35.71
10 3 11.23
56 81 47.97
19 52 56.34
92 88 11.29
72 42 49.36
13 95 44.22
19 25 23.36
5 13 92.9
13 80 63.43
19 94 76.54
80 66 20.71
63 61 80.24
69 39 51.78
68 17 56.22
3 68 52.41
10 9 38.19
0 88 42.94
39 79 67.53
76 69 97.26
0 51 52.26
81 71 99.87
6 50 68.2
30 32 6.9
75 3 65.34
22 9 79.85
0 34 96.0
4 67 26.01
17 83 71.55
65 40 66.19
86 77 22.64
14 87 34.96
5 75 49.93
63 8 14.57
0 23 8.92
93 84 34.71
38 35 14.19
58 9 6.66
34 57 0.36
1 85 27.73
34 45 37.58
67 45 68.63
70 30 21.14
28 6 88.69
1 71 68.99
54 34 54.99
91 26 4.23
16 42 22.18
8 71 74.98
1 53 58.07
74 83 9.67
27 13 45.16
3 69 3.24
90 81 4.53
16 63 37.59
64 2 97.99
11 72 50.99
38 46 65.36
94 46 14.36
1 4 24.14
60 89 53.27
49 5 76.34
74 68 71.65
91 14 80.82
84 16 83.77
6 90 11.93
13 71 88.71
70 45 62.29
66 8 1.42
75 16 81.18
1 30 30.13
55 67 47.65
83 92 27.4
38 14 17.79
70 12 9.88
73 77 24.85
92 26 67.25
31 83 14.08
45 71 51.94
32 67 1.15
53 6 8.96
37 25 27.68
76 75 85.19
14 79 0.82
65 83 97.01
89 31 7.37
4 32 0.49
27 94 94.3
43 22 28.86
37 48 25.77
22 35 94.87
94 59 93.24
74 57 98.5
62 0 27.51
60 27 76.32
72 8 3.51
92 67 87.74
22 1 71.83
82 0 33.81
20 3 60.05
83 39 3.53
36 92 86.7
83 29 68.45
73 10 16.43
5 55 34.59
34 68 52.16
26 54 3.46
13 16 21.54
2 22 62.65
91 47 73.58
93 15 75.44
75 48 38.48
10 71 53.1
68 18 44.23
61 53 31.97
81 68 69.44
27 3 13.29
43 2 5.32
14 12 6.74
3 53 63.78
66 55 89.71
73 30 42.16
0 98 99.6
1 98 99.6
2 98 99.6
3 98 99.6
4 98 99.6
5 98 99.6
6 98 99.6
7 98 99.6
8 98 99.6
9 98 99.6
10 98 99.6
11 98 99.6
12 98 99.6
13 98 99.6
14 98 99.6
15 98 99.6
16 98 99.6
17 98 99.6
18 98 99.6
19 98 99.6
20 98 99.6
21 98 99.6
22 98 99.6
23 98 99.6
24 98 99.6
25 98 99.6
26 98 99.6
27 98 99.6
28 98 99.6
29 98 99.6
30 98 99.6
31 98 99.6
32 98 99.6
33 98 99.6
34 98 99.6
35 98 99.6
36 98 99.6
37 98 99.6
38 98 99.6
39 98 99.6
40 98 99.6
41 98 99.6
42 98 99.6
43 98 99.6
44 98 99.6
45 98 99.6
46 98 99.6
47 98 99.6
48 98 99.6
49 98 99.6
50 98 99.6
51 98 99.6
52 98 99.6
53 98 99.6
54 98 99.6
55 98 99.6
56 98 99.6
57 98 99.6
58 98 99.6
59 98 99.6
60 98 99.6
61 98 99.6
62 98 99.6
63 98 99.6
64 98 99.6
65 98 99.6
66 98 99.6
67 98 99.6
68 98 99.6
69 98 99.6
70 98 99.6
71 98 99.6
72 98 99.6
73 98 99.6
74 98 99.6
75 98 99.6
76 98 99.6
77 98 99.6
78 98 99.6
79 98 99.6
80 98 99.6
81 98 99.6
82 98 99.6
83 98 99.6
84 98 99.6
85 98 99.6
86 98 99.6
87 98 99.6
88 98 99.6
89 98 99.6
90 98 99.6
91 98 99.6
92 98 99.6
93 98 99.6
94 98 99.6
95 98 99.6
96 98 99.6
97 98 99.6
0 99 99.6
1 99 99.6
2 99 99.6
3 99 99.6
4 99 99.6
5 99 99.6
6 99 99.6
7 99 99.6
8 99 99.6
9 99 99.6
10 99 99.6
11 99 99.6
12 99 99.6
13 99 99.6
14 99 99.6
15 99 99.6
16 99 99.6
17 99 99.6
18 99 99.6
19 99 99.6
20 99 99.6
21 99 99.6
22 99 99.6
23 99 99.6
24 99 99.6
25 99 99.6
26 99 99.6
27 99 99.6
28 99 99.6
29 99 99.6
30 99 99.6
31 99 99.6
32 99 99.6
33 99 99.6
34 99 99.6
35 99 99.6
36 99 99.6
37 99 99.6
38 99 99.6
39 99 99.6
40 99 99.6
41 99 99.6
42 99 99.6
43 99 99.6
44 99 99.6
45 99 99.6
46 99 99.6
47 99 99.6
48 99 99.6
49 99 99.6
50 99 99.6
51 99 99.6
52 99 99.6
53 99 99.6
54 99 99.6
55 99 99.6
56 99 99.6
57 99 99.6
58 99 99.6
59 99 99.6
60 99 99.6
61 99 99.6
62 99 99.6
63 99 99.6
64 99 99.6
65 99 99.6
66 99 99.6
67 99 99.6
68 99 99.6
69 99 99.6
70 99 99.6
71 99 99.6
72 99 99.6
73 99 99.6
74 99 99.6
75 99 99.6
76 99 99.6
77 99 99.6
78 99 99.6
79 99 99.6
80 99 99.6
81 99 99.6
82 99 99.6
83 99 99.6
84 99 99.6
85 99 99.6
86 99 99.6
87 99 99.6
88 99 99.6
89 99 99.6
90 99 99.6
91 99 99.6
92 99 99.6
93 99 99.6
94 99 99.6
95 99 99.6
96 99 99.6
97 99 99.6
98 99 0.1
