100
0 5 63.173
0 16 59.407
0 25 5.031
0 26 13.606
0 27 5.342
1 21 60.794
1 28 9.197
1 29 12.331
1 30 8.603
2 9 58.419
2 3 54.123
2 31 12.991
2 32 14.76
2 33 5.907
3 7 66.038
3 34 10.929
3 35 5.829
3 36 1.435
4 11 60.511
4 37 12.901
4 38 11.16
4 39 14.445
5 12 60.766
5 40 4.399
5 41 5.991
5 42 12.452
6 16 57.818
6 43 13.125
6 44 4.367
6 45 9.598
7 11 51.589
7 46 7.729
7 47 13.046
7 48 7.125
8 14 62.04
8 49 15.8
8 50 14.666
8 51 7.522
9 10 56.501
9 52 1.335
9 53 10.088
9 54 13.816
10 55 5.823
10 56 2.049
10 57 10.175
11 16 60.418
11 22 60.736
11 58 6.474
11 59 9.53
11 60 11.083
12 17 61.842
12 61 4.93
12 62 6.141
12 63 17.516
13 21 63.111
13 16 62.575
13 64 10.69
13 65 7.75
13 66 10.576
14 16 64.488
14 67 1.991
14 68 11.571
14 69 8.795
15 19 61.215
15 23 62.614
15 70 8.363
15 71 10.439
15 72 25.511
16 73 7.697
16 74 9.128
16 75 9.715
17 76 1.444
17 77 12.321
17 78 10.947
18 23 61.279
18 22 62.814
18 79 15.136
18 80 11.182
18 81 22.926
19 82 14.491
19 83 8.164
19 84 13.053
20 22 61.103
20 24 61.003
20 85 4.746
20 86 13.395
20 87 5.935
21 88 3.589
21 89 10.782
21 90 14.342
22 91 10.483
22 92 11.406
22 93 18.639
23 94 11.297
23 95 12.045
23 96 2.368
24 97 8.497
24 98 17.93
24 99 16.95
25 89 17.675
25 29 20.197
26 73 19.748
26 29 5.302
27 56 18.048
28 57 24.387
28 77 20.794
29 35 17.16
29 83 26.255
30 68 25.829
30 31 22.5
31 98 21.4
31 63 12.364
32 78 24.549
33 34 20.766
34 42 20.091
34 88 16.303
35 44 23.343
36 38 12.85
36 67 18.617
37 59 21.275
37 84 18.201
37 46 25.428
37 95 26.418
38 87 24.222
38 65 22.568
38 95 22.82
39 47 16.773
39 40 22.61
39 64 19.266
39 75 17.663
39 90 7.803
40 51 30.808
41 93 18.287
41 99 16.71
42 76 14.96
43 85 18.098
44 74 18.224
45 92 20.684
46 66 14.719
46 81 21.601
46 70 18.551
48 96 26.511
48 74 24.962
49 97 25.681
50 77 12.853
52 53 14.961
52 58 18.161
52 86 14.015
52 76 17.772
54 86 22.497
55 66 24.587
56 72 16.516
56 77 10.597
60 94 18.185
61 88 19.786
61 67 24.34
61 69 22.973
62 78 15.934
62 70 25.072
63 71 13.311
63 99 20.008
65 91 20.02
69 97 18.63
69 71 15.079
70 85 23.886
76 82 7.708
77 92 11.402
78 92 12.291
79 87 27.799
80 97 26.639
81 90 24.783
83 85 22.41
86 94 21.295