99
0 1 0.001
0 6 0.001
0 7 0.001
1 6 0.001
1 7 0.001
2 7 0.5
2 8 0.25
3 4 0.25
4 5 0.51
4 10 0.5
4 11 0.3
5 10 0.001
5 11 0.52
10 11 0.001
6 7 0.001
6 12 0.498
8 9 0.25
8 14 0.3
9 14 0.25
9 4 0.25
14 20 0.23
20 13 0.5
20 15 0.45
13 12 0.001
13 18 0.6
13 19 0.5
15 21 0.25
21 22 0.25
22 23 0.001
22 17 0.001
22 16 0.51
16 17 0.001
16 11 0.5
16 23 0.52
17 23 0.57
12 19 0.001
12 18 0.27
18 19 0.3
19 24 0.5
13 26 0.001
22 29 0.003
24 25 0.01
24 31 0.001
29 34 0.001
29 35 0.001
34 35 0.1
28 35 0.001
28 34 0.1
28 29 0.1
27 28 0.8
27 33 0.7
26 33 0.1
26 32 0.1
26 31 0.1
25 31 0.1
25 30 0.5
30 31 0.3
24 30 0.001
30 36 0.1
36 37 0.001
36 42 0.001
36 43 0.001
37 42 0.001
37 43 0.001
42 43 0.001
37 44 0.001
32 39 0.4
32 38 0.1
38 39 0.3
38 44 0.109
34 41 0.001
41 40 0.9
41 46 0.9
41 47 0.9
46 47 0.001
40 47 0.9
40 46 0.9
46 48 0.9
47 48 0.001
45 46 0.9
39 46 0.1
44 95 0.1
41 52 0.001
29 51 0.45
29 50 0.3
11 49 1.0
49 53 0.69
49 54 0.34
50 54 0.5
50 56 0.1
53 57 24.75
53 56 0.023
54 58 0.001
56 58 22.5
56 55 68.757
51 54 0.093
51 57 75.723
54 52 13.23
52 55 74.2
55 57 22.2
57 58 0.65
58 75 12.345
56 63 0.023
59 60 75.42
60 61 34.563
61 62 0.006
60 63 84.242
60 64 89.56
64 61 0.23
61 66 54.5
65 68 0.001
65 66 0.643
68 69 35.33
69 70 65.967
70 73 67.32
73 72 23.24
72 67 86.966
67 71 0.23
62 98 0.001
64 68 0.65
64 67 0.002
74 78 0.004
78 98 22.24
98 74 3.23
73 76 34.32
76 77 0.332
77 81 2.243
81 82 0.35
82 85 0.004
82 86 9.323
86 98 5.95
86 90 0.001
90 89 1.243
90 93 0.1
93 94 0.22
94 98 0.045
55 87 2.433
87 91 0.54
91 92 0.103
92 97 0.039
91 96 0.2
95 96 0.101
79 80 0.124
80 83 0.454
83 84 0.332
84 87 0.54
80 88 0.001