93
0 2 12.186
0 3 80.578
0 4 44.033
0 7 6.481
0 8 0.482
0 9 95.126
0 10 25.727
0 12 5.597
0 15 11.539
0 18 25.072
0 19 90.374
0 21 91.158
0 24 31.5
0 27 47.78
0 28 45.608
0 29 23.771
0 30 96.22
0 31 31.603
0 34 75.567
0 36 20.262
0 38 8.551
0 39 8.12
0 40 39.279
0 41 91.783
0 43 58.369
0 45 29.969
0 47 0.469
0 51 72.169
0 53 85.0
0 54 19.664
0 55 19.446
0 57 88.447
0 58 33.989
0 59 87.517
0 60 14.489
0 61 11.308
0 62 27.521
0 63 96.542
0 69 40.243
0 70 19.696
0 71 89.737
0 72 25.469
0 75 95.164
0 76 91.92
0 77 44.984
0 78 75.211
0 79 6.903
0 81 6.092
0 85 1.31
0 89 43.841
1 2 84.71
1 5 93.038
1 6 14.039
1 7 61.571
1 8 65.303
1 9 82.528
1 11 94.468
1 14 99.475
1 15 26.419
1 16 69.054
1 17 54.999
1 19 29.225
1 21 40.212
1 22 49.416
1 23 93.883
1 24 6.75
1 27 22.906
1 28 65.11
1 29 59.836
1 33 19.357
1 35 20.115
1 36 73.127
1 37 63.584
1 40 37.991
1 41 86.993
1 43 52.391
1 45 98.089
1 46 84.023
1 49 96.759
1 52 92.874
1 55 16.425
1 59 78.475
1 61 22.882
1 62 10.701
1 63 89.045
1 65 32.339
1 66 92.809
1 71 2.399
1 72 62.406
1 73 45.527
1 77 66.396
1 78 47.462
1 79 34.307
1 81 31.769
1 83 98.471
1 84 52.307
1 86 24.537
1 87 34.202
1 91 75.459
2 5 35.866
2 6 91.538
2 7 21.767
2 15 19.834
2 17 73.367
2 18 33.44
2 20 6.839
2 22 80.436
2 25 28.276
2 26 17.075
2 27 91.177
2 28 42.412
2 31 30.514
2 35 10.286
2 37 67.403
2 38 85.854
2 39 89.029
2 41 9.689
2 42 64.624
2 48 5.201
2 49 63.843
2 51 10.669
2 54 43.034
2 55 46.067
2 57 15.258
2 59 87.601
2 62 32.098
2 65 65.221
2 66 70.012
2 67 10.876
2 70 45.079
2 71 8.208
2 72 62.661
2 75 93.22
2 77 5.97
2 78 58.654
2 81 87.274
2 83 36.357
2 86 74.459
2 87 75.413
2 89 87.62
2 90 7.209
2 91 26.722
3 5 41.908
3 9 66.563
3 11 86.013
3 13 13.438
3 15 47.362
3 20 7.023
3 21 52.155
3 29 23.211
3 32 18.075
3 34 71.028
3 35 86.076
3 37 40.959
3 40 82.569
3 41 48.502
3 43 8.03
3 46 94.576
3 47 51.764
3 48 69.189
3 50 37.96
3 51 34.934
3 52 64.194
3 53 81.596
3 54 30.785
3 56 52.799
3 58 49.732
3 61 6.532
3 64 38.482
3 66 85.099
3 67 28.608
3 72 33.819
3 73 14.162
3 75 24.844
3 77 66.623
3 79 92.877
3 84 50.538
3 88 27.103
3 89 99.105
3 92 10.336
4 5 42.471
4 6 97.876
4 8 10.598
4 10 45.367
4 11 86.249
4 12 59.156
4 14 39.166
4 15 45.649
4 17 11.704
4 18 14.909
4 21 40.403
4 22 2.819
4 23 45.67
4 26 22.361
4 27 99.29
4 28 29.11
4 29 90.865
4 30 87.783
4 32 6.801
4 34 1.584
4 36 66.301
4 39 73.481
4 40 9.563
4 42 97.722
4 44 56.521
4 45 72.262
4 48 20.147
4 49 80.581
4 50 60.522
4 53 42.457
4 55 74.878
4 56 58.082
4 57 59.541
4 58 57.133
4 63 96.633
4 65 83.058
4 66 86.333
4 67 42.295
4 70 76.906
4 73 5.464
4 75 48.403
4 76 78.758
4 79 61.911
4 80 61.235
4 85 10.506
4 87 5.173
4 88 29.439
4 91 17.804
4 92 76.559
5 6 24.004
5 7 61.248
5 10 86.162
5 11 33.885
5 12 19.845
5 13 56.62
5 14 56.44
5 17 84.387
5 19 16.26
5 23 69.336
5 26 84.63
5 27 18.361
5 30 2.869
5 31 81.447
5 32 78.553
5 33 54.943
5 34 50.297
5 35 30.057
5 36 7.464
5 37 61.874
5 38 88.879
5 41 15.773
5 45 30.902
5 47 31.028
5 48 86.276
5 50 67.584
5 54 41.944
5 57 54.163
5 58 13.613
5 63 96.495
5 65 16.142
5 68 66.529
5 70 93.429
5 71 31.072
5 72 31.041
5 73 40.301
5 74 20.194
5 78 62.962
5 80 17.521
5 83 82.254
5 84 92.085
5 85 74.007
5 87 46.051
5 88 91.107
5 90 17.958
5 92 91.665
6 8 73.953
6 9 10.921
6 10 76.587
6 12 53.035
6 17 6.407
6 19 63.138
6 20 69.595
6 25 12.366
6 26 73.395
6 29 45.707
6 32 11.556
6 35 93.978
6 37 4.953
6 40 87.423
6 42 73.246
6 43 3.638
6 44 82.543
6 47 12.919
6 48 34.461
6 51 71.471
6 52 42.936
6 55 17.461
6 57 8.433
6 61 8.967
6 63 65.627
6 66 38.426
6 68 29.697
6 69 9.897
6 70 25.088
6 73 68.237
6 74 22.067
6 76 9.284
6 77 22.618
6 82 29.268
6 84 52.205
6 88 64.712
6 89 31.87
6 90 98.277
6 91 94.003
7 8 26.816
7 10 31.792
7 12 2.499
7 14 10.951
7 17 93.639
7 19 84.606
7 22 24.757
7 23 86.251
7 25 30.696
7 26 49.11
7 29 67.405
7 30 1.678
7 33 2.301
7 44 22.29
7 46 28.793
7 47 46.155
7 53 92.41
7 54 28.008
7 59 36.698
7 61 32.542
7 63 76.983
7 64 68.07
7 66 55.768
7 68 65.413
7 69 99.516
7 71 36.111
7 72 5.574
7 73 80.432
7 77 46.226
7 78 35.453
7 81 69.676
7 82 19.78
7 84 91.435
7 86 13.753
7 88 19.625
7 92 43.329
8 10 11.944
8 12 25.664
8 13 18.15
8 14 48.468
8 16 46.814
8 17 26.103
8 18 90.071
8 19 5.719
8 20 4.625
8 25 52.714
8 28 51.362
8 29 92.084
8 30 62.073
8 31 99.104
8 32 34.911
8 33 15.625
8 34 90.536
8 35 70.172
8 36 77.044
8 39 51.721
8 41 49.009
8 44 2.056
8 47 35.902
8 49 37.773
8 50 52.288
8 51 71.688
8 52 55.751
8 53 36.595
8 54 49.518
8 56 42.633
8 57 74.263
8 58 60.205
8 61 27.256
8 63 45.844
8 66 91.558
8 67 60.599
8 73 65.217
8 74 66.168
8 75 24.067
8 76 75.731
8 77 3.984
8 78 71.746
8 81 7.489
8 82 78.662
8 83 71.392
8 86 8.246
8 87 83.165
8 90 56.425
8 91 56.476
9 11 10.843
9 17 28.626
9 21 40.643
9 22 79.825
9 24 92.524
9 25 42.056
9 26 82.031
9 27 1.33
9 28 11.265
9 29 13.381
9 30 61.468
9 31 42.608
9 35 30.665
9 37 17.886
9 39 29.27
9 42 85.108
9 43 50.264
9 44 42.512
9 46 34.563
9 48 38.769
9 50 29.856
9 52 5.417
9 54 7.586
9 55 2.479
9 56 58.881
9 57 85.942
9 59 17.756
9 60 95.573
9 62 22.658
9 63 29.267
9 65 69.542
9 67 27.989
9 68 53.424
9 72 39.024
9 74 61.862
9 75 80.747
9 77 2.976
9 78 16.703
9 80 45.665
9 87 83.402
9 89 34.448
9 91 4.69
10 11 25.628
10 12 8.751
10 13 76.982
10 14 78.744
10 16 46.263
10 19 36.427
10 25 95.398
10 26 95.341
10 27 29.945
10 33 33.922
10 35 44.396
10 37 56.329
10 38 49.104
10 39 93.708
10 42 14.117
10 43 28.884
10 46 96.914
10 48 2.45
10 49 70.087
10 50 55.371
10 52 11.572
10 53 24.45
10 54 98.49
10 55 48.233
10 56 30.766
10 57 64.628
10 59 33.36
10 60 7.134
10 63 30.502
10 65 94.752
10 68 24.105
10 69 95.213
10 71 45.566
10 74 43.187
10 75 38.908
10 76 13.305
10 78 57.609
10 80 36.357
10 81 55.739
10 82 86.604
10 86 54.427
10 88 1.32
10 89 21.608
10 92 85.811
11 12 72.698
11 13 26.348
11 14 57.23
11 15 73.392
11 16 57.194
11 17 55.961
11 20 54.577
11 24 60.027
11 25 17.325
11 27 57.165
11 31 15.546
11 40 57.923
11 41 35.996
11 42 65.652
11 44 53.767
11 45 28.218
11 51 18.135
11 53 15.75
11 54 41.546
11 57 98.079
11 60 63.55
11 62 72.225
11 64 72.28
11 65 26.4
11 66 38.124
11 68 95.983
11 69 23.175
11 73 94.791
11 77 25.083
11 78 54.495
11 81 25.642
11 83 46.06
11 84 8.503
11 87 96.326
11 89 48.856
11 90 63.788
11 92 39.634
12 14 24.707
12 15 63.528
12 16 42.945
12 20 38.899
12 23 98.948
12 26 18.655
12 31 1.799
12 32 79.071
12 33 96.487
12 35 87.03
12 36 53.668
12 37 77.123
12 41 76.164
12 43 33.742
12 44 85.494
12 47 48.53
12 50 69.342
12 51 47.683
12 53 95.244
12 54 78.714
12 55 77.581
12 57 27.357
12 59 56.204
12 60 22.688
12 61 39.995
12 64 83.044
12 67 92.482
12 68 9.04
12 70 90.78
12 72 10.955
12 74 44.818
12 78 92.076
12 84 29.164
12 87 16.616
12 88 34.236
12 89 21.51
12 91 72.573
13 15 61.325
13 16 53.879
13 17 83.064
13 18 82.533
13 19 3.415
13 20 59.97
13 23 64.588
13 24 84.527
13 26 96.802
13 27 92.957
13 30 65.867
13 32 35.598
13 36 55.082
13 37 31.872
13 38 38.767
13 39 54.286
13 42 23.902
13 45 65.746
13 46 74.615
13 47 98.268
13 49 63.251
13 50 95.624
13 53 63.519
13 55 86.057
13 58 41.157
13 59 57.94
13 64 39.513
13 66 80.841
13 67 43.922
13 69 61.414
13 70 25.051
13 73 3.069
13 75 14.639
13 79 35.215
13 81 34.166
13 83 59.171
13 84 46.784
13 85 26.14
13 86 19.017
13 89 4.672
13 92 18.957
14 18 81.582
14 25 25.593
14 26 75.376
14 30 60.902
14 31 85.049
14 32 84.124
14 34 33.91
14 36 32.946
14 37 26.116
14 40 21.961
14 41 9.282
14 44 60.514
14 45 91.253
14 47 7.21
14 49 21.466
14 50 0.975
14 51 39.757
14 55 29.443
14 56 15.263
14 57 60.362
14 58 72.613
14 60 32.244
14 61 38.939
14 62 88.791
14 63 30.628
14 64 68.73
14 65 94.086
14 67 27.677
14 75 67.761
14 77 24.359
14 81 95.133
14 82 63.701
14 83 54.644
14 86 4.511
14 87 32.854
14 90 18.636
14 91 5.052
14 92 13.618
15 16 99.008
15 17 84.333
15 18 22.861
15 19 92.494
15 23 59.368
15 25 31.601
15 26 87.617
15 27 85.721
15 33 23.86
15 35 47.991
15 37 91.143
15 39 5.921
15 43 13.104
15 46 52.776
15 48 28.772
15 50 78.111
15 51 29.092
15 53 91.423
15 54 89.2
15 57 96.82
15 60 69.416
15 63 37.505
15 65 13.023
15 66 69.377
15 67 21.338
15 68 50.022
15 70 59.042
15 73 26.353
15 74 36.167
15 77 99.195
15 78 69.573
15 79 4.874
15 80 47.709
15 81 36.075
15 83 63.908
15 84 1.49
15 86 59.698
15 88 90.439
15 89 34.073
15 91 70.035
15 92 26.416
16 17 21.161
16 20 63.948
16 23 15.919
16 29 81.292
16 34 78.703
16 35 77.053
16 39 68.975
16 43 91.767
16 46 53.545
16 48 82.263
16 49 26.703
16 50 95.092
16 54 56.856
16 55 39.33
16 58 48.961
16 64 18.071
16 65 80.29
16 66 70.598
16 67 51.651
16 72 83.511
16 74 20.676
16 77 40.148
16 78 12.706
16 80 37.553
16 81 10.521
16 83 87.453
16 85 39.339
16 86 10.67
16 89 46.123
16 90 11.079
17 18 10.205
17 20 86.869
17 23 57.303
17 26 45.799
17 27 30.309
17 28 85.845
17 29 73.748
17 31 81.804
17 34 17.525
17 35 94.142
17 38 11.613
17 39 60.349
17 40 30.421
17 42 7.768
17 43 28.819
17 44 55.459
17 47 66.126
17 49 53.639
17 50 11.758
17 51 5.617
17 52 91.824
17 53 27.703
17 54 12.217
17 55 52.696
17 57 12.45
17 58 57.305
17 59 24.029
17 63 3.165
17 66 73.243
17 71 30.034
17 73 64.566
17 74 99.443
17 75 16.331
17 77 96.126
17 82 69.936
17 83 10.956
17 85 20.231
17 87 23.949
17 88 49.075
17 89 33.394
18 20 23.515
18 23 51.211
18 24 45.431
18 26 79.817
18 30 73.944
18 31 10.774
18 33 94.788
18 36 60.015
18 39 47.208
18 40 18.282
18 41 6.286
18 42 39.039
18 43 6.376
18 44 28.766
18 45 79.518
18 46 5.887
18 47 76.365
18 48 56.16
18 49 97.523
18 50 82.591
18 51 2.214
18 52 33.36
18 53 65.777
18 54 15.554
18 55 47.617
18 56 83.702
18 57 36.006
18 58 44.665
18 59 14.783
18 61 75.398
18 64 76.46
18 67 67.678
18 69 64.828
18 71 14.621
18 72 69.278
18 73 4.798
18 74 73.876
18 76 11.615
18 77 21.947
18 83 13.84
18 84 18.565
18 86 21.85
18 87 46.296
18 88 66.457
18 89 59.936
18 91 54.742
19 21 62.539
19 22 89.382
19 24 63.186
19 26 17.458
19 27 30.617
19 32 91.069
19 34 18.137
19 35 4.376
19 37 52.551
19 39 34.937
19 42 25.593
19 43 97.434
19 47 33.22
19 48 57.616
19 49 90.85
19 51 42.727
19 52 59.473
19 55 97.029
19 59 83.427
19 60 14.387
19 61 74.323
19 63 34.38
19 67 82.048
19 68 41.43
19 69 77.249
19 70 89.812
19 72 83.435
19 73 75.44
19 74 52.476
19 77 0.089
19 78 46.911
19 80 92.11
19 89 23.695
19 91 64.205
20 22 45.419
20 24 15.52
20 25 98.726
20 26 54.131
20 27 53.881
20 29 67.434
20 31 91.761
20 32 24.498
20 34 50.823
20 35 51.454
20 37 42.279
20 40 60.384
20 41 12.169
20 45 1.552
20 48 69.322
20 51 12.497
20 52 15.939
20 53 0.664
20 54 77.828
20 57 18.855
20 58 31.706
20 65 97.873
20 66 68.475
20 67 90.837
20 68 19.959
20 70 37.169
20 74 74.205
20 77 44.175
20 79 90.852
20 84 1.315
20 87 23.546
20 88 0.979
20 91 9.181
21 23 48.855
21 25 74.211
21 28 52.811
21 33 30.848
21 34 40.292
21 35 13.814
21 36 47.041
21 37 33.094
21 41 75.741
21 42 63.869
21 43 20.394
21 46 39.156
21 47 70.661
21 48 28.087
21 50 25.476
21 51 11.151
21 53 54.484
21 54 88.701
21 59 45.723
21 60 19.512
21 62 95.232
21 63 24.89
21 64 53.99
21 65 87.073
21 66 60.981
21 68 36.954
21 69 83.508
21 70 47.76
21 72 20.105
21 74 7.724
21 76 35.099
21 77 57.858
21 78 24.76
21 81 78.697
21 82 84.121
21 84 93.351
21 85 90.121
21 87 55.131
21 88 11.79
21 90 1.761
21 91 6.408
21 92 98.904
22 24 3.829
22 29 18.155
22 30 67.047
22 31 60.105
22 37 97.484
22 38 26.722
22 39 69.249
22 40 25.348
22 42 29.863
22 44 62.829
22 47 49.454
22 49 85.728
22 51 79.991
22 57 14.097
22 58 56.202
22 60 42.637
22 62 14.064
22 64 2.438
22 69 17.37
22 70 89.078
22 71 85.165
22 72 1.57
22 73 78.497
22 74 90.36
22 75 0.923
22 76 22.205
22 77 45.378
22 80 86.496
22 81 91.711
22 82 56.439
22 83 16.757
22 85 89.251
22 86 34.041
22 87 96.947
22 89 83.198
22 90 77.517
23 24 10.197
23 25 17.073
23 26 17.638
23 32 91.52
23 34 52.162
23 35 87.478
23 36 6.733
23 40 60.011
23 42 34.208
23 43 26.478
23 46 62.563
23 48 93.853
23 50 64.477
23 51 22.968
23 52 19.492
23 54 32.861
23 55 18.768
23 61 44.047
23 62 38.83
23 63 64.61
23 66 99.857
23 70 40.013
23 71 29.204
23 72 12.433
23 74 25.091
23 75 16.986
23 77 23.321
23 78 45.162
23 80 69.155
23 89 36.903
24 25 18.836
24 26 49.93
24 27 45.984
24 30 63.569
24 32 95.635
24 34 10.044
24 37 11.186
24 38 17.663
24 39 62.156
24 40 26.541
24 41 44.076
24 42 39.757
24 44 52.785
24 48 94.411
24 49 53.223
24 53 70.361
24 54 0.594
24 55 54.748
24 56 70.704
24 57 33.359
24 58 3.564
24 59 96.967
24 60 73.169
24 64 22.948
24 67 65.509
24 68 24.746
24 69 96.273
24 71 73.339
24 72 47.592
24 73 13.073
24 74 50.482
24 75 43.278
24 76 32.717
24 77 55.544
24 81 66.419
24 82 96.341
24 86 80.513
24 87 67.708
24 89 99.223
24 90 57.999
24 92 73.477
25 27 72.555
25 28 37.946
25 31 85.543
25 34 77.999
25 39 34.713
25 41 72.32
25 42 77.52
25 43 19.501
25 44 47.223
25 45 65.979
25 46 46.377
25 47 88.328
25 49 12.832
25 51 13.168
25 53 96.345
25 55 24.554
25 59 5.215
25 63 69.364
25 65 56.79
25 67 91.043
25 68 53.975
25 70 95.334
25 72 58.857
25 73 85.728
25 79 23.132
25 80 53.801
25 81 61.721
25 84 32.652
25 85 9.204
25 89 33.331
25 90 66.973
25 91 92.64
25 92 22.577
26 29 19.485
26 30 71.611
26 31 40.4
26 32 96.491
26 33 61.267
26 38 40.375
26 39 50.685
26 41 32.798
26 43 28.239
26 46 49.531
26 49 50.33
26 50 29.248
26 51 91.196
26 52 79.362
26 53 0.552
26 54 22.578
26 55 78.549
26 59 48.797
26 60 72.813
26 61 97.636
26 63 61.244
26 64 1.364
26 65 91.0
26 68 88.441
26 70 13.585
26 71 39.447
26 74 75.445
26 75 5.436
26 77 86.039
26 78 27.291
26 80 26.276
26 81 28.511
26 83 61.145
26 90 72.537
26 91 8.944
26 92 53.019
27 28 34.233
27 29 90.181
27 32 75.724
27 34 9.014
27 35 4.771
27 36 80.797
27 39 66.989
27 40 30.881
27 42 30.006
27 44 22.467
27 46 12.089
27 47 73.784
27 48 85.739
27 49 83.082
27 52 21.798
27 53 20.508
27 54 67.421
27 56 39.001
27 57 14.922
27 58 48.128
27 60 92.69
27 62 52.411
27 63 24.347
27 65 1.062
27 67 68.312
27 68 58.714
27 69 84.235
27 70 51.48
27 75 75.355
27 77 59.239
27 80 94.633
27 82 24.186
27 83 91.512
27 85 21.731
27 86 20.577
27 88 17.617
27 89 32.531
27 91 91.165
28 29 91.137
28 31 81.36
28 32 9.532
28 33 39.602
28 34 15.24
28 38 6.02
28 40 35.961
28 41 42.073
28 42 69.197
28 45 69.98
28 46 33.533
28 47 7.167
28 49 22.528
28 56 7.16
28 57 21.078
28 58 3.16
28 64 96.577
28 65 4.977
28 68 73.957
28 70 1.335
28 72 30.553
28 74 8.395
28 76 87.682
28 78 56.834
28 83 77.763
28 85 47.783
28 88 79.583
28 89 5.078
28 92 71.112
29 30 74.76
29 31 26.775
29 33 92.065
29 35 5.965
29 37 57.416
29 39 99.011
29 42 75.732
29 43 41.085
29 45 67.499
29 46 71.392
29 48 69.502
29 49 5.002
29 53 29.893
29 54 42.215
29 55 44.985
29 57 53.607
29 59 1.209
29 60 38.126
29 62 20.502
29 63 34.161
29 65 2.741
29 66 19.312
29 68 63.235
29 70 4.795
29 72 2.519
29 74 89.454
29 76 71.594
29 77 72.484
29 78 40.09
29 80 80.527
29 81 52.216
29 84 74.856
29 86 89.7
29 88 18.246
29 89 56.061
29 91 46.375
30 31 34.743
30 32 35.1
30 34 9.958
30 38 83.108
30 40 46.569
30 42 44.039
30 48 61.04
30 49 77.274
30 50 58.666
30 52 32.514
30 54 67.61
30 55 5.583
30 57 70.804
30 59 68.475
30 62 25.519
30 64 58.3
30 65 17.17
30 66 77.658
30 67 82.251
30 68 78.072
30 69 31.854
30 70 61.775
30 71 19.7
30 73 79.68
30 81 0.86
30 83 42.255
30 84 59.285
30 85 13.643
30 86 56.535
30 87 29.546
30 90 20.188
30 91 39.912
30 92 71.836
31 34 60.301
31 35 31.588
31 37 64.389
31 38 28.282
31 41 2.326
31 42 5.778
31 44 62.166
31 46 34.871
31 48 19.404
31 49 60.643
31 51 47.482
31 52 79.601
31 53 73.351
31 58 87.864
31 59 27.595
31 61 60.798
31 65 94.416
31 71 46.791
31 72 37.232
31 74 23.529
31 78 28.229
31 79 93.709
31 80 31.229
31 82 40.838
31 84 3.891
31 87 25.722
31 90 31.856
31 91 17.473
32 34 42.638
32 35 25.816
32 36 83.456
32 40 13.957
32 42 9.5
32 44 19.547
32 45 35.649
32 47 16.777
32 50 97.139
32 54 39.058
32 56 23.835
32 57 65.613
32 58 35.875
32 59 0.698
32 61 30.118
32 64 64.265
32 65 84.024
32 66 94.219
32 69 9.693
32 73 78.673
32 75 16.894
32 77 24.769
32 81 51.026
32 82 10.107
32 84 71.394
32 85 42.575
32 87 55.077
32 88 64.208
32 90 73.933
32 92 3.534
33 35 93.589
33 36 18.342
33 37 28.052
33 38 83.359
33 39 96.096
33 40 42.667
33 41 56.187
33 43 37.707
33 44 58.281
33 47 41.361
33 49 92.221
33 51 8.523
33 52 69.52
33 53 68.969
33 54 50.39
33 55 10.011
33 56 49.224
33 57 2.737
33 58 41.081
33 59 2.978
33 62 36.797
33 65 65.025
33 66 18.325
33 67 49.391
33 68 68.114
33 69 16.117
33 71 58.456
33 72 13.242
33 74 89.297
33 75 51.665
33 76 32.165
33 84 24.608
33 87 74.758
33 91 5.854
33 92 61.371
34 38 57.09
34 39 36.04
34 40 77.687
34 44 15.062
34 45 37.208
34 46 61.053
34 49 30.329
34 53 53.936
34 54 75.828
34 55 96.804
34 57 36.28
34 60 3.142
34 62 32.913
34 64 43.421
34 66 9.208
34 69 17.024
34 70 83.849
34 71 9.453
34 72 79.308
34 73 29.306
34 77 32.096
34 78 85.477
34 81 12.773
34 82 10.379
34 84 70.711
34 85 97.947
34 87 39.826
34 89 67.464
34 91 76.81
34 92 9.295
35 37 97.961
35 38 2.729
35 41 16.819
35 45 97.975
35 47 36.027
35 48 28.922
35 49 1.855
35 52 7.286
35 55 84.306
35 58 43.719
35 63 75.26
35 64 79.744
35 68 44.383
35 69 60.068
35 70 64.801
35 71 98.972
35 73 30.001
35 75 34.669
35 76 21.898
35 79 77.661
35 80 42.892
35 81 67.355
35 82 39.892
35 84 3.377
35 85 90.271
35 86 82.214
35 91 90.941
36 37 1.969
36 38 44.627
36 39 2.988
36 40 37.293
36 42 86.036
36 43 74.894
36 45 55.338
36 46 1.758
36 49 19.191
36 50 85.004
36 51 12.512
36 52 9.394
36 53 36.11
36 54 62.844
36 55 0.983
36 57 27.948
36 61 27.585
36 62 97.077
36 63 26.186
36 65 72.42
36 66 80.095
36 67 14.574
36 69 83.948
36 70 69.732
36 71 44.994
36 73 47.862
36 74 51.539
36 76 48.398
36 78 68.417
36 79 4.928
36 80 95.985
36 82 96.805
36 84 3.635
36 85 67.15
36 87 7.115
36 88 98.505
36 89 0.459
36 91 7.053
37 38 83.331
37 39 64.716
37 41 60.269
37 43 27.898
37 45 15.534
37 46 41.331
37 50 12.776
37 52 30.73
37 54 91.963
37 56 41.038
37 57 52.688
37 58 91.628
37 59 83.295
37 60 60.304
37 62 83.477
37 63 13.345
37 64 22.337
37 66 71.641
37 68 44.983
37 69 74.783
37 70 31.904
37 72 57.223
37 77 58.999
37 80 68.203
37 81 95.127
37 85 5.8
37 86 26.814
37 87 19.815
37 88 59.364
37 90 41.564
37 92 55.727
38 41 6.694
38 42 7.438
38 43 55.567
38 44 0.058
38 46 6.531
38 49 86.857
38 50 23.753
38 51 91.884
38 52 86.185
38 53 39.092
38 54 75.824
38 56 97.47
38 58 28.627
38 59 23.037
38 61 34.765
38 62 67.659
38 66 24.714
38 67 42.684
38 71 80.419
38 72 63.739
38 74 81.765
38 76 52.493
38 77 34.321
38 78 6.319
38 79 86.697
38 80 96.394
38 81 61.359
38 88 58.684
38 89 32.702
38 90 87.623
39 43 93.695
39 45 57.088
39 46 17.899
39 47 73.366
39 48 82.29
39 49 64.507
39 51 98.417
39 52 34.982
39 53 25.815
39 56 87.379
39 58 28.858
39 59 87.115
39 60 58.087
39 61 56.668
39 63 24.167
39 66 18.645
39 68 4.318
39 70 33.708
39 71 80.157
39 72 7.834
39 74 32.128
39 75 16.131
39 78 12.527
39 81 91.361
39 82 24.971
39 83 4.54
39 84 75.625
39 85 78.484
39 89 18.244
39 91 12.316
39 92 13.996
40 41 90.168
40 43 28.68
40 45 81.028
40 48 95.146
40 49 23.605
40 53 74.012
40 54 44.718
40 55 68.487
40 57 78.576
40 58 31.87
40 61 28.47
40 63 96.632
40 64 37.401
40 65 35.469
40 66 73.689
40 69 44.978
40 70 88.234
40 71 64.125
40 72 56.305
40 73 76.295
40 74 88.602
40 75 27.266
40 77 8.798
40 78 2.433
40 79 79.673
40 80 4.857
40 82 61.039
40 86 27.781
40 89 48.373
40 90 51.725
40 91 18.163
40 92 4.67
41 43 28.07
41 46 89.015
41 48 14.116
41 50 56.054
41 51 49.064
41 52 64.899
41 56 22.298
41 57 43.107
41 58 50.224
41 59 43.694
41 62 18.309
41 65 8.223
41 66 65.106
41 67 67.93
41 70 38.235
41 73 67.209
41 78 52.244
41 82 87.719
41 84 68.915
41 86 30.971
41 87 62.43
41 88 58.087
41 89 8.604
41 90 71.114
42 49 59.267
42 50 76.638
42 54 88.517
42 56 32.685
42 58 84.253
42 59 59.059
42 61 11.897
42 63 86.959
42 64 15.021
42 65 46.202
42 66 38.703
42 71 30.164
42 73 3.869
42 74 33.783
42 79 52.807
42 80 5.28
42 83 81.292
42 88 50.199
42 89 85.155
42 92 28.292
43 47 71.375
43 48 3.681
43 53 47.207
43 55 79.534
43 56 13.752
43 57 22.005
43 58 24.724
43 59 87.861
43 62 35.226
43 63 70.597
43 67 21.92
43 68 40.258
43 70 31.046
43 74 58.958
43 75 88.749
43 76 58.192
43 77 78.461
43 78 89.169
43 79 93.646
43 82 50.933
43 83 34.396
43 84 71.677
43 85 67.418
43 89 15.525
43 91 81.966
44 46 79.344
44 47 90.951
44 48 52.676
44 50 89.69
44 55 63.049
44 58 41.206
44 60 30.234
44 62 24.982
44 64 49.692
44 68 66.129
44 70 8.016
44 73 23.752
44 75 43.168
44 77 78.571
44 83 23.315
44 84 50.043
44 89 24.464
45 46 85.178
45 48 36.723
45 49 26.507
45 51 40.698
45 52 33.262
45 54 19.637
45 57 76.195
45 58 59.705
45 62 62.069
45 63 90.522
45 65 25.894
45 67 97.429
45 71 2.08
45 73 71.594
45 74 60.135
45 75 98.772
45 78 73.208
45 80 63.925
45 81 48.225
45 82 12.183
45 84 70.693
45 85 62.458
45 89 19.625
45 90 53.769
45 92 70.68
46 48 49.049
46 49 26.884
46 52 19.528
46 53 24.712
46 55 22.984
46 57 70.476
46 60 22.948
46 62 9.678
46 63 11.523
46 67 80.961
46 68 55.588
46 70 87.48
46 71 70.542
46 72 43.227
46 74 69.863
46 75 30.362
46 80 59.386
46 84 29.132
46 85 49.842
46 86 67.578
46 89 85.076
46 92 16.185
47 48 2.038
47 51 97.892
47 54 3.262
47 61 48.81
47 62 69.321
47 64 94.387
47 66 78.14
47 67 66.041
47 70 31.587
47 71 90.441
47 72 81.864
47 76 64.028
47 77 96.871
47 78 47.179
47 80 34.237
47 81 22.317
47 83 0.257
47 84 99.917
47 88 4.033
47 89 48.319
47 90 75.299
47 92 95.168
48 49 29.138
48 50 86.508
48 52 53.145
48 53 97.476
48 55 54.234
48 56 13.64
48 57 69.849
48 58 11.459
48 59 14.763
48 61 45.198
48 67 47.889
48 68 60.394
48 69 72.16
48 70 73.386
48 71 45.179
48 74 2.155
48 75 68.176
48 76 97.587
48 79 14.13
48 81 71.483
48 82 33.327
48 85 70.332
48 86 56.677
48 91 78.554
48 92 51.031
49 50 15.357
49 54 58.543
49 56 23.723
49 57 23.619
49 58 73.04
49 60 49.903
49 62 23.658
49 64 75.564
49 65 5.781
49 66 32.888
49 69 9.563
49 73 17.751
49 80 24.173
49 81 46.304
49 82 48.045
49 83 52.346
49 84 16.514
49 85 39.855
49 86 34.668
49 87 32.97
49 89 8.563
49 90 20.74
49 91 17.752
49 92 93.717
50 53 74.272
50 55 66.726
50 56 95.741
50 57 47.706
50 61 94.098
50 64 12.441
50 65 26.698
50 66 75.001
50 69 50.527
50 70 66.328
50 71 36.245
50 72 31.007
50 79 50.133
50 83 39.15
50 84 96.661
50 87 70.707
50 89 17.913
50 91 62.05
50 92 13.29
51 52 6.598
51 54 81.1
51 55 17.942
51 57 20.28
51 58 86.267
51 60 41.098
51 61 32.713
51 62 96.733
51 64 62.078
51 65 99.593
51 66 27.884
51 67 69.159
51 70 38.792
51 72 21.65
51 78 86.551
51 79 18.613
51 82 82.917
51 86 31.489
51 87 15.747
51 89 31.317
51 91 76.158
52 54 6.738
52 57 74.792
52 58 59.381
52 60 4.253
52 67 44.514
52 71 44.753
52 72 39.641
52 77 11.469
52 78 54.38
52 79 99.337
52 80 94.017
52 81 55.78
52 82 54.784
52 90 89.408
52 91 49.307
53 57 42.066
53 62 94.571
53 65 24.769
53 66 57.581
53 68 0.753
53 70 79.491
53 74 17.862
53 75 68.655
53 77 38.087
53 80 77.517
53 82 80.277
53 83 81.082
53 84 62.77
53 86 62.585
53 91 36.77
53 92 78.183
54 63 39.753
54 66 39.999
54 67 66.112
54 69 99.56
54 73 78.811
54 74 20.987
54 76 27.802
54 77 13.85
54 79 42.205
54 80 11.513
54 81 0.029
54 83 60.668
54 87 29.576
54 89 90.364
54 90 45.286
54 91 61.969
55 58 84.943
55 63 10.357
55 64 70.769
55 65 57.13
55 68 71.884
55 69 61.219
55 70 27.592
55 74 62.78
55 76 2.862
55 77 85.403
55 78 93.006
55 79 80.92
55 80 6.438
55 82 65.799
55 83 93.446
55 84 31.318
55 87 72.768
55 92 65.446
56 59 38.443
56 61 53.95
56 63 85.307
56 64 33.485
56 67 43.154
56 73 7.887
56 74 90.608
56 76 25.028
56 79 69.144
56 80 43.852
56 88 35.705
56 90 47.734
56 92 34.039
57 59 84.624
57 60 80.722
57 61 4.341
57 63 95.061
57 65 80.457
57 66 67.827
57 67 12.525
57 68 98.216
57 69 58.582
57 70 46.842
57 74 47.816
57 76 95.878
57 77 17.019
57 82 61.929
57 90 64.338
57 91 46.119
58 59 1.983
58 62 70.81
58 65 99.679
58 67 6.281
58 68 78.435
58 71 59.839
58 74 22.082
58 76 92.012
58 77 23.245
58 81 31.693
58 84 28.687
58 86 96.769
58 87 1.176
58 88 99.089
58 90 17.061
58 91 95.565
58 92 24.257
59 60 8.316
59 61 14.886
59 62 38.64
59 65 81.539
59 66 71.749
59 72 87.561
59 73 49.402
59 74 11.942
59 77 16.264
59 78 27.303
59 79 68.6
59 82 75.559
59 83 92.042
59 85 8.868
59 87 52.81
59 90 66.158
59 91 96.958
60 61 0.533
60 63 8.26
60 64 3.295
60 65 42.146
60 66 66.91
60 67 95.786
60 71 15.648
60 72 90.976
60 74 15.306
60 80 16.654
60 82 72.022
60 83 92.622
60 85 48.743
60 88 26.196
60 89 67.281
60 91 59.273
60 92 6.654
61 64 74.743
61 67 9.024
61 72 67.467
61 73 31.214
61 75 49.612
61 78 85.949
61 79 22.046
61 80 87.775
61 83 95.014
61 85 2.379
61 86 5.171
61 87 97.084
61 91 37.854
62 68 69.946
62 72 99.749
62 73 44.217
62 74 68.897
62 77 38.527
62 78 23.171
62 79 16.266
62 82 41.194
62 83 25.152
62 87 76.518
62 88 81.926
62 89 95.794
62 90 59.113
62 92 43.327
63 75 73.977
63 76 86.248
63 87 11.795
63 88 22.694
64 67 20.56
64 69 49.791
64 72 0.742
64 75 37.415
64 78 54.128
64 79 77.189
64 81 37.026
64 82 25.736
64 85 24.552
68 79 66.365
68 82 59.084
68 84 46.842
68 86 47.288
68 88 98.546
68 91 25.374
69 71 23.433
69 72 90.33
69 74 75.068
69 75 88.46
69 76 47.696
69 77 54.62
69 79 73.088
69 81 7.333
69 83 26.048
69 84 36.458
69 85 91.19
69 86 30.082
69 89 67.439
69 90 57.252
69 91 86.028
70 71 33.398
70 74 46.111
70 77 78.748
70 78 36.413
70 79 63.332
70 82 10.425
70 84 60.79
70 86 13.233
70 88 64.787
70 89 18.352
70 91 76.747
71 72 6.658
71 73 6.583
71 74 70.561
71 78 77.891
71 81 41.083
71 82 72.436
71 84 11.928
71 85 34.757
71 89 33.32
71 90 48.209
71 91 83.525
72 75 30.462
72 77 24.329
72 78 9.341
72 79 50.239
72 81 43.088
72 82 91.992
72 83 11.176
72 84 38.929
72 86 38.754
72 88 24.438
72 91 25.989
73 75 39.949
73 82 49.511
73 83 43.333
73 84 27.112
73 85 59.452
73 86 62.181
73 87 20.839
74 75 5.727
74 77 78.745
74 80 65.432
74 85 43.504
74 86 77.01
74 89 8.034
74 90 90.954
74 91 45.483
75 76 60.815
75 80 27.667
75 81 39.102
75 82 75.876
75 83 88.247
75 84 66.369
75 87 65.265
75 89 54.014
76 77 39.756
76 80 84.19
76 81 74.234
76 82 6.33
76 84 94.126
76 89 55.693
77 79 64.472
77 81 16.268
77 84 79.795
77 85 19.276
77 87 17.81
78 79 7.716
78 80 65.468
78 83 1.198
78 84 84.745
78 85 8.531
78 86 66.267
78 87 7.98
78 89 38.638
78 90 59.048
78 91 18.221
79 82 19.252
79 83 52.191
79 86 55.801
79 87 98.207
79 88 46.148
79 89 49.851
80 81 26.902
80 82 10.526
80 86 56.708
80 87 17.657
80 88 84.247
80 89 95.977
80 91 14.028
81 83 48.474
81 84 64.417
81 86 60.243
81 89 60.44
81 91 18.563
82 84 36.013
82 85 86.071
82 87 56.893
82 89 11.943
82 91 38.176
83 84 97.086
83 85 20.023
83 87 97.488
83 90 39.728
84 88 20.046
84 90 45.643
84 91 26.941
85 87 88.241
85 88 49.711
85 91 95.921
86 87 71.075
86 89 55.209
86 90 82.607
87 89 40.783
87 91 28.353
88 89 56.648
88 90 0.828
88 91 98.544
90 91 31.039