100
0 79 19.5
1 20 8.19
2 95 1.08
3 8 38.83
4 47 11.72
5 89 44.74
6 32 33.68
7 81 4.02
8 89 8.64
9 6 33.97
10 72 3.29
11 16 4.89
12 4 13.75
13 67 20.35
14 75 40.19
15 36 3.62
16 35 19.46
17 55 35.01
18 48 4.22
19 0 48.77
20 13 47.24
21 13 49.96
22 77 2.43
23 65 33.31
24 13 26.92
17 13 23.01
55 6 25.11
11 13 11.47
44 27 3.68
4 37 9.51
90 79 4.25
97 79 15.37
49 56 27.36
87 75 5.51
27 90 11.25
85 23 2.47
0 39 1.94
0 44 25.07
51 92 49.05
57 83 16.09
90 75 30.53
59 71 19.59
28 81 16.54
28 50 46.91
88 76 29.18
0 2 39.47
34 99 18.38
71 99 48.75
11 70 28.42
23 3 32.73
14 29 44.34
18 83 8.34
73 49 27.58
0 65 11.67
0 9 33.78
91 42 39.01
10 56 5.39
5 28 34.66
61 45 25.89
53 29 46.08
32 39 36.54
4 79 39.85
84 88 15.72
47 93 1.27
11 81 7.49
83 7 1.06
37 66 9.39
25 79 37.88
68 12 6.98
17 83 7.11
95 45 18.99
42 14 8.38
75 94 41.49
57 29 39.57
26 48 21.42
64 40 6.77
96 94 16.14
98 81 3.89
17 3 34.32
62 29 49.06
27 52 6.21
24 96 10.2
10 79 24.67
24 54 20.77
7 84 42.5
40 27 11.69
32 74 18.6
83 85 19.01
80 74 47.45
13 30 37.29
60 63 13.54
14 85 35.29
74 99 46.78
15 96 38.86
85 88 4.27
39 63 42.93
88 72 20.95
41 94 47.94
85 47 15.19
73 95 16.69
94 90 49.46
80 36 46.22
96 42 28.61
97 44 48.36
59 56 45.51
86 73 46.01
3 45 30.52
14 94 28.15
42 39 4.58
20 65 43.84
61 3 48.39
92 41 6.38
23 2 21.29
86 22 13.62
93 7 20.3
59 51 33.75
10 37 5.85
7 71 15.0
10 21 44.95
22 30 13.59
17 18 17.9
35 63 2.2
17 66 23.96
79 8 8.6
6 14 6.29
7 66 27.66
12 28 15.03
35 88 43.29
27 78 39.9
9 4 6.64
24 76 7.4
69 66 18.56
21 69 42.08
74 26 27.44
89 11 30.93
7 52 13.86
33 87 30.65
9 20 45.27
96 2 26.08
53 58 44.41
6 92 39.47
85 68 40.97
69 93 40.84
56 55 4.25
81 22 21.48
78 28 28.26
4 71 34.82
49 41 41.68
17 58 46.54
31 43 49.84
17 12 18.5
56 78 19.41
24 3 46.25
5 50 2.43
27 20 45.36
12 65 49.8
85 4 42.59
50 83 39.84
57 54 11.48
98 52 18.34
73 20 44.12
84 1 41.61
61 89 31.73
18 77 17.24
87 82 49.59
1 43 48.25
82 80 13.66
1 4 42.4
94 5 8.34
14 79 31.92
52 22 8.41
83 73 31.94
42 68 21.28
4 89 20.01
82 52 44.69
40 81 26.61
96 27 37.45
41 67 28.29
1 65 31.81
33 83 16.1
13 37 13.43
3 38 2.98
76 41 22.24
3 52 17.45
26 61 27.82
69 94 14.96
67 60 34.18
46 55 20.74
26 4 21.97
25 75 47.84
76 89 16.4
17 91 8.51
63 51 33.62
85 92 49.25
89 17 3.11
1 8 37.05
84 33 35.96
73 14 14.27
90 13 38.55
88 43 4.94
86 88 28.8
64 41 35.04
76 20 22.85
69 90 37.31
10 29 33.5
17 77 2.24
33 92 39.83
40 89 45.28
37 57 2.45
67 47 45.66
34 94 31.3
1 71 18.94
68 9 47.94
75 44 25.88
5 99 12.64
51 12 46.2
45 59 5.66
36 14 3.26
74 71 21.59
82 63 19.82
20 42 14.72
81 56 48.84
66 84 10.38
43 36 49.56
57 93 42.0
3 1 4.62
97 49 3.51
66 21 2.81
83 48 5.44
5 85 1.94
26 10 44.3
74 19 47.51
71 68 45.63
20 38 34.71
15 60 2.66
83 82 17.83
47 81 34.9
43 79 19.65
10 16 4.58
76 75 25.79
33 58 42.54
97 22 19.49
45 4 48.27
44 65 25.21
18 64 42.15
82 19 15.73
75 15 33.46
42 36 37.22
65 55 31.5
37 46 16.27
63 84 7.99
10 33 13.13
53 74 40.13
82 21 2.97
52 6 43.95
14 74 15.91
63 87 31.21
8 82 19.22
84 47 41.41
58 71 19.21
3 78 10.16
57 60 12.25
27 73 26.04
23 66 35.49
50 20 6.5
48 15 32.48
15 94 42.68
19 66 11.0
71 92 32.78
61 42 43.79
31 52 35.22
81 29 8.79
47 9 3.36
58 66 26.68
74 7 5.6
5 16 14.19
72 60 42.29
32 76 18.53
26 67 20.86
68 55 44.82
84 40 40.59
84 59 2.15
10 84 9.35
92 82 25.05
41 77 29.38
86 58 3.31
23 12 35.97
29 98 23.64
32 67 20.06
40 31 1.6
64 75 10.95
17 71 39.56
83 61 15.08
97 18 32.47
9 40 20.02
68 62 29.18
42 51 15.49
54 13 31.58
29 95 23.88
87 29 18.39
55 77 19.79
95 39 2.6
78 55 8.95
47 15 22.96
27 35 31.27
81 19 9.02
22 74 4.49
55 72 13.23
55 70 37.23
27 68 6.11
87 8 21.0
22 82 27.54
73 94 43.65
54 55 36.91
57 82 12.37
38 50 7.68
55 14 27.75
13 69 31.86
46 88 19.67
48 16 26.81
99 96 49.5
0 38 25.92
43 24 43.59
38 4 18.3
22 7 45.79
64 78 12.13
54 32 8.2
73 1 8.92
28 72 18.97
34 53 2.66
4 63 19.42
12 99 40.88
70 2 38.58
46 90 17.56
36 2 38.98
28 3 8.72
50 26 23.69
7 41 20.12
75 12 32.9
12 14 21.15
51 23 28.06
83 8 31.44
53 6 43.44
75 31 29.33
81 85 31.78
69 92 39.18
72 47 23.62
65 57 9.05
13 36 28.67
49 65 26.81
44 3 37.57
63 21 27.7
96 14 5.29
4 93 6.49
99 17 35.37
4 46 15.62
93 40 22.56
87 4 44.38
73 89 31.74
37 91 15.66
61 1 21.72
48 34 5.4
14 87 25.5
87 3 19.3
58 20 34.29
55 79 5.48
28 94 24.02
43 0 39.1
80 70 14.79
52 35 3.33
71 84 11.29
41 19 24.07
45 7 41.97
97 12 27.33
66 40 30.92
24 27 3.2
44 83 6.37
8 76 16.8
11 10 25.75
27 83 36.04
16 42 23.71
77 15 12.37
88 57 36.12
26 43 27.38
54 99 35.71
10 52 34.89
23 96 11.67
8 46 20.1
91 98 35.0
94 36 6.4
28 76 25.65
3 91 33.53
15 52 12.71
16 0 3.68
30 7 5.55
49 67 1.14
34 73 3.16
22 64 48.19
91 53 17.33
46 75 49.86
80 48 19.38
34 52 25.67
90 61 45.81
29 60 9.06
19 56 42.07
1 91 25.81
61 75 11.09
50 8 42.12
82 29 25.12
1 64 23.69
46 59 14.58
96 50 3.61
23 6 44.04
61 71 35.41
73 23 11.05
35 34 23.01
15 42 21.97
65 50 7.6
86 59 26.23
63 11 30.17
30 39 21.29
28 38 30.89
53 37 1.61
4 19 26.07
43 16 17.85
92 47 11.02
88 74 33.84
78 96 27.37
94 51 31.52
69 72 11.3
58 84 48.37
60 48 20.96
28 97 30.2
93 72 5.38
45 62 27.23
12 84 26.72
0 60 35.4
23 32 21.17
88 15 6.17
19 13 42.55
86 54 43.86
75 38 36.08
50 87 22.97
31 14 7.02
16 96 9.01
32 86 10.72
47 42 12.82
60 2 23.89
91 50 33.22
42 73 23.36
43 2 10.35
32 46 28.8
42 54 22.58
94 78 23.25
74 93 21.8
36 90 4.09
51 64 6.04
78 86 8.45
48 93 28.61
35 91 42.53
65 56 6.84
53 32 23.51
98 75 49.15
17 80 8.98
10 61 4.76
30 47 14.45
98 72 45.92
8 16 47.47
49 28 39.09
67 11 23.66
59 12 33.07
28 74 1.06
75 3 11.59
66 6 38.26
62 14 25.12
82 41 2.36
63 17 5.52
51 14 29.36
95 30 23.85
53 23 39.11
29 45 32.94
71 93 11.17
20 18 8.89
49 16 21.7
12 37 33.03
38 51 44.1
81 6 12.23
90 78 8.73
93 13 12.62
38 46 9.33
45 70 44.66
75 13 3.3
31 92 6.4
46 20 13.29
48 29 9.04
94 35 33.0
26 5 10.2
44 96 45.29
71 89 12.37
30 70 42.55
92 62 25.39
34 0 47.11
19 57 46.49
41 89 29.09
80 26 24.47
30 93 48.26
89 22 31.06
64 15 14.03
5 3 38.03
44 50 28.6
57 5 20.9
58 80 27.26
7 53 44.39
87 40 36.45
48 84 20.19
76 13 19.98
32 44 4.6
79 88 44.4
76 23 35.28
26 60 33.94
95 49 13.74
1 86 28.65
75 84 38.71
68 36 41.82
41 85 42.25
10 70 37.84
95 87 24.16
22 25 13.62
55 48 23.27
28 53 38.25
32 60 38.83
20 81 47.74
42 8 49.37
77 97 7.13
67 53 24.97
51 53 27.4
0 29 3.49
13 46 47.76
87 90 32.92
10 90 5.61
6 76 3.15
93 41 8.54
78 10 13.29
98 89 49.89
79 28 39.93
98 54 25.59
45 11 22.79
54 56 8.36
18 10 23.63
39 46 19.46
92 87 17.52
85 77 11.91
78 99 43.07
10 85 37.96
12 81 39.34
0 20 26.62
80 72 36.63
65 51 3.62
25 8 15.41
49 53 39.81
98 44 22.37
67 93 16.57
54 22 32.34
85 89 19.94
17 76 25.02
86 37 44.73
97 55 22.44
9 19 20.38
13 71 30.48
99 33 49.81
86 5 10.27
35 58 40.17
14 92 20.13
71 56 39.21
32 78 25.34
4 32 49.45
37 55 25.88
97 72 22.56
40 83 7.58
2 24 28.26
0 80 31.78
82 25 20.53
82 7 5.87
64 16 48.2
12 48 22.44
42 93 38.8
62 30 20.22
18 61 22.32
77 63 34.98
81 32 14.88
88 20 47.83
65 97 27.02
77 42 30.19
58 79 3.94
57 6 3.23
16 30 23.09
26 29 22.21
22 71 47.03
53 96 46.68
0 70 32.52
25 50 21.78
30 72 17.03
27 36 2.22
68 93 36.68
71 49 30.89
85 48 24.42
7 80 46.91
36 18 23.92
78 70 4.49
60 70 28.3
83 67 7.85
94 87 11.7
29 32 41.93
75 58 42.4
54 17 30.04
90 35 25.84
88 22 1.65
69 82 22.23
68 65 3.21
34 64 32.24
17 4 36.34
29 94 4.98
32 47 18.0
29 7 27.51
2 6 6.09
32 16 33.02
31 38 42.88
26 57 44.9
79 48 44.8
23 82 45.62
98 41 15.84
6 83 37.44
15 21 23.38
32 48 21.49
37 77 12.24
21 72 38.48
82 72 39.22
3 40 34.02
81 91 22.13
41 66 45.54
46 33 27.68
9 70 34.32
48 17 32.11
62 73 49.43
71 86 43.89
47 16 49.23
5 56 3.66
46 47 45.23
17 50 11.73
78 18 35.96
86 44 21.17
95 56 49.1
28 29 39.76
85 96 21.42
99 13 48.1
61 93 36.4
14 50 24.11
52 69 33.57
2 53 44.87
69 55 22.76
87 25 5.71
91 10 17.83
58 57 35.09
50 6 33.13
6 74 41.01
56 2 47.9
20 80 5.5
92 58 7.39
13 73 11.52
8 97 5.06
40 71 23.91
57 47 45.92
38 43 2.87
67 33 24.36
61 44 26.87
58 54 33.82
0 48 26.15
10 89 34.62
63 70 40.66
34 16 42.07
62 69 33.57
63 0 29.76
42 5 17.91
31 70 45.34
92 53 40.22
12 52 49.87
86 65 41.18
76 12 42.07
85 56 16.75
94 85 39.8
31 54 7.6
11 0 12.68
21 43 38.91
37 44 40.83
41 4 42.5
18 82 21.39
6 72 28.47
93 85 10.44
0 25 39.41
61 66 26.36
26 93 40.81
73 37 37.0
85 59 39.18
78 6 13.26
79 75 41.77
80 10 30.87
91 30 18.68
82 85 17.79
16 81 47.94
83 4 41.89
44 51 49.67
62 21 24.95
76 71 17.47
74 90 9.99
59 24 2.06
54 5 24.74
16 73 30.09
6 27 8.95
8 51 46.12
69 48 28.22
62 72 37.77
69 33 1.85
45 44 35.23
70 85 15.32
3 53 7.94
54 95 23.41
78 2 1.08
51 61 34.12
2 20 45.19
36 58 35.32
66 82 24.04
80 2 13.34
95 84 35.68
9 8 33.39
30 43 40.93
73 48 49.87
85 62 31.39
61 40 33.75
10 58 14.89
31 4 22.89
5 63 28.23
58 3 31.97
63 18 47.13
56 86 16.57
71 19 29.92
97 41 19.67
51 87 17.24
35 59 17.49
82 98 49.18
77 92 24.13
79 76 46.18
14 98 17.3
55 12 40.55
22 70 43.43
87 32 6.66
18 95 12.75
7 15 12.71
81 71 19.56
65 53 34.89
37 96 33.51
84 42 29.23
1 18 12.93
12 8 42.89
40 47 39.41
86 68 19.07
76 36 32.79
97 1 36.18
27 64 8.74
47 26 26.73
45 93 9.23
58 21 24.71
48 86 49.77
72 18 14.96
30 89 8.62
39 57 17.86
1 25 46.66
33 82 41.43
49 2 14.39
83 78 29.23
89 53 27.11
67 58 24.0
31 47 46.72
92 91 17.54
77 4 6.23
20 47 43.87
67 50 18.07
77 20 3.81
32 65 33.08
1 85 49.87
50 81 5.29
72 24 49.47
29 66 29.37
59 74 15.65
32 77 34.11
47 22 43.26
68 48 28.5
68 67 5.23
56 35 10.98
56 90 43.01
17 21 9.37
45 85 40.18
37 8 8.66
30 27 29.91
49 50 10.85
81 94 25.97
91 85 36.93
49 80 22.03
98 34 48.77
41 36 46.24
51 37 30.89
47 45 19.66
20 96 35.04
43 53 20.1
86 17 25.82
30 32 26.93
17 16 16.16
53 82 35.37
5 65 38.14
68 88 49.54
89 43 22.98
2 45 26.45
13 44 24.8
75 99 41.88
92 22 27.59
89 28 24.6
98 37 23.6
31 76 46.25
98 3 35.11
41 48 19.0
49 98 39.91
25 14 46.11
92 34 31.09
40 57 8.61
83 1 7.36
80 39 23.73
15 58 10.18
96 0 17.25
52 24 11.09
88 98 27.3
90 40 10.93
90 81 21.53
20 60 43.73
63 1 19.16
4 6 44.88
19 59 33.14
28 39 20.25
2 28 18.06
48 99 31.55
54 36 40.53
37 99 46.52
60 90 45.18
42 31 39.86
70 90 5.62
35 62 47.45
78 29 25.27
57 68 25.42
48 38 41.57
42 79 24.17
92 61 27.71
97 53 22.36
69 60 2.74
41 39 48.5
75 43 26.5
10 73 16.31
73 85 27.34
48 43 28.02
44 26 24.66
32 62 8.15
47 18 3.0
1 48 29.87
66 77 43.38
31 33 43.23
35 67 4.93
66 13 2.05
31 98 35.7
92 81 23.19
86 15 13.2
76 92 19.88
42 89 9.69
1 29 39.27
49 30 26.67
76 82 29.44
29 80 5.14
3 68 45.29
78 36 5.66
40 80 34.28
96 82 12.09
61 58 28.29
77 0 13.86
76 77 19.3
55 93 19.7
21 24 47.61
15 25 9.02
91 77 44.13
7 4 7.41
94 65 31.39
52 26 32.21
46 7 16.78
76 3 8.38
20 74 35.27
46 87 15.4
64 4 1.81
83 10 27.32
82 95 3.86
65 99 47.38
40 42 48.97
15 39 46.84
71 96 15.93
75 91 10.18
18 31 13.06
79 34 8.95
55 4 14.95
11 32 34.73
44 91 25.28
86 52 32.74
51 29 6.19
56 20 19.34
2 74 40.99
42 82 44.1
45 52 35.1
96 26 30.04
24 42 29.13
97 76 42.72
5 93 7.42
67 14 19.8
36 62 1.16
79 13 9.33
54 96 47.4
46 9 21.54
91 52 43.96
54 15 5.9
75 47 25.9
23 31 11.29
8 68 30.47
3 85 3.62
64 82 44.0
84 46 15.9
42 25 47.01
14 63 9.23
73 0 10.63
4 61 13.64
67 55 32.1
25 39 3.83
60 3 3.75
98 50 15.4
32 25 41.22
10 96 28.48
52 87 27.16
35 23 42.15
71 29 28.29
98 27 12.17
46 26 8.33
83 36 43.0
57 17 40.1
43 80 32.42
67 27 20.21
43 41 39.97
22 1 23.48
34 19 21.9
34 61 11.3
42 9 15.43
83 64 7.13
21 19 44.08
86 92 29.72
24 94 14.04
97 96 1.81
97 43 22.98
58 99 13.4
55 34 35.97
74 55 40.57
43 29 19.3
42 13 44.77
73 68 19.88
59 82 22.43
46 69 33.76
95 51 14.18
14 77 3.07
51 16 18.99
53 20 41.53
33 88 20.96
74 78 29.01
84 5 32.73
88 5 21.68
49 1 4.46
74 87 41.95
26 59 23.36
19 72 30.68
86 97 21.26
35 26 16.49
46 61 28.41
65 73 3.38
19 79 12.24
61 13 19.18
72 53 14.57
95 19 35.32
61 80 16.71
69 44 2.71
22 24 12.18
39 7 47.98
31 63 30.8
84 29 12.63
50 70 28.79
69 24 10.28
95 16 37.64
99 22 3.12
49 14 7.44
12 10 2.51
86 55 40.25
42 99 33.27
6 22 25.96
77 84 38.58
16 54 46.02
4 20 25.98
6 46 12.13
31 41 40.06
92 99 43.18
98 53 7.94
92 3 48.68
95 1 5.54
97 42 35.88
15 24 19.55
62 96 22.99
68 83 21.82
15 89 7.78
82 38 49.67
28 82 4.81
0 87 27.16
10 13 15.15
62 22 37.66
95 60 14.55
85 44 48.55
59 50 36.97
45 33 41.98
6 33 2.27
72 12 24.49
15 53 29.26
22 23 13.71
66 93 13.26
69 81 15.58
16 13 42.87
5 13 49.35
90 48 34.69
82 73 22.01
97 83 45.66
11 83 11.14
57 63 10.81
20 62 37.59
10 32 26.08
34 24 6.65
46 65 8.13
20 69 1.46
57 92 42.74
59 81 41.54
22 98 25.16
4 52 45.43
94 46 2.03
33 86 41.91
98 8 39.55
35 29 37.37
38 25 8.81
17 27 11.39
28 32 48.83
7 70 42.97
36 0 40.42
19 52 17.23
63 98 32.27
60 91 38.02
91 73 8.21
47 19 14.88
10 93 5.04
43 91 21.28
45 50 21.44
4 74 39.95
90 97 19.31
7 69 48.02
34 72 6.44
6 38 6.13
40 60 39.34
11 59 44.43
54 60 9.05
90 15 28.04
11 52 20.9
5 76 9.42
43 20 19.41
88 16 39.99
45 78 39.79
22 96 13.42
36 73 28.91
39 1 13.74
77 82 20.88
84 78 45.21
50 10 23.93
76 85 25.23
47 65 1.03
6 34 4.37
44 25 28.89
71 63 45.63
3 50 43.19
8 78 39.07
22 68 17.35
23 92 40.41
72 75 38.16
51 21 29.01
28 8 7.25
40 21 25.63
36 96 14.8
38 12 33.36
9 5 39.71
84 76 3.96
12 16 11.56
11 15 28.19
86 45 24.82
56 40 44.43
35 45 44.95
34 51 45.93
36 3 23.2
13 39 31.58
23 61 9.73
55 25 10.31
25 74 48.87
88 61 16.94
73 76 43.55
38 59 13.58
60 78 18.9
31 46 27.03
96 6 37.57
83 77 23.18
25 41 10.44
15 10 49.59
62 95 43.12
26 98 13.25
88 23 3.89
49 3 42.37
71 37 1.22
94 77 24.57
24 81 34.49
34 41 26.21
32 66 43.24
56 79 44.2
11 2 36.46
12 3 20.09
22 87 37.4
56 72 21.38
27 38 42.36
37 11 20.25
27 71 29.13
44 94 22.0
0 7 49.42
96 86 49.03
89 81 24.35
12 57 1.2
48 23 16.75
56 61 2.39
51 58 14.92
2 13 26.15
95 98 15.56
11 92 46.97
13 26 45.18
40 26 5.14
34 12 4.7
19 87 44.36
85 43 37.52
85 66 24.89
85 34 38.03
49 60 34.81
57 77 37.24
78 20 15.13
11 39 19.39
95 6 31.45
31 74 31.64
87 21 33.73
18 51 3.27
5 70 29.24
31 96 30.11
35 33 41.2
8 75 36.11
8 14 40.64
91 0 37.14
39 65 49.05
61 68 42.33
87 96 35.68
58 90 10.16
38 49 15.02
33 56 5.1
79 15 28.36
53 13 23.32
21 45 30.46
76 10 1.5
88 50 34.24
82 31 36.52
33 53 5.01
29 72 29.42
13 68 9.3
81 68 41.9
44 99 1.19
2 97 39.33
53 18 8.02
7 5 16.06
48 5 13.24
79 74 46.84
56 77 33.69
2 10 46.01
69 96 41.11
23 29 41.74
33 80 5.13
24 1 21.97
21 77 10.13
43 47 18.87
21 96 25.7
49 51 38.36
93 94 23.64
87 72 1.24
76 98 49.44
9 87 6.66
14 81 13.92
56 69 24.56
43 3 29.54
28 70 25.24
49 39 19.0
37 82 34.98
78 65 9.66
92 29 4.82
94 50 6.43
74 29 9.11
15 93 44.25
46 89 21.14
76 55 49.42
42 37 7.25
36 26 36.73
70 19 1.84
32 34 29.38
41 73 25.24
43 50 40.96
59 14 2.06
0 17 47.74
59 47 27.95
77 68 39.39
2 67 9.56
29 46 24.35
77 81 44.6
30 81 20.55
37 60 31.88
96 7 46.49
33 60 35.95
7 94 5.24
2 48 7.96
8 48 21.48
55 43 43.16
16 59 46.28
60 10 47.05
19 64 25.76
85 15 12.63
10 6 16.19
7 76 4.98
91 34 35.21
33 59 21.04
65 83 17.11
47 49 9.14
71 57 19.95
47 99 1.33
6 25 46.26
39 68 10.22
54 79 30.41
11 56 21.02
27 59 21.06
71 5 42.31
37 20 8.69
37 26 12.15
29 55 16.65
28 7 12.2
40 46 3.7
28 14 47.46
54 51 20.19
13 40 41.17
84 89 22.88
14 48 42.53
66 38 33.21
55 60 4.26
95 4 8.97
86 40 28.71
79 52 40.5
6 62 43.58
20 90 26.96
0 92 16.8
21 73 28.79
39 47 3.63
78 82 23.65
90 85 37.13
41 45 22.73
84 55 3.08
89 24 18.86
61 86 17.66
95 26 29.06
52 5 13.38
15 38 39.84
45 40 16.69
95 59 9.36
53 64 31.39
64 93 22.05
60 30 44.15
70 43 22.75
61 6 30.73
88 36 47.02
0 74 11.45
47 79 47.41
40 30 29.39
97 7 34.46
86 95 39.2
87 73 29.35
93 50 39.73
87 60 4.6
55 88 19.88
13 81 12.12
98 30 18.08
65 66 17.28
44 18 10.8
3 64 9.02
82 35 8.3
91 72 30.69
53 46 47.43
82 4 28.61
66 25 26.39
22 2 8.96
7 34 39.24
8 70 9.72
8 17 40.5
20 21 28.86
17 56 3.4
40 73 35.47
83 47 38.5
79 62 14.09
73 31 11.54
3 4 6.7
18 21 5.54
13 88 45.41
54 11 18.3
93 29 29.79
30 78 33.23
45 87 39.57
43 35 39.64
32 3 26.02
15 45 39.73
6 85 9.03
2 92 29.04
75 78 23.41
9 69 8.39
1 27 29.34
64 58 30.99
71 98 32.09
40 88 14.61
38 21 40.25
63 13 17.1
48 92 11.79
89 19 23.92
3 6 17.14
88 58 1.51
73 51 18.33
62 51 16.78
50 52 21.39
10 30 39.77
97 80 28.16
14 97 21.43
43 82 33.65
42 90 19.41
1 90 31.01
75 42 16.83
77 73 13.63
81 4 20.88
64 85 6.68
7 9 20.58
89 12 11.02
39 91 47.36
66 34 19.95
54 33 49.38
93 23 40.69
32 57 13.68
90 14 1.93
31 21 46.24
60 73 34.09
63 78 17.79
82 9 21.78
16 99 9.03
15 14 7.72
42 0 10.88
50 82 1.57
20 36 12.58
46 2 1.17
72 71 28.22
27 47 22.55
28 9 33.28
26 64 42.39
11 53 18.9
99 68 26.43
34 80 31.79
86 6 48.03
21 59 23.05
59 28 2.48
4 75 11.38
53 99 26.18
2 19 20.89
22 29 28.13
21 39 38.78
84 49 1.3
3 30 43.08
78 16 27.36
40 44 36.39
8 36 35.16
21 4 37.61
23 33 45.47
45 0 28.4
47 2 33.95
53 59 13.74
87 93 13.02
76 37 2.52
90 9 40.85
6 69 34.22
44 89 43.67
14 9 11.13
52 36 23.16
24 85 30.08
6 59 29.66
47 70 15.43
8 99 13.54
20 3 24.85
69 23 2.43
39 37 9.67
84 69 25.47
99 11 10.67
75 18 30.32
98 67 28.76
28 73 45.86
9 54 28.18
43 65 43.98
98 65 27.28
45 98 4.59
78 39 16.39
79 40 18.14
66 74 6.52
38 41 14.02
3 84 43.5
27 79 47.27
18 41 16.42
33 26 44.6
32 51 24.86
44 60 14.63
97 85 44.7
46 67 14.05
25 76 36.77
71 20 43.3
13 51 36.45
14 27 5.08
2 8 14.54
11 49 17.05
99 56 25.03
9 26 1.05
36 53 3.0
67 36 46.06
37 17 45.14
72 77 33.67
99 76 20.12
92 26 33.57
93 14 16.93
86 90 25.03
54 6 36.17
65 18 44.12
8 77 37.84
76 45 28.0
55 80 4.02
99 23 3.79
82 24 23.39
99 57 29.77
93 62 6.72
91 23 34.57
70 75 36.53
84 57 26.79
92 55 36.81
79 11 32.34
52 55 11.48
59 80 20.47
79 60 35.85
81 74 12.92
95 40 41.1
36 22 30.28
42 38 29.52
29 27 16.86
88 90 22.92
31 93 15.64
44 33 9.45
17 36 36.22
8 59 35.41
62 67 26.33
25 93 1.28
0 75 9.78
63 83 37.79
39 29 5.52
51 4 47.01
6 70 39.38
64 29 39.54
34 96 36.7
1 53 5.57
51 47 17.25
40 74 41.62
95 14 1.09
57 21 46.15
55 23 33.97
89 57 11.99
9 24 20.48
18 39 17.77
98 35 2.21
47 13 44.49
43 33 38.66
95 9 6.58
82 74 21.74
81 21 9.79
5 58 19.3
1 92 36.26
1 94 42.96
62 40 36.76
56 48 2.83
19 10 2.76
47 87 23.12
63 42 34.82
36 6 6.13
87 76 44.82
91 96 26.4
30 80 27.92
13 22 18.56
90 18 48.85
14 1 9.34
77 33 49.66
84 61 6.8
38 96 16.09
43 74 19.6
30 79 3.7
33 18 12.63
62 4 19.66
50 39 31.18
17 87 6.3
60 64 12.98
25 96 21.1
85 31 34.53
18 99 40.84
87 69 41.66
88 26 43.32
4 53 21.44
88 69 8.6
36 45 15.21
28 1 40.14
43 18 19.8
37 24 40.93
20 67 1.08
56 63 15.65
32 69 26.74
48 45 31.38
94 45 18.91
30 64 2.7
63 48 2.95
40 29 5.09
90 89 33.26
88 54 23.28
98 68 11.61
91 55 6.01
13 74 47.79
7 8 31.16
84 25 44.46
45 89 34.01
68 97 37.45
32 20 22.59
6 15 36.34
98 20 26.63
45 5 44.84
41 35 22.94
40 58 18.52
22 49 39.6
40 17 30.57
22 34 7.81
47 89 41.11
18 89 48.62
96 95 25.71
86 16 9.35
91 24 41.58
34 10 47.04
10 99 27.73
0 15 49.96
79 72 7.45
0 32 20.83
14 58 14.15
10 23 41.63
24 51 5.94
79 57 21.29
87 20 45.81
61 30 39.91
58 62 38.56
49 55 34.39
43 99 33.79
34 17 45.94
84 62 28.02
10 3 37.48
51 99 7.96
95 69 5.06
90 8 3.62
36 34 2.23
74 45 15.94
73 46 4.23
31 6 47.46
86 49 1.55
84 43 47.33
14 60 38.95
99 62 19.71
19 98 34.16
60 42 29.72
4 23 28.42
26 82 16.21
7 18 10.03
74 10 4.22
74 63 5.06
80 23 2.77
41 58 7.14
8 66 10.94
68 78 9.14
14 10 23.6
81 42 43.5
80 66 2.91
79 98 23.53
42 72 25.81
37 89 24.33
80 13 19.93
45 82 31.26
70 64 11.9
48 11 28.82
54 37 46.22
33 55 36.16
21 74 7.13
43 67 12.03
98 51 36.14
66 67 7.84
88 19 23.34
6 13 41.76
82 12 19.82
59 5 28.32
58 44 29.26
90 53 44.74
92 39 9.16
51 71 12.65
99 46 30.03
61 54 41.82
90 4 37.19
86 47 42.9
67 39 2.17
77 70 49.7
54 64 31.57
96 55 35.02
80 5 2.34
85 0 19.77
35 89 5.84
78 93 13.28
80 44 29.0
98 74 42.18
35 99 32.9
89 13 1.08
28 63 35.13
67 59 28.03
18 30 4.01
6 84 12.54
80 25 22.8
11 31 23.7
21 53 26.41
35 95 36.06
71 15 1.22
16 70 41.55
16 72 14.38
78 25 36.2
85 50 32.64
99 61 39.11
4 59 19.92
99 14 45.78
99 36 24.19
32 83 44.61
2 91 24.02
30 77 45.12
42 17 6.71
96 40 48.93
26 23 33.55
50 40 9.8
67 69 3.35
63 30 19.53
47 0 11.29
6 17 14.37
72 66 44.64
34 29 13.26
41 3 15.35
18 38 28.61
93 20 4.36
87 53 42.46
38 93 9.1
8 65 23.51
18 34 14.59
77 78 43.37
10 63 49.04
78 81 20.3
75 45 5.14
82 93 15.47
29 76 35.41
5 23 14.09
59 72 21.24
89 26 9.08
18 81 48.89
17 79 29.5
69 27 14.69
23 21 29.7
8 69 25.61
33 85 5.19
57 98 30.79
9 2 14.08
37 59 2.02
18 13 15.94
86 30 14.58
86 13 30.71
59 63 34.59
92 70 46.53
64 17 41.46
17 69 30.55
51 50 45.67
42 22 47.28
44 81 14.72
21 0 19.53
11 36 17.63
27 89 9.72
15 62 1.86
80 35 28.76
6 37 18.86
12 26 31.05
40 2 15.39
50 86 18.74
49 58 2.67
38 10 18.53
3 66 27.64
98 80 34.04
87 36 30.93
63 95 24.99
3 16 4.93
65 25 35.8
9 65 48.2
91 71 49.86
1 34 7.7
41 37 16.94
54 8 21.68
60 25 13.48
52 96 41.81
84 16 49.8
98 18 33.45
55 61 16.6
96 47 27.64
10 7 27.63
9 89 13.05
20 55 40.95
89 33 20.75
34 2 46.01
40 4 17.43
77 89 4.53
10 35 14.96
20 66 35.68
51 90 32.2
71 70 30.3
7 33 25.15
8 35 19.31
64 44 3.56
40 68 37.89
67 72 38.36
15 32 7.48
24 48 26.66
97 6 15.58
65 75 23.36
29 68 24.12
62 39 25.22
73 5 18.88
35 96 12.05
35 38 43.29
12 98 23.37
28 25 20.82
37 69 5.77
47 23 12.89
68 52 25.41
89 62 30.6
19 25 24.35
39 9 9.77
18 49 28.17
95 88 45.46
93 3 8.61
32 58 30.33
82 2 45.67
68 59 25.05
76 4 38.77
73 43 34.4
63 8 43.0
50 22 11.33
15 73 1.2
16 24 38.56
91 48 5.65
39 55 28.08
90 83 21.64
71 24 2.47
15 99 31.7
49 94 10.83
98 7 21.38
76 57 21.19
78 58 26.33
7 38 5.69
20 63 33.08
54 75 39.96
97 69 26.49
83 16 43.36
61 94 27.03
93 59 49.98
67 28 18.1
5 46 22.33
43 78 5.56
12 85 9.12
52 32 40.76
72 52 25.49
95 27 48.47
84 65 20.7
42 85 18.96
29 25 2.63
22 41 13.18
61 5 12.83
85 57 15.73
87 12 25.32
2 81 6.62
43 87 36.07
5 33 16.15
2 57 39.9
49 82 10.78
14 13 12.0
13 12 10.61
10 43 26.06
36 89 11.63
38 23 5.05
37 83 20.9
19 40 44.06
68 21 30.22
37 70 37.08
83 71 22.25
21 85 15.73
56 82 33.5
37 7 31.33
32 90 28.63
81 57 17.38
43 19 32.46
7 87 42.29
67 57 43.81
78 1 33.26
36 56 46.12
5 19 18.27
9 18 32.16
36 4 34.53
46 98 35.24
67 25 47.52
76 14 13.02
89 86 15.69
91 31 11.72
70 68 44.52
31 86 35.94
36 48 43.34
81 0 30.25
14 24 4.13
23 49 17.63
68 26 38.57
10 9 28.74
9 92 39.94
42 10 44.75
12 62 3.43
2 65 42.59
47 64 18.48
50 7 8.32
55 7 48.92
75 26 32.27
56 22 2.13
61 27 20.96
70 34 27.06
78 31 32.65
17 92 12.45
83 99 5.45
65 67 23.04
77 62 14.01
47 53 42.03
22 14 38.49
92 50 39.8
5 12 45.64
9 94 36.8
38 87 33.24
97 34 34.87
81 99 49.77
22 93 32.11
56 89 20.42
88 80 5.44
17 26 49.43
77 27 29.98
54 4 20.16
94 74 35.67
2 52 17.49
17 53 37.34
60 85 7.27
20 33 27.02
23 89 26.92
0 90 1.36
7 17 5.78
97 13 14.8
49 88 19.38
49 61 42.93
1 98 26.95
38 40 34.65
54 29 39.76
43 54 21.76
18 46 39.1
99 4 12.71
25 40 13.61
21 34 20.91
60 5 28.25
13 49 7.95
52 62 19.78
22 32 35.54
33 68 21.63
51 30 3.54
22 16 11.72
69 5 39.32
19 23 44.01
55 47 40.89
27 8 43.27
96 92 47.5
96 61 33.48
34 28 46.12
35 14 31.82
39 97 21.88
44 20 28.7
22 66 31.31
36 49 32.09
19 94 47.4
5 55 47.58
93 92 19.69
36 39 10.5
76 78 35.85
74 1 43.25
72 36 9.8
13 7 43.93
77 51 8.23
4 80 16.42
75 86 47.93
76 56 25.15
42 52 49.12
60 27 14.87
47 68 6.2
51 40 40.81
81 88 37.18
37 48 25.37
60 93 47.89
58 8 1.34
96 46 3.61
41 46 39.59
38 22 40.31
64 48 16.42
31 19 19.88
34 88 16.71
88 17 29.51
89 32 27.22
98 28 32.16
43 86 49.29
19 96 4.94
66 43 8.4
11 43 41.53
74 52 46.63
45 8 1.43
86 34 34.55
6 98 37.94
48 3 30.51
24 98 34.91
21 47 21.28
48 30 46.57
5 43 18.72
39 16 31.47
90 52 36.64
58 69 15.16
24 53 49.04
23 44 11.28
83 80 43.24
98 13 18.42
78 91 17.99
50 11 23.42
62 3 12.18
93 79 10.97
1 30 43.0
20 64 24.29
94 26 44.16
30 76 2.75
77 40 21.42
11 55 27.99
24 10 12.82
71 50 15.09
28 56 35.06
53 69 30.64
56 67 1.64
4 66 3.47
12 95 43.28
80 93 45.34
82 70 33.92
9 41 49.21
90 72 14.39
86 63 16.43
54 80 12.17
75 5 13.46
91 70 28.78
65 96 10.1
71 87 11.76
70 93 17.2
0 5 2.27
66 33 46.85
84 56 19.7
94 21 30.54
2 51 4.48
31 80 42.42
7 63 44.17
18 11 16.01
61 9 24.02
70 73 33.52
20 48 41.34
23 78 20.73
35 66 49.33
76 51 15.04
9 80 38.08
82 81 28.44
88 0 10.71
33 73 44.47
59 79 16.08
98 5 17.08
54 2 33.73
47 24 12.32
41 59 7.01
16 7 28.17
23 50 47.2
80 95 15.29
90 49 39.37
62 97 1.19
72 46 35.59
85 13 14.21
78 59 23.0
53 63 4.92
74 83 41.59
20 86 11.6
26 85 2.21
35 77 16.01
8 81 49.93
7 32 46.5
35 73 36.88
77 24 34.29
15 59 30.89
40 75 4.56
79 64 23.5
41 27 43.08
90 16 5.25
91 13 32.44
34 45 4.01
55 42 16.06
65 93 46.6
28 40 41.79
26 58 18.03
74 23 49.8
67 40 31.52
40 54 21.45
76 43 28.52
76 64 48.67
9 12 19.91
47 7 24.24
54 69 14.75
84 53 13.56
80 46 36.23
83 59 48.87
34 62 40.58
4 57 10.9
85 95 17.69
29 6 19.96
43 52 49.06
47 25 1.66
78 19 48.36
57 62 40.9
15 69 45.08
35 30 13.65
1 17 18.03
28 91 48.13
0 72 6.62
21 37 15.72
3 54 44.47
75 82 13.55
53 86 10.18
16 50 23.47
32 68 4.47
62 25 34.43
89 70 8.21
52 47 6.09
54 84 20.73
36 60 31.87
18 15 47.74
11 12 39.91
3 86 33.44
35 19 23.72
85 29 4.07
97 95 13.55
35 5 29.61
51 9 13.65
71 73 2.32
23 75 7.14
87 24 21.48
31 13 12.54
89 39 11.11
95 10 30.61
26 45 32.28
59 70 29.98
61 87 1.2
40 65 30.02
61 38 18.86
15 98 15.57
78 35 2.96
82 86 6.74
14 83 49.52
72 76 38.83
21 75 33.55
2 98 2.85
52 28 44.11
57 10 1.93
44 31 18.54
83 81 36.66
24 0 48.6
63 72 32.89
47 78 36.36
84 38 41.94
83 98 40.45
86 80 44.74
83 13 14.67
37 65 40.03
87 34 37.85
31 62 34.11
77 26 18.92
46 48 17.3
33 36 42.76
50 97 20.13
77 3 28.69
44 55 47.62
48 77 39.06
43 40 1.75
60 22 42.37
76 80 11.24
5 8 7.12
17 20 8.05
67 85 45.09
94 37 47.93
53 71 42.08
83 21 15.09
42 28 40.54
90 37 38.81
3 18 22.19
56 26 46.78
84 99 27.23
3 90 13.46
26 2 13.27
83 34 21.71
48 98 30.47
99 93 9.36
37 1 31.63
47 91 25.85
61 78 39.5
42 69 7.47
55 95 3.58
78 98 25.7
67 61 21.64
73 19 17.98
26 76 1.12
43 22 9.02
60 89 19.01
63 85 27.2
23 41 8.1
26 70 10.84
20 57 20.2
18 42 47.73
53 70 2.72
1 99 42.65
44 68 47.04
79 21 34.02
83 15 18.6
73 18 31.14
58 50 14.18
70 61 13.99
91 58 2.07
68 60 34.36
89 74 42.54
23 84 11.79
0 13 27.36
74 77 19.56
43 98 46.38
89 65 39.74
92 65 1.37
97 61 47.12
96 72 38.24
53 61 17.18
64 89 16.73
51 17 32.31
53 40 18.67
49 59 30.04
67 24 4.66
46 93 41.82
59 0 25.78
85 80 8.83
0 27 1.38
11 46 49.25
25 69 32.77
71 34 22.38
69 3 46.01
14 61 19.28
90 38 7.45
58 28 47.0
29 99 13.21
81 87 6.46
80 12 7.62
18 76 28.35
55 73 27.2
27 87 14.63
74 17 30.28
96 57 3.78
1 36 27.03
97 67 26.08
84 11 43.69
91 45 43.34
15 13 22.13
69 89 39.15
38 58 11.14
14 66 49.56
17 23 12.13
40 85 34.46
1 79 37.98
60 41 16.98
66 81 23.57
58 85 29.18
21 9 28.3
72 61 28.85
67 84 6.97
87 6 20.55
61 81 29.84
2 59 16.72
55 51 46.31
18 58 28.19
61 50 18.88
62 61 43.63
79 81 24.0
94 86 11.95
36 12 32.73
44 19 40.25
38 16 13.7
2 86 42.62
17 41 4.09
58 59 1.6
25 16 44.34
91 57 4.98
21 55 29.08
40 33 23.67
20 15 6.44
54 1 24.5
83 28 2.58
88 70 34.26
41 55 31.37
58 65 42.99
90 65 21.67
94 39 9.33
19 60 46.59
29 97 38.6
90 99 13.54
39 20 21.74
21 91 30.99
90 41 19.36
57 44 42.91
83 95 34.86
64 28 41.8
58 94 13.36
25 33 44.55
50 77 28.66
33 61 7.38
11 28 38.28
58 1 44.89
45 12 3.74
86 25 39.23
62 42 35.23
27 63 47.68
79 51 49.27
83 23 19.45
65 72 1.45
30 87 23.14
88 48 16.66
89 80 18.92
0 50 4.02
34 25 19.49
70 69 3.05
80 24 45.62
65 42 47.25
74 57 19.62
96 89 41.22
4 18 11.22
39 19 36.1
92 42 45.47
42 30 42.0
40 69 10.6
41 56 23.71
91 94 26.56
3 65 12.75
75 57 48.93
90 77 17.81
45 60 5.6
43 15 43.37
96 59 33.03
65 74 25.19
73 56 33.02
4 11 1.36
86 29 6.83
3 57 13.41
5 4 8.05
94 95 30.22
49 31 9.52
75 32 47.12
67 81 46.94
25 11 13.88
33 21 7.17
29 47 24.69
60 31 44.89
55 2 16.3
98 66 16.27
27 70 39.19
94 76 26.01
52 38 27.32
26 6 26.85
89 21 7.83
6 28 39.08
31 9 30.86
35 37 46.18
65 22 16.71
40 41 46.33
14 82 32.05
42 4 21.02
91 12 42.97
96 8 32.9
53 41 15.06
45 23 14.67
54 66 40.1
68 63 44.9
62 43 30.98
13 27 11.92
12 15 25.8
30 20 25.75
28 16 19.55
95 41 8.32
94 88 25.83
68 72 30.42
25 35 27.65
10 86 21.05
73 59 22.56
91 59 32.94
97 0 7.83
79 78 26.24
78 80 35.87
6 0 1.75
38 62 40.0
63 37 39.24
89 25 40.79
82 6 7.35
45 19 8.49
84 30 47.25
31 94 17.18
47 71 11.38
86 26 33.1
90 31 25.24
88 18 43.19
45 9 7.65
48 65 1.96
22 12 46.46
57 87 40.3
40 39 10.71
11 20 17.3
55 64 1.43
5 10 11.15
32 71 17.53
48 10 3.97
39 3 28.47
88 30 10.99
28 17 1.44
59 98 3.12
74 92 24.19
17 62 37.37
71 31 47.04
33 51 19.94
19 32 41.68
55 27 16.96
73 99 4.03
12 69 6.6
12 18 2.06
47 60 3.2
34 58 46.75
23 37 20.57
65 88 18.56
16 21 9.72
68 45 43.03
67 7 32.09
35 15 23.16
27 31 9.51
11 68 31.11
62 13 28.55
41 10 31.16
99 64 26.25
7 2 47.16
40 72 48.98
55 38 30.67
90 44 3.26
54 27 28.3
58 48 38.1
37 50 44.38
28 48 19.71
26 16 33.06
79 91 31.06
93 18 38.23
78 89 16.52
69 26 11.48
26 18 35.35
91 19 46.63
8 60 47.89
36 35 15.93
84 17 45.75
67 64 14.27
67 17 11.57
8 18 12.03
72 39 20.87
85 9 49.09
21 99 27.48
92 38 13.5
6 11 6.07
60 12 47.76
33 63 49.06
33 72 34.24
76 59 31.25
23 39 5.17
50 35 40.3
84 19 32.37
8 43 43.15
9 62 16.46
99 59 23.36
92 52 26.36
35 85 30.69
6 24 40.11
0 54 2.66
87 31 27.75
51 15 6.46
69 43 9.92
46 51 2.78
6 93 17.12
28 46 9.16
87 54 25.77
49 52 44.28
23 90 3.0
98 55 15.67
60 17 3.81
40 92 21.1
49 26 25.34
46 50 32.24
95 76 21.62
53 77 27.52
30 33 34.79
74 73 5.52
64 52 5.46
93 43 43.54
7 64 6.14
85 99 48.81
46 95 3.31
11 64 43.19
51 26 22.13
36 57 1.07
18 16 11.73
25 12 47.37
68 91 35.43
1 70 38.91
70 83 14.66
69 16 4.75
24 64 27.7
72 92 45.94
94 64 4.74
82 88 43.82
1 77 5.54
87 68 22.45
90 28 30.36
66 64 12.44
87 16 12.99
72 1 6.4
8 47 12.0
20 83 45.63
51 86 38.93
71 21 30.77
17 14 44.45
46 71 48.63
47 98 8.32
16 40 24.69
25 2 4.72
52 93 25.42
40 24 28.67
19 14 42.19
51 84 2.65
32 9 48.72
73 8 48.43
20 41 41.37
82 68 33.11
65 70 17.58
69 39 37.13
92 32 46.15
95 99 5.37
28 18 22.27
79 24 20.86
39 26 37.37
88 9 17.47
69 64 41.96
34 11 17.64
27 37 10.07
81 55 28.94
80 18 7.43
43 83 14.06
53 52 45.88
40 20 2.09
46 77 9.82
64 84 35.05
73 88 21.78
46 0 1.71
87 85 29.22
66 10 10.82
93 0 49.08
97 38 37.61
27 42 47.31
25 90 19.26
54 10 26.92
49 12 11.13
10 28 39.97
11 88 17.85
46 85 27.11
31 8 21.15
0 31 43.78
66 50 44.98
49 42 40.37
12 6 27.66
18 54 46.71
42 71 21.41
82 62 2.65
8 34 25.38
50 79 1.21
41 88 46.21
36 84 6.84
56 96 45.77
93 56 1.43
9 83 29.47
86 14 45.86
50 74 25.88
13 4 44.23
8 40 5.13
68 28 10.24
80 63 7.89
82 39 48.44
2 30 40.24
26 73 31.4
24 4 30.49
0 71 16.97
0 14 21.54
84 93 19.38
73 54 21.44
72 44 40.17
21 95 49.14
31 97 41.94
48 25 2.67
50 41 15.5
13 96 4.94
97 23 26.69
70 29 7.89
76 42 10.3
27 99 23.96
63 19 24.49
83 25 34.49
1 57 2.96
20 12 15.19
23 58 16.97
40 82 24.74
32 85 41.81
8 80 24.67
94 42 48.33
36 92 6.09
36 51 39.56
49 0 5.45
29 65 19.52
54 25 19.62
66 75 34.02
33 70 21.08
29 20 19.46
49 45 40.81
40 59 23.34
44 95 2.81
86 91 2.58
13 28 38.47
24 78 16.87
59 9 7.58
44 10 34.94
76 69 35.91
89 38 23.42
47 73 44.6
10 36 23.63
18 37 27.35
11 75 36.58
96 49 37.6
46 35 29.58
29 5 42.86
75 71 48.26
52 37 1.04
66 99 14.8
3 72 22.52
73 57 32.37
12 50 23.91
30 94 19.12
71 39 17.52
66 15 46.49
97 33 40.24
78 9 33.77
25 36 3.14
62 56 40.14
63 34 11.35
37 64 47.84
44 82 8.53
36 71 31.57
93 32 34.02
11 14 24.3
18 25 47.47
63 88 23.21
64 8 3.8
23 46 4.65
33 94 7.54
30 34 12.97
44 29 13.09
2 66 40.69
65 31 30.59
50 21 15.6
47 90 9.08
13 41 31.36
70 87 5.07
11 62 20.69
37 97 22.63
80 22 17.38
32 31 14.25
17 61 10.94
88 3 10.45
33 52 1.58
45 46 9.34
46 24 34.39
22 0 40.64
20 14 43.46
58 60 24.36
92 95 6.33
43 14 40.51
41 1 5.94
60 53 45.55
10 59 6.98
98 39 2.8
86 38 5.26
96 41 37.49
16 92 7.01
37 32 26.85
62 33 40.9
57 61 41.27
41 62 30.69
76 53 2.0
93 95 27.24
7 86 7.24
59 61 10.73
80 37 14.52
71 95 19.54
76 38 17.9
49 34 2.67
87 84 13.34
22 58 14.25
87 39 36.57
41 32 34.63
82 94 48.44
17 38 39.43
60 39 1.48
87 11 35.64
60 59 49.99
75 20 39.87
84 52 16.06
65 71 14.59
53 0 25.44
33 1 17.31
49 5 1.97
35 11 8.65
36 59 45.03
51 91 47.39
35 53 6.57
38 57 34.6
5 31 18.82
67 73 21.42
51 80 13.36
76 62 5.32
11 82 25.63
81 65 8.75
96 83 32.51
69 68 48.67
83 79 46.26
66 30 9.46
29 69 10.31
38 54 48.09
10 62 4.24
48 66 22.73
82 48 21.96
15 70 46.59
58 98 49.18
81 36 30.23
90 43 2.21
1 45 7.29
96 98 37.31
91 62 10.26
80 32 9.54
22 18 43.35
44 49 22.19
46 17 32.85
58 42 48.77
2 83 12.6
42 53 30.87
93 73 7.5
73 2 35.56
23 20 9.85
79 96 27.22
21 76 6.88
6 73 35.45
45 84 47.89
22 44 31.97
21 61 43.24
64 68 26.49
45 28 32.1
53 8 11.82
47 10 46.81
67 3 43.95
92 24 40.69
18 74 11.0
2 39 5.57
77 13 2.47
35 81 35.68
77 49 18.71
10 49 44.63
75 88 38.1
70 96 3.81
32 2 6.12
88 87 36.5
35 0 2.73
16 9 22.17
22 69 17.67
68 15 10.36
68 79 6.94
23 94 4.0
46 10 11.03
25 57 42.0
71 43 41.19
64 45 7.93
98 9 22.82
25 98 33.5
7 61 33.07
83 75 18.8
92 21 18.89
53 30 1.24
96 1 29.01
97 56 26.0
78 46 9.67
32 5 31.2
71 41 22.26
61 15 38.74
50 9 3.75
45 32 10.37
78 17 47.22
80 69 39.73
36 55 21.67
35 40 15.0
61 47 35.59
94 84 6.5
21 52 43.59
97 94 25.49
79 5 43.43
74 54 10.62
24 99 19.99
2 90 39.44
43 39 22.33
9 58 1.52
27 85 47.29
24 66 12.5
12 40 20.64
94 22 33.87
70 52 29.16
9 35 25.13
54 52 8.59
69 59 30.31
60 21 6.34
40 15 48.19
56 15 17.29
32 13 15.45
60 38 7.58
30 59 6.72
58 83 1.01
64 33 12.92
69 31 24.23
51 82 15.63
41 99 43.38
28 30 10.6
47 97 21.26
73 96 35.03
21 46 21.15
92 67 27.61
73 75 16.77
66 5 47.96
22 85 10.87
8 24 13.43
47 33 41.69
35 12 21.58
24 29 22.87
49 54 33.73
47 66 36.25
12 79 33.95
9 67 33.94
41 42 37.2
97 81 27.26
39 52 1.87
2 87 42.54
79 36 3.18
52 59 18.0
34 27 27.06
72 57 9.07
68 51 23.04
25 4 14.59
57 11 32.18
34 20 4.14
47 5 6.95
26 91 8.02
11 42 36.49
64 38 28.76
19 99 39.83
86 76 42.13
44 63 46.76
32 33 11.22
51 5 47.45
46 1 37.29
71 18 43.59
71 35 35.84
62 64 47.69
72 8 6.72
44 36 35.57
57 53 16.34
71 64 39.96
66 96 7.07
22 11 3.6
54 89 35.21
14 3 11.53
22 61 36.44
72 26 19.3
94 70 34.01
40 7 30.65
90 64 33.75
32 21 22.85
77 7 42.33
70 74 26.65
31 3 21.34
73 84 41.25
57 31 32.04
9 75 47.04
30 5 7.06
7 21 40.57
39 84 25.73
60 75 34.9
96 75 10.72
11 19 21.89
27 25 5.04
37 28 10.86
59 39 11.39
4 67 43.05
25 13 15.44
54 47 7.46
89 63 23.45
3 95 14.58
11 29 14.43
91 69 15.09
18 35 41.52
63 91 9.63
97 19 5.38
12 43 25.44
25 24 6.78
95 38 17.94
89 88 47.43
33 48 46.59
47 77 3.78
64 74 43.1
91 16 17.3
13 1 24.05
25 43 25.56
66 45 45.55
16 61 39.65
39 53 45.0
45 80 30.8
99 0 41.62
80 75 47.67
17 49 19.9
82 36 13.2
61 39 19.93
31 81 8.76
73 52 14.98
36 7 30.53
77 23 1.84
77 28 38.82
95 66 11.82
73 97 2.65
10 71 31.65
9 79 31.02
19 28 28.25
74 76 29.46
97 99 43.4
27 19 13.06
4 60 22.45
74 39 25.87
36 47 44.98
18 94 18.31
95 42 31.52
41 78 39.2
99 82 13.93
64 81 40.53
38 78 27.72
87 48 42.74
47 80 3.46
59 94 39.67
23 9 46.54
54 20 33.88
40 6 49.17
5 67 24.32
15 28 43.23
61 76 25.6
45 37 36.17
93 44 23.32
72 78 26.3
14 72 40.37
54 93 31.6
31 17 30.31
64 77 24.6
26 32 21.54
69 41 27.11
71 78 25.18
71 60 38.59
97 70 1.11
31 59 27.68
52 88 25.25
91 87 25.0
33 65 16.81
71 6 32.72
6 91 43.19
93 2 14.51
31 20 27.32
52 20 10.85
94 67 39.43
80 28 44.23
37 93 38.23
13 65 16.18
47 12 46.82
89 50 49.66
87 66 34.86
46 62 44.1
62 47 14.44
14 16 15.46
23 13 43.1
30 83 10.87
47 6 14.63
3 9 46.59
20 84 14.86
39 4 44.35
32 98 31.0
24 7 3.83
54 63 2.45
93 76 25.97
45 79 3.36
94 52 45.85
21 97 8.08
29 4 5.07
88 60 6.66
17 2 37.58
92 45 33.82
75 74 5.52
10 8 23.96
31 83 37.34
53 22 10.3
21 80 40.36
87 77 37.89
30 23 16.28
70 4 16.82
10 4 24.27
85 51 34.74
25 64 17.13
76 47 37.38
21 86 39.25
99 86 42.49
4 72 28.78
7 72 22.05
61 0 24.24
49 72 32.5
36 50 17.42
73 39 44.94
73 90 5.31
51 6 38.02
19 67 8.29
44 12 40.57
64 65 25.67
90 76 9.41
28 47 20.52
85 2 24.06
22 20 22.57
16 62 5.77
31 95 21.0
45 18 6.47
90 17 2.16
32 79 24.44
47 35 40.76
14 37 48.7
55 35 37.83
62 24 15.58
29 19 32.25
28 0 40.52
86 35 22.09
41 75 22.62
1 56 7.1
97 30 17.68
30 67 29.2
33 76 37.39
31 72 4.21
42 66 2.93
16 20 47.06
56 75 14.62
38 45 49.14
66 55 25.83
50 18 4.83
6 60 28.83
24 97 7.71
40 76 27.84
43 56 41.97
44 52 30.38
84 18 10.06
20 25 45.71
41 26 3.6
72 38 3.64
78 33 24.24
50 57 49.66
27 65 6.14
75 29 12.4
42 78 33.13
43 44 33.53
45 39 11.26
9 64 10.94
44 11 27.61
21 64 38.85
44 42 19.9
38 98 18.42
22 91 38.55
12 2 34.34
10 92 28.71
81 52 17.32
23 0 48.44
5 20 21.24
78 62 49.12
67 78 12.34
67 45 17.6
35 20 43.58
29 89 48.29
5 18 11.19
81 51 30.09
78 52 14.38
64 57 4.92
12 29 17.63
51 52 35.3
60 92 50.0
82 71 11.76
96 74 34.27
81 58 28.38
95 43 14.04
30 17 45.36
51 96 22.39
28 99 25.27
79 3 38.25
54 39 45.22
15 91 16.11
59 17 49.23
66 44 44.04
14 2 47.68
80 94 47.99
8 71 13.32
44 53 3.99
52 99 35.57
93 27 17.75
24 75 25.31
19 50 42.43
51 10 34.55
55 83 27.73
23 52 48.68
26 62 25.84
89 72 9.83
48 22 24.0
68 96 25.84
67 34 17.29
38 69 41.19
58 0 24.37
39 38 5.86
24 38 1.44
18 92 6.06
87 1 31.33
9 57 2.74
37 31 16.37
54 83 38.7
50 63 25.23
76 9 45.7
30 65 20.99
23 18 9.73
51 56 37.01
56 16 32.66
82 54 30.19
57 18 20.74
45 27 28.49
51 74 39.39
19 42 26.84
30 41 39.64
85 52 41.37
17 39 12.7
52 25 43.72
99 50 11.66
32 38 43.43
88 38 13.81
80 11 9.25
93 8 8.99
63 9 36.87
90 62 21.61
19 61 5.19
23 14 19.59
68 92 35.14
41 47 7.22
49 27 34.28
82 91 40.06
77 71 12.8
89 79 22.59
35 97 12.99
4 65 38.01
75 95 43.84
97 63 24.63
64 72 41.77
15 8 24.86
92 19 38.37
58 11 10.41
77 10 42.28
33 37 22.89
16 93 15.78
85 19 42.57
36 21 21.64
66 68 14.1
99 72 28.0
93 86 5.84
93 33 30.88
10 68 24.65
11 61 39.61
87 98 6.4
21 8 37.8
59 66 20.14
33 0 30.86
55 63 38.43
31 88 44.68
91 61 20.3
86 64 19.83
4 27 39.37
59 48 41.05
24 93 42.96
73 64 38.46
57 80 3.73
97 71 23.19
35 76 37.78
26 1 28.25
81 10 28.55
41 44 48.72
32 1 45.48
72 37 45.71
56 30 6.37
22 4 35.74
11 65 21.9
47 82 31.64
46 54 35.1
34 90 30.58
24 83 21.17
91 83 26.61
17 29 18.39
64 49 9.06
96 3 3.03
97 10 19.93
63 79 14.48
74 24 1.11
38 80 43.5
15 65 44.04
55 19 18.52
20 89 10.32
92 97 19.79
38 73 48.95
73 11 6.41
72 13 38.36
44 62 12.92
48 44 19.19
14 64 39.71
60 52 37.93
44 56 1.41
42 7 3.31
80 52 34.59
67 77 43.48
79 99 11.59
2 41 7.95
2 68 34.93
84 26 34.79
31 24 49.86
65 63 48.04
97 32 10.11
85 17 20.15
22 19 21.76
72 95 45.63
20 92 19.02
35 74 49.37
71 2 28.83
29 36 7.52
49 62 30.53
14 45 30.84
46 56 2.51
91 14 46.94
45 73 15.46
34 47 19.41
15 33 2.78
86 11 15.98
16 71 48.79
5 64 24.18
1 89 19.96
50 42 20.95
33 95 9.25
15 50 28.4
61 79 22.16
45 96 30.12
88 6 5.71
69 35 28.25
33 16 23.42
65 77 11.14
67 42 13.58
34 3 31.24
48 74 32.05
70 14 16.98
48 4 29.03
58 87 30.73
33 28 45.39
52 1 47.41
53 85 10.89
32 72 11.93
44 21 48.64
11 5 16.73
79 85 48.71
35 84 6.97
7 91 17.11
90 71 25.58
27 46 47.75
97 51 42.05
40 18 49.12
7 12 6.22
90 98 28.18
63 29 6.23
62 0 47.3
37 56 5.03
41 28 30.08
39 79 35.07
15 74 3.35
67 37 47.45
68 95 32.32
15 97 10.98
58 45 49.41
21 3 35.72
32 99 27.93
66 79 20.41
84 60 43.35
33 96 23.14
29 73 31.27
3 22 38.49
12 31 10.31
90 66 26.55
11 41 40.32
66 26 2.19
94 6 21.06
46 42 19.41
46 63 14.47
66 52 10.01
42 23 3.27
76 91 31.07
27 51 29.07
30 82 48.42
5 53 35.73
87 37 27.19
52 89 31.17
83 35 26.61
76 46 45.77
36 97 7.89
58 89 3.86
69 99 24.62
5 74 12.63
8 41 46.78
0 4 3.74
43 42 19.66
42 64 1.86
8 4 19.94
76 54 46.15
16 2 42.13
38 9 11.35
93 58 3.84
93 17 30.86
89 16 9.82
97 26 37.87
82 60 37.66
97 48 14.41
36 61 42.35
27 15 6.12
4 30 49.77
31 39 19.6
23 72 26.11
43 63 5.61
61 52 32.75
1 88 15.69
62 98 19.97
44 7 34.26
45 77 31.09
89 82 5.06
25 63 48.38
50 95 19.34
26 42 22.56
37 61 22.55
25 99 43.29
94 56 12.92
49 81 11.5
70 49 25.12
97 57 3.52
9 11 3.2
9 91 19.57
35 92 2.55
33 42 10.42
21 11 35.74
52 8 6.28
27 5 38.42
11 38 28.96
58 55 23.84
11 33 43.77
30 21 40.16
84 0 28.6
33 49 35.8
27 9 26.13
79 44 47.76
30 85 27.17
84 90 22.57
98 10 27.13
64 61 38.9
8 86 6.94
65 61 29.56
26 25 10.86
74 3 13.23
6 63 18.85
71 88 2.96
59 97 2.78
70 66 49.03
54 26 38.7
46 74 47.53
25 95 24.04
83 87 11.37
8 62 40.1
23 54 7.63
54 14 35.06
53 50 1.7
90 45 32.46
15 49 45.77
31 2 41.19
63 58 45.72
7 14 7.1
97 46 47.52
72 48 40.56
66 31 31.89
3 94 1.12
60 46 14.48
34 38 22.48
95 64 45.55
32 91 27.91
36 91 34.52
21 2 31.43
90 33 28.35
79 18 37.47
1 69 16.45
0 30 2.39
45 57 42.62
12 77 21.62
78 14 37.13
15 3 9.14
41 79 5.21
66 51 8.22
57 23 34.25
66 28 27.85
56 29 19.04
27 2 24.21
14 46 17.88
35 72 46.35
94 43 10.94
1 5 4.2
77 38 10.04
75 77 41.59
43 32 8.04
32 50 16.87
43 27 46.08
20 28 11.69
43 51 1.54
16 44 11.96
48 27 21.05
60 35 12.98
77 69 22.81
27 21 10.61
0 10 34.22
74 67 23.51
95 15 11.34
37 38 25.98
24 32 5.4
13 52 7.11
51 28 27.84
6 42 3.34
58 4 49.88
8 88 38.35
51 31 39.36
24 5 41.57
28 54 39.0
92 73 39.84
65 28 15.41
76 39 39.18
63 75 36.38
51 22 14.85
95 32 14.5
52 63 9.74
49 99 22.84
87 55 21.03
62 23 18.11
6 56 41.24
58 96 9.48
25 94 25.23
69 83 43.64
6 45 10.96
42 80 3.27
40 49 5.87
25 59 49.63
56 4 49.55
88 92 36.84
41 72 21.66
53 81 11.58
84 86 7.13
90 67 15.28
99 80 36.96
70 42 15.41
28 35 24.53
83 62 43.85
22 78 22.7
4 49 31.15
44 59 21.04
63 69 22.51
85 86 16.61
74 16 12.52
16 27 2.24
9 93 10.6
86 77 9.57
88 99 26.3
12 21 47.34
4 35 34.37
7 62 5.54
40 36 30.72
59 34 17.2
94 89 6.8
58 29 23.04
31 35 39.55
84 50 31.51
18 85 47.67
13 94 29.83
47 17 31.84
43 23 47.26
41 12 18.58
15 1 31.96
38 94 46.4
84 27 42.12
75 59 18.87
43 28 11.98
40 14 11.96
13 55 22.38
1 81 13.07
62 28 42.07
3 81 4.61
81 63 43.03
46 43 20.91
59 64 47.71
37 25 40.03
1 59 7.44
68 50 6.87
16 97 12.88
76 52 7.68
96 84 14.4
20 61 32.17
67 0 44.14
43 81 46.18
66 46 8.23
71 30 33.68
31 68 27.85
36 32 17.28
32 96 44.12
46 15 19.01
54 35 47.51
1 75 20.13
45 16 19.34
67 10 45.55
49 24 11.44
47 1 36.2
50 27 23.68
50 60 40.47
64 97 15.6
6 90 10.02
5 14 43.1
15 44 43.05
88 39 26.91
97 91 9.96
76 15 44.25
88 47 22.49
12 53 37.84
39 99 28.66
31 25 34.65
14 65 21.86
87 42 27.32
80 14 3.64
22 39 48.72
65 87 37.38
0 52 20.9
97 27 31.57
16 55 33.15
11 76 13.78
69 85 36.82
28 85 48.21
37 47 28.53
12 58 46.02
52 65 9.46
22 90 24.88
91 95 5.79
35 39 23.64
21 1 24.53
58 97 40.59
35 32 32.18
9 15 14.7
60 74 8.11
36 64 40.89
38 91 1.37
15 57 2.41
24 30 2.73
98 4 26.82
7 48 20.36
33 41 17.72
29 52 44.24
25 46 19.95
85 49 35.01
67 87 9.27
83 52 4.55
89 31 1.3
84 80 41.68
94 83 20.4
34 31 25.56
68 20 49.53
83 5 20.51
2 33 29.78
30 57 3.07
72 45 2.99
90 80 6.27
39 56 29.02
69 73 25.0
92 46 21.52
95 8 17.2
16 75 15.78
44 34 8.94
0 37 31.25
95 53 28.93
89 48 29.86
56 45 25.74
45 30 22.86
7 79 7.23
21 22 37.25
38 36 17.88
79 16 2.2
95 22 21.72
36 9 34.18
39 66 44.74
56 64 27.81
50 55 1.48
59 87 18.29
91 25 10.57
71 62 5.91
10 31 10.65
57 16 11.54
35 51 15.57
30 14 27.36
33 14 14.58
48 53 27.12
29 18 19.08
24 23 1.14
76 1 36.84
42 2 34.41
64 32 8.94
43 59 12.65
54 53 21.89
44 88 40.76
61 77 45.11
61 74 19.27
95 77 45.51
41 63 46.33
98 17 19.26
44 9 43.81
32 8 48.61
91 11 2.07
99 38 6.34
9 60 27.76
26 3 28.02
12 42 47.32
40 55 47.54
91 89 31.03
60 1 5.88
92 84 9.75
55 71 47.73
70 12 41.07
46 19 16.14
85 38 31.88
5 44 18.21
1 67 11.66
61 35 43.68
77 58 28.03
32 14 14.26
78 85 30.13
24 19 3.21
19 69 20.36
56 57 3.53
37 78 36.51
85 61 6.21
16 31 33.27
72 50 22.13
33 50 38.03
9 74 4.66
46 83 19.48
70 84 2.3
5 68 8.85
57 33 41.55
31 7 48.63
4 44 13.94
77 43 19.26
38 5 14.25
59 57 10.36
53 55 49.99
37 95 9.66
27 81 41.97
29 67 25.23
52 16 9.5
88 4 41.04
5 2 19.32
81 73 25.08
63 47 37.88
1 2 27.37
99 94 3.32
19 33 43.1
81 39 17.44
37 5 17.47
83 0 23.27
86 72 41.47
17 44 28.77
15 41 23.52
4 86 8.97
2 88 13.57
72 20 3.34
14 71 48.55
57 52 28.23
65 34 37.59
24 88 37.81
31 45 39.81
92 64 4.72
75 30 40.05
95 7 43.77
49 91 36.45
37 58 25.0
40 23 23.95
71 66 6.9
8 6 21.2
60 62 40.19
35 79 11.01
49 74 44.21
74 85 5.66
50 47 5.28
78 44 27.87
97 11 31.96
67 16 13.69
11 23 44.7
25 56 24.91
72 17 18.62
42 98 37.93
38 79 9.2
4 2 3.94
94 79 8.97
12 33 11.28
64 35 32.54
43 34 5.51
16 85 2.61
10 22 48.13
97 88 41.72
91 4 33.92
92 5 26.99
56 32 4.05
86 28 18.64
68 16 45.87
2 64 40.33
34 13 27.07
34 14 44.14
23 27 27.38
27 28 40.22
44 28 45.33
66 11 49.46
51 3 33.69
36 31 17.09
70 62 1.1
19 75 12.18
18 59 25.75
89 68 42.4
95 70 4.18
87 56 14.83
68 17 18.68
54 21 48.06
5 72 23.16
14 26 36.47
11 27 37.05
37 2 23.66
22 57 18.58
15 23 36.11
6 44 16.76
60 56 34.18
26 71 14.76
9 1 38.99
92 94 37.63
68 4 13.02
92 59 29.11
15 31 49.45
20 79 39.16
35 6 14.92
16 98 35.05
51 0 23.28
1 50 13.34
62 94 3.1
33 75 35.37
37 81 5.86
49 35 14.32
78 53 3.89
40 63 17.05
96 81 47.31
81 62 48.54
79 53 21.21
14 38 7.91
80 92 32.72
41 0 38.66
69 57 4.43
9 97 34.27
53 9 38.9
92 4 30.58
20 8 28.11
22 45 6.88
54 70 2.02
28 36 9.03
70 39 16.62
20 45 46.86
94 17 25.18
59 55 24.92
15 2 47.11
33 39 14.26
84 79 47.46
27 39 38.91
31 53 17.61
34 54 8.89
4 15 48.32
2 18 36.21
48 42 20.85
14 18 34.25
37 9 20.96
9 49 9.87
4 97 24.99
28 61 44.43
18 67 11.08
1 6 9.86
19 58 35.38
20 97 1.05
84 97 33.66
57 7 40.33
19 17 49.28
17 75 45.37
58 72 17.93
29 50 19.59
57 90 21.36
92 75 12.56
23 59 37.72
39 96 34.28
13 35 17.12
80 56 24.44
77 34 31.37
17 5 45.7
22 84 4.62
79 29 9.9
94 12 31.42
56 7 25.81
48 95 14.96
91 33 17.47
50 4 48.99
41 87 31.79
34 69 39.14
54 72 26.1
42 1 30.23
27 75 37.91
92 83 11.57
72 27 13.44
18 27 43.61
8 85 19.04
63 26 47.29
19 36 26.09
82 13 35.6
27 32 42.36
19 93 34.88
0 8 1.92
47 44 31.63
60 34 35.44
93 53 12.97
57 55 18.66
28 88 26.93
28 69 17.06
43 61 30.86
58 25 26.96
30 38 9.39
6 5 22.82
60 94 8.67
84 41 15.03
8 84 26.81
99 91 3.89
21 67 35.04
25 3 29.55
12 46 37.45
34 82 30.58
83 89 33.98
97 5 40.84
66 27 4.4
47 11 30.7
78 40 33.2
73 44 31.07
0 66 15.08
69 50 6.0
93 34 47.85
38 83 25.02
41 16 47.46
59 89 12.29
40 34 38.05
38 65 42.17
48 61 6.06
73 61 21.58
16 63 20.86
4 33 47.78
48 96 39.51
30 46 32.36
4 69 29.83
12 83 25.95
45 10 37.97
92 12 47.28
12 30 15.34
67 70 22.68
51 48 27.37
45 54 41.85
7 49 33.2
57 34 13.47
68 75 36.18
21 88 34.81
34 39 35.85
1 93 3.9
69 79 26.01
71 3 25.22
65 69 44.28
16 46 27.84
69 18 47.48
5 95 21.02
97 45 22.56
22 5 28.79
34 89 14.35
19 37 25.89
97 3 19.42
16 29 39.11
66 12 39.17
75 51 6.94
52 40 30.98
43 49 4.11
97 60 45.49
55 26 32.96
76 58 28.61
7 23 12.57
87 26 25.57
80 71 25.44
18 32 27.42
70 41 15.78
90 30 1.39
42 74 26.0
39 12 11.06
79 6 5.7
67 89 21.55
18 56 37.33
3 2 34.32
10 20 6.46
73 80 49.72
47 95 15.49
30 68 4.56
74 95 17.16
28 21 7.44
76 2 29.53
15 5 40.91
95 52 25.81
27 33 47.78
41 91 46.86
77 79 40.47
63 12 3.75
73 4 14.57
63 45 18.85
29 13 45.43
15 78 14.38
59 54 13.6
9 77 44.04
51 45 11.89
18 0 8.46
15 87 14.0
52 14 46.21
1 55 2.25
68 56 38.16
89 92 21.69
33 98 25.76
40 37 20.32
15 29 19.99
52 75 8.63
15 37 18.32
72 85 3.06
95 90 3.1
54 71 12.71
12 64 29.73
96 30 12.35
6 99 28.09
86 36 19.25
10 53 25.15
44 24 33.51
40 11 46.68
81 80 4.6
6 7 37.97
81 72 28.49
90 19 23.96
19 38 12.23
76 50 1.92
67 99 46.28
29 8 10.72
44 2 39.28
33 9 42.9
11 69 8.98
92 79 9.3
44 84 26.47
59 88 17.39
76 63 48.82
23 68 38.39
5 87 38.23
49 69 17.09
88 42 12.67
80 3 37.46
9 30 42.91
24 26 32.01
51 70 25.23
87 49 46.52
81 75 3.81
59 20 30.74
61 95 18.99
56 8 22.41
29 42 3.95
27 53 15.27
68 46 6.82
13 70 18.55
11 77 6.86
37 43 6.84
31 64 24.98
11 96 36.42
7 11 48.16
72 70 26.62
41 86 9.28
85 37 15.08
53 94 49.16
77 16 33.74
74 34 26.33
56 23 44.89
24 12 48.75
98 61 47.85
52 9 37.51
95 23 17.88
68 24 5.24
82 20 23.4
84 24 11.61
28 87 38.22
74 12 46.01
96 4 19.13
50 24 43.87
62 37 9.78
58 47 31.28
48 13 8.79
89 99 20.28
89 7 24.44
93 96 24.55
88 56 44.06
89 51 19.92
76 0 37.55
90 93 43.38
9 56 18.87
79 33 12.79
37 34 23.2
90 21 7.67
46 86 44.11
65 54 38.61
96 90 3.22
59 77 42.6
92 98 1.3
63 62 2.53
23 79 13.4
99 31 34.23
19 3 37.34
8 26 18.94
4 43 11.6
81 95 49.99
62 74 22.61
5 77 15.15
96 29 36.11
15 55 30.01
7 54 43.07
2 72 13.99
56 12 12.7
36 70 19.04
80 27 31.87
5 41 32.65
96 17 8.66
11 1 29.26
6 20 41.53
19 7 48.37
70 86 1.53
55 89 26.92
20 24 27.67
81 17 25.88
76 65 41.7
91 80 9.62
63 90 23.04
63 94 49.74
53 38 43.77
8 22 41.54
22 79 5.56
67 76 28.74
84 34 19.57
71 85 18.56
34 42 49.92
73 98 35.29
32 17 25.97
72 22 28.83
6 65 17.79
73 12 36.09
44 76 29.28
38 68 22.52
38 63 12.13
7 90 35.6
49 37 47.3
0 82 2.17
40 0 6.34
49 92 31.78
93 77 24.4
87 89 35.71
17 24 37.82
83 39 42.89
13 33 25.95
19 62 43.6
90 12 22.94
81 23 5.05
81 41 20.42
38 71 11.61
28 84 7.17
1 12 20.13
95 89 12.67
40 1 44.53
85 20 22.21
59 62 21.14
62 55 38.67
58 39 39.83
54 97 36.34
76 48 33.35
78 11 19.94
60 28 48.65
21 25 2.52
81 84 18.78
99 20 15.29
2 79 16.75
71 52 35.15
6 49 41.11
3 29 41.21
14 89 11.89
80 62 42.65
18 6 41.07
55 22 43.28
7 60 4.11
71 79 47.27
9 99 25.58
38 29 27.28
94 57 49.54
75 36 11.69
77 60 38.15
43 45 39.59
48 71 34.99
26 34 10.53
21 14 9.7
51 78 35.67
68 1 1.09
44 39 9.03
19 18 31.36
45 24 33.72
58 43 14.0
85 54 29.81
27 12 15.59
78 48 25.59
70 3 48.21
17 52 8.02
72 43 5.36
88 14 4.86
82 67 48.41
58 56 35.73
70 48 35.76
61 82 28.5
29 21 4.74
8 30 44.32
63 67 48.83
99 40 17.28
48 75 27.26
71 25 20.32
91 84 47.0
57 27 34.57
20 49 8.72
12 96 36.48
98 0 17.9
27 58 1.88
83 45 37.35
36 24 18.16
96 43 6.45
63 73 21.52
57 28 36.26
83 51 4.88
89 0 29.16
82 27 37.48
35 21 30.97
27 3 25.48
26 81 2.24
39 24 33.49
15 72 42.11
65 19 35.3
95 17 12.11
17 45 36.78
16 53 1.66
22 31 48.38
80 77 18.52
30 55 46.2
2 35 22.82
54 92 9.75
46 82 48.2
17 10 49.93
99 2 13.03
72 9 4.54
45 69 9.54
0 69 25.11
9 86 20.73
58 68 6.79
1 51 10.3
93 39 38.12
26 20 19.04
46 70 40.69
68 84 32.88
70 58 31.94
57 24 8.41
9 43 23.85
54 30 26.02
19 15 7.92
6 67 11.46
91 56 19.09
51 39 13.5
23 34 1.59
48 54 40.34
6 19 40.68
95 13 31.19
60 18 9.28
41 51 49.99
27 94 42.26
42 59 9.12
91 5 7.89
70 35 25.6
93 98 36.1
91 20 23.67
95 57 14.26
3 42 17.67
94 71 12.69
95 11 6.66
73 58 37.07
65 10 44.34
64 80 16.18
27 86 45.88
3 47 40.77
67 8 31.65
49 29 24.59
51 72 25.97
90 82 31.4
57 78 47.91
64 6 13.42
84 21 16.9
87 78 29.7
88 45 41.51
10 94 17.51
63 2 10.37
67 38 47.65
35 42 48.99
47 56 19.59
76 60 8.7
61 2 11.19
12 61 34.82
2 69 49.76
12 54 29.69
78 88 9.54
15 30 15.08
48 9 37.37
0 55 44.24
90 50 12.82
21 6 33.51
32 73 39.9
86 39 6.83
59 3 10.03
96 88 36.44
41 52 21.46
82 58 26.55
14 56 41.35
14 41 2.73
71 12 48.72
29 83 48.88
86 87 42.47
21 5 5.62
68 25 19.74
92 7 11.36
60 65 5.98
7 35 32.69
72 94 48.04
3 73 47.95
36 46 33.39
23 60 26.38
11 24 20.64
3 83 46.68
23 64 4.68
26 31 26.05
83 56 25.87
75 85 30.83
88 7 45.82
56 42 45.66
32 12 44.78
84 74 14.84
61 69 9.04
19 30 31.91
67 54 41.95
58 13 46.09
7 51 36.55
68 94 7.45
16 15 16.2
98 84 44.61
19 83 43.79
91 46 35.82
63 96 2.95
14 68 6.95
92 13 14.64
73 50 41.71
28 71 12.4
43 13 14.52
44 74 1.38
1 16 28.48
83 84 27.56
21 70 44.35
65 21 4.46
16 23 17.55
16 6 24.45
60 61 10.21
69 75 5.9
23 1 7.18
53 25 24.12
73 7 10.04
15 80 9.97
9 55 38.95
39 75 10.99
78 12 10.14
70 17 11.96
28 23 33.6
69 71 48.18
64 13 5.75
88 51 25.92
86 79 14.97
35 22 40.22
6 80 39.73
51 93 9.5
94 0 49.21
75 35 15.78
25 92 6.43
86 42 16.56
7 65 33.83
30 31 6.17
25 73 27.03
17 73 11.57
17 11 34.38
18 66 45.9
5 82 14.77
83 93 4.13
70 76 22.89
79 87 24.24
78 69 35.88
87 35 48.98
16 65 20.27
73 9 23.83
49 48 24.19
3 99 9.24
67 79 31.93
54 90 23.71
25 7 17.08
56 0 36.21
68 7 23.14
34 68 27.1
15 82 41.75
56 52 5.91
61 63 32.29
9 13 44.28
86 62 14.86
59 65 38.56
90 29 19.44
38 33 5.63
20 94 19.77
35 1 48.39
56 31 47.99
48 19 20.22
52 58 21.78
39 77 43.89
2 62 29.86
34 9 21.47
82 97 35.31
84 15 20.04
31 58 35.44
58 46 13.65
91 8 15.95
11 71 39.32
19 68 33.05
97 98 2.73
26 15 46.66
13 50 37.18
31 84 44.66
80 41 42.6
33 71 21.06
92 78 45.55
24 70 32.36
80 67 16.17
16 4 40.86
58 30 35.35
3 0 37.59
92 66 6.99
67 12 14.31
83 41 33.23
56 50 6.45
43 68 7.02
19 54 37.57
80 50 31.14
74 91 20.46
54 78 35.49
86 67 1.78
17 33 33.45
74 30 19.94
3 13 47.91
57 46 23.73
60 66 39.78
96 64 15.7
49 63 3.3
3 89 39.54
69 10 5.06
86 98 49.81
66 49 41.93
28 93 17.62
28 96 39.27
61 31 2.82
64 43 2.86
86 0 18.53
2 58 29.83
55 31 26.56
37 84 44.46
20 51 5.01
49 78 30.41
48 81 30.58
65 35 20.29
26 99 46.65
75 53 8.63
14 39 41.21
50 75 38.28
47 38 26.35
95 78 29.85
23 25 36.07
36 77 4.36
13 60 7.7
26 27 5.41
66 86 6.52
71 9 5.08
74 47 16.23
72 73 43.31
35 17 18.24
25 9 6.39
60 99 30.09
91 66 30.12
82 10 22.89
69 98 26.55
37 75 40.43
60 24 2.84
38 8 15.67
97 66 17.35
88 12 15.98
10 64 47.33
42 83 39.16
49 89 39.2
13 78 19.05
40 48 3.68
31 77 6.36
5 96 39.66
30 26 13.53
77 98 22.92
79 95 12.9
10 25 27.25
65 45 28.35
74 69 24.46
68 53 2.61
22 15 41.37
28 22 8.94
24 33 48.62
8 11 25.21
20 19 9.02
74 36 48.12
77 44 4.17
67 22 45.8
65 82 21.39
48 50 4.09
92 90 29.41
16 58 49.27
25 5 49.25
89 2 28.31
67 88 22.07
51 69 31.46
26 11 38.45
86 81 12.27
37 30 15.05
82 16 41.01
8 61 31.03
13 45 3.4
41 68 18.6
76 81 14.33
51 11 30.03
32 61 23.68
90 55 29.95
21 78 25.28
95 65 19.85
2 94 23.61
17 43 46.85
65 26 3.01
65 24 48.61
35 93 48.74
76 96 35.28
1 62 11.14
31 48 40.37
8 39 2.52
19 16 46.94
79 49 33.57
11 3 31.39
25 49 16.14
88 91 48.91
77 6 49.42
28 55 11.51
24 35 27.83
53 45 4.62
75 93 23.22
65 41 1.41
53 26 46.3
62 75 2.65
32 94 25.49
89 6 7.06
88 83 46.72
17 82 46.34
90 26 12.18
32 49 46.35
87 13 4.55
39 10 11.01
28 95 28.58
95 58 11.59
31 50 25.45
57 43 7.92
59 13 3.48
44 38 40.12
4 84 26.36
18 68 18.07
86 12 2.48
91 67 26.87
29 59 12.47
30 92 12.29
91 90 40.81
37 29 24.64
68 0 3.78
0 57 22.45
29 91 45.78
86 23 39.08
61 41 8.83
26 21 25.21
96 18 5.32
1 10 45.03
96 67 5.28
53 62 44.63
56 27 37.59
6 75 35.02
29 30 32.6
1 0 2.09
26 28 41.05
32 59 46.97
49 68 14.93
76 27 38.55
7 85 23.47
29 88 29.22
63 64 46.04
81 54 29.78
56 74 36.22
88 66 32.12
56 24 36.86
56 34 42.75
48 94 13.88
8 94 16.14
67 31 16.68
25 88 48.01
74 33 40.65
6 39 39.52
69 30 11.68
17 9 25.95
4 14 40.69
60 81 46.51
76 22 13.03
40 5 15.05
84 14 24.23
28 4 23.43
70 38 36.1
11 74 20.68
49 46 1.27
52 77 40.11
30 36 19.24
14 47 29.97
72 11 26.56
63 66 12.47
21 98 33.73
68 74 48.07
91 40 30.55
80 87 1.68
3 7 26.63
61 29 33.47
32 70 17.5
24 95 19.67
55 94 41.39
51 60 28.34
1 44 33.39
8 44 37.66
6 58 27.44
81 15 28.86
25 85 16.33
37 68 41.55
97 89 28.56
80 65 45.5
88 77 30.43
91 27 8.73
72 74 22.71
90 11 42.0
32 40 23.47
57 86 5.91
32 82 7.88
18 24 14.07
62 5 10.76
95 67 48.58
78 7 24.06
8 33 34.6
34 76 41.78
36 16 41.95
64 46 36.48
48 62 23.35
63 24 36.46
19 80 13.61
63 93 18.7
3 63 45.32
71 23 1.77
16 37 26.1
92 28 12.35
80 79 18.73
98 70 30.71
18 70 44.41
14 44 42.09
38 2 36.65
37 22 47.46
76 66 38.14
19 86 19.07
73 30 49.84
71 44 2.07
23 98 37.74
8 55 45.03
16 80 20.49
11 93 46.87
73 79 27.26
79 65 8.0
2 75 8.05
25 51 23.88
11 30 20.5
97 25 47.16
99 63 31.42
22 63 27.79
6 41 28.01
36 69 10.49
1 19 7.94
98 99 47.05
66 1 37.9
88 37 45.89
86 83 48.02
19 76 13.24
40 10 12.38
78 50 37.09
93 97 3.58
4 78 22.26
48 6 24.01
11 60 22.04
81 25 28.66
55 24 13.35
21 49 38.24
7 43 30.16
49 19 9.42
57 42 36.02
5 78 33.95
86 74 20.56
85 84 44.48
5 90 48.94
93 36 28.67
19 53 43.41
29 2 18.75
13 38 37.08
75 7 38.98
52 97 17.8
55 3 19.69
48 57 1.56
44 54 6.91
65 17 31.48
31 29 32.58
87 23 25.11
39 5 24.92
78 0 40.06
7 59 39.53
22 17 33.3
32 88 20.86
52 48 27.83
0 95 26.57
97 78 41.27
22 59 47.34
57 35 40.27
97 87 3.08
77 19 8.02
33 34 1.12
49 93 49.82
33 29 8.14
89 75 16.21
10 27 2.95
39 48 38.15
36 98 34.26
28 75 47.34
66 53 6.46
7 27 16.91
46 22 21.6
60 86 22.94
87 64 1.14
41 29 31.84
78 66 37.54
95 20 22.71
4 34 45.5
7 1 37.54
62 87 21.16
34 81 5.46
18 62 11.91
3 56 39.87
85 39 47.63
9 29 39.08
53 14 49.37
26 38 29.43
33 81 37.45
33 22 4.51
58 74 27.78
9 81 1.99