100
0 14 3.994
0 8 10.562
0 38 12.168
0 39 13.725
0 40 8.673
0 41 13.215
0 42 9.145
0 43 12.416
0 44 13.396
0 45 10.02
0 46 14.28
0 47 13.324
0 48 13.991
0 49 14.194
0 50 10.372
0 51 16.741
0 52 14.55
0 53 15.77
0 54 11.436
0 55 12.669
0 56 10.716
0 57 12.396
0 58 10.9
0 59 12.572
0 60 7.031
0 61 11.553
0 62 11.692
0 63 15.212
0 64 13.103
0 65 13.785
0 66 11.681
0 67 12.839
1 32 6.595
1 23 8.983
1 38 13.004
1 68 15.873
1 69 8.371
1 70 13.316
1 71 12.888
1 72 13.271
1 73 12.608
1 74 12.273
1 75 12.749
1 76 11.689
1 77 12.924
1 78 10.759
1 79 11.651
1 80 13.881
1 81 14.139
1 82 10.385
1 83 14.59
1 84 10.521
1 85 11.693
1 86 8.682
1 87 11.427
1 88 10.479
1 89 12.248
1 90 14.82
1 91 12.584
1 92 15.409
2 24 4.617
2 32 6.771
2 68 12.699
2 93 11.667
2 94 14.055
2 95 11.947
2 96 12.643
2 97 15.785
2 98 9.441
2 99 14.709
3 16 6.769
3 18 7.226
3 31 6.952
3 69 12.49
3 93 14.102
4 15 5.501
4 14 5.186
4 39 13.921
4 70 11.011
4 94 8.125
5 24 7.254
5 40 13.543
5 71 13.518
6 26 5.897
6 41 9.812
6 72 12.672
7 28 5.79
7 37 9.355
7 42 11.31
7 95 11.375
8 37 7.018
8 43 15.589
8 96 13.977
9 17 7.789
9 12 7.579
9 44 9.224
9 73 12.779
9 97 10.626
10 16 1.423
10 45 10.212
10 98 12.526
11 33 4.312
11 46 14.098
12 28 5.485
12 47 9.144
12 99 13.771
13 26 4.435
13 34 4.851
13 20 9.2
13 74 11.833
14 22 6.179
14 27 8.038
14 48 13.496
14 75 8.818
15 76 13.387
16 49 12.852
17 35 6.109
17 50 13.091
18 23 9.697
18 77 18.111
19 21 9.897
19 20 10.626
19 30 3.755
20 51 11.06
21 52 12.809
21 78 11.291
22 53 10.165
22 79 12.862
23 54 12.1
23 80 12.478
24 55 11.284
24 81 8.774
25 26 5.019
25 56 12.952
25 82 13.812
26 57 11.161
26 83 12.102
27 84 10.214
28 58 12.202
28 85 12.153
29 30 6.236
29 36 6.745
29 37 6.771
29 59 10.649
29 86 11.368
30 60 10.981
30 87 12.478
31 36 5.675
31 61 12.865
31 88 13.157
32 62 11.707
32 89 14.884
33 36 7.984
33 63 13.593
33 90 12.949
34 64 11.458
34 91 12.396
35 65 13.439
36 66 14.879
36 92 13.689
37 67 13.362