100
0 27 53.838
0 86 85.78
0 43 71.76
0 1 88.54
0 12 27.795
0 84 1.993
0 77 38.316
0 11 2.867
0 76 26.498
0 55 65.271
0 18 54.395
0 24 57.908
0 49 95.939
0 53 32.268
0 97 22.688
0 66 76.13
0 65 33.709
0 41 75.584
0 5 91.308
0 42 19.267
0 33 86.045
0 50 45.371
0 58 6.634
0 92 30.808
0 63 31.186
1 16 61.908
1 40 16.045
1 48 38.359
1 62 41.904
1 9 36.943
1 3 24.39
1 13 0.951
1 68 67.121
1 93 4.226
1 77 9.74
1 99 42.128
1 30 24.124
1 4 9.677
1 58 82.55
1 26 48.316
1 23 33.109
1 59 52.231
1 31 83.88
1 42 97.957
1 21 5.282
1 43 93.295
1 6 13.751
1 78 59.771
1 27 79.609
1 41 9.882
1 11 36.743
1 66 57.994
2 11 82.168
2 36 88.635
2 25 56.726
2 13 49.88
2 92 9.509
2 59 76.045
2 65 23.569
2 34 46.175
2 99 10.525
2 43 86.172
2 61 45.234
2 17 26.549
2 53 16.331
2 32 7.717
2 35 97.151
2 87 2.853
2 46 62.439
2 90 93.475
2 57 36.994
2 55 91.129
2 89 42.736
2 75 98.904
3 96 73.489
3 88 56.344
3 34 83.555
3 44 1.004
3 53 50.713
3 90 0.657
3 72 28.332
3 56 77.373
3 92 22.414
3 23 14.646
3 70 76.985
3 76 42.545
3 29 90.681
3 81 9.689
3 21 43.877
3 4 87.919
3 67 57.919
3 2 22.554
3 93 72.222
3 91 94.744
4 39 21.078
4 28 64.875
4 57 30.29
4 0 14.256
4 15 0.109
4 75 18.552
4 88 94.498
4 85 73.35
4 93 19.583
4 72 94.344
4 27 53.459
4 67 57.558
4 45 49.545
4 38 16.242
4 76 2.208
4 29 86.005
4 6 57.87
4 19 8.182
4 66 36.543
4 48 49.455
4 5 40.287
5 20 34.297
5 90 71.621
5 22 41.442
5 13 48.034
5 71 47.723
5 10 90.509
5 56 42.629
5 18 15.869
5 61 18.364
5 35 11.912
5 17 48.278
5 85 27.266
5 94 42.05
5 33 75.347
5 28 55.248
5 47 7.088
5 3 14.447
5 39 44.494
5 63 99.173
5 73 2.215
5 93 25.334
5 89 47.207
5 29 3.903
5 36 27.25
5 81 89.653
5 30 99.318
5 64 67.862
5 49 64.902
5 53 29.649
5 75 55.602
6 43 39.33
6 0 67.046
6 65 36.238
6 30 3.619
6 42 51.325
6 95 10.166
6 99 99.171
6 62 30.877
6 90 43.585
6 58 18.31
6 13 90.428
6 59 84.747
6 75 0.251
6 14 44.084
6 73 78.031
6 29 88.009
6 68 47.194
6 10 61.287
6 18 69.681
6 28 22.009
6 92 12.754
6 66 34.068
6 39 82.725
6 97 69.673
6 15 68.687
6 23 49.834
6 80 21.771
7 74 30.328
7 42 38.332
7 41 27.847
7 1 50.749
7 94 78.817
7 85 3.681
7 38 25.502
7 69 94.695
7 28 85.973
7 31 45.486
7 29 7.539
7 96 88.713
7 71 51.156
7 88 58.745
7 79 97.548
7 45 26.598
7 73 95.125
7 61 6.055
7 67 80.588
7 75 29.98
7 50 57.493
7 60 60.782
8 32 29.578
8 30 15.665
8 39 27.038
8 57 75.743
8 34 39.524
8 11 77.62
8 82 22.708
8 36 93.555
8 83 41.23
8 69 89.798
8 28 25.963
8 67 84.032
8 31 13.809
8 2 86.759
8 43 7.956
8 90 21.675
8 7 2.813
9 69 25.903
9 52 4.311
9 38 21.749
9 47 53.673
9 8 53.105
9 82 27.461
9 85 47.885
9 99 46.913
9 88 42.029
9 19 46.228
9 77 55.77
9 0 43.912
9 79 15.003
9 22 51.081
9 18 74.124
9 34 4.372
9 29 31.066
9 4 22.374
9 87 86.428
9 55 71.135
10 47 99.481
10 50 80.616
10 3 3.127
10 65 15.746
10 86 48.974
10 95 6.36
10 44 49.681
10 51 62.053
10 58 59.857
10 78 17.324
10 29 78.157
10 90 67.043
10 12 79.44
10 98 86.774
10 55 14.783
10 34 1.852
10 8 95.182
10 4 51.186
10 36 81.366
10 61 90.425
10 75 72.934
10 57 52.623
10 18 4.303
10 77 86.682
10 1 80.125
10 99 83.159
10 2 12.54
10 28 39.868
10 83 90.573
11 23 87.166
11 90 75.018
11 46 71.256
11 55 76.613
11 61 12.364
11 28 97.678
11 75 7.972
11 37 10.543
11 89 80.619
11 57 4.102
11 54 26.111
11 36 57.063
11 9 29.274
11 94 76.567
11 84 77.806
11 35 41.468
11 78 59.503
11 16 90.931
11 73 21.037
11 45 33.568
12 77 88.683
12 24 57.527
12 95 56.037
12 92 63.498
12 30 38.561
12 82 54.611
12 53 23.861
12 44 71.223
12 54 63.32
12 25 3.909
12 88 70.859
12 17 40.671
12 19 45.077
12 42 58.391
12 56 84.041
12 34 29.724
12 11 13.063
12 75 25.82
12 73 76.448
12 32 55.304
12 3 3.973
12 68 33.809
13 88 0.275
13 61 69.126
13 21 93.222
13 55 31.908
13 24 34.495
13 12 8.885
13 85 47.492
13 99 69.379
13 92 79.785
13 60 5.162
13 23 72.098
13 68 15.265
13 63 39.679
13 79 67.431
13 82 67.548
13 4 42.275
13 81 94.655
13 29 75.055
13 25 0.001
13 19 28.93
13 20 10.439
13 54 13.291
13 7 19.02
13 35 6.427
13 47 63.259
13 33 71.261
13 17 99.218
14 67 28.76
14 21 8.508
14 94 26.686
14 58 20.643
14 46 11.044
14 82 86.063
14 42 13.772
14 74 41.25
14 31 35.043
14 62 39.804
14 80 27.0
14 90 57.488
14 41 0.513
14 13 17.355
14 29 59.307
14 4 7.841
14 20 12.708
14 43 28.45
14 5 45.066
14 52 4.982
14 98 32.298
14 96 15.851
14 0 86.663
14 2 20.428
15 68 58.954
15 17 19.815
15 40 38.924
15 77 51.286
15 19 63.034
15 20 4.581
15 2 92.335
15 5 73.375
15 96 25.576
15 3 40.667
15 9 35.435
15 11 67.243
15 94 23.876
15 48 5.048
15 55 8.469
15 98 85.198
15 70 30.756
15 33 50.514
15 90 58.238
15 66 86.637
16 50 4.795
16 84 12.422
16 71 15.906
16 25 30.73
16 94 60.485
16 51 66.121
16 97 25.647
16 72 74.75
16 26 86.358
16 35 13.206
16 53 8.85
16 20 22.399
16 34 91.1
16 24 32.976
16 27 67.712
16 90 39.381
16 98 17.565
16 60 93.764
16 22 38.717
16 5 94.557
16 58 90.775
17 79 7.567
17 75 34.787
17 71 24.186
17 8 97.711
17 23 60.9
17 54 15.56
17 94 9.399
17 87 25.285
17 31 87.643
17 81 39.077
17 19 10.115
17 58 0.025
17 77 63.85
17 51 48.181
17 3 69.621
17 80 1.083
17 67 89.588
17 30 21.215
17 24 5.333
17 0 8.603
17 64 37.098
17 6 98.008
17 83 33.055
18 26 92.639
18 81 3.475
18 88 41.529
18 73 13.841
18 87 9.31
18 48 71.607
18 51 59.152
18 3 90.083
18 16 8.454
18 17 15.589
18 69 75.694
18 47 17.58
18 54 44.69
18 59 99.286
18 95 13.409
19 7 72.958
19 95 76.122
19 81 61.714
19 62 77.506
19 1 11.323
19 43 81.256
19 78 53.568
19 60 92.524
19 57 52.358
19 44 73.305
19 80 34.363
19 29 92.376
19 93 31.857
19 40 0.321
19 76 26.68
19 49 1.767
19 82 94.365
20 12 22.145
20 82 60.842
20 28 5.298
20 90 6.252
20 41 40.561
20 86 10.606
20 49 87.554
20 4 14.667
20 63 1.988
20 19 60.131
20 69 73.425
20 76 13.68
20 29 84.125
20 21 95.968
20 23 70.088
20 6 69.772
20 48 26.354
20 91 66.637
20 47 39.22
20 37 41.349
20 70 5.43
20 79 50.907
20 10 88.609
20 44 89.881
21 98 28.686
21 15 58.722
21 33 90.942
21 42 15.729
21 67 79.689
21 59 39.646
21 38 4.752
21 51 19.962
21 19 9.644
21 97 54.015
21 6 96.945
21 12 65.807
21 27 76.018
21 68 9.785
21 2 89.813
21 82 38.392
21 70 35.928
21 34 34.008
21 75 53.661
21 93 26.459
21 7 70.827
21 94 43.032
21 62 47.008
21 81 7.857
21 66 17.739
21 10 2.364
22 73 41.101
22 84 35.063
22 25 89.747
22 23 41.835
22 64 28.687
22 7 42.975
22 24 40.043
22 20 6.119
22 82 26.193
22 40 95.71
22 19 56.622
22 14 88.148
22 51 47.874
22 96 21.958
22 35 95.418
22 36 76.336
22 29 13.719
22 42 29.929
22 21 30.988
22 46 51.523
22 56 14.417
22 94 5.697
22 93 50.228
22 79 1.982
23 62 4.691
23 16 82.48
23 98 96.032
23 69 67.274
23 84 78.811
23 38 77.757
23 21 91.605
23 35 41.834
23 92 94.08
23 32 26.984
23 30 76.912
23 58 4.037
23 4 33.179
23 78 36.909
23 56 20.781
23 31 53.353
23 45 24.448
23 60 5.937
23 37 6.758
23 94 62.305
24 93 29.129
24 36 73.882
24 10 30.385
24 30 61.948
24 54 17.578
24 56 75.592
24 92 80.713
24 7 27.232
24 38 59.188
24 1 97.668
24 32 77.818
24 8 24.961
24 63 45.141
24 25 39.035
24 33 75.47
24 57 69.107
24 66 12.82
24 9 52.717
24 27 35.947
24 19 43.835
24 72 64.001
24 20 73.472
24 82 55.513
24 85 93.586
25 35 39.933
25 37 52.712
25 17 26.626
25 73 56.682
25 87 61.053
25 62 9.082
25 72 76.46
25 86 76.197
25 79 58.787
25 60 94.717
25 52 89.545
25 58 12.336
25 68 76.662
25 93 23.936
25 82 92.623
25 19 58.466
25 78 82.305
25 36 61.869
25 91 5.454
25 69 61.59
25 89 50.422
25 20 17.901
25 95 62.02
25 11 77.556
25 67 86.552
25 51 16.485
25 39 66.341
25 83 7.521
26 2 56.575
26 4 51.981
26 94 83.686
26 25 48.225
26 97 62.46
26 98 80.796
26 0 88.188
26 59 64.783
26 21 66.159
26 82 9.519
26 39 50.295
26 60 95.338
26 56 17.166
26 8 45.918
26 70 3.046
26 73 90.436
26 83 9.108
26 53 12.878
26 80 89.837
26 55 58.184
26 30 86.632
26 47 73.022
27 38 17.736
27 13 78.805
27 98 99.333
27 55 13.714
27 80 11.848
27 52 74.301
27 91 94.28
27 97 99.827
27 11 67.555
27 33 39.76
27 92 26.834
27 5 7.792
27 26 3.796
27 29 43.394
27 60 76.902
27 59 48.684
27 49 11.378
27 74 17.664
27 30 69.877
27 14 22.641
27 23 93.683
27 72 38.529
27 42 9.488
27 93 71.158
28 59 3.772
28 97 89.766
28 88 35.264
28 57 69.979
28 32 54.788
28 13 86.325
28 58 1.044
28 68 47.189
28 56 67.947
28 79 3.428
28 21 41.84
28 78 20.429
28 12 49.329
28 47 98.413
28 30 19.247
28 51 70.665
28 66 33.876
28 46 15.949
28 27 61.075
28 16 32.948
28 3 97.988
28 67 57.03
28 39 27.593
28 55 37.567
29 85 53.026
29 81 92.978
29 88 0.162
29 97 62.811
29 21 32.68
29 8 79.826
29 62 45.529
29 15 29.115
29 91 87.567
29 16 44.933
29 92 5.627
29 67 87.728
29 75 11.195
29 98 22.802
29 48 50.704
30 41 30.675
30 50 91.442
30 10 82.205
30 39 23.141
30 89 98.9
30 58 47.409
30 99 40.094
30 34 97.76
30 51 47.721
30 78 50.92
30 40 63.581
30 68 42.987
30 91 43.652
30 15 19.99
30 38 59.883
30 37 91.652
30 57 79.334
30 93 85.346
30 14 75.875
30 29 79.562
30 53 65.933
31 64 7.956
31 3 61.162
31 32 32.692
31 42 36.92
31 54 23.909
31 53 33.276
31 93 46.022
31 24 11.621
31 61 67.261
31 25 4.608
31 18 40.233
31 11 23.242
31 70 89.967
31 41 25.226
31 56 66.619
31 55 66.43
31 0 51.302
31 72 30.193
31 52 39.967
31 49 1.971
31 77 96.99
31 21 58.589
32 18 69.647
32 4 72.456
32 38 65.642
32 15 39.389
32 22 73.597
32 95 78.453
32 47 10.708
32 64 34.888
32 13 81.924
32 77 69.338
32 27 19.077
32 90 75.449
32 6 90.105
32 60 55.885
32 41 60.129
32 11 78.069
32 3 84.061
32 51 37.115
32 94 88.759
32 72 20.865
32 98 16.082
32 25 32.502
32 0 86.725
32 59 66.122
32 17 37.253
32 96 85.441
32 7 27.137
33 28 8.029
33 53 21.449
33 38 33.626
33 96 20.081
33 31 97.387
33 32 34.117
33 76 87.816
33 8 17.946
33 63 47.663
33 90 15.153
33 66 39.603
33 11 14.956
33 2 33.615
33 69 79.643
33 1 98.532
33 23 43.512
33 6 84.155
33 43 33.174
33 19 81.525
33 9 54.235
33 35 39.705
33 60 83.532
33 92 79.253
34 22 71.164
34 11 92.189
34 77 58.313
34 18 32.133
34 50 37.892
34 68 49.966
34 55 85.597
34 71 80.19
34 33 41.779
34 39 96.208
34 92 19.755
34 32 90.342
34 31 16.158
34 23 9.844
34 57 89.894
34 13 91.305
34 82 65.931
34 1 94.81
34 86 3.283
34 27 3.917
35 91 38.992
35 82 43.898
35 39 21.178
35 92 89.89
35 8 43.083
35 24 8.833
35 41 43.982
35 42 54.937
35 60 54.788
35 93 1.564
35 75 93.173
35 48 41.591
35 80 3.209
35 4 90.23
35 94 98.549
35 14 1.368
35 68 53.224
36 19 46.77
36 37 6.545
36 54 72.731
36 41 27.763
36 53 36.109
36 75 97.453
36 46 28.33
36 14 18.964
36 1 86.581
36 16 99.553
36 4 61.371
36 44 24.516
36 91 8.291
36 88 26.337
36 79 76.759
36 78 16.8
36 81 19.454
36 48 56.403
36 69 43.05
36 38 96.208
37 55 77.106
37 50 61.064
37 68 7.551
37 79 23.94
37 24 33.506
37 94 30.886
37 70 39.676
37 41 88.774
37 90 70.74
37 29 98.883
37 22 65.435
37 15 0.695
37 61 17.077
37 93 47.548
37 89 92.728
37 60 1.941
37 78 23.386
37 71 29.272
37 19 40.072
37 35 73.376
37 62 70.003
37 10 42.037
37 0 29.338
38 44 52.516
38 98 12.713
38 1 23.008
38 3 68.435
38 86 56.38
38 83 61.014
38 11 24.525
38 8 66.825
38 90 42.212
38 56 27.402
38 18 56.106
38 14 63.292
38 20 19.274
38 69 27.977
38 26 94.738
38 41 3.346
38 67 39.511
38 19 4.131
38 94 86.118
38 45 89.087
38 76 69.702
38 46 54.108
38 84 91.378
38 92 40.111
38 5 47.093
39 57 58.454
39 84 72.509
39 81 7.478
39 52 34.968
39 91 95.783
39 79 43.503
39 99 54.22
39 18 15.519
39 32 82.816
39 72 58.238
39 47 80.963
39 40 14.391
39 45 33.811
39 24 17.223
39 1 92.89
39 48 43.177
39 38 71.847
39 20 41.5
39 23 86.521
39 43 66.259
39 76 79.793
39 61 91.328
39 97 17.051
39 2 69.085
39 58 34.213
39 21 80.251
39 90 24.718
39 66 24.8
39 63 31.11
39 11 80.893
39 53 3.604
40 45 14.948
40 87 55.776
40 6 67.077
40 52 29.183
40 97 58.586
40 58 5.938
40 7 52.345
40 51 4.997
40 49 51.046
40 34 75.575
40 73 84.058
40 46 8.362
40 38 11.976
40 61 10.209
40 42 25.592
40 12 95.611
40 18 9.4
40 67 52.589
40 4 49.885
40 32 0.382
40 85 87.234
40 76 33.93
40 64 63.869
40 8 6.826
40 37 49.391
41 89 88.129
41 83 25.781
41 97 86.234
41 57 98.368
41 54 43.19
41 61 20.679
41 6 55.152
41 22 53.95
41 99 32.597
41 50 75.764
41 43 33.728
41 29 4.054
41 10 91.497
41 42 75.87
41 84 70.549
41 33 18.495
41 47 30.429
41 66 12.404
41 28 39.691
41 62 3.147
41 39 9.874
41 59 0.568
41 40 80.183
41 4 86.3
41 93 36.844
41 34 21.482
41 64 60.747
41 79 48.55
42 80 28.263
42 10 43.999
42 67 15.975
42 43 21.015
42 72 7.707
42 93 90.551
42 55 2.943
42 11 96.92
42 2 64.662
42 91 34.159
42 90 74.861
42 62 58.42
42 57 34.408
42 99 62.355
42 8 72.323
42 84 54.905
43 63 56.426
43 37 66.721
43 18 95.64
43 26 38.869
43 40 29.823
43 64 87.587
43 25 3.548
43 54 13.744
43 7 89.847
43 89 4.321
43 57 24.759
43 4 88.096
43 21 64.351
43 9 44.402
43 56 56.92
43 36 1.809
43 46 76.238
43 48 52.422
43 35 36.55
43 95 24.694
43 52 92.909
43 11 10.276
43 51 65.815
43 93 59.234
43 85 6.194
44 9 53.178
44 82 51.323
44 72 11.176
44 23 76.216
44 60 35.051
44 34 70.198
44 16 42.917
44 1 96.344
44 58 57.8
44 4 66.801
44 66 10.228
44 32 60.944
44 69 16.227
44 29 78.496
44 57 10.761
44 21 29.252
44 28 69.832
44 81 78.401
44 62 91.235
44 5 8.272
44 11 67.782
44 27 21.386
44 15 64.135
44 92 88.533
44 45 32.023
44 71 47.727
44 73 43.625
44 85 33.014
44 13 78.73
44 25 74.733
44 76 79.573
45 76 16.307
45 98 79.638
45 96 50.13
45 56 38.555
45 70 57.609
45 47 66.295
45 18 18.047
45 71 15.319
45 67 15.176
45 42 2.355
45 36 47.015
45 34 92.967
45 69 62.397
45 90 79.415
45 21 20.929
45 85 51.909
45 8 47.705
45 14 91.428
45 80 88.979
45 46 31.679
45 12 52.478
45 79 84.385
45 17 97.701
45 33 36.026
46 15 25.79
46 82 76.546
46 79 67.738
46 10 98.969
46 37 20.459
46 85 21.705
46 54 30.861
46 12 99.419
46 32 83.906
46 68 48.189
46 27 65.25
46 74 27.647
46 99 72.788
46 57 8.617
46 26 20.762
46 16 56.248
46 96 35.556
46 84 90.075
46 72 81.435
46 80 5.82
46 31 14.795
46 92 62.685
47 4 6.284
47 15 79.777
47 33 52.844
47 1 46.123
47 7 79.639
47 11 79.346
47 48 83.258
47 55 42.296
47 75 8.665
47 30 23.601
47 74 85.535
47 81 82.694
47 64 80.139
47 62 19.368
47 40 68.836
47 6 5.376
47 79 43.774
47 59 30.89
47 50 34.868
47 58 76.423
47 37 27.088
48 8 3.035
48 11 56.487
48 30 36.336
48 25 30.336
48 60 48.627
48 6 92.307
48 9 17.636
48 66 29.264
48 64 51.393
48 5 53.762
48 17 80.103
48 57 31.483
48 7 88.726
48 21 47.32
48 33 90.506
48 16 87.152
48 86 98.145
48 27 68.618
48 44 69.706
48 77 80.545
48 61 55.498
48 42 92.737
48 99 68.587
48 62 95.108
49 34 87.511
49 89 94.409
49 3 44.539
49 68 49.403
49 6 84.161
49 70 2.991
49 84 59.298
49 87 60.489
49 13 87.759
49 97 10.8
49 42 0.077
49 51 6.636
49 65 26.349
49 9 42.632
49 22 16.5
49 71 24.132
49 21 39.703
49 33 51.016
49 30 31.627
49 24 34.647
49 66 8.131
49 85 29.318
49 96 47.534
49 11 82.87
49 57 44.444
50 70 62.058
50 49 75.845
50 5 29.928
50 27 0.389
50 99 76.156
50 40 58.583
50 57 47.003
50 88 98.781
50 23 71.255
50 55 36.493
50 78 6.073
50 43 43.566
50 96 57.284
50 8 35.024
50 67 90.43
50 77 39.031
50 54 22.367
51 78 0.233
51 61 77.396
51 19 65.309
51 27 68.497
51 1 78.187
51 0 84.635
51 54 10.679
51 97 45.352
51 77 2.498
51 33 4.087
51 86 29.715
51 35 35.779
51 12 20.271
51 67 44.46
51 66 36.51
51 37 74.781
51 31 12.453
51 11 70.246
51 55 16.233
51 74 69.164
51 46 58.266
52 17 10.354
52 8 59.737
52 98 22.422
52 33 21.478
52 36 11.171
52 84 94.316
52 69 30.629
52 56 26.147
52 66 32.867
52 90 70.281
52 41 81.333
52 97 4.046
52 73 44.752
52 22 12.697
52 63 76.984
52 79 98.72
52 75 98.565
52 44 14.546
52 57 88.711
52 49 94.372
52 87 92.947
52 2 65.81
52 3 19.482
52 20 48.198
52 92 37.153
52 12 73.328
52 15 71.71
53 25 64.669
53 98 7.163
53 93 62.691
53 47 39.864
53 22 90.173
53 63 7.521
53 97 97.577
53 13 34.175
53 62 81.039
53 9 27.812
53 59 10.606
53 6 74.732
53 21 8.256
53 17 90.586
53 43 8.235
53 4 58.263
53 49 13.666
53 8 48.044
53 20 94.248
53 27 19.144
53 14 91.976
53 82 9.544
53 44 86.619
53 57 70.787
54 49 22.799
54 26 4.726
54 81 77.726
54 99 6.898
54 6 64.446
54 72 30.87
54 98 61.816
54 42 55.764
54 88 16.572
54 66 91.711
54 3 61.337
54 16 28.226
54 10 60.358
54 52 64.036
54 55 68.331
54 70 42.647
54 60 14.845
54 93 95.059
54 8 53.066
54 67 82.525
55 24 20.98
55 35 75.867
55 78 88.701
55 49 37.197
55 72 46.595
55 1 39.251
55 33 84.298
55 89 14.136
55 96 48.394
55 82 33.189
55 98 57.948
55 21 65.106
55 19 53.871
55 23 56.728
55 85 95.078
55 76 90.059
56 30 39.323
56 93 75.757
56 97 62.988
56 6 61.124
56 77 74.72
56 39 12.458
56 61 31.9
56 15 92.695
56 79 48.671
56 46 54.995
56 18 89.222
56 60 15.609
56 85 28.46
56 66 92.666
56 57 10.487
56 75 41.413
56 32 85.628
57 21 63.458
57 47 35.189
57 61 14.535
57 69 93.399
57 90 70.247
57 63 86.789
57 58 21.589
57 3 26.902
57 37 25.166
57 5 20.618
57 89 67.45
57 20 30.338
57 55 88.284
57 9 33.047
57 31 12.94
57 66 74.829
57 81 65.574
57 22 69.231
57 79 49.058
57 73 56.401
57 23 56.429
57 97 60.361
57 17 25.703
57 98 41.413
57 32 3.084
57 14 93.161
57 54 71.547
57 68 90.469
57 0 27.632
58 82 24.926
58 12 99.535
58 9 98.744
58 53 82.14
58 46 29.901
58 3 87.939
58 22 29.023
58 51 63.525
58 86 84.681
58 24 65.203
58 81 37.312
58 49 26.801
58 99 39.294
58 33 68.594
58 50 16.016
58 26 63.301
58 56 80.0
58 34 53.329
58 76 56.13
58 69 34.609
58 36 75.777
59 54 39.233
59 31 37.303
59 48 58.168
59 35 54.221
59 45 38.151
59 7 26.246
59 64 85.556
59 42 1.432
59 38 73.451
59 70 82.755
59 10 22.704
59 63 53.423
59 62 7.882
59 50 82.398
59 23 54.822
59 4 36.359
59 16 38.621
59 56 4.772
59 36 3.838
59 20 9.532
59 12 3.124
59 68 54.594
59 93 62.816
59 25 56.543
59 72 71.081
59 83 10.569
60 75 97.357
60 49 73.422
60 95 82.604
60 24 30.85
60 86 99.661
60 42 63.556
60 52 50.231
60 92 9.603
60 43 68.775
60 11 9.029
60 20 92.577
60 59 71.724
60 89 64.014
60 5 28.803
60 15 2.947
60 50 5.248
60 2 36.65
60 22 29.471
60 80 96.564
60 12 89.909
60 51 63.334
60 17 79.96
60 62 66.569
61 90 23.176
61 65 7.003
61 33 98.855
61 26 20.686
61 68 73.177
61 98 32.089
61 72 59.576
61 44 51.504
61 83 34.375
61 92 78.11
61 30 73.042
61 42 6.514
61 21 79.183
61 43 59.354
61 36 43.429
61 8 75.42
61 73 10.005
61 74 1.51
61 1 87.913
61 95 44.603
61 19 81.75
61 94 79.247
61 15 7.564
61 23 17.276
61 9 10.997
61 47 14.222
61 38 80.012
61 4 66.794
61 67 99.771
61 69 1.091
62 40 20.69
62 94 82.512
62 34 2.989
62 28 49.794
62 99 77.093
62 89 3.432
62 72 64.035
62 63 24.796
62 69 3.8
62 36 9.172
62 96 85.202
62 20 62.319
62 45 14.656
62 39 83.484
62 49 8.93
62 85 68.095
63 61 49.578
63 77 18.852
63 55 95.42
63 14 71.266
63 47 67.3
63 2 8.931
63 4 16.089
63 37 72.046
63 7 8.171
63 71 51.785
63 38 5.024
63 69 87.346
63 92 95.473
63 95 24.058
63 30 63.0
63 6 28.739
63 45 30.253
63 25 43.163
63 73 21.738
63 32 92.863
64 46 54.092
64 77 17.144
64 10 36.921
64 79 8.528
64 63 43.171
64 34 87.676
64 94 57.836
64 11 72.046
64 12 56.096
64 69 94.762
64 15 97.776
64 58 40.892
64 57 90.133
64 50 90.184
64 16 54.675
64 9 7.652
64 33 40.652
64 45 81.791
64 97 54.302
64 29 36.769
64 39 48.183
64 7 38.886
64 86 12.545
64 98 72.763
64 61 14.987
65 66 43.982
65 30 9.853
65 5 97.742
65 11 12.951
65 98 25.662
65 25 65.666
65 77 61.317
65 41 10.191
65 50 75.482
65 75 43.032
65 69 10.809
65 44 85.672
65 31 7.519
65 9 79.674
65 80 89.328
65 16 99.79
65 39 90.142
65 1 86.365
65 62 22.24
65 64 91.24
65 43 45.205
65 34 9.161
65 51 99.073
65 72 16.653
65 54 56.886
65 85 6.493
65 99 72.483
65 84 22.827
65 95 83.024
65 24 66.818
66 92 37.076
66 7 38.941
66 40 91.95
66 18 3.019
66 8 8.287
66 31 98.524
66 83 40.017
66 35 49.973
66 32 75.145
66 29 80.05
66 27 4.838
66 89 48.862
66 59 15.845
66 94 42.759
66 53 78.925
66 46 20.496
66 78 83.82
66 3 39.107
66 87 31.53
66 38 30.315
66 81 4.912
67 71 19.247
67 2 11.841
67 0 94.126
67 80 19.471
67 81 55.945
67 92 96.552
67 13 1.351
67 64 12.686
67 69 4.472
67 46 84.022
67 84 26.23
67 31 66.729
67 72 45.12
67 1 97.086
67 22 0.782
67 75 68.655
67 20 98.146
67 43 79.623
67 57 87.087
67 74 10.209
67 30 36.948
67 97 30.645
67 86 34.273
67 10 51.926
67 6 67.536
67 66 16.458
68 5 80.138
68 91 74.899
68 33 71.041
68 23 24.712
68 96 46.603
68 41 43.706
68 53 77.579
68 16 15.534
68 97 84.087
68 32 40.215
68 66 13.378
68 60 89.036
68 0 66.467
68 18 94.164
68 10 22.251
68 58 46.888
68 64 16.785
68 76 32.569
68 93 10.027
68 90 20.442
68 77 16.401
68 95 88.276
68 2 32.929
69 81 53.167
69 0 5.309
69 76 69.419
69 6 58.39
69 29 22.619
69 46 2.957
69 98 26.091
69 1 94.673
69 32 41.943
69 99 18.445
69 26 17.483
69 83 22.897
69 41 81.332
69 34 49.282
69 70 47.46
69 88 21.436
69 37 97.211
69 54 12.493
69 86 3.827
69 55 48.985
69 17 22.088
70 6 41.295
70 33 97.015
70 92 81.456
70 7 58.999
70 18 11.698
70 12 52.475
70 28 19.37
70 86 5.885
70 55 28.058
70 29 9.776
70 19 71.109
70 27 23.21
70 17 40.59
70 24 21.114
70 34 11.541
70 4 72.151
70 35 33.702
70 1 40.937
70 8 49.245
70 47 63.917
70 10 24.179
70 13 35.318
70 25 26.442
70 97 76.308
70 56 87.264
70 74 5.859
70 82 52.592
71 56 69.395
71 2 3.804
71 57 10.837
71 69 77.054
71 55 84.66
71 42 14.801
71 4 82.879
71 1 45.287
71 6 26.253
71 3 59.803
71 28 58.099
71 12 80.759
71 8 69.344
71 51 52.736
71 60 22.821
71 14 22.057
71 48 3.547
71 30 78.633
71 83 16.241
71 76 67.272
71 13 46.404
71 89 78.427
71 54 24.979
71 31 92.05
71 0 7.09
71 26 98.246
72 36 43.141
72 43 82.865
72 11 94.482
72 6 48.55
72 13 89.294
72 64 95.536
72 77 73.959
72 8 29.207
72 51 53.56
72 79 95.303
72 60 65.845
72 66 95.091
72 53 57.572
72 35 4.22
72 68 43.617
72 63 75.819
72 75 39.422
72 52 21.639
72 85 37.459
72 40 9.536
72 22 80.507
72 7 31.946
73 83 39.468
73 93 18.413
73 42 12.185
73 1 87.959
73 16 6.505
73 84 60.271
73 95 34.913
73 85 64.128
73 34 72.607
73 65 85.503
73 43 12.336
73 39 44.752
73 55 31.494
73 72 69.325
73 66 58.942
73 8 3.803
73 77 55.727
73 10 9.459
73 67 58.623
73 37 42.0
73 50 13.609
73 14 57.805
73 82 71.8
74 10 53.713
74 83 19.211
74 8 97.269
74 68 64.473
74 57 11.715
74 40 0.208
74 80 43.57
74 1 88.214
74 30 62.53
74 37 76.554
74 15 82.968
74 82 47.415
74 56 66.268
74 43 94.532
74 26 28.85
74 52 99.511
74 0 38.443
74 75 90.609
74 3 33.96
74 6 37.96
74 95 95.192
74 72 37.286
74 24 88.723
74 42 71.398
74 16 17.527
75 97 77.454
75 73 42.302
75 70 50.777
75 25 76.775
75 27 68.19
75 39 89.401
75 38 81.527
75 49 26.88
75 80 89.775
75 54 47.664
75 30 17.506
75 95 47.76
75 77 17.995
75 14 38.374
75 43 82.738
75 82 74.401
75 32 60.103
75 22 13.812
75 24 66.452
75 41 55.955
75 84 23.438
75 76 17.331
75 62 87.398
76 29 89.962
76 72 50.376
76 94 86.106
76 93 43.055
76 13 95.395
76 92 86.77
76 17 48.736
76 77 26.811
76 30 11.246
76 70 41.064
76 64 19.262
76 9 43.106
76 43 49.006
76 47 89.222
76 66 65.251
76 18 49.031
76 73 68.293
76 37 88.472
76 65 41.269
76 31 59.155
76 36 43.885
76 42 42.539
76 5 94.554
76 41 39.452
76 80 46.073
77 84 30.885
77 8 51.415
77 26 82.461
77 16 91.884
77 74 31.995
77 41 28.599
77 4 99.669
77 6 41.122
77 30 78.013
77 24 97.926
77 85 15.866
77 19 64.832
77 89 51.491
77 13 38.33
77 21 81.787
77 80 97.736
77 70 2.94
77 62 91.52
77 61 30.207
77 33 38.652
77 18 67.903
78 13 57.617
78 62 3.966
78 68 36.498
78 79 88.901
78 73 94.392
78 63 0.738
78 42 13.135
78 6 33.246
78 14 33.084
78 46 26.595
78 98 34.327
78 90 33.406
78 4 56.946
78 22 17.154
78 64 68.035
78 34 67.174
78 16 68.024
78 70 20.844
78 41 27.897
78 35 11.219
78 53 12.434
78 94 59.554
78 93 61.76
78 57 54.42
78 52 97.901
78 45 17.241
78 8 77.468
78 3 94.37
79 33 95.005
79 35 49.109
79 15 60.23
79 69 89.242
79 74 83.795
79 54 40.898
79 49 30.298
79 11 95.976
79 58 87.834
79 16 13.232
79 24 22.427
79 38 7.269
79 81 1.847
79 73 99.449
79 60 73.422
79 83 48.382
79 76 11.429
79 44 5.129
79 86 19.162
79 99 81.583
79 30 56.086
80 48 31.228
80 86 73.765
80 83 44.937
80 1 52.977
80 84 14.478
80 87 49.425
80 49 64.782
80 95 84.811
80 8 25.047
80 4 68.376
80 94 48.085
80 21 73.195
80 20 25.132
80 28 51.122
80 81 71.947
80 32 76.537
80 50 76.911
80 44 91.817
80 70 29.89
80 12 36.612
80 55 21.059
81 86 58.348
81 0 34.218
81 41 19.803
81 22 96.68
81 95 90.958
81 10 80.086
81 34 68.912
81 7 32.132
81 64 57.587
81 42 2.145
81 27 79.495
81 46 43.605
81 8 90.68
81 12 55.412
81 49 39.546
81 97 46.947
81 85 73.228
81 40 77.638
81 60 75.315
81 56 23.013
82 65 80.893
82 4 85.573
82 40 53.702
82 49 70.585
82 76 7.797
82 91 72.828
82 18 11.424
82 11 51.559
82 83 75.076
82 92 63.451
82 86 76.524
82 23 87.433
82 63 52.162
82 0 20.519
82 47 40.597
82 60 63.422
82 42 41.457
82 64 38.105
82 97 81.193
82 96 27.841
82 3 52.97
82 79 71.448
82 67 47.991
83 68 47.955
83 65 79.853
83 1 43.889
83 40 95.616
83 15 52.253
83 20 30.882
83 47 15.514
83 6 57.643
83 22 8.967
83 4 72.194
83 18 3.933
83 24 46.076
83 76 50.152
83 52 14.756
83 30 57.676
83 81 63.453
83 87 99.689
83 86 54.721
83 37 79.656
83 51 91.426
83 44 25.53
83 46 62.16
83 99 5.409
84 53 43.122
84 43 67.455
84 28 77.716
84 60 48.25
84 54 90.724
84 29 2.569
84 34 72.774
84 81 66.359
84 62 72.956
84 25 90.65
84 99 9.574
84 78 71.314
84 47 64.923
84 63 28.959
84 26 22.495
84 13 36.497
84 90 92.81
84 70 58.576
84 58 3.536
84 86 11.065
84 85 69.073
84 32 50.786
84 76 91.074
85 60 54.846
85 22 99.902
85 53 31.439
85 52 83.817
85 47 84.549
85 38 90.529
85 25 31.083
85 30 82.704
85 76 18.892
85 90 4.923
85 15 58.144
85 51 63.65
85 1 15.784
85 32 32.636
85 91 23.475
85 79 49.535
85 89 60.808
85 42 18.946
85 14 95.961
85 74 50.661
85 71 97.997
85 80 77.183
85 66 64.08
85 70 0.033
85 26 34.382
85 58 96.243
86 37 58.092
86 96 24.637
86 15 42.55
86 66 25.841
86 13 73.838
86 32 5.502
86 71 67.85
86 23 22.627
86 47 70.075
86 39 58.828
86 12 82.423
86 14 21.683
86 30 83.571
86 6 45.499
86 59 98.016
86 57 8.341
86 7 14.854
86 28 54.758
86 72 19.047
86 31 25.651
86 29 11.492
86 87 93.706
86 3 3.847
86 99 82.578
87 14 24.354
87 23 5.017
87 73 20.561
87 28 98.26
87 63 30.863
87 99 56.745
87 70 23.215
87 15 82.305
87 88 1.739
87 30 12.288
87 68 58.259
87 31 53.031
87 38 76.267
87 54 2.047
87 33 72.362
87 20 3.693
87 56 89.49
87 16 2.982
87 47 25.925
87 64 5.394
87 89 56.303
87 85 51.604
87 69 28.493
87 98 44.785
87 13 99.796
87 53 3.325
87 46 69.774
87 50 66.315
87 65 27.422
87 57 80.47
87 95 86.259
88 1 36.053
88 68 93.417
88 16 93.178
88 93 77.578
88 47 93.915
88 75 87.378
88 43 24.324
88 79 18.989
88 27 91.577
88 49 46.229
88 80 50.1
88 73 69.085
88 30 49.801
88 32 4.464
88 48 64.288
88 38 9.601
88 45 32.95
88 6 35.252
88 62 94.081
89 52 32.281
89 76 89.618
89 20 77.188
89 74 56.274
89 92 92.111
89 6 62.158
89 73 70.068
89 96 92.667
89 31 28.349
89 0 39.499
89 84 1.359
89 93 76.517
89 81 99.248
89 50 62.719
89 8 13.097
89 44 45.597
89 78 65.289
89 67 17.615
89 35 36.202
89 48 28.067
89 54 99.892
89 17 87.658
89 23 14.727
90 87 99.643
90 63 83.445
90 48 41.337
90 19 22.421
90 60 76.992
90 51 56.425
90 59 23.691
90 0 41.592
90 36 40.197
90 35 17.088
90 29 52.039
90 74 79.76
90 22 67.527
90 17 7.458
90 93 53.625
90 55 73.328
90 72 56.949
90 27 35.124
90 89 62.612
90 53 53.587
90 18 17.981
91 94 60.679
91 22 36.847
91 7 2.142
91 55 42.807
91 98 55.689
91 52 1.426
91 1 96.055
91 80 60.324
91 19 58.642
91 8 26.193
91 23 74.763
91 58 21.112
91 48 40.63
91 15 26.057
91 51 36.804
91 70 86.12
91 74 5.003
91 61 14.345
91 0 29.404
91 66 41.013
91 89 18.192
91 84 7.718
91 97 27.008
91 44 4.072
91 54 51.724
91 10 55.98
91 76 38.556
91 87 74.777
91 62 95.076
91 78 32.287
91 46 63.061
92 31 51.189
92 37 21.6
92 42 56.877
92 7 76.664
92 72 94.386
92 77 19.09
92 51 49.514
92 20 29.098
92 47 52.119
92 59 38.206
92 79 82.345
92 91 89.33
92 15 40.815
92 22 71.955
92 8 33.875
92 69 73.483
92 49 76.873
92 68 8.961
92 80 45.849
92 94 77.339
92 90 84.42
92 87 25.462
92 88 45.715
92 93 99.136
92 85 8.721
92 1 59.428
92 50 21.62
92 53 63.578
93 72 19.052
93 86 68.348
93 28 53.214
93 61 32.023
93 58 88.396
93 7 81.155
93 66 24.599
93 91 32.401
93 50 53.125
93 62 24.564
93 67 67.639
93 60 81.371
93 15 12.864
93 95 35.373
93 0 30.504
93 79 33.58
93 6 92.924
93 26 38.821
93 85 45.459
93 81 3.47
93 57 64.51
93 23 39.493
93 13 37.914
93 2 59.144
93 20 79.477
94 99 28.009
94 89 15.246
94 6 9.055
94 81 56.396
94 59 21.192
94 74 36.443
94 4 17.011
94 98 39.912
94 70 83.794
94 86 48.567
94 90 70.134
94 45 10.059
94 33 2.081
94 71 43.797
94 53 82.817
94 83 26.929
94 52 92.746
94 54 14.909
94 58 14.588
94 65 46.141
94 49 49.258
94 44 34.126
94 57 3.719
94 0 35.073
94 97 26.977
94 67 37.94
95 51 98.32
95 1 25.989
95 94 56.611
95 71 60.423
95 57 40.424
95 91 98.557
95 3 30.996
95 13 5.639
95 34 1.087
95 72 12.512
95 44 79.45
95 23 95.334
95 55 70.957
95 37 47.801
95 21 54.644
95 33 92.413
95 41 66.152
95 46 49.132
95 45 48.247
95 26 13.579
95 59 7.702
95 20 70.332
95 84 7.961
95 11 0.161
95 15 34.023
96 42 96.454
96 88 41.132
96 94 89.001
96 48 70.798
96 44 84.421
96 78 28.555
96 29 11.507
96 31 88.726
96 11 37.688
96 70 9.009
96 16 87.903
96 20 68.304
96 92 7.37
96 76 66.948
96 72 4.249
96 54 69.254
96 27 27.488
96 9 68.926
96 65 7.533
96 4 72.275
96 8 68.073
96 40 51.726
96 43 81.315
96 66 13.864
96 56 77.774
96 19 66.112
96 64 39.593
96 83 8.171
96 18 11.511
96 58 52.626
96 25 18.662
97 58 38.755
97 9 87.447
97 63 22.982
97 30 6.72
97 20 52.17
97 1 45.554
97 46 91.011
97 32 49.163
97 4 62.582
97 66 32.676
97 99 29.419
97 35 8.216
97 10 28.738
97 18 58.76
97 83 23.188
97 37 39.826
97 5 90.072
97 12 52.146
97 47 62.637
97 89 60.879
98 3 55.612
98 58 99.019
98 84 18.39
98 47 82.679
98 73 92.697
98 37 58.579
98 43 16.354
98 18 38.61
98 11 34.696
98 80 82.998
98 4 90.859
98 60 59.473
98 8 35.574
98 89 30.888
98 41 35.624
98 44 17.75
98 7 56.687
98 96 73.641
98 17 30.492
98 71 22.036
98 74 38.135
99 95 99.14
99 22 32.3
99 88 65.876
99 27 18.696
99 16 36.998
99 31 13.768
99 19 88.967
99 59 12.64
99 78 95.751
99 57 82.193
99 82 9.446
99 43 18.952
99 73 73.302
99 45 7.011
99 23 59.346
99 32 57.845
99 55 62.048
99 80 38.493
99 85 8.01
99 76 50.328
99 93 82.85
99 64 75.911
99 66 44.057
99 25 23.757
99 77 90.442
99 75 92.349
99 20 76.442
99 49 38.596
99 91 39.595
