100
0 12 87.439
0 33 3.236
0 8 98.53
0 95 17.375
0 9 43.106
1 30 62.464
1 50 2.957
1 2 29.86
1 38 35.949
1 64 1.387
2 14 35.33
2 20 31.061
2 39 66.801
2 75 66.105
2 63 72.841
3 27 25.458
3 64 83.043
3 71 76.058
3 94 14.797
3 51 56.481
4 84 68.355
4 60 50.127
4 0 62.938
4 35 88.469
4 55 86.386
5 2 27.67
5 92 91.458
5 13 84.054
5 95 24.588
5 34 47.911
6 51 0.977
6 17 84.742
6 29 93.119
6 74 28.975
6 37 54.115
7 60 53.856
7 72 16.666
7 64 47.472
7 45 60.657
7 58 97.154
8 11 39.26
8 23 4.434
8 51 39.774
8 50 53.305
8 75 89.561
9 77 9.069
9 27 80.076
9 94 0.663
9 11 45.352
9 51 6.443
10 30 96.416
10 35 60.725
10 34 68.295
10 83 83.232
10 17 85.837
11 41 13.08
11 43 27.215
11 7 96.717
11 82 7.837
11 56 45.615
12 33 41.922
12 27 22.044
12 63 75.12
12 5 77.13
12 2 52.008
13 75 48.737
13 4 53.998
13 19 83.267
13 73 43.812
13 39 34.296
14 96 89.206
14 13 41.7
14 11 49.911
14 47 64.67
14 92 41.479
15 28 95.963
15 93 91.506
15 44 81.04
15 18 61.854
15 35 44.008
16 11 1.886
16 52 74.496
16 98 67.178
16 3 83.934
16 34 4.377
17 27 95.128
17 37 80.396
17 95 89.474
17 92 54.709
17 97 77.091
18 50 58.076
18 49 85.271
18 92 56.467
18 46 92.887
18 71 65.294
19 25 48.336
19 32 76.896
19 54 13.682
19 86 36.775
19 31 52.829
20 21 8.359
20 88 48.399
20 56 92.079
20 70 37.249
20 96 13.447
21 19 3.857
21 41 85.436
21 77 23.832
21 24 28.142
21 8 92.442
22 18 23.095
22 52 99.258
22 5 7.635
22 54 72.744
22 61 10.37
23 64 94.503
23 35 48.201
23 99 99.891
23 87 70.849
23 81 90.677
24 31 53.035
24 7 7.328
24 45 31.224
24 33 76.074
24 44 99.352
25 15 15.171
25 3 99.274
25 45 44.269
25 80 51.169
25 1 56.625
26 54 96.993
26 41 40.895
26 16 99.425
26 78 60.801
26 65 95.673
27 89 80.514
27 3 73.174
27 12 10.498
27 90 25.276
27 24 63.6
28 89 8.287
28 4 67.058
28 27 59.859
28 95 28.726
28 83 8.281
29 64 8.843
29 86 73.432
29 63 50.786
29 43 64.856
29 91 17.65
30 76 13.65
30 11 59.615
30 42 13.475
30 60 13.92
30 40 54.468
31 38 69.087
31 34 43.225
31 54 75.587
31 67 49.489
31 60 87.312
32 29 63.433
32 61 15.434
32 26 11.692
32 8 22.615
32 25 76.046
33 31 46.658
33 12 47.018
33 70 94.029
33 41 75.509
33 62 35.43
34 8 50.946
34 95 13.427
34 66 55.212
34 42 71.62
34 22 32.312
35 76 77.83
35 47 67.621
35 48 93.631
35 20 55.681
35 65 75.828
36 27 34.656
36 3 69.556
36 48 33.872
36 68 64.462
36 83 7.757
37 45 97.331
37 21 44.493
37 51 39.972
37 73 57.324
37 10 5.95
38 42 19.422
38 68 56.985
38 66 51.481
38 48 7.258
38 18 12.897
39 64 21.155
39 92 7.309
39 12 6.382
39 55 49.298
39 74 85.678
40 46 51.202
40 70 76.383
40 99 64.994
40 53 29.87
40 47 31.864
41 91 13.087
41 46 47.445
41 83 75.516
41 58 86.718
41 39 98.119
42 51 33.884
42 78 27.464
42 31 76.779
42 72 39.1
42 37 80.537
43 71 3.47
43 34 90.384
43 36 48.915
43 33 43.628
43 99 22.522
44 54 79.323
44 19 8.247
44 73 48.35
44 75 24.592
44 58 21.86
45 84 78.692
45 91 19.674
45 85 84.364
45 43 41.947
45 18 38.907
46 78 49.217
46 65 17.912
46 72 75.062
46 33 64.753
46 81 90.14
47 11 13.709
47 17 16.146
47 24 31.758
47 7 39.83
47 22 86.239
48 21 24.983
48 26 56.944
48 18 56.235
48 41 23.825
48 84 44.193
49 4 8.656
49 29 17.428
49 91 84.48
49 83 97.164
49 46 65.331
50 15 5.715
50 82 67.611
50 80 54.996
50 28 19.918
50 75 59.922
51 55 98.222
51 5 0.713
51 65 41.198
51 34 40.832
51 19 45.746
52 63 80.939
52 50 16.836
52 73 81.902
52 77 54.804
52 88 82.409
53 70 5.767
53 89 67.015
53 91 66.309
53 84 14.601
53 35 73.88
54 3 51.34
54 86 0.323
54 6 88.729
54 84 8.61
54 31 60.898
55 43 79.062
55 63 74.711
55 57 98.684
55 6 46.604
55 35 74.646
56 10 19.596
56 67 24.692
56 26 64.34
56 20 37.386
56 15 46.849
57 64 79.277
57 28 55.489
57 51 79.867
57 70 48.248
57 10 93.004
58 75 65.016
58 51 32.021
58 79 12.345
58 2 83.465
58 70 41.222
59 70 58.668
59 48 97.037
59 25 0.534
59 90 1.128
59 88 83.045
60 72 49.601
60 73 69.279
60 21 85.278
60 24 51.562
60 59 37.127
61 33 58.95
61 53 0.332
61 89 96.659
61 85 65.332
61 82 17.487
62 78 87.724
62 32 34.083
62 35 22.379
62 6 25.894
62 15 29.116
63 45 62.371
63 42 14.553
63 56 69.594
63 5 27.419
63 62 14.226
64 76 90.696
64 5 56.051
64 61 77.756
64 78 27.021
64 19 7.797
65 48 73.275
65 66 78.088
65 26 86.211
65 27 66.647
65 96 5.562
66 2 34.897
66 98 75.677
66 36 96.856
66 53 42.297
66 49 4.49
67 41 98.43
67 64 88.322
67 1 40.33
67 63 42.535
67 29 17.375
68 39 47.146
68 53 88.692
68 8 47.183
68 38 83.103
68 85 37.305
69 59 77.959
69 10 26.985
69 9 98.185
69 44 59.57
69 65 9.747
70 89 88.264
70 76 59.83
70 75 11.262
70 82 22.694
70 42 72.12
71 63 71.27
71 66 64.619
71 71 77.084
71 34 89.881
71 8 49.217
72 54 61.689
72 95 53.498
72 6 25.417
72 21 87.466
72 90 3.168
73 68 74.891
73 4 58.483
73 98 42.379
73 32 95.426
73 16 76.241
74 19 17.981
74 23 70.961
74 83 13.737
74 26 83.395
74 59 7.404
75 37 74.523
75 49 24.223
75 46 48.092
75 11 68.294
75 44 48.666
76 48 11.378
76 10 68.877
76 39 85.773
76 95 96.7
76 87 28.623
77 53 59.495
77 54 39.934
77 92 61.484
77 2 54.826
77 48 55.334
78 76 57.474
78 0 29.685
78 1 84.936
78 16 24.392
78 13 63.355
79 19 27.154
79 38 55.227
79 81 95.202
79 54 65.236
79 16 42.467
80 50 89.541
80 56 66.948
80 60 9.008
80 89 35.029
80 72 51.485
81 9 71.271
81 46 79.346
81 74 1.624
81 0 76.219
81 63 27.997
82 53 87.83
82 32 36.764
82 69 57.103
82 62 63.686
82 15 10.507
83 88 45.294
83 36 45.069
83 6 72.849
83 99 96.069
83 78 46.1
84 20 25.638
84 46 92.795
84 6 11.369
84 79 71.218
84 12 89.115
85 46 42.08
85 57 67.39
85 30 67.449
85 92 55.761
85 37 43.649
86 75 98.663
86 64 60.261
86 32 85.817
86 69 51.92
86 33 78.123
87 21 5.967
87 89 43.8
87 46 87.234
87 81 83.826
87 55 21.638
88 28 35.448
88 50 56.043
88 95 39.507
88 34 57.726
88 53 24.19
89 47 49.865
89 82 68.511
89 66 56.46
89 61 8.91
89 85 27.35
90 67 66.676
90 2 14.255
90 10 99.914
90 40 73.428
90 50 33.73
91 41 20.345
91 52 73.66
91 6 2.185
91 58 89.468
91 80 26.002
92 57 20.686
92 72 17.238
92 49 45.867
92 88 29.796
92 16 51.697
93 54 80.745
93 71 26.202
93 91 35.602
93 62 45.363
93 44 48.629
94 21 0.622
94 41 83.463
94 2 63.498
94 5 3.961
94 54 71.937
95 18 90.38
95 21 60.224
95 22 66.467
95 42 55.241
95 0 55.988
96 87 47.095
96 79 56.179
96 42 2.398
96 88 3.695
96 92 33.866
97 66 36.083
97 13 51.085
97 20 23.846
97 41 44.773
97 53 9.997
98 7 61.248
98 17 22.538
98 79 76.643
98 0 93.901
98 97 58.45
99 16 67.516
99 94 2.577
99 41 51.796
99 26 93.194
99 14 93.607
