100
0 16 6.092
0 68 14.182
0 69 13.29
0 70 15.335
0 71 10.642
0 72 10.072
0 73 11.595
0 74 10.674
0 75 11.309
0 76 11.872
0 77 15.825
0 78 11.052
0 79 12.937
0 80 11.762
0 81 10.474
0 82 12.664
0 83 11.116
0 84 8.364
0 85 11.913
0 86 16.416
0 87 12.663
0 88 11.23
0 89 9.93
0 90 14.8
0 91 8.128
0 92 12.983
0 93 15.075
0 94 13.893
0 95 13.531
0 96 11.122
0 97 11.524
0 98 8.319
0 99 14.411
1 31 7.639
1 68 11.509
2 17 8.613
2 54 4.714
2 69 12.654
3 11 3.216
3 70 9.198
4 54 7.095
4 44 11.473
4 71 14.258
5 31 5.817
5 72 15.462
6 41 9.033
7 55 6.641
7 19 9.128
7 57 9.612
7 28 5.605
7 73 12.032
8 25 9.314
8 34 10.181
8 52 5.367
8 74 11.293
9 39 6.05
9 75 11.969
10 29 6.323
10 76 8.985
11 30 8.216
11 19 6.618
11 77 10.861
12 46 6.618
13 36 4.145
13 27 5.096
13 51 5.113
13 78 15.579
14 33 5.986
14 31 4.74
14 79 11.614
15 16 4.125
16 35 9.002
17 80 10.337
18 32 9.072
18 81 13.361
19 44 7.016
20 33 9.551
20 82 13.584
21 59 5.495
21 66 4.953
22 37 4.065
22 23 6.984
22 83 13.735
23 32 4.433
23 84 12.322
24 65 5.073
24 63 3.213
25 60 9.46
26 31 8.079
26 64 4.528
26 85 11.787
27 40 10.078
27 86 10.975
28 29 7.276
28 67 6.573
28 87 10.851
30 88 15.139
31 89 11.467
32 53 6.572
32 51 5.619
32 54 5.431
32 90 12.462
33 91 12.872
34 61 7.772
34 41 9.811
35 52 8.555
36 92 13.479
37 43 5.86
37 42 10.041
37 52 4.227
37 93 9.806
38 64 6.981
38 58 8.512
39 56 5.605
39 40 10.664
39 94 11.284
40 95 13.06
41 62 7.704
41 63 8.113
41 96 10.985
42 46 4.16
42 97 13.394
44 49 8.751
45 50 11.954
47 49 4.686
47 98 11.163
48 51 9.411
48 99 11.771
50 67 8.472
57 66 4.727
58 59 5.049