100
0 37 54.272
0 50 92.003
0 73 23.664
0 81 45.198
1 41 79.923
1 73 1.296
1 80 40.553
1 89 9.076
1 95 35.406
2 19 53.305
2 29 59.08
2 43 43.944
2 57 73.181
3 12 82.855
3 28 63.136
3 39 73.354
3 57 37.581
3 83 75.95
3 87 67.963
4 22 3.984
4 47 17.243
4 62 68.053
4 77 26.806
5 9 83.167
5 18 73.72
5 27 0.478
5 32 54.613
5 55 92.008
5 67 32.28
6 21 61.694
6 26 15.704
6 48 58.617
6 82 49.817
6 88 56.11
6 92 30.134
7 23 19.945
7 25 89.979
7 36 74.912
7 52 88.205
7 95 22.617
8 22 6.857
8 40 47.688
8 47 49.192
8 89 38.531
8 94 62.577
9 31 25.013
9 34 35.125
9 42 32.66
9 46 96.014
9 65 6.938
10 21 48.658
10 60 94.899
10 64 5.548
10 68 41.762
10 82 67.947
10 83 50.498
10 87 25.941
11 22 80.264
11 24 82.303
11 25 91.624
11 62 61.923
11 71 17.583
11 72 60.651
12 56 10.802
12 59 60.565
12 66 30.658
12 74 20.132
13 33 39.067
13 40 4.121
13 50 84.451
13 89 56.91
14 15 66.852
14 43 25.931
14 53 61.378
14 57 85.013
14 68 10.892
14 83 44.07
14 93 48.966
15 37 0.437
15 51 25.832
15 56 40.796
15 74 38.42
15 81 18.592
16 38 31.561
16 44 34.164
16 61 61.954
16 69 68.687
16 91 75.731
16 99 68.856
17 18 0.356
17 23 55.756
17 41 48.215
17 94 77.169
17 98 6.119
18 35 37.584
18 46 29.615
18 61 15.734
18 69 31.872
19 27 74.834
19 49 29.76
19 98 66.182
20 50 44.755
20 66 49.289
20 75 25.449
21 33 28.816
21 50 3.779
21 56 7.594
21 66 59.931
21 81 51.609
22 34 16.685
22 65 42.541
22 86 47.782
23 44 0.887
23 69 88.616
23 76 39.567
24 28 61.239
24 39 85.715
24 42 59.598
24 65 94.184
24 76 5.91
25 53 29.942
25 76 76.636
25 93 77.791
26 33 45.451
26 40 73.126
26 52 18.67
26 54 43.629
26 71 93.553
27 45 77.137
28 49 80.444
28 59 58.723
28 62 22.753
28 96 97.21
29 41 80.853
29 58 21.348
29 67 21.15
29 80 21.974
29 97 7.992
30 47 66.748
30 75 99.632
30 94 12.407
30 96 20.015
30 98 61.085
31 67 60.446
31 97 51.117
32 42 9.09
32 69 74.436
32 76 53.682
32 91 45.438
33 38 16.668
33 60 51.8
33 78 67.651
33 99 85.519
34 40 24.826
34 55 17.138
34 71 25.069
34 77 4.53
35 40 52.301
35 52 76.201
35 55 68.074
36 68 60.569
36 82 64.945
36 88 29.302
36 90 94.188
36 93 70.502
37 43 59.964
37 45 3.946
37 70 38.076
38 52 69.547
38 81 32.616
38 95 31.989
39 58 6.643
39 72 35.274
39 85 14.48
39 97 47.238
40 46 15.468
41 44 84.092
41 61 38.287
41 79 19.586
42 54 53.107
42 59 31.434
42 71 34.74
43 73 43.075
43 80 8.297
44 58 2.383
44 63 75.256
44 85 9.651
44 95 74.44
45 51 9.968
45 55 58.581
45 77 1.022
46 54 66.574
46 75 58.588
46 94 40.064
47 64 0.24
47 82 6.548
47 90 99.355
48 54 14.968
48 59 96.524
48 66 46.462
48 75 65.091
48 84 96.329
48 96 70.597
49 57 96.633
49 76 77.409
49 93 83.919
50 64 91.468
51 88 10.455
51 92 82.853
51 93 85.739
52 69 60.183
52 88 21.444
53 58 91.02
53 72 90.508
53 80 89.338
53 95 8.988
54 69 13.649
54 99 57.233
55 70 30.229
56 78 30.095
56 83 98.023
56 92 88.562
57 58 35.945
57 63 85.74
57 74 25.6
58 76 39.15
58 91 87.821
59 92 35.679
60 72 36.953
60 85 55.838
60 89 20.422
60 95 38.576
61 67 55.982
62 82 81.804
62 83 3.99
62 92 35.031
62 93 86.297
63 68 77.141
63 87 28.51
64 73 94.204
64 89 14.052
65 94 67.987
65 97 44.306
66 87 22.722
66 99 94.027
67 70 68.479
67 91 41.311
68 73 21.479
68 81 15.292
68 95 22.075
69 84 34.665
70 80 8.92
71 78 12.142
71 92 7.157
72 78 70.149
72 83 19.545
72 86 15.413
73 90 38.447
74 91 75.786
77 92 28.693
79 85 37.461
79 89 19.329
79 94 25.171
79 97 56.014
80 86 79.153
81 88 63.207
82 96 58.68
84 88 16.74
85 87 97.728
85 99 38.491
86 89 32.747
86 97 5.151
87 96 0.753
90 98 90.925
