98 
0 2 99
0 1 33
0 3 33
0 7 1
0 91 1
1 2 99
1 94 99
2 5 99
2 3 99
2 4 99
2 6 99
2 9 2
2 93 2
3 8 99
4 5 33
5 6 33
7 9 99
7 8 33
7 10 33
7 14 1
8 9 99
9 12 99
9 10 99
9 11 99
9 13 99
9 16 2
10 15 99
11 12 33
12 13 33
14 16 99
14 15 33
14 17 33
14 21 1
15 16 99
16 19 99
16 17 99
16 18 99
16 20 99
16 23 2
17 22 99
18 19 33
19 20 33
21 23 99
21 22 33
21 24 33
21 28 1
22 23 99
23 26 99
23 24 99
23 25 99
23 27 99
23 30 2
24 29 99
25 26 33
26 27 33
28 30 99
28 29 33
28 31 33
28 35 1
29 30 99
30 33 99
30 31 99
30 32 99
30 34 99
30 37 2
31 36 99
32 33 33
33 34 33
35 37 99
35 36 33
35 38 33
35 42 1
36 37 99
37 40 99
37 38 99
37 39 99
37 41 99
37 44 2
38 43 99
39 40 33
40 41 33
42 44 99
42 43 33
42 45 33
42 49 1
43 44 99
44 47 99
44 45 99
44 46 99
44 48 99
44 51 2
45 50 99
46 47 33
47 48 33
49 51 99
49 50 33
49 52 33
49 56 1
50 51 99
51 54 99
51 52 99
51 53 99
51 55 99
51 58 2
52 57 99
53 54 33
54 55 33
56 58 99
56 57 33
56 59 33
56 63 1
57 58 99
58 61 99
58 59 99
58 60 99
58 62 99
58 65 2
59 64 99
60 61 33
61 62 33
63 65 99
63 64 33
63 66 33
63 70 1
64 65 99
65 68 99
65 66 99
65 67 99
65 69 99
65 72 2
66 71 99
67 68 33
68 69 33
70 72 99
70 71 33
70 73 33
70 77 1
71 72 99
72 75 99
72 73 99
72 74 99
72 76 99
72 79 2
73 78 99
74 75 33
75 76 33
77 79 99
77 78 33
77 80 33
77 84 1
78 79 99
79 82 99
79 80 99
79 81 99
79 83 99
79 86 2
80 85 99
81 82 33
82 83 33
84 86 99
84 85 33
84 87 33
84 91 1
85 86 99
86 89 99
86 87 99
86 88 99
86 90 99
86 93 2
87 92 99
88 89 33
89 90 33
91 93 99
91 92 33
91 94 33
92 93 99
93 96 99
93 94 99
93 95 99
93 97 99
95 96 33
96 97 33
