100
0 1 40
0 10 41
1 11 42
10 11 43
1 2 44
11 22 45
10 20 46
2 12 47
12 22 48
21 22 49
20 21 50
2 3 51
12 13 52
22 23 53
22 33 54
22 32 55
21 31 56
20 30 57
3 13 58
30 31 59
3 4 60
13 14 61
23 24 62
33 34 63
33 43 64
32 42 65
31 41 66
30 40 67
4 14 68
14 24 69
24 34 70
34 44 71
43 44 72
42 43 73
41 42 74
40 41 75
40 50 20
94 95 22
49 59 24
4 5 26
42 52 50
74 75 52
47 57 54
24 25 56
44 54 90
54 55 92
45 55 94
44 45 96
9 8 40
8 7 41
7 6 42
6 5 43
9 19 44
19 29 45
29 39 46
39 49 47
8 18 48
18 19 49
18 27 50
7 17 51
6 16 52
5 15 53
17 16 54
15 16 55
17 27 56
15 25 57
29 28 58
39 38 59
49 48 60
28 38 61
38 48 62
29 27 63
48 47 64
27 26 65
26 25 66
27 36 67
27 37 68
37 47 69
25 35 70
35 45 71
34 35 72
34 44 73
47 46 74
46 45 75
98 99 40
98 88 40
88 89 40
89 99 40
98 97 47
88 77 47
89 79 47
97 87 54
87 77 54
77 78 54
78 79 54
69 79 61
68 78 61
67 77 61
77 66 61
77 76 61
87 86 61
96 97 61
96 86 61
69 68 61
95 96 68
85 86 68
75 76 68
65 66 68
56 66 68
57 67 68
58 68 68
59 69 68
85 95 75
75 85 75
65 75 75
55 65 75
55 56 75
56 57 75
57 58 75
58 59 75
90 91 40
91 92 40
90 80 40
70 80 40
81 91 40
80 81 40
81 72 40
92 93 55
93 94 55
74 84 55
84 94 55
82 83 55
83 84 55
83 93 55
50 60 55
60 70 55
50 51 55
51 52 55
51 61 55
61 71 55
60 61 55
72 63 70
63 64 70
53 63 70
54 64 70
64 74 70
52 53 70
53 54 70
70 71 85
71 72 85
72 73 85
73 74 85
52 62 85
62 72 85
72 82 85
82 92 85