99
0 1 3.81
0 2 5.468
0 3 5.46
0 4 4.989
0 5 3.564
0 6 5.507
0 7 6.664
0 8 5.769
0 9 2.944
0 10 5.765
0 11 2.931
0 12 2.807
0 13 5.574
0 14 7.018
0 15 5.005
0 16 6.198
0 17 6.201
0 18 6.021
0 19 4.614
0 20 5.507
0 21 4.763
0 22 5.069
0 23 3.999
0 24 4.726
0 25 2.867
0 26 4.788
0 27 4.498
0 28 5.155
0 29 4.131
0 30 4.03
0 31 6.198
0 32 5.53
0 33 4.206
0 34 4.324
1 2 5.495
1 3 5.633
1 4 4.183
1 5 2.99
1 6 5.1
1 7 3.643
1 8 5.224
1 9 5.22
1 10 7.164
1 11 3.851
1 12 6.264
1 13 4.867
1 14 5.141
1 15 5.028
1 16 7.504
1 17 3.563
1 18 4.05
1 19 5.145
1 20 4.843
1 21 4.822
1 22 5.933
1 23 4.546
1 24 6.519
1 25 4.061
1 26 4.281
1 27 4.345
1 28 3.855
1 29 5.2
1 30 5.277
1 31 5.047
1 32 5.165
1 35 3.332
1 36 3.597
2 3 4.87
2 4 5.667
2 5 4.481
2 6 4.899
2 7 3.407
2 8 4.705
2 9 4.234
2 10 5.349
2 11 6.917
2 12 5.528
2 13 4.643
2 14 4.644
2 15 5.429
2 16 5.122
2 17 6.124
2 18 5.762
2 19 5.362
2 20 5.965
2 21 5.772
2 22 5.794
2 23 4.967
2 24 4.367
2 25 5.305
2 26 3.254
2 27 5.492
2 28 4.512
2 29 4.359
2 30 3.701
2 31 6.881
2 32 4.04
2 37 3.461
2 38 3.191
3 4 3.861
3 5 6.312
3 6 6.1
3 7 4.59
3 8 5.382
3 9 5.742
3 10 5.597
3 11 6.197
3 12 4.397
3 13 5.235
3 14 4.905
3 15 3.951
3 16 5.559
3 17 4.868
3 18 4.544
3 19 5.431
3 20 3.893
3 21 5.072
3 22 4.715
3 23 3.461
3 24 6.448
3 25 4.236
3 26 4.81
3 27 5.749
3 28 3.975
3 29 3.682
3 30 4.442
3 31 4.291
3 32 3.471
3 39 2.193
3 40 2.645
4 5 4.669
4 6 5.126
4 7 3.868
4 8 4.694
4 9 2.824
4 10 3.304
4 11 5.496
4 12 2.901
4 13 4.9
4 14 5.456
4 15 6.271
4 16 5.728
4 17 3.874
4 18 4.159
4 19 4.76
4 20 2.78
4 21 4.144
4 22 5.749
4 23 4.761
4 24 6.647
4 25 3.395
4 26 5.629
4 27 4.653
4 28 4.165
4 29 4.428
4 30 6.258
4 31 5.06
4 32 4.789
4 41 2.522
4 42 3.546
5 6 3.042
5 7 3.652
5 8 5.263
5 9 6.511
5 10 4.476
5 11 4.302
5 12 6.714
5 13 4.529
5 14 2.766
5 15 3.856
5 16 5.389
5 17 5.343
5 18 6.12
5 19 4.68
5 20 4.458
5 21 4.169
5 22 6.137
5 23 4.445
5 24 5.679
5 25 6.072
5 26 3.199
5 27 3.987
5 28 3.009
5 29 5.86
5 30 5.647
5 31 4.67
5 32 4.114
5 43 4.299
5 44 1.937
6 7 5.952
6 8 6.461
6 9 3.341
6 10 5.554
6 11 5.416
6 12 5.469
6 13 5.755
6 14 4.07
6 15 6.561
6 16 5.447
6 17 5.362
6 18 5.172
6 19 6.321
6 20 4.993
6 21 4.465
6 22 5.192
6 23 4.938
6 24 5.39
6 25 5.405
6 26 3.849
6 27 3.808
6 28 5.257
6 29 5.54
6 30 4.123
6 31 3.332
6 32 6.772
6 45 3.409
6 46 4.282
7 8 3.744
7 9 3.99
7 10 4.681
7 11 2.911
7 12 6.126
7 13 4.856
7 14 6.083
7 15 7.034
7 16 5.664
7 17 5.621
7 18 5.911
7 19 6.828
7 20 4.166
7 21 5.872
7 22 6.128
7 23 4.591
7 24 5.108
7 25 5.072
7 26 6.604
7 27 7.581
7 28 4.72
7 29 7.096
7 30 4.013
7 31 4.266
7 32 5.719
7 47 2.777
7 48 1.566
8 9 5.323
8 10 5.362
8 11 4.763
8 12 4.995
8 13 6.602
8 14 5.176
8 15 4.819
8 16 4.423
8 17 5.457
8 18 2.547
8 19 4.956
8 20 4.218
8 21 5.251
8 22 4.577
8 23 3.064
8 24 3.019
8 25 5.748
8 26 3.997
8 27 4.819
8 28 4.097
8 29 4.348
8 30 5.229
8 31 5.864
8 32 5.041
8 49 2.337
8 50 3.535
9 10 6.4
9 11 3.116
9 12 5.616
9 13 4.627
9 14 5.777
9 15 4.559
9 16 3.628
9 17 7.049
9 18 3.471
9 19 5.685
9 20 6.404
9 21 5.094
9 22 2.469
9 23 5.972
9 24 5.555
9 25 5.567
9 26 6.381
9 27 5.665
9 28 6.579
9 29 5.932
9 30 4.7
9 31 5.282
9 32 5.856
9 51 1.277
9 52 2.021
10 11 4.433
10 12 4.659
10 13 5.023
10 14 6.158
10 15 4.697
10 16 6.309
10 17 5.775
10 18 4.59
10 19 4.669
10 20 5.304
10 21 4.153
10 22 5.781
10 23 5.645
10 24 5.478
10 25 3.823
10 26 4.502
10 27 6.042
10 28 4.074
10 29 4.821
10 30 6.446
10 31 4.22
10 32 5.313
10 53 5.262
10 54 3.698
11 12 5.003
11 13 4.719
11 14 4.605
11 15 5.376
11 16 4.089
11 17 4.42
11 18 3.873
11 19 4.864
11 20 4.42
11 21 5.17
11 22 5.264
11 23 5.352
11 24 4.641
11 25 5.129
11 26 3.484
11 27 3.816
11 28 5.472
11 29 6.41
11 30 4.406
11 31 6.046
11 32 4.384
11 55 2.952
11 56 2.935
12 13 6.025
12 14 4.079
12 15 4.681
12 16 7.086
12 17 5.302
12 18 4.606
12 19 6.716
12 20 6.867
12 21 4.364
12 22 5.027
12 23 4.883
12 24 5.864
12 25 4.768
12 26 3.256
12 27 2.479
12 28 6.841
12 29 3.761
12 30 5.77
12 31 7.945
12 32 4.659
12 57 2.872
12 58 3.786
13 14 5.55
13 15 4.088
13 16 5.223
13 17 4.716
13 18 4.892
13 19 7.095
13 20 3.258
13 21 5.059
13 22 6.042
13 23 6.246
13 24 6.144
13 25 4.062
13 26 6.239
13 27 5.412
13 28 7.204
13 29 4.881
13 30 4.125
13 31 5.068
13 32 5.264
13 59 2.137
13 60 2.8
14 15 5.288
14 16 4.609
14 17 5.402
14 18 4.152
14 19 4.61
14 20 5.65
14 21 4.751
14 22 3.508
14 23 5.071
14 24 4.072
14 25 4.428
14 26 2.892
14 27 4.731
14 28 5.211
14 29 5.363
14 30 3.47
14 31 3.85
14 32 5.818
14 61 3.441
14 62 4.753
15 16 7.316
15 17 4.352
15 18 5.692
15 19 6.305
15 20 3.807
15 21 3.45
15 22 5.878
15 23 7.149
15 24 4.417
15 25 4.334
15 26 4.309
15 27 4.447
15 28 6.45
15 29 4.39
15 30 5.611
15 31 5.593
15 32 5.013
15 63 1.728
15 64 2.481
16 17 3.644
16 18 4.94
16 19 6.02
16 20 6.238
16 21 5.196
16 22 4.58
16 23 5.956
16 24 4.318
16 25 4.463
16 26 5.496
16 27 4.423
16 28 5.603
16 29 6.026
16 30 4.721
16 31 4.458
16 32 4.253
16 65 2.299
16 66 2.457
17 18 6.082
17 19 3.832
17 20 6.235
17 21 5.087
17 22 6.565
17 23 4.307
17 24 3.903
17 25 6.209
17 26 4.538
17 27 4.011
17 28 4.831
17 29 6.123
17 30 6.142
17 31 6.17
17 32 5.119
17 67 3.168
17 68 1.521
18 19 4.756
18 20 6.063
18 21 5.057
18 22 4.76
18 23 5.597
18 24 7.242
18 25 4.029
18 26 6.101
18 27 4.616
18 28 4.669
18 29 2.934
18 30 4.311
18 31 6.027
18 32 5.732
18 69 2.83
18 70 1.565
19 20 6.26
19 21 6.7
19 22 5.506
19 23 4.259
19 24 4.493
19 25 5.133
19 26 6.454
19 27 5.406
19 28 3.064
19 29 4.934
19 30 5.077
19 31 4.579
19 32 5.461
19 71 3.087
19 72 5.248
20 21 6.955
20 22 6.233
20 23 3.923
20 24 5.825
20 25 2.562
20 26 4.384
20 27 5.506
20 28 5.457
20 29 6.005
20 30 4.723
20 31 4.887
20 32 4.236
20 73 2.667
20 74 3.636
21 22 4.46
21 23 5.534
21 24 4.062
21 25 6.528
21 26 5.856
21 27 6.894
21 28 5.399
21 29 5.1
21 30 6.418
21 31 6.142
21 32 6.586
21 75 4.272
21 76 2.602
22 23 4.32
22 24 2.17
22 25 4.797
22 26 7.434
22 27 6.04
22 28 6.109
22 29 5.875
22 30 3.352
22 31 5.677
22 32 4.834
22 77 2.967
22 78 4.7
23 24 4.098
23 25 6.449
23 26 2.834
23 27 2.482
23 28 5.322
23 29 5.201
23 30 4.517
23 31 6.338
23 32 6.133
23 79 2.911
23 80 3.264
24 25 5.365
24 26 5.817
24 27 6.124
24 28 5.13
24 29 5.56
24 30 5.985
24 31 4.694
24 32 3.881
24 81 4.131
24 82 2.059
25 26 5.383
25 27 6.021
25 28 4.362
25 29 6.63
25 30 3.118
25 31 4.268
25 32 4.305
25 83 2.984
25 84 2.31
26 27 5.519
26 28 5.047
26 29 4.837
26 30 3.358
26 31 5.807
26 32 6.438
26 85 3.071
26 86 1.993
27 28 4.48
27 29 3.513
27 30 4.769
27 31 5.468
27 32 6.218
27 87 2.124
27 88 2.809
28 29 5.967
28 30 3.96
28 31 3.664
28 32 5.229
28 89 4.693
28 90 3.213
29 30 4.805
29 31 5.184
29 32 5.991
29 91 1.973
29 92 1.551
30 31 4.26
30 32 3.615
30 93 1.725
30 94 4.604
31 32 5.513
31 95 2.842
31 96 1.874
32 97 2.424
32 98 3.246
33 35 3.7
34 36 3.546
37 39 3.845
38 40 2.223
41 43 2.391
42 44 2.334
45 47 2.421
46 48 2.817
49 51 2.231
50 52 3.55
53 55 3.052
54 56 2.969
57 59 3.405
58 60 2.764
61 63 2.5
62 64 1.779
65 67 3.942
66 68 2.483
69 71 4.061
70 72 1.699
73 75 4.17
74 76 2.892
77 79 3.096
78 80 3.134
81 83 2.081
82 84 2.857
85 87 6.082
86 88 3.452
89 91 2.785
90 92 2.779
93 95 4.067
94 96 2.019