72
0 12 79.76
0 13 87.904
0 14 97.917
0 1 11.002
0 11 7.571
12 14 1.245
1 15 91.179
1 16 83.164
1 2 3.427
15 16 6.781
2 17 78.299
2 18 90.85
2 19 75.169
2 20 90.887
2 21 86.91
2 3 9.22
19 20 27.345
3 22 78.181
3 23 84.315
3 24 85.053
3 25 86.192
3 26 97.392
3 27 84.821
3 4 26.647
24 25 26.884
4 28 95.604
4 29 89.311
4 30 95.663
4 31 84.786
4 5 3.183
28 29 25.944
5 32 83.74
5 33 93.688
5 34 87.601
5 35 77.648
5 36 96.849
5 37 81.631
5 38 86.052
5 6 27.079
35 38 18.699
6 39 93.172
6 40 95.357
6 41 92.138
6 42 93.995
6 43 93.26
6 7 28.35
40 41 26.321
7 44 80.426
7 45 98.713
7 46 85.938
7 47 84.785
7 48 88.766
7 49 94.313
7 50 96.362
7 8 27.787
44 49 21.816
8 51 76.435
8 52 82.323
8 53 97.603
8 54 87.569
8 55 76.021
8 9 20.752
53 54 18.881
9 56 89.083
9 57 90.176
9 58 96.942
9 59 83.536
9 60 78.306
9 61 80.905
9 62 90.676
9 10 16.719
57 58 24.897
10 63 79.873
10 64 93.278
10 65 89.134
10 66 75.332
10 11 8.732
64 65 23.858
11 67 90.297
11 68 78.507
11 69 88.152
11 70 87.662
11 71 85.668
67 70 22.877