100
0 2 91
0 5 85
0 54 70
0 56 18
0 59 31
0 71 50
0 78 62
0 87 99
0 89 70
1 30 71
1 37 75
1 63 36
1 66 56
1 70 37
1 94 11
2 7 86
2 10 52
2 55 24
2 62 17
2 69 79
2 85 28
3 7 26
3 15 34
3 84 44
4 43 78
4 54 49
4 85 75
5 20 20
5 38 4
5 50 72
5 59 38
5 92 80
6 16 80
6 48 68
6 54 63
6 62 97
6 63 43
6 65 47
6 94 44
6 98 70
6 99 75
7 92 16
8 23 2
8 52 75
8 72 78
8 78 73
8 85 54
8 98 50
9 19 26
9 27 5
9 37 70
9 44 62
9 65 65
9 76 13
10 19 59
10 30 81
10 56 72
10 66 91
10 81 25
10 88 44
11 36 12
11 40 91
11 63 5
11 70 71
12 23 48
12 34 84
12 38 71
12 40 99
12 55 36
12 56 80
12 75 17
12 83 95
13 16 64
13 29 35
13 30 95
13 38 15
13 51 36
13 61 33
13 65 89
13 85 36
13 97 87
14 22 30
14 24 82
14 41 18
14 51 15
14 67 81
15 47 53
15 65 38
15 96 32
16 18 76
16 60 78
16 66 68
16 67 47
16 76 78
17 21 49
17 28 6
17 34 27
17 36 42
17 46 7
17 53 55
17 63 93
17 68 52
17 82 92
17 90 88
18 34 61
18 46 79
18 54 13
18 56 78
18 67 87
18 77 30
18 97 61
19 23 22
19 42 31
19 72 80
19 85 65
19 95 26
19 96 11
20 36 49
20 42 47
20 47 90
20 60 90
20 62 75
21 43 34
21 63 53
21 68 40
21 69 98
21 73 64
21 83 62
22 23 70
22 27 6
22 65 47
22 67 90
22 68 71
22 72 81
22 79 12
22 80 54
22 86 62
23 25 24
24 37 20
24 49 64
24 53 83
24 56 66
24 62 49
24 94 48
24 98 77
25 26 89
25 34 33
25 61 20
25 81 27
25 85 36
25 95 57
26 28 73
26 41 29
26 56 25
26 96 72
27 30 47
27 41 14
27 48 75
27 56 28
27 74 8
28 72 82
28 74 6
28 89 29
30 31 51
30 54 28
30 61 60
30 63 89
30 74 34
30 78 8
30 88 61
30 95 44
31 45 12
31 69 6
31 81 34
31 95 55
32 36 75
32 50 78
32 51 70
32 52 58
32 56 4
32 62 84
32 69 70
32 94 79
33 39 97
33 60 57
33 63 72
33 92 14
33 93 48
34 42 23
34 44 47
34 70 37
34 73 65
34 90 56
34 97 38
35 41 58
35 48 63
35 82 1
35 84 57
35 93 70
36 45 18
36 69 29
36 83 60
36 92 37
37 46 58
37 52 79
37 54 42
37 86 81
37 89 91
37 94 43
38 76 88
39 42 82
39 52 98
39 61 99
39 65 15
39 97 98
40 46 54
40 52 51
40 75 54
40 87 60
40 98 9
41 48 47
41 72 63
41 76 55
41 91 46
41 96 39
42 55 31
42 69 54
42 94 25
43 45 53
43 61 99
43 73 14
43 77 88
43 94 36
43 98 5
44 51 14
44 57 37
44 60 11
44 65 96
44 80 65
44 92 99
45 65 58
45 70 46
45 76 46
45 78 83
45 79 91
45 84 56
45 91 70
46 54 78
46 55 34
46 63 55
47 64 72
47 78 21
48 50 13
48 77 46
48 78 70
48 85 84
49 61 59
49 63 12
49 83 5
49 84 73
49 93 72
50 61 30
50 65 42
50 73 20
50 87 89
50 91 88
50 92 39
51 53 57
51 80 54
51 98 58
52 53 39
52 57 23
52 84 38
52 86 97
53 63 6
53 66 48
54 55 2
54 56 79
54 75 13
55 88 88
55 98 1
56 88 99
57 60 85
57 62 58
57 71 26
57 96 52
58 66 96
58 81 74
59 68 68
60 62 81
60 74 20
60 86 41
60 91 9
61 65 98
61 72 41
61 78 22
61 88 71
62 80 7
63 91 56
63 96 84
64 71 92
64 78 84
64 80 69
65 93 96
67 82 41
67 84 42
68 73 60
68 80 49
68 88 97
69 72 94
70 72 18
70 82 42
70 91 18
70 92 57
70 95 31
71 76 97
71 78 20
71 83 83
71 95 85
72 79 51
72 87 6
72 96 39
73 78 64
73 79 14
73 83 59
74 82 49
74 87 85
75 76 8
75 80 43
75 91 58
75 94 52
76 92 4
77 87 69
78 88 51
79 84 23
79 85 67
79 94 7
80 88 49
81 94 49
81 97 86
82 86 2
82 91 61
82 96 19
82 97 18
83 89 90
83 97 43
84 86 80
84 91 13
85 95 31
88 96 65
89 91 9
89 97 49
90 99 61
91 93 10
93 95 60
93 97 43