100
0 4 11.417
0 21 7.012
0 26 13.016
0 27 10.218
0 28 12.254
0 29 10.68
0 30 12.322
0 31 12.848
0 32 13.636
0 33 14.376
0 34 9.951
0 35 12.085
0 36 13.809
0 37 13.839
0 38 11.065
0 39 12.186
0 40 13.138
0 41 10.637
0 42 8.915
0 43 7.606
0 44 15.183
0 45 10.76
0 46 13.412
0 47 11.002
1 2 5.017
1 26 13.222
1 48 11.233
1 49 9.547
1 50 12.14
1 51 9.65
1 52 13.189
1 53 11.711
1 54 9.959
1 55 14.81
1 56 14.537
1 57 11.746
1 58 12.421
1 59 11.187
1 60 16.139
1 61 11.357
1 62 11.324
1 63 10.047
1 64 13.549
1 65 13.119
2 3 6.162
2 9 10.211
2 27 14.125
2 66 13.036
2 67 9.783
2 68 10.115
2 69 14.454
2 70 11.494
2 71 12.401
2 72 12.172
2 73 13.516
2 74 10.536
2 75 11.769
2 76 11.77
2 77 10.856
2 78 11.602
2 79 9.277
2 80 11.502
2 81 14.806
2 82 11.911
2 83 11.663
2 84 13.831
3 6 9.236
3 28 16.825
3 48 10.657
3 66 11.546
3 85 10.449
3 86 12.771
3 87 12.226
3 88 12.824
3 89 11.086
3 90 14.059
3 91 12.405
3 92 9.95
3 93 14.441
3 94 10.23
3 95 11.313
3 96 12.773
3 97 14.254
3 98 11.074
3 99 13.033
4 9 9.832
4 10 4.049
4 29 9.665
4 67 10.276
5 7 7.821
5 22 3.785
5 49 12.66
5 68 12.007
6 30 14.418
6 50 8.242
6 69 13.786
6 85 12.477
7 31 11.991
7 51 10.529
7 70 15.497
7 86 10.807
8 16 7.343
8 32 9.844
8 52 11.497
8 71 11.476
9 33 14.636
9 53 10.241
9 72 13.055
10 34 12.4
10 54 14.104
10 73 11.422
10 87 10.153
11 13 9.448
11 35 7.258
11 55 12.391
11 74 13.528
11 88 16.368
12 15 5.616
12 25 4.382
12 36 14.44
13 24 8.789
13 37 14.819
13 56 9.933
13 89 11.937
14 19 7.623
14 90 13.031
15 16 6.691
15 19 8.477
15 38 11.268
15 57 12.763
15 75 14.341
15 91 9.833
16 58 9.458
16 76 15.672
16 92 12.987
17 20 5.438
17 39 14.252
17 59 13.991
17 77 12.838
18 23 6.125
18 22 7.848
18 40 11.407
18 78 11.548
18 93 13.056
19 41 12.813
19 60 13.359
19 79 11.473
19 94 13.609
20 25 6.644
20 42 14.244
20 80 9.913
20 95 12.857
21 23 10.005
21 43 9.935
21 61 13.672
21 81 9.556
21 96 10.216
22 25 9.751
22 44 12.563
22 62 13.931
22 82 14.639
22 97 10.769
23 45 9.99
23 63 12.867
23 83 11.398
23 98 11.529
24 25 7.305
24 46 13.341
24 64 11.205
24 84 12.702
24 99 10.348
25 47 14.917
25 65 14.506