100
0 8 8.089
0 27 12.05
0 28 12.514
0 29 12.181
0 30 11.58
0 31 11.139
0 32 16.594
0 33 12.365
0 34 12.033
0 35 11.006
0 36 10.88
0 37 14.903
0 38 9.306
0 39 10.316
0 40 13.635
0 41 13.776
0 42 11.328
0 43 11.076
0 44 15.024
0 45 8.599
0 46 9.948
1 16 7.953
1 12 5.421
1 27 11.473
1 47 18.485
1 48 14.443
1 49 14.224
1 50 12.983
1 51 10.915
1 52 13.102
1 53 11.892
1 54 12.594
1 55 15.048
1 56 12.689
1 57 11.209
1 58 16.346
1 59 12.7
1 60 9.748
1 61 11.024
1 62 11.167
1 63 11.556
2 3 6.532
2 22 8.343
2 28 13.686
2 47 10.045
2 64 13.212
2 65 12.138
2 66 11.643
2 67 11.01
2 68 14.518
2 69 10.247
2 70 10.156
2 71 14.38
2 72 13.955
2 73 11.092
2 74 10.893
2 75 13.183
2 76 13.832
2 77 11.155
2 78 14.479
2 79 11.676
2 80 11.074
3 15 4.995
3 9 4.601
3 29 11.176
3 48 7.332
3 64 13.963
3 81 10.535
3 82 14.287
3 83 10.062
3 84 14.184
3 85 11.423
3 86 13.073
3 87 11.959
3 88 14.93
3 89 11.405
3 90 8.515
3 91 13.923
3 92 14.283
3 93 13.609
3 94 15.229
3 95 12.936
3 96 8.491
3 97 8.659
3 98 11.237
3 99 9.848
4 16 7.299
4 30 11.466
4 49 14.099
4 65 12.59
5 19 5.426
5 31 7.726
5 50 12.639
5 66 12.819
5 81 12.078
6 18 9.111
6 12 5.281
6 32 9.393
6 67 13.107
6 82 13.627
7 8 9.01
7 83 10.62
8 12 5.192
8 33 9.825
8 68 13.407
8 84 14.0
9 20 7.018
9 51 11.195
9 85 11.36
10 23 7.539
10 14 7.958
10 52 11.925
11 14 4.653
11 34 12.604
11 53 11.018
11 69 11.031
11 86 16.582
12 26 8.34
12 35 11.447
13 14 2.833
13 87 16.23
14 17 7.464
14 36 12.851
14 88 13.436
15 19 8.994
15 37 12.737
15 70 10.971
15 89 12.483
16 38 12.422
16 54 13.426
16 71 11.906
16 90 10.943
17 25 5.177
17 20 10.623
17 55 11.025
17 72 13.708
17 91 13.633
18 39 10.952
18 73 12.957
18 92 13.986
19 40 12.344
19 56 9.192
19 74 12.08
19 93 8.718
20 41 10.807
20 57 12.304
20 75 10.56
20 94 11.713
21 22 7.304
21 42 11.86
21 58 12.078
21 76 13.513
21 95 13.931
22 24 9.494
22 43 13.519
22 59 11.883
22 77 14.054
22 96 14.682
23 60 7.311
23 78 11.882
23 97 15.548
24 26 6.137
24 44 12.851
24 61 11.686
24 98 13.755
25 45 9.172
25 62 11.54
25 79 13.258
26 46 11.923
26 63 13.265
26 80 12.636
26 99 12.546