100
90 52 10.532
52 6 69.837
6 63 63.495
63 12 32.941
12 61 45.494
61 37 31.316
37 16 54.433
16 22 89.629
22 27 94.477
27 76 13.42
76 15 66.217
15 30 96.485
30 62 32.69
62 96 19.687
96 14 1.148
14 7 92.561
7 74 98.785
74 87 95.834
87 39 50.631
39 46 76.85
46 45 49.031
45 92 79.694
92 86 91.198
86 89 64.552
89 44 8.693
44 60 85.625
60 94 93.361
94 57 96.328
57 23 58.738
23 72 83.821
72 83 97.534
83 38 88.068
38 68 64.402
68 81 48.938
81 19 92.896
19 18 92.202
18 28 33.336
28 5 84.82
5 8 54.811
8 13 56.852
13 67 86.259
67 79 37.582
79 41 87.815
41 10 61.384
10 59 71.569
59 85 25.623
85 91 94.459
91 11 27.945
11 71 98.385
71 31 47.362
31 17 5.31
17 21 67.204
21 99 68.664
99 48 17.268
48 34 51.547
34 65 3.626
65 25 2.619
25 53 36.154
53 2 23.213
2 4 75.46
4 3 73.682
3 36 30.272
36 95 5.815
95 42 90.177
42 93 1.439
93 35 76.411
35 26 11.979
26 82 53.347
82 97 49.841
97 47 47.031
47 24 9.985
24 58 52.521
58 1 34.549
1 20 57.256
20 66 2.882
66 0 69.585
0 70 75.989
70 55 45.626
55 32 8.76
32 51 32.977
51 33 12.69
33 40 96.459
40 43 56.801
43 80 80.047
80 78 75.221
78 54 92.172
54 50 14.438
50 64 28.536
64 56 74.511
56 84 16.814
84 88 42.085
88 29 16.401
29 98 33.187
98 69 71.835
69 77 8.232
77 73 19.592
73 9 55.458
9 49 22.196
49 75 58.752
23 71 37.043
92 78 70.598
45 76 24.422
73 66 52.396
5 22 44.476
78 85 39.969
82 68 85.94
38 16 56.702
74 89 11.805
23 44 53.055
15 42 64.155
41 38 13.729
69 31 75.822
39 40 58.172
38 56 3.746
82 17 62.81
20 22 34.152
99 12 28.29
86 61 57.45
92 80 62.074
69 42 97.522
53 0 73.53
47 78 78.105
67 2 55.862
37 71 85.386
33 57 37.852
11 44 80.156
38 89 70.274
56 5 74.882
84 46 46.588
90 82 75.604
56 27 97.991
21 14 12.449
76 21 54.851
50 1 73.036
98 23 6.152
14 33 88.039
20 3 97.167
97 18 72.197
37 93 86.976
64 56 63.789
97 31 91.262
17 9 10.913
48 7 66.12
66 59 71.171
15 88 4.992
66 19 63.931
63 68 31.343
70 7 24.444
66 87 30.861
34 39 26.813
59 73 88.233
52 11 84.899
21 31 95.659
89 1 84.292
6 38 40.501
41 90 79.51
37 0 3.387
78 76 95.704
23 84 76.902
57 25 51.797
27 16 42.047
48 66 94.604
37 25 43.652
17 13 64.889
52 2 43.852
17 5 80.596
39 30 8.061
25 37 62.609
56 39 65.533
84 80 15.476
49 61 39.753
23 96 68.195
96 2 52.44
27 38 36.404
65 44 41.14
20 77 68.379
73 47 96.178
11 43 77.3
11 40 33.762
80 59 83.254
31 1 85.502
78 71 27.687
15 68 5.65
37 40 80.306
50 94 82.81
76 84 96.241
44 96 8.838
93 61 27.954
18 48 51.424
84 39 22.469
64 44 96.21
94 16 71.318
71 14 66.884
21 94 9.605
74 76 61.063
4 75 29.698
68 20 50.385
92 88 59.475
87 24 85.8
88 30 62.908
94 52 25.678
22 76 93.169
77 18 80.721
76 75 30.876
85 52 74.607
57 73 70.503
16 67 95.404
24 6 27.809
10 17 68.424
38 17 65.527
47 15 62.817
26 88 95.076
58 98 18.496
26 6 75.835
96 9 71.391
9 70 46.861
47 55 47.678
53 76 88.456
47 8 5.712
86 96 6.851
1 45 8.139
1 0 9.493
69 34 75.195
53 13 37.389
48 67 39.117
78 21 12.044
88 83 1.444
33 93 76.794
28 10 67.988
59 29 20.513
7 40 27.979
93 51 1.845
36 13 59.696
0 87 10.561
99 39 65.829
35 77 76.204
52 49 1.118
77 6 76.354
30 7 61.828
99 31 59.074
28 23 6.669
1 3 42.702
54 47 92.096
57 91 95.585
73 16 17.815
0 69 65.547
83 92 82.09
9 0 54.745
12 45 42.238
65 75 77.073
19 5 48.635
98 22 43.077
59 1 9.083
27 56 82.359
0 10 7.362
47 10 59.872
45 58 41.527
78 87 16.205
98 99 54.874
6 95 25.415
98 46 87.846
45 53 91.956
46 19 65.914
27 25 39.649
72 8 89.663
19 71 14.366
95 29 60.077
44 57 15.624
84 68 88.504
1 51 5.318
49 78 55.388
64 3 70.124
48 42 60.158
4 16 13.356
23 6 29.901
1 10 6.113
88 37 83.762
76 28 16.716
7 56 40.864
10 77 18.027
77 41 59.527
6 26 54.676
32 40 88.024
15 22 33.655
69 96 70.962
27 35 13.567
76 98 34.364
36 16 17.39
37 99 76.031
30 67 7.323
86 89 22.783
25 14 39.536
30 13 71.807
97 10 43.903
70 93 24.367
51 38 17.365
88 98 92.742
27 0 49.041
51 20 34.949
