60
0 1 2.3
1 3 1.7
3 5 5.6
5 2 0.4
5 4 0.9
4 3 1.8
0 6 99.1
3 6 2.0
6 7 20.5
6 8 20.4
8 2 7.5
8 9 10.5
9 10 6.3
5 11 9.4
8 12 5.7
12 15 8.4
11 13 9.6
10 14 3.7
0 16 60.2
16 17 20.5
11 17 10.5
0 18 0.1
1 19 0.2
2 20 0.3
3 21 0.4
4 22 0.5
5 23 0.6
6 24 0.7
7 25 0.8
8 26 0.9
9 27 1.0
10 28 1.1
11 29 1.2
12 30 1.3
13 31 1.4
14 32 1.5
15 33 1.6
16 34 1.7
17 35 1.8
18 19 1.0
19 20 1.0
20 21 1.0
21 22 1.0
22 23 1.0
23 24 1.0
24 25 1.0
25 26 1.0
26 27 1.0
27 28 1.0
28 29 1.0
29 30 1.0
30 31 1.0
31 32 1.0
32 33 1.0
35 36 6.4
35 37 6.4
35 38 7.5
38 39 5.2
37 40 2.0
39 40 8.5
40 41 5.2
41 42 5.7
42 43 7.3
24 44 99.9
43 44 0.1
44 45 1.6
45 46 2.4
46 47 2.6
45 48 5.7
43 49 56.3
49 50 2.6
26 51 7.3
28 52 4.7
51 52 0.2
52 53 60.3
53 54 9.9
8 55 0.3
30 55 0.3
55 56 35.6
54 57 3.6
57 58 2.5
58 59 92.3
0 59 0.1
