99
0 1 2.753
0 2 3.512
0 3 6.78
0 4 3.405
0 5 4.529
0 6 5.262
0 7 6.185
0 8 5.337
0 9 3.526
0 10 4.637
0 11 5.623
0 12 5.457
0 13 6.338
0 14 5.38
0 15 4.762
0 16 5.366
0 17 3.28
0 18 4.658
0 19 4.914
0 20 2.821
0 21 5.28
0 22 6.904
0 23 5.53
0 24 5.308
0 25 4.578
0 26 5.34
0 27 4.65
0 28 5.199
0 29 6.123
0 30 3.656
0 31 4.306
0 32 5.29
0 33 2.115
0 34 3.797
1 2 5.597
1 3 3.548
1 4 3.447
1 5 4.501
1 6 5.137
1 7 5.44
1 8 7.595
1 9 5.41
1 10 5.753
1 11 4.346
1 12 4.449
1 13 3.326
1 14 4.969
1 15 4.664
1 16 4.933
1 17 3.901
1 18 5.145
1 19 5.431
1 20 2.512
1 21 6.079
1 22 4.072
1 23 6.664
1 24 4.172
1 25 3.509
1 26 5.758
1 27 5.746
1 28 5.244
1 29 4.612
1 30 5.244
1 31 4.619
1 32 6.082
1 35 2.842
1 36 1.303
2 3 4.736
2 4 4.323
2 5 5.289
2 6 6.388
2 7 4.807
2 8 4.949
2 9 4.668
2 10 5.964
2 11 4.755
2 12 7.573
2 13 4.697
2 14 4.185
2 15 5.734
2 16 4.865
2 17 3.705
2 18 5.867
2 19 4.268
2 20 4.437
2 21 3.861
2 22 4.593
2 23 6.761
2 24 3.859
2 25 4.974
2 26 4.003
2 27 4.907
2 28 4.083
2 29 5.582
2 30 6.844
2 31 5.169
2 32 3.794
2 37 1.705
2 38 3.298
3 4 5.203
3 5 4.382
3 6 5.38
3 7 5.51
3 8 2.086
3 9 6.19
3 10 6.979
3 11 4.777
3 12 3.313
3 13 4.803
3 14 3.705
3 15 5.125
3 16 5.049
3 17 4.147
3 18 4.331
3 19 4.861
3 20 5.667
3 21 6.716
3 22 5.791
3 23 5.186
3 24 5.709
3 25 5.28
3 26 3.797
3 27 5.665
3 28 5.142
3 29 4.754
3 30 3.463
3 31 4.724
3 32 4.53
3 39 0.962
3 40 2.564
4 5 5.316
4 6 3.224
4 7 4.973
4 8 5.536
4 9 4.278
4 10 5.041
4 11 3.589
4 12 5.533
4 13 5.361
4 14 4.674
4 15 6.169
4 16 3.95
4 17 4.569
4 18 6.111
4 19 6.502
4 20 5.612
4 21 4.747
4 22 5.668
4 23 6.067
4 24 3.875
4 25 5.14
4 26 4.927
4 27 4.797
4 28 4.848
4 29 3.369
4 30 6.131
4 31 3.388
4 32 4.193
4 41 1.098
4 42 4.392
5 6 4.0
5 7 4.55
5 8 7.632
5 9 5.144
5 10 4.046
5 11 4.822
5 12 5.005
5 13 5.294
5 14 4.736
5 15 4.513
5 16 3.889
5 17 5.377
5 18 6.077
5 19 3.041
5 20 5.963
5 21 3.662
5 22 5.152
5 23 4.971
5 24 7.623
5 25 3.625
5 26 6.774
5 27 4.147
5 28 4.115
5 29 2.953
5 30 7.074
5 31 4.359
5 32 3.964
5 43 3.392
5 44 6.03
6 7 5.398
6 8 6.398
6 9 4.394
6 10 5.856
6 11 5.942
6 12 5.973
6 13 5.447
6 14 5.123
6 15 6.041
6 16 4.165
6 17 6.024
6 18 4.755
6 19 5.898
6 20 4.0
6 21 5.723
6 22 4.227
6 23 5.764
6 24 4.478
6 25 6.953
6 26 5.026
6 27 6.579
6 28 5.107
6 29 5.874
6 30 3.415
6 31 6.053
6 32 4.464
6 45 1.173
6 46 1.875
7 8 4.028
7 9 4.913
7 10 4.661
7 11 3.935
7 12 5.772
7 13 5.076
7 14 3.965
7 15 5.57
7 16 4.463
7 17 3.365
7 18 4.85
7 19 4.97
7 20 3.68
7 21 4.855
7 22 3.665
7 23 5.418
7 24 4.946
7 25 4.681
7 26 4.747
7 27 6.559
7 28 5.211
7 29 7.243
7 30 5.876
7 31 4.748
7 32 6.506
7 47 4.771
7 48 2.346
8 9 4.369
8 10 3.982
8 11 4.831
8 12 5.707
8 13 5.135
8 14 4.393
8 15 4.633
8 16 6.932
8 17 4.824
8 18 6.016
8 19 3.386
8 20 4.597
8 21 3.169
8 22 5.418
8 23 5.024
8 24 5.56
8 25 4.446
8 26 5.415
8 27 5.118
8 28 4.843
8 29 5.198
8 30 4.401
8 31 4.48
8 32 4.08
8 49 2.18
8 50 2.454
9 10 3.212
9 11 5.687
9 12 4.722
9 13 4.211
9 14 5.375
9 15 4.558
9 16 5.836
9 17 3.481
9 18 5.378
9 19 3.721
9 20 3.571
9 21 6.617
9 22 5.081
9 23 4.08
9 24 3.696
9 25 4.412
9 26 2.293
9 27 5.473
9 28 4.219
9 29 6.767
9 30 3.242
9 31 4.251
9 32 3.936
9 51 3.009
9 52 1.651
10 11 6.425
10 12 6.534
10 13 5.924
10 14 6.493
10 15 4.923
10 16 5.83
10 17 6.403
10 18 6.278
10 19 5.507
10 20 6.187
10 21 2.751
10 22 5.302
10 23 5.176
10 24 4.89
10 25 5.636
10 26 6.006
10 27 6.224
10 28 5.131
10 29 6.575
10 30 4.233
10 31 5.362
10 32 5.276
10 53 3.315
10 54 2.138
11 12 6.028
11 13 4.495
11 14 4.607
11 15 2.976
11 16 6.937
11 17 4.787
11 18 4.806
11 19 5.1
11 20 2.983
11 21 4.624
11 22 4.016
11 23 5.618
11 24 3.679
11 25 5.237
11 26 3.537
11 27 5.365
11 28 3.461
11 29 3.949
11 30 3.732
11 31 5.476
11 32 5.682
11 55 2.902
11 56 4.742
12 13 5.5
12 14 4.647
12 15 5.38
12 16 5.338
12 17 6.842
12 18 6.794
12 19 4.737
12 20 4.997
12 21 4.475
12 22 4.366
12 23 5.249
12 24 3.861
12 25 4.091
12 26 4.387
12 27 3.495
12 28 4.717
12 29 3.128
12 30 5.648
12 31 3.905
12 32 3.958
12 57 4.086
12 58 2.681
13 14 4.086
13 15 5.018
13 16 4.628
13 17 5.294
13 18 3.422
13 19 3.956
13 20 6.196
13 21 3.718
13 22 3.693
13 23 3.446
13 24 6.564
13 25 4.657
13 26 5.026
13 27 6.17
13 28 4.992
13 29 4.506
13 30 6.976
13 31 3.662
13 32 5.406
13 59 3.525
13 60 2.104
14 15 5.326
14 16 4.107
14 17 6.801
14 18 3.33
14 19 5.409
14 20 4.324
14 21 5.215
14 22 5.51
14 23 3.122
14 24 3.928
14 25 5.799
14 26 5.463
14 27 4.078
14 28 5.011
14 29 5.481
14 30 4.421
14 31 5.704
14 32 5.64
14 61 3.682
14 62 3.961
15 16 2.976
15 17 4.239
15 18 5.869
15 19 2.438
15 20 5.432
15 21 6.799
15 22 3.909
15 23 4.409
15 24 2.162
15 25 4.895
15 26 5.542
15 27 3.898
15 28 4.913
15 29 4.293
15 30 5.485
15 31 6.32
15 32 5.541
15 63 3.938
15 64 3.718
16 17 6.617
16 18 5.601
16 19 6.835
16 20 6.244
16 21 3.569
16 22 6.861
16 23 4.538
16 24 5.59
16 25 6.605
16 26 4.885
16 27 5.271
16 28 4.893
16 29 5.366
16 30 4.107
16 31 4.83
16 32 7.293
16 65 5.934
16 66 1.546
17 18 5.265
17 19 4.117
17 20 5.037
17 21 3.403
17 22 5.641
17 23 3.898
17 24 5.075
17 25 4.974
17 26 5.532
17 27 5.068
17 28 4.412
17 29 5.017
17 30 4.201
17 31 4.842
17 32 3.867
17 67 3.458
17 68 2.755
18 19 4.499
18 20 4.807
18 21 5.421
18 22 5.498
18 23 4.543
18 24 5.881
18 25 3.899
18 26 5.987
18 27 3.624
18 28 4.915
18 29 3.65
18 30 4.393
18 31 4.854
18 32 5.653
18 69 3.713
18 70 2.621
19 20 6.278
19 21 3.811
19 22 4.936
19 23 3.437
19 24 5.617
19 25 4.779
19 26 5.273
19 27 6.227
19 28 4.666
19 29 5.089
19 30 3.911
19 31 3.758
19 32 4.538
19 71 5.117
19 72 2.556
20 21 4.101
20 22 5.292
20 23 5.548
20 24 5.184
20 25 4.311
20 26 5.306
20 27 5.145
20 28 5.767
20 29 6.705
20 30 5.012
20 31 4.933
20 32 3.422
20 73 2.918
20 74 3.196
21 22 6.361
21 23 5.592
21 24 5.51
21 25 4.218
21 26 4.69
21 27 7.298
21 28 6.152
21 29 6.546
21 30 5.813
21 31 7.112
21 32 3.754
21 75 2.293
21 76 1.366
22 23 4.486
22 24 5.603
22 25 5.498
22 26 3.931
22 27 4.046
22 28 4.605
22 29 4.291
22 30 4.25
22 31 4.311
22 32 4.596
22 77 4.398
22 78 4.16
23 24 4.721
23 25 7.784
23 26 5.512
23 27 5.627
23 28 6.338
23 29 5.334
23 30 4.882
23 31 5.732
23 32 4.676
23 79 1.859
23 80 1.174
24 25 4.601
24 26 5.744
24 27 6.524
24 28 4.437
24 29 4.632
24 30 5.442
24 31 4.664
24 32 5.831
24 81 2.955
24 82 2.331
25 26 5.302
25 27 5.102
25 28 5.767
25 29 5.252
25 30 5.304
25 31 5.354
25 32 4.895
25 83 3.447
25 84 3.177
26 27 4.035
26 28 3.982
26 29 3.679
26 30 4.845
26 31 3.445
26 32 4.099
26 85 3.135
26 86 3.983
27 28 2.752
27 29 4.399
27 30 4.961
27 31 4.675
27 32 5.588
27 87 3.69
27 88 5.626
28 29 3.36
28 30 5.372
28 31 5.691
28 32 5.102
28 89 4.132
28 90 2.465
29 30 5.816
29 31 3.703
29 32 5.316
29 91 2.331
29 92 3.555
30 31 4.763
30 32 4.555
30 93 2.922
30 94 2.784
31 32 5.167
31 95 2.944
31 96 3.09
32 97 3.824
32 98 2.563
33 35 2.044
34 36 2.113
37 39 1.995
38 40 3.132
41 43 4.86
42 44 4.062
45 47 4.163
46 48 1.129
49 51 1.401
50 52 3.174
53 55 2.406
54 56 2.483
57 59 4.619
58 60 2.446
61 63 3.176
62 64 4.01
65 67 3.356
66 68 3.169
69 71 1.46
70 72 3.68
73 75 4.278
74 76 4.299
77 79 1.495
78 80 1.061
81 83 2.855
82 84 1.759
85 87 2.263
86 88 3.066
89 91 3.6
90 92 2.974
93 95 1.771
94 96 3.089