100
0 1 11.461
0 2 27.334
0 3 10.201
0 4 40.487
0 7 19.997
0 8 33.002
0 9 35.129
0 10 64.28
0 11 60.374
0 13 56.74
0 15 48.925
0 17 73.701
0 18 75.654
0 19 33.233
0 20 47.883
0 23 78.61
0 24 87.934
0 25 85.246
0 28 42.325
0 30 70.257
0 31 68.16
0 32 86.789
0 33 39.301
0 34 90.954
0 35 99.632
0 36 37.669
0 37 25.221
0 39 85.702
0 40 72.2
0 41 13.769
0 43 71.148
0 44 44.118
0 45 74.65
0 46 9.864
0 47 91.113
0 48 56.165
0 49 6.93
0 50 5.171
0 51 57.292
0 52 90.854
0 53 34.92
0 55 77.117
0 56 77.197
0 59 43.86
0 60 53.671
0 61 1.062
0 63 69.643
0 65 27.317
0 66 86.584
0 67 49.045
0 69 93.221
0 70 43.649
0 71 87.964
0 77 30.04
0 78 61.11
0 80 7.075
0 81 28.104
0 82 10.498
0 84 58.546
0 86 84.466
0 88 35.935
0 89 84.522
0 90 9.894
0 91 31.989
0 92 95.354
0 93 90.589
0 94 23.217
0 95 86.574
0 96 81.975
0 97 42.719
0 99 20.946
1 4 5.463
1 5 62.221
1 7 27.981
1 8 67.604
1 9 73.498
1 10 66.254
1 11 3.922
1 12 85.897
1 14 91.758
1 15 38.438
1 16 97.473
1 20 75.045
1 22 15.644
1 24 45.043
1 25 0.333
1 26 38.372
1 27 58.868
1 28 59.764
1 29 88.641
1 30 15.755
1 32 5.285
1 34 76.417
1 35 66.087
1 38 86.371
1 39 8.443
1 40 73.601
1 42 92.913
1 43 90.551
1 44 73.97
1 46 73.011
1 48 91.629
1 49 50.24
1 50 41.708
1 52 82.528
1 54 88.929
1 55 57.204
1 57 86.144
1 61 69.882
1 63 38.251
1 64 27.922
1 66 79.61
1 68 87.0
1 69 38.281
1 73 96.463
1 74 14.756
1 75 66.27
1 76 10.835
1 79 46.402
1 80 69.699
1 81 51.282
1 83 26.557
1 84 62.711
1 86 76.961
1 88 34.869
1 89 26.698
1 90 3.558
1 91 57.024
1 92 9.774
1 94 33.733
1 96 28.753
1 97 65.379
1 98 22.377
1 99 30.283
2 3 71.744
2 4 1.206
2 6 45.028
2 8 46.834
2 9 37.89
2 12 13.729
2 13 43.637
2 14 65.555
2 15 19.995
2 16 13.848
2 18 0.43
2 20 51.433
2 21 75.478
2 24 76.481
2 26 35.825
2 27 88.113
2 28 98.752
2 31 77.936
2 32 55.166
2 34 51.907
2 35 10.228
2 37 23.855
2 38 25.176
2 39 25.429
2 40 77.478
2 42 96.239
2 43 9.097
2 44 55.716
2 47 34.945
2 48 74.791
2 49 55.561
2 50 0.4
2 53 93.836
2 54 83.608
2 55 95.369
2 56 75.244
2 57 45.356
2 59 63.566
2 62 84.659
2 64 55.234
2 66 16.576
2 67 8.238
2 68 61.076
2 71 20.239
2 72 56.853
2 74 16.945
2 75 35.578
2 76 69.473
2 77 13.174
2 78 13.261
2 79 15.422
2 81 77.26
2 82 88.386
2 83 50.774
2 86 82.022
2 87 84.146
2 88 15.741
2 89 63.054
2 90 0.639
2 93 16.656
2 95 58.877
2 96 43.878
2 99 56.048
3 5 82.256
3 6 97.037
3 7 88.921
3 9 1.642
3 10 67.142
3 11 56.193
3 12 22.421
3 13 89.153
3 14 30.695
3 15 60.016
3 16 17.429
3 19 41.174
3 21 57.124
3 23 85.986
3 25 28.672
3 26 39.757
3 29 38.587
3 31 57.738
3 32 81.676
3 33 63.18
3 34 72.982
3 35 30.273
3 36 16.182
3 38 60.296
3 43 25.096
3 45 26.883
3 47 59.249
3 48 45.132
3 49 86.797
3 50 4.516
3 53 9.963
3 57 8.266
3 58 38.547
3 59 78.178
3 60 25.675
3 61 16.242
3 62 66.846
3 64 90.26
3 65 76.14
3 69 3.411
3 70 8.353
3 73 73.718
3 75 41.564
3 76 16.233
3 78 15.799
3 79 21.015
3 81 16.097
3 82 7.144
3 83 46.347
3 85 87.457
3 86 52.766
3 87 21.125
3 88 32.34
3 91 38.287
3 93 53.115
3 95 3.512
3 96 49.538
4 6 27.069
4 7 90.502
4 8 40.491
4 9 34.593
4 10 92.231
4 12 38.552
4 13 3.463
4 15 37.664
4 16 11.995
4 17 76.016
4 18 49.924
4 19 39.185
4 20 47.638
4 21 53.607
4 22 76.002
4 24 64.612
4 25 35.308
4 27 76.181
4 30 69.067
4 31 55.093
4 32 19.102
4 33 48.784
4 34 64.238
4 35 11.821
4 38 85.186
4 41 13.064
4 42 38.632
4 43 81.506
4 44 4.176
4 45 47.75
4 46 10.662
4 47 91.974
4 48 85.757
4 50 72.406
4 51 55.132
4 54 80.956
4 56 89.725
4 58 0.473
4 59 91.422
4 60 21.644
4 62 1.522
4 63 90.109
4 64 76.652
4 66 53.588
4 69 19.306
4 70 59.372
4 72 76.393
4 74 35.709
4 75 34.289
4 77 11.26
4 80 91.157
4 81 63.866
4 82 19.149
4 83 89.075
4 86 12.885
4 88 88.092
4 89 25.11
4 90 42.541
4 91 42.251
4 92 6.807
4 93 46.682
4 94 83.81
4 96 53.529
4 97 29.877
4 98 88.143
4 99 94.212
5 9 19.991
5 10 13.978
5 11 88.32
5 13 34.574
5 14 33.504
5 15 38.052
5 17 40.929
5 21 20.136
5 22 45.332
5 24 0.838
5 25 62.242
5 28 76.377
5 29 2.955
5 30 48.991
5 31 63.486
5 33 34.873
5 34 93.601
5 37 30.937
5 38 91.684
5 39 97.022
5 41 73.687
5 42 85.699
5 43 24.897
5 45 8.253
5 46 3.456
5 47 66.022
5 48 19.381
5 50 45.783
5 53 60.474
5 55 18.79
5 57 36.578
5 58 8.267
5 59 26.435
5 60 63.499
5 61 62.141
5 62 66.785
5 64 46.71
5 67 2.115
5 68 31.851
5 69 80.257
5 71 40.138
5 72 27.883
5 73 31.844
5 74 43.619
5 75 70.449
5 76 41.944
5 77 72.534
5 78 0.031
5 79 88.137
5 80 80.936
5 81 32.877
5 82 91.914
5 83 81.432
5 86 48.578
5 87 34.071
5 89 83.108
5 90 46.782
5 91 55.696
5 92 95.201
5 93 38.408
5 94 56.077
5 96 5.796
5 97 5.42
5 98 84.724
6 7 5.986
6 8 76.762
6 9 79.786
6 10 65.253
6 11 21.134
6 12 87.906
6 13 44.803
6 15 93.847
6 16 8.97
6 17 26.545
6 18 61.103
6 19 16.466
6 21 0.725
6 22 51.868
6 24 98.149
6 27 91.098
6 31 46.269
6 34 75.815
6 35 26.464
6 36 58.252
6 37 72.393
6 40 74.066
6 41 91.801
6 42 18.726
6 43 79.088
6 44 49.141
6 45 13.966
6 46 74.837
6 47 25.792
6 48 51.341
6 49 80.236
6 50 13.493
6 51 60.535
6 52 11.548
6 53 28.545
6 54 51.942
6 57 0.001
6 58 20.236
6 59 54.701
6 60 70.657
6 62 46.578
6 63 74.869
6 64 60.868
6 65 38.846
6 66 38.453
6 67 75.376
6 69 40.399
6 72 70.876
6 73 74.494
6 74 80.767
6 76 39.3
6 77 38.434
6 79 15.122
6 81 9.712
6 82 83.43
6 83 91.672
6 85 22.193
6 87 54.833
6 88 69.294
6 89 21.249
6 90 34.058
6 92 47.119
6 93 61.415
6 94 31.429
6 95 56.284
6 96 4.043
6 97 58.968
6 98 47.069
6 99 56.51
7 8 64.895
7 9 82.088
7 11 2.133
7 15 6.431
7 16 0.517
7 17 69.683
7 20 72.671
7 22 56.054
7 23 6.818
7 24 11.277
7 25 28.886
7 26 2.115
7 29 82.832
7 30 74.076
7 31 26.243
7 32 33.544
7 33 83.178
7 34 69.143
7 35 60.105
7 36 4.573
7 37 82.547
7 38 29.548
7 40 10.824
7 41 31.255
7 44 17.636
7 45 33.329
7 46 27.559
7 48 97.744
7 50 85.65
7 51 1.838
7 52 78.111
7 54 31.957
7 55 94.898
7 56 12.966
7 57 46.49
7 58 50.04
7 59 57.035
7 60 90.978
7 62 7.594
7 63 53.021
7 64 46.192
7 65 17.837
7 66 14.949
7 68 30.612
7 70 66.379
7 71 18.061
7 72 51.259
7 74 65.785
7 75 99.392
7 76 11.328
7 77 12.848
7 78 23.038
7 84 26.05
7 86 38.991
7 87 54.062
7 90 38.341
7 91 52.143
7 92 71.373
7 96 5.024
7 98 83.376
8 9 97.044
8 10 15.826
8 12 90.87
8 13 74.672
8 14 38.482
8 15 50.151
8 16 54.451
8 19 8.338
8 22 57.039
8 23 35.869
8 25 99.722
8 27 95.346
8 28 0.657
8 29 74.966
8 30 77.438
8 32 54.684
8 35 22.451
8 38 74.432
8 40 26.284
8 43 3.149
8 45 54.408
8 49 91.689
8 50 97.444
8 52 71.642
8 53 16.268
8 58 39.675
8 59 97.401
8 60 92.52
8 62 96.643
8 64 80.148
8 65 22.097
8 66 77.255
8 68 45.646
8 69 24.303
8 70 21.402
8 71 29.445
8 72 23.126
8 73 53.955
8 75 18.831
8 76 50.896
8 78 12.527
8 81 2.94
8 83 12.529
8 86 39.538
8 88 85.959
8 89 36.996
8 90 91.399
8 91 93.685
8 92 67.979
8 97 9.073
8 99 25.853
9 10 50.085
9 11 9.885
9 12 33.784
9 14 80.642
9 15 56.609
9 16 10.009
9 17 94.447
9 19 54.983
9 20 23.203
9 21 3.919
9 22 4.402
9 23 50.276
9 25 46.417
9 27 3.437
9 28 69.02
9 31 7.139
9 32 69.363
9 33 73.907
9 34 80.322
9 35 95.508
9 37 90.932
9 38 44.128
9 39 87.629
9 40 38.313
9 41 66.217
9 42 65.113
9 43 70.289
9 45 63.989
9 46 13.554
9 47 36.134
9 48 12.874
9 49 44.596
9 50 46.071
9 53 26.16
9 55 40.008
9 57 26.748
9 58 17.047
9 59 34.32
9 62 10.437
9 63 6.284
9 64 42.308
9 66 64.319
9 68 14.243
9 69 59.471
9 70 67.224
9 71 96.206
9 72 65.212
9 74 38.67
9 75 73.9
9 76 57.681
9 78 9.178
9 79 94.289
9 80 46.713
9 82 43.162
9 83 95.986
9 84 3.537
9 86 41.384
9 87 68.347
9 90 11.627
9 92 67.049
10 11 52.557
10 12 72.285
10 13 87.373
10 15 13.626
10 16 37.934
10 20 62.374
10 21 76.079
10 23 60.837
10 24 18.735
10 25 11.513
10 26 22.425
10 27 91.399
10 30 36.293
10 33 17.579
10 34 12.386
10 35 11.055
10 36 31.508
10 39 85.35
10 40 81.422
10 42 26.503
10 43 81.797
10 45 23.446
10 46 24.783
10 48 39.244
10 50 66.261
10 51 7.459
10 52 38.917
10 54 54.631
10 55 84.955
10 57 46.882
10 58 9.859
10 59 64.461
10 60 90.841
10 61 69.907
10 62 54.111
10 63 15.39
10 65 45.45
10 66 91.263
10 67 44.024
10 68 47.031
10 70 33.161
10 71 44.275
10 72 98.709
10 73 65.303
10 74 32.151
10 75 83.918
10 76 36.997
10 77 28.178
10 78 18.309
10 79 61.729
10 80 30.398
10 81 26.422
10 82 60.975
10 83 38.714
10 93 45.279
10 94 61.556
10 97 13.446
10 98 57.137
11 13 76.693
11 14 54.347
11 15 30.575
11 16 73.609
11 18 29.263
11 19 60.9
11 21 97.694
11 22 71.473
11 23 4.866
11 24 87.245
11 25 2.76
11 26 92.018
11 27 90.3
11 28 36.929
11 29 76.243
11 31 4.304
11 32 29.992
11 35 83.445
11 36 81.423
11 37 99.523
11 38 90.137
11 40 59.311
11 41 84.855
11 42 31.72
11 43 58.435
11 46 54.258
11 48 22.917
11 50 15.583
11 52 38.027
11 55 72.062
11 56 80.749
11 57 86.452
11 58 31.851
11 59 97.914
11 60 84.788
11 62 56.105
11 64 26.161
11 66 45.121
11 67 89.921
11 68 63.14
11 72 23.931
11 74 40.691
11 75 28.801
11 76 22.886
11 77 33.61
11 79 3.003
11 80 90.407
11 81 44.436
11 82 32.238
11 83 88.312
11 87 50.555
11 88 6.974
11 90 94.468
11 91 98.418
11 92 57.884
11 93 60.545
11 95 34.222
11 96 76.274
11 97 88.273
11 98 5.026
12 13 39.475
12 16 35.22
12 17 82.772
12 18 43.662
12 19 60.854
12 20 48.048
12 21 41.598
12 22 90.548
12 23 2.73
12 24 85.567
12 27 51.476
12 29 61.931
12 30 67.665
12 33 59.473
12 34 55.509
12 35 93.898
12 42 94.923
12 43 67.212
12 44 28.95
12 52 5.777
12 53 62.016
12 54 53.108
12 55 7.862
12 56 99.935
12 57 57.155
12 58 57.234
12 59 15.722
12 60 51.05
12 64 13.678
12 65 2.263
12 67 59.611
12 68 56.118
12 69 36.221
12 70 45.448
12 71 57.295
12 72 48.079
12 73 28.262
12 74 49.931
12 75 68.422
12 76 68.446
12 77 92.332
12 78 93.879
12 79 22.868
12 81 79.053
12 83 46.039
12 84 92.709
12 85 49.045
12 86 57.495
12 87 15.665
12 89 84.959
12 90 8.055
12 91 77.197
12 92 64.829
12 93 3.807
12 96 10.194
12 97 94.774
12 98 34.313
12 99 82.761
13 15 76.957
13 16 61.434
13 17 7.874
13 19 7.555
13 22 15.582
13 25 87.859
13 27 39.139
13 28 26.193
13 29 68.906
13 30 62.83
13 31 30.543
13 36 71.721
13 37 0.576
13 38 18.859
13 40 6.751
13 41 43.991
13 43 19.154
13 45 39.821
13 47 71.378
13 48 75.276
13 49 51.211
13 50 87.201
13 51 52.278
13 52 45.683
13 56 27.56
13 57 95.708
13 58 26.482
13 61 34.801
13 62 21.331
13 63 52.842
13 64 15.966
13 65 21.247
13 66 17.167
13 67 54.222
13 70 84.1
13 71 93.83
13 73 56.583
13 74 80.921
13 76 83.251
13 77 78.502
13 78 85.411
13 79 8.926
13 80 79.005
13 81 0.665
13 83 33.707
13 85 25.728
13 86 26.301
13 87 74.129
13 88 43.005
13 89 59.062
13 90 21.237
13 91 6.762
13 92 8.014
13 95 82.75
13 96 42.457
13 98 44.603
13 99 60.187
14 15 87.403
14 16 48.904
14 17 22.586
14 18 59.709
14 19 69.043
14 22 84.928
14 23 42.856
14 24 70.617
14 27 59.074
14 28 56.802
14 29 93.63
14 30 20.995
14 31 66.913
14 32 18.041
14 34 86.3
14 36 62.461
14 37 14.835
14 39 25.581
14 41 76.895
14 42 38.53
14 43 55.125
14 45 60.469
14 47 24.924
14 48 42.45
14 49 43.459
14 50 31.06
14 51 63.276
14 53 37.239
14 54 67.392
14 57 3.646
14 58 11.454
14 60 24.696
14 62 42.804
14 64 66.271
14 67 51.338
14 69 25.935
14 70 68.199
14 71 76.083
14 72 18.619
14 73 77.673
14 75 29.805
14 76 54.491
14 77 70.749
14 78 33.823
14 80 59.763
14 81 4.836
14 82 33.18
14 83 0.585
14 84 61.703
14 85 32.554
14 86 95.56
14 87 79.458
14 89 35.903
14 91 77.855
14 92 66.175
14 93 12.138
14 95 68.002
14 96 3.663
14 97 10.499
14 99 70.042
15 16 73.316
15 17 55.672
15 19 64.102
15 21 73.433
15 23 65.458
15 25 61.788
15 26 89.702
15 27 3.719
15 28 35.815
15 29 27.186
15 30 24.111
15 31 51.432
15 32 56.892
15 33 57.44
15 36 89.304
15 37 98.319
15 38 43.524
15 40 19.795
15 41 28.756
15 42 75.98
15 43 0.804
15 44 87.85
15 45 0.749
15 48 28.402
15 51 13.378
15 52 70.804
15 53 93.817
15 55 49.008
15 56 59.29
15 59 81.616
15 61 63.561
15 62 6.48
15 63 21.752
15 64 2.053
15 65 24.328
15 66 68.286
15 67 60.478
15 70 93.416
15 73 97.814
15 74 35.369
15 75 15.607
15 78 17.778
15 79 94.664
15 80 61.979
15 81 74.205
15 83 83.767
15 85 64.304
15 87 84.743
15 90 58.106
15 92 30.112
15 93 24.037
15 94 35.598
15 95 68.073
15 97 17.413
15 98 15.398
15 99 7.578
16 19 16.176
16 20 96.427
16 24 74.315
16 29 9.881
16 31 73.941
16 35 18.152
16 37 19.176
16 38 91.571
16 39 15.855
16 40 88.913
16 41 65.016
16 42 4.039
16 43 33.659
16 44 56.06
16 45 61.985
16 46 29.524
16 47 72.002
16 48 86.139
16 49 70.894
16 50 13.103
16 55 52.616
16 56 79.167
16 57 9.153
16 60 62.136
16 61 60.594
16 62 60.246
16 63 37.872
16 65 44.318
16 67 46.419
16 68 4.087
16 69 68.344
16 71 52.838
16 75 12.663
16 76 65.289
16 78 86.245
16 79 31.354
16 81 42.702
16 83 20.579
16 84 20.607
16 85 56.542
16 87 90.764
16 88 95.438
16 89 32.947
16 91 97.602
16 92 47.742
16 93 21.888
16 94 36.106
16 95 54.138
16 98 44.502
16 99 86.052
17 18 46.484
17 19 57.799
17 21 89.39
17 22 13.762
17 23 47.705
17 25 61.081
17 26 2.483
17 27 89.755
17 28 42.916
17 29 64.549
17 31 65.848
17 32 61.978
17 33 46.834
17 35 71.216
17 37 16.439
17 39 0.366
17 40 70.796
17 41 69.873
17 43 76.434
17 46 42.731
17 48 88.434
17 49 24.496
17 50 34.311
17 51 28.218
17 53 75.196
17 55 56.583
17 56 80.469
17 57 99.343
17 58 25.66
17 59 56.25
17 60 55.275
17 62 42.932
17 63 39.619
17 65 63.159
17 66 8.927
17 68 47.755
17 70 98.978
17 71 86.531
17 72 72.647
17 73 8.413
17 74 24.102
17 75 10.401
17 76 54.392
17 77 9.014
17 78 28.133
17 79 26.875
17 82 26.589
17 83 71.619
17 84 44.303
17 86 36.445
17 87 31.202
17 89 84.693
17 92 40.048
17 95 8.458
17 97 17.14
17 98 20.573
17 99 19.263
18 19 95.458
18 21 23.154
18 23 81.962
18 26 14.963
18 30 61.819
18 31 9.548
18 32 86.077
18 35 46.543
18 36 5.007
18 37 33.117
18 38 94.635
18 40 63.148
18 41 55.034
18 42 61.772
18 44 35.829
18 45 64.772
18 46 1.658
18 47 96.527
18 48 7.368
18 50 23.877
18 51 14.604
18 52 41.219
18 53 57.907
18 55 1.513
18 56 55.854
18 58 33.718
18 60 16.42
18 62 0.863
18 63 44.741
18 64 48.144
18 65 22.391
18 66 12.892
18 67 86.888
18 68 82.845
18 71 26.776
18 72 36.326
18 73 3.014
18 76 59.611
18 77 3.622
18 78 69.249
18 80 43.415
18 82 18.43
18 83 95.456
18 84 76.873
18 85 54.195
18 86 50.506
18 87 5.755
18 88 44.152
18 89 65.5
18 90 99.102
18 92 14.403
18 93 41.014
18 94 62.556
18 95 74.001
18 96 44.987
18 97 22.962
18 98 98.32
18 99 17.481
19 20 52.31
19 21 20.241
19 23 58.98
19 27 85.353
19 28 97.919
19 30 12.572
19 31 28.787
19 32 81.882
19 33 98.023
19 34 39.348
19 37 54.605
19 38 63.978
19 39 87.282
19 41 27.87
19 42 55.455
19 43 18.769
19 45 34.29
19 47 81.948
19 48 50.847
19 51 34.427
19 52 53.848
19 54 84.874
19 55 67.709
19 57 3.926
19 59 25.771
19 60 77.955
19 61 8.48
19 62 84.991
19 64 11.488
19 65 48.188
19 67 38.428
19 68 50.078
19 70 95.308
19 71 70.462
19 72 36.868
19 73 81.644
19 74 60.685
19 77 10.014
19 81 8.58
19 84 78.936
19 85 93.294
19 86 94.281
19 89 89.992
19 91 5.177
19 92 75.938
19 93 65.137
19 94 15.665
19 95 73.206
19 98 96.289
19 99 42.405
20 21 35.963
20 22 61.772
20 23 99.418
20 24 32.527
20 25 25.208
20 26 79.796
20 27 70.786
20 28 69.016
20 30 18.021
20 31 66.352
20 33 99.015
20 34 21.373
20 35 65.885
20 36 6.452
20 40 80.941
20 43 77.589
20 44 34.746
20 45 14.96
20 47 91.874
20 48 15.805
20 49 28.231
20 50 92.863
20 51 74.635
20 54 70.928
20 55 71.756
20 56 4.03
20 61 75.88
20 62 17.06
20 63 67.04
20 65 34.457
20 66 96.111
20 67 80.185
20 68 9.175
20 70 30.166
20 71 74.646
20 72 75.374
20 73 58.858
20 74 56.983
20 75 56.222
20 76 17.711
20 78 11.353
20 79 71.422
20 80 59.036
20 81 4.174
20 82 21.579
20 83 60.908
20 85 77.368
20 87 73.736
20 90 86.312
20 93 30.942
20 94 52.378
20 96 55.315
20 97 10.499
20 98 44.45
20 99 46.075
21 23 87.322
21 26 2.234
21 27 64.88
21 28 62.206
21 32 2.981
21 33 30.088
21 34 52.668
21 35 72.193
21 36 29.735
21 39 27.29
21 41 42.288
21 45 50.026
21 46 41.465
21 48 94.474
21 54 49.485
21 55 41.323
21 58 88.652
21 60 26.797
21 61 86.97
21 62 64.228
21 63 61.682
21 64 48.479
21 66 86.857
21 67 17.879
21 68 14.704
21 69 94.726
21 70 19.259
21 71 76.946
21 72 82.502
21 73 71.874
21 74 84.594
21 76 36.619
21 77 98.544
21 78 38.203
21 80 38.928
21 82 32.535
21 84 45.989
21 85 81.321
21 87 0.759
21 90 81.918
21 91 31.771
21 94 52.154
21 95 22.047
21 96 14.942
21 99 82.642
22 24 27.764
22 26 57.069
22 27 37.12
22 29 5.521
22 30 24.45
22 34 44.431
22 35 33.767
22 37 49.959
22 39 96.62
22 40 10.708
22 41 48.417
22 42 72.367
22 44 93.799
22 48 20.694
22 49 65.482
22 50 63.708
22 51 29.953
22 52 98.322
22 53 35.639
22 54 94.718
22 55 20.039
22 60 87.875
22 61 76.823
22 62 18.762
22 63 46.414
22 64 99.495
22 66 2.699
22 67 12.995
22 69 88.521
22 71 81.334
22 73 15.106
22 74 82.893
22 77 74.971
22 81 88.87
22 82 92.143
22 84 87.319
22 85 48.482
22 86 84.801
22 89 4.311
22 91 18.107
22 93 69.815
22 94 34.109
22 95 51.052
22 96 80.965
23 24 56.85
23 25 43.307
23 26 94.096
23 27 33.757
23 30 75.02
23 31 55.84
23 32 78.145
23 34 96.818
23 35 1.701
23 36 37.519
23 40 40.381
23 41 38.885
23 43 58.932
23 44 82.445
23 47 69.95
23 48 58.339
23 49 77.596
23 53 42.83
23 54 60.833
23 55 79.935
23 56 37.693
23 58 12.696
23 60 6.979
23 64 91.383
23 65 16.598
23 66 83.156
23 67 59.064
23 70 89.943
23 71 65.704
23 72 68.82
23 73 29.073
23 74 82.162
23 75 50.57
23 77 74.778
23 78 9.118
23 80 81.441
23 81 82.835
23 82 39.142
23 84 93.664
23 91 24.822
23 92 25.001
23 93 46.31
23 95 12.771
23 96 63.405
23 97 43.502
23 99 72.662
24 28 1.691
24 29 4.184
24 30 97.089
24 32 40.984
24 33 26.986
24 36 4.88
24 38 64.483
24 42 94.346
24 43 94.082
24 44 33.271
24 45 46.161
24 46 54.884
24 47 11.821
24 48 27.262
24 50 54.485
24 51 38.003
24 52 90.846
24 53 57.73
24 54 99.826
24 55 84.386
24 57 65.362
24 58 41.524
24 59 8.536
24 61 28.894
24 62 79.914
24 63 8.892
24 64 66.128
24 65 63.132
24 66 76.859
24 67 57.029
24 70 42.247
24 71 16.772
24 72 1.806
24 73 23.253
24 74 89.789
24 75 38.243
24 77 56.719
24 80 16.726
24 81 4.951
24 82 16.939
24 84 39.51
24 85 52.119
24 88 30.462
24 89 60.225
24 90 44.108
24 91 28.817
24 92 51.192
24 94 16.097
24 95 89.09
24 96 2.657
24 97 98.942
24 99 77.28
25 26 18.817
25 27 85.017
25 29 60.373
25 30 25.197
25 31 76.837
25 34 99.074
25 36 63.568
25 37 39.212
25 38 50.98
25 39 36.454
25 40 21.474
25 41 35.259
25 44 71.274
25 45 35.087
25 46 23.377
25 47 59.752
25 48 34.663
25 50 24.17
25 51 57.453
25 52 11.125
25 53 38.854
25 54 22.224
25 56 68.404
25 57 19.051
25 58 42.602
25 59 69.656
25 63 3.384
25 65 78.939
25 68 51.957
25 69 90.477
25 70 94.556
25 71 70.034
25 73 8.472
25 74 14.122
25 76 4.485
25 77 63.036
25 80 41.334
25 82 30.09
25 83 21.403
25 84 8.092
25 86 6.852
25 88 73.91
25 92 46.871
25 94 73.699
25 96 18.955
25 98 62.077
26 27 9.93
26 28 74.565
26 29 54.07
26 30 80.686
26 31 22.235
26 32 56.417
26 33 17.516
26 35 28.325
26 37 78.207
26 39 41.369
26 40 77.802
26 41 23.913
26 42 46.858
26 44 73.856
26 46 72.448
26 47 55.915
26 48 49.471
26 51 30.02
26 53 4.147
26 54 3.076
26 55 98.261
26 58 45.489
26 59 54.66
26 60 61.956
26 62 89.285
26 66 10.629
26 71 60.045
26 73 40.829
26 76 74.969
26 78 8.21
26 79 97.209
26 80 67.814
26 81 29.57
26 82 23.493
26 84 83.091
26 85 15.739
26 86 60.418
26 87 71.565
26 91 97.335
26 92 85.222
26 96 32.782
26 97 3.323
26 99 54.429
27 28 51.677
27 29 68.167
27 30 0.476
27 31 16.598
27 32 18.324
27 35 40.647
27 36 32.864
27 37 37.014
27 38 2.443
27 39 98.211
27 42 93.918
27 43 41.057
27 45 6.931
27 48 73.804
27 49 7.139
27 50 2.161
27 51 3.999
27 53 22.017
27 54 24.296
27 56 19.5
27 58 5.353
27 59 8.685
27 61 28.987
27 64 96.373
27 66 83.697
27 69 93.727
27 70 16.645
27 73 63.402
27 74 31.275
27 75 56.246
27 76 65.075
27 81 9.293
27 82 44.539
27 83 50.103
27 85 40.33
27 86 91.715
27 87 57.865
27 88 1.131
27 89 81.09
27 90 75.43
27 92 94.995
27 93 92.427
27 94 38.084
27 95 83.843
27 96 10.138
27 97 77.533
27 99 17.313
28 29 50.687
28 30 15.531
28 31 8.903
28 32 74.731
28 33 66.713
28 34 61.38
28 35 87.373
28 36 1.016
28 37 0.152
28 38 44.424
28 40 75.223
28 42 37.774
28 43 41.396
28 45 99.579
28 46 35.807
28 48 79.817
28 49 91.018
28 50 30.597
28 52 29.065
28 54 42.309
28 56 99.219
28 57 1.333
28 58 16.592
28 60 64.78
28 61 27.356
28 63 81.685
28 64 59.992
28 68 92.366
28 69 89.621
28 70 57.3
28 71 18.452
28 72 25.989
28 74 96.833
28 80 17.471
28 81 78.717
28 83 68.742
28 84 51.925
28 85 80.527
28 86 92.569
28 87 24.255
28 88 98.548
28 89 17.387
28 90 87.16
28 91 46.181
28 93 72.256
28 94 53.666
28 96 68.665
28 98 5.763
28 99 93.783
29 30 43.791
29 33 74.571
29 34 0.384
29 35 95.562
29 39 52.644
29 40 32.039
29 41 39.219
29 43 25.28
29 44 64.069
29 46 74.459
29 47 44.77
29 48 56.601
29 49 23.593
29 50 58.428
29 51 84.69
29 52 25.055
29 54 90.268
29 55 19.195
29 56 56.382
29 58 12.148
29 60 34.165
29 61 41.011
29 62 58.998
29 63 38.258
29 64 32.833
29 68 71.623
29 69 56.79
29 70 62.199
29 71 89.97
29 72 62.27
29 73 23.37
29 74 58.39
29 75 4.19
29 78 72.193
29 81 91.122
29 82 11.605
29 83 41.249
29 84 99.592
29 85 29.092
29 88 75.565
29 90 23.582
29 92 11.808
29 93 79.23
29 94 80.509
29 95 6.2
29 97 40.741
29 98 7.947
29 99 65.707
30 31 79.037
30 32 75.017
30 38 60.229
30 39 81.918
30 40 92.512
30 41 43.073
30 42 96.045
30 43 6.142
30 44 47.198
30 48 88.928
30 49 8.913
30 50 15.795
30 51 21.623
30 53 53.153
30 54 18.919
30 55 30.305
30 56 19.286
30 57 39.27
30 58 15.911
30 59 58.956
30 60 58.378
30 61 65.601
30 63 42.967
30 64 14.894
30 65 13.085
30 66 68.244
30 67 61.825
30 68 7.081
30 70 72.791
30 72 41.7
30 73 62.208
30 75 38.242
30 76 62.957
30 77 0.123
30 78 37.941
30 79 38.558
30 81 96.815
30 86 7.384
30 89 39.597
30 90 24.843
30 91 41.54
30 92 9.76
30 94 92.691
30 95 47.647
30 96 86.134
30 97 28.457
30 98 99.934
30 99 12.606
31 32 40.763
31 37 99.424
31 39 0.522
31 41 14.969
31 42 95.296
31 43 3.541
31 44 62.572
31 45 54.179
31 46 30.977
31 48 7.942
31 50 59.554
31 51 74.345
31 52 8.306
31 53 86.804
31 54 75.423
31 55 40.757
31 56 68.03
31 57 38.291
31 59 85.656
31 60 65.227
31 61 18.75
31 62 32.222
31 63 8.337
31 64 82.372
31 66 96.541
31 67 40.132
31 68 74.865
31 70 12.625
31 71 98.11
31 73 57.761
31 75 51.305
31 76 6.101
31 77 8.445
31 83 75.591
31 84 33.003
31 85 68.536
31 88 50.66
31 90 53.97
31 91 71.163
31 92 40.992
31 93 71.158
31 96 99.828
32 33 74.398
32 34 31.676
32 36 74.992
32 38 74.334
32 39 32.993
32 40 28.494
32 41 77.526
32 42 42.191
32 44 5.211
32 45 19.963
32 46 97.883
32 47 43.748
32 48 73.15
32 49 93.62
32 50 47.561
32 51 14.261
32 53 19.839
32 54 35.452
32 56 2.649
32 57 94.58
32 58 19.694
32 59 22.024
32 62 6.314
32 63 93.342
32 64 27.738
32 65 0.652
32 66 13.38
32 67 30.811
32 68 6.93
32 69 70.18
32 70 62.357
32 71 73.428
32 72 71.072
32 73 10.191
32 74 80.706
32 75 52.824
32 77 73.96
32 78 36.352
32 79 65.549
32 81 55.938
32 83 91.909
32 86 24.387
32 87 87.706
32 89 9.022
32 90 46.566
32 91 69.511
32 93 0.384
32 98 2.438
32 99 27.182
33 35 36.909
33 37 26.087
33 38 90.88
33 40 55.075
33 41 83.549
33 42 69.007
33 45 88.85
33 47 48.817
33 49 27.685
33 50 94.465
33 52 8.729
33 58 8.354
33 59 44.158
33 60 40.391
33 61 32.015
33 65 23.641
33 66 27.757
33 67 40.069
33 68 46.524
33 69 90.214
33 70 25.521
33 71 52.179
33 72 83.793
33 73 97.489
33 75 57.438
33 76 15.685
33 77 67.65
33 78 1.898
33 79 28.267
33 80 88.924
33 81 79.559
33 82 77.905
33 83 35.38
33 84 8.761
33 87 15.072
33 89 36.569
33 90 97.799
33 92 49.489
33 93 59.125
33 95 70.23
33 99 74.764
34 35 34.378
34 36 98.016
34 37 76.853
34 38 58.208
34 39 85.634
34 40 73.219
34 41 54.516
34 42 66.168
34 44 58.798
34 46 31.9
34 49 43.145
34 51 48.15
34 52 77.453
34 53 28.725
34 54 43.096
34 55 38.381
34 56 28.085
34 57 57.413
34 58 19.846
34 59 24.682
34 63 30.761
34 64 9.447
34 65 86.899
34 67 10.252
34 69 11.381
34 71 48.701
34 73 77.936
34 74 22.964
34 76 16.912
34 77 89.704
34 79 9.761
34 80 8.807
34 81 65.246
34 85 36.954
34 87 40.765
34 89 96.43
34 92 40.125
34 93 60.418
34 94 70.428
34 98 87.544
34 99 79.038
35 36 50.156
35 40 6.475
35 41 45.325
35 42 67.318
35 43 41.574
35 48 67.553
35 50 37.838
35 52 14.091
35 53 97.694
35 55 70.144
35 56 49.927
35 57 11.328
35 59 71.268
35 60 56.562
35 61 23.159
35 62 65.228
35 63 31.246
35 66 78.626
35 67 62.01
35 68 64.56
35 69 24.152
35 73 44.046
35 74 39.347
35 77 4.572
35 78 53.136
35 80 71.712
35 81 26.214
35 83 72.515
35 84 6.612
35 85 91.648
35 89 84.061
35 90 98.687
35 91 4.923
35 92 75.589
35 93 14.727
35 94 64.358
35 95 35.757
35 97 99.426
35 98 62.542
36 38 32.145
36 39 4.788
36 41 70.868
36 42 23.714
36 43 88.789
36 44 59.346
36 45 40.202
36 48 83.434
36 49 93.573
36 51 73.721
36 52 68.213
36 53 15.204
36 54 17.197
36 55 35.409
36 56 4.142
36 57 99.722
36 59 66.793
36 60 77.033
36 61 23.805
36 62 68.925
36 64 98.558
36 65 92.594
36 66 32.557
36 67 11.572
36 68 81.307
36 69 41.786
36 73 78.417
36 74 27.343
36 75 91.118
36 76 92.691
36 77 67.656
36 78 27.622
36 79 47.301
36 80 59.182
36 81 28.692
36 82 54.384
36 83 83.138
36 84 55.637
36 88 38.796
36 89 15.981
36 93 85.462
36 94 81.848
36 95 9.045
36 96 25.686
36 98 50.955
37 38 61.885
37 39 36.678
37 41 59.317
37 43 52.311
37 45 95.084
37 46 52.693
37 47 69.332
37 48 20.508
37 49 60.013
37 51 56.947
37 52 10.613
37 53 15.306
37 54 58.464
37 57 17.548
37 58 23.164
37 64 43.553
37 65 81.262
37 67 70.186
37 68 14.253
37 69 97.086
37 71 59.355
37 73 30.714
37 74 26.535
37 75 54.721
37 76 72.895
37 78 82.051
37 79 82.963
37 80 56.954
37 85 92.009
37 86 75.998
37 87 98.89
37 88 45.718
37 90 79.795
37 92 81.374
37 93 68.91
37 95 86.291
37 96 81.932
37 98 97.257
38 39 83.321
38 40 91.73
38 43 35.739
38 44 91.865
38 45 68.332
38 46 5.392
38 47 0.612
38 49 59.135
38 51 76.369
38 52 13.411
38 53 33.524
38 54 4.474
38 56 79.686
38 57 84.58
38 59 63.857
38 60 15.755
38 61 90.122
38 63 46.368
38 64 96.63
38 65 66.8
38 66 89.299
38 67 75.35
38 68 87.555
38 69 52.261
38 70 42.213
38 71 8.415
38 72 45.309
38 74 74.001
38 75 82.547
38 76 78.348
38 77 91.018
38 81 70.36
38 83 94.296
38 84 55.83
38 85 27.619
38 87 98.586
38 88 61.993
38 89 21.19
38 90 73.635
38 91 29.113
38 92 1.304
38 93 98.701
38 94 22.929
38 96 7.532
38 97 13.325
38 99 87.629
39 42 31.652
39 43 94.473
39 44 14.69
39 45 79.308
39 46 91.522
39 47 48.143
39 48 21.325
39 51 98.911
39 52 79.313
39 53 70.433
39 54 98.563
39 55 33.895
39 57 20.091
39 58 7.123
39 59 57.237
39 60 79.049
39 61 8.897
39 62 4.152
39 65 86.263
39 66 83.294
39 67 37.023
39 68 83.585
39 69 44.081
39 74 11.632
39 75 36.37
39 76 22.684
39 77 88.208
39 78 44.728
39 82 27.148
39 83 6.636
39 84 9.439
39 85 46.389
39 86 84.12
39 89 97.682
39 90 93.557
39 91 36.786
39 93 90.989
39 94 93.681
39 95 87.503
39 96 84.006
39 98 73.766
39 99 14.211
40 41 14.26
40 42 40.452
40 43 74.477
40 44 83.745
40 46 74.815
40 48 89.895
40 49 64.529
40 52 13.098
40 53 7.494
40 54 99.819
40 56 5.266
40 57 66.501
40 59 77.24
40 60 13.22
40 61 77.095
40 62 40.38
40 64 69.512
40 65 63.601
40 66 43.867
40 67 79.263
40 68 92.176
40 69 64.424
40 70 95.003
40 71 12.277
40 72 49.388
40 73 14.877
40 75 79.581
40 76 4.038
40 77 97.006
40 78 58.22
40 79 87.572
40 82 99.371
40 83 66.776
40 84 48.304
40 86 31.818
40 87 14.445
40 90 87.161
40 93 52.247
40 94 17.992
40 95 15.024
40 96 65.677
40 98 93.081
41 42 77.404
41 44 93.495
41 45 53.573
41 46 39.754
41 47 7.636
41 48 95.889
41 50 4.024
41 51 48.166
41 52 7.441
41 54 31.951
41 55 95.296
41 60 47.557
41 61 1.505
41 63 45.357
41 64 96.914
41 65 8.068
41 66 17.25
41 69 90.274
41 70 43.212
41 71 16.86
41 73 58.209
41 74 41.317
41 75 28.867
41 76 67.601
41 77 51.507
41 78 90.274
41 79 12.371
41 81 24.679
41 82 2.986
41 83 66.92
41 85 33.616
41 88 58.109
41 90 68.676
41 91 22.64
41 92 25.428
41 94 26.201
41 95 19.015
41 96 55.187
41 97 95.386
41 98 6.306
42 43 96.885
42 46 88.049
42 48 30.774
42 49 18.973
42 50 69.59
42 51 73.607
42 53 34.363
42 54 79.445
42 55 79.697
42 56 95.564
42 57 97.135
42 58 42.632
42 61 99.591
42 62 17.403
42 64 76.759
42 67 35.866
42 69 29.361
42 70 13.022
42 71 12.873
42 73 17.005
42 74 47.463
42 76 71.087
42 77 93.12
42 78 1.146
42 79 60.65
42 80 96.049
42 81 75.483
42 83 18.216
42 84 11.277
42 86 53.202
42 88 47.848
42 90 9.612
42 91 24.991
42 92 22.782
42 93 83.501
42 94 39.497
42 95 82.946
42 96 63.718
42 97 89.493
42 98 13.312
43 44 7.543
43 45 53.771
43 46 76.518
43 47 1.547
43 48 74.41
43 49 77.878
43 50 6.927
43 53 21.897
43 54 97.761
43 56 42.093
43 57 81.402
43 58 82.334
43 61 92.564
43 63 99.28
43 67 16.299
43 69 99.479
43 70 76.217
43 71 60.504
43 72 93.853
43 73 67.822
43 74 69.857
43 75 93.634
43 76 57.826
43 77 81.403
43 78 2.69
43 79 57.76
43 82 84.21
43 83 67.01
43 84 41.954
43 85 4.031
43 86 72.684
43 88 40.147
43 89 78.343
43 93 74.925
43 94 88.728
43 95 73.943
43 97 74.624
43 98 95.247
43 99 57.313
44 45 83.961
44 46 54.293
44 48 49.442
44 49 25.064
44 50 33.127
44 53 91.823
44 54 7.688
44 56 93.541
44 59 63.488
44 60 13.421
44 62 40.945
44 63 44.78
44 65 11.345
44 66 5.69
44 69 79.127
44 70 34.303
44 73 44.491
44 74 77.104
44 75 27.924
44 76 14.604
44 78 81.688
44 79 28.3
44 80 15.031
44 81 78.845
44 82 86.802
44 84 50.097
44 86 81.587
44 90 36.248
44 91 72.007
44 93 87.996
44 94 77.393
44 96 86.277
44 98 25.584
44 99 3.652
45 46 85.197
45 47 90.359
45 48 58.345
45 49 27.985
45 50 40.143
45 51 41.916
45 52 97.141
45 55 70.894
45 56 22.722
45 59 37.571
45 61 8.133
45 62 10.588
45 63 99.089
45 65 1.581
45 68 4.364
45 70 9.07
45 71 18.025
45 73 41.537
45 75 29.706
45 76 83.106
45 78 7.179
45 83 53.682
45 84 10.3
45 85 23.721
45 86 96.327
45 87 98.855
45 88 37.059
45 89 93.336
45 91 22.564
45 93 30.54
45 94 13.94
45 95 96.42
45 96 58.637
45 98 21.819
46 47 91.664
46 48 29.453
46 49 1.272
46 50 10.174
46 51 42.099
46 52 67.44
46 53 24.287
46 54 56.78
46 56 45.58
46 58 93.827
46 60 6.449
46 62 42.658
46 63 66.007
46 64 62.207
46 65 65.451
46 66 21.738
46 67 68.296
46 69 43.731
46 70 87.093
46 73 35.347
46 75 11.391
46 76 36.917
46 77 94.776
46 80 39.103
46 84 68.338
46 85 77.101
46 86 26.357
46 87 93.464
46 88 39.88
46 89 53.578
46 91 49.381
46 92 51.907
46 93 56.335
46 96 77.564
46 97 16.118
46 98 33.637
47 48 29.523
47 49 52.062
47 50 27.697
47 54 39.181
47 55 70.079
47 56 87.38
47 58 8.298
47 61 39.854
47 62 76.325
47 64 77.286
47 67 30.306
47 68 53.964
47 70 84.417
47 71 36.34
47 72 4.668
47 73 34.934
47 77 82.821
47 78 5.06
47 79 3.504
47 80 29.216
47 82 15.382
47 83 53.476
47 86 39.22
47 87 23.492
47 88 76.707
47 89 90.358
47 90 92.859
47 91 20.38
47 93 56.941
47 95 87.153
47 98 36.019
47 99 43.109
48 49 93.936
48 50 37.877
48 51 10.288
48 52 31.996
48 53 59.454
48 55 55.139
48 56 89.273
48 57 84.692
48 58 78.671
48 61 40.774
48 65 31.582
48 66 86.203
48 67 91.374
48 68 87.895
48 69 49.782
48 73 91.065
48 74 87.726
48 75 83.801
48 76 84.224
48 80 75.821
48 82 44.236
48 83 99.171
48 84 22.384
48 86 26.717
48 87 0.893
48 88 71.341
48 89 47.923
48 90 37.015
48 93 32.321
48 94 11.355
48 96 29.733
48 98 61.867
49 50 9.316
49 51 27.681
49 52 97.561
49 53 50.651
49 54 46.256
49 56 49.929
49 57 24.514
49 61 25.894
49 62 27.581
49 65 22.562
49 68 14.525
49 69 33.768
49 70 78.305
49 71 5.756
49 72 9.479
49 73 90.483
49 74 68.216
49 75 98.374
49 76 1.199
49 77 90.044
49 78 66.466
49 82 54.826
49 83 74.944
49 84 73.007
49 85 62.244
49 86 35.725
49 89 12.723
49 90 94.06
49 92 31.712
49 93 60.645
49 94 15.653
49 95 55.785
49 96 7.2
49 99 46.19
50 52 0.98
50 53 60.703
50 55 54.909
50 56 73.505
50 58 6.205
50 59 92.524
50 60 47.77
50 62 73.411
50 64 6.324
50 65 69.487
50 66 8.279
50 68 57.859
50 71 11.343
50 73 66.066
50 75 80.468
50 76 96.1
50 79 24.914
50 80 25.707
50 81 95.312
50 82 83.644
50 83 21.38
50 85 32.609
50 86 21.576
50 87 87.747
50 89 55.067
50 90 39.442
50 91 24.15
50 92 80.151
50 93 37.536
50 95 50.598
50 96 90.592
50 97 60.978
50 98 63.009
51 52 2.499
51 53 76.195
51 56 97.746
51 58 29.203
51 59 86.409
51 60 11.233
51 61 53.982
51 62 29.743
51 63 23.247
51 66 44.436
51 67 43.307
51 69 78.965
51 71 96.595
51 72 44.1
51 74 42.958
51 75 26.456
51 78 14.701
51 79 85.951
51 81 57.706
51 83 99.306
51 85 58.972
51 86 37.229
51 87 64.48
51 88 26.737
51 89 27.937
51 91 83.053
51 92 10.557
51 93 90.485
51 94 8.819
51 96 36.837
51 97 92.325
52 54 31.518
52 55 64.379
52 56 49.225
52 57 21.038
52 59 11.745
52 60 18.49
52 61 56.733
52 64 55.95
52 66 35.615
52 67 74.517
52 69 52.957
52 70 37.557
52 71 60.186
52 72 0.94
52 74 49.743
52 78 37.977
52 79 62.029
52 82 34.375
52 84 36.512
52 85 59.022
52 86 91.57
52 89 44.124
52 91 17.283
52 93 66.089
52 95 50.31
52 97 69.261
52 98 50.427
52 99 87.187
53 55 17.029
53 56 42.136
53 57 96.862
53 58 20.833
53 59 56.716
53 61 8.497
53 62 24.992
53 63 93.856
53 64 77.406
53 65 81.286
53 67 87.061
53 68 33.272
53 69 80.052
53 70 66.805
53 71 86.056
53 74 42.498
53 75 26.102
53 77 7.645
53 79 38.318
53 80 51.625
53 83 13.636
53 84 57.596
53 86 9.552
53 88 96.247
53 90 32.074
53 93 39.307
53 94 27.479
53 97 11.902
53 98 13.067
54 56 81.701
54 58 92.491
54 59 74.825
54 60 95.073
54 61 26.209
54 62 73.113
54 63 7.283
54 65 91.245
54 66 17.177
54 67 18.095
54 70 66.937
54 72 44.73
54 73 10.725
54 76 21.158
54 77 17.985
54 78 92.955
54 81 65.55
54 83 67.902
54 85 89.602
54 87 70.473
54 88 7.888
54 89 65.565
54 90 14.132
54 91 12.376
54 92 27.861
54 93 37.088
54 94 99.127
54 96 30.211
54 97 39.107
54 99 91.672
55 56 16.821
55 57 70.321
55 58 42.505
55 59 32.37
55 61 81.857
55 62 79.533
55 63 11.617
55 64 80.88
55 65 94.252
55 66 30.508
55 67 56.011
55 71 83.595
55 74 99.361
55 76 26.558
55 78 46.805
55 80 51.166
55 81 68.551
55 83 80.396
55 84 29.301
55 85 89.795
55 87 17.572
55 90 10.547
55 91 0.793
55 93 34.244
55 95 85.32
55 96 8.794
55 97 21.128
55 98 45.955
55 99 58.869
56 57 52.338
56 58 49.784
56 60 18.942
56 62 55.733
56 64 27.403
56 65 93.392
56 66 0.774
56 69 2.055
56 70 38.888
56 71 96.106
56 74 53.881
56 75 69.365
56 77 71.998
56 78 9.934
56 79 40.702
56 80 17.447
56 84 48.99
56 85 39.953
56 86 99.467
56 89 45.575
56 91 74.54
56 93 9.485
56 94 69.158
56 96 51.065
56 97 86.516
56 98 90.485
56 99 19.507
57 59 86.161
57 60 96.909
57 62 84.331
57 63 12.067
57 64 81.106
57 66 88.04
57 70 30.105
57 71 72.222
57 72 22.066
57 75 73.807
57 76 33.447
57 77 96.843
57 78 24.652
57 79 33.431
57 80 73.974
57 81 50.409
57 82 73.352
57 83 60.87
57 84 78.685
57 86 43.374
57 87 21.281
57 88 90.759
57 89 20.431
57 91 18.248
57 93 49.226
57 94 29.279
57 95 20.74
57 96 33.143
57 97 53.565
57 98 50.841
57 99 76.411
58 59 23.304
58 62 64.841
58 64 99.104
58 68 93.092
58 69 13.147
58 70 80.404
58 72 73.014
58 73 84.471
58 75 6.089
58 79 75.764
58 81 9.691
58 82 70.906
58 84 21.604
58 85 83.98
58 86 97.454
58 87 84.796
58 88 44.785
58 89 40.549
58 92 74.282
58 93 54.285
58 94 82.794
58 95 50.175
58 97 65.79
59 61 51.297
59 62 49.033
59 64 32.804
59 65 44.174
59 66 8.215
59 67 39.351
59 68 89.162
59 69 49.877
59 70 47.524
59 72 12.748
59 73 27.497
59 75 37.56
59 77 53.876
59 78 41.884
59 80 28.949
59 81 37.408
59 82 23.526
59 83 99.292
59 84 69.156
59 85 35.036
59 86 26.129
59 87 62.185
59 88 14.236
59 90 58.767
59 91 25.355
59 92 1.6
59 93 57.928
59 96 32.528
59 98 35.311
60 61 48.588
60 62 47.418
60 63 60.799
60 64 95.51
60 65 44.172
60 66 67.591
60 67 61.262
60 68 83.045
60 69 80.192
60 70 65.594
60 71 69.005
60 72 62.67
60 74 55.641
60 76 51.068
60 77 29.375
60 78 54.808
60 80 96.226
60 82 63.135
60 83 89.062
60 87 57.056
60 88 70.751
60 89 65.113
60 91 6.25
60 92 23.697
60 95 75.411
60 98 57.904
60 99 81.622
61 62 30.769
61 63 21.217
61 64 23.255
61 65 88.31
61 66 89.276
61 67 1.751
61 68 84.154
61 69 22.259
61 70 57.91
61 71 39.956
61 72 42.691
61 75 79.605
61 78 16.968
61 79 92.359
61 82 42.227
61 83 27.383
61 85 79.736
61 88 93.752
61 89 59.896
61 91 87.128
61 93 92.189
61 94 32.762
61 95 23.476
61 96 38.731
61 97 57.573
61 98 82.901
62 64 59.466
62 65 59.788
62 66 63.59
62 67 79.993
62 69 65.093
62 70 43.164
62 71 60.856
62 73 89.206
62 74 50.909
62 76 88.581
62 77 23.812
62 78 56.779
62 79 55.568
62 81 44.944
62 82 31.889
62 83 8.402
62 85 68.828
62 87 98.102
62 88 94.809
62 89 53.551
62 92 73.452
62 93 97.233
62 95 66.774
62 96 56.642
62 97 28.913
62 98 63.663
63 64 97.207
63 65 80.224
63 66 15.514
63 68 52.888
63 69 48.778
63 70 3.784
63 73 57.596
63 75 49.871
63 78 11.117
63 79 19.235
63 80 17.349
63 81 75.097
63 82 60.977
63 83 10.435
63 86 3.591
63 89 45.181
63 90 82.011
63 93 82.987
63 95 53.751
63 97 84.314
63 98 89.484
63 99 3.733
64 65 84.746
64 72 23.487
64 74 54.9
64 76 72.317
64 77 73.196
64 79 95.575
64 80 75.447
64 85 1.811
64 86 87.693
64 87 99.675
64 88 71.66
64 91 25.058
64 92 57.607
64 93 22.61
64 94 63.741
64 95 16.701
64 98 20.93
65 66 8.501
65 68 69.6
65 69 85.25
65 71 32.087
65 72 57.796
65 73 33.601
65 74 46.651
65 76 57.854
65 79 77.389
65 82 94.442
65 85 97.109
65 86 21.62
65 87 48.789
65 89 14.086
65 91 73.393
65 92 48.137
65 93 30.126
65 95 65.406
65 96 3.115
65 97 57.336
65 98 42.035
65 99 16.314
66 67 8.648
66 69 59.437
66 71 45.533
66 72 33.461
66 78 53.494
66 81 88.094
66 82 61.425
66 83 36.614
66 84 62.022
66 86 31.253
66 87 83.004
66 88 93.041
66 89 51.584
66 90 77.138
66 91 79.647
66 92 36.126
66 94 65.187
66 96 73.442
66 97 40.332
66 99 25.224
67 68 18.245
67 69 18.113
67 70 40.676
67 71 29.654
67 72 46.314
67 73 90.091
67 74 39.006
67 75 20.335
67 76 53.872
67 77 37.726
67 79 90.861
67 80 42.66
67 81 87.948
67 83 77.097
67 85 64.865
67 86 66.661
67 88 70.195
67 90 13.16
67 91 33.943
67 92 34.664
67 93 70.236
67 95 70.961
67 97 46.869
67 98 48.127
67 99 67.987
68 69 75.828
68 70 11.12
68 71 89.118
68 72 17.512
68 73 62.726
68 74 74.479
68 77 27.46
68 79 82.398
68 81 87.599
68 83 28.459
68 84 18.814
68 87 13.007
68 88 20.256
68 90 80.45
68 91 4.864
68 92 15.423
68 95 57.077
68 96 9.293
68 97 84.558
68 99 89.502
69 71 24.803
69 72 47.132
69 74 99.708
69 75 25.665
69 76 30.95
69 78 73.095
69 79 88.364
69 81 91.16
69 82 9.408
69 84 37.174
69 87 70.205
69 88 47.078
69 90 2.749
69 91 18.341
69 92 12.283
69 93 15.363
69 94 49.342
69 95 72.037
69 98 2.071
69 99 7.332
70 71 61.601
70 72 74.005
70 73 22.633
70 74 40.017
70 75 22.796
70 76 33.707
70 77 15.69
70 78 61.533
70 79 19.118
70 82 33.637
70 83 12.46
70 84 79.784
70 85 47.496
70 86 2.381
70 88 59.925
70 89 56.392
70 90 98.622
70 91 75.831
70 94 67.533
70 97 19.344
70 99 78.135
71 72 47.924
71 73 66.805
71 74 41.471
71 80 41.536
71 82 5.54
71 83 88.589
71 85 50.771
71 87 10.404
71 88 56.015
71 89 14.995
71 90 60.892
71 94 16.198
71 95 21.662
71 97 61.24
72 73 95.252
72 75 16.323
72 76 59.198
72 77 71.411
72 78 26.993
72 79 87.264
72 80 73.883
72 81 63.991
72 82 30.665
72 83 77.471
72 84 60.165
72 85 42.664
72 87 3.846
72 88 80.515
72 89 81.923
72 90 75.338
72 91 26.355
72 93 28.206
72 94 21.445
72 95 10.138
72 96 59.428
72 97 41.153
73 77 43.991
73 78 14.993
73 79 23.48
73 80 20.433
73 81 98.59
73 83 54.277
73 86 52.46
73 89 91.705
73 93 84.701
73 97 94.511
73 99 44.394
74 75 12.314
74 77 90.347
74 79 3.952
74 80 60.113
74 81 82.224
74 82 88.065
74 84 2.448
74 86 39.772
74 88 49.345
74 89 6.606
74 90 8.531
74 91 92.332
74 93 24.586
74 94 24.294
74 95 61.467
74 97 29.234
74 99 91.91
75 76 72.501
75 77 24.409
75 78 66.119
75 79 18.428
75 80 5.828
75 82 74.362
75 83 88.092
75 86 15.213
75 88 24.172
75 89 68.136
75 90 44.981
75 91 64.443
75 93 36.033
75 94 89.933
75 95 4.434
75 97 4.145
76 77 18.355
76 79 55.032
76 80 0.929
76 81 93.445
76 83 89.876
76 85 55.871
76 86 60.045
76 87 0.359
76 88 72.017
76 89 18.949
76 90 90.111
76 91 51.406
76 92 21.551
76 93 56.714
76 95 43.962
76 96 72.421
76 97 14.527
76 98 66.231
76 99 17.208
77 78 63.189
77 79 20.595
77 80 39.376
77 81 58.037
77 82 99.148
77 84 98.136
77 87 31.775
77 88 88.023
77 91 20.233
77 92 94.688
77 95 67.106
77 96 5.113
77 97 48.196
77 98 91.672
78 79 6.131
78 81 53.002
78 82 74.723
78 83 36.303
78 84 38.303
78 85 97.936
78 87 83.44
78 89 78.537
78 90 48.869
78 93 7.096
78 94 30.784
78 95 78.882
78 96 64.698
78 97 63.008
78 98 58.716
79 80 39.576
79 83 92.715
79 84 69.039
79 86 2.814
79 87 19.256
79 89 66.513
79 90 95.816
79 91 8.641
79 92 79.847
79 95 68.966
79 96 3.28
79 98 28.283
79 99 79.562
80 81 54.731
80 82 82.164
80 84 44.908
80 86 21.171
80 87 43.782
80 88 36.996
80 90 16.835
80 91 56.805
80 92 1.358
80 93 13.676
80 95 99.211
80 96 10.905
80 97 32.307
80 98 41.21
81 82 22.832
81 85 74.342
81 86 92.486
81 87 3.016
81 88 29.684
81 89 89.891
81 90 44.829
81 91 83.488
81 92 82.85
81 93 12.601
81 94 36.353
81 95 74.984
81 98 56.614
81 99 40.863
82 83 33.453
82 84 62.919
82 85 72.212
82 86 28.004
82 87 92.421
82 95 15.741
82 96 42.663
83 84 96.893
83 85 68.681
83 86 24.669
83 87 4.264
83 88 13.17
83 89 16.348
83 91 37.519
83 94 65.537
83 96 37.66
83 97 50.646
83 98 57.567
83 99 85.081
84 85 76.513
84 90 27.519
84 91 8.268
84 92 18.295
84 93 65.255
84 94 21.784
84 96 10.858
84 97 28.956
84 98 80.347
84 99 55.459
85 86 7.961
85 87 49.958
85 89 34.088
85 91 16.806
85 93 68.57
85 97 66.609
85 98 37.576
85 99 24.942
86 92 61.459
86 93 94.72
86 94 98.085
86 95 6.303
86 96 27.631
86 98 52.527
86 99 29.119
87 88 63.683
87 89 45.438
87 91 17.522
87 92 63.823
87 93 26.609
87 95 94.509
87 99 61.362
88 89 19.899
88 90 76.616
88 91 98.208
88 95 23.113
88 98 77.21
88 99 39.34
89 90 5.01
89 91 63.631
89 93 60.112
89 94 48.667
89 95 73.752
89 97 47.959
89 98 71.359
90 92 93.779
90 94 44.994
90 95 86.301
90 97 85.502
90 98 54.086
90 99 39.291
91 93 92.759
92 93 35.872
92 94 72.282
92 95 5.526
92 96 63.104
92 97 87.153
92 99 69.855
93 94 61.123
93 97 37.084
93 99 68.025
94 96 3.974
94 97 96.954
94 98 69.168
94 99 50.184
95 96 32.879
95 97 46.659
95 99 63.208
96 98 45.696
96 99 60.776
97 98 11.335
97 99 39.036
