99
0 1 5.46
0 2 5.088
0 3 5.084
0 4 6.954
0 5 4.117
0 6 5.184
0 7 4.806
0 8 4.68
0 9 3.545
0 10 4.758
0 11 4.638
0 12 5.894
0 13 2.921
0 14 4.81
0 15 5.022
0 16 5.263
0 17 5.886
0 18 2.628
0 19 4.936
0 20 4.691
0 21 6.937
0 22 3.882
0 23 5.014
0 24 6.206
0 25 4.026
0 26 4.508
0 27 3.545
0 28 4.733
0 29 4.365
0 30 6.81
0 31 7.367
0 32 3.868
0 33 4.034
0 34 3.561
1 2 6.513
1 3 4.484
1 4 3.805
1 5 5.831
1 6 4.832
1 7 4.317
1 8 3.412
1 9 5.477
1 10 5.448
1 11 4.624
1 12 5.585
1 13 5.342
1 14 6.546
1 15 2.917
1 16 6.363
1 17 6.116
1 18 3.515
1 19 4.282
1 20 4.489
1 21 4.717
1 22 3.98
1 23 6.038
1 24 6.766
1 25 5.597
1 26 6.164
1 27 4.721
1 28 6.268
1 29 4.601
1 30 4.98
1 31 4.887
1 32 4.908
1 35 3.465
1 36 4.383
2 3 4.995
2 4 5.089
2 5 6.342
2 6 4.633
2 7 5.489
2 8 4.189
2 9 3.853
2 10 4.403
2 11 6.504
2 12 4.469
2 13 4.823
2 14 4.787
2 15 4.666
2 16 4.872
2 17 5.311
2 18 6.103
2 19 4.541
2 20 5.446
2 21 5.152
2 22 6.429
2 23 5.581
2 24 5.585
2 25 6.054
2 26 4.912
2 27 1.75
2 28 6.208
2 29 7.59
2 30 5.746
2 31 6.513
2 32 4.547
2 37 4.085
2 38 2.52
3 4 5.917
3 5 6.149
3 6 4.701
3 7 3.679
3 8 4.753
3 9 5.827
3 10 2.542
3 11 5.82
3 12 4.988
3 13 4.595
3 14 4.275
3 15 6.144
3 16 5.172
3 17 4.468
3 18 5.143
3 19 5.472
3 20 4.67
3 21 5.426
3 22 5.781
3 23 6.319
3 24 6.521
3 25 4.288
3 26 5.08
3 27 5.799
3 28 5.25
3 29 4.521
3 30 3.779
3 31 4.338
3 32 4.967
3 39 3.206
3 40 2.108
4 5 3.338
4 6 5.629
4 7 3.992
4 8 4.918
4 9 4.224
4 10 4.169
4 11 4.139
4 12 4.96
4 13 4.519
4 14 5.597
4 15 7.991
4 16 5.288
4 17 6.821
4 18 6.832
4 19 4.963
4 20 5.413
4 21 4.536
4 22 4.142
4 23 4.422
4 24 5.773
4 25 4.247
4 26 4.341
4 27 5.902
4 28 3.861
4 29 4.837
4 30 7.373
4 31 5.82
4 32 6.615
4 41 4.823
4 42 3.706
5 6 6.046
5 7 4.276
5 8 5.213
5 9 5.711
5 10 5.23
5 11 5.11
5 12 5.672
5 13 4.849
5 14 3.548
5 15 4.857
5 16 4.58
5 17 4.444
5 18 6.154
5 19 4.921
5 20 6.414
5 21 4.766
5 22 5.227
5 23 4.864
5 24 5.203
5 25 6.877
5 26 5.147
5 27 4.353
5 28 5.979
5 29 5.809
5 30 3.875
5 31 6.22
5 32 5.974
5 43 2.064
5 44 1.969
6 7 5.617
6 8 5.122
6 9 4.666
6 10 4.99
6 11 5.395
6 12 6.352
6 13 6.315
6 14 4.205
6 15 3.459
6 16 4.861
6 17 4.532
6 18 6.662
6 19 6.121
6 20 6.306
6 21 3.309
6 22 6.429
6 23 3.255
6 24 5.445
6 25 7.085
6 26 3.239
6 27 4.987
6 28 3.478
6 29 4.443
6 30 6.077
6 31 5.26
6 32 3.343
6 45 2.465
6 46 3.175
7 8 3.185
7 9 5.973
7 10 6.125
7 11 5.651
7 12 5.548
7 13 4.664
7 14 5.621
7 15 6.484
7 16 5.701
7 17 5.905
7 18 3.524
7 19 4.582
7 20 5.655
7 21 4.5
7 22 5.241
7 23 6.259
7 24 5.378
7 25 4.791
7 26 2.899
7 27 4.943
7 28 6.205
7 29 5.187
7 30 4.881
7 31 4.712
7 32 5.903
7 47 3.951
7 48 3.595
8 9 6.253
8 10 4.907
8 11 5.969
8 12 4.598
8 13 4.3
8 14 6.784
8 15 4.623
8 16 4.861
8 17 6.892
8 18 6.422
8 19 5.92
8 20 5.246
8 21 2.958
8 22 2.312
8 23 5.247
8 24 6.811
8 25 6.368
8 26 6.358
8 27 5.148
8 28 2.827
8 29 3.477
8 30 5.76
8 31 6.746
8 32 3.314
8 49 2.309
8 50 2.98
9 10 5.066
9 11 3.699
9 12 5.469
9 13 5.015
9 14 4.654
9 15 5.014
9 16 5.058
9 17 6.055
9 18 5.152
9 19 5.455
9 20 2.884
9 21 6.41
9 22 5.749
9 23 5.322
9 24 4.858
9 25 6.781
9 26 6.595
9 27 5.99
9 28 3.954
9 29 4.668
9 30 6.124
9 31 4.944
9 32 5.23
9 51 0.752
9 52 3.915
10 11 5.4
10 12 5.04
10 13 5.429
10 14 4.653
10 15 4.653
10 16 5.379
10 17 3.918
10 18 5.112
10 19 4.674
10 20 5.088
10 21 4.516
10 22 5.189
10 23 6.01
10 24 5.208
10 25 4.87
10 26 6.516
10 27 5.943
10 28 5.033
10 29 6.276
10 30 4.36
10 31 4.288
10 32 5.462
10 53 2.784
10 54 3.512
11 12 6.384
11 13 6.107
11 14 4.728
11 15 5.781
11 16 5.626
11 17 5.326
11 18 5.574
11 19 3.963
11 20 4.401
11 21 4.333
11 22 4.75
11 23 5.843
11 24 4.66
11 25 3.499
11 26 5.043
11 27 5.092
11 28 5.247
11 29 3.93
11 30 4.188
11 31 6.561
11 32 6.388
11 55 2.965
11 56 4.512
12 13 5.434
12 14 4.383
12 15 4.771
12 16 6.898
12 17 6.282
12 18 4.841
12 19 5.423
12 20 3.557
12 21 4.324
12 22 5.53
12 23 5.741
12 24 5.279
12 25 4.35
12 26 6.263
12 27 3.712
12 28 4.55
12 29 4.808
12 30 4.046
12 31 4.554
12 32 4.326
12 57 2.448
12 58 3.21
13 14 4.693
13 15 6.321
13 16 3.138
13 17 4.253
13 18 5.164
13 19 5.917
13 20 4.744
13 21 5.563
13 22 3.886
13 23 4.594
13 24 5.529
13 25 3.143
13 26 6.067
13 27 4.453
13 28 3.781
13 29 5.372
13 30 5.057
13 31 4.509
13 32 4.192
13 59 2.118
13 60 3.592
14 15 4.013
14 16 5.635
14 17 3.543
14 18 4.709
14 19 4.108
14 20 6.425
14 21 5.596
14 22 6.286
14 23 5.809
14 24 6.992
14 25 4.81
14 26 3.954
14 27 5.436
14 28 5.844
14 29 5.086
14 30 3.831
14 31 5.015
14 32 4.882
14 61 3.392
14 62 2.725
15 16 7.19
15 17 6.19
15 18 5.879
15 19 4.517
15 20 5.565
15 21 4.506
15 22 4.541
15 23 5.125
15 24 4.641
15 25 5.19
15 26 5.055
15 27 4.793
15 28 5.57
15 29 6.549
15 30 4.945
15 31 5.238
15 32 6.581
15 63 3.581
15 64 3.199
16 17 5.14
16 18 5.848
16 19 4.697
16 20 6.703
16 21 3.955
16 22 4.722
16 23 6.017
16 24 4.681
16 25 4.468
16 26 6.271
16 27 5.026
16 28 5.106
16 29 5.319
16 30 5.013
16 31 5.388
16 32 4.03
16 65 2.609
16 66 4.155
17 18 5.219
17 19 2.889
17 20 3.784
17 21 6.11
17 22 3.274
17 23 4.448
17 24 4.244
17 25 7.119
17 26 3.581
17 27 3.6
17 28 2.977
17 29 3.711
17 30 3.763
17 31 5.645
17 32 3.576
17 67 2.181
17 68 4.422
18 19 4.255
18 20 5.752
18 21 2.771
18 22 5.008
18 23 6.719
18 24 4.693
18 25 4.39
18 26 6.393
18 27 6.298
18 28 6.703
18 29 5.226
18 30 6.021
18 31 5.788
18 32 5.12
18 69 2.586
18 70 2.562
19 20 4.404
19 21 5.808
19 22 4.7
19 23 5.585
19 24 6.646
19 25 5.772
19 26 5.943
19 27 6.169
19 28 4.359
19 29 3.436
19 30 3.805
19 31 3.652
19 32 4.143
19 71 4.438
19 72 1.393
20 21 4.091
20 22 5.249
20 23 3.503
20 24 3.274
20 25 4.956
20 26 4.27
20 27 5.234
20 28 4.565
20 29 5.472
20 30 4.858
20 31 4.965
20 32 4.521
20 73 1.307
20 74 2.818
21 22 4.273
21 23 4.865
21 24 6.196
21 25 4.814
21 26 6.569
21 27 5.26
21 28 6.274
21 29 4.335
21 30 3.949
21 31 4.75
21 32 3.86
21 75 1.406
21 76 4.973
22 23 6.108
22 24 4.889
22 25 5.482
22 26 5.777
22 27 6.301
22 28 4.131
22 29 4.015
22 30 5.013
22 31 3.849
22 32 4.234
22 77 2.122
22 78 2.165
23 24 3.576
23 25 6.162
23 26 4.999
23 27 4.453
23 28 3.828
23 29 5.957
23 30 5.032
23 31 3.253
23 32 5.466
23 79 4.212
23 80 3.765
24 25 5.718
24 26 7.349
24 27 5.317
24 28 6.273
24 29 3.393
24 30 4.901
24 31 6.077
24 32 4.879
24 81 2.328
24 82 3.082
25 26 5.006
25 27 6.273
25 28 4.908
25 29 3.916
25 30 6.269
25 31 4.283
25 32 6.447
25 83 4.271
25 84 3.877
26 27 6.219
26 28 5.505
26 29 4.935
26 30 3.938
26 31 3.656
26 32 4.92
26 85 2.095
26 86 4.722
27 28 4.429
27 29 3.783
27 30 5.301
27 31 6.123
27 32 6.22
27 87 2.472
27 88 3.15
28 29 5.411
28 30 4.48
28 31 6.247
28 32 6.363
28 89 2.525
28 90 3.286
29 30 4.932
29 31 3.903
29 32 4.559
29 91 3.468
29 92 3.81
30 31 6.236
30 32 5.162
30 93 3.469
30 94 5.038
31 32 3.304
31 95 3.127
31 96 3.318
32 97 1.615
32 98 2.163
33 35 2.33
34 36 3.816
37 39 2.887
38 40 3.385
41 43 3.747
42 44 1.671
45 47 2.91
46 48 2.814
49 51 3.81
50 52 4.167
53 55 3.539
54 56 1.009
57 59 2.158
58 60 2.085
61 63 4.81
62 64 1.384
65 67 3.898
66 68 4.06
69 71 3.748
70 72 4.106
73 75 3.364
74 76 2.11
77 79 4.273
78 80 3.944
81 83 2.062
82 84 3.39
85 87 3.525
86 88 4.061
89 91 2.632
90 92 2.871
93 95 3.124
94 96 3.771