100
0 1 32.288
0 4 50.359
0 13 66.341
0 14 18.46
0 15 81.459
0 19 45.325
0 22 43.671
0 25 98.757
0 28 28.97
0 31 46.214
0 33 28.298
0 36 95.717
0 48 90.015
0 52 90.596
0 60 55.563
0 63 54.651
0 66 26.982
0 67 66.815
0 68 3.428
0 70 51.294
0 76 48.785
0 90 86.376
0 96 34.36
1 3 19.603
1 4 82.641
1 11 4.266
1 12 43.53
1 17 71.569
1 19 66.86
1 26 92.212
1 30 94.553
1 32 43.655
1 33 4.583
1 36 50.136
1 39 50.909
1 45 34.457
1 57 78.673
1 61 12.466
1 62 40.341
1 66 20.475
1 67 89.043
1 76 61.363
1 94 56.957
1 96 3.282
1 99 1.621
2 10 27.22
2 20 38.728
2 22 29.471
2 31 73.565
2 34 74.238
2 43 58.59
2 45 55.254
2 46 41.123
2 52 84.742
2 55 49.029
2 56 34.012
2 57 84.234
2 58 96.172
2 60 90.9
2 64 70.75
2 72 95.421
2 78 2.03
2 79 20.912
2 80 2.656
2 81 25.971
2 84 11.099
2 86 36.249
2 97 43.727
3 4 10.128
3 8 23.042
3 17 39.656
3 18 27.025
3 19 81.253
3 20 75.686
3 25 46.139
3 32 16.029
3 33 72.269
3 44 51.311
3 50 38.601
3 56 34.971
3 62 51.207
3 73 45.757
3 75 3.074
3 80 77.547
3 81 9.838
3 85 13.59
3 88 25.608
3 97 53.806
3 98 48.023
4 13 88.888
4 15 95.354
4 21 75.305
4 26 52.963
4 27 79.382
4 47 28.519
4 49 43.293
4 54 49.893
4 56 69.3
4 62 59.001
4 63 66.241
4 71 38.634
4 72 89.079
4 74 86.15
4 78 52.122
4 82 19.59
4 83 35.808
4 90 47.66
5 8 36.152
5 11 7.509
5 27 53.363
5 32 32.849
5 35 68.573
5 37 65.041
5 40 90.167
5 44 17.357
5 45 40.131
5 46 49.612
5 57 50.469
5 78 9.253
5 85 67.987
5 88 58.308
5 96 46.741
6 7 46.885
6 15 74.749
6 20 96.597
6 23 97.486
6 25 60.098
6 29 35.076
6 37 96.956
6 40 23.3
6 44 53.216
6 47 94.031
6 57 36.869
6 66 57.285
6 69 62.31
6 73 27.167
6 82 39.966
6 85 96.328
6 86 58.698
6 91 10.819
7 9 38.915
7 12 48.253
7 26 92.238
7 28 70.286
7 29 55.807
7 33 34.524
7 42 78.442
7 46 77.432
7 52 32.617
7 55 88.202
7 60 53.773
7 63 93.006
7 67 78.512
7 69 77.087
7 76 33.921
7 79 4.039
7 82 46.669
7 91 9.011
7 99 2.135
8 13 46.954
8 20 25.095
8 30 22.465
8 36 29.426
8 56 66.636
8 57 44.082
8 61 96.508
8 65 13.41
8 67 18.873
8 83 9.208
8 87 34.263
8 88 84.843
8 89 90.835
8 95 14.746
9 12 35.695
9 16 73.116
9 27 52.917
9 38 74.478
9 49 15.375
9 50 54.331
9 51 73.532
9 55 56.89
9 72 83.197
9 74 41.92
9 77 77.482
9 78 15.075
9 79 53.377
9 83 22.795
9 93 63.057
9 94 90.28
9 98 4.449
10 13 36.203
10 16 44.857
10 17 57.451
10 19 14.21
10 26 45.216
10 29 54.539
10 38 2.11
10 42 51.443
10 49 10.304
10 51 11.262
10 53 43.784
10 54 93.034
10 63 86.021
10 73 88.629
10 78 59.193
10 82 43.059
10 83 73.911
10 86 88.176
10 88 93.06
11 13 43.619
11 16 78.749
11 25 22.758
11 29 39.853
11 34 67.568
11 36 58.826
11 41 77.296
11 45 75.949
11 50 36.372
11 61 50.601
11 63 65.579
11 67 19.414
11 70 22.578
11 71 37.488
11 75 62.174
11 83 49.508
11 85 53.087
11 88 82.551
11 89 53.088
11 97 43.998
11 99 9.877
12 14 37.581
12 16 19.371
12 19 61.015
12 23 56.298
12 28 74.259
12 31 43.722
12 35 94.314
12 36 24.073
12 39 37.252
12 44 72.437
12 55 68.47
12 58 6.815
12 60 95.545
12 63 87.199
12 71 60.235
12 72 73.375
12 76 29.463
12 78 33.273
12 79 73.799
12 91 13.959
12 96 61.475
13 14 13.929
13 15 14.456
13 16 40.088
13 22 78.299
13 30 62.081
13 31 14.476
13 32 97.881
13 40 74.0
13 47 9.373
13 51 1.364
13 52 94.298
13 56 41.092
13 59 18.446
13 60 35.425
13 61 17.535
13 63 17.008
13 65 79.282
13 66 74.614
13 85 34.94
13 96 12.857
13 97 21.578
14 15 78.163
14 21 66.989
14 24 80.612
14 27 63.772
14 29 28.977
14 31 69.298
14 43 78.982
14 45 55.036
14 46 12.002
14 59 49.074
14 61 81.142
14 62 80.515
14 91 87.625
14 92 59.213
14 99 9.958
15 16 85.638
15 24 3.394
15 26 62.315
15 29 60.724
15 32 34.892
15 34 78.041
15 45 97.116
15 47 46.713
15 48 11.71
15 53 94.114
15 56 49.607
15 57 84.353
15 59 19.883
15 61 97.091
15 68 75.018
15 69 18.307
15 70 45.113
15 76 93.814
15 77 26.446
15 82 89.576
15 87 89.644
15 92 57.121
15 93 48.457
15 94 32.56
15 96 2.459
16 17 23.775
16 19 74.416
16 21 96.957
16 23 25.158
16 26 94.996
16 29 76.23
16 30 52.6
16 35 15.099
16 36 32.285
16 38 79.762
16 42 78.944
16 43 25.61
16 45 56.552
16 51 96.897
16 72 36.166
16 84 22.542
16 85 98.387
16 98 87.706
16 99 78.979
17 20 93.865
17 22 6.634
17 23 34.469
17 27 54.541
17 29 61.033
17 36 57.755
17 39 1.366
17 42 17.696
17 44 73.155
17 50 87.864
17 55 26.245
17 57 30.545
17 62 15.21
17 64 62.645
17 69 91.323
17 78 31.339
17 82 34.64
17 88 34.35
17 91 83.121
17 92 31.128
17 93 27.297
17 95 30.017
18 22 58.341
18 26 18.244
18 27 94.643
18 37 83.794
18 42 30.306
18 48 76.254
18 53 75.506
18 58 42.682
18 61 65.329
18 62 10.378
18 76 81.507
18 78 16.805
18 79 9.241
18 82 79.305
18 83 84.32
18 84 8.049
18 88 87.268
18 91 46.882
19 26 22.96
19 29 49.564
19 35 58.848
19 44 72.431
19 45 20.669
19 46 41.267
19 47 4.477
19 64 54.707
19 66 80.932
19 68 89.166
19 69 37.915
19 96 66.261
19 99 17.556
20 34 38.083
20 54 96.392
20 56 65.574
20 59 60.174
20 61 63.438
20 66 90.425
20 77 47.95
20 79 63.978
20 92 88.504
20 95 17.474
21 24 70.994
21 30 74.206
21 44 18.466
21 47 31.878
21 53 61.587
21 58 38.397
21 69 68.376
21 70 3.239
21 71 35.653
21 72 45.546
21 73 19.265
21 74 31.552
21 81 9.963
21 84 65.384
21 86 1.849
21 88 62.687
21 91 36.246
21 97 42.56
21 99 52.567
22 23 2.535
22 26 74.201
22 30 95.836
22 31 96.845
22 33 33.581
22 47 16.847
22 49 91.037
22 50 28.986
22 58 16.2
22 60 11.961
22 61 57.375
22 66 18.421
22 72 17.445
22 79 37.573
22 82 30.696
22 92 47.799
22 95 4.85
23 35 75.203
23 41 40.473
23 46 79.501
23 48 7.502
23 49 68.008
23 54 75.117
23 56 64.078
23 60 67.266
23 64 86.743
23 65 48.778
23 67 16.105
23 73 43.684
23 76 21.721
23 81 39.976
23 85 61.01
23 89 81.401
23 94 43.542
23 99 20.104
24 28 27.809
24 29 42.385
24 33 23.424
24 41 64.8
24 54 94.336
24 57 72.981
24 63 46.479
24 70 73.088
24 72 39.509
24 82 84.544
24 84 29.944
24 90 33.782
24 97 25.24
24 98 8.177
24 99 35.792
25 30 86.237
25 32 88.04
25 40 35.872
25 42 18.188
25 45 36.112
25 53 8.439
25 64 76.167
25 66 33.949
25 70 14.925
25 86 83.171
25 89 21.928
25 93 63.881
25 94 96.535
26 30 8.591
26 36 75.478
26 42 86.3
26 48 62.501
26 49 84.286
26 50 29.004
26 52 76.596
26 60 37.413
26 71 77.061
26 74 58.215
26 77 19.507
26 85 81.98
26 87 54.109
26 93 36.067
27 28 90.914
27 29 11.787
27 35 49.694
27 44 29.054
27 45 2.301
27 56 85.785
27 59 55.8
27 61 48.743
27 62 93.635
27 69 41.967
27 74 38.743
27 76 69.298
27 77 6.008
27 84 98.66
27 87 44.626
27 88 58.701
27 91 95.763
27 92 89.008
27 93 16.804
28 34 43.85
28 37 31.381
28 44 27.764
28 47 21.178
28 54 66.558
28 57 95.075
28 58 97.468
28 59 78.31
28 65 10.0
28 84 28.152
28 87 12.893
28 95 72.483
29 30 22.356
29 39 87.861
29 40 44.501
29 43 73.779
29 54 63.871
29 57 45.256
29 67 97.331
29 76 69.266
29 78 48.147
29 87 5.363
29 91 55.463
30 37 17.049
30 44 91.106
30 49 30.302
30 52 2.228
30 53 41.603
30 62 83.518
30 69 67.818
30 86 41.701
30 92 33.544
30 93 83.855
30 96 82.585
30 98 7.37
30 99 93.956
31 37 11.562
31 39 34.068
31 41 15.458
31 43 63.698
31 46 55.451
31 57 96.421
31 59 55.242
31 60 95.754
31 64 77.762
31 69 31.445
31 71 24.814
31 75 65.517
31 86 95.23
31 93 84.504
32 35 60.377
32 36 31.286
32 47 23.475
32 50 12.643
32 51 46.162
32 54 69.105
32 55 4.094
32 63 71.412
32 67 27.366
32 73 44.529
32 85 15.107
32 90 34.009
33 35 21.766
33 40 60.482
33 41 62.488
33 45 93.24
33 46 89.161
33 48 98.116
33 52 53.075
33 56 55.447
33 63 87.508
33 64 3.767
33 75 49.314
33 76 53.765
33 85 46.045
33 89 6.675
33 91 71.935
33 96 47.752
33 98 97.926
34 39 45.412
34 46 65.626
34 47 42.577
34 50 92.144
34 55 34.827
34 61 91.915
34 63 98.344
34 67 43.019
34 72 80.856
34 74 47.293
34 76 96.27
34 77 5.035
34 83 75.664
34 84 97.021
34 97 66.948
35 40 78.207
35 43 18.936
35 46 24.549
35 47 60.524
35 48 4.91
35 49 48.54
35 63 28.155
35 64 8.388
35 69 48.415
35 71 50.201
35 81 73.793
35 84 46.414
35 94 32.589
35 96 60.002
35 97 26.646
35 98 59.488
36 46 96.829
36 48 18.324
36 56 35.522
36 82 46.493
36 91 9.593
36 93 47.63
36 94 87.034
37 44 29.273
37 45 47.915
37 48 40.244
37 50 78.326
37 54 4.984
37 61 84.489
37 64 45.305
37 65 51.356
37 68 89.479
37 92 89.661
37 94 50.005
38 47 97.605
38 64 31.236
38 66 97.548
38 69 73.99
38 71 22.695
38 78 87.168
38 81 10.451
38 83 78.383
38 92 54.965
38 93 45.043
38 96 81.559
39 47 65.929
39 49 64.073
39 57 31.762
39 64 43.132
39 65 36.352
39 79 70.263
39 83 55.908
39 86 66.114
39 95 39.593
40 48 73.017
40 52 50.188
40 58 9.634
40 59 98.289
40 61 88.054
40 62 54.66
40 64 72.314
40 66 93.903
40 69 76.861
40 72 28.938
40 85 98.0
40 88 20.467
40 89 58.699
40 96 38.273
40 97 90.963
41 46 59.554
41 51 92.907
41 52 26.697
41 57 52.914
41 62 95.74
41 63 33.241
41 69 45.626
41 71 59.642
41 72 47.229
41 74 47.13
41 91 16.008
41 92 10.632
42 54 46.071
42 57 75.154
42 59 18.576
42 61 38.763
42 63 49.506
42 65 40.363
42 66 63.499
42 71 98.429
42 78 42.005
42 82 21.032
42 83 64.778
42 91 16.424
42 93 10.553
42 94 41.059
42 95 13.7
43 44 38.877
43 45 30.714
43 54 46.523
43 55 62.035
43 69 50.848
43 74 19.694
43 78 7.917
43 85 1.725
43 90 96.999
43 98 62.13
43 99 50.684
44 45 21.121
44 50 23.993
44 51 50.246
44 55 11.257
44 61 36.532
44 70 94.241
45 62 93.523
45 63 91.293
45 67 44.096
45 70 26.642
45 76 40.364
45 78 6.986
45 85 42.933
45 86 83.753
45 87 22.72
45 89 38.508
45 90 21.686
45 98 54.203
46 53 50.459
46 65 49.266
46 66 2.263
46 70 31.69
46 72 44.408
46 73 47.366
46 84 1.778
46 89 13.458
47 58 77.158
47 61 55.278
47 68 44.845
47 72 47.291
47 74 91.961
47 95 30.963
47 96 30.106
47 97 43.322
47 98 97.859
47 99 68.204
48 55 65.473
48 57 48.247
48 58 66.802
48 59 28.321
48 60 29.086
48 68 78.563
48 75 96.889
48 85 69.652
48 88 41.396
48 94 29.86
48 96 29.125
49 52 82.469
49 56 38.237
49 71 5.786
49 72 59.439
49 75 64.694
49 76 20.763
49 79 86.945
49 84 26.297
49 87 55.048
49 88 71.064
49 90 72.529
49 92 4.8
49 95 6.006
50 51 71.049
50 52 60.165
50 60 56.85
50 63 61.641
50 69 30.494
50 73 83.904
50 77 90.434
50 78 15.78
50 82 95.835
50 88 5.111
50 94 76.391
51 53 68.159
51 57 21.829
51 71 72.141
51 73 21.591
51 74 10.349
51 86 38.647
51 93 96.72
52 54 51.133
52 59 73.298
52 62 10.176
52 64 53.044
52 66 57.363
52 67 12.707
52 71 32.869
52 72 72.695
52 75 58.476
52 80 66.101
52 86 23.429
52 87 52.576
52 94 70.335
52 98 72.728
53 62 10.512
53 67 82.367
53 68 75.508
53 70 3.795
53 72 85.971
53 78 18.739
54 67 48.034
54 68 63.44
54 70 68.434
54 84 5.521
54 97 52.759
55 56 69.825
55 57 58.415
55 59 66.214
55 60 8.294
55 68 53.609
55 71 59.334
55 74 80.111
55 76 54.931
55 77 88.22
55 79 84.577
55 91 73.18
55 93 90.548
55 94 28.658
55 95 62.809
55 98 56.968
56 58 92.516
56 60 77.406
56 63 81.246
56 67 65.95
56 68 26.806
56 76 28.018
56 80 63.458
57 60 53.842
57 67 97.946
57 69 98.16
57 76 79.84
57 86 25.382
57 87 70.313
57 89 7.396
58 62 58.803
58 63 4.771
58 76 87.311
58 84 54.879
58 87 40.21
58 90 65.23
58 92 80.821
58 93 37.619
58 94 39.266
59 63 94.224
59 72 62.429
59 74 2.327
59 75 47.035
59 77 80.421
59 80 79.695
59 81 92.725
59 89 42.025
59 91 58.026
59 97 5.798
59 98 70.725
60 62 59.889
60 75 58.899
60 77 68.223
60 84 3.474
60 85 6.03
60 92 49.186
60 94 57.16
61 62 23.59
61 63 65.999
61 68 29.618
61 70 51.232
61 71 20.237
61 76 72.394
61 83 96.62
61 89 37.687
61 94 65.687
61 97 96.457
62 65 98.541
62 78 21.166
62 79 76.01
62 81 58.147
62 84 81.353
62 93 6.18
63 65 98.437
63 67 30.449
63 68 7.956
63 75 13.504
63 77 79.568
63 78 95.222
63 80 44.721
63 83 84.583
63 87 93.764
63 92 62.859
63 97 86.372
63 99 20.799
64 69 30.125
64 73 97.309
64 75 98.395
64 76 41.031
64 78 63.186
64 85 15.812
64 89 30.867
64 90 50.438
64 98 80.979
64 99 37.692
65 67 45.069
65 72 24.731
65 76 58.575
65 79 19.469
65 86 13.863
65 87 61.855
65 93 14.961
65 96 32.423
66 69 52.946
66 70 84.074
66 72 9.027
66 73 65.614
66 81 82.36
66 85 2.462
66 87 25.612
66 92 32.053
66 93 2.117
66 97 10.901
66 99 95.02
67 74 42.414
67 76 3.489
67 81 47.029
67 88 25.102
67 91 92.933
67 92 91.544
67 97 66.843
68 70 20.715
68 71 66.709
68 82 58.065
68 87 70.399
68 92 58.13
68 95 66.392
68 99 3.023
69 74 89.888
69 76 11.024
69 77 59.325
69 78 1.433
69 82 85.856
69 88 33.04
69 89 74.601
69 91 65.434
69 98 12.642
70 71 20.92
70 78 24.915
70 80 36.122
70 84 82.889
70 93 12.344
70 94 19.671
70 96 28.673
71 72 51.741
71 78 71.24
71 83 35.484
71 92 14.211
71 95 18.015
71 98 16.116
72 74 17.666
72 77 83.551
72 78 39.818
72 82 75.681
72 91 2.902
72 96 19.176
73 76 1.132
73 89 98.889
73 90 33.299
73 93 20.033
73 94 86.105
73 98 88.668
74 80 16.928
74 82 88.821
74 84 62.587
75 80 36.824
75 82 80.009
75 91 79.498
75 98 42.167
76 79 21.92
76 80 94.602
76 83 87.605
76 92 72.565
77 81 3.853
77 82 70.312
77 84 98.084
77 96 69.158
77 99 54.725
78 87 28.75
78 88 70.33
78 95 26.155
79 89 41.312
79 91 96.835
79 92 10.787
79 94 87.057
79 97 18.897
80 81 30.65
80 84 64.502
80 89 62.244
80 93 47.817
80 96 88.592
80 97 70.506
80 98 84.076
80 99 10.776
81 86 57.371
81 92 3.184
81 93 3.727
81 96 33.048
82 84 22.818
82 85 71.911
82 91 86.12
82 96 28.316
82 98 1.754
82 99 77.993
83 89 1.952
84 90 23.638
84 95 38.089
84 98 36.877
84 99 94.558
86 91 51.711
86 93 27.198
86 96 67.3
87 93 4.288
87 95 19.832
87 96 3.303
88 96 24.857
89 91 37.831
89 93 30.962
89 95 87.343
89 97 36.365
90 93 19.766
90 99 21.239
91 95 52.538
91 96 37.736
92 95 92.97
92 98 63.382
93 94 1.095
93 98 60.524
94 98 17.46
94 99 58.292
95 97 93.206
