100
0 1 38
0 2 10
0 3 3
0 4 75
0 5 14
0 6 37
0 7 68
0 8 55
1 9 57
1 10 84
1 11 48
1 12 15
1 13 26
1 14 35
1 15 72
1 16 59
2 17 42
2 18 1
2 19 48
2 20 94
2 21 28
2 22 48
2 23 48
2 24 46
3 25 81
3 26 95
3 27 77
3 28 55
3 29 44
3 30 6
3 31 90
3 32 53
4 33 38
4 34 37
4 35 70
4 36 5
4 37 84
4 38 70
4 39 53
4 40 26
5 41 17
5 42 37
5 43 10
5 44 15
5 45 64
5 46 71
5 47 30
5 48 87
6 49 39
6 50 71
6 51 30
6 52 70
6 53 82
6 54 43
6 55 49
6 56 83
7 57 86
7 58 82
7 59 20
7 60 52
7 61 74
7 62 76
7 63 91
7 64 91
8 65 68
8 66 82
8 67 49
8 68 82
8 69 7
8 70 71
8 71 7
8 72 16
9 73 12
9 74 16
9 75 78
9 76 4
9 77 39
9 78 53
9 79 38
9 80 93
10 81 55
10 82 67
10 83 23
10 84 17
10 85 22
10 86 88
10 87 93
10 88 75
11 89 79
11 90 63
11 91 74
11 92 73
11 93 4
11 94 64
11 95 43
11 96 89
12 97 32
12 98 89
12 99 26