56
1 9 1.1
9 8 1
8 0 1.2
17 9 1.1
9 10 1
10 18 1.3
18 17 1.2
16 24 1.1
24 25 1
17 25 1.4
16 17 1.3
25 32 1.2
32 33 1.1
33 26 1
26 25 1.5
33 41 1.4
41 42 1.3
42 34 1.2
33 34 1.1
40 48 1
48 49 1.6
49 41 1.5
41 40 1.4
42 50 1.3
50 51 1.2
51 43 1.1
42 43 1
52 53 1.7
44 52 1.6
44 45 1.5
45 53 1.4
54 55 1.3
55 47 1.2
46 54 1.1
46 47 1
43 44 1.8
35 43 1.7
36 44 1.6
37 45 1.5
38 46 1.4
35 36 1.3
37 38 1.2
45 46 1.1
38 39 1
34 35 1.9
36 37 1.8
18 26 1.7
26 27 1.6
27 34 1.5
35 28 1.4
28 27 1.3
19 27 1.2
18 19 1.1
20 28 1
20 19 2
28 29 1.9
29 36 1.8
37 30 1.7
39 31 1.6
30 31 1.5
29 30 1.4
30 38 1.3
29 37 1.2
20 21 1.1
21 29 1
21 22 2.1
22 30 2
22 23 1.9
23 15 1.8
15 14 1.7
14 22 1.6
11 10 1.5
12 13 1.4
12 20 1.3
13 22 1.2
14 6 1.1
6 7 1
5 13 2.2
6 5 2.1
4 12 2
11 3 1.9
2 10 1.8
2 3 1.7
19 12 1.6
11 12 1.5
11 19 1.4
32 41 1.3
33 25 1.2
17 27 1.1
0 1 1