98
0 1 99
1 2 10
2 3 10
3 4 10
4 5 10
5 6 10
6 7 99
7 8 10
8 9 10
9 10 99
10 11 99
11 12 10
12 13 99
13 14 10
14 15 10
15 16 10
16 17 30
17 18 30
18 19 30
19 20 30
20 21 30
21 22 30
22 23 30
23 24 30
24 25 30
25 26 30
26 27 30
27 28 30
28 29 30
29 30 30
30 31 30
31 32 1
32 33 70
33 34 1
34 35 70
35 36 1
36 37 1
37 38 70
38 39 0.001
39 40 0.001
40 41 0.001
41 42 0.001
42 43 70
43 44 70
44 45 70
45 0 70
35 60 60
60 61 61
61 62 62
62 63 63
63 64 64
64 65 65
65 66 66
66 67 67
67 68 68
68 12 12
64 69 99
69 70 1
70 71 1
71 72 99
72 73 73
73 74 15
74 75 75
75 25 99
61 80 99
80 79 10
79 78 79
78 77 78
77 76 77
76 72 50
70 81 15
81 82 15
82 92 15
92 93 15
92 94 10
93 94 2
93 95 50
94 95 10
95 96 0.001
95 97 0.01
40 90 5
39 83 5
38 84 2
37 85 15
90 91 2
83 91 59
83 86 16
84 87 80
84 88 0.8
85 89 1
91 0 99
86 59 99
87 58 99
88 57 99
89 56 99
0 59 99
46 47 1
46 48 1
46 49 1
46 50 1
46 51 1
46 52 1
46 53 1
46 54 1
46 55 1
46 56 1
46 57 1
46 58 1
46 59 1
47 48 1
47 49 1
47 50 1
47 51 1
47 52 1
47 53 1
47 54 1
47 55 1
47 56 1
47 57 1
47 58 1
47 59 1
48 49 1
48 50 1
48 51 1
48 52 1
48 53 1
48 54 1
48 55 1
48 56 1
48 57 1
48 58 1
48 59 1
49 50 1
49 51 1
49 52 1
49 53 1
49 54 1
49 55 1
49 56 1
49 57 1
49 58 1
49 59 1
50 51 1
50 52 1
50 53 1
50 54 1
50 55 1
50 56 1
50 57 1
50 58 1
50 59 1
51 52 1
51 53 1
51 54 1
51 55 1
51 56 1
51 57 1
51 58 1
51 59 1
52 53 1
52 54 1
52 55 1
52 56 1
52 57 1
52 58 1
52 59 1
53 54 1
53 55 1
53 56 1
53 57 1
53 58 1
53 59 1
54 55 1
54 56 1
54 57 1
54 58 1
54 59 1
55 56 1
55 57 1
55 58 1
55 59 1
56 57 1
56 58 1
56 59 1
57 58 1
57 59 1
58 59 1
