100
0 1 48.6
1 2 39.0
2 3 20.2
3 4 59.1
4 5 99.2
5 6 1.2
6 7 13.3
7 8 3.9
8 9 69.9
9 10 32.8
10 11 13.8
11 12 97.3
12 13 94.2
13 14 70.9
14 15 84.2
15 16 50.6
16 17 79.4
17 18 15.2
18 19 48.5
19 20 43.4
20 21 2.0
21 22 10.6
22 23 80.1
23 24 30.9
24 25 30.3
25 26 70.6
26 27 35.9
27 28 86.0
28 29 63.0
29 30 38.2
30 31 38.0
31 32 99.3
32 33 62.2
33 34 38.7
34 35 37.7
35 36 20.2
36 37 98.5
37 38 23.0
38 39 88.3
39 40 54.9
40 41 33.2
41 42 28.3
42 43 18.1
43 44 11.6
44 45 14.7
45 46 94.5
46 47 21.5
47 48 82.7
48 49 36.0
49 50 29.0
50 51 63.8
51 52 42.0
52 53 43.4
53 54 17.0
54 55 52.8
55 56 90.4
56 57 0.2
57 58 95.4
58 59 47.3
59 60 78.7
60 61 9.4
61 62 50.1
62 63 93.7
63 64 11.4
64 65 12.1
65 66 0.4
66 67 41.2
67 68 55.3
68 69 19.7
69 70 16.7
70 71 59.0
71 72 7.2
72 73 22.6
73 74 34.9
74 75 20.2
75 76 70.0
76 77 65.8
77 78 78.6
78 79 7.5
79 80 12.5
80 81 30.0
81 82 95.8
82 83 26.2
83 84 91.0
84 85 88.4
85 86 28.6
86 87 17.9
87 88 35.7
88 89 98.8
89 90 27.1
90 91 70.3
91 92 99.5
92 93 4.5
93 94 20.2
94 95 56.7
95 96 61.9
96 97 77.0
97 98 5.4
98 99 88.5
99 0 23.4
83 59 43.7
94 39 8.0
31 90 38.0
84 46 11.0
81 33 41.3
35 0 77.6
72 46 75.2
94 69 19.4
26 5 24.6
96 59 81.6
34 83 14.6
12 95 30.0
21 39 37.3
8 11 59.4
87 60 71.1
45 87 89.3
21 45 37.2
96 30 65.4
56 36 53.0
17 81 31.6
52 92 43.1
81 9 12.8
3 45 55.4
4 17 54.9
97 66 58.3
76 44 61.4
53 39 29.6
94 17 27.9
25 72 64.2
56 39 18.2
83 25 22.4
46 4 84.3
56 22 33.7
50 80 22.4
46 34 96.3
62 48 40.4
4 23 99.5
61 45 39.0
56 1 29.6
67 15 80.9
97 90 21.7
15 14 45.7
89 30 34.6
52 27 76.7
40 85 58.4
24 64 44.8
94 49 49.0
88 21 29.6
39 44 96.0
14 38 6.2
75 77 46.2
37 48 28.7
88 77 52.3
84 22 23.3
16 15 74.2
54 65 63.2
29 44 55.0
87 43 49.2
34 58 9.4
73 23 14.3
34 32 33.3
91 44 9.6
86 88 45.8
23 19 21.5
64 99 45.7
45 42 53.2
0 30 53.7
62 70 81.0
26 60 62.7
77 47 42.0
90 75 8.3
87 46 48.5
1 83 44.9
42 58 58.2
44 59 29.4
57 54 79.8
34 63 86.5
87 93 36.6
88 0 26.6
83 42 3.6
75 60 94.2
58 39 24.0
63 17 44.3
4 47 92.6
38 61 70.4
89 56 58.1
26 46 61.1
0 90 33.7
19 67 54.1
24 91 71.1
35 6 76.2
94 88 52.3
77 62 58.4
81 67 83.5
58 43 36.7
22 25 57.5
32 81 85.8
49 35 0.6
44 37 5.1
5 72 38.3
78 80 72.7
48 35 16.6
5 64 1.0
35 86 47.5
80 79 88.7
32 27 41.7
72 1 13.4
32 14 75.5
15 49 35.5
6 21 47.8
25 35 18.5
37 72 35.2
19 35 13.8
31 2 18.0
49 98 65.9
29 14 36.7
99 53 80.5
22 11 56.0
16 40 89.5
68 5 19.5
18 60 23.7
96 76 87.0
85 65 19.0
87 40 99.7
73 42 35.7
11 7 95.6
79 14 69.9
48 46 89.2
15 28 23.4
49 51 16.8
46 58 72.3
24 55 47.5
34 31 37.7
37 88 32.6
66 88 74.1
88 81 79.7
32 35 45.8
68 10 68.9
11 49 37.5
80 24 90.1
1 97 16.7
34 73 99.4
18 70 72.5
5 83 15.2
74 20 26.5
42 0 84.8
41 83 34.9
46 39 70.1
71 5 62.3
52 78 19.0
94 55 28.2
8 85 17.4
36 10 94.8
39 49 34.6
82 49 37.2
17 73 57.9
72 82 41.6
88 70 8.8
10 41 11.0
82 44 12.0
55 52 37.1
24 10 56.5
4 40 73.7
13 91 74.3
21 8 33.3
65 18 85.9
71 49 49.8
60 50 69.3
92 66 17.5
18 85 32.1
94 43 37.4
26 55 92.8
6 16 17.1
42 51 37.2
70 90 30.7
22 71 62.4
32 22 84.1
17 15 73.2
21 72 89.7
1 58 10.5
38 34 22.8
80 38 86.1
84 74 40.6
97 30 69.2
51 14 87.3
24 28 87.4
47 49 31.7
87 47 35.0
1 36 91.6
70 69 58.9
22 55 92.3
32 54 15.9
64 8 52.2
6 84 70.8
88 50 50.7
12 33 77.3
7 15 25.6
25 58 13.6
20 11 6.6
86 22 73.8
57 36 20.3
87 71 93.7
84 54 59.7
40 98 75.9
92 71 36.7
13 72 55.6
13 23 51.6
85 13 57.1
44 65 26.2
88 29 73.8
50 1 94.5
24 52 11.2
56 99 85.6
88 63 2.6
43 72 12.3
77 29 71.4
17 91 24.2
65 85 12.8
97 10 77.1
22 75 0.1
30 32 94.3
57 4 19.9
52 25 15.6
42 75 95.4
88 24 67.1
32 96 74.8
96 21 70.7
34 19 99.9
46 28 44.0
84 23 0.3
98 75 82.3
37 54 94.4
98 25 36.7
90 46 20.9
85 73 58.7
73 28 3.0
8 32 98.7
84 70 13.0
69 18 30.4
96 57 80.9
98 53 98.8
73 61 48.9
43 91 83.2
70 35 31.5
32 50 91.8
32 80 94.5
3 95 13.6
1 61 48.4
26 3 96.2
39 50 91.9
37 97 6.3
8 80 43.9
43 80 34.8
19 94 63.2
44 13 90.9
48 74 68.4
4 30 1.3
19 31 84.9
36 51 29.8
59 70 94.9
34 42 0.5
39 25 55.2
96 35 53.1
29 18 22.9
36 27 94.7
51 31 35.0
93 72 35.7
53 38 14.9
89 91 95.5
10 5 72.8
45 14 46.1
85 32 81.7
7 0 62.0
48 57 29.7
19 95 30.2
10 85 97.2
3 91 1.3
39 10 4.4
50 65 62.0
17 6 34.9
79 31 71.0
76 83 17.1
57 62 83.7
56 35 67.9
80 93 24.5
82 15 8.4
97 75 43.5
72 62 89.2
38 11 91.4
63 78 99.0
95 11 26.5
63 84 10.3
21 11 52.1
68 11 35.8
23 6 41.8
43 33 49.3
15 79 43.8
74 15 64.3
28 5 50.4
30 60 55.5
39 4 45.2
27 86 9.6
80 49 24.1
28 53 80.3
76 66 40.6
86 30 61.4
34 22 14.2
38 66 41.6
80 65 39.8
84 48 40.1
85 72 69.7
3 89 70.9
71 78 36.0
92 22 41.8
91 17 83.3
85 30 70.4
59 14 8.6
74 32 8.9
17 23 25.7
89 15 48.4
44 93 93.9
11 69 83.0
20 90 17.5
17 19 51.3
97 63 28.7
16 76 86.0
48 63 11.9
8 34 54.2
57 92 19.8
68 6 54.2
87 70 77.7
7 29 51.5
90 30 56.1
3 94 51.7
55 69 61.7
10 46 13.1
57 76 29.3
62 77 93.4
4 3 52.0
27 53 91.1
39 9 55.0
60 37 41.5
38 69 83.3
15 71 13.1
99 89 90.5
0 37 10.7
82 59 27.1
62 28 63.4
40 8 79.7
91 67 50.6
93 22 89.6
15 54 21.9
31 11 57.1
81 6 56.2
70 48 66.1
45 49 91.6
49 8 81.0
89 84 49.2
78 62 60.7
10 74 48.7
33 27 54.4
95 59 73.0
60 17 93.0
74 72 12.6
30 72 67.9
19 10 75.6
58 86 37.8
36 14 41.6
85 51 33.2
70 44 87.8
70 79 9.9
12 36 23.9
66 1 6.9
76 60 86.1
0 65 10.5
19 90 44.9
1 20 15.9
92 47 93.6
45 21 50.8
31 65 78.8
11 79 71.7
75 84 57.2
62 1 78.6
18 50 99.5
29 60 12.6
53 27 95.0
76 82 91.3
42 94 23.8
53 1 34.4
4 75 58.2
32 0 50.7
93 15 86.5
69 96 85.3
14 1 44.6
31 98 31.9
79 15 92.0
83 34 27.1
71 48 37.0
76 90 19.6
51 42 55.6
33 60 4.5
6 97 59.2
60 83 45.7
5 77 20.7
32 93 63.4
36 86 71.9
42 9 64.8
80 58 84.6
7 40 90.0
20 97 11.5
10 60 66.6
99 65 44.3
45 86 20.1
67 71 92.9
56 42 80.5
61 3 78.0
72 16 11.3
26 38 90.7
36 44 18.6
91 59 47.9
66 54 97.8
73 22 23.5
32 73 22.4
69 2 68.9
21 15 93.3
2 53 70.7
12 80 43.1
90 28 90.9
12 15 38.2
62 95 26.4
15 40 80.1
63 74 84.2
58 8 73.0
70 91 51.7
27 55 68.2
17 0 8.7
30 61 54.3
10 1 27.2
19 54 97.8
64 36 49.5
93 34 29.6
63 82 52.5
26 47 46.5
13 37 63.0
57 60 70.9
92 54 61.1
41 79 55.1
77 50 24.3
74 71 24.6
28 8 99.1
55 24 55.6
17 33 24.6
45 39 96.0
5 13 55.7
43 75 92.3
48 93 69.1
29 13 10.2
65 16 17.3
36 94 10.6
37 71 4.4
