100
0 0 16
0 1 29
0 5 1
0 8 12
0 9 63
0 11 50
0 12 78
0 15 93
0 16 31
0 17 66
0 18 37
0 21 95
0 22 29
0 24 19
0 27 47
0 30 97
0 32 72
0 34 55
0 35 16
0 37 7
0 39 12
0 40 93
0 41 58
0 43 43
0 46 41
0 47 38
0 48 24
0 52 80
0 57 82
0 58 42
0 59 31
0 60 17
0 62 65
0 67 28
0 71 94
0 72 87
0 75 89
0 77 44
0 78 72
0 79 73
0 80 31
0 85 5
0 90 4
0 94 75
0 95 3
0 98 14
0 99 6
1 1 85
1 2 43
1 3 47
1 7 19
1 8 45
1 11 84
1 12 89
1 14 45
1 18 5
1 19 74
1 20 91
1 21 10
1 27 80
1 30 4
1 31 88
1 32 70
1 33 21
1 34 71
1 35 17
1 37 20
1 39 36
1 41 83
1 43 11
1 47 82
1 49 32
1 50 39
1 51 60
1 53 1
1 55 60
1 57 71
1 58 30
1 59 93
1 61 94
1 63 81
1 67 92
1 71 39
1 74 49
1 75 65
1 76 10
1 77 91
1 78 24
1 87 47
1 88 85
1 91 13
1 92 78
1 94 82
1 96 98
1 98 81
2 3 71
2 5 20
2 6 55
2 7 83
2 11 72
2 13 36
2 14 38
2 16 38
2 20 15
2 21 31
2 22 11
2 25 12
2 26 83
2 27 12
2 30 61
2 31 60
2 32 22
2 33 19
2 37 72
2 39 97
2 40 90
2 42 20
2 43 97
2 46 76
2 47 27
2 50 92
2 51 61
2 52 78
2 53 41
2 55 82
2 56 39
2 57 95
2 58 75
2 59 83
2 60 17
2 62 39
2 63 59
2 64 39
2 65 74
2 66 27
2 67 2
2 74 30
2 75 29
2 80 92
2 84 88
2 86 44
2 87 43
2 88 19
2 90 33
2 91 48
2 95 97
2 96 19
3 4 70
3 5 29
3 7 17
3 8 4
3 9 77
3 10 83
3 11 73
3 12 22
3 13 96
3 14 26
3 15 74
3 18 48
3 19 6
3 24 7
3 25 72
3 27 11
3 28 34
3 29 89
3 31 67
3 32 6
3 34 52
3 35 98
3 37 39
3 39 55
3 40 23
3 41 55
3 45 24
3 47 57
3 52 5
3 59 30
3 60 73
3 61 8
3 63 81
3 69 40
3 71 58
3 73 42
3 77 34
3 78 67
3 79 38
3 82 36
3 86 67
3 87 5
3 90 59
3 91 32
3 92 43
3 93 19
3 95 47
3 96 74
3 97 42
3 98 13
3 99 50
4 4 58
4 5 93
4 8 61
4 11 9
4 12 55
4 15 32
4 20 82
4 28 57
4 29 38
4 31 7
4 34 3
4 36 49
4 37 83
4 42 20
4 43 65
4 46 8
4 48 38
4 50 24
4 51 70
4 52 58
4 56 49
4 61 82
4 64 89
4 65 69
4 69 79
4 71 68
4 74 55
4 76 21
4 78 20
4 79 96
4 80 74
4 81 96
4 82 15
4 86 85
4 87 78
4 88 51
4 89 80
4 90 71
4 91 56
4 92 84
4 93 88
4 94 48
4 95 71
4 96 60
4 99 42
5 6 16
5 8 32
5 18 21
5 19 24
5 21 31
5 22 42
5 23 33
5 25 58
5 29 25
5 31 91
5 32 9
5 33 50
5 34 54
5 36 77
5 39 85
5 40 79
5 46 9
5 47 26
5 48 59
5 49 52
5 50 53
5 51 77
5 54 39
5 59 5
5 61 59
5 62 46
5 63 13
5 64 56
5 69 40
5 71 92
5 76 90
5 77 53
5 78 27
5 79 45
5 80 60
5 82 45
5 83 2
5 86 86
5 88 2
5 89 25
5 90 27
5 91 70
5 93 22
5 94 35
6 6 43
6 8 67
6 9 50
6 10 8
6 11 63
6 12 40
6 13 85
6 14 57
6 16 95
6 19 23
6 21 92
6 22 5
6 23 23
6 24 83
6 26 17
6 27 4
6 31 10
6 32 74
6 33 4
6 34 33
6 37 62
6 38 73
6 39 84
6 40 38
6 42 64
6 44 20
6 46 44
6 47 92
6 48 55
6 50 64
6 54 42
6 56 77
6 58 7
6 60 89
6 62 10
6 64 75
6 65 15
6 66 13
6 69 14
6 73 56
6 74 4
6 75 37
6 78 96
6 79 38
6 80 58
6 81 34
6 82 34
6 83 32
6 84 92
6 85 73
6 91 76
6 95 74
6 99 25
7 9 65
7 11 7
7 12 39
7 13 10
7 15 95
7 17 43
7 20 89
7 26 37
7 27 56
7 29 51
7 30 34
7 32 20
7 34 90
7 35 69
7 37 53
7 38 81
7 41 74
7 42 42
7 44 54
7 46 63
7 47 7
7 49 83
7 51 29
7 54 33
7 59 52
7 60 76
7 64 49
7 67 29
7 69 11
7 77 19
7 81 33
7 82 37
7 83 97
7 85 66
7 87 91
7 88 29
7 90 54
7 92 31
7 93 85
7 97 67
7 99 75
8 14 70
8 16 2
8 17 50
8 18 13
8 19 81
8 26 11
8 27 54
8 28 13
8 30 39
8 33 19
8 34 43
8 38 72
8 45 55
8 47 44
8 48 90
8 49 35
8 50 14
8 55 17
8 59 6
8 60 91
8 63 88
8 64 67
8 66 50
8 69 16
8 70 61
8 71 60
8 72 43
8 73 52
8 78 10
8 83 54
8 84 4
8 86 98
8 87 5
8 88 44
8 89 52
8 93 10
8 96 16
8 97 22
8 98 15
9 12 70
9 15 94
9 16 13
9 17 22
9 18 57
9 21 95
9 23 66
9 24 65
9 25 9
9 26 88
9 27 91
9 28 25
9 31 80
9 36 32
9 38 1
9 39 81
9 40 61
9 44 46
9 45 73
9 46 79
9 47 82
9 49 1
9 52 25
9 55 4
9 58 12
9 59 46
9 60 22
9 61 57
9 63 94
9 69 52
9 71 79
9 72 20
9 73 16
9 74 93
9 77 77
9 78 6
9 79 4
9 80 84
9 82 96
9 86 54
9 87 21
9 89 51
9 90 44
9 93 64
9 94 22
9 98 83
9 99 35
10 10 23
10 12 85
10 13 60
10 14 59
10 15 3
10 16 87
10 18 14
10 20 92
10 22 16
10 25 30
10 26 83
10 27 79
10 29 84
10 32 24
10 37 15
10 41 63
10 42 24
10 43 30
10 45 97
10 54 1
10 56 20
10 57 6
10 58 68
10 59 76
10 60 56
10 61 68
10 62 74
10 63 82
10 64 32
10 65 78
10 66 72
10 69 53
10 71 71
10 73 40
10 75 88
10 76 31
10 78 68
10 79 55
10 83 65
10 84 8
10 87 41
10 88 45
10 92 56
10 96 20
10 97 35
10 99 32
11 14 75
11 15 37
11 16 22
11 17 64
11 18 78
11 20 40
11 22 21
11 23 70
11 24 60
11 25 68
11 27 34
11 28 46
11 29 31
11 31 31
11 34 58
11 36 55
11 43 49
11 44 54
11 45 95
11 48 6
11 50 15
11 52 93
11 53 31
11 54 14
11 55 20
11 57 35
11 63 25
11 65 54
11 66 67
11 67 32
11 69 33
11 70 5
11 73 55
11 76 85
11 81 61
11 83 16
11 85 2
11 88 1
11 91 24
11 92 25
11 96 79
11 97 92
12 14 95
12 16 28
12 17 21
12 18 2
12 20 51
12 22 65
12 23 46
12 25 36
12 26 2
12 30 42
12 35 85
12 42 19
12 46 84
12 53 41
12 54 61
12 56 31
12 60 84
12 61 25
12 66 74
12 67 11
12 68 6
12 69 54
12 70 52
12 75 37
12 76 23
12 78 10
12 80 13
12 81 28
12 82 27
12 83 73
12 85 19
12 86 32
12 89 47
12 90 23
12 91 18
12 92 79
12 93 81
12 94 65
12 95 5
12 96 7
12 97 12
12 98 21
13 14 87
13 15 92
13 17 27
13 19 42
13 20 2
13 22 34
13 23 73
13 24 45
13 25 53
13 27 87
13 28 73
13 29 82
13 30 6
13 31 75
13 33 20
13 34 44
13 36 78
13 38 24
13 39 50
13 41 79
13 42 33
13 43 74
13 44 57
13 45 39
13 47 75
13 48 69
13 49 57
13 50 8
13 51 4
13 52 81
13 53 94
13 54 65
13 55 24
13 60 40
13 62 83
13 64 75
13 66 77
13 67 65
13 70 50
13 71 50
13 72 86
13 74 75
13 78 92
13 80 80
13 81 26
13 82 47
13 84 22
13 85 58
13 86 47
13 88 88
13 95 55
13 96 41
13 98 75
14 17 7
14 23 86
14 24 96
14 26 11
14 27 33
14 29 59
14 33 60
14 36 58
14 37 45
14 38 32
14 43 15
14 47 65
14 51 32
14 52 93
14 54 27
14 59 56
14 60 33
14 64 72
14 65 84
14 71 33
14 73 50
14 76 29
14 77 60
14 80 56
14 81 22
14 82 86
14 83 86
14 84 70
14 85 73
14 86 33
14 88 3
14 91 80
14 93 55
14 95 78
14 96 98
14 99 27
15 18 29
15 19 1
15 20 53
15 22 19
15 23 51
15 25 83
15 33 28
15 34 43
15 36 27
15 37 4
15 39 86
15 43 78
15 44 14
15 45 63
15 46 44
15 49 31
15 50 98
15 51 70
15 52 93
15 53 61
15 55 90
15 61 27
15 62 2
15 64 34
15 70 30
15 71 78
15 75 15
15 76 42
15 78 39
15 79 2
15 84 45
15 85 2
15 89 85
15 91 20
15 92 41
15 94 60
15 96 24
15 97 13
16 16 69
16 18 76
16 19 98
16 21 90
16 22 23
16 23 16
16 24 79
16 25 85
16 28 63
16 31 73
16 33 61
16 35 32
16 38 1
16 39 81
16 40 41
16 43 26
16 46 86
16 47 50
16 48 96
16 52 47
16 55 59
16 56 34
16 62 44
16 63 5
16 64 86
16 65 84
16 70 83
16 71 28
16 75 41
16 77 24
16 79 58
16 80 35
16 81 45
16 82 64
16 83 74
16 86 52
16 89 50
16 92 74
16 94 1
16 95 29
16 99 59
17 18 86
17 19 64
17 21 23
17 22 7
17 23 26
17 25 93
17 28 91
17 30 98
17 31 66
17 33 48
17 35 89
17 37 41
17 38 43
17 39 13
17 40 28
17 41 83
17 43 91
17 45 70
17 51 4
17 52 57
17 53 64
17 55 9
17 56 65
17 59 85
17 60 50
17 61 56
17 62 85
17 63 66
17 66 11
17 68 16
17 73 76
17 74 5
17 75 64
17 79 26
17 81 51
17 82 63
17 83 21
17 84 48
17 85 88
17 86 25
17 87 24
17 89 59
17 92 78
17 93 39
17 97 8
17 98 87
17 99 65
18 22 81
18 23 25
18 25 75
18 28 25
18 31 7
18 32 43
18 33 23
18 35 7
18 38 65
18 40 77
18 43 21
18 44 63
18 46 58
18 47 48
18 53 34
18 54 27
18 55 15
18 57 14
18 58 80
18 59 63
18 62 21
18 64 50
18 65 53
18 67 63
18 68 5
18 71 12
18 72 64
18 74 52
18 80 17
18 82 11
18 84 10
18 85 81
18 88 65
18 90 12
18 91 1
18 92 19
18 95 38
18 96 81
19 20 32
19 21 20
19 23 24
19 25 11
19 26 34
19 27 9
19 28 85
19 29 21
19 32 46
19 34 30
19 38 20
19 39 87
19 41 23
19 43 63
19 45 98
19 48 49
19 49 73
19 51 53
19 52 74
19 53 70
19 58 9
19 61 86
19 62 28
19 66 34
19 68 91
19 71 3
19 74 79
19 75 75
19 76 26
19 80 76
19 81 73
19 82 1
19 89 41
19 93 49
19 94 77
19 96 9
20 20 26
20 21 16
20 26 38
20 27 26
20 32 80
20 34 26
20 35 7
20 37 10
20 38 11
20 39 77
20 42 10
20 43 20
20 46 25
20 47 5
20 48 49
20 50 2
20 52 75
20 54 61
20 55 16
20 56 64
20 57 35
20 59 80
20 62 87
20 63 15
20 66 22
20 67 57
20 69 56
20 70 86
20 73 29
20 74 76
20 78 60
20 79 83
20 82 76
20 83 60
20 86 39
20 88 52
20 90 93
20 92 77
20 93 83
20 95 28
20 97 46
20 98 32
21 21 12
21 22 6
21 23 60
21 27 96
21 28 18
21 29 58
21 31 15
21 32 59
21 35 56
21 36 84
21 39 88
21 42 25
21 46 48
21 47 67
21 48 51
21 53 11
21 54 90
21 59 59
21 60 26
21 62 59
21 63 32
21 64 48
21 65 33
21 66 63
21 67 59
21 69 57
21 71 5
21 75 49
21 76 62
21 77 84
21 78 31
21 80 56
21 82 86
21 85 76
21 86 76
21 87 10
21 92 40
21 95 13
22 29 30
22 30 4
22 32 64
22 36 68
22 38 2
22 40 15
22 41 48
22 44 2
22 45 27
22 47 83
22 49 76
22 50 83
22 51 61
22 52 83
22 53 71
22 54 11
22 55 49
22 57 28
22 59 12
22 60 33
22 62 98
22 63 13
22 64 96
22 66 57
22 72 93
22 73 93
22 75 18
22 77 27
22 79 42
22 81 68
22 82 78
22 84 60
22 85 6
22 86 40
22 88 83
22 89 17
22 90 13
22 93 41
22 94 37
22 96 39
22 98 67
23 23 56
23 24 2
23 30 32
23 31 34
23 32 57
23 33 75
23 34 88
23 35 66
23 37 25
23 38 78
23 39 86
23 41 51
23 42 34
23 44 22
23 45 73
23 47 98
23 48 46
23 49 66
23 52 58
23 54 29
23 68 22
23 69 72
23 71 29
23 72 3
23 75 18
23 76 73
23 79 77
23 80 70
23 83 41
23 86 19
23 87 95
23 88 13
23 92 85
23 94 44
23 95 62
23 97 85
23 99 91
24 25 15
24 26 30
24 27 6
24 34 60
24 41 18
24 43 36
24 44 14
24 47 98
24 48 39
24 51 30
24 53 60
24 56 45
24 57 11
24 59 51
24 60 18
24 62 83
24 63 11
24 68 30
24 69 97
24 70 60
24 75 54
24 76 59
24 77 52
24 79 25
24 80 33
24 81 22
24 82 77
24 84 47
24 85 6
24 87 12
24 89 53
24 90 88
24 92 40
24 94 15
24 95 65
24 96 25
24 97 48
24 98 64
25 31 70
25 36 3
25 38 28
25 39 4
25 40 4
25 43 86
25 45 3
25 46 48
25 48 83
25 50 24
25 54 77
25 56 97
25 60 60
25 63 26
25 64 68
25 65 76
25 67 94
25 69 10
25 71 91
25 73 31
25 75 55
25 77 49
25 79 23
25 83 46
25 87 84
25 91 61
25 92 10
25 95 40
25 96 92
25 98 45
26 28 50
26 33 90
26 34 15
26 35 24
26 37 35
26 39 18
26 43 66
26 45 52
26 47 23
26 48 61
26 50 72
26 51 40
26 57 90
26 58 60
26 62 52
26 63 84
26 65 40
26 66 84
26 67 79
26 70 24
26 74 27
26 78 11
26 81 15
26 82 46
26 83 93
26 84 52
26 87 36
26 88 87
26 89 76
26 90 64
26 91 96
26 95 3
26 97 19
27 27 97
27 31 53
27 32 89
27 33 98
27 35 40
27 40 46
27 41 95
27 42 23
27 44 57
27 45 64
27 47 63
27 49 86
27 50 77
27 51 21
27 52 45
27 54 71
27 55 65
27 56 86
27 60 43
27 62 69
27 64 89
27 65 94
27 66 46
27 67 4
27 68 57
27 69 57
27 76 33
27 80 44
27 81 25
27 83 63
27 84 22
27 85 22
27 88 74
27 89 17
27 90 22
27 91 32
27 92 57
27 95 11
27 99 14
28 28 50
28 30 48
28 33 25
28 34 63
28 36 61
28 38 81
28 46 31
28 47 48
28 49 16
28 56 34
28 60 19
28 61 97
28 62 82
28 63 46
28 64 92
28 66 72
28 67 24
28 68 67
28 69 35
28 70 82
28 71 30
28 72 93
28 74 62
28 76 74
28 77 68
28 82 20
28 83 4
28 86 57
28 94 7
28 96 20
28 98 88
28 99 49
29 29 70
29 33 51
29 35 29
29 37 44
29 39 72
29 40 73
29 42 60
29 43 20
29 52 65
29 54 56
29 58 96
29 59 49
29 61 46
29 62 61
29 64 31
29 65 97
29 66 25
29 67 19
29 69 83
29 70 65
29 72 75
29 74 37
29 76 52
29 78 52
29 79 6
29 80 6
29 83 98
29 87 6
29 91 39
29 94 67
29 95 32
29 98 76
30 32 26
30 33 44
30 37 59
30 40 29
30 45 48
30 48 31
30 49 8
30 50 64
30 54 25
30 57 77
30 58 17
30 61 26
30 62 66
30 64 98
30 66 8
30 68 51
30 70 76
30 71 11
30 77 98
30 80 96
30 82 21
30 84 45
30 85 78
30 88 42
30 89 27
30 91 86
30 94 55
31 31 24
31 32 95
31 36 40
31 40 58
31 41 51
31 42 26
31 46 40
31 47 75
31 49 64
31 50 24
31 53 19
31 57 87
31 59 95
31 60 72
31 61 51
31 62 69
31 63 33
31 65 93
31 66 54
31 67 87
31 69 66
31 70 50
31 71 12
31 73 46
31 76 62
31 78 57
31 79 60
31 80 18
31 85 62
31 87 81
31 89 93
31 90 84
31 91 30
31 92 53
31 93 9
31 95 42
31 96 14
32 33 75
32 34 32
32 36 4
32 38 47
32 39 70
32 43 43
32 44 38
32 45 83
32 46 17
32 48 5
32 51 6
32 53 74
32 55 79
32 56 6
32 60 91
32 63 35
32 64 18
32 65 47
32 66 5
32 68 95
32 69 13
32 71 4
32 74 85
32 75 87
32 77 82
32 78 68
32 80 1
32 82 34
32 86 63
32 89 75
32 90 89
32 91 14
32 92 55
32 95 20
33 36 55
33 37 73
33 44 27
33 45 47
33 47 47
33 49 40
33 50 89
33 55 97
33 57 12
33 60 92
33 62 76
33 64 94
33 68 58
33 70 98
33 72 31
33 74 74
33 77 69
33 80 14
33 82 51
33 85 28
33 87 80
33 95 41
33 96 35
33 97 78
33 99 80
34 34 92
34 36 50
34 44 95
34 48 71
34 49 83
34 50 26
34 57 83
34 58 68
34 61 37
34 64 41
34 65 29
34 67 96
34 70 45
34 71 83
34 72 5
34 74 34
34 76 20
34 79 31
34 81 4
34 83 20
34 85 95
34 87 68
34 88 41
34 89 27
34 92 93
34 95 92
34 97 14
34 98 60
34 99 30
35 38 27
35 40 39
35 41 5
35 43 10
35 44 77
35 45 95
35 46 85
35 47 72
35 50 96
35 52 29
35 54 80
35 59 35
35 60 70
35 62 29
35 64 75
35 65 38
35 66 20
35 68 4
35 71 41
35 72 31
35 73 73
35 74 82
35 76 2
35 80 5
35 81 86
35 83 20
35 85 69
35 86 66
35 88 51
35 92 43
35 93 49
35 97 86
35 98 91
36 36 52
36 40 35
36 41 84
36 43 90
36 50 88
36 51 75
36 52 56
36 53 48
36 56 2
36 59 39
36 60 7
36 61 11
36 62 90
36 65 94
36 67 75
36 69 56
36 71 76
36 73 4
36 75 30
36 76 2
36 78 83
36 82 40
36 84 15
36 86 4
36 87 55
36 89 1
36 95 26
36 98 10
36 99 16
37 38 55
37 41 82
37 42 61
37 44 82
37 45 58
37 53 29
37 54 86
37 55 78
37 57 17
37 60 5
37 64 42
37 65 90
37 66 1
37 70 96
37 72 31
37 73 4
37 74 70
37 75 3
37 76 98
37 78 7
37 80 4
37 84 91
37 85 42
37 87 46
37 92 25
37 94 24
37 96 85
37 97 23
37 99 32
38 38 28
38 41 19
38 43 72
38 46 77
38 47 10
38 49 62
38 50 1
38 51 79
38 52 58
38 53 51
38 54 53
38 56 24
38 58 55
38 60 27
38 63 92
38 65 50
38 66 6
38 70 9
38 73 14
38 77 36
38 78 84
38 80 62
38 81 91
38 83 78
38 84 62
38 87 58
38 89 74
38 91 49
38 92 13
38 94 78
38 95 83
39 39 58
39 41 90
39 43 87
39 48 23
39 49 98
39 52 41
39 53 89
39 56 26
39 59 85
39 61 23
39 62 58
39 63 86
39 64 83
39 71 74
39 72 11
39 73 48
39 74 45
39 75 73
39 81 49
39 82 98
39 83 42
39 84 83
39 87 28
39 88 29
39 90 4
39 91 61
39 92 19
39 93 28
39 94 50
39 99 19
40 42 27
40 43 54
40 44 12
40 45 44
40 46 67
40 47 61
40 48 61
40 50 65
40 52 78
40 54 51
40 57 42
40 60 91
40 61 42
40 65 82
40 66 92
40 67 45
40 69 57
40 70 48
40 71 83
40 72 77
40 74 35
40 75 57
40 76 76
40 77 29
40 78 69
40 79 60
40 84 2
40 85 55
40 91 10
40 92 80
40 94 94
40 96 17
40 97 93
40 98 43
40 99 28
41 41 16
41 42 25
41 43 10
41 44 28
41 45 50
41 48 79
41 50 74
41 51 60
41 52 26
41 53 36
41 56 60
41 57 82
41 58 71
41 61 75
41 62 5
41 63 17
41 66 90
41 67 76
41 68 18
41 69 4
41 70 66
41 74 53
41 77 16
41 79 59
41 80 7
41 82 37
41 87 48
41 91 8
41 92 48
41 94 62
41 95 70
41 96 92
41 98 74
42 43 77
42 46 36
42 47 17
42 48 69
42 49 45
42 50 67
42 51 32
42 53 20
42 55 38
42 58 73
42 62 26
42 63 46
42 64 12
42 65 27
42 66 38
42 69 36
42 72 28
42 73 46
42 76 23
42 77 23
42 81 84
42 84 57
42 86 63
42 87 75
42 88 52
42 90 41
42 94 24
42 96 5
42 97 30
42 99 26
43 43 74
43 44 30
43 46 93
43 47 84
43 49 33
43 50 8
43 52 32
43 54 77
43 59 52
43 61 9
43 62 58
43 68 34
43 75 32
43 76 85
43 79 5
43 80 58
43 83 77
43 84 20
43 85 56
43 86 31
43 87 6
43 91 15
43 95 45
43 96 75
43 97 36
43 99 54
44 44 90
44 46 69
44 47 89
44 48 28
44 49 66
44 50 28
44 53 39
44 58 63
44 62 95
44 63 37
44 66 38
44 67 97
44 68 81
44 72 18
44 73 37
44 77 18
44 78 94
44 80 41
44 81 17
44 82 58
44 83 84
44 84 42
44 85 49
44 87 78
44 92 72
44 94 59
44 96 82
44 98 43
44 99 39
45 47 51
45 48 63
45 49 22
45 51 63
45 55 81
45 57 25
45 58 14
45 61 13
45 62 93
45 71 34
45 72 84
45 74 90
45 76 7
45 80 20
45 84 3
45 85 39
45 90 21
45 91 79
45 92 27
45 94 96
45 95 64
45 96 21
45 98 15
45 99 38
46 46 81
46 47 2
46 48 9
46 53 27
46 57 34
46 58 90
46 60 56
46 61 32
46 63 50
46 67 81
46 69 28
46 71 19
46 72 70
46 74 1
46 76 70
46 78 47
46 79 46
46 86 3
46 87 46
46 88 93
46 89 45
46 91 30
46 92 35
46 94 35
46 98 74
47 47 15
47 53 59
47 59 5
47 60 34
47 61 10
47 63 28
47 64 13
47 66 55
47 68 74
47 73 73
47 75 58
47 77 87
47 78 56
47 79 80
47 80 24
47 84 16
47 85 1
47 86 57
47 89 28
47 90 3
47 91 37
47 96 76
47 97 9
47 98 33
47 99 93
48 49 92
48 50 85
48 54 76
48 56 35
48 57 63
48 58 83
48 60 85
48 62 43
48 63 87
48 64 12
48 66 93
48 67 93
48 68 21
48 69 97
48 72 23
48 73 82
48 76 2
48 78 21
48 81 97
48 87 93
48 90 23
48 91 40
48 92 83
48 93 89
48 94 63
48 96 51
48 97 77
48 98 50
49 49 75
49 50 80
49 51 80
49 58 61
49 60 14
49 61 89
49 62 23
49 65 37
49 67 7
49 69 76
49 70 17
49 71 27
49 77 81
49 78 17
49 79 77
49 81 9
49 85 13
49 87 29
49 88 44
49 89 31
49 90 56
49 91 2
50 51 27
50 53 22
50 55 36
50 56 65
50 57 56
50 60 62
50 65 72
50 69 91
50 70 90
50 74 81
50 75 25
50 78 18
50 80 75
50 83 67
50 85 40
50 86 46
50 87 74
50 88 24
50 94 72
50 98 55
51 52 21
51 58 25
51 59 49
51 60 61
51 62 69
51 63 36
51 65 12
51 66 82
51 67 60
51 70 14
51 71 23
51 73 31
51 74 46
51 76 55
51 77 53
51 80 8
51 81 62
51 83 11
51 85 62
51 87 24
51 90 76
51 92 86
51 94 29
51 96 6
51 97 29
52 52 32
52 53 8
52 54 90
52 56 85
52 58 96
52 59 33
52 61 89
52 62 32
52 65 25
52 67 48
52 68 23
52 69 77
52 73 84
52 76 4
52 77 59
52 78 31
52 79 34
52 81 25
52 82 49
52 83 98
52 86 40
52 87 32
52 88 8
52 90 28
52 92 69
52 93 43
52 94 28
52 95 1
52 98 66
52 99 93
53 53 25
53 55 58
53 56 21
53 57 58
53 58 68
53 60 50
53 61 79
53 62 77
53 65 85
53 66 11
53 68 97
53 73 14
53 74 72
53 77 17
53 80 78
53 82 92
53 84 55
53 87 90
53 91 90
53 92 58
53 96 3
53 98 81
54 54 83
54 57 23
54 58 75
54 61 50
54 62 46
54 69 75
54 71 83
54 72 47
54 73 41
54 74 96
54 75 70
54 78 90
54 79 59
54 80 42
54 81 78
54 83 67
54 86 11
54 88 54
54 89 27
54 95 19
54 99 83
55 56 35
55 57 87
55 61 57
55 62 32
55 66 74
55 69 8
55 70 10
55 71 26
55 72 61
55 74 95
55 75 51
55 78 53
55 80 60
55 81 34
55 82 57
55 84 50
55 85 87
55 87 43
55 88 56
55 90 26
55 95 37
55 97 37
55 98 26
56 56 33
56 57 95
56 60 68
56 61 61
56 63 64
56 64 29
56 66 2
56 67 16
56 72 37
56 74 24
56 77 45
56 78 28
56 80 29
56 83 29
56 84 61
56 85 37
56 87 74
56 90 91
56 91 88
56 92 16
56 93 18
56 94 22
56 95 53
57 57 4
57 58 51
57 59 14
57 60 38
57 61 25
57 63 17
57 65 84
57 66 10
57 67 33
57 68 25
57 70 70
57 71 38
57 72 44
57 73 65
57 74 86
57 75 30
57 77 23
57 78 86
57 82 55
57 85 7
57 86 59
57 88 58
57 90 5
57 91 48
57 95 95
57 97 69
58 59 91
58 60 57
58 63 31
58 65 81
58 66 25
58 68 56
58 69 2
58 70 40
58 71 7
58 72 45
58 78 43
58 80 78
58 81 28
58 83 34
58 84 89
58 93 15
58 95 53
58 96 97
58 98 76
59 61 83
59 62 42
59 63 48
59 64 4
59 66 11
59 67 7
59 68 79
59 71 38
59 73 63
59 74 42
59 75 3
59 77 85
59 78 68
59 79 4
59 80 63
59 84 52
59 85 46
59 88 85
59 89 94
59 91 61
59 92 71
59 96 68
59 98 79
59 99 43
60 60 93
60 61 16
60 63 46
60 66 19
60 67 72
60 69 32
60 70 28
60 76 50
60 78 90
60 79 7
60 83 8
60 84 96
60 86 4
60 91 15
60 92 70
60 93 55
60 95 50
60 96 60
60 97 92
60 99 64
61 70 59
61 71 59
61 72 7
61 75 5
61 77 76
61 78 72
61 79 88
61 83 97
61 84 29
61 85 49
61 89 79
61 91 20
61 92 85
61 95 69
61 96 78
62 62 55
62 63 16
62 64 82
62 68 90
62 69 67
62 76 32
62 78 50
62 79 58
62 82 3
62 84 8
62 85 69
62 86 95
62 88 70
62 90 2
62 91 43
62 93 83
62 95 35
62 98 26
62 99 67
63 63 87
63 65 83
63 67 88
63 68 43
63 70 14
63 71 33
63 72 31
63 73 67
63 74 34
63 76 40
63 78 8
63 79 97
63 81 52
63 83 75
63 85 15
63 86 26
63 87 52
63 88 51
63 90 63
63 93 90
63 96 50
63 97 88
63 98 40
64 64 30
64 66 28
64 67 46
64 70 69
64 72 45
64 73 45
64 74 51
64 75 38
64 76 55
64 82 76
64 83 13
64 86 91
64 87 25
64 88 60
64 91 65
64 93 83
64 94 22
64 97 49
65 66 97
65 71 61
65 72 5
65 73 63
65 77 2
65 78 41
65 80 25
65 81 16
65 83 51
65 85 20
65 88 68
65 91 70
65 98 39
66 66 41
66 67 61
66 69 74
66 72 26
66 73 70
66 75 91
66 80 6
66 84 40
66 87 5
66 90 95
66 93 8
66 95 63
66 97 35
66 99 84
67 69 73
67 70 14
67 74 16
67 76 3
67 81 20
67 82 39
67 83 74
67 84 24
67 85 24
67 89 32
67 90 4
67 91 67
67 94 29
67 96 10
67 98 36
67 99 82
68 68 58
68 69 59
68 71 6
68 72 45
68 73 2
68 75 89
68 77 41
68 78 42
68 79 37
68 81 93
68 87 14
68 90 83
68 91 23
68 92 24
68 93 17
68 94 55
68 95 98
68 96 20
68 97 69
69 70 73
69 72 20
69 73 97
69 75 3
69 76 7
69 81 66
69 86 70
69 87 19
69 90 86
69 92 49
69 93 4
69 96 47
69 97 14
69 99 34
70 71 95
70 72 84
70 74 23
70 75 83
70 76 98
70 78 22
70 79 68
70 82 70
70 84 6
70 87 55
70 88 91
70 90 14
70 92 52
70 94 91
70 95 25
70 96 1
70 99 16
71 73 74
71 74 46
71 78 92
71 79 20
71 82 23
71 88 94
71 89 96
71 91 40
71 93 32
71 95 72
71 96 77
71 97 74
71 98 70
71 99 43
72 77 70
72 78 98
72 79 72
72 80 35
72 81 57
72 83 3
72 84 84
72 86 56
72 88 22
72 90 51
72 91 79
72 96 71
73 73 66
73 74 90
73 81 52
73 84 83
73 86 74
73 87 18
73 90 43
73 91 29
73 92 12
73 95 40
73 97 77
73 98 77
73 99 40
74 76 46
74 80 21
74 85 74
74 86 39
74 88 59
74 89 26
74 90 54
74 91 91
74 92 23
75 76 6
75 77 26
75 81 6
75 82 31
75 83 39
75 84 21
75 85 81
75 89 31
75 90 69
75 93 8
75 94 95
75 95 37
75 97 77
76 77 10
76 79 78
76 83 4
76 88 97
76 89 60
76 90 90
76 93 59
76 94 44
76 96 60
76 97 34
76 98 76
77 77 11
77 78 2
77 80 85
77 81 9
77 85 32
77 88 7
77 91 87
77 92 35
77 93 67
77 94 60
77 96 57
77 97 32
78 78 91
78 79 83
78 81 18
78 90 39
78 92 93
78 93 9
78 97 95
79 79 1
79 80 78
79 83 15
79 86 66
79 89 34
79 91 62
79 92 43
79 93 71
79 95 54
79 96 52
79 97 1
79 99 28
80 80 62
80 82 20
80 83 64
80 86 56
80 87 68
80 90 25
80 94 54
81 81 69
81 82 14
81 85 30
81 86 60
81 89 23
81 91 90
81 95 68
81 99 34
82 83 24
82 84 84
82 87 17
82 88 32
82 95 61
82 96 19
82 98 91
83 83 96
83 84 58
83 85 60
83 86 88
83 88 10
83 91 15
83 92 70
83 94 57
83 95 16
83 96 65
83 98 24
84 84 6
84 85 79
84 86 70
84 87 14
84 91 16
84 99 5
85 87 82
85 89 25
85 91 78
85 92 66
85 95 43
85 96 41
85 97 29
86 87 30
86 88 58
86 91 15
86 92 58
86 94 59
86 95 6
87 87 85
87 89 54
87 90 45
87 94 15
87 95 27
87 97 19
87 99 94
88 88 50
88 89 18
88 93 89
88 94 83
88 95 91
88 98 70
88 99 88
89 89 73
89 90 59
89 91 66
89 93 93
89 95 32
89 97 23
90 90 53
90 91 78
90 96 38
90 97 6
91 92 57
91 96 93
91 97 40
91 98 84
92 92 28
92 93 85
92 95 23
92 96 4
92 97 71
92 98 89
92 99 98
93 93 32
93 94 93
93 96 26
93 97 72
93 98 63
94 94 14
94 95 78
94 97 30
94 99 68
95 95 73
95 96 43
95 97 38
95 98 21
96 99 69
97 97 12
97 98 64
98 98 19
