99
0 1 6.325
0 2 3.966
0 3 4.325
0 4 5.928
0 5 5.669
0 6 3.671
0 7 4.624
0 8 3.395
0 9 6.333
0 10 4.934
0 11 3.478
0 12 3.072
0 13 4.118
0 14 6.049
0 15 5.917
0 16 3.92
0 17 6.474
0 18 6.921
0 19 5.125
0 20 3.968
0 21 3.699
0 22 4.786
0 23 5.563
0 24 6.178
0 25 4.395
0 26 5.936
0 27 4.239
0 28 3.829
0 29 5.916
0 30 5.799
0 31 4.8
0 32 3.354
0 33 4.219
0 34 4.355
1 2 4.159
1 3 6.196
1 4 4.705
1 5 3.755
1 6 4.021
1 7 4.69
1 8 3.893
1 9 5.785
1 10 7.043
1 11 5.366
1 12 5.001
1 13 2.867
1 14 5.674
1 15 5.298
1 16 6.318
1 17 4.73
1 18 3.752
1 19 4.912
1 20 6.74
1 21 5.373
1 22 5.28
1 23 4.62
1 24 4.11
1 25 5.435
1 26 4.373
1 27 5.281
1 28 2.496
1 29 5.793
1 30 5.146
1 31 5.559
1 32 5.259
1 35 3.105
1 36 3.444
2 3 4.006
2 4 5.905
2 5 5.428
2 6 5.168
2 7 3.975
2 8 4.576
2 9 4.782
2 10 4.111
2 11 4.787
2 12 4.705
2 13 4.233
2 14 4.692
2 15 4.303
2 16 4.033
2 17 4.472
2 18 5.638
2 19 3.09
2 20 5.469
2 21 4.464
2 22 5.277
2 23 6.478
2 24 5.188
2 25 4.824
2 26 3.916
2 27 4.988
2 28 6.497
2 29 3.141
2 30 4.616
2 31 3.997
2 32 4.171
2 37 2.037
2 38 3.512
3 4 5.2
3 5 5.009
3 6 4.863
3 7 6.489
3 8 5.435
3 9 4.034
3 10 5.228
3 11 5.697
3 12 4.558
3 13 5.298
3 14 5.715
3 15 3.307
3 16 5.536
3 17 5.417
3 18 5.031
3 19 5.413
3 20 4.094
3 21 6.426
3 22 3.454
3 23 4.489
3 24 4.301
3 25 4.654
3 26 4.055
3 27 3.849
3 28 4.396
3 29 2.699
3 30 6.32
3 31 6.064
3 32 2.507
3 39 1.751
3 40 2.885
4 5 4.668
4 6 4.743
4 7 4.894
4 8 5.051
4 9 3.311
4 10 5.991
4 11 5.406
4 12 4.541
4 13 4.99
4 14 4.146
4 15 4.564
4 16 4.207
4 17 6.015
4 18 3.354
4 19 6.189
4 20 6.315
4 21 6.533
4 22 4.957
4 23 6.23
4 24 6.423
4 25 5.778
4 26 3.969
4 27 4.583
4 28 4.928
4 29 4.509
4 30 4.765
4 31 6.058
4 32 1.77
4 41 2.088
4 42 3.079
5 6 4.894
5 7 6.654
5 8 5.771
5 9 5.432
5 10 3.964
5 11 5.412
5 12 2.947
5 13 5.5
5 14 4.566
5 15 5.48
5 16 6.86
5 17 5.202
5 18 6.032
5 19 4.991
5 20 5.209
5 21 5.32
5 22 5.455
5 23 6.283
5 24 7.444
5 25 4.161
5 26 5.25
5 27 4.802
5 28 5.997
5 29 5.876
5 30 4.498
5 31 3.43
5 32 4.206
5 43 2.905
5 44 2.428
6 7 4.681
6 8 5.913
6 9 4.325
6 10 4.809
6 11 6.13
6 12 4.838
6 13 3.813
6 14 4.93
6 15 5.636
6 16 6.268
6 17 5.137
6 18 6.203
6 19 4.238
6 20 4.345
6 21 5.972
6 22 5.988
6 23 5.151
6 24 4.052
6 25 5.105
6 26 4.955
6 27 5.41
6 28 5.619
6 29 5.044
6 30 4.055
6 31 3.673
6 32 4.635
6 45 3.49
6 46 3.587
7 8 5.693
7 9 4.041
7 10 6.321
7 11 5.475
7 12 5.609
7 13 4.747
7 14 5.0
7 15 4.903
7 16 5.235
7 17 4.546
7 18 3.384
7 19 5.605
7 20 4.776
7 21 3.68
7 22 4.565
7 23 4.73
7 24 5.658
7 25 3.745
7 26 3.258
7 27 4.512
7 28 4.432
7 29 5.924
7 30 6.964
7 31 5.598
7 32 5.023
7 47 3.136
7 48 2.641
8 9 3.574
8 10 7.62
8 11 4.9
8 12 5.283
8 13 3.909
8 14 4.217
8 15 4.065
8 16 4.89
8 17 7.037
8 18 6.453
8 19 5.817
8 20 5.009
8 21 5.618
8 22 5.126
8 23 5.617
8 24 4.07
8 25 4.077
8 26 6.05
8 27 5.117
8 28 4.517
8 29 5.922
8 30 4.263
8 31 5.435
8 32 5.965
8 49 2.131
8 50 2.384
9 10 4.738
9 11 5.015
9 12 5.547
9 13 4.45
9 14 5.695
9 15 5.082
9 16 5.032
9 17 6.677
9 18 5.766
9 19 5.649
9 20 6.292
9 21 4.019
9 22 5.901
9 23 5.785
9 24 4.167
9 25 5.268
9 26 4.27
9 27 5.789
9 28 3.495
9 29 6.471
9 30 4.385
9 31 6.257
9 32 6.016
9 51 1.786
9 52 2.1
10 11 1.814
10 12 5.499
10 13 5.714
10 14 5.407
10 15 4.9
10 16 4.07
10 17 6.15
10 18 4.585
10 19 4.668
10 20 5.165
10 21 5.115
10 22 6.138
10 23 6.091
10 24 4.816
10 25 6.016
10 26 5.321
10 27 5.463
10 28 5.282
10 29 4.409
10 30 4.677
10 31 4.996
10 32 2.071
10 53 2.625
10 54 3.426
11 12 4.0
11 13 4.848
11 14 4.608
11 15 5.23
11 16 4.476
11 17 4.741
11 18 5.722
11 19 4.529
11 20 5.216
11 21 2.741
11 22 5.191
11 23 4.153
11 24 5.836
11 25 6.214
11 26 4.87
11 27 5.271
11 28 6.117
11 29 5.399
11 30 4.553
11 31 4.409
11 32 3.487
11 55 3.951
11 56 4.078
12 13 5.59
12 14 5.445
12 15 4.216
12 16 4.343
12 17 6.401
12 18 4.849
12 19 6.06
12 20 5.301
12 21 5.391
12 22 3.674
12 23 3.847
12 24 4.903
12 25 3.974
12 26 4.15
12 27 4.384
12 28 3.461
12 29 6.112
12 30 4.25
12 31 3.118
12 32 3.287
12 57 3.118
12 58 3.16
13 14 4.909
13 15 5.69
13 16 5.289
13 17 3.677
13 18 3.66
13 19 4.515
13 20 6.612
13 21 6.264
13 22 5.165
13 23 5.24
13 24 3.796
13 25 4.213
13 26 4.294
13 27 3.376
13 28 4.835
13 29 6.417
13 30 5.138
13 31 4.211
13 32 5.319
13 59 3.981
13 60 2.019
14 15 5.963
14 16 4.777
14 17 3.907
14 18 6.487
14 19 5.146
14 20 6.172
14 21 4.892
14 22 3.632
14 23 6.477
14 24 4.165
14 25 4.347
14 26 5.238
14 27 7.351
14 28 5.51
14 29 4.821
14 30 4.909
14 31 5.997
14 32 4.132
14 61 4.136
14 62 2.447
15 16 5.687
15 17 4.356
15 18 3.449
15 19 4.396
15 20 4.652
15 21 5.08
15 22 5.892
15 23 5.354
15 24 5.389
15 25 3.758
15 26 4.939
15 27 4.346
15 28 5.133
15 29 4.553
15 30 3.107
15 31 8.761
15 32 4.95
15 63 2.324
15 64 3.427
16 17 5.292
16 18 6.471
16 19 4.24
16 20 4.364
16 21 5.315
16 22 5.297
16 23 5.108
16 24 4.97
16 25 4.708
16 26 3.923
16 27 4.776
16 28 4.254
16 29 4.603
16 30 5.751
16 31 3.495
16 32 4.401
16 65 3.911
16 66 3.694
17 18 5.716
17 19 5.361
17 20 3.984
17 21 5.137
17 22 6.558
17 23 4.305
17 24 5.111
17 25 4.781
17 26 6.293
17 27 5.371
17 28 4.728
17 29 6.033
17 30 5.026
17 31 6.449
17 32 4.353
17 67 4.626
17 68 2.428
18 19 3.149
18 20 5.726
18 21 6.39
18 22 4.789
18 23 5.401
18 24 6.078
18 25 5.738
18 26 4.238
18 27 5.185
18 28 7.062
18 29 6.172
18 30 6.032
18 31 5.802
18 32 4.745
18 69 5.457
18 70 3.468
19 20 3.83
19 21 3.169
19 22 2.429
19 23 5.152
19 24 6.402
19 25 6.398
19 26 4.779
19 27 6.639
19 28 6.439
19 29 4.925
19 30 5.852
19 31 2.631
19 32 4.63
19 71 3.461
19 72 4.315
20 21 3.731
20 22 4.216
20 23 5.288
20 24 6.236
20 25 5.549
20 26 5.662
20 27 4.838
20 28 3.167
20 29 5.262
20 30 6.281
20 31 3.67
20 32 4.728
20 73 2.772
20 74 4.501
21 22 4.862
21 23 4.97
21 24 6.154
21 25 4.266
21 26 5.799
21 27 4.93
21 28 4.812
21 29 6.015
21 30 4.104
21 31 4.772
21 32 4.449
21 75 4.456
21 76 2.022
22 23 6.061
22 24 4.545
22 25 5.597
22 26 6.531
22 27 5.865
22 28 4.71
22 29 4.91
22 30 4.108
22 31 5.421
22 32 3.112
22 77 2.467
22 78 4.103
23 24 6.302
23 25 5.014
23 26 4.79
23 27 5.816
23 28 1.644
23 29 5.779
23 30 5.132
23 31 4.732
23 32 5.498
23 79 2.411
23 80 5.088
24 25 5.364
24 26 5.205
24 27 5.49
24 28 4.997
24 29 5.474
24 30 6.18
24 31 5.465
24 32 4.504
24 81 2.007
24 82 3.205
25 26 6.23
25 27 6.813
25 28 5.972
25 29 5.212
25 30 5.418
25 31 5.217
25 32 5.134
25 83 3.328
25 84 4.697
26 27 4.694
26 28 5.15
26 29 4.918
26 30 3.605
26 31 4.506
26 32 4.995
26 85 4.149
26 86 3.019
27 28 4.482
27 29 4.357
27 30 5.672
27 31 5.605
27 32 6.19
27 87 3.5
27 88 1.818
28 29 5.91
28 30 6.085
28 31 5.388
28 32 5.297
28 89 2.813
28 90 3.25
29 30 6.238
29 31 6.404
29 32 4.688
29 91 3.625
29 92 2.999
30 31 4.748
30 32 3.481
30 93 3.401
30 94 4.421
31 32 5.568
31 95 2.012
31 96 2.582
32 97 3.851
32 98 2.721
33 35 1.454
34 36 2.851
37 39 2.096
38 40 4.841
41 43 2.578
42 44 0.859
45 47 2.543
46 48 5.82
49 51 1.365
50 52 2.346
53 55 2.621
54 56 0.984
57 59 4.094
58 60 3.643
61 63 2.034
62 64 2.846
65 67 2.445
66 68 3.933
69 71 1.778
70 72 2.992
73 75 2.924
74 76 4.998
77 79 3.784
78 80 2.785
81 83 4.887
82 84 2.219
85 87 1.572
86 88 0.898
89 91 1.196
90 92 2.759
93 95 3.12
94 96 4.377