100
0 1 87
1 2 87
2 3 87
3 4 87
4 5 87
5 6 87
6 7 87
7 8 87
8 9 87
9 10 87
10 11 87
11 12 87
12 13 87
13 14 87
14 15 87
15 16 87
16 17 87
17 18 87
18 19 87
19 20 87
20 21 87
21 22 87
22 23 87
23 24 87
24 25 87
25 26 87
26 27 87
27 28 87
28 29 87
29 30 87
30 31 87
31 32 87
32 33 87
33 34 87
34 35 87
35 36 87
36 37 87
37 38 87
38 39 87
39 40 87
40 41 87
41 42 87
42 43 87
43 44 87
44 45 87
45 46 87
46 47 87
47 48 87
48 49 87
49 50 87
50 51 87
51 52 87
52 53 87
53 54 87
54 55 87
55 56 87
56 57 87
57 58 87
58 59 87
59 60 87
60 61 87
61 62 87
62 63 87
63 64 87
64 65 87
65 66 87
66 67 87
67 68 87
68 69 87
69 70 87
70 71 87
71 72 87
72 73 87
73 74 87
74 75 87
75 76 87
76 77 87
77 78 87
78 79 87
79 80 87
80 81 87
81 82 87
82 83 87
83 84 87
84 85 87
85 86 87
86 87 87
87 88 87
88 89 87
89 90 87
90 91 87
91 92 87
92 93 87
93 94 87
94 95 87
95 96 87
96 97 87
97 98 87
98 99 87