100
0 36 6.904
0 23 6.253
0 61 13.522
0 62 12.409
0 63 11.108
0 64 13.621
0 65 13.831
0 66 9.841
0 67 12.06
0 68 9.27
0 69 13.813
0 70 11.216
0 71 10.662
0 72 11.247
0 73 11.684
0 74 10.029
0 75 14.703
0 76 11.036
0 77 13.114
0 78 13.195
0 79 12.101
0 80 9.85
0 81 13.267
0 82 8.793
0 83 12.619
0 84 9.939
0 85 12.323
0 86 9.631
0 87 13.134
0 88 12.161
0 89 12.207
0 90 13.355
0 91 14.897
0 92 11.374
0 93 10.856
0 94 10.525
0 95 11.126
0 96 11.608
0 97 12.6
0 98 15.647
0 99 13.809
1 14 8.29
1 54 7.797
1 61 11.127
2 44 4.14
2 13 7.602
3 41 4.594
3 8 5.424
3 40 7.223
3 62 11.894
4 42 9.506
4 9 8.716
5 33 8.094
5 11 4.347
5 63 14.867
6 28 7.506
6 41 5.953
6 64 10.455
7 12 10.364
7 53 7.421
8 47 9.105
8 65 9.587
9 32 8.574
9 53 3.047
10 22 9.205
10 66 11.785
11 59 5.722
11 67 14.022
12 39 5.774
12 68 8.971
13 15 4.551
14 69 11.36
15 31 5.905
15 19 8.527
15 70 14.247
16 49 6.381
16 31 6.435
16 71 12.922
17 53 6.552
17 19 6.257
17 72 15.073
18 56 5.322
18 73 12.71
19 52 4.435
19 54 8.053
19 74 14.654
20 34 9.143
20 45 8.41
20 22 5.784
20 43 10.218
20 75 11.766
21 43 7.565
21 55 8.661
21 50 6.016
21 24 7.205
21 76 10.914
22 48 6.765
23 54 8.477
24 26 7.58
24 31 8.2
25 51 5.083
25 59 8.972
25 50 9.847
25 77 9.229
26 78 12.027
27 29 3.246
28 79 8.151
29 59 8.175
29 80 13.757
30 57 9.225
31 81 13.071
32 40 6.961
32 82 12.002
33 83 13.466
34 37 7.532
34 84 12.222
35 50 5.824
37 85 9.75
38 43 9.84
39 86 12.782
41 87 11.943
42 88 13.824
43 89 10.465
44 90 9.584
45 91 12.145
46 58 2.309
46 92 14.938
48 93 12.02
50 94 13.784
51 95 14.872
52 58 6.595
52 96 14.3
54 57 7.519
54 56 5.604
55 97 13.043
56 60 6.522
57 98 11.599
59 99 8.484