100
0 1 0.11
1 2 9.55
1 3 3.22
3 4 1.33
4 0 4.32
5 0 12.32
6 0 4.22
7 0 2.33
8 0 30.44
9 0 99.99
10 0 1.44
11 0 22.11
12 0 54.11
13 0 92.0
14 1 22.32
15 0 33.22
16 0 40.32
17 0 50.32
18 0 67.11
19 0 89.1
20 0 99.1
21 0 44.33
22 0 12.3
23 0 15.22
24 0 18.88
25 0 33.21
26 0 39.12
27 0 40.12
28 0 34.22
29 0 40.11
30 0 46.22
31 0 29.11
32 0 42.22
33 0 92.11
34 0 91.22
35 0 33.1
36 0 39.2
37 0 40.1
38 0 11.1
39 0 32.1
40 30 39.1
41 40 99.2
42 32 1.3
43 11 3.2
44 9 3.3
45 8 2.1
46 1 3.1
47 0 1.1
48 0 0.99
49 0 0.11
50 0 0.11
51 0 9.55
52 0 3.22
53 0 1.33
54 0 4.32
55 0 12.32
56 0 4.22
57 0 2.33
58 0 30.44
59 0 99.99
60 0 1.44
61 0 22.11
62 0 54.11
63 0 92.0
64 1 22.32
65 0 33.22
66 0 40.32
67 0 50.32
68 0 67.11
69 0 89.1
70 0 99.1
71 0 44.33
72 0 12.3
73 0 15.22
74 0 18.88
75 0 33.21
76 0 39.12
77 0 40.12
78 0 34.22
79 0 40.11
80 0 46.22
81 0 29.11
82 0 42.22
83 0 92.11
84 0 91.22
85 0 33.1
86 0 39.2
87 0 40.1
88 0 11.1
89 0 32.1
90 0 39.1
91 0 99.2
92 0 1.3
93 0 3.2
94 0 3.3
95 0 2.1
96 0 3.1
97 0 1.1
98 0 0.99
99 0 0.11
