100
0 1 7.098
1 2 51.973
2 3 28.411
3 4 66.478
4 5 89.468
5 6 56.927
6 7 62.801
7 8 19.21
8 9 47.693
9 10 46.567
10 11 14.682
11 12 73.5
12 13 75.018
13 14 50.336
14 15 92.196
15 16 19.544
16 17 78.316
17 18 75.088
18 19 92.216
19 20 67.758
20 21 19.988
21 22 91.642
22 23 93.473
23 24 64.472
24 25 35.206
25 26 99.679
26 27 10.939
27 28 76.186
28 29 19.504
29 30 23.486
30 31 39.48
31 32 42.07
32 33 22.219
33 34 58.215
34 35 90.602
35 36 45.803
36 37 65.794
37 38 9.406
38 39 74.991
39 40 11.184
40 41 95.297
41 42 65.009
42 43 34.695
43 44 43.247
44 45 35.53
45 46 37.263
46 47 87.342
47 48 95.813
48 49 20.223
49 50 19.016
50 51 96.291
51 52 69.3
52 53 40.477
53 54 21.867
54 55 67.467
55 56 96.411
56 57 51.79
57 58 92.13
58 59 44.752
59 60 26.103
60 61 80.604
61 62 87.484
62 63 8.734
63 64 47.912
64 65 14.16
65 66 62.13
66 67 45.441
67 68 20.653
68 69 49.925
69 70 85.732
70 71 24.986
71 72 71.659
72 73 16.594
73 74 96.036
74 75 14.602
75 76 88.038
76 77 19.807
77 78 46.11
78 79 11.256
79 80 59.13
80 81 78.317
81 82 12.386
82 83 57.65
83 84 36.847
84 85 19.289
85 86 5.811
86 87 56.645
87 88 25.376
88 89 66.927
89 90 11.001
90 91 40.645
91 92 65.794
92 93 11.068
93 94 29.079
94 95 35.161
95 96 2.322
96 97 77.946
97 98 40.897
98 99 33.855
