100
0 1 67.635
1 2 98.069
2 0 60.406
2 3 51.748
3 4 12.445
4 5 70.096
5 3 73.771
5 6 75.921
6 7 86.013
7 8 17.331
8 6 78.731
8 9 57.152
9 10 55.49
10 11 50.312
11 9 33.738
11 12 26.546
12 13 9.341
13 14 47.108
14 12 43.256
14 15 42.519
15 16 12.435
16 17 29.967
17 15 26.317
17 18 28.448
18 19 48.948
19 20 86.164
20 18 48.317
20 21 33.666
21 22 41.904
22 23 74.353
23 21 97.558
23 24 82.394
24 25 21.97
25 26 14.401
26 24 34.077
26 27 52.634
27 28 56.719
28 29 93.557
29 27 75.056
29 30 52.643
30 31 84.915
31 32 43.017
32 30 60.616
32 33 29.138
33 34 92.957
34 35 58.443
35 33 93.357
35 36 30.521
36 37 61.219
37 38 16.356
38 36 55.969
38 39 37.77
39 40 29.101
40 41 86.447
41 39 76.09
41 42 66.459
42 43 75.196
43 44 54.158
44 42 82.909
44 45 79.969
45 46 99.482
46 47 68.3
47 45 72.375
47 48 57.827
48 49 78.762
49 50 47.459
50 48 66.741
50 51 16.613
51 52 80.871
52 53 58.777
53 51 34.959
53 54 53.578
54 55 93.16
55 56 82.667
56 54 66.378
56 57 39.844
57 58 77.36
58 59 84.728
59 57 99.1
59 60 9.568
60 61 17.618
61 62 28.991
62 60 36.359
62 63 0.452
63 64 0.287
64 65 12.87
65 63 12.884
65 66 52.051
66 67 83.292
67 68 57.325
68 66 60.709
68 69 72.318
69 70 83.284
70 71 43.567
71 69 68.338
71 72 8.628
72 73 34.076
73 74 1.016
74 72 33.253
74 75 55.166
75 76 58.609
76 77 99.871
77 75 63.148
77 78 91.383
78 79 60.839
79 80 25.775
80 78 76.67
80 81 19.043
81 82 58.096
82 83 58.903
83 81 75.404
83 84 66.288
84 85 21.042
85 86 50.803
86 84 38.118
86 87 41.723
87 88 80.763
88 89 66.72
89 87 62.969
89 90 46.276
90 91 12.359
91 92 12.745
92 90 18.823
92 93 45.913
93 94 72.201
94 95 43.39
95 93 46.823
95 96 24.839
96 97 39.509
97 98 69.925
98 96 82.543
98 99 54.735
