99
0 1 1.876
0 2 2.939
0 3 5.08
0 4 4.928
0 5 4.514
0 6 6.332
0 7 6.667
0 8 5.496
0 9 6.194
0 10 5.737
0 11 5.281
0 12 5.484
0 13 5.181
0 14 3.983
0 15 5.338
0 16 4.555
0 17 3.377
0 18 5.056
0 19 5.08
0 20 2.263
0 21 6.036
0 22 5.335
0 23 5.631
0 24 5.806
0 25 4.761
0 26 5.967
0 27 6.755
0 28 5.731
0 29 4.597
0 30 3.986
0 31 5.448
0 32 6.729
0 33 3.895
0 34 1.148
1 2 6.132
1 3 6.806
1 4 3.815
1 5 7.098
1 6 7.278
1 7 6.56
1 8 3.947
1 9 4.923
1 10 5.225
1 11 5.287
1 12 5.387
1 13 5.389
1 14 4.682
1 15 2.944
1 16 4.788
1 17 3.89
1 18 3.588
1 19 5.012
1 20 4.628
1 21 6.247
1 22 4.198
1 23 6.349
1 24 3.944
1 25 4.135
1 26 5.767
1 27 3.564
1 28 4.643
1 29 3.864
1 30 3.58
1 31 5.743
1 32 4.165
1 35 3.643
1 36 2.532
2 3 5.459
2 4 4.772
2 5 5.966
2 6 4.905
2 7 5.695
2 8 5.439
2 9 3.159
2 10 5.384
2 11 5.462
2 12 5.226
2 13 4.114
2 14 4.63
2 15 3.474
2 16 6.165
2 17 5.691
2 18 4.125
2 19 4.276
2 20 4.567
2 21 3.86
2 22 5.835
2 23 4.747
2 24 5.214
2 25 4.785
2 26 4.504
2 27 5.573
2 28 4.927
2 29 4.617
2 30 5.773
2 31 5.918
2 32 5.207
2 37 3.247
2 38 2.221
3 4 5.67
3 5 4.835
3 6 2.63
3 7 7.604
3 8 4.809
3 9 4.997
3 10 5.168
3 11 4.259
3 12 2.171
3 13 4.723
3 14 5.031
3 15 4.069
3 16 4.103
3 17 5.635
3 18 3.705
3 19 4.81
3 20 3.783
3 21 3.6
3 22 7.245
3 23 4.799
3 24 5.791
3 25 3.882
3 26 2.549
3 27 4.848
3 28 5.642
3 29 5.157
3 30 5.49
3 31 6.426
3 32 5.387
3 39 1.797
3 40 2.796
4 5 6.503
4 6 5.272
4 7 2.775
4 8 5.78
4 9 4.119
4 10 3.959
4 11 5.267
4 12 4.562
4 13 5.227
4 14 3.724
4 15 4.944
4 16 4.617
4 17 4.596
4 18 4.228
4 19 5.455
4 20 4.901
4 21 5.619
4 22 4.122
4 23 4.331
4 24 5.981
4 25 4.068
4 26 4.58
4 27 5.076
4 28 5.461
4 29 4.876
4 30 4.186
4 31 3.328
4 32 6.314
4 41 2.974
4 42 4.372
5 6 4.881
5 7 5.956
5 8 2.756
5 9 6.224
5 10 4.343
5 11 6.39
5 12 5.35
5 13 5.668
5 14 5.082
5 15 4.536
5 16 6.406
5 17 5.373
5 18 4.786
5 19 3.307
5 20 2.912
5 21 5.228
5 22 7.001
5 23 6.386
5 24 5.559
5 25 5.719
5 26 5.626
5 27 4.142
5 28 3.449
5 29 4.434
5 30 4.201
5 31 4.643
5 32 4.755
5 43 3.178
5 44 1.328
6 7 4.267
6 8 6.341
6 9 4.5
6 10 6.155
6 11 5.325
6 12 5.356
6 13 6.319
6 14 4.399
6 15 4.116
6 16 3.346
6 17 4.941
6 18 4.285
6 19 4.351
6 20 5.791
6 21 5.028
6 22 4.285
6 23 5.837
6 24 6.034
6 25 4.285
6 26 6.434
6 27 5.311
6 28 4.861
6 29 5.084
6 30 3.898
6 31 4.692
6 32 4.255
6 45 4.388
6 46 2.726
7 8 4.564
7 9 3.948
7 10 4.451
7 11 4.776
7 12 4.499
7 13 3.477
7 14 6.681
7 15 4.584
7 16 3.561
7 17 4.001
7 18 5.077
7 19 4.524
7 20 4.533
7 21 4.854
7 22 5.629
7 23 4.254
7 24 4.919
7 25 5.433
7 26 3.566
7 27 4.528
7 28 4.759
7 29 5.207
7 30 3.281
7 31 4.597
7 32 5.299
7 47 4.173
7 48 2.87
8 9 5.405
8 10 5.604
8 11 6.239
8 12 4.26
8 13 5.463
8 14 4.255
8 15 5.296
8 16 3.601
8 17 4.616
8 18 4.983
8 19 4.672
8 20 4.741
8 21 5.913
8 22 7.529
8 23 7.27
8 24 3.338
8 25 6.066
8 26 4.092
8 27 5.245
8 28 7.386
8 29 6.116
8 30 3.826
8 31 4.285
8 32 4.403
8 49 1.795
8 50 2.04
9 10 5.324
9 11 6.046
9 12 4.896
9 13 4.073
9 14 3.814
9 15 4.021
9 16 4.628
9 17 4.759
9 18 2.784
9 19 4.215
9 20 3.693
9 21 5.434
9 22 5.411
9 23 6.007
9 24 4.803
9 25 4.646
9 26 7.347
9 27 3.351
9 28 6.574
9 29 5.172
9 30 5.72
9 31 4.169
9 32 6.426
9 51 2.328
9 52 1.999
10 11 5.371
10 12 5.742
10 13 4.01
10 14 5.149
10 15 4.465
10 16 6.27
10 17 6.48
10 18 6.638
10 19 7.404
10 20 4.563
10 21 3.059
10 22 5.466
10 23 6.992
10 24 6.384
10 25 5.709
10 26 5.895
10 27 4.598
10 28 3.567
10 29 5.119
10 30 5.7
10 31 4.663
10 32 4.197
10 53 4.787
10 54 2.684
11 12 4.769
11 13 4.31
11 14 5.186
11 15 5.942
11 16 3.968
11 17 4.72
11 18 5.299
11 19 4.974
11 20 2.129
11 21 4.324
11 22 5.78
11 23 5.854
11 24 4.773
11 25 4.421
11 26 4.141
11 27 4.44
11 28 6.307
11 29 4.647
11 30 5.127
11 31 4.474
11 32 7.015
11 55 4.542
11 56 4.562
12 13 4.44
12 14 5.793
12 15 5.378
12 16 5.445
12 17 3.669
12 18 5.343
12 19 3.892
12 20 4.975
12 21 4.933
12 22 6.039
12 23 5.374
12 24 4.689
12 25 4.853
12 26 6.285
12 27 5.068
12 28 4.824
12 29 4.211
12 30 3.828
12 31 4.746
12 32 4.138
12 57 5.162
12 58 2.299
13 14 2.158
13 15 4.627
13 16 5.172
13 17 4.403
13 18 2.07
13 19 5.582
13 20 3.448
13 21 6.132
13 22 4.934
13 23 4.352
13 24 5.157
13 25 6.467
13 26 5.105
13 27 5.311
13 28 7.227
13 29 4.494
13 30 5.032
13 31 4.911
13 32 4.277
13 59 4.161
13 60 3.672
14 15 6.835
14 16 4.746
14 17 3.728
14 18 4.783
14 19 4.658
14 20 6.898
14 21 5.764
14 22 5.003
14 23 3.671
14 24 5.559
14 25 4.299
14 26 5.146
14 27 4.157
14 28 5.697
14 29 4.647
14 30 4.876
14 31 4.807
14 32 5.072
14 61 3.366
14 62 1.303
15 16 4.668
15 17 6.375
15 18 2.495
15 19 4.002
15 20 4.637
15 21 6.468
15 22 3.835
15 23 5.702
15 24 7.012
15 25 5.193
15 26 4.738
15 27 3.03
15 28 4.903
15 29 4.256
15 30 4.54
15 31 6.005
15 32 6.413
15 63 2.838
15 64 1.916
16 17 5.324
16 18 5.903
16 19 4.926
16 20 7.792
16 21 4.123
16 22 5.925
16 23 3.358
16 24 5.61
16 25 2.977
16 26 5.047
16 27 5.192
16 28 4.085
16 29 5.618
16 30 6.879
16 31 5.306
16 32 4.662
16 65 2.728
16 66 1.548
17 18 5.538
17 19 5.03
17 20 6.506
17 21 4.255
17 22 6.903
17 23 4.644
17 24 6.659
17 25 3.37
17 26 4.282
17 27 4.682
17 28 6.422
17 29 5.826
17 30 4.681
17 31 6.203
17 32 3.799
17 67 3.815
17 68 3.72
18 19 5.143
18 20 4.896
18 21 5.485
18 22 5.373
18 23 3.66
18 24 5.66
18 25 4.853
18 26 5.305
18 27 5.4
18 28 5.658
18 29 4.283
18 30 3.192
18 31 5.803
18 32 4.176
18 69 1.925
18 70 3.399
19 20 4.686
19 21 4.224
19 22 5.774
19 23 5.546
19 24 4.217
19 25 4.68
19 26 4.262
19 27 5.107
19 28 5.634
19 29 4.784
19 30 5.092
19 31 7.449
19 32 6.068
19 71 3.688
19 72 3.352
20 21 6.316
20 22 6.076
20 23 4.003
20 24 3.793
20 25 5.122
20 26 7.374
20 27 4.394
20 28 6.442
20 29 4.799
20 30 5.793
20 31 3.823
20 32 6.964
20 73 1.978
20 74 2.681
21 22 7.436
21 23 3.045
21 24 4.844
21 25 5.676
21 26 5.964
21 27 3.843
21 28 5.118
21 29 4.259
21 30 4.3
21 31 7.237
21 32 4.003
21 75 2.969
21 76 3.274
22 23 6.325
22 24 4.583
22 25 5.144
22 26 5.654
22 27 7.212
22 28 4.316
22 29 4.329
22 30 4.692
22 31 5.58
22 32 3.724
22 77 2.306
22 78 3.246
23 24 5.643
23 25 4.041
23 26 5.096
23 27 6.058
23 28 5.971
23 29 5.181
23 30 4.07
23 31 6.698
23 32 5.427
23 79 3.631
23 80 2.942
24 25 3.902
24 26 5.152
24 27 4.92
24 28 4.626
24 29 5.548
24 30 5.249
24 31 5.25
24 32 3.662
24 81 2.079
24 82 2.196
25 26 5.027
25 27 6.458
25 28 5.312
25 29 4.105
25 30 4.074
25 31 5.183
25 32 4.247
25 83 3.887
25 84 3.914
26 27 4.959
26 28 5.631
26 29 5.948
26 30 6.856
26 31 2.668
26 32 4.691
26 85 3.066
26 86 3.444
27 28 3.119
27 29 4.879
27 30 5.179
27 31 4.078
27 32 5.925
27 87 3.09
27 88 1.995
28 29 4.607
28 30 4.701
28 31 6.774
28 32 4.578
28 89 4.52
28 90 3.444
29 30 5.103
29 31 5.343
29 32 5.105
29 91 3.258
29 92 4.656
30 31 3.776
30 32 3.872
30 93 3.073
30 94 1.582
31 32 5.761
31 95 5.843
31 96 3.697
32 97 1.476
32 98 2.518
33 35 2.705
34 36 3.929
37 39 3.198
38 40 1.527
41 43 1.376
42 44 2.601
45 47 1.396
46 48 2.408
49 51 1.789
50 52 3.927
53 55 3.989
54 56 2.04
57 59 2.073
58 60 3.752
61 63 2.289
62 64 2.674
65 67 1.258
66 68 0.947
69 71 4.072
70 72 2.941
73 75 3.341
74 76 1.777
77 79 3.608
78 80 2.416
81 83 4.786
82 84 2.618
85 87 3.254
86 88 3.416
89 91 2.73
90 92 1.257
93 95 2.361
94 96 3.017