100
0 1 7.438
1 2 60.994
2 3 2.144
3 4 15.220
4 5 95.471
5 6 80.468
6 7 24.423
7 8 32.520
8 9 43.931
9 10 13.479
10 11 59.472
11 12 97.822
12 13 8.861
13 14 29.394
14 15 23.904
15 16 51.661
16 17 4.597
17 18 26.466
18 19 67.137
19 20 78.927
20 21 36.442
21 22 11.343
22 23 16.679
23 24 1.825
24 25 78.857
25 26 27.714
26 27 86.507
27 28 52.872
28 29 69.292
29 30 5.274
30 31 77.317
31 32 20.119
32 33 1.749
33 34 31.797
34 35 67.441
35 36 27.667
36 37 20.606
37 38 88.563
38 39 73.144
39 40 92.600
40 41 99.137
41 42 93.596
42 43 19.035
43 44 15.613
44 45 89.837
45 46 45.541
46 47 29.031
47 48 21.935
48 49 69.910
49 50 52.071
50 51 27.028
51 52 90.724
52 53 95.331
53 54 98.322
54 55 51.789
55 56 98.754
56 57 34.744
57 58 85.756
58 59 41.620
59 60 4.853
60 61 2.603
61 62 53.101
62 63 33.964
63 64 47.326
64 65 66.313
65 66 72.460
66 67 71.590
67 68 19.568
68 69 26.370
69 70 6.903
70 71 80.338
71 72 60.680
72 73 59.633
73 74 11.658
74 75 71.799
75 76 72.681
76 77 42.350
77 78 83.912
78 79 21.501
79 80 58.901
80 81 86.331
81 82 22.152
82 83 55.559
83 84 3.345
84 85 93.630
85 86 36.727
86 87 25.504
87 88 99.330
88 89 70.639
89 90 65.791
90 91 90.261
91 92 37.115
92 93 5.965
93 94 27.463
94 95 75.970
95 96 57.655
96 97 90.995
97 98 28.059
98 99 60.035
99 77 52.247
71 27 95.425
60 26 74.985
9 43 41.243
17 60 56.164
10 13 23.988
70 62 26.179
8 87 51.503
66 49 5.617
22 39 64.601
11 25 76.311
27 7 34.604
78 32 77.994
18 3 20.863
28 42 2.934
86 50 47.587
7 71 61.450
53 25 56.538
14 9 7.900
76 91 95.022
63 73 71.291
9 86 22.435
59 91 87.716
16 26 16.546
40 88 35.318
84 74 98.786
7 1 10.753
96 27 27.393
19 54 50.604
31 28 51.180
32 65 76.339
76 64 84.973
1 49 56.819
4 37 59.274
21 7 59.970
31 7 11.644
15 20 94.646
27 12 34.112
22 85 14.089
45 80 13.606
59 23 86.397
31 63 4.138
16 94 97.997
27 43 16.928
43 54 75.797
78 69 57.011
16 27 23.260
36 47 92.000
40 86 67.818
24 86 98.064
60 29 85.200
72 42 52.334
43 24 68.165
22 56 19.649
29 16 44.580
87 92 11.562
1 53 2.635
8 78 86.493
91 5 2.728
72 38 33.434
25 45 31.593
24 76 61.981
7 63 66.225
72 78 32.118
83 64 59.636
46 66 48.670
60 24 96.059
81 16 21.502
95 76 48.266
7 16 65.179
64 72 28.581
63 58 22.301
16 71 24.232
72 14 56.119
89 23 42.062
76 20 46.847
92 58 81.514
15 48 32.911
93 47 53.977
84 56 91.318
48 68 29.255
51 83 78.141
64 60 0.236
17 55 76.498
25 32 18.925
18 48 13.421
67 27 67.469
15 66 44.092
79 27 86.223
90 2 30.841
64 11 45.514
9 40 91.411
89 77 77.643
37 51 83.960
40 39 97.868
49 97 32.440
91 3 68.169
51 13 17.735
3 1 34.471
29 36 50.625
38 98 31.387
60 94 27.359
29 14 15.888
98 96 46.328
46 20 66.389
63 15 12.456
62 49 35.908
43 15 75.792
35 14 68.503
90 98 17.229
25 53 36.108
92 63 0.524
38 83 34.615
72 82 55.378
54 82 77.318
91 62 58.088
63 88 24.285
14 85 47.692
25 52 92.877
61 3 31.448
47 39 5.825
45 69 51.175
7 93 34.749
8 90 23.421
95 77 65.367
62 19 42.130
80 4 95.975
65 76 80.413
34 3 34.692
62 47 22.360
24 29 98.822
93 79 77.748
80 77 1.442
60 17 73.659
32 53 66.586
21 49 33.313
93 69 66.082
98 54 89.417
3 66 27.236
99 51 16.121
28 90 56.269
8 21 30.460
8 66 80.204
7 50 20.078
97 13 21.584
53 36 67.564
69 55 86.797
33 43 68.729
64 58 60.192
44 7 42.018
29 3 5.170
32 56 8.126
90 87 27.266
2 12 1.980
15 77 17.716
36 12 1.894
42 7 84.925
22 52 91.896
28 27 37.564
53 81 10.576
74 16 49.435
62 69 95.906
73 63 90.749
6 94 55.308
83 42 99.097
81 40 22.765
38 84 50.514
37 74 77.426
83 34 73.407
16 54 77.678
97 46 47.560
63 29 35.299
66 45 57.414
68 74 84.661
96 26 79.522
98 26 35.643
42 52 15.508
46 25 34.481
30 72 38.307
54 33 97.925
71 59 81.342
1 97 91.846
75 44 90.259
14 10 30.097
85 78 0.740
30 29 44.698
71 5 77.261
61 22 88.310
84 93 16.780
64 37 12.134
44 2 25.193
55 96 45.205
11 68 99.305
24 28 84.734
70 33 35.211
92 52 27.632
53 83 97.987
0 77 37.565
47 63 1.612
93 4 48.438
9 93 3.200
33 6 41.896
25 95 54.015
86 10 98.919
85 9 74.615
68 84 35.235
86 11 54.315
95 15 26.313
89 19 81.935
50 34 67.475
14 89 30.277
88 62 52.840
70 5 13.017
97 38 71.651
40 24 61.772
86 54 22.295
21 20 52.103
65 81 23.991
54 40 9.469
18 87 83.662
64 93 62.148
22 82 29.802
24 22 53.906
22 80 55.610
1 93 45.839
34 96 99.164
56 27 87.298
0 85 68.084
33 57 62.368
43 8 54.251
91 34 70.206
2 92 7.757
43 38 21.556
4 97 62.552
29 64 81.575
16 44 44.004
4 24 74.627
69 86 93.553
55 5 25.145
69 0 57.148
65 25 49.458
55 31 11.186
63 27 2.204
87 71 12.316
74 0 90.690
43 71 6.094
85 19 49.172
9 2 81.877
32 77 99.112
73 36 60.691
39 36 47.009
41 4 45.752
92 66 12.316
61 11 13.182
61 6 47.106
62 74 17.047
47 38 83.181
6 73 77.255
64 32 11.244
33 8 75.346
56 79 35.721
21 59 86.015
29 62 37.910
46 63 93.330
98 39 70.956
86 25 19.815
65 53 45.497
13 84 74.932
53 51 73.843
62 15 94.194
13 8 57.827
65 28 23.128
27 65 78.885
19 59 99.094
73 81 32.181
55 41 25.693
80 76 28.892
95 87 3.369
44 39 38.214
92 25 21.301
98 87 97.618
10 61 62.617
72 55 71.211
30 99 38.668
2 52 0.427
71 86 64.199
10 88 81.198
60 69 49.940
93 86 63.725
19 68 46.869
45 62 6.905
12 22 70.980
43 59 49.162
22 79 50.303
66 20 48.746
17 28 24.339
60 79 34.631
54 27 7.626
29 71 90.612
29 54 25.476
1 29 19.784
3 53 97.026
85 12 10.032
15 97 78.358
70 89 51.434
10 70 97.220
44 93 34.793
79 76 15.979
71 42 42.460
15 62 79.392
56 59 54.588
71 13 69.373
72 34 21.072
47 14 5.349
47 93 68.495
15 41 57.188
45 86 56.738
10 46 78.004
48 39 94.349
73 35 92.270
86 6 60.540
65 2 47.706
7 4 49.676
32 68 96.711
31 2 93.619
0 92 82.657
28 55 9.241
57 15 67.905
16 18 36.125
8 91 86.803
38 85 28.155
96 62 41.424
0 28 10.337
54 22 42.604
2 21 13.579
7 29 25.343
44 6 45.001
18 83 13.206
83 4 35.696
12 39 49.455
97 36 84.129
7 77 2.028
36 14 40.020
23 55 58.549
46 24 67.389
85 97 45.671
3 99 32.468
68 37 98.707
37 42 57.269
44 22 63.499
50 15 31.618
86 98 5.154
29 33 8.226
96 92 82.159
34 92 70.106
15 64 57.511
8 39 12.832
24 71 9.661
79 19 17.827
54 8 3.034
37 19 15.944
75 56 26.090
11 16 26.070
63 78 84.329
87 52 8.287
47 22 57.092
50 14 87.343
51 41 27.276
39 62 35.393
11 23 86.156
2 45 76.142
84 71 58.124
6 86 30.399
64 86 7.033
35 62 51.967
85 2 18.545
91 83 94.454
92 72 19.546
42 6 76.132
2 41 91.552
62 55 89.922
17 10 74.076
12 62 12.216
60 45 61.075
34 7 39.475
6 59 60.668
44 94 11.414
32 35 70.092
82 38 53.148
63 9 70.786
42 35 18.203
37 3 12.303
6 63 37.944
34 43 74.328
2 77 6.175
38 89 74.555
77 10 16.311
13 1 57.280
71 95 26.991
2 0 1.071
96 45 70.198
26 96 43.044
56 32 37.518
88 77 47.883
96 66 71.466
93 62 40.418
5 37 94.233
96 91 67.522
15 45 5.888
55 61 16.589
6 61 39.717
61 77 92.050
64 56 48.109
4 57 50.251
52 64 85.072
15 14 81.660
60 67 53.596
67 81 33.277
30 3 80.030
14 21 73.256
9 12 58.253
14 68 65.074
79 28 42.944
24 55 82.084
64 22 99.404
50 6 79.874
45 77 37.020
67 1 55.969
36 5 95.619
58 96 7.992
67 55 93.799
49 82 72.027
33 62 58.847
74 12 78.317
65 57 77.793
59 8 12.244
10 58 88.985
0 47 61.145
27 89 86.965
54 91 15.869
75 36 54.780
79 2 66.918
53 23 84.967
93 70 29.852
86 27 87.333
64 47 56.170
3 39 35.406
93 92 8.430
6 72 47.201
50 21 71.369
62 95 88.367
15 86 97.778
25 63 4.457
71 60 35.797
60 20 33.786
38 11 65.237
72 10 27.134
17 64 35.848
26 53 10.435
33 3 49.361
42 4 86.920
8 12 4.311
9 6 75.130
25 18 79.059
2 28 73.141
28 44 0.682
34 40 48.512
39 67 15.310
80 63 19.653
40 72 29.769
4 9 12.391
14 42 28.630
24 99 38.406
32 57 93.462
60 16 65.817
32 25 43.749
92 62 95.119
4 36 76.056
71 45 35.016
50 83 7.158
59 39 91.864
84 63 85.974
18 64 0.536
38 28 46.247
15 58 71.574
57 49 69.208
82 0 22.789
78 71 10.470
10 24 78.739
43 21 3.931
58 29 46.261
93 19 87.748
10 45 20.345
46 15 65.066
32 12 99.863
69 64 13.462
99 54 93.702
16 11 37.370
99 44 2.972
53 18 45.587
58 49 40.930
71 63 83.674
54 30 17.486
17 94 80.320
12 43 27.886
99 84 35.690
33 94 38.723
8 83 85.871
79 65 12.311
89 49 36.226
73 67 98.262
33 39 90.673
49 85 13.942
80 39 76.983
18 24 51.692
60 1 49.295
28 24 80.483
93 28 64.815
87 30 18.258
68 43 52.653
69 9 86.530
45 37 13.201
87 10 83.878
89 99 89.127
16 73 72.748
66 73 40.325
26 79 95.594
3 90 15.973
6 42 37.664
51 55 75.220
70 25 78.822
43 69 10.138
20 27 33.759
96 12 63.705
40 9 29.169
55 88 85.899
99 88 67.383
63 4 60.035
81 75 34.602
51 96 78.874
58 42 83.603
82 87 90.949
49 34 60.402
92 9 98.057
72 63 52.099
65 88 17.377
89 34 61.644
36 9 63.778
9 23 82.843
92 0 88.271
82 58 63.377
67 29 25.826
6 88 9.341
17 91 51.137
2 16 21.737
96 48 26.163
50 53 96.681
54 72 40.899
77 51 84.841
55 51 97.096
47 18 97.807
86 69 74.763
78 81 15.280
96 95 3.263
28 69 35.469
13 25 2.843
8 85 37.582
10 56 80.898
98 70 4.775
88 20 9.455
54 20 94.740
42 2 2.994
14 3 99.872
20 43 25.284
31 73 33.077
35 26 94.006
76 78 12.640
0 53 99.794
78 90 78.709
70 39 83.818
89 91 97.852
13 88 22.532
81 27 79.138
3 47 93.021
22 20 7.242
35 44 34.025
81 90 48.083
46 53 55.873
79 77 66.623
27 44 96.203
75 49 53.185
83 10 98.517
93 27 26.908
64 76 84.840
17 5 65.778
0 94 26.225
63 35 12.884
45 10 94.986
34 32 99.819
6 26 75.436
70 24 1.246
31 13 80.122
3 26 68.975
96 6 27.310
54 81 60.286
21 65 32.694
81 38 51.579
51 42 98.457
69 85 97.555
30 97 63.611
52 51 18.628
64 55 24.222
93 72 59.192
14 99 61.436
2 60 44.334
4 80 74.855
80 17 62.971
73 14 94.295
7 91 84.654
93 81 66.876
60 2 51.179
55 20 37.374
17 33 82.380
85 66 98.502
42 83 48.998
43 87 94.491
80 36 30.982
51 8 84.963
99 20 87.837
93 49 42.913
48 89 2.493
75 51 54.738
75 64 33.268
48 18 33.622
20 86 94.786
43 93 52.503
51 88 23.831
61 45 54.575
13 48 38.294
20 14 31.079
72 33 20.867
82 32 45.694
8 71 78.374
78 30 35.667
95 30 37.609
73 68 31.322
8 51 52.889
47 8 26.822
6 28 21.146
94 21 53.425
60 83 29.960
1 57 46.743
47 10 75.303
38 25 38.568
28 72 7.659
18 28 21.632
80 62 82.169
55 98 12.138
88 3 65.378
31 25 19.038
43 28 53.444
54 83 57.169
79 38 51.070
99 89 83.403
27 21 22.675
12 33 33.114
82 21 82.977
18 44 94.943
96 44 42.932
8 22 17.818
75 6 79.881
42 91 17.052
66 70 72.884
15 10 53.380
24 84 80.676
89 12 54.299
81 4 94.831
23 1 17.424
22 67 15.106
38 70 53.230
51 60 57.617
78 80 30.636
34 93 83.372
65 32 28.243
78 14 38.273
21 25 62.229
34 6 87.908
85 3 92.837
70 56 85.057
27 33 94.928
1 94 45.042
50 82 99.418
4 65 86.940
84 46 9.286
89 28 44.780
94 24 0.957
40 17 24.458
84 2 14.983
84 8 8.306
5 35 87.077
27 18 41.129
60 7 2.309
72 59 68.468
18 61 95.171
46 0 95.156
39 29 8.921
86 8 13.762
53 66 23.761
10 41 65.277
69 67 88.500
67 86 94.863
67 84 87.721
89 81 21.310
11 86 38.552
24 40 60.596
83 66 87.435
44 10 89.262
39 21 75.619
7 74 76.143
14 95 1.581
63 18 14.571
21 51 43.507
77 71 83.731
52 35 24.681
42 29 10.514
29 48 29.330
97 48 12.815
59 35 63.631
21 69 26.264
8 74 60.813
55 37 62.615
7 79 29.355
17 11 13.077
78 36 61.322
27 32 87.897
48 41 72.328
87 39 51.440
98 74 94.330
32 48 95.278
55 36 14.560
56 96 34.521
56 84 15.356
94 5 7.526
68 61 12.166
41 34 55.258
2 9 4.296
26 36 78.023
57 90 76.816
37 39 47.462
4 78 72.012
76 47 62.764
68 59 9.343
62 24 67.906
18 50 29.231
43 2 99.965
64 30 43.394
17 15 97.401
70 6 2.949
67 94 72.405
29 82 45.051
25 24 53.397
91 41 72.627
53 82 74.248
63 91 63.820
53 46 63.826
3 17 21.549
18 26 9.344
79 99 36.136
46 33 71.281
85 57 8.776
68 48 90.400
88 30 7.269
69 83 40.330
57 3 3.433
1 84 77.059
67 26 33.045
39 69 12.938
97 91 62.796
44 51 85.953
41 89 24.902
28 65 58.300
91 86 82.605
16 4 45.844
76 65 52.571
22 58 4.698
8 27 15.725
78 95 43.394
99 57 0.845
55 45 93.732
64 4 40.309
94 13 75.156
83 61 59.184
5 1 61.702
91 84 49.657
99 94 14.170
60 49 39.866
45 84 5.662
21 87 41.823
42 11 15.054
50 75 23.333
10 20 60.316
58 11 18.169
93 71 6.718
29 35 83.190
78 3 81.639
32 78 55.589
78 89 47.963
54 95 43.525
70 52 28.610
42 46 1.128
42 87 68.440
37 40 30.680
57 23 24.183
7 19 81.897
67 8 9.664
83 85 74.832
64 92 87.506
12 80 65.476
74 32 13.450
92 43 97.367
78 88 62.921
80 78 48.458
29 18 4.102
32 38 53.006
24 65 99.962
77 66 27.685
39 2 1.434
37 96 50.257
13 55 81.451
74 82 62.409
16 47 81.805
84 86 33.565
29 13 86.517
58 68 7.785
49 30 51.693
29 55 63.225
16 6 77.115
30 8 67.618
92 13 34.239
83 70 55.797
20 71 22.209
59 69 53.685
49 21 1.698
20 77 76.259
72 76 40.659
82 49 32.198
73 47 73.486
87 57 2.134
59 6 30.495
92 76 75.171
30 47 34.455
93 24 15.874
53 84 64.568
30 77 61.866
4 76 21.678
95 65 57.585
8 73 88.367
38 54 54.137
23 10 0.021
26 90 26.849
16 67 15.340
36 27 49.587
39 48 96.747
36 23 22.705
99 93 61.751
70 11 70.923
14 78 33.279
19 55 10.762
43 1 93.030
97 52 29.636
89 16 72.576
51 37 8.922
5 79 12.186
19 43 43.875
79 90 30.040
63 14 66.056
57 68 10.918
1 64 41.133
41 46 14.637
20 59 26.867
52 44 19.853
97 51 87.069
96 21 3.611
39 58 62.175
30 85 84.856
88 83 68.915
25 93 68.390
74 81 54.152
3 45 48.630
54 98 24.452
13 7 68.627
39 14 87.054
25 40 99.338
55 67 31.260
53 80 81.716
46 56 19.859
29 25 6.119
86 35 34.422
25 62 98.537
76 60 39.910
40 51 45.194
14 19 70.856
84 58 87.755
80 82 31.680
13 50 23.169
11 15 45.108
68 40 15.237
17 36 3.782
17 80 95.865
19 81 0.701
23 87 66.242
83 74 67.024
6 84 77.110
77 68 54.883
0 6 23.535
8 52 37.685
44 83 20.905
15 78 86.576
70 42 32.184
67 19 58.261
35 40 58.648
18 92 96.385
22 90 62.875
26 75 55.674
15 13 59.499
90 23 2.005
74 25 80.827
21 82 48.792
62 12 81.168
80 98 67.453
81 42 76.745
97 18 82.916
98 33 78.478
73 40 23.690
78 83 94.664
57 74 97.348
52 33 26.957
50 90 32.002
84 87 28.623
21 93 62.386
87 13 73.408
23 73 40.278
71 69 9.572
85 27 59.199
78 57 67.361
49 12 3.812
17 53 73.054
17 4 50.480
43 79 21.474
56 75 36.195
76 1 16.830
87 26 77.243
57 22 57.474
46 38 90.714
39 31 84.769
99 38 17.782
34 48 76.438
24 2 46.279
19 24 95.740
78 18 62.109
27 2 7.413
25 36 91.059
50 35 25.555
83 94 83.022
9 16 62.529
78 23 6.719
10 4 89.867
6 90 20.104
67 41 11.438
17 39 53.151
65 64 51.678
99 75 76.773
49 23 30.539
54 67 61.629
56 72 57.586
6 47 73.950
41 43 31.041
3 79 85.550
50 8 46.291
77 0 13.404
30 82 60.046
67 91 54.372
59 53 10.928
49 98 22.424
84 66 67.114
19 1 4.428
34 5 7.807
0 46 66.255
48 10 20.062
98 79 64.865
76 26 90.010
72 97 20.134
96 70 7.835
10 42 74.743
60 5 71.286
46 78 82.986
85 36 59.733
51 74 81.504
45 56 68.493
32 75 63.381
35 34 90.289
52 96 77.153
46 34 46.348
46 26 18.196
37 7 49.340
79 72 77.817
15 19 34.506
5 31 59.760
70 55 46.316
50 59 81.121
87 60 37.399
42 26 80.200
65 23 15.532
52 13 12.172
3 57 50.997
62 53 75.574
46 42 34.057
55 97 1.623
62 33 22.138
43 75 72.612
52 2 78.443
62 75 33.896
36 8 98.375
11 29 89.874
15 12 33.723
85 38 92.683
73 45 74.232
40 74 99.655
93 57 11.470
40 20 20.726
49 58 36.799
53 94 60.509
0 37 96.263
14 44 32.669
38 56 67.712
65 52 72.561
19 82 59.231
89 24 3.834
48 65 64.787
35 29 19.475
1 19 31.180
37 29 93.678
78 26 89.089
61 63 93.683
82 20 30.905
63 13 90.920
97 69 2.373
83 81 76.045
62 79 91.953
61 28 82.416
94 61 73.362
28 57 63.986
55 30 36.829
70 59 42.392
85 41 6.057
17 96 77.658
49 4 11.196
56 74 45.136
70 36 59.517
14 46 25.514
23 76 14.370
84 36 59.475
45 60 12.664
14 92 9.903
86 83 74.275
42 44 38.786
41 32 33.351
76 25 5.658
62 46 90.970
95 27 95.068
16 34 76.543
31 89 18.471
65 60 62.405
38 43 12.162
95 63 74.364
78 10 25.439
59 46 73.031
5 21 68.899
25 81 31.141
97 79 84.283
1 16 97.330
24 52 90.424
52 39 5.096
41 96 52.532
91 6 2.734
92 45 39.662
76 98 50.027
80 42 63.762
38 58 97.052
86 91 48.055
11 26 38.711
14 36 85.847
41 81 63.889
62 68 51.993
7 69 25.235
39 38 67.516
34 65 25.674
93 1 19.487
56 36 43.442
46 76 73.396
59 74 76.740
57 92 31.386
44 68 52.446
35 39 42.746
61 94 69.921
12 89 14.794
0 44 12.784
91 79 40.392
68 76 15.801
43 85 7.850
81 2 25.138
26 13 50.599
59 29 73.658
60 88 15.525
22 11 31.703
46 73 26.311
12 56 93.977
91 32 35.586
48 35 36.926
45 9 65.286
58 51 43.746
82 23 71.285
82 8 52.801
0 80 24.153
72 31 56.957
30 92 60.773
27 6 20.218
61 13 80.187
19 93 37.852
89 45 24.809
9 72 17.677
81 87 42.306
1 83 92.143
33 97 84.071
5 52 43.601
1 25 18.457
16 50 23.375
73 41 68.195
1 63 14.097
98 5 6.793
20 33 17.501
11 28 38.948
43 89 95.052
17 72 39.036
14 28 15.296
39 65 6.662
65 46 74.780
41 36 21.378
81 36 76.584
23 4 7.034
74 52 69.437
51 61 28.226
32 88 6.550
62 25 80.589
50 99 32.466
79 33 55.780
85 16 5.495
9 96 73.747
72 99 84.456
94 59 76.925
48 57 0.670
72 20 74.972
25 74 85.632
80 7 86.354
63 8 75.341
52 55 5.577
37 63 63.945
15 38 18.845
74 55 23.179
62 99 89.150
63 65 14.240
95 49 77.393
32 84 43.637
59 61 0.540
63 98 21.728
5 51 88.521
62 6 7.225
28 75 13.858
59 14 61.790
37 43 90.460
33 87 10.161
37 21 15.505
21 70 26.976
92 53 71.619
10 30 46.752
51 21 99.843
41 38 20.579
54 46 91.764
55 44 90.769
95 54 4.499
93 42 28.854
86 30 80.327
58 73 92.582
96 56 54.307
17 6 66.505
13 21 93.536
17 83 72.015
15 27 26.869
7 99 93.269
33 46 93.310
31 58 94.149
95 12 3.610
79 71 62.736
24 50 6.015
87 59 14.282
41 22 65.137
23 17 84.704
72 50 84.940
59 81 0.602
24 47 32.759
35 85 78.179
91 14 78.482
87 11 44.718
75 70 14.631
65 21 55.189
9 27 53.056
54 47 62.894
85 81 35.599
62 72 13.429
48 2 86.496
97 72 79.212
81 54 81.699
81 49 49.813
12 24 25.028
14 53 92.709
38 96 66.848
24 13 56.419
89 63 39.712
21 71 55.513
80 15 13.779
31 62 19.904
83 80 93.591
74 88 13.792
18 13 17.827
59 79 91.425
82 90 56.107
75 8 12.739
95 60 20.391
46 70 55.600
48 13 93.375
32 86 34.044
82 15 95.317
86 67 0.302
23 0 28.980
21 44 35.876
77 60 5.569
73 27 43.761
70 65 41.946
28 64 16.661
94 74 66.041
29 75 55.332
68 83 81.132
6 78 71.211
77 89 47.520
19 75 33.611
47 91 6.611
29 83 36.266
9 18 63.125
35 58 85.610
28 41 25.038
81 17 20.271
82 71 34.227
87 21 68.411
88 86 1.401
2 30 38.854
34 44 94.997
29 43 65.741
52 37 46.719
74 3 72.016
3 83 35.219
59 76 8.665
8 69 60.944
11 69 32.955
27 39 26.741
50 92 89.967
12 73 82.664
22 98 60.392
14 72 44.618
74 96 59.261
72 53 7.697
83 44 32.367
34 1 17.754
71 19 5.961
41 86 20.495
58 25 26.770
59 57 15.964
39 23 42.634
28 77 79.056
63 75 7.652
3 89 89.177
42 78 69.321
32 98 37.649
97 41 7.501
37 76 92.121
8 47 92.253
78 61 88.672
60 6 42.485
56 37 39.581
58 13 9.436
20 65 45.912
66 25 6.703
5 78 10.304
11 43 78.501
85 63 4.971
2 46 5.453
70 94 52.057
65 42 44.642
81 65 71.205
10 65 4.199
27 92 92.428
66 23 41.305
6 83 5.495
98 91 48.153
73 85 31.847
59 96 58.500
70 96 59.655
71 22 45.101
33 89 81.084
4 51 6.817
5 96 28.580
47 96 68.099
76 16 79.890
82 53 26.281
61 86 42.283
33 69 56.085
89 68 17.890
49 35 83.075
54 1 88.783
54 92 93.987
31 33 37.072
10 43 27.752
98 16 39.506
85 98 13.823
46 35 55.704
85 7 80.827
97 90 22.031
35 67 97.781
56 38 49.276
98 58 48.185
42 30 11.382
10 19 35.861
11 3 52.657
55 65 42.154
29 27 73.911
28 86 19.473
80 23 84.820
6 70 2.823
31 45 46.915
66 88 20.165
50 79 34.122
61 73 67.358
7 36 35.594
43 53 96.154
19 0 61.340
43 35 83.542
78 41 43.977
2 57 32.561
77 44 13.144
56 58 92.819
98 45 87.329
94 16 49.997
42 22 17.346
62 92 88.095
76 97 43.357
77 54 4.204
39 28 61.922
69 77 34.505
22 21 54.119
77 35 71.029
67 17 71.768
39 68 94.388
7 28 39.631
39 47 67.003
90 30 30.122
74 7 26.693
4 21 73.452
41 71 70.083
32 44 3.971
8 60 93.531
54 16 45.989
10 66 79.064
52 50 6.031
57 27 66.831
71 84 34.896
3 42 62.183
12 94 97.581
48 8 55.529
1 0 57.974
95 35 62.100
36 72 2.071
19 84 42.066
8 37 1.096
10 83 82.694
25 90 91.540
58 30 99.379
31 75 18.139
15 67 61.232
87 91 74.024
62 98 88.970
61 47 54.369
48 78 21.820
33 5 93.460
54 89 12.337
79 59 87.305
93 33 59.931
33 9 78.361
35 53 80.930
90 37 42.207
84 70 10.791
18 8 89.485
26 62 82.256
83 62 80.327
56 34 96.030
20 32 24.344
31 48 56.687
53 87 49.849
73 24 58.171
14 2 82.656
72 29 77.072
58 39 16.752
38 68 64.506
61 16 99.683
27 51 84.277
59 55 55.219
31 42 59.770
38 97 65.938
0 66 22.536
74 51 9.499
9 81 0.247
33 58 46.095
74 83 26.523
50 88 88.940
28 14 36.473
90 88 39.435
80 90 18.443
41 24 78.863
45 41 45.308
63 30 4.204
16 77 80.997
92 91 3.080
28 23 74.941
53 40 75.749
64 91 79.567
50 66 89.435
25 21 67.515
73 11 63.192
49 61 74.627
83 9 5.124
19 67 24.313
9 75 46.626
98 76 91.659
75 78 56.891
98 0 98.945
58 19 47.314
81 92 37.054
97 73 27.705
56 6 19.545
69 12 57.987
15 55 5.684
16 23 31.177
53 89 75.587
16 1 62.083
76 88 90.941
19 61 14.358
37 47 34.267
81 19 26.272
23 20 44.078
96 81 13.802
3 96 40.996
74 58 95.103
23 52 38.966
47 49 3.982
76 34 7.763
63 90 34.612
94 64 17.278
47 24 59.509
88 2 65.390
41 68 54.972
9 68 97.248
10 78 19.032
81 46 32.711
20 13 47.897
33 21 92.182
89 60 44.220
23 33 45.088
32 49 95.560
34 10 84.851
40 48 25.695
67 42 73.171
68 12 11.292
10 29 71.824
33 65 98.775
64 97 42.549
11 98 98.474
40 83 69.821
57 50 16.014
25 75 95.168
19 87 20.708
64 26 31.093
20 24 46.379
9 44 18.538
59 65 81.851
58 37 70.143
1 17 92.391
75 73 74.577
2 75 7.256
74 86 64.395
82 65 28.536
57 70 28.906
87 34 15.353
71 24 25.380
56 43 14.929
22 57 97.373
87 67 70.318
72 11 12.627
63 59 97.048
43 12 14.172
30 95 45.001
20 60 24.474
85 89 33.098
88 93 83.564
17 8 43.642
4 14 61.279
79 46 20.968
15 42 38.155
21 48 98.531
4 45 92.866
11 93 80.617
90 39 12.332
37 60 50.813
98 11 29.480
72 9 3.809
17 54 84.188
42 81 33.196
55 69 95.596
59 66 59.116
33 56 31.035
60 34 31.870
78 47 39.791
38 91 18.996
7 41 24.015
30 25 81.795
45 14 86.120
63 32 20.534
52 22 79.302
52 14 84.278
75 90 58.574
54 63 94.209
70 3 32.466
59 24 52.902
77 97 88.013
7 88 5.895
55 80 69.680
38 24 53.705
8 72 27.220
92 59 72.325
85 33 10.142
96 90 58.427
94 20 64.873
9 7 66.296
9 42 59.954
36 58 42.681
29 5 37.726
59 85 43.930
29 72 86.029
76 86 88.056
57 19 94.962
46 9 19.055
93 73 64.514
25 86 41.991
92 79 93.291
28 6 55.901
60 42 17.455
9 57 52.463
48 17 71.207
0 76 23.203
31 97 27.994
73 70 38.943
25 28 32.711
30 0 78.562
90 19 39.522
73 56 95.480
30 62 94.187
1 55 30.290
86 31 83.919
62 0 69.629
65 78 67.154
52 60 67.920
60 66 75.632
10 16 43.895
51 48 75.574
86 85 43.676
13 66 39.968
21 77 49.690
52 10 93.219
87 20 6.536
27 5 12.130
5 29 69.493
41 70 71.117
68 25 80.433
95 40 48.571
66 97 26.665
35 8 29.735
86 79 70.229
92 23 26.608
99 70 72.799
21 58 41.201
4 47 56.840
81 60 9.814
25 68 99.744
55 87 53.284
58 61 71.981
41 37 4.521
19 13 7.766
91 76 0.565
74 87 91.972
3 37 96.776
76 84 41.117
19 58 13.483
35 90 49.231
79 30 82.143
7 2 48.578
56 52 97.945
93 96 59.668
78 42 78.056
21 67 36.674
81 59 92.665
9 76 3.209
98 22 0.226
62 32 44.000
12 87 31.975
12 71 85.478
3 58 42.270
2 82 34.628
96 4 22.813
47 84 76.705
73 28 54.590
22 15 98.358
77 67 39.688
28 49 93.284
98 1 49.104
41 62 55.695
41 53 27.079
33 64 61.326
4 44 71.673
90 76 17.058
92 39 31.496
36 22 12.388
20 10 50.529
20 61 8.606
67 97 64.825
3 51 90.636
78 6 80.905
40 92 50.898
67 65 76.325
87 65 27.391
97 27 42.474
2 49 1.459
22 28 60.273
79 63 21.454
83 31 66.712
89 7 83.234
15 52 36.453
66 89 93.180
3 6 98.466
27 90 83.722
68 50 18.276
79 23 5.457
67 24 44.805
27 13 59.154
26 30 29.847
28 3 0.611
23 39 97.654
75 65 57.813
26 63 95.596
29 65 30.459
52 3 22.398
96 94 55.734
58 8 50.647
2 11 15.924
97 39 2.049
46 95 81.656
81 85 19.306
2 74 1.024
46 94 80.909
48 47 85.830
56 9 85.047
16 99 9.874
10 15 32.089
43 62 90.935
24 66 35.299
88 9 44.597
7 78 97.271
8 48 86.102
54 86 29.286
36 82 7.327
44 35 22.434
79 0 13.859
3 50 94.342
68 81 50.122
41 23 22.375
93 32 34.559
53 63 87.940
51 1 3.276
58 77 89.823
19 40 65.447
83 35 37.213
68 21 34.873
46 30 94.072
30 76 50.153
9 32 12.347
37 44 69.469
7 43 92.544
29 76 95.440
6 60 35.048
6 10 64.053
7 84 61.135
84 18 84.483
93 20 22.364
17 20 89.189
38 59 42.592
71 18 38.981
12 92 75.537
13 49 13.692
39 51 18.497
92 77 25.847
85 48 66.889
11 51 98.505
46 3 54.201
57 42 52.541
89 2 80.154
86 16 96.007
0 38 67.689
21 19 24.223
12 10 74.333
91 52 48.676
76 18 59.109
34 87 70.885
15 47 0.518
91 12 55.740
17 12 92.330
23 95 4.171
50 24 32.219
85 11 75.878
27 37 34.103
97 56 98.990
73 89 74.411
39 3 93.110
33 18 22.145
45 13 93.440
83 7 75.362
26 8 9.440
68 56 67.195
20 91 79.106
87 54 69.750
48 77 89.550
31 65 28.581
78 31 0.759
8 49 72.594
39 53 23.740
76 12 8.073
59 44 9.034
19 47 36.731
8 82 12.262
73 61 14.623
69 41 89.859
59 97 12.918
26 61 7.204
81 30 53.163
40 43 77.578
75 31 46.494
16 53 85.751
87 38 15.485
86 22 80.013
9 28 46.700
86 76 95.051
96 31 43.698
17 27 88.945
95 44 43.433
1 45 40.404
26 97 94.968
19 25 22.845
51 67 74.380
44 29 88.000
34 23 12.249
58 92 79.116
10 75 26.097
9 35 55.691
54 80 60.110
29 68 33.551
23 51 51.391
5 86 95.643
89 83 35.763
43 55 20.768
17 0 51.318
74 64 61.237
64 18 34.180
68 8 42.432
17 16 21.031
30 69 66.521
95 14 76.609
28 83 11.912
68 10 98.381
34 69 49.119
12 48 44.636
85 39 66.018
70 74 4.404
57 60 0.961
38 49 18.888
26 20 42.118
63 21 90.007
95 97 26.681
90 10 38.481
47 88 68.702
41 60 18.072
42 66 70.074
48 71 82.119
47 55 7.719
18 6 96.105
25 58 58.763
43 46 30.259
91 43 34.604
73 34 63.596
89 61 33.315
24 91 60.543
33 36 92.938
56 15 72.676
19 5 47.331
66 44 26.560
8 32 99.120
10 50 78.395
85 40 53.671
35 56 23.916
94 41 75.448
88 48 1.079
76 39 39.680
69 53 82.314
81 88 51.452
69 71 16.414
71 3 38.359
46 4 85.152
20 9 2.610
14 24 67.968
85 26 28.729
17 46 9.543
89 43 37.458
76 81 71.758
22 86 62.622
37 0 83.138
65 55 92.234
87 2 31.975
17 86 91.946
89 18 34.280
6 34 72.814
47 58 53.864
24 20 76.731
87 80 90.223
97 25 64.455
67 76 87.107
42 71 63.162
66 1 10.088
32 47 69.815
11 2 99.734
31 49 40.927
25 61 53.708
29 19 39.348
14 48 34.274
19 71 20.188
40 23 5.468
57 13 69.342
96 84 74.465
39 7 73.231
70 64 36.597
12 37 94.886
36 33 84.048
64 59 93.113
80 50 49.711
94 29 65.573
6 74 57.709
75 69 82.131
5 73 87.129
94 54 28.806
76 62 99.967
37 90 48.735
18 93 99.225
2 29 38.484
81 50 75.930
83 60 79.518
56 80 24.161
77 25 6.427
89 6 31.301
60 59 34.167
85 69 51.444
72 70 19.621
70 27 65.094
52 25 95.251
66 7 66.308
87 66 20.948
14 83 66.377
43 25 49.590
76 40 18.702
92 90 98.399
52 71 84.191
84 90 6.144
64 63 60.870
90 29 47.796
76 48 3.689
88 53 22.770
22 84 18.780
45 26 65.837
93 65 15.554
28 62 5.083
19 15 20.986
15 34 66.359
84 67 76.232
79 15 23.616
90 43 79.638
28 87 8.725
36 83 73.833
53 77 34.940
31 91 57.088
41 14 51.523
11 36 32.319
59 54 34.169
37 67 63.316
62 23 30.015
78 17 89.184
16 42 47.762
87 84 23.965
96 60 99.672
13 91 56.593
5 61 61.681