100
0 5 8.4
0 12 8.86
0 19 9.23
0 23 7.2
0 28 0.66
0 31 3.04
0 33 1.97
0 34 7.2
0 36 7.3
0 37 9.72
0 58 2.69
0 64 8.78
0 66 1.12
0 75 8.67
0 78 6.9
0 89 1.29
0 95 5.39
0 97 2.22
1 4 2.95
1 9 1.77
1 23 7.58
1 25 6.47
1 28 6.54
1 37 0.48
1 41 0.34
1 43 0.06
1 52 5.67
1 58 1.95
1 64 2.46
1 67 3.4
1 72 4.96
1 73 4.63
1 80 8.25
1 83 6.73
1 97 9.72
1 98 8.63
1 99 6.84
2 14 9.93
2 18 5.93
2 31 4.34
2 33 7.96
2 40 2.21
2 42 6.38
2 45 0.19
2 52 5.48
2 53 7.34
2 55 1.39
2 58 0.84
2 62 6.28
2 64 9.54
2 69 4.26
2 82 1.15
2 84 8.68
2 87 6.75
2 93 5.92
3 13 2.67
3 19 9.29
3 27 5.28
3 36 1.66
3 47 1.69
3 60 3.03
3 62 7.07
3 74 9.56
3 79 6.16
3 84 5.43
3 89 6
3 96 7.35
4 8 6.97
4 9 5.14
4 11 3.18
4 13 9.27
4 16 7.81
4 20 0.38
4 22 0.82
4 26 2.23
4 28 2.97
4 29 7.71
4 40 1.23
4 42 9.49
4 56 4.83
4 57 2.03
4 66 0.39
4 67 1.56
4 71 5.86
4 83 1.75
4 90 0.06
4 92 9.42
4 95 6.93
5 13 4.53
5 21 2.48
5 26 9.86
5 30 8.5
5 32 4.94
5 36 6.58
5 38 1.1
5 41 9.21
5 44 3.38
5 49 1
5 50 9.41
5 51 8.48
5 53 2.65
5 59 7.78
5 60 8.86
5 63 3.07
5 64 1.45
5 67 7.87
5 72 2.98
5 74 2.55
5 78 3.67
5 82 0.86
5 86 8.47
5 88 2.2
5 93 4.61
5 97 2.45
6 19 9.75
6 22 4.78
6 24 1.56
6 25 9.57
6 27 4.24
6 29 9.38
6 30 9.95
6 39 4.36
6 42 8.9
6 54 1.67
6 58 5.66
6 63 4.61
6 68 5.79
6 71 0.06
6 72 1.9
6 79 3.89
6 80 5.98
6 83 0.4
6 86 5.83
6 88 5.22
6 89 3.33
6 94 8.21
6 96 4.55
6 97 4.44
6 99 2.63
7 21 1.84
7 26 3.13
7 27 7.59
7 28 1.66
7 31 6.81
7 32 0.43
7 55 5.31
7 58 2.21
7 62 0.74
7 68 8.94
7 69 6.17
7 77 7.65
7 78 9.38
7 87 1.01
7 97 4.44
7 98 8.01
7 99 5.37
8 10 1.63
8 16 0.57
8 19 1.81
8 24 0.24
8 25 3.01
8 30 3.19
8 31 4.93
8 34 0.74
8 47 9.02
8 50 8.06
8 57 2.26
8 58 6.09
8 66 1.71
8 68 3.33
8 73 7.91
8 77 3.04
8 84 3.76
8 88 4.08
8 92 4.58
8 96 6.62
9 13 7.3
9 14 1.14
9 19 7.04
9 23 9.65
9 26 2.83
9 28 6.2
9 31 0.96
9 34 4.22
9 43 7.76
9 45 2.58
9 48 0.49
9 56 5.6
9 64 3.8
9 65 8.93
9 67 0.52
9 70 3.18
9 80 0.79
9 83 3.11
9 91 1.47
9 92 5.06
9 97 8.26
9 98 6.16
9 99 0.35
10 11 6.63
10 21 5.56
10 24 9.81
10 26 9.41
10 30 9.75
10 32 0.53
10 39 1.1
10 42 8.75
10 46 0.72
10 51 2.23
10 52 2.77
10 55 7.29
10 56 5.81
10 58 7.6
10 60 6.24
10 63 6.08
10 65 6.38
10 72 6.42
10 75 7.86
10 91 1.95
10 97 8.26
11 12 5.89
11 13 5.58
11 21 1.74
11 23 0.18
11 29 4
11 32 0.23
11 45 9.19
11 47 5.98
11 48 9.55
11 49 6.92
11 60 3.28
11 63 7.76
11 67 9.29
11 79 9.91
11 82 5.52
11 85 5.78
11 86 9.65
11 90 2.9
11 93 1.9
12 13 8.63
12 14 1.05
12 15 0.97
12 20 7.61
12 21 7.74
12 24 8.39
12 26 5.52
12 38 5.83
12 39 3.99
12 42 1.56
12 43 0.63
12 55 4.01
12 66 8.75
12 69 6.05
12 70 2.34
12 72 5.55
12 74 2.03
12 79 4.66
12 86 3.52
12 88 6.24
12 96 0.57
13 22 9.01
13 24 9.36
13 26 3.61
13 27 5.95
13 28 7.67
13 31 3.39
13 32 4.84
13 35 4.21
13 43 2.09
13 65 4.99
13 76 0.4
13 79 8.65
13 87 5.07
13 89 4.36
14 15 0.78
14 25 8.21
14 29 9.28
14 35 10
14 38 8.86
14 49 1.49
14 53 4.86
14 56 3.25
14 68 6.04
14 72 7.96
14 78 2.69
14 82 3.07
14 84 6.64
14 94 0.46
14 97 3.91
15 17 4.93
15 25 5.15
15 27 8.52
15 29 1.03
15 31 0.03
15 38 1.36
15 43 1.26
15 50 6.24
15 51 5.44
15 53 1.63
15 57 7.03
15 62 7
15 65 4.57
15 67 8.5
15 69 7.56
15 78 1.89
15 79 0.35
15 81 4.69
15 86 5.82
15 87 2.45
15 96 2.58
15 99 8
16 30 7.93
16 35 6.92
16 43 8.78
16 49 8.39
16 55 0.19
16 56 9.44
16 58 5.55
16 63 9.29
16 64 3.9
16 77 1.72
16 89 4.29
16 91 7.67
17 19 6.76
17 26 8.33
17 29 7.97
17 32 6.43
17 34 7.23
17 51 0.85
17 53 0.9
17 54 3.18
17 62 9.15
17 71 5.83
17 73 2.35
17 74 0.07
17 79 3.88
17 82 6.73
17 88 3.11
17 89 5.43
17 90 2.46
18 22 9.68
18 29 7.51
18 31 5.66
18 36 4.67
18 42 2.78
18 47 1
18 48 1.26
18 58 9.57
18 63 3.45
18 66 6.49
18 67 5.01
18 72 2.95
18 74 6.13
18 75 9.05
18 79 8.61
18 81 6.59
18 82 5.82
18 83 8.11
18 84 4.48
18 91 2.55
19 23 0.25
19 31 4.23
19 32 4.23
19 35 6.53
19 36 9.14
19 41 2.82
19 43 7.05
19 46 2.89
19 50 2.42
19 51 1.67
19 58 0.55
19 61 4.25
19 71 1.94
19 74 5
19 87 1.68
20 25 8.44
20 31 7.76
20 32 8.44
20 36 9.67
20 37 2.46
20 38 5.28
20 40 2.33
20 45 8.24
20 46 1.86
20 55 8.09
20 56 0.97
20 58 2.42
20 68 5.81
20 75 7.03
20 82 5.14
21 23 1.97
21 25 9.62
21 38 3.12
21 40 6.88
21 42 1.86
21 53 6.45
21 55 5.54
21 74 0.7
21 81 5.99
21 91 7.78
21 92 7.56
21 98 8.32
22 24 3.91
22 36 0.6
22 38 1.97
22 39 4.73
22 40 4.84
22 46 3.34
22 55 3.46
22 59 4.28
22 70 1.5
22 71 3.67
22 73 6.72
22 74 4.16
22 78 4.88
22 90 0.22
23 24 9.31
23 32 8.66
23 37 5.83
23 39 7.17
23 42 8.2
23 44 6.71
23 57 2.65
23 59 2.63
23 63 3.99
23 64 8.49
23 68 6.98
23 71 8.32
23 77 5.86
23 83 9.7
23 92 9.35
23 97 0.3
24 37 7.46
24 39 9.08
24 43 5.97
24 51 8.86
24 60 8.96
24 61 0.15
24 62 8.02
24 69 4.18
24 73 6.56
24 74 0.54
24 82 1.42
24 85 2.2
24 86 3.04
24 90 0.48
24 92 5.65
24 98 0.69
25 27 4.18
25 28 1.72
25 30 6.65
25 35 7.4
25 36 9.09
25 43 0.06
25 45 3.32
25 48 1.89
25 56 9.09
25 57 4.63
25 63 5.78
25 64 2.04
25 69 8.2
25 85 1.15
25 89 8.97
25 93 7.18
25 96 7.48
25 98 7.92
25 99 8.88
26 30 5.88
26 36 7.35
26 39 0.08
26 40 1.54
26 41 6.26
26 48 3.41
26 54 3.7
26 57 0.08
26 66 5.14
26 69 0.36
26 71 4.08
26 74 4.41
26 80 8.1
26 81 9.74
26 83 0.47
26 86 3.13
26 89 0.72
26 91 2.72
26 98 1.09
27 34 7.69
27 39 8.06
27 47 6.15
27 48 4.08
27 49 0.03
27 54 2.48
27 60 4.6
27 70 8.25
27 71 8.38
27 80 4.34
27 82 0.79
27 84 6.43
27 92 6.19
28 29 1.71
28 30 3.6
28 34 6.69
28 41 1.38
28 44 8.15
28 51 1.71
28 54 3.41
28 57 2.68
28 66 2.41
28 69 8.49
28 73 2.92
28 74 9.67
28 75 1.52
28 77 9.49
28 88 4.5
28 97 8.28
29 30 7.69
29 33 0.64
29 34 2
29 41 4.31
29 58 3.24
29 60 7.79
29 63 0.29
29 69 9.98
29 74 0.88
29 75 2.13
29 78 3.02
29 81 5.34
29 87 6.34
29 93 6.09
29 94 7.25
29 98 5.94
30 37 9.5
30 41 3.61
30 43 7.22
30 44 7.26
30 55 6.94
30 59 1.95
30 60 9.92
30 66 0.17
30 71 0.65
30 81 0.92
30 82 9.77
30 84 3.95
30 91 4.97
30 95 9.47
30 96 0.35
31 34 3.84
31 41 0.81
31 43 4.8
31 47 7.24
31 52 6.61
31 58 3.07
31 63 4.33
31 89 0.09
31 90 0.66
31 97 0.15
32 40 4.04
32 41 1.24
32 46 0.94
32 50 4.32
32 54 7.65
32 68 2.81
32 74 1.72
32 81 1.49
32 82 3.96
32 83 2.77
32 84 0.93
32 96 3.04
33 34 5.83
33 38 1.35
33 41 8.32
33 44 5.57
33 45 8.39
33 58 9.43
33 62 5.81
33 64 4.79
33 68 3.91
33 72 9.59
33 79 1.78
33 82 9.36
33 85 1.11
33 91 0.84
33 92 1.51
33 93 1.7
33 99 8.73
34 43 6.66
34 45 4.45
34 47 8.92
34 64 3.55
34 70 8.61
34 72 5.4
34 77 9.68
34 78 8.23
34 80 2.93
34 83 2.92
34 87 3.51
34 95 7.71
34 99 4.24
35 59 0.22
35 60 7.23
35 64 4.52
35 65 5.49
35 69 3.11
35 81 5.73
35 82 7.49
35 86 9.49
35 87 2.81
35 92 2.72
35 95 3.79
35 99 0.28
36 37 4.33
36 39 9.4
36 40 5.28
36 45 4.69
36 51 5.83
36 54 0.12
36 72 3.59
36 74 0.72
36 77 5.2
36 78 5.81
36 80 3.69
36 84 1.68
36 96 7.91
36 97 8.11
37 48 9.38
37 50 6.48
37 56 7.06
37 60 6.35
37 62 8.89
37 70 1.96
37 82 6.35
37 83 5.7
37 85 9.75
37 88 7.87
37 95 5.95
37 99 8.31
38 44 0.53
38 47 6.35
38 51 1.05
38 55 2
38 59 4.93
38 63 1.65
38 65 3.06
38 71 8.39
38 79 9.21
38 80 6.1
38 81 8.45
38 84 0.23
38 90 1.88
38 93 4.33
38 94 1.75
38 96 3.53
38 98 2.98
39 43 6.8
39 44 3.31
39 53 9.71
39 56 0.72
39 66 4.5
39 70 5.71
39 78 7.73
39 79 6.13
39 88 2.96
39 93 7.75
39 94 7.99
39 96 2.22
40 45 6.92
40 48 7.46
40 51 3.37
40 66 6.62
40 67 3.23
40 69 1.61
40 70 5.31
40 77 3.01
40 90 1.14
40 91 7.07
41 46 8.89
41 49 2.93
41 52 3.68
41 56 4.84
41 67 7.41
41 69 1.63
41 72 3.15
41 79 3.75
41 82 3.02
41 83 5.56
41 86 5.73
42 45 1.23
42 48 9.03
42 53 6.48
42 63 2.89
42 65 8.18
42 66 6.71
42 76 2.76
42 79 7.7
42 80 7.58
42 86 7.74
42 92 1.55
42 97 8.93
43 48 9.14
43 53 1.87
43 55 4.51
43 59 2.96
43 60 8.28
43 61 3.64
43 65 3.64
43 69 4.83
43 76 5.78
43 81 3.58
43 83 1.45
44 58 4.75
44 65 4.26
44 67 1.91
44 68 0.76
44 75 4.79
44 77 2.41
44 81 1.36
44 91 7.22
44 98 7.91
45 52 6.74
45 54 5.06
45 55 6.91
45 57 4.74
45 58 9.18
45 65 6.53
45 68 4.68
45 69 8.43
45 79 9.03
45 85 9.53
45 92 2.78
45 99 6.6
46 51 2.62
46 53 2.69
46 59 2.57
46 60 0.87
46 63 6.42
46 66 6.45
46 67 3.84
46 75 6.04
46 76 4.08
46 77 8.25
46 78 8.52
46 85 5.12
46 91 0.01
46 99 2.44
47 51 4.43
47 52 5.77
47 54 6.6
47 55 2.94
47 74 1.96
47 98 7.37
48 50 7.17
48 55 6.66
48 60 1.12
48 61 3.71
48 62 5.28
48 67 3.7
48 76 8.94
48 77 9.88
48 80 5.93
48 90 5.72
48 94 3.77
49 53 4.15
49 54 6.99
49 56 5.92
49 60 2.19
49 78 5.54
49 83 5.04
49 87 0.36
49 97 0.38
50 54 6.14
50 57 4.77
50 59 8.41
50 60 8.1
50 65 2.79
50 68 0.56
50 72 5.45
50 73 1.15
50 80 7.46
50 82 1.14
50 83 6.87
50 84 8.15
50 96 2.71
50 99 4.17
51 60 4.88
51 62 5.3
51 67 7.45
51 72 5.21
51 73 5.43
51 85 9.86
51 91 5.25
51 94 0.65
52 54 0.57
52 58 6.37
52 62 3.34
52 66 4.76
52 71 5.04
53 63 5.19
53 65 3.69
53 71 3.71
53 77 8.78
53 82 6.23
53 84 10
53 93 8.93
53 94 3.17
54 56 5.37
54 66 4.36
54 74 6.35
54 77 6.06
54 78 9.77
54 81 6.85
54 85 4.37
54 88 1.99
54 92 5.76
54 95 4.77
55 57 5.39
55 70 1.11
55 76 3.72
55 77 0.29
55 79 1.86
55 92 7.63
56 71 5.24
56 76 7.02
56 85 6.23
56 92 8.87
56 96 3.76
57 60 8.32
57 61 4.39
57 65 3.03
57 73 0.85
57 78 2.5
57 80 8.29
57 85 9.56
57 86 9.51
57 94 1.73
57 96 4.74
57 98 2.9
58 62 7.66
58 67 1.59
58 79 3.56
58 81 2.92
58 86 4.53
58 90 8.31
59 61 2.96
59 76 9.92
59 78 3.17
59 81 3.87
59 85 4.06
59 88 2.36
59 95 1.88
59 98 4.93
60 66 3.86
60 73 4.07
60 75 1.35
60 78 6.17
60 79 8
60 89 0.68
60 93 4.03
60 94 4.44
61 71 9.81
61 79 6.18
61 84 1.18
61 85 0.99
61 91 7.74
61 94 2.94
62 65 4.34
62 70 6.31
62 72 7.55
62 76 4.28
62 77 8.57
62 85 7.69
62 86 4.8
62 93 0.62
62 95 8.02
62 96 3.6
63 64 6.69
63 67 7.61
63 69 6.11
63 73 7.24
63 79 3.14
63 83 9.84
63 84 9.27
64 68 8.92
64 70 0.06
64 73 0.95
64 79 2.06
64 88 1.4
64 96 4.62
64 97 8.28
65 66 3.09
65 67 5.58
65 75 2.55
65 82 5.05
65 85 2.46
65 96 4.23
66 70 2.79
66 72 2.37
66 77 4.48
66 78 7.01
66 80 6.91
66 81 5.03
66 92 1.09
66 94 4.92
67 73 2.99
67 75 2.44
67 77 3.61
67 81 9.47
67 83 0.84
67 90 8.86
67 93 4.24
67 94 1.14
68 82 8.21
68 87 8.3
68 94 3.6
68 99 3.85
69 79 1.75
69 82 7.43
69 97 9.78
69 98 1.29
69 99 0.89
70 71 4.59
70 76 4.6
70 93 3.08
70 98 9.68
71 74 4.13
71 82 4.07
71 84 0.36
71 93 4.2
72 78 1.89
72 79 4.1
72 83 5.51
72 84 4.31
72 85 0.66
72 89 0.39
73 79 8.71
73 81 0.58
73 86 1.32
73 94 6.89
74 80 8.42
74 86 6.58
74 92 6.14
74 94 9.2
74 96 0.39
74 97 4.17
74 98 3.98
75 84 3.75
75 96 8.44
76 77 0.61
76 79 7.17
76 88 1.45
76 89 4.38
76 91 4.16
76 98 8.84
77 80 4.11
77 84 3.67
77 91 0.11
77 96 2.22
77 98 3.62
78 89 6.56
78 94 9.8
78 97 5.41
78 99 7.96
79 83 6.38
79 84 2.4
79 85 3.71
79 86 3.82
79 95 0.48
80 87 8.15
80 90 0.63
80 92 2.65
81 87 7.5
81 89 2.26
81 91 7.92
81 94 9.28
81 99 1.7
82 83 6.99
82 85 6.85
82 93 8.53
82 99 8.12
83 87 5.05
83 98 7.37
84 96 9.43
84 98 0.71
86 91 1.59
86 96 0.49
87 89 3.35
87 90 4.04
87 96 3.07
88 90 6.67
88 91 2.99
88 92 1.37
88 95 4.37
88 96 6.87
89 95 7.34
89 99 6.27
90 94 3.02
90 95 6.17
90 96 5.2
91 94 2.68
91 95 3.34
91 96 4.17
91 99 6.36
92 97 3.45
92 99 7.03
94 96 6.17
94 98 3.63
95 97 1.07
97 98 4
