90
0 1 5
0 2 4
0 3 2
0 10 3
1 12 14
2 10 2
2 13 2
3 4 9
3 10 1
3 11 1
4 5 10
5 6 4
5 7 7
5 10 8
6 8 5
6 9 3
7 8 5
7 19 7
8 9 6
8 14 5
8 15 15
8 28 18
9 19 5
10 13 2
11 18 3
11 20 3
11 21 3
12 17 2
13 14 3
13 16 5
14 15 3
15 16 10
19 44 7
19 45 6
20 21 4
20 22 5
22 23 7
23 24 1
23 26 9
23 27 6
24 25 2
28 29 11
28 30 10
29 30 8
29 36 19
30 31 12
30 32 5
30 33 9
30 34 4
30 35 3
31 32 15
31 33 14
31 37 25
31 38 5
32 34 1
32 38 17
34 35 4
34 39 15
35 36 6
35 39 8
35 50 9
37 43 11
37 44 26
38 39 5
38 40 23
38 41 22
39 42 21
39 50 20
40 41 18
40 43 12
40 46 17
41 42 20
41 46 19
42 46 19
42 50 20
43 45 21
43 46 14
44 45 20
46 47 1
47 48 1
47 51 24
47 56 14
48 49 16
48 57 11
49 50 6
49 57 12
50 72 30
51 52 20
51 55 29
52 53 26
52 54 1
54 64 31
55 61 20
56 57 19
56 60 20
56 71 20
57 58 9
58 59 8
59 72 38
60 61 20
60 70 30
61 62 19
61 63 16
62 63 17
63 64 15
64 65 16
65 66 19
66 67 18
66 69 13
67 86 13
68 69 14
68 86 12
69 70 25
70 71 17
70 73 26
71 72 20
72 74 15
73 77 28
74 76 24
75 76 18
75 82 17
76 87 15
77 78 19
78 79 23
79 80 22
80 81 20
81 82 21
82 83 7
83 84 8
84 85 16
85 89 17
86 87 15
87 88 19
88 89 20