100
48 55 87.584
36 75 79.499
36 35 18.661
88 15 78.187
20 87 52.543
52 4 10.065
28 56 62.781
30 64 29.722
31 75 91.8
97 35 32.715
22 16 10.838
62 63 32.662
61 24 5.672
44 16 59.51
96 33 69.894
97 2 98.096
50 96 30.086
98 38 29.698
7 89 87.13
74 13 28.453
18 4 56.301
43 98 99.193
1 13 37.425
63 56 43.756
82 6 12.147
79 24 37.284
77 49 35.57
51 65 70.652
19 69 27.982
65 29 11.031
76 49 75.086
69 45 19.568
70 72 33.627
5 36 64.265
44 62 4.7
98 63 9.153
62 41 85.745
23 45 96.05
10 55 42.392
95 42 44.217
31 1 81.937
29 78 35.435
13 86 15.235
46 52 8.113
83 14 58.621
83 92 12.138
98 77 99.749
98 32 55.324
94 14 84.978
26 29 88.776
51 9 34.743
96 3 82.272
97 21 77.621
59 69 7.016
69 76 69.268
39 17 60.048
35 51 75.862
48 94 65.121
99 90 19.544
81 1 48.459
4 17 70.767
72 83 74.11
59 15 23.676
38 68 5.145
25 84 90.378
47 29 62.927
11 97 82.025
91 28 45.071
29 15 63.617
4 66 82.17
69 22 77.732
13 84 23.485
1 3 44.508
55 39 65.997
40 92 95.95
75 50 59.375
83 50 57.261
59 51 28.247
24 81 76.865
69 60 86.018
36 19 78.238
72 16 29.868
15 10 57.12
91 2 31.71
93 96 67.547
54 26 2.413
15 99 30.828
29 19 42.698
34 52 23.266
82 59 12.813
3 98 12.892
41 83 90.565
38 99 29.665
19 98 60.526
64 70 19.39
96 99 10.245
57 25 32.819
85 24 3.116
27 95 29.057
63 24 10.21
80 60 20.465
93 6 40.523
66 96 51.953
95 79 87.903
2 75 98.054
49 9 93.802
66 26 42.986
22 81 40.821
72 97 54.154
52 51 75.792
95 35 23.18
23 4 47.922
3 67 78.218
83 39 20.783
50 40 16.192
21 1 15.86
56 46 17.473
42 7 4.798
80 81 72.413
34 3 92.051
0 63 49.969
50 6 52.648
69 31 95.362
45 48 77.981
18 52 63.183
1 70 31.753
97 37 81.692
76 88 69.207
93 4 3.563
5 13 42.989
11 43 14.325
16 93 21.245
12 47 86.146
76 22 37.822
49 57 76.801
89 68 89.376
59 55 50.482
82 9 70.951
33 97 33.183
97 74 92.843
3 90 39.903
30 53 43.779
49 28 1.974
84 31 51.33
15 47 49.823
74 72 49.235
43 22 26.828
86 11 72.641
91 37 86.208
34 98 57.828
8 26 49.051
22 14 1.14
66 19 20.747
38 9 52.887
8 32 16.188
5 15 62.173
20 79 7.15
26 7 22.723
99 70 95.93
51 92 48.771
29 98 76.998
97 39 66.906
22 56 84.694
68 52 1.26
23 62 76.204
45 4 69.507
24 14 84.724
13 77 15.799
43 97 31.193
83 62 41.719
8 64 19.194
15 30 62.922
43 81 9.313
4 27 7.752
9 52 60.189
86 33 43.32
96 68 22.586
51 33 57.977
23 85 77.922
97 79 71.628
87 30 39.6
33 80 56.85
33 89 49.381
94 75 32.932
12 22 35.387
13 23 9.677
99 7 53.906
43 8 62.929
5 89 5.269
77 23 65.357
70 81 95.132
73 45 55.953
3 65 40.748
33 95 85.979
72 35 52.212
67 43 13.791
41 39 62.155
63 55 76.028
98 48 20.95
25 77 60.362
7 52 90.312
24 3 16.476
71 42 29.215
27 24 29.52
71 13 83.245
44 10 79.275
95 16 98.686
51 14 71.704
52 3 18.924
64 15 11.935
81 41 64.31
10 95 8.52
32 64 63.113
24 2 63.369
86 78 59.771
38 76 4.44
94 49 22.783
32 46 14.582
82 36 62.489
39 66 15.311
30 8 17.822
61 47 27.271
3 62 83.91
47 40 98.862
9 25 9.272
67 97 91.511
18 71 6.113
79 77 4.61
72 21 99.531
21 62 76.183
4 51 0.131
19 46 91.936
22 99 29.212
10 35 96.213
18 90 80.696
9 47 1.855
43 41 69.35
53 23 92.274
46 64 66.565
74 17 5.865
69 43 45.517
29 80 58.872
59 66 77.001
94 98 14.888
63 29 82.071
30 22 91.897
95 94 8.975
17 29 63.907
95 54 76.284
36 77 91.139
72 43 78.43
52 56 84.459
13 18 79.211
31 19 11.867
19 3 9.348
55 9 38.364
27 30 75.063
25 21 53.026
87 57 28.862
38 36 37.519
75 90 54.91
48 41 73.588
79 81 72.401
13 64 57.142
80 6 42.029
75 48 49.123
15 83 62.759
63 47 3.441
20 90 84.795
2 82 66.234
41 60 92.998
48 15 65.407
59 62 68.7
3 40 22.874
0 67 96.864
67 70 26.517
32 55 5.773
20 34 44.176
17 31 49.899
41 77 39.602
16 50 5.302
69 34 69.245
40 37 54.074
46 55 66.431
17 90 54.171
87 85 30.971
64 80 17.368
29 3 40.644
56 95 45.822
1 39 0.967
50 51 4.964
55 79 34.28
34 9 39.584
37 7 13.346
46 1 32.915
46 30 23.186
28 21 27.689
96 21 17.931
54 5 7.112
17 67 77.625
35 48 58.671
36 68 76.09
24 91 91.121
53 31 52.466
91 64 40.23
68 74 57.061
16 12 92.48
4 0 31.919
86 4 48.207
46 93 66.341
65 97 30.229
37 56 36.714
15 12 29.323
61 74 69.479
28 80 45.84
0 85 13.471
30 63 91.927
35 62 25.245
8 41 56.496
18 2 2.321
16 21 17.96
33 52 18.385
65 16 19.97
23 70 65.893
72 6 4.347
64 4 4.233
46 44 51.167
77 2 75.091
22 42 50.045
65 89 92.478
92 47 58.16
68 24 40.134
44 30 26.303
36 40 98.828
2 57 81.419
71 37 96.716
30 29 87.195
65 59 11.367
90 58 56.679
69 42 58.708
53 64 8.117
16 70 80.703
14 8 22.423
17 14 39.593
69 74 42.323
42 54 41.853
53 1 38.639
19 37 11.912
23 47 30.278
54 98 55.179
68 87 68.823
43 70 31.417
92 49 67.652
85 95 85.44
74 63 59.023
23 69 31.193
1 38 49.774
50 27 80.702
97 86 80.146
12 24 57.074
46 65 50.022
52 88 39.43
68 55 29.387
76 86 32.628
23 17 93.378
6 48 14.619
5 19 34.442
88 0 2.22
37 43 0.227
33 2 31.443
17 89 51.937
93 78 90.804
86 90 0.032
37 59 61.594
86 52 75.719
76 95 81.842
10 3 71.695
0 39 97.953
78 32 90.553
41 82 98.89
82 14 1.447
38 62 0.258
79 40 92.413
38 7 15.371
14 98 16.028
92 17 27.15
79 23 7.916
70 75 77.273
36 15 79.178
53 4 55.987
0 18 3.013
72 64 34.157
88 92 4.756
98 87 96.518
14 86 89.795
48 30 23.765
3 22 1.065
52 54 66.943
99 59 49.429
48 20 37.266
34 18 58.088
19 6 27.783
71 34 58.378
25 62 73.896
15 78 43.707
2 61 36.528
47 84 49.676
67 9 73.518
55 16 66.198
10 91 85.47
36 65 92.683
81 45 8.001
4 73 17.459
96 10 75.974
96 39 22.708
96 12 93.873
76 21 31.187
98 6 0.058
81 19 75.408
41 36 66.583
21 31 33.839
42 82 69.53
87 82 55.671
73 41 18.089
32 99 96.763
73 24 8.683
80 42 78.961
74 73 94.51
96 26 25.061
14 31 39.289
56 50 54.018
62 85 58.364
58 23 4.809
29 2 6.549
50 15 68.194
88 32 51.831
6 21 4.713
7 82 40.632
59 53 49.236
30 79 24.979
29 85 31.919
65 90 36.799
51 46 98.354
58 5 28.858
40 11 58.357
0 20 43.361
36 6 2.423
29 75 98.051
70 35 60.574
17 6 46.06
27 66 62.062
1 24 52.723
53 27 6.173
26 51 77.993
5 26 63.061
79 98 2.102
83 0 24.665
88 41 76.603
20 72 71.55
1 63 89.12
17 59 64.982
44 56 75.656
5 14 0.711
37 29 47.814
74 49 76.345
7 97 55.309
94 84 62.221
99 58 40.746
61 13 64.012
0 90 20.813
12 0 34.104
27 1 91.493
30 7 53.068
56 64 75.486
54 63 44.492
58 31 48.224
23 9 49.598
79 19 19.616
5 81 45.46
89 48 84.641
56 86 48.618
14 79 88.865
31 41 92.873
79 7 26.7
83 40 10.095
9 90 74.967
81 15 3.496
70 39 22.364
65 33 67.476
76 9 12.103
63 87 96.623
40 67 87.608
45 42 28.161
90 77 90.505
69 6 3.997
63 3 61.086
70 31 66.58
34 95 66.815
49 98 43.249
43 17 67.326
90 38 89.352
56 19 93.505
58 7 82.17
4 16 18.259
40 21 2.684
49 23 59.263
31 52 71.109
45 7 44.964
33 18 95.413
67 44 65.756
91 42 1.323
28 65 22.065
79 45 92.981
85 40 46.562
13 14 75.785
19 65 49.689
94 82 55.865
76 23 33.529
13 34 75.061
99 43 46.562
4 12 74.532
69 89 41.378
49 39 74.463
78 88 65.128
62 90 79.003
10 64 80.853
87 46 13.216
34 1 45.277
74 50 79.901
25 82 44.289
89 42 6.124
73 93 65.186
96 17 75.505
68 62 58.296
80 34 28.049
11 24 12.813
41 44 13.249
5 35 31.12
28 43 31.49
6 23 9.299
70 47 43.862
77 20 67.959
97 13 0.495
29 46 48.826
32 87 96.189
28 89 9.684
93 41 70.233
58 46 82.515
99 76 31.013
66 34 18.692
91 72 93.73
87 42 75.349
78 60 19.778
36 73 33.831
84 82 42.548
45 55 0.69
82 32 10.683
39 38 11.015
64 41 15.323
8 81 77.847
83 3 37.225
52 99 28.729
17 48 60.663
73 0 35.963
0 45 81.224
80 70 84.163
76 30 36.767
49 89 3.631
55 19 33.95
92 22 24.528
63 34 78.207
10 71 33.067
8 39 52.994
14 99 22.849
57 51 99.412
42 29 29.567
6 29 46.328
86 28 14.741
4 7 50.189
77 51 51.802
82 73 5.19
72 45 16.621
46 17 1.175
92 34 2.985
76 7 97.833
26 17 66.297
43 62 98.989
42 23 79.556
16 89 16.804
46 86 71.06
4 22 78.742
88 4 20.569
91 14 36.83
49 29 31.272
5 10 12.559
32 61 15.602
53 40 11.208
10 60 81.749
3 30 81.711
76 42 13.56
68 51 68.146
55 57 79.22
4 19 7.605
95 86 44.653
94 91 35.807
