100
0 14 90.177
0 28 42.194
0 29 38.902
0 50 87.423
0 57 3.932
0 74 46.459
0 81 43.144
0 84 5.634
1 26 28.289
1 50 32.551
1 69 33.072
2 3 5.699
2 4 44.942
2 11 30.957
2 18 27.479
2 34 70.077
2 40 21.456
2 44 79.182
2 57 28.976
3 58 13.781
3 69 35.806
3 85 51.907
4 5 2.499
4 9 99.134
4 32 42.805
4 43 77.885
4 61 83.854
4 64 67.06
4 66 47.984
5 25 10.196
5 33 40.725
5 50 75.013
5 73 55.822
5 88 87.764
5 97 14.77
5 98 65.68
6 42 71.99
6 90 82.774
7 12 11.536
7 65 41.107
7 74 18.213
7 81 15.895
7 92 73.359
8 15 93.846
8 22 42.858
8 27 74.912
8 58 48.246
8 86 94.778
9 31 13.241
9 34 9.975
9 35 64.289
9 40 46.336
9 60 57.775
9 66 27.194
9 67 53.589
10 15 51.712
10 34 39.958
10 41 63.494
10 43 6.074
10 64 65.92
10 82 18.673
11 16 61.366
11 19 24.043
11 53 90.442
12 18 33.731
12 24 75.47
12 57 86.098
12 65 79.925
12 73 11.317
12 84 33.772
12 94 68.975
13 35 57.93
13 36 42.47
13 38 37.773
13 42 14.738
13 57 43.743
13 67 92.861
13 97 64.154
14 16 65.414
14 32 63.53
14 63 48.943
14 65 10.86
14 79 55.231
14 87 91.213
14 98 45.913
15 31 44.732
15 37 44.783
15 46 98.467
15 59 10.07
15 67 91.005
15 68 97.034
15 72 80.393
15 82 78.202
16 25 55.646
16 34 96.967
16 40 25.614
16 45 27.348
17 29 7.518
17 40 26.819
17 51 81.698
17 60 52.981
17 66 60.488
17 74 58.297
17 78 21.658
17 96 67.242
18 19 80.663
18 49 7.217
18 73 18.724
18 80 12.713
19 22 50.089
19 37 93.988
19 44 95.51
19 79 74.496
19 88 96.844
19 90 96.135
20 26 58.946
20 43 31.649
20 52 94.001
21 57 42.44
21 95 48.775
21 97 65.926
22 23 94.591
22 24 49.28
22 55 40.998
22 62 43.551
22 79 42.971
22 80 40.552
22 83 79.895
22 88 36.009
23 50 44.891
23 51 12.019
23 53 18.296
23 67 93.882
23 71 51.239
23 78 0.178
23 98 43.379
24 27 97.904
25 27 1.477
25 39 65.922
25 49 72.868
25 53 3.646
25 66 62.347
25 81 68.188
25 94 43.241
25 98 57.112
26 68 18.588
27 31 87.949
27 38 29.628
27 47 15.337
27 48 82.438
27 62 69.301
27 75 34.062
27 79 70.439
27 88 20.837
27 94 96.289
27 97 36.931
28 41 20.576
28 57 30.222
28 84 23.885
28 91 24.101
29 33 41.457
29 40 26.942
29 69 67.294
30 34 55.138
30 38 69.01
30 44 2.529
30 45 70.0
30 67 69.021
30 77 27.79
31 36 82.961
31 41 27.541
31 58 23.756
32 60 68.549
32 81 99.459
32 85 31.819
33 37 53.513
33 41 30.4
33 52 77.48
33 77 59.614
33 86 25.335
34 63 86.714
35 75 20.143
35 90 33.55
36 57 75.876
36 67 52.529
36 75 46.835
36 93 92.128
36 95 59.236
37 41 0.302
37 58 67.154
37 60 29.334
37 70 3.299
37 78 93.557
37 98 76.353
38 61 80.33
39 44 97.596
39 77 38.294
39 91 78.763
40 45 41.279
40 58 10.034
40 81 15.542
41 99 92.755
42 76 46.081
42 80 64.896
42 82 77.475
43 55 60.239
43 71 73.508
43 84 76.561
43 96 35.699
44 47 65.368
44 49 87.87
44 93 89.365
45 47 75.468
45 55 50.199
45 78 11.872
45 99 73.661
46 77 84.77
47 52 87.696
47 67 49.968
47 78 11.451
48 95 47.619
49 59 62.221
49 66 46.836
50 63 13.911
50 76 3.676
50 85 81.032
51 70 95.856
51 76 19.711
52 60 3.57
52 67 40.722
52 79 79.476
52 83 70.121
52 95 95.514
53 74 45.962
53 80 92.805
53 86 18.703
54 64 46.238
54 81 81.293
54 98 51.57
55 80 90.259
56 62 62.396
56 77 23.773
56 99 58.061
57 78 82.633
57 80 61.551
57 89 82.865
58 73 27.685
58 78 23.814
59 61 29.838
59 62 84.69
59 64 62.241
59 69 7.726
60 68 12.557
60 87 37.083
61 69 30.975
61 75 65.307
61 95 61.252
61 98 17.401
62 80 70.082
62 86 6.425
63 95 68.621
64 71 59.413
64 73 88.006
66 77 71.517
66 79 15.68
66 85 52.601
66 87 73.366
66 97 71.914
68 69 45.926
68 82 44.065
69 77 48.489
69 87 16.478
70 88 97.671
71 73 88.06
71 74 99.013
72 80 50.473
72 88 29.953
73 95 21.963
73 99 73.197
74 75 23.549
75 87 75.302
75 98 89.74
77 92 90.225
79 95 4.399
81 85 40.234
81 95 55.732
84 89 22.344
84 90 2.772
86 95 98.838
88 95 45.243
89 95 75.609
90 96 30.644
92 96 44.012
92 97 76.279
93 97 0.142
93 99 64.458
