100
0 1 83.15
0 2 57.50
0 3 80.25
0 4 75.01
0 5 27.28
0 6 65.71
0 7 22.23
0 8 5.543
0 9 38.16
0 10 64.55
0 11 97.28
0 12 21.10
0 13 91.18
0 14 94.55
0 15 50.59
0 16 13.21
0 17 55.00
0 18 48.65
0 19 13.71
0 20 81.29
0 21 17.15
0 22 51.06
0 23 50.99
0 24 6.322
0 25 48.16
0 26 11.93
0 27 48.25
0 28 85.50
0 29 29.70
0 30 45.26
0 31 12.79
0 32 66.87
0 33 77.09
0 34 37.96
0 35 52.59
0 36 88.63
0 37 47.41
0 38 81.43
0 39 87.27
0 40 4.073
0 41 89.30
0 42 98.83
0 43 11.55
0 44 30.25
0 45 68.64
0 46 58.89
0 47 13.34
0 48 83.79
0 49 2.672
0 50 7.033
0 51 91.50
0 52 93.84
0 53 32.89
0 54 47.84
0 55 68.78
0 56 82.27
0 57 18.47
0 58 60.19
0 59 52.81
0 60 71.49
0 61 37.54
0 62 67.02
0 63 28.46
0 64 27.13
0 65 85.64
0 66 59.27
0 67 47.92
0 68 95.90
0 69 82.20
0 70 60.86
0 71 26.92
0 72 0.858
0 73 10.81
0 74 91.12
0 75 77.87
0 76 75.77
0 77 6.199
0 78 8.832
0 79 9.196
0 80 34.08
0 81 50.35
0 82 25.63
0 83 35.13
0 84 2.681
0 85 44.52
0 86 38.55
0 87 24.69
0 88 98.91
0 89 57.00
0 90 96.24
0 91 24.96
0 92 92.73
0 93 90.52
0 94 29.06
0 95 23.17
0 96 73.76
0 97 69.67
0 98 73.79
0 99 14.04
1 2 8.305
1 3 39.33
1 4 92.21
1 5 6.260
1 6 64.48
1 7 3.503
1 8 44.46
1 9 80.23
1 10 77.62
1 11 81.57
1 12 35.99
1 13 14.67
1 14 82.36
1 15 67.19
1 16 57.18
1 17 45.69
1 18 15.02
1 19 53.57
1 20 60.39
1 21 90.09
1 22 59.44
1 23 48.15
1 24 93.03
1 25 84.06
1 26 12.27
1 27 30.03
1 28 27.18
1 29 57.58
1 30 58.88
1 31 5.396
1 32 78.84
1 33 83.92
1 34 79.84
1 35 89.82
1 36 42.38
1 37 74.36
1 38 37.22
1 39 86.11
1 40 78.51
1 41 23.72
1 42 94.24
1 43 72.09
1 44 19.71
1 45 47.39
1 46 62.28
1 47 51.51
1 48 68.17
1 49 31.45
1 50 70.64
1 51 41.50
1 52 93.46
1 53 60.44
1 54 32.04
1 55 85.34
1 56 18.56
1 57 5.604
1 58 33.81
1 59 88.79
1 60 63.61
1 61 21.61
1 62 37.41
1 63 70.19
1 64 9.788
1 65 58.16
1 66 6.408
1 67 22.81
1 68 62.73
1 69 74.95
1 70 9.819
1 71 6.185
1 72 98.78
1 73 80.96
1 74 90.97
1 75 93.89
1 76 78.80
1 77 28.07
1 78 54.16
1 79 79.10
1 80 93.55
1 81 90.44
1 82 50.09
1 83 20.72
1 84 12.57
1 85 76.21
1 86 6.461
1 87 19.67
1 88 41.18
1 89 64.45
1 90 52.34
1 91 12.13
1 92 11.71
1 93 65.29
1 94 95.26
1 95 32.59
1 96 58.95
1 97 18.92
1 98 51.89
1 99 66.86
2 3 83.40
2 4 59.66
2 5 43.63
2 6 4.804
2 7 59.86
2 8 75.93
2 9 8.181
2 10 1.801
2 11 59.65
2 12 7.333
2 13 17.36
2 14 7.349
2 15 73.37
2 16 53.84
2 17 9.382
2 18 69.66
2 19 12.97
2 20 71.29
2 21 76.74
2 22 44.60
2 23 85.12
2 24 49.24
2 25 24.61
2 26 32.51
2 27 54.22
2 28 8.215
2 29 61.18
2 30 4.747
2 31 26.70
2 32 52.34
2 33 82.22
2 34 42.93
2 35 29.07
2 36 22.05
2 37 25.93
2 38 70.03
2 39 57.88
2 40 67.88
2 41 38.88
2 42 67.43
2 43 80.57
2 44 34.70
2 45 78.69
2 46 12.00
2 47 0.602
2 48 85.90
2 49 54.48
2 50 91.44
2 51 27.04
2 52 29.42
2 53 18.48
2 54 77.18
2 55 39.33
2 56 42.00
2 57 14.87
2 58 55.87
2 59 24.16
2 60 2.950
2 61 14.14
2 62 68.51
2 63 12.27
2 64 65.98
2 65 98.34
2 66 9.102
2 67 71.92
2 68 2.714
2 69 91.60
2 70 23.49
2 71 21.69
2 72 98.18
2 73 76.70
2 74 58.80
2 75 96.91
2 76 53.77
2 77 76.35
2 78 28.78
2 79 1.358
2 80 80.31
2 81 14.90
2 82 53.32
2 83 0.732
2 84 60.78
2 85 12.04
2 86 15.95
2 87 48.42
2 88 53.51
2 89 95.81
2 90 19.13
2 91 99.22
2 92 57.26
2 93 23.36
2 94 50.38
2 95 96.27
2 96 6.173
2 97 47.62
2 98 44.86
2 99 18.32
3 4 21.43
3 5 57.61
3 6 90.75
3 7 20.30
3 8 32.93
3 9 92.18
3 10 87.63
3 11 82.13
3 12 94.67
3 13 49.60
3 14 11.29
3 15 8.127
3 16 70.73
3 17 21.61
3 18 55.65
3 19 12.02
3 20 85.65
3 21 95.91
3 22 55.76
3 23 24.06
3 24 82.22
3 25 5.479
3 26 51.74
3 27 9.790
3 28 55.73
3 29 8.553
3 30 54.49
3 31 71.22
3 32 89.26
3 33 26.89
3 34 17.82
3 35 81.54
3 36 34.32
3 37 1.880
3 38 88.49
3 39 41.65
3 40 10.93
3 41 60.27
3 42 67.43
3 43 9.353
3 44 6.536
3 45 6.688
3 46 51.23
3 47 20.34
3 48 56.27
3 49 94.09
3 50 33.84
3 51 74.84
3 52 84.74
3 53 51.29
3 54 37.34
3 55 9.161
3 56 62.31
3 57 23.09
3 58 39.65
3 59 23.58
3 60 16.46
3 61 40.39
3 62 51.18
3 63 37.26
3 64 74.89
3 65 85.03
3 66 85.02
3 67 43.46
3 68 91.78
3 69 53.93
3 70 90.20
3 71 48.73
3 72 56.53
3 73 25.74
3 74 90.24
3 75 74.09
3 76 99.04
3 77 33.28
3 78 39.58
3 79 82.28
3 80 63.67
3 81 31.29
3 82 42.63
3 83 48.19
3 84 50.21
3 85 81.75
3 86 21.46
3 87 7.993
3 88 96.94
3 89 52.38
3 90 75.52
3 91 50.92
3 92 20.56
3 93 98.88
3 94 79.45
3 95 62.88
3 96 43.54
3 97 52.24
3 98 88.53
3 99 64.03
4 5 97.03
4 6 23.46
4 7 62.12
4 8 7.800
4 9 48.28
4 10 10.32
4 11 29.01
4 12 29.32
4 13 94.29
4 14 32.18
4 15 34.22
4 16 35.54
4 17 52.76
4 18 48.96
4 19 10.17
4 20 58.15
4 21 57.99
4 22 75.75
4 23 92.05
4 24 91.37
4 25 70.20
4 26 24.88
4 27 77.91
4 28 97.45
4 29 59.03
4 30 18.17
4 31 66.44
4 32 22.06
4 33 32.47
4 34 76.32
4 35 64.90
4 36 60.31
4 37 52.28
4 38 86.75
4 39 25.66
4 40 75.37
4 41 12.24
4 42 19.84
4 43 87.15
4 44 83.53
4 45 25.75
4 46 69.76
4 47 97.27
4 48 71.80
4 49 96.21
4 50 57.01
4 51 5.071
4 52 12.35
4 53 70.20
4 54 31.41
4 55 40.85
4 56 77.09
4 57 18.25
4 58 37.58
4 59 1.270
4 60 55.96
4 61 52.81
4 62 24.90
4 63 60.58
4 64 63.62
4 65 6.975
4 66 30.60
4 67 56.47
4 68 27.61
4 69 17.50
4 70 47.62
4 71 11.86
4 72 22.23
4 73 35.92
4 74 83.08
4 75 0.745
4 76 26.02
4 77 59.60
4 78 92.65
4 79 33.29
4 80 61.67
4 81 78.96
4 82 94.29
4 83 88.23
4 84 21.09
4 85 69.07
4 86 29.63
4 87 61.16
4 88 11.23
4 89 56.06
4 90 55.62
4 91 19.55
4 92 96.36
4 93 42.05
4 94 32.66
4 95 7.862
4 96 63.49
4 97 25.82
4 98 93.62
4 99 62.93
5 6 22.91
5 7 31.44
5 8 61.29
5 9 72.45
5 10 62.47
5 11 25.45
5 12 40.40
5 13 7.551
5 14 5.940
5 15 43.71
5 16 25.01
5 17 19.49
5 18 37.17
5 19 83.46
5 20 61.07
5 21 16.15
5 22 30.84
5 23 16.17
5 24 6.593
5 25 50.32
5 26 45.12
5 27 96.67
5 28 48.62
5 29 71.26
5 30 79.53
5 31 57.36
5 32 73.73
5 33 42.90
5 34 7.782
5 35 63.77
5 36 64.25
5 37 15.27
5 38 93.73
5 39 76.86
5 40 41.41
5 41 94.85
5 42 66.36
5 43 37.23
5 44 25.55
5 45 17.03
5 46 34.51
5 47 62.24
5 48 11.48
5 49 68.67
5 50 99.07
5 51 19.07
5 52 93.06
5 53 9.152
5 54 26.57
5 55 42.68
5 56 52.11
5 57 56.90
5 58 84.06
5 59 6.015
5 60 38.89
5 61 37.23
5 62 70.71
5 63 13.83
5 64 37.40
5 65 35.31
5 66 70.66
5 67 15.76
5 68 55.33
5 69 95.91
5 70 29.38
5 71 88.61
5 72 54.91
5 73 78.54
5 74 57.48
5 75 60.70
5 76 77.77
5 77 64.52
5 78 13.41
5 79 14.11
5 80 55.45
5 81 2.479
5 82 26.42
5 83 59.57
5 84 35.03
5 85 73.93
5 86 12.37
5 87 85.98
5 88 50.05
5 89 30.86
5 90 8.662
5 91 65.46
5 92 47.56
5 93 34.72
5 94 80.98
5 95 67.46
5 96 89.77
5 97 13.63
5 98 34.47
5 99 73.02
6 7 88.93
6 8 92.43
6 9 68.23
6 10 86.14
6 11 85.75
6 12 97.21
6 13 71.45
6 14 96.33
6 15 13.29
6 16 73.79
6 17 76.12
6 18 67.39
6 19 78.65
6 20 53.19
6 21 75.70
6 22 2.146
6 23 65.49
6 24 61.28
6 25 55.19
6 26 79.56
6 27 68.15
6 28 52.77
6 29 14.15
6 30 62.13
6 31 86.03
6 32 67.74
6 33 41.20
6 34 31.04
6 35 49.87
6 36 60.01
6 37 24.33
6 38 0.927
6 39 38.36
6 40 56.04
6 41 63.21
6 42 63.70
6 43 49.22
6 44 60.94
6 45 0.889
6 46 92.37
6 47 70.56
6 48 14.87
6 49 58.09
6 50 95.26
6 51 81.13
6 52 22.45
6 53 98.62
6 54 32.13
6 55 66.79
6 56 33.51
6 57 52.01
6 58 97.63
6 59 85.81
6 60 24.08
6 61 77.73
6 62 44.45
6 63 63.37
6 64 27.37
6 65 97.81
6 66 24.50
6 67 33.89
6 68 30.27
6 69 78.69
6 70 53.85
6 71 75.73
6 72 24.28
6 73 56.98
6 74 79.15
6 75 45.53
6 76 49.03
6 77 15.24
6 78 61.12
6 79 57.48
6 80 61.70
6 81 27.10
6 82 9.628
6 83 74.84
6 84 13.38
6 85 44.99
6 86 40.10
6 87 64.41
6 88 67.26
6 89 91.36
6 90 95.60
6 91 45.11
6 92 42.82
6 93 32.04
6 94 29.31
6 95 28.65
6 96 15.18
6 97 51.61
6 98 76.66
6 99 29.86
7 8 56.37
7 9 24.58
7 10 9.982
7 11 54.26
7 12 18.80
7 13 87.39
7 14 79.42
7 15 1.421
7 16 68.73
7 17 28.76
7 18 54.70
7 19 77.58
7 20 91.44
7 21 78.99
7 22 52.86
7 23 27.72
7 24 40.99
7 25 70.33
7 26 76.02
7 27 42.15
7 28 52.48
7 29 26.29
7 30 72.04
7 31 22.89
7 32 51.35
7 33 80.31
7 34 15.54
7 35 61.07
7 36 20.30
7 37 76.97
7 38 92.60
7 39 29.97
7 40 89.30
7 41 76.90
7 42 22.62
7 43 68.33
7 44 31.62
7 45 5.810
7 46 3.640
7 47 49.61
7 48 49.04
7 49 62.66
7 50 88.80
7 51 97.98
7 52 3.220
7 53 11.42
7 54 8.103
7 55 28.56
7 56 75.56
7 57 71.84
7 58 90.07
7 59 85.27
7 60 58.74
7 61 95.78
7 62 48.52
7 63 34.01
7 64 29.32
7 65 7.307
7 66 79.87
7 67 38.03
7 68 20.63
7 69 84.67
7 70 65.11
7 71 58.66
7 72 74.60
7 73 46.30
7 74 45.91
7 75 78.91
7 76 79.49
7 77 47.94
7 78 35.60
7 79 78.73
7 80 1.569
7 81 64.14
7 82 95.98
7 83 0.833
7 84 42.39
7 85 6.717
7 86 59.36
7 87 52.41
7 88 28.23
7 89 67.08
7 90 2.893
7 91 91.24
7 92 52.71
7 93 4.133
7 94 42.40
7 95 6.209
7 96 81.03
7 97 68.93
7 98 47.61
7 99 43.71
8 9 43.33
8 10 22.76
8 11 67.06
8 12 82.49
8 13 1.144
8 14 66.82
8 15 90.69
8 16 22.25
8 17 41.27
8 18 81.20
8 19 73.16
8 20 36.48
8 21 6.536
8 22 53.03
8 23 68.16
8 24 65.45
8 25 73.85
8 26 36.89
8 27 2.796
8 28 63.74
8 29 91.37
8 30 28.19
8 31 72.75
8 32 39.95
8 33 72.96
8 34 64.13
8 35 33.71
8 36 42.75
8 37 10.07
8 38 47.65
8 39 62.28
8 40 24.81
8 41 38.73
8 42 85.25
8 43 59.93
8 44 67.79
8 45 37.87
8 46 81.72
8 47 40.51
8 48 62.30
8 49 11.13
8 50 34.04
8 51 86.66
8 52 65.01
8 53 9.970
8 54 92.69
8 55 97.21
8 56 66.57
8 57 61.96
8 58 11.39
8 59 75.25
8 60 2.384
8 61 56.79
8 62 3.993
8 63 13.18
8 64 7.862
8 65 62.41
8 66 32.95
8 67 94.49
8 68 14.80
8 69 53.93
8 70 63.64
8 71 68.10
8 72 3.622
8 73 96.96
8 74 63.03
8 75 17.75
8 76 58.12
8 77 94.15
8 78 34.21
8 79 31.82
8 80 76.39
8 81 61.10
8 82 44.64
8 83 80.91
8 84 18.47
8 85 60.67
8 86 57.70
8 87 94.33
8 88 47.55
8 89 53.12
8 90 58.09
8 91 47.95
8 92 37.96
8 93 23.00
8 94 12.03
8 95 26.47
8 96 5.566
8 97 6.948
8 98 25.62
8 99 13.48
9 10 34.26
9 11 52.64
9 12 46.17
9 13 92.12
9 14 43.68
9 15 33.12
9 16 27.82
9 17 57.95
9 18 74.60
9 19 96.23
9 20 76.06
9 21 30.63
9 22 60.53
9 23 25.55
9 24 78.60
9 25 40.73
9 26 51.25
9 27 92.12
9 28 10.60
9 29 7.723
9 30 95.96
9 31 91.13
9 32 4.818
9 33 27.20
9 34 65.09
9 35 3.783
9 36 10.69
9 37 61.10
9 38 94.39
9 39 27.79
9 40 95.92
9 41 90.99
9 42 32.02
9 43 57.91
9 44 41.35
9 45 55.37
9 46 6.855
9 47 32.45
9 48 47.16
9 49 25.20
9 50 11.05
9 51 81.24
9 52 51.52
9 53 33.82
9 54 76.76
9 55 75.85
9 56 8.072
9 57 51.92
9 58 78.90
9 59 54.79
9 60 75.20
9 61 16.41
9 62 12.66
9 63 92.58
9 64 38.15
9 65 6.478
9 66 87.26
9 67 17.03
9 68 43.02
9 69 28.65
9 70 98.58
9 71 41.58
9 72 51.18
9 73 53.18
9 74 97.53
9 75 55.49
9 76 58.57
9 77 96.62
9 78 87.51
9 79 66.11
9 80 99.42
9 81 51.16
9 82 19.96
9 83 31.20
9 84 51.40
9 85 22.78
9 86 57.01
9 87 76.83
9 88 63.43
9 89 21.05
9 90 18.67
9 91 4.563
9 92 80.16
9 93 13.39
9 94 14.55
9 95 12.45
9 96 91.53
9 97 91.13
9 98 70.21
9 99 6.938
10 11 86.32
10 12 2.531
10 13 19.25
10 14 84.46
10 15 73.99
10 16 19.61
10 17 73.68
10 18 53.63
10 19 64.35
10 20 78.22
10 21 73.38
10 22 88.31
10 23 64.24
10 24 52.65
10 25 89.50
10 26 66.66
10 27 79.83
10 28 13.20
10 29 5.469
10 30 40.61
10 31 27.05
10 32 97.19
10 33 5.647
10 34 80.85
10 35 72.43
10 36 65.31
10 37 70.67
10 38 61.89
10 39 83.25
10 40 97.21
10 41 79.23
10 42 78.92
10 43 76.26
10 44 87.27
10 45 73.36
10 46 67.67
10 47 28.62
10 48 62.19
10 49 74.53
10 50 83.36
10 51 23.97
10 52 41.03
10 53 19.38
10 54 50.54
10 55 89.22
10 56 79.41
10 57 14.77
10 58 55.83
10 59 4.871
10 60 4.829
10 61 80.80
10 62 50.16
10 63 19.11
10 64 31.64
10 65 18.62
10 66 50.51
10 67 36.73
10 68 14.74
10 69 93.75
10 70 83.00
10 71 29.70
10 72 27.92
10 73 62.62
10 74 61.75
10 75 43.55
10 76 67.14
10 77 86.46
10 78 60.57
10 79 60.30
10 80 92.70
10 81 12.10
10 82 45.81
10 83 35.60
10 84 17.53
10 85 69.90
10 86 42.23
10 87 37.68
10 88 80.78
10 89 24.72
10 90 8.854
10 91 51.93
10 92 1.000
10 93 97.30
10 94 99.08
10 95 11.35
10 96 62.58
10 97 2.486
10 98 26.89
10 99 71.87
11 12 97.16
11 13 53.23
11 14 98.75
11 15 88.34
11 16 28.84
11 17 34.81
11 18 49.30
11 19 60.43
11 20 41.26
11 21 49.01
11 22 91.01
11 23 73.58
11 24 23.16
11 25 51.49
11 26 63.11
11 27 5.833
11 28 30.07
11 29 68.70
11 30 60.33
11 31 97.17
11 32 1.315
11 33 93.58
11 34 88.73
11 35 48.31
11 36 79.39
11 37 80.88
11 38 87.02
11 39 69.58
11 40 35.18
11 41 15.97
11 42 24.51
11 43 27.95
11 44 64.84
11 45 92.66
11 46 36.88
11 47 28.48
11 48 71.38
11 49 26.36
11 50 53.68
11 51 27.71
11 52 30.02
11 53 93.61
11 54 17.02
11 55 3.932
11 56 85.20
11 57 44.07
11 58 56.63
11 59 13.04
11 60 98.23
11 61 56.62
11 62 60.21
11 63 33.31
11 64 57.69
11 65 49.63
11 66 2.788
11 67 66.77
11 68 87.76
11 69 94.01
11 70 42.47
11 71 80.73
11 72 29.68
11 73 90.36
11 74 8.435
11 75 6.081
11 76 1.228
11 77 11.78
11 78 83.48
11 79 80.33
11 80 33.69
11 81 56.97
11 82 55.44
11 83 20.22
11 84 69.09
11 85 72.59
11 86 5.061
11 87 82.10
11 88 28.38
11 89 49.59
11 90 53.04
11 91 24.48
11 92 92.83
11 93 66.50
11 94 69.80
11 95 99.04
11 96 58.58
11 97 0.533
11 98 80.60
11 99 39.21
12 13 54.17
12 14 89.46
12 15 49.03
12 16 30.78
12 17 35.07
12 18 97.58
12 19 77.87
12 20 40.34
12 21 59.52
12 22 70.99
12 23 64.84
12 24 9.772
12 25 42.31
12 26 72.36
12 27 27.36
12 28 69.22
12 29 84.07
12 30 96.45
12 31 85.68
12 32 37.16
12 33 24.16
12 34 54.35
12 35 74.74
12 36 63.39
12 37 4.856
12 38 91.63
12 39 15.36
12 40 84.26
12 41 55.44
12 42 64.02
12 43 95.54
12 44 78.82
12 45 50.02
12 46 31.29
12 47 0.604
12 48 91.12
12 49 36.87
12 50 7.803
12 51 70.01
12 52 84.55
12 53 38.30
12 54 44.28
12 55 8.993
12 56 56.17
12 57 22.36
12 58 65.30
12 59 89.84
12 60 70.81
12 61 38.01
12 62 23.94
12 63 81.88
12 64 75.95
12 65 84.25
12 66 73.62
12 67 47.87
12 68 2.590
12 69 53.46
12 70 55.31
12 71 84.51
12 72 22.46
12 73 21.39
12 74 48.71
12 75 87.25
12 76 10.41
12 77 33.48
12 78 33.02
12 79 41.21
12 80 69.57
12 81 68.39
12 82 44.48
12 83 82.10
12 84 40.63
12 85 78.01
12 86 96.14
12 87 34.74
12 88 30.59
12 89 19.61
12 90 1.652
12 91 74.13
12 92 33.30
12 93 97.62
12 94 76.98
12 95 43.77
12 96 81.46
12 97 47.10
12 98 86.55
12 99 85.40
13 14 81.91
13 15 5.424
13 16 60.73
13 17 50.63
13 18 63.87
13 19 66.00
13 20 40.94
13 21 36.71
13 22 51.27
13 23 51.92
13 24 90.30
13 25 71.20
13 26 4.741
13 27 22.01
13 28 64.03
13 29 41.64
13 30 0.958
13 31 70.80
13 32 85.57
13 33 2.563
13 34 42.07
13 35 63.38
13 36 26.63
13 37 72.61
13 38 67.28
13 39 70.38
13 40 93.54
13 41 40.35
13 42 19.78
13 43 35.14
13 44 95.15
13 45 6.446
13 46 69.34
13 47 45.66
13 48 27.90
13 49 10.89
13 50 82.96
13 51 73.93
13 52 89.51
13 53 4.382
13 54 71.56
13 55 99.33
13 56 28.54
13 57 84.74
13 58 5.644
13 59 86.83
13 60 48.26
13 61 64.44
13 62 56.85
13 63 43.84
13 64 10.69
13 65 53.35
13 66 11.91
13 67 7.219
13 68 50.58
13 69 63.84
13 70 95.23
13 71 59.88
13 72 85.79
13 73 16.74
13 74 37.35
13 75 72.09
13 76 43.46
13 77 1.171
13 78 51.35
13 79 9.146
13 80 41.38
13 81 53.53
13 82 46.43
13 83 81.29
13 84 46.21
13 85 79.73
13 86 6.843
13 87 45.70
13 88 70.00
13 89 35.39
13 90 22.82
13 91 69.85
13 92 46.55
13 93 41.58
13 94 50.92
13 95 67.89
13 96 71.85
13 97 82.07
13 98 51.11
13 99 23.16
14 15 12.52
14 16 10.37
14 17 7.324
14 18 95.49
14 19 66.71
14 20 1.702
14 21 90.04
14 22 45.32
14 23 68.97
14 24 84.51
14 25 61.85
14 26 66.91
14 27 5.384
14 28 89.28
14 29 19.16
14 30 1.836
14 31 3.729
14 32 65.80
14 33 83.55
14 34 16.88
14 35 69.24
14 36 38.61
14 37 48.60
14 38 69.76
14 39 9.578
14 40 78.98
14 41 32.62
14 42 48.83
14 43 43.33
14 44 68.24
14 45 63.80
14 46 84.17
14 47 9.076
14 48 30.58
14 49 36.25
14 50 1.787
14 51 74.16
14 52 66.17
14 53 1.704
14 54 95.44
14 55 64.85
14 56 54.21
14 57 12.54
14 58 67.79
14 59 72.49
14 60 90.27
14 61 65.30
14 62 76.04
14 63 5.141
14 64 78.10
14 65 80.26
14 66 78.48
14 67 97.86
14 68 56.83
14 69 58.32
14 70 83.96
14 71 22.31
14 72 85.98
14 73 13.33
14 74 23.31
14 75 45.34
14 76 84.70
14 77 42.76
14 78 79.56
14 79 62.93
14 80 42.60
14 81 11.89
14 82 2.403
14 83 1.888
14 84 10.35
14 85 18.67
14 86 99.14
14 87 53.92
14 88 85.84
14 89 72.82
14 90 87.70
14 91 39.24
14 92 55.73
14 93 94.70
14 94 85.98
14 95 38.51
14 96 34.33
14 97 7.339
14 98 74.52
14 99 90.55
15 16 30.78
15 17 42.84
15 18 4.874
15 19 91.84
15 20 34.72
15 21 36.95
15 22 23.95
15 23 0.975
15 24 55.71
15 25 95.37
15 26 20.83
15 27 29.32
15 28 47.55
15 29 67.04
15 30 11.46
15 31 51.30
15 32 56.23
15 33 24.09
15 34 1.977
15 35 3.488
15 36 47.88
15 37 68.75
15 38 93.34
15 39 13.46
15 40 55.93
15 41 20.48
15 42 81.06
15 43 61.87
15 44 25.42
15 45 22.78
15 46 93.65
15 47 12.89
15 48 1.088
15 49 15.54
15 50 36.88
15 51 66.02
15 52 63.78
15 53 96.62
15 54 61.54
15 55 41.02
15 56 92.96
15 57 6.886
15 58 35.05
15 59 62.43
15 60 20.61
15 61 22.44
15 62 18.49
15 63 82.56
15 64 35.80
15 65 42.75
15 66 54.98
15 67 83.63
15 68 93.87
15 69 13.41
15 70 16.04
15 71 20.56
15 72 15.16
15 73 10.72
15 74 96.06
15 75 57.41
15 76 15.49
15 77 75.73
15 78 45.46
15 79 35.05
15 80 47.43
15 81 61.04
15 82 96.80
15 83 78.52
15 84 4.808
15 85 26.98
15 86 60.72
15 87 68.44
15 88 33.73
15 89 27.64
15 90 12.18
15 91 56.43
15 92 8.379
15 93 82.91
15 94 25.61
15 95 6.239
15 96 82.66
15 97 7.554
15 98 32.61
15 99 69.67
16 17 77.26
16 18 35.85
16 19 19.03
16 20 31.67
16 21 17.93
16 22 13.48
16 23 32.55
16 24 55.00
16 25 81.63
16 26 54.22
16 27 78.69
16 28 98.45
16 29 43.25
16 30 64.97
16 31 94.41
16 32 43.96
16 33 63.77
16 34 43.10
16 35 93.67
16 36 41.50
16 37 95.17
16 38 41.99
16 39 16.89
16 40 93.10
16 41 31.48
16 42 64.84
16 43 36.92
16 44 45.07
16 45 85.34
16 46 57.23
16 47 24.67
16 48 2.137
16 49 55.00
16 50 42.03
16 51 96.94
16 52 16.34
16 53 19.07
16 54 13.40
16 55 16.08
16 56 35.76
16 57 12.18
16 58 47.81
16 59 95.35
16 60 98.58
16 61 9.226
16 62 29.72
16 63 97.24
16 64 5.708
16 65 34.47
16 66 6.163
16 67 2.459
16 68 29.04
16 69 29.42
16 70 96.18
16 71 75.37
16 72 10.94
16 73 73.68
16 74 85.08
16 75 31.68
16 76 12.22
16 77 68.95
16 78 42.83
16 79 46.19
16 80 8.844
16 81 16.88
16 82 0.923
16 83 60.46
16 84 71.88
16 85 37.96
16 86 77.57
16 87 65.94
16 88 71.57
16 89 25.47
16 90 88.26
16 91 56.70
16 92 20.40
16 93 66.51
16 94 55.65
16 95 64.39
16 96 12.54
16 97 57.38
16 98 12.72
16 99 60.36
17 18 76.10
17 19 32.08
17 20 30.56
17 21 78.88
17 22 61.09
17 23 15.76
17 24 66.76
17 25 56.67
17 26 75.83
17 27 58.45
17 28 27.28
17 29 76.71
17 30 19.80
17 31 3.707
17 32 46.01
17 33 73.51
17 34 71.89
17 35 38.31
17 36 26.90
17 37 3.169
17 38 77.15
17 39 63.32
17 40 78.63
17 41 20.57
17 42 70.34
17 43 63.19
17 44 65.60
17 45 22.52
17 46 37.77
17 47 97.56
17 48 32.43
17 49 72.40
17 50 12.41
17 51 17.60
17 52 29.01
17 53 2.922
17 54 11.97
17 55 18.06
17 56 23.80
17 57 28.04
17 58 25.76
17 59 29.30
17 60 23.13
17 61 97.48
17 62 76.06
17 63 18.88
17 64 94.30
17 65 52.09
17 66 89.74
17 67 8.259
17 68 4.831
17 69 28.55
17 70 73.14
17 71 42.46
17 72 43.46
17 73 67.02
17 74 23.16
17 75 78.15
17 76 29.80
17 77 76.18
17 78 56.79
17 79 24.84
17 80 40.45
17 81 90.37
17 82 63.80
17 83 84.78
17 84 86.79
17 85 40.33
17 86 11.48
17 87 46.97
17 88 19.09
17 89 85.11
17 90 95.24
17 91 20.40
17 92 49.61
17 93 54.87
17 94 75.02
17 95 66.50
17 96 15.30
17 97 61.43
17 98 63.86
17 99 72.53
18 19 42.09
18 20 98.69
18 21 8.769
18 22 40.41
18 23 56.98
18 24 31.13
18 25 7.206
18 26 10.53
18 27 66.89
18 28 18.99
18 29 54.68
18 30 64.23
18 31 40.77
18 32 35.39
18 33 29.31
18 34 82.85
18 35 87.57
18 36 28.29
18 37 40.39
18 38 8.635
18 39 30.22
18 40 6.611
18 41 39.02
18 42 12.83
18 43 78.46
18 44 47.89
18 45 23.66
18 46 25.31
18 47 42.49
18 48 39.88
18 49 41.04
18 50 17.81
18 51 93.76
18 52 59.18
18 53 60.49
18 54 86.34
18 55 49.75
18 56 22.74
18 57 58.24
18 58 72.34
18 59 81.55
18 60 75.58
18 61 53.98
18 62 26.07
18 63 78.39
18 64 87.28
18 65 79.19
18 66 82.59
18 67 36.49
18 68 90.76
18 69 41.62
18 70 28.53
18 71 68.11
18 72 55.79
18 73 82.66
18 74 15.59
18 75 26.10
18 76 26.58
18 77 58.56
18 78 92.65
18 79 36.61
18 80 73.95
18 81 1.699
18 82 16.40
18 83 48.58
18 84 0.783
18 85 70.11
18 86 94.02
18 87 20.00
18 88 11.29
18 89 34.37
18 90 19.49
18 91 79.07
18 92 49.68
18 93 17.90
18 94 24.31
18 95 36.49
18 96 96.77
18 97 72.70
18 98 72.72
18 99 81.18
19 20 65.75
19 21 7.827
19 22 8.150
19 23 90.45
19 24 10.70
19 25 27.38
19 26 45.16
19 27 71.33
19 28 69.55
19 29 67.74
19 30 4.323
19 31 29.37
19 32 39.34
19 33 21.04
19 34 86.37
19 35 7.582
19 36 95.24
19 37 17.59
19 38 73.32
19 39 55.73
19 40 45.79
19 41 66.71
19 42 49.21
19 43 62.01
19 44 7.276
19 45 53.30
19 46 96.92
19 47 54.53
19 48 75.40
19 49 39.08
19 50 91.61
19 51 32.59
19 52 2.193
19 53 10.42
19 54 39.02
19 55 98.39
19 56 1.567
19 57 57.68
19 58 4.876
19 59 48.09
19 60 79.17
19 61 98.86
19 62 48.99
19 63 75.62
19 64 15.54
19 65 54.40
19 66 13.48
19 67 87.41
19 68 55.42
19 69 64.94
19 70 24.48
19 71 97.46
19 72 93.07
19 73 71.01
19 74 29.61
19 75 97.45
19 76 98.64
19 77 9.728
19 78 5.919
19 79 15.27
19 80 88.39
19 81 93.14
19 82 87.47
19 83 17.05
19 84 86.43
19 85 97.82
19 86 90.48
19 87 8.400
19 88 11.63
19 89 86.49
19 90 50.23
19 91 31.83
19 92 15.02
19 93 63.31
19 94 55.30
19 95 40.25
19 96 21.52
19 97 71.41
19 98 53.73
19 99 67.49
20 21 66.19
20 22 24.43
20 23 64.72
20 24 1.742
20 25 48.28
20 26 16.41
20 27 81.59
20 28 77.32
20 29 42.69
20 30 70.36
20 31 52.92
20 32 74.10
20 33 25.32
20 34 26.10
20 35 85.42
20 36 78.00
20 37 35.50
20 38 14.07
20 39 83.85
20 40 44.06
20 41 72.87
20 42 16.38
20 43 30.45
20 44 44.78
20 45 88.78
20 46 81.68
20 47 27.73
20 48 22.05
20 49 28.83
20 50 91.28
20 51 81.65
20 52 45.84
20 53 95.50
20 54 36.74
20 55 42.63
20 56 72.36
20 57 6.993
20 58 46.52
20 59 1.516
20 60 26.99
20 61 88.19
20 62 7.131
20 63 70.58
20 64 88.75
20 65 68.13
20 66 60.33
20 67 69.17
20 68 30.41
20 69 65.56
20 70 15.58
20 71 45.77
20 72 52.42
20 73 3.159
20 74 22.28
20 75 34.13
20 76 84.99
20 77 81.80
20 78 22.28
20 79 95.14
20 80 68.04
20 81 86.89
20 82 96.86
20 83 98.64
20 84 1.549
20 85 80.51
20 86 74.80
20 87 68.45
20 88 23.78
20 89 24.81
20 90 98.56
20 91 28.03
20 92 60.51
20 93 47.17
20 94 32.68
20 95 3.166
20 96 46.59
20 97 45.77
20 98 74.44
20 99 39.97
21 22 85.00
21 23 88.00
21 24 36.51
21 25 50.02
21 26 65.48
21 27 22.11
21 28 82.50
21 29 10.14
21 30 19.29
21 31 84.74
21 32 9.302
21 33 16.72
21 34 32.46
21 35 47.92
21 36 55.59
21 37 12.98
21 38 79.06
21 39 36.97
21 40 76.63
21 41 33.89
21 42 6.467
21 43 78.44
21 44 60.25
21 45 89.88
21 46 68.31
21 47 37.84
21 48 92.27
21 49 57.23
21 50 7.483
21 51 4.642
21 52 39.80
21 53 7.174
21 54 5.280
21 55 44.40
21 56 48.38
21 57 85.27
21 58 86.93
21 59 92.41
21 60 43.75
21 61 83.01
21 62 68.65
21 63 78.84
21 64 21.18
21 65 15.33
21 66 39.03
21 67 29.62
21 68 51.52
21 69 34.51
21 70 67.99
21 71 85.93
21 72 23.66
21 73 44.54
21 74 92.52
21 75 11.48
21 76 32.96
21 77 73.51
21 78 37.68
21 79 35.14
21 80 15.84
21 81 84.88
21 82 88.08
21 83 53.90
21 84 70.63
21 85 39.36
21 86 76.06
21 87 32.35
21 88 34.82
21 89 44.20
21 90 47.74
21 91 67.44
21 92 52.15
21 93 69.61
21 94 93.66
21 95 48.73
21 96 56.18
21 97 23.30
21 98 20.99
21 99 14.29
22 23 96.22
22 24 68.87
22 25 21.66
22 26 66.73
22 27 93.26
22 28 83.62
22 29 82.99
22 30 87.69
22 31 70.87
22 32 53.42
22 33 46.40
22 34 15.17
22 35 64.06
22 36 10.83
22 37 26.50
22 38 6.631
22 39 99.16
22 40 7.633
22 41 28.13
22 42 41.62
22 43 68.36
22 44 93.53
22 45 70.46
22 46 89.93
22 47 11.14
22 48 70.14
22 49 97.44
22 50 67.24
22 51 55.89
22 52 47.88
22 53 65.62
22 54 77.20
22 55 50.22
22 56 53.77
22 57 94.10
22 58 52.57
22 59 46.99
22 60 80.19
22 61 75.26
22 62 64.70
22 63 74.72
22 64 71.39
22 65 58.57
22 66 48.80
22 67 7.990
22 68 87.31
22 69 83.83
22 70 9.119
22 71 45.57
22 72 90.78
22 73 87.46
22 74 77.90
22 75 3.913
22 76 77.02
22 77 63.80
22 78 91.22
22 79 22.76
22 80 11.96
22 81 91.97
22 82 98.75
22 83 47.24
22 84 93.31
22 85 2.737
22 86 41.08
22 87 16.69
22 88 7.551
22 89 57.56
22 90 29.07
22 91 76.51
22 92 60.22
22 93 20.48
22 94 60.41
22 95 56.79
22 96 21.10
22 97 32.65
22 98 25.05
22 99 69.48
23 24 24.62
23 25 84.53
23 26 13.39
23 27 6.839
23 28 25.48
23 29 0.984
23 30 41.94
23 31 66.76
23 32 81.23
23 33 24.94
23 34 42.49
23 35 40.10
23 36 80.65
23 37 92.73
23 38 55.71
23 39 55.03
23 40 98.92
23 41 49.41
23 42 39.45
23 43 44.38
23 44 35.26
23 45 56.70
23 46 88.93
23 47 3.515
23 48 71.00
23 49 28.08
23 50 52.66
23 51 41.52
23 52 83.09
23 53 67.78
23 54 32.51
23 55 78.44
23 56 33.98
23 57 72.96
23 58 49.47
23 59 5.564
23 60 10.41
23 61 35.63
23 62 49.95
23 63 94.95
23 64 71.62
23 65 53.30
23 66 88.10
23 67 22.57
23 68 71.22
23 69 92.78
23 70 87.37
23 71 91.05
23 72 52.29
23 73 28.24
23 74 21.51
23 75 98.95
23 76 8.812
23 77 22.35
23 78 22.83
23 79 21.51
23 80 76.63
23 81 23.81
23 82 23.20
23 83 44.93
23 84 89.78
23 85 49.08
23 86 97.91
23 87 93.40
23 88 68.15
23 89 12.07
23 90 70.92
23 91 33.80
23 92 6.480
23 93 77.63
23 94 49.34
23 95 79.06
23 96 12.44
23 97 65.49
23 98 82.48
23 99 92.39
24 25 82.58
24 26 82.33
24 27 16.91
24 28 52.06
24 29 16.92
24 30 19.95
24 31 95.38
24 32 52.99
24 33 71.35
24 34 51.22
24 35 16.60
24 36 23.78
24 37 81.38
24 38 66.71
24 39 37.53
24 40 7.926
24 41 31.66
24 42 33.17
24 43 27.69
24 44 91.71
24 45 84.51
24 46 1.795
24 47 65.93
24 48 57.99
24 49 94.27
24 50 23.41
24 51 2.240
24 52 48.96
24 53 43.93
24 54 5.972
24 55 14.27
24 56 35.81
24 57 32.26
24 58 33.71
24 59 29.25
24 60 90.00
24 61 49.96
24 62 53.66
24 63 89.39
24 64 49.28
24 65 40.35
24 66 5.730
24 67 35.46
24 68 83.99
24 69 46.11
24 70 69.85
24 71 40.65
24 72 72.43
24 73 55.53
24 74 8.043
24 75 55.08
24 76 23.16
24 77 50.72
24 78 12.93
24 79 8.577
24 80 24.05
24 81 37.53
24 82 6.214
24 83 33.09
24 84 66.45
24 85 68.33
24 86 82.93
24 87 26.78
24 88 38.10
24 89 16.50
24 90 43.90
24 91 28.54
24 92 74.87
24 93 1.151
24 94 9.114
24 95 98.07
24 96 61.78
24 97 19.98
24 98 83.71
24 99 39.23
25 26 38.44
25 27 43.59
25 28 22.15
25 29 3.187
25 30 49.86
25 31 72.99
25 32 47.34
25 33 62.49
25 34 13.56
25 35 31.42
25 36 98.57
25 37 42.43
25 38 36.71
25 39 44.22
25 40 92.81
25 41 81.56
25 42 24.75
25 43 80.11
25 44 31.86
25 45 66.34
25 46 34.30
25 47 16.81
25 48 14.69
25 49 79.87
25 50 36.31
25 51 39.47
25 52 24.97
25 53 89.21
25 54 44.89
25 55 16.55
25 56 25.66
25 57 37.15
25 58 36.78
25 59 10.13
25 60 93.71
25 61 77.31
25 62 83.27
25 63 50.10
25 64 37.49
25 65 79.83
25 66 53.23
25 67 25.22
25 68 96.55
25 69 30.35
25 70 47.79
25 71 3.737
25 72 90.73
25 73 62.57
25 74 86.40
25 75 23.99
25 76 41.66
25 77 96.14
25 78 77.93
25 79 71.26
25 80 36.59
25 81 89.83
25 82 78.74
25 83 7.627
25 84 59.52
25 85 16.48
25 86 73.77
25 87 81.72
25 88 72.47
25 89 30.59
25 90 77.88
25 91 76.95
25 92 38.62
25 93 65.37
25 94 95.59
25 95 62.34
25 96 80.02
25 97 50.86
25 98 64.20
25 99 15.89
26 27 93.63
26 28 0.921
26 29 75.14
26 30 27.49
26 31 90.35
26 32 46.09
26 33 24.27
26 34 38.01
26 35 1.463
26 36 70.37
26 37 75.58
26 38 74.98
26 39 57.57
26 40 23.16
26 41 33.57
26 42 97.64
26 43 95.48
26 44 11.24
26 45 13.96
26 46 80.12
26 47 68.27
26 48 7.336
26 49 11.43
26 50 54.30
26 51 24.91
26 52 29.45
26 53 43.95
26 54 88.07
26 55 4.042
26 56 7.790
26 57 70.97
26 58 57.91
26 59 27.90
26 60 64.84
26 61 58.23
26 62 70.84
26 63 52.73
26 64 76.97
26 65 43.90
26 66 81.75
26 67 88.31
26 68 89.75
26 69 46.89
26 70 45.14
26 71 68.16
26 72 92.48
26 73 9.749
26 74 2.713
26 75 22.05
26 76 74.43
26 77 79.70
26 78 22.53
26 79 64.11
26 80 51.24
26 81 96.46
26 82 77.37
26 83 2.079
26 84 97.13
26 85 10.78
26 86 1.741
26 87 24.08
26 88 91.12
26 89 89.34
26 90 50.76
26 91 2.547
26 92 13.63
26 93 45.33
26 94 92.92
26 95 76.73
26 96 48.78
26 97 97.61
26 98 87.43
26 99 2.740
27 28 48.95
27 29 97.40
27 30 20.72
27 31 65.76
27 32 25.43
27 33 9.581
27 34 31.24
27 35 43.17
27 36 42.58
27 37 35.20
27 38 25.10
27 39 78.35
27 40 26.78
27 41 43.14
27 42 77.94
27 43 14.01
27 44 38.89
27 45 71.85
27 46 73.56
27 47 10.30
27 48 3.032
27 49 94.11
27 50 96.04
27 51 71.83
27 52 24.58
27 53 87.73
27 54 37.43
27 55 5.739
27 56 80.98
27 57 42.06
27 58 23.38
27 59 38.18
27 60 62.70
27 61 5.660
27 62 54.02
27 63 86.69
27 64 80.43
27 65 27.93
27 66 19.04
27 67 39.08
27 68 92.80
27 69 77.17
27 70 97.55
27 71 11.76
27 72 3.612
27 73 96.57
27 74 11.64
27 75 99.41
27 76 97.66
27 77 61.76
27 78 8.015
27 79 37.52
27 80 94.42
27 81 52.13
27 82 29.59
27 83 2.353
27 84 67.81
27 85 77.63
27 86 64.97
27 87 31.05
27 88 2.971
27 89 75.42
27 90 17.60
27 91 40.93
27 92 70.36
27 93 2.089
27 94 23.58
27 95 80.98
27 96 5.926
27 97 90.16
27 98 50.50
27 99 0.503
28 29 71.94
28 30 46.85
28 31 90.95
28 32 89.90
28 33 42.89
28 34 85.93
28 35 24.65
28 36 72.41
28 37 9.725
28 38 8.675
28 39 12.11
28 40 65.74
28 41 63.87
28 42 65.74
28 43 62.38
28 44 58.10
28 45 96.00
28 46 86.00
28 47 97.87
28 48 28.96
28 49 30.06
28 50 2.298
28 51 17.98
28 52 35.67
28 53 23.84
28 54 94.21
28 55 41.75
28 56 47.28
28 57 70.73
28 58 88.02
28 59 92.57
28 60 77.52
28 61 25.85
28 62 19.22
28 63 83.38
28 64 20.62
28 65 88.17
28 66 50.99
28 67 82.82
28 68 96.68
28 69 26.69
28 70 33.69
28 71 35.13
28 72 43.78
28 73 57.50
28 74 62.21
28 75 68.35
28 76 92.87
28 77 69.99
28 78 46.02
28 79 45.40
28 80 96.41
28 81 78.57
28 82 10.51
28 83 21.79
28 84 3.121
28 85 45.86
28 86 90.67
28 87 73.08
28 88 1.817
28 89 78.94
28 90 26.22
28 91 91.24
28 92 3.906
28 93 37.62
28 94 80.46
28 95 26.54
28 96 3.524
28 97 82.07
28 98 40.77
28 99 16.03
29 30 80.00
29 31 58.39
29 32 20.65
29 33 26.54
29 34 6.120
29 35 93.97
29 36 35.34
29 37 5.422
29 38 53.19
29 39 48.44
29 40 46.43
29 41 75.22
29 42 1.790
29 43 18.37
29 44 30.63
29 45 37.54
29 46 53.24
29 47 9.981
29 48 56.49
29 49 92.63
29 50 95.70
29 51 56.35
29 52 96.52
29 53 23.24
29 54 38.67
29 55 42.23
29 56 32.20
29 57 72.54
29 58 58.07
29 59 54.22
29 60 16.50
29 61 89.11
29 62 13.30
29 63 40.62
29 64 75.75
29 65 74.77
29 66 17.14
29 67 96.32
29 68 11.41
29 69 47.93
29 70 95.97
29 71 58.92
29 72 47.07
29 73 41.64
29 74 12.14
29 75 80.25
29 76 64.74
29 77 61.74
29 78 23.92
29 79 13.43
29 80 18.94
29 81 23.93
29 82 2.763
29 83 29.16
29 84 1.254
29 85 21.58
29 86 9.921
29 87 78.68
29 88 31.61
29 89 15.87
29 90 16.52
29 91 18.01
29 92 93.66
29 93 83.02
29 94 44.89
29 95 51.74
29 96 15.49
29 97 57.63
29 98 51.13
29 99 6.305
30 31 8.740
30 32 39.29
30 33 14.52
30 34 23.12
30 35 78.58
30 36 43.95
30 37 32.39
30 38 74.14
30 39 51.73
30 40 72.66
30 41 9.594
30 42 9.225
30 43 97.56
30 44 55.29
30 45 58.49
30 46 55.91
30 47 73.76
30 48 62.43
30 49 33.64
30 50 20.04
30 51 1.675
30 52 61.20
30 53 96.43
30 54 92.07
30 55 23.21
30 56 94.41
30 57 71.93
30 58 40.72
30 59 34.45
30 60 73.87
30 61 45.78
30 62 41.79
30 63 46.20
30 64 27.61
30 65 22.51
30 66 95.11
30 67 65.46
30 68 91.14
30 69 16.00
30 70 73.22
30 71 89.91
30 72 20.69
30 73 92.42
30 74 29.04
30 75 69.70
30 76 34.65
30 77 53.60
30 78 49.37
30 79 98.54
30 80 62.05
30 81 4.302
30 82 94.64
30 83 80.95
30 84 1.680
30 85 94.07
30 86 8.703
30 87 46.02
30 88 35.53
30 89 47.13
30 90 90.83
30 91 30.23
30 92 34.86
30 93 95.05
30 94 43.25
30 95 68.27
30 96 98.89
30 97 92.24
30 98 69.34
30 99 45.07
31 32 1.224
31 33 26.60
31 34 24.90
31 35 21.55
31 36 28.31
31 37 37.29
31 38 96.56
31 39 23.62
31 40 4.192
31 41 23.23
31 42 30.53
31 43 90.88
31 44 19.69
31 45 89.85
31 46 6.240
31 47 92.78
31 48 20.70
31 49 33.61
31 50 49.28
31 51 4.622
31 52 77.39
31 53 81.86
31 54 13.56
31 55 2.193
31 56 38.59
31 57 49.78
31 58 57.20
31 59 42.39
31 60 9.013
31 61 86.32
31 62 81.07
31 63 82.64
31 64 56.32
31 65 35.31
31 66 34.57
31 67 52.41
31 68 52.16
31 69 39.95
31 70 50.49
31 71 89.96
31 72 79.96
31 73 53.13
31 74 5.556
31 75 44.31
31 76 81.81
31 77 28.21
31 78 64.29
31 79 0.989
31 80 79.52
31 81 88.52
31 82 66.94
31 83 68.65
31 84 21.45
31 85 24.75
31 86 95.26
31 87 93.00
31 88 94.56
31 89 75.23
31 90 87.04
31 91 81.48
31 92 14.34
31 93 12.64
31 94 94.40
31 95 85.52
31 96 11.62
31 97 92.95
31 98 89.29
31 99 94.70
32 33 25.85
32 34 2.480
32 35 64.51
32 36 92.94
32 37 92.21
32 38 95.44
32 39 49.81
32 40 98.70
32 41 31.47
32 42 94.11
32 43 71.74
32 44 81.39
32 45 8.568
32 46 25.44
32 47 78.37
32 48 41.67
32 49 43.43
32 50 98.29
32 51 34.34
32 52 74.81
32 53 57.86
32 54 54.44
32 55 81.86
32 56 95.61
32 57 82.75
32 58 48.91
32 59 90.71
32 60 5.903
32 61 7.320
32 62 14.94
32 63 11.18
32 64 69.55
32 65 49.89
32 66 49.87
32 67 37.57
32 68 26.12
32 69 72.90
32 70 55.39
32 71 49.18
32 72 77.26
32 73 59.76
32 74 55.61
32 75 50.76
32 76 71.41
32 77 46.69
32 78 97.07
32 79 45.24
32 80 9.427
32 81 76.48
32 82 22.41
32 83 74.21
32 84 79.17
32 85 67.89
32 86 1.579
32 87 98.77
32 88 4.843
32 89 49.05
32 90 48.23
32 91 65.14
32 92 54.58
32 93 94.24
32 94 51.60
32 95 86.94
32 96 66.01
32 97 73.79
32 98 49.70
32 99 76.26
33 34 16.36
33 35 83.65
33 36 8.840
33 37 50.47
33 38 2.021
33 39 95.10
33 40 33.99
33 41 95.37
33 42 92.12
33 43 31.24
33 44 42.26
33 45 36.60
33 46 20.52
33 47 75.25
33 48 3.725
33 49 66.71
33 50 91.28
33 51 68.72
33 52 10.11
33 53 83.34
33 54 10.75
33 55 13.47
33 56 85.16
33 57 0.529
33 58 2.885
33 59 72.08
33 60 78.23
33 61 93.78
33 62 54.82
33 63 78.21
33 64 61.22
33 65 63.30
33 66 1.225
33 67 63.55
33 68 66.92
33 69 45.76
33 70 56.04
33 71 37.98
33 72 10.76
33 73 43.64
33 74 2.305
33 75 68.04
33 76 56.29
33 77 37.89
33 78 88.32
33 79 83.98
33 80 22.65
33 81 96.61
33 82 78.45
33 83 51.82
33 84 68.93
33 85 4.549
33 86 96.97
33 87 74.27
33 88 13.26
33 89 76.36
33 90 48.48
33 91 11.38
33 92 33.21
33 93 23.89
33 94 82.49
33 95 49.24
33 96 90.65
33 97 78.93
33 98 84.55
33 99 8.999
34 35 71.89
34 36 90.40
34 37 83.08
34 38 53.53
34 39 32.94
34 40 8.423
34 41 18.61
34 42 56.26
34 43 46.04
34 44 55.04
34 45 58.66
34 46 20.06
34 47 76.84
34 48 69.47
34 49 93.77
34 50 91.91
34 51 61.96
34 52 80.47
34 53 99.12
34 54 20.62
34 55 91.22
34 56 87.46
34 57 97.72
34 58 32.99
34 59 59.42
34 60 23.63
34 61 41.65
34 62 65.76
34 63 87.23
34 64 72.58
34 65 22.49
34 66 29.71
34 67 70.82
34 68 7.649
34 69 28.38
34 70 27.77
34 71 66.99
34 72 20.73
34 73 54.62
34 74 73.08
34 75 94.75
34 76 17.90
34 77 83.17
34 78 77.68
34 79 83.02
34 80 89.19
34 81 29.97
34 82 12.86
34 83 20.44
34 84 31.64
34 85 90.76
34 86 9.755
34 87 84.89
34 88 86.51
34 89 62.63
34 90 94.62
34 91 22.00
34 92 4.701
34 93 93.07
34 94 84.75
34 95 87.07
34 96 90.59
34 97 6.361
34 98 15.10
34 99 38.64
35 36 22.92
35 37 64.44
35 38 66.96
35 39 32.56
35 40 83.46
35 41 4.992
35 42 88.03
35 43 14.66
35 44 13.72
35 45 63.80
35 46 53.62
35 47 55.24
35 48 70.57
35 49 62.06
35 50 58.66
35 51 48.51
35 52 69.09
35 53 12.18
35 54 55.53
35 55 0.529
35 56 56.84
35 57 97.84
35 58 71.23
35 59 91.95
35 60 15.10
35 61 93.12
35 62 35.55
35 63 57.80
35 64 20.28
35 65 5.943
35 66 78.13
35 67 46.00
35 68 51.51
35 69 71.71
35 70 1.868
35 71 5.564
35 72 11.50
35 73 6.588
35 74 19.01
35 75 35.87
35 76 19.79
35 77 33.12
35 78 26.96
35 79 55.37
35 80 91.19
35 81 41.42
35 82 21.13
35 83 67.27
35 84 40.38
35 85 43.85
35 86 91.14
35 87 1.153
35 88 19.14
35 89 26.57
35 90 9.149
35 91 13.14
35 92 11.20
35 93 0.999
35 94 47.22
35 95 23.01
35 96 86.45
35 97 53.98
35 98 65.42
35 99 62.83
36 37 5.389
36 38 10.02
36 39 16.82
36 40 11.45
36 41 15.53
36 42 5.413
36 43 77.55
36 44 31.38
36 45 29.79
36 46 58.22
36 47 32.42
36 48 19.69
36 49 83.23
36 50 75.97
36 51 8.546
36 52 6.624
36 53 77.51
36 54 73.97
36 55 17.86
36 56 41.96
36 57 75.52
36 58 15.18
36 59 42.17
36 60 36.07
36 61 39.68
36 62 88.21
36 63 79.64
36 64 76.21
36 65 23.60
36 66 51.45
36 67 56.68
36 68 10.72
36 69 63.16
36 70 93.49
36 71 32.36
36 72 0.708
36 73 33.69
36 74 4.769
36 75 66.55
36 76 15.18
36 77 60.38
36 78 90.83
36 79 3.464
36 80 87.88
36 81 2.924
36 82 66.46
36 83 13.02
36 84 33.39
36 85 84.36
36 86 31.80
36 87 15.22
36 88 29.38
36 89 78.83
36 90 33.09
36 91 48.93
36 92 86.75
36 93 71.71
36 94 68.20
36 95 86.18
36 96 34.35
36 97 44.97
36 98 97.21
36 99 3.248
37 38 29.12
37 39 15.29
37 40 21.44
37 41 27.31
37 42 60.64
37 43 80.52
37 44 41.83
37 45 38.95
37 46 25.92
37 47 6.668
37 48 97.12
37 49 70.52
37 50 62.22
37 51 41.65
37 52 13.44
37 53 9.084
37 54 17.33
37 55 60.89
37 56 83.72
37 57 73.84
37 58 43.47
37 59 33.12
37 60 19.07
37 61 1.214
37 62 89.87
37 63 91.60
37 64 80.28
37 65 96.57
37 66 83.75
37 67 52.42
37 68 84.80
37 69 92.55
37 70 53.74
37 71 87.69
37 72 62.22
37 73 26.75
37 74 32.87
37 75 37.93
37 76 70.06
37 77 64.12
37 78 67.98
37 79 68.66
37 80 62.67
37 81 93.21
37 82 82.59
37 83 90.01
37 84 71.78
37 85 22.59
37 86 23.00
37 87 41.76
37 88 36.12
37 89 98.38
37 90 33.06
37 91 45.33
37 92 36.56
37 93 45.92
37 94 44.13
37 95 40.32
37 96 52.03
37 97 54.22
37 98 13.21
37 99 60.39
38 39 37.50
38 40 86.93
38 41 78.92
38 42 38.50
38 43 44.21
38 44 73.67
38 45 32.65
38 46 52.45
38 47 11.15
38 48 78.35
38 49 85.92
38 50 47.12
38 51 94.56
38 52 20.85
38 53 37.14
38 54 19.49
38 55 27.52
38 56 46.04
38 57 2.850
38 58 49.45
38 59 56.06
38 60 55.76
38 61 77.17
38 62 79.60
38 63 75.33
38 64 95.21
38 65 11.96
38 66 88.07
38 67 23.51
38 68 15.95
38 69 49.79
38 70 59.15
38 71 11.56
38 72 4.095
38 73 48.50
38 74 86.61
38 75 21.67
38 76 77.66
38 77 16.41
38 78 35.18
38 79 44.53
38 80 81.76
38 81 80.02
38 82 63.30
38 83 95.86
38 84 4.410
38 85 15.42
38 86 56.31
38 87 90.88
38 88 21.75
38 89 80.61
38 90 40.43
38 91 10.17
38 92 59.65
38 93 57.81
38 94 91.25
38 95 84.23
38 96 23.67
38 97 64.25
38 98 80.37
38 99 92.83
39 40 84.92
39 41 11.48
39 42 76.00
39 43 42.47
39 44 51.30
39 45 78.90
39 46 33.23
39 47 28.96
39 48 5.624
39 49 17.50
39 50 84.10
39 51 1.396
39 52 49.26
39 53 39.46
39 54 17.13
39 55 81.16
39 56 45.87
39 57 39.88
39 58 72.81
39 59 86.88
39 60 82.81
39 61 95.17
39 62 84.64
39 63 34.77
39 64 87.34
39 65 34.80
39 66 7.941
39 67 73.20
39 68 32.95
39 69 99.25
39 70 61.56
39 71 47.75
39 72 1.613
39 73 7.694
39 74 20.63
39 75 33.21
39 76 94.04
39 77 97.78
39 78 75.86
39 79 25.81
39 80 3.730
39 81 3.326
39 82 84.11
39 83 66.55
39 84 83.40
39 85 17.64
39 86 68.86
39 87 85.99
39 88 87.32
39 89 35.02
39 90 51.10
39 91 38.45
39 92 41.58
39 93 1.712
39 94 29.13
39 95 68.10
39 96 81.29
39 97 55.86
39 98 84.67
39 99 27.17
40 41 62.56
40 42 53.69
40 43 47.09
40 44 45.65
40 45 47.15
40 46 85.51
40 47 87.99
40 48 12.42
40 49 9.048
40 50 84.95
40 51 74.09
40 52 36.54
40 53 40.22
40 54 42.51
40 55 48.96
40 56 37.39
40 57 15.58
40 58 79.52
40 59 81.48
40 60 78.90
40 61 44.65
40 62 7.088
40 63 86.80
40 64 77.76
40 65 34.37
40 66 11.71
40 67 20.88
40 68 22.67
40 69 16.20
40 70 7.927
40 71 28.33
40 72 4.225
40 73 13.38
40 74 9.788
40 75 6.124
40 76 26.03
40 77 78.93
40 78 4.881
40 79 66.81
40 80 17.83
40 81 57.77
40 82 55.18
40 83 99.16
40 84 19.95
40 85 22.23
40 86 56.15
40 87 58.53
40 88 95.70
40 89 47.07
40 90 56.13
40 91 41.85
40 92 24.24
40 93 58.69
40 94 18.21
40 95 97.10
40 96 60.51
40 97 28.34
40 98 22.26
40 99 71.61
41 42 49.46
41 43 6.617
41 44 10.22
41 45 60.72
41 46 68.91
41 47 78.29
41 48 31.55
41 49 38.79
41 50 39.63
41 51 15.71
41 52 65.72
41 53 25.04
41 54 67.80
41 55 91.15
41 56 5.714
41 57 89.84
41 58 48.57
41 59 61.62
41 60 88.61
41 61 26.28
41 62 9.269
41 63 57.24
41 64 50.25
41 65 49.07
41 66 21.84
41 67 47.80
41 68 34.77
41 69 83.04
41 70 84.41
41 71 13.81
41 72 62.42
41 73 46.45
41 74 90.86
41 75 49.06
41 76 65.72
41 77 82.00
41 78 82.20
41 79 97.69
41 80 76.42
41 81 54.01
41 82 84.41
41 83 51.47
41 84 50.34
41 85 47.97
41 86 77.81
41 87 54.71
41 88 70.38
41 89 66.68
41 90 55.99
41 91 5.821
41 92 53.78
41 93 36.74
41 94 75.30
41 95 56.81
41 96 75.58
41 97 68.92
41 98 94.39
41 99 80.11
42 43 28.79
42 44 4.018
42 45 34.84
42 46 66.45
42 47 68.31
42 48 57.71
42 49 77.75
42 50 34.19
42 51 95.47
42 52 41.74
42 53 83.38
42 54 25.94
42 55 16.50
42 56 48.04
42 57 29.26
42 58 15.59
42 59 10.65
42 60 19.09
42 61 40.16
42 62 71.98
42 63 37.92
42 64 82.03
42 65 90.10
42 66 67.48
42 67 90.63
42 68 86.14
42 69 39.75
42 70 65.42
42 71 16.10
42 72 11.98
42 73 33.35
42 74 92.24
42 75 4.062
42 76 8.469
42 77 42.04
42 78 75.31
42 79 43.22
42 80 9.496
42 81 50.81
42 82 48.71
42 83 8.543
42 84 18.08
42 85 21.76
42 86 48.28
42 87 77.54
42 88 36.91
42 89 84.96
42 90 12.52
42 91 86.03
42 92 23.08
42 93 79.79
42 94 84.10
42 95 18.02
42 96 75.18
42 97 22.83
42 98 26.72
42 99 13.73
43 44 32.98
43 45 27.00
43 46 61.72
43 47 84.74
43 48 73.86
43 49 98.53
43 50 75.45
43 51 80.37
43 52 77.88
43 53 31.90
43 54 33.78
43 55 20.71
43 56 5.790
43 57 79.86
43 58 96.71
43 59 26.14
43 60 73.15
43 61 85.29
43 62 48.36
43 63 56.46
43 64 61.90
43 65 61.06
43 66 69.31
43 67 65.50
43 68 79.33
43 69 91.58
43 70 83.39
43 71 80.36
43 72 43.10
43 73 20.58
43 74 61.81
43 75 94.43
43 76 41.80
43 77 50.09
43 78 40.63
43 79 98.65
43 80 59.26
43 81 21.30
43 82 56.92
43 83 1.348
43 84 6.526
43 85 80.85
43 86 38.26
43 87 33.75
43 88 58.67
43 89 11.44
43 90 58.99
43 91 39.33
43 92 43.19
43 93 94.36
43 94 93.35
43 95 95.06
43 96 2.791
43 97 23.38
43 98 45.67
43 99 76.17
44 45 67.01
44 46 25.46
44 47 49.52
44 48 94.92
44 49 89.82
44 50 82.15
44 51 2.975
44 52 68.51
44 53 34.07
44 54 1.947
44 55 67.17
44 56 66.68
44 57 73.74
44 58 90.69
44 59 13.92
44 60 95.93
44 61 90.26
44 62 53.90
44 63 39.35
44 64 12.09
44 65 70.25
44 66 51.25
44 67 22.59
44 68 13.11
44 69 54.59
44 70 86.58
44 71 59.41
44 72 94.47
44 73 12.21
44 74 3.814
44 75 96.86
44 76 43.80
44 77 42.57
44 78 6.922
44 79 95.60
44 80 64.16
44 81 69.80
44 82 71.23
44 83 83.31
44 84 54.96
44 85 27.95
44 86 15.92
44 87 74.79
44 88 34.45
44 89 19.22
44 90 11.60
44 91 48.17
44 92 4.726
44 93 62.13
44 94 21.65
44 95 39.90
44 96 29.56
44 97 51.87
44 98 8.668
44 99 0.663
45 46 89.43
45 47 60.58
45 48 81.74
45 49 60.29
45 50 10.22
45 51 63.78
45 52 79.20
45 53 54.52
45 54 15.96
45 55 79.01
45 56 30.23
45 57 34.24
45 58 45.27
45 59 63.93
45 60 78.81
45 61 12.75
45 62 3.780
45 63 12.22
45 64 45.89
45 65 17.45
45 66 47.28
45 67 90.15
45 68 22.44
45 69 70.98
45 70 80.02
45 71 24.51
45 72 27.79
45 73 19.15
45 74 16.10
45 75 52.05
45 76 86.98
45 77 93.40
45 78 5.872
45 79 79.77
45 80 82.61
45 81 58.32
45 82 27.45
45 83 57.82
45 84 76.83
45 85 68.93
45 86 90.44
45 87 76.55
45 88 75.83
45 89 82.67
45 90 67.10
45 91 54.28
45 92 76.36
45 93 70.90
45 94 75.55
45 95 14.21
45 96 83.21
45 97 36.01
45 98 25.85
45 99 19.86
46 47 56.85
46 48 82.98
46 49 87.97
46 50 36.78
46 51 7.494
46 52 55.16
46 53 6.521
46 54 61.45
46 55 2.370
46 56 47.76
46 57 64.67
46 58 18.89
46 59 7.986
46 60 50.32
46 61 50.68
46 62 82.08
46 63 30.64
46 64 95.61
46 65 90.73
46 66 37.26
46 67 12.36
46 68 94.52
46 69 79.52
46 70 77.28
46 71 3.653
46 72 18.23
46 73 36.25
46 74 44.43
46 75 88.25
46 76 97.24
46 77 71.62
46 78 52.62
46 79 90.22
46 80 12.05
46 81 32.22
46 82 36.28
46 83 50.52
46 84 39.07
46 85 56.61
46 86 77.40
46 87 34.85
46 88 57.79
46 89 14.74
46 90 5.202
46 91 96.34
46 92 49.89
46 93 63.24
46 94 98.55
46 95 87.23
46 96 77.52
46 97 53.39
46 98 57.97
46 99 59.88
47 48 69.78
47 49 43.44
47 50 10.15
47 51 39.23
47 52 77.16
47 53 38.13
47 54 32.33
47 55 6.878
47 56 45.10
47 57 3.236
47 58 42.07
47 59 4.309
47 60 17.41
47 61 15.04
47 62 50.61
47 63 15.27
47 64 75.50
47 65 26.83
47 66 78.23
47 67 20.73
47 68 17.93
47 69 64.24
47 70 3.469
47 71 23.24
47 72 74.64
47 73 50.65
47 74 1.196
47 75 14.55
47 76 8.344
47 77 28.13
47 78 45.58
47 79 57.67
47 80 76.64
47 81 96.02
47 82 98.34
47 83 58.75
47 84 60.68
47 85 24.92
47 86 94.60
47 87 28.26
47 88 16.62
47 89 5.553
47 90 22.87
47 91 65.65
47 92 6.766
47 93 15.14
47 94 9.183
47 95 35.05
47 96 34.33
47 97 72.05
47 98 61.78
47 99 14.10
48 49 97.83
48 50 17.35
48 51 34.00
48 52 23.67
48 53 80.88
48 54 49.28
48 55 58.57
48 56 0.702
48 57 12.75
48 58 86.17
48 59 5.621
48 60 40.79
48 61 16.43
48 62 25.37
48 63 28.80
48 64 40.49
48 65 95.19
48 66 90.57
48 67 6.777
48 68 77.93
48 69 34.45
48 70 49.44
48 71 64.57
48 72 61.00
48 73 60.65
48 74 68.48
48 75 66.08
48 76 42.79
48 77 60.34
48 78 53.50
48 79 46.73
48 80 15.80
48 81 15.19
48 82 11.54
48 83 68.35
48 84 55.73
48 85 19.65
48 86 20.85
48 87 97.48
48 88 96.41
48 89 4.712
48 90 70.22
48 91 36.67
48 92 12.82
48 93 76.73
48 94 8.624
48 95 37.65
48 96 10.57
48 97 43.02
48 98 65.20
48 99 51.75
49 50 70.71
49 51 29.66
49 52 9.349
49 53 31.59
49 54 61.94
49 55 61.55
49 56 57.64
49 57 84.98
49 58 58.48
49 59 26.74
49 60 87.03
49 61 15.84
49 62 92.54
49 63 40.87
49 64 81.89
49 65 71.49
49 66 32.02
49 67 79.58
49 68 37.19
49 69 58.14
49 70 34.18
49 71 36.66
49 72 17.18
49 73 45.64
49 74 79.31
49 75 24.81
49 76 87.01
49 77 78.96
49 78 47.80
49 79 68.06
49 80 37.77
49 81 97.28
49 82 52.44
49 83 62.17
49 84 75.22
49 85 76.66
49 86 19.14
49 87 64.77
49 88 30.86
49 89 6.302
49 90 72.85
49 91 50.94
49 92 68.77
49 93 43.02
49 94 56.84
49 95 33.17
49 96 35.16
49 97 42.89
49 98 0.815
49 99 20.74
50 51 29.77
50 52 25.94
50 53 41.13
50 54 42.63
50 55 30.37
50 56 64.25
50 57 81.97
50 58 84.54
50 59 18.98
50 60 88.33
50 61 28.88
50 62 9.821
50 63 95.96
50 64 46.97
50 65 11.46
50 66 79.05
50 67 90.02
50 68 32.15
50 69 33.18
50 70 9.665
50 71 82.32
50 72 6.471
50 73 74.86
50 74 67.41
50 75 72.46
50 76 1.076
50 77 76.11
50 78 14.25
50 79 60.63
50 80 12.63
50 81 91.43
50 82 88.92
50 83 62.46
50 84 19.43
50 85 34.25
50 86 54.74
50 87 0.513
50 88 80.78
50 89 59.57
50 90 2.858
50 91 68.82
50 92 24.25
50 93 1.540
50 94 5.310
50 95 53.85
50 96 91.21
50 97 53.99
50 98 61.98
50 99 59.30
51 52 89.72
51 53 22.13
51 54 42.06
51 55 87.19
51 56 88.42
51 57 10.69
51 58 57.97
51 59 78.28
51 60 29.72
51 61 17.72
51 62 9.285
51 63 2.799
51 64 96.86
51 65 60.66
51 66 71.27
51 67 98.61
51 68 80.85
51 69 5.155
51 70 69.82
51 71 46.56
51 72 40.96
51 73 94.22
51 74 75.46
51 75 15.18
51 76 16.42
51 77 2.109
51 78 23.07
51 79 79.47
51 80 78.27
51 81 15.63
51 82 74.38
51 83 43.10
51 84 56.82
51 85 44.45
51 86 77.00
51 87 5.860
51 88 2.485
51 89 92.42
51 90 86.41
51 91 68.85
51 92 66.98
51 93 3.312
51 94 1.423
51 95 54.70
51 96 44.48
51 97 63.94
51 98 9.086
51 99 19.85
52 53 92.41
52 54 36.62
52 55 74.21
52 56 88.92
52 57 43.58
52 58 37.50
52 59 52.15
52 60 9.448
52 61 92.38
52 62 47.16
52 63 40.28
52 64 45.05
52 65 16.30
52 66 70.56
52 67 41.59
52 68 73.42
52 69 82.97
52 70 60.75
52 71 72.56
52 72 7.555
52 73 58.50
52 74 34.97
52 75 21.91
52 76 69.21
52 77 24.69
52 78 79.66
52 79 52.36
52 80 24.16
52 81 98.89
52 82 28.33
52 83 76.36
52 84 19.30
52 85 19.50
52 86 39.19
52 87 25.73
52 88 12.77
52 89 61.11
52 90 32.64
52 91 82.11
52 92 65.92
52 93 67.35
52 94 60.43
52 95 23.55
52 96 55.56
52 97 40.83
52 98 59.78
52 99 88.32
53 54 81.15
53 55 67.54
53 56 67.13
53 57 43.59
53 58 18.91
53 59 4.287
53 60 73.92
53 61 48.99
53 62 16.40
53 63 30.86
53 64 50.68
53 65 85.08
53 66 84.69
53 67 27.36
53 68 7.961
53 69 65.01
53 70 94.31
53 71 91.68
53 72 49.85
53 73 25.89
53 74 28.18
53 75 76.19
53 76 59.37
53 77 53.63
53 78 88.00
53 79 79.16
53 80 86.59
53 81 21.74
53 82 41.55
53 83 63.17
53 84 17.14
53 85 61.20
53 86 7.962
53 87 34.88
53 88 77.77
53 89 4.548
53 90 66.44
53 91 21.61
53 92 16.21
53 93 6.255
53 94 92.36
53 95 70.20
53 96 43.62
53 97 87.31
53 98 89.15
53 99 25.29
54 55 85.49
54 56 75.18
54 57 62.07
54 58 93.77
54 59 2.239
54 60 63.14
54 61 47.70
54 62 55.96
54 63 44.34
54 64 64.71
54 65 31.81
54 66 5.159
54 67 80.74
54 68 89.58
54 69 62.63
54 70 86.25
54 71 53.22
54 72 40.27
54 73 21.38
54 74 2.240
54 75 30.34
54 76 77.19
54 77 71.57
54 78 74.06
54 79 38.65
54 80 17.15
54 81 59.13
54 82 42.61
54 83 5.163
54 84 32.73
54 85 11.55
54 86 26.36
54 87 59.83
54 88 24.26
54 89 48.00
54 90 48.84
54 91 85.46
54 92 32.46
54 93 68.49
54 94 81.03
54 95 69.50
54 96 36.93
54 97 53.20
54 98 97.99
54 99 19.13
55 56 66.48
55 57 6.554
55 58 19.22
55 59 42.07
55 60 17.81
55 61 9.207
55 62 10.11
55 63 61.54
55 64 50.37
55 65 63.84
55 66 98.76
55 67 8.552
55 68 30.98
55 69 50.50
55 70 10.86
55 71 27.84
55 72 14.98
55 73 32.54
55 74 34.06
55 75 43.48
55 76 48.70
55 77 90.89
55 78 65.99
55 79 27.87
55 80 32.40
55 81 12.02
55 82 65.29
55 83 70.72
55 84 17.48
55 85 86.38
55 86 50.66
55 87 92.48
55 88 25.32
55 89 15.58
55 90 55.77
55 91 25.27
55 92 31.58
55 93 39.47
55 94 92.04
55 95 10.74
55 96 30.41
55 97 10.50
55 98 95.99
55 99 84.84
56 57 5.985
56 58 85.89
56 59 7.501
56 60 70.83
56 61 86.49
56 62 15.59
56 63 69.18
56 64 60.19
56 65 16.81
56 66 26.11
56 67 18.82
56 68 41.73
56 69 75.93
56 70 3.091
56 71 50.84
56 72 36.23
56 73 89.13
56 74 77.73
56 75 53.77
56 76 58.83
56 77 9.398
56 78 52.63
56 79 8.857
56 80 32.30
56 81 13.77
56 82 33.08
56 83 50.33
56 84 65.29
56 85 27.27
56 86 81.02
56 87 75.86
56 88 63.78
56 89 40.51
56 90 7.551
56 91 96.31
56 92 70.00
56 93 20.93
56 94 39.12
56 95 76.50
56 96 85.16
56 97 29.63
56 98 86.67
56 99 34.89
57 58 33.34
57 59 5.839
57 60 93.92
57 61 22.93
57 62 81.05
57 63 49.65
57 64 86.10
57 65 24.46
57 66 44.60
57 67 85.73
57 68 55.15
57 69 38.37
57 70 69.97
57 71 53.16
57 72 96.12
57 73 10.14
57 74 74.26
57 75 78.45
57 76 29.37
57 77 96.08
57 78 4.957
57 79 18.36
57 80 36.94
57 81 41.08
57 82 31.55
57 83 13.27
57 84 92.65
57 85 93.84
57 86 41.75
57 87 33.56
57 88 48.43
57 89 12.05
57 90 23.52
57 91 40.61
57 92 26.04
57 93 55.14
57 94 57.95
57 95 24.35
57 96 9.308
57 97 13.90
57 98 45.38
57 99 35.58
58 59 76.42
58 60 49.79
58 61 38.95
58 62 62.85
58 63 37.60
58 64 99.03
58 65 24.19
58 66 88.26
58 67 33.06
58 68 39.49
58 69 53.30
58 70 75.16
58 71 87.77
58 72 5.180
58 73 32.20
58 74 25.22
58 75 1.831
58 76 49.51
58 77 43.15
58 78 48.56
58 79 59.74
58 80 18.58
58 81 10.98
58 82 16.65
58 83 50.44
58 84 3.200
58 85 65.52
58 86 81.87
58 87 68.68
58 88 58.71
58 89 46.05
58 90 68.06
58 91 97.97
58 92 67.58
58 93 66.64
58 94 70.33
58 95 43.33
58 96 63.32
58 97 78.82
58 98 58.30
58 99 86.79
59 60 57.82
59 61 54.39
59 62 67.38
59 63 90.77
59 64 37.38
59 65 16.97
59 66 64.20
59 67 13.42
59 68 46.26
59 69 70.62
59 70 12.27
59 71 57.94
59 72 80.41
59 73 22.17
59 74 40.47
59 75 43.98
59 76 81.12
59 77 25.22
59 78 40.34
59 79 5.881
59 80 50.10
59 81 70.96
59 82 16.97
59 83 82.26
59 84 28.59
59 85 64.43
59 86 49.36
59 87 22.53
59 88 18.75
59 89 72.31
59 90 58.54
59 91 68.84
59 92 83.87
59 93 29.86
59 94 4.221
59 95 19.90
59 96 43.13
59 97 71.70
59 98 27.65
59 99 20.95
60 61 46.48
60 62 6.090
60 63 28.03
60 64 81.09
60 65 47.16
60 66 88.14
60 67 55.40
60 68 78.81
60 69 24.47
60 70 22.64
60 71 34.00
60 72 25.16
60 73 95.69
60 74 60.53
60 75 18.41
60 76 85.85
60 77 27.81
60 78 97.55
60 79 29.97
60 80 56.26
60 81 26.02
60 82 54.56
60 83 51.74
60 84 85.09
60 85 64.41
60 86 5.756
60 87 42.85
60 88 65.10
60 89 24.41
60 90 82.79
60 91 9.177
60 92 91.92
60 93 33.83
60 94 27.54
60 95 13.40
60 96 55.81
60 97 12.63
60 98 0.667
60 99 78.25
61 62 76.26
61 63 84.57
61 64 49.14
61 65 52.21
61 66 48.18
61 67 92.03
61 68 45.38
61 69 4.244
61 70 13.44
61 71 22.84
61 72 71.63
61 73 12.23
61 74 13.25
61 75 22.43
61 76 72.17
61 77 48.20
61 78 9.889
61 79 47.09
61 80 58.71
61 81 37.83
61 82 14.01
61 83 79.38
61 84 29.71
61 85 94.75
61 86 13.86
61 87 97.39
61 88 19.20
61 89 0.899
61 90 35.58
61 91 19.78
61 92 33.15
61 93 23.83
61 94 59.02
61 95 4.740
61 96 85.86
61 97 14.43
61 98 14.89
61 99 10.30
62 63 91.89
62 64 35.97
62 65 91.30
62 66 88.10
62 67 84.20
62 68 39.58
62 69 14.07
62 70 16.64
62 71 49.54
62 72 72.31
62 73 89.67
62 74 86.12
62 75 41.08
62 76 30.77
62 77 90.50
62 78 58.83
62 79 17.41
62 80 59.42
62 81 65.64
62 82 31.62
62 83 93.27
62 84 68.26
62 85 40.98
62 86 39.58
62 87 7.705
62 88 83.34
62 89 26.72
62 90 31.25
62 91 14.84
62 92 80.84
62 93 20.52
62 94 26.50
62 95 68.53
62 96 84.55
62 97 73.80
62 98 77.47
62 99 73.29
63 64 95.77
63 65 79.04
63 66 33.83
63 67 30.31
63 68 76.51
63 69 69.73
63 70 12.28
63 71 4.832
63 72 55.62
63 73 61.52
63 74 65.12
63 75 61.66
63 76 49.53
63 77 51.54
63 78 5.545
63 79 6.735
63 80 11.25
63 81 39.26
63 82 6.542
63 83 98.66
63 84 75.42
63 85 18.77
63 86 39.94
63 87 9.393
63 88 87.29
63 89 90.88
63 90 58.41
63 91 17.74
63 92 3.869
63 93 71.65
63 94 44.36
63 95 82.05
63 96 85.79
63 97 3.071
63 98 51.50
63 99 49.57
64 65 95.77
64 66 54.78
64 67 17.86
64 68 56.02
64 69 2.901
64 70 1.981
64 71 6.708
64 72 63.60
64 73 48.50
64 74 71.00
64 75 85.59
64 76 95.86
64 77 62.55
64 78 16.27
64 79 93.41
64 80 9.361
64 81 75.33
64 82 66.34
64 83 39.74
64 84 42.08
64 85 49.97
64 86 19.99
64 87 27.21
64 88 81.76
64 89 74.98
64 90 72.67
64 91 67.42
64 92 41.83
64 93 50.94
64 94 78.74
64 95 52.09
64 96 57.70
64 97 98.93
64 98 13.27
64 99 60.60
65 66 90.99
65 67 63.25
65 68 39.07
65 69 75.71
65 70 97.80
65 71 89.99
65 72 22.49
65 73 73.15
65 74 9.285
65 75 66.82
65 76 56.01
65 77 7.207
65 78 13.84
65 79 5.319
65 80 11.23
65 81 70.15
65 82 62.07
65 83 44.45
65 84 22.54
65 85 97.00
65 86 41.78
65 87 90.81
65 88 59.41
65 89 94.33
65 90 66.68
65 91 7.556
65 92 93.37
65 93 32.39
65 94 11.99
65 95 24.02
65 96 96.73
65 97 99.09
65 98 48.33
65 99 77.12
66 67 63.34
66 68 76.80
66 69 40.19
66 70 79.48
66 71 57.82
66 72 66.34
66 73 33.50
66 74 25.40
66 75 25.57
66 76 98.50
66 77 77.81
66 78 89.68
66 79 73.86
66 80 88.64
66 81 24.25
66 82 51.82
66 83 73.85
66 84 37.61
66 85 39.46
66 86 8.807
66 87 84.43
66 88 7.576
66 89 68.33
66 90 33.89
66 91 98.46
66 92 12.80
66 93 83.01
66 94 10.67
66 95 83.53
66 96 45.02
66 97 86.48
66 98 62.51
66 99 80.97
67 68 59.32
67 69 85.08
67 70 3.367
67 71 13.95
67 72 23.43
67 73 42.50
67 74 70.99
67 75 97.48
67 76 59.38
67 77 94.47
67 78 95.19
67 79 9.244
67 80 13.97
67 81 37.01
67 82 43.78
67 83 83.21
67 84 37.79
67 85 15.02
67 86 60.96
67 87 81.02
67 88 73.54
67 89 65.68
67 90 10.82
67 91 92.48
67 92 47.21
67 93 84.91
67 94 55.68
67 95 93.07
67 96 38.30
67 97 6.151
67 98 23.12
67 99 51.58
68 69 50.86
68 70 59.07
68 71 4.971
68 72 50.27
68 73 60.82
68 74 45.89
68 75 83.10
68 76 91.10
68 77 15.46
68 78 24.59
68 79 37.23
68 80 53.19
68 81 29.01
68 82 28.54
68 83 52.42
68 84 73.41
68 85 61.25
68 86 35.09
68 87 2.968
68 88 35.17
68 89 48.74
68 90 88.25
68 91 55.79
68 92 23.96
68 93 12.75
68 94 15.43
68 95 89.42
68 96 9.857
68 97 93.73
68 98 54.28
68 99 80.53
69 70 63.26
69 71 85.08
69 72 5.140
69 73 7.385
69 74 38.11
69 75 98.23
69 76 79.41
69 77 49.93
69 78 51.99
69 79 71.17
69 80 9.194
69 81 81.33
69 82 80.89
69 83 41.54
69 84 68.62
69 85 36.64
69 86 30.47
69 87 14.94
69 88 67.07
69 89 70.60
69 90 72.15
69 91 83.39
69 92 71.06
69 93 31.73
69 94 86.15
69 95 69.81
69 96 72.72
69 97 45.07
69 98 34.19
69 99 53.72
70 71 65.58
70 72 11.66
70 73 12.04
70 74 91.36
70 75 66.32
70 76 55.89
70 77 13.09
70 78 64.57
70 79 26.93
70 80 16.44
70 81 14.10
70 82 92.81
70 83 31.48
70 84 88.35
70 85 75.10
70 86 54.69
70 87 56.16
70 88 34.00
70 89 97.50
70 90 44.11
70 91 4.278
70 92 4.762
70 93 49.83
70 94 8.306
70 95 75.15
70 96 14.40
70 97 8.950
70 98 62.58
70 99 19.16
71 72 47.59
71 73 93.67
71 74 8.767
71 75 65.09
71 76 94.24
71 77 37.05
71 78 73.19
71 79 16.68
71 80 7.516
71 81 19.84
71 82 11.66
71 83 78.54
71 84 52.04
71 85 73.36
71 86 1.321
71 87 75.90
71 88 80.06
71 89 99.32
71 90 96.46
71 91 12.58
71 92 72.53
71 93 64.94
71 94 37.71
71 95 52.99
71 96 45.32
71 97 4.582
71 98 36.44
71 99 3.083
72 73 57.54
72 74 60.73
72 75 20.97
72 76 88.06
72 77 10.65
72 78 86.28
72 79 68.08
72 80 53.53
72 81 79.85
72 82 64.52
72 83 2.009
72 84 15.51
72 85 60.22
72 86 90.33
72 87 49.43
72 88 13.19
72 89 86.76
72 90 54.32
72 91 48.27
72 92 11.67
72 93 40.90
72 94 9.220
72 95 39.19
72 96 23.15
72 97 19.23
72 98 15.07
72 99 93.71
73 74 12.68
73 75 33.16
73 76 4.665
73 77 25.15
73 78 5.960
73 79 11.37
73 80 66.06
73 81 54.45
73 82 64.82
73 83 56.63
73 84 90.54
73 85 61.99
73 86 80.81
73 87 84.31
73 88 31.24
73 89 69.19
73 90 59.94
73 91 92.11
73 92 34.40
73 93 10.29
73 94 12.88
73 95 9.591
73 96 72.02
73 97 22.89
73 98 87.29
73 99 99.40
74 75 36.50
74 76 15.11
74 77 98.00
74 78 17.90
74 79 65.63
74 80 59.63
74 81 14.41
74 82 61.22
74 83 11.15
74 84 87.85
74 85 38.69
74 86 93.03
74 87 41.39
74 88 87.52
74 89 57.62
74 90 31.23
74 91 14.43
74 92 86.01
74 93 70.59
74 94 96.06
74 95 88.68
74 96 17.20
74 97 88.02
74 98 98.30
74 99 52.19
75 76 41.77
75 77 70.56
75 78 6.098
75 79 73.31
75 80 52.45
75 81 49.55
75 82 88.28
75 83 14.20
75 84 91.76
75 85 49.79
75 86 16.02
75 87 29.24
75 88 91.46
75 89 9.505
75 90 27.30
75 91 87.35
75 92 31.71
75 93 18.65
75 94 24.92
75 95 96.51
75 96 9.139
75 97 56.40
75 98 99.17
75 99 88.88
76 77 47.79
76 78 95.56
76 79 88.22
76 80 39.64
76 81 92.70
76 82 74.52
76 83 37.81
76 84 56.07
76 85 68.90
76 86 74.49
76 87 35.10
76 88 44.89
76 89 57.34
76 90 91.62
76 91 48.85
76 92 67.11
76 93 45.57
76 94 9.080
76 95 83.15
76 96 95.38
76 97 20.74
76 98 25.03
76 99 41.71
77 78 15.57
77 79 71.24
77 80 8.722
77 81 52.39
77 82 51.94
77 83 34.17
77 84 72.28
77 85 88.12
77 86 54.20
77 87 38.28
77 88 66.70
77 89 44.21
77 90 54.67
77 91 10.55
77 92 4.647
77 93 1.430
77 94 42.66
77 95 15.61
77 96 16.26
77 97 54.29
77 98 21.35
77 99 90.39
78 79 66.78
78 80 14.38
78 81 18.11
78 82 95.33
78 83 81.10
78 84 61.73
78 85 68.38
78 86 84.80
78 87 78.28
78 88 21.13
78 89 63.73
78 90 62.36
78 91 30.73
78 92 24.06
78 93 36.15
78 94 43.93
78 95 59.39
78 96 27.21
78 97 40.55
78 98 13.23
78 99 76.02
79 80 75.24
79 81 67.18
79 82 36.41
79 83 99.38
79 84 34.77
79 85 23.67
79 86 42.74
79 87 12.10
79 88 46.03
79 89 28.93
79 90 83.33
79 91 57.69
79 92 29.96
79 93 64.66
79 94 67.35
79 95 30.57
79 96 67.41
79 97 10.61
79 98 81.64
79 99 88.36
80 81 36.43
80 82 70.63
80 83 52.81
80 84 27.28
80 85 98.62
80 86 96.23
80 87 69.37
80 88 5.074
80 89 37.97
80 90 82.83
80 91 21.66
80 92 57.10
80 93 66.28
80 94 34.15
80 95 31.67
80 96 20.01
80 97 5.529
80 98 13.32
80 99 47.31
81 82 79.78
81 83 9.053
81 84 24.97
81 85 62.01
81 86 35.14
81 87 58.17
81 88 0.583
81 89 62.79
81 90 81.38
81 91 19.69
81 92 94.43
81 93 54.83
81 94 0.875
81 95 32.06
81 96 43.21
81 97 50.12
81 98 27.01
81 99 86.55
82 83 46.91
82 84 23.96
82 85 35.19
82 86 32.53
82 87 18.26
82 88 58.95
82 89 19.34
82 90 7.293
82 91 7.179
82 92 76.24
82 93 43.84
82 94 73.05
82 95 35.10
82 96 39.80
82 97 45.55
82 98 17.43
82 99 34.83
83 84 2.523
83 85 29.10
83 86 58.85
83 87 95.45
83 88 54.02
83 89 12.34
83 90 19.48
83 91 14.66
83 92 93.51
83 93 30.76
83 94 54.91
83 95 95.07
83 96 62.60
83 97 90.60
83 98 39.00
83 99 57.88
84 85 66.43
84 86 25.33
84 87 46.69
84 88 38.42
84 89 23.41
84 90 24.85
84 91 86.54
84 92 4.731
84 93 24.75
84 94 29.16
84 95 18.87
84 96 86.22
84 97 89.29
84 98 97.34
84 99 54.22
85 86 52.64
85 87 20.45
85 88 83.47
85 89 12.77
85 90 80.04
85 91 31.28
85 92 8.203
85 93 25.12
85 94 77.76
85 95 47.69
85 96 71.45
85 97 41.35
85 98 87.72
85 99 34.57
86 87 91.24
86 88 78.83
86 89 40.35
86 90 78.16
86 91 28.27
86 92 68.98
86 93 55.46
86 94 87.30
86 95 35.02
86 96 68.13
86 97 48.85
86 98 52.62
86 99 55.41
87 88 68.10
87 89 66.00
87 90 69.27
87 91 80.58
87 92 27.20
87 93 72.05
87 94 8.831
87 95 49.04
87 96 3.641
87 97 37.05
87 98 68.42
87 99 8.792
88 89 95.21
88 90 85.09
88 91 32.39
88 92 95.77
88 93 89.15
88 94 13.60
88 95 87.16
88 96 58.43
88 97 53.75
88 98 60.10
88 99 49.51
89 90 82.42
89 91 69.61
89 92 54.35
89 93 85.48
89 94 95.51
89 95 50.51
89 96 85.88
89 97 93.01
89 98 79.88
89 99 67.28
90 91 3.804
90 92 25.26
90 93 94.52
90 94 23.72
90 95 24.69
90 96 60.71
90 97 95.53
90 98 91.52
90 99 26.00
91 92 57.66
91 93 48.02
91 94 82.65
91 95 58.33
91 96 78.04
91 97 81.97
91 98 3.006
91 99 24.53
92 93 2.862
92 94 66.56
92 95 31.17
92 96 34.53
92 97 75.12
92 98 71.97
92 99 3.204
93 94 84.49
93 95 74.38
93 96 60.56
93 97 31.12
93 98 73.02
93 99 33.06
94 95 45.32
94 96 56.56
94 97 58.67
94 98 92.71
94 99 29.96
95 96 6.320
95 97 37.34
95 98 55.15
95 99 68.88
96 97 64.29
96 98 62.40
96 99 50.46
97 98 84.51
97 99 56.80
98 99 7.158