100
0 3 11.84
2 3 55.79
0 1 14.12
1 2 44.73
1 4 70.73
2 4 51.26
5 6 80.61
7 8 10.65
5 8 55.39
6 7 42.86
5 9 41.16
6 9 72.89
10 12 16.62
11 12 51.04
10 13 1.35
11 14 85.0
12 14 83.92
10 14 11.15
12 13 53.42
15 17 80.48
17 18 56.28
18 19 45.28
16 17 10.56
15 16 65.9
16 18 4.62
15 18 87.48
17 19 79.22
20 22 41.09
22 23 52.59
21 22 13.09
22 24 52.04
20 23 42.2
20 24 82.93
23 24 44.96
21 24 16.12
26 29 2.23
28 29 87.99
25 28 17.68
27 28 15.11
25 29 9.9
26 27 16.67
32 34 48.34
31 32 51.95
32 33 58.56
30 31 85.85
30 34 40.91
31 34 43.14
30 32 56.17
30 33 84.95
35 37 46.98
35 36 65.28
35 39 42.45
36 37 66.65
36 39 70.51
38 39 11.0
36 38 41.44
42 43 67.89
43 44 44.84
40 44 10.76
41 43 54.52
40 41 4.89
41 42 78.25
45 49 4.32
46 47 52.6
45 46 11.51
47 48 8.22
46 49 71.23
45 48 10.92
50 52 88.1
51 52 71.91
51 53 70.07
50 54 81.02
52 54 74.16
51 54 75.96
50 51 87.42
52 53 41.46
56 59 3.52
55 58 15.4
58 59 4.33
55 57 19.93
56 57 18.73
61 62 54.77
60 63 15.99
61 64 85.64
61 63 58.38
63 64 44.66
62 64 72.62
60 61 13.74
65 68 46.78
66 69 1.82
68 69 62.01
67 69 8.11
67 68 7.09
65 66 58.74
72 73 71.99
70 74 41.55
70 71 54.1
72 74 56.63
70 72 68.56
71 72 40.71
71 73 82.13
77 79 12.75
76 78 78.75
75 78 55.82
75 76 81.22
76 79 59.53
76 77 71.47
81 83 57.8
83 84 52.52
80 83 9.53
81 82 72.65
82 84 69.75
82 83 44.64
80 81 1.01
87 88 11.84
85 89 14.96
85 86 10.43
86 88 81.85
86 87 67.09
85 88 15.44
88 89 82.5
91 93 70.38
93 94 55.08
92 94 11.65
90 91 50.15
92 93 3.72
91 94 43.27
90 94 55.07
97 99 50.65
96 99 56.22
96 97 50.72
95 97 81.21
98 99 12.99
95 96 45.0
95 99 64.6
95 98 86.32
1 60 68.35
4 48 9.89
6 34 68.43
9 89 10.68
14 54 47.53
11 63 58.2
19 48 62.11
19 90 85.64
21 82 4.79
23 73 54.0
28 89 58.11
26 75 14.41
33 49 45.73
33 81 49.6
35 68 80.92
37 43 2.29
44 74 66.79
42 75 51.13
46 13 72.83
47 70 15.74
50 39 42.98
53 11 65.6
55 5 8.01
57 64 13.25
62 42 51.14
62 74 49.11
66 91 3.37
65 13 67.38
71 53 74.12
73 15 48.49
78 65 74.65
78 97 85.6
84 41 49.8
84 44 52.43
86 77 45.43
87 20 17.73
90 56 43.21
93 2 56.53
98 31 19.59
96 8 87.04