100
0 1 10
1 2 10
2 3 15
1 3 20
0 3 5
3 4 6
2 4 10
3 5 21
4 6 10
3 7 11
6 8 9
6 7 8
6 9 9
6 10 10
3 10 12
4 9 1
10 11 12
11 12 13
12 13 14
10 13 21
13 14 5
14 15 7
14 17 2
12 16 3
5 16 9
16 17 20
16 18 2
17 18 3
18 19 6
19 20 5
3 21 7
6 22 12
16 23 45
19 24 23
6 24 5
23 25 4
23 26 14
24 27 3
27 28 14
15 29 21
26 30 20
3 31 12
15 32 4
25 33 12
13 34 21
8 35 22
17 36 33
5 37 25
8 38 41
3 39 28
33 40 21
33 41 2
41 42 51
20 43 1
37 44 24
26 45 11
21 46 33
16 47 2
43 48 21
40 44 8
25 45 24
23 46 12
17 47 14
23 48 3
46 49 1
45 50 2
38 51 2
43 52 3
44 54 2
47 53 12
39 54 8
36 55 9
52 56 7
44 57 6
33 58 1
43 59 6
46 60 4
35 61 3
28 62 8
60 63 5
44 64 25
48 65 23
33 66 25
63 67 22
64 68 5
56 69 42
68 70 32
55 71 45
65 72 4
53 73 12
56 74 11
57 75 4
65 76 9
66 78 4
14 77 2
33 78 6
72 79 3
66 80 4
44 81 5
39 82 5
64 83 5
66 84 7
24 85 2
84 85 6
72 76 3
77 84 6
77 86 2
46 65 23
48 37 1
36 87 36
15 88 4
67 89 25
33 90 4
65 91 7
84 92 6
46 93 4
78 94 36
55 95 3
44 96 3
78 97 3
65 98 1
33 99 4
16 61 4
63 1 5
64 25 3