100
0 1 86.163
0 2 31.698
0 3 69.006
0 23 61.816
0 40 62.018
0 97 63.237
0 64 18.136
0 68 51.73
0 37 50.497
0 63 58.189
0 6 35.586
0 85 25.868
0 5 55.94
0 61 16.152
0 58 87.233
0 11 58.89
0 10 45.479
0 92 95.319
0 28 89.122
0 21 41.12
0 53 90.068
0 54 82.463
0 77 92.513
0 91 39.069
0 75 89.164
0 90 6.478
0 35 85.707
0 51 90.186
0 39 86.775
0 88 35.757
0 33 96.309
0 56 85.163
0 62 49.453
0 69 26.601
0 32 5.153
0 46 18.655
0 13 16.731
0 9 18.319
0 76 22.678
0 73 29.536
0 52 5.988
0 71 78.357
0 30 46.829
0 27 92.23
0 93 15.713
0 8 94.144
0 14 88.59
0 96 81.007
0 19 72.336
0 98 70.535
0 41 0.07
0 70 64.763
0 65 4.05
0 7 26.85
0 0 0.001
1 77 3.442
1 25 57.87
1 73 45.004
1 10 21.399
1 57 53.467
1 28 7.762
1 82 85.284
1 54 81.052
1 33 84.082
1 84 0.372
1 83 9.437
1 4 34.118
1 55 60.537
1 85 13.964
1 35 58.813
1 76 96.888
1 15 88.421
1 50 79.561
1 70 62.164
1 68 55.755
1 78 94.69
1 22 70.988
1 61 39.43
1 74 22.54
1 96 32.927
1 94 82.37
1 86 65.536
1 64 48.736
1 60 15.173
1 93 65.92
1 81 9.582
1 8 31.211
1 21 1.628
1 23 78.017
1 40 61.39
1 69 98.021
1 45 9.072
1 89 76.545
1 37 0.877
1 19 91.531
1 34 84.806
1 14 90.87
1 39 55.762
1 17 6.357
1 6 63.86
1 30 23.896
1 49 61.835
1 56 13.248
1 29 13.694
1 67 22.367
1 66 73.357
1 99 86.334
1 48 72.051
1 27 56.43
1 12 38.191
1 16 49.266
1 43 26.482
1 24 88.824
1 36 2.216
1 1 0.001
2 4 49.157
2 6 97.621
2 67 62.168
2 76 91.863
2 83 25.573
2 87 61.751
2 40 64.268
2 92 19.927
2 46 24.699
2 8 26.472
2 28 96.292
2 11 25.454
2 52 37.473
2 10 87.875
2 60 87.662
2 53 2.736
2 43 9.901
2 88 28.991
2 23 50.291
2 32 26.922
2 31 16.064
2 48 78.91
2 84 65.296
2 64 3.208
2 56 95.206
2 86 64.82
2 30 85.929
2 27 89.865
2 35 73.808
2 26 15.435
2 72 54.923
2 29 87.508
2 63 41.921
2 22 61.417
2 33 36.562
2 12 46.57
2 14 32.221
2 34 3.429
2 21 90.238
2 62 58.782
2 44 89.285
2 80 21.185
2 25 35.497
2 49 13.155
2 77 50.483
2 17 48.414
2 13 35.745
2 68 60.395
2 61 17.192
2 15 77.329
2 9 6.36
2 42 80.154
2 2 0.001
3 7 36.734
3 8 95.338
3 14 57.617
3 20 20.421
3 56 37.719
3 52 43.315
3 32 37.577
3 38 9.877
3 49 29.224
3 54 50.228
3 57 20.427
3 47 12.44
3 67 78.418
3 6 58.598
3 77 8.486
3 66 5.433
3 97 23.586
3 24 16.821
3 75 20.416
3 40 43.269
3 79 73.481
3 68 43.222
3 76 90.812
3 29 85.121
3 78 46.545
3 45 80.369
3 85 68.67
3 27 84.791
3 48 86.694
3 65 15.058
3 88 43.856
3 93 31.107
3 84 89.086
3 92 8.584
3 31 34.55
3 37 97.255
3 16 28.305
3 60 31.955
3 81 65.502
3 33 93.132
3 59 92.618
3 34 19.784
3 11 61.19
3 44 97.83
3 80 94.175
3 42 75.909
3 62 38.351
3 94 84.02
3 55 63.04
3 9 18.355
3 71 28.203
3 87 32.648
3 72 45.774
3 25 88.588
3 58 64.973
3 91 75.355
3 18 48.774
3 82 56.154
3 21 11.03
3 73 80.917
3 3 0.001
4 5 87.62
4 13 68.503
4 59 12.81
4 80 10.488
4 87 71.52
4 90 51.926
4 7 60.218
4 37 45.392
4 85 74.334
4 14 24.786
4 39 36.375
4 45 25.247
4 92 50.835
4 50 3.345
4 95 52.891
4 98 65.998
4 34 65.561
4 77 22.048
4 8 28.644
4 28 94.266
4 20 13.374
4 65 51.985
4 19 58.161
4 96 6.063
4 46 22.115
4 76 0.746
4 61 40.081
4 74 46.113
4 88 74.11
4 25 8.446
4 43 38.25
4 54 61.14
4 6 14.159
4 29 22.959
4 21 14.877
4 63 54.098
4 33 17.536
4 44 21.146
4 99 41.859
4 69 63.822
4 38 73.314
4 72 33.988
4 42 29.224
4 82 94.42
4 73 50.076
4 10 50.103
4 35 11.912
4 27 17.926
4 36 12.51
4 31 53.643
4 26 97.06
4 9 70.161
4 48 69.466
4 56 87.609
4 15 41.582
4 94 67.507
4 17 1.054
4 71 24.026
4 52 72.123
4 79 50.11
4 4 0.001
5 65 11.867
5 71 65.411
5 18 17.2
5 87 6.553
5 81 98.13
5 12 16.108
5 21 73.129
5 24 49.146
5 79 57.578
5 58 13.703
5 61 21.578
5 33 60.972
5 32 13.503
5 99 91.452
5 88 69.24
5 77 72.397
5 16 35.855
5 90 34.263
5 29 61.959
5 36 67.563
5 76 7.603
5 73 72.496
5 45 27.023
5 54 92.508
5 60 86.923
5 7 8.411
5 94 9.935
5 41 43.304
5 83 13.093
5 6 15.528
5 56 23.22
5 34 80.857
5 27 70.277
5 37 34.752
5 75 5.344
5 11 45.635
5 57 87.433
5 14 61.905
5 20 7.974
5 89 60.705
5 69 82.744
5 84 34.275
5 39 81.698
5 68 20.244
5 74 37.888
5 59 73.215
5 98 91.841
5 50 31.324
5 23 11.533
5 31 59.481
5 72 96.515
5 8 87.147
5 91 99.138
5 97 34.514
5 55 52.299
5 13 0.937
5 85 95.696
5 30 12.228
5 49 45.051
5 5 0.001
6 16 93.387
6 58 79.273
6 91 75.453
6 94 80.387
6 76 43.017
6 41 78.81
6 95 56.771
6 24 58.452
6 12 28.331
6 39 88.592
6 44 72.214
6 61 20.521
6 18 31.618
6 8 44.835
6 98 28.336
6 83 39.913
6 31 20.694
6 93 98.967
6 65 96.975
6 59 49.888
6 43 89.175
6 10 7.483
6 62 16.766
6 73 4.649
6 97 46.724
6 22 49.277
6 79 82.274
6 13 41.082
6 11 29.23
6 50 8.503
6 72 15.48
6 32 12.189
6 87 84.777
6 20 22.033
6 30 45.047
6 15 92.006
6 69 38.332
6 28 42.43
6 34 92.123
6 78 57.089
6 80 18.058
6 77 67.398
6 35 27.125
6 49 95.191
6 90 77.102
6 70 70.448
6 64 5.877
6 56 77.235
6 54 58.058
6 88 13.398
6 86 26.448
6 38 83.708
6 26 45.098
6 33 37.443
6 85 15.931
6 68 8.491
6 74 48.661
6 46 22.302
6 6 0.001
7 9 15.503
7 10 78.069
7 11 14.31
7 15 37.073
7 46 75.231
7 34 8.338
7 49 24.138
7 77 14.702
7 83 29.41
7 98 30.1
7 93 98.493
7 24 5.372
7 96 44.1
7 72 77.51
7 12 99.746
7 91 25.213
7 90 84.21
7 61 93.508
7 81 71.427
7 85 35.775
7 20 97.452
7 84 49.765
7 23 88.136
7 39 36.939
7 43 97.334
7 63 58.503
7 78 72.335
7 66 58.329
7 64 28.825
7 99 10.333
7 41 85.698
7 40 89.819
7 8 10.027
7 52 9.293
7 69 78.424
7 89 3.364
7 17 60.418
7 57 25.663
7 25 80.99
7 76 78.897
7 73 10.031
7 59 13.425
7 47 70.553
7 22 11.801
7 37 82.601
7 45 14.715
7 14 92.221
7 62 6.243
7 92 48.338
7 32 19.563
7 48 45.864
7 42 86.085
7 86 95.412
7 70 65.683
7 7 0.001
8 12 28.606
8 28 85.801
8 20 99.168
8 31 17.639
8 25 83.675
8 94 88.653
8 26 35.434
8 10 72.528
8 71 32.865
8 9 95.464
8 49 17.735
8 53 10.135
8 88 63.162
8 23 39.772
8 35 19.098
8 84 68.79
8 18 23.352
8 85 82.595
8 65 85.078
8 56 6.073
8 60 6.748
8 96 45.354
8 50 22.457
8 55 96.194
8 13 53.643
8 37 88.765
8 67 62.134
8 58 92.573
8 11 13.128
8 57 95.269
8 14 18.411
8 47 70.474
8 51 57.098
8 79 57.911
8 68 0.46
8 83 44.843
8 45 72.31
8 69 64.899
8 15 88.008
8 54 12.985
8 74 38.191
8 98 50.963
8 41 62.799
8 95 14.757
8 27 56.771
8 43 67.709
8 92 25.88
8 17 32.359
8 59 21.263
8 73 37.915
8 91 53.17
8 29 80.337
8 46 31.723
8 64 63.713
8 62 32.373
8 33 88.206
8 8 0.001
9 24 45.927
9 28 19.983
9 37 17.66
9 27 95.41
9 91 55.274
9 21 53.071
9 25 52.848
9 43 21.49
9 23 30.781
9 72 48.622
9 47 7.179
9 80 68.119
9 17 53.94
9 84 18.747
9 58 90.579
9 14 95.838
9 34 85.035
9 62 41.251
9 52 5.556
9 51 85.437
9 29 61.434
9 13 68.877
9 12 24.546
9 85 24.186
9 68 39.767
9 26 23.875
9 71 12.883
9 96 42.87
9 53 41.706
9 33 90.426
9 66 24.205
9 61 15.933
9 19 23.229
9 49 71.999
9 60 96.936
9 57 59.063
9 45 66.665
9 67 69.651
9 87 1.727
9 31 15.128
9 16 48.674
9 50 41.319
9 39 13.107
9 48 24.479
9 89 23.07
9 69 84.931
9 10 41.374
9 83 47.352
9 32 26.327
9 44 60.05
9 81 6.788
9 79 95.781
9 63 0.438
9 97 79.34
9 15 88.868
9 9 0.001
10 19 53.014
10 22 7.983
10 49 17.838
10 57 31.454
10 55 1.296
10 77 84.169
10 68 65.491
10 43 22.779
10 87 96.205
10 45 13.809
10 76 8.788
10 15 14.577
10 89 33.18
10 70 19.085
10 29 83.397
10 31 38.713
10 14 2.162
10 69 59.649
10 27 2.583
10 39 80.131
10 20 37.285
10 38 13.118
10 51 89.071
10 98 76.853
10 46 72.582
10 81 9.059
10 18 36.458
10 35 85.929
10 79 6.6
10 25 23.026
10 82 25.505
10 94 53.908
10 91 85.615
10 17 39.637
10 48 35.228
10 60 3.555
10 47 24.342
10 34 46.959
10 50 21.901
10 36 85.005
10 41 11.505
10 16 84.258
10 80 86.973
10 30 14.941
10 21 24.289
10 58 28.148
10 73 60.05
10 13 19.968
10 53 54.044
10 72 55.439
10 37 49.277
10 64 84.521
10 11 31.955
10 65 70.781
10 86 36.781
10 10 0.001
11 17 55.969
11 69 94.045
11 74 22.609
11 89 6.929
11 68 79.046
11 53 42.313
11 13 27.336
11 15 65.085
11 49 50.362
11 96 12.356
11 99 33.46
11 50 49.994
11 90 30.112
11 62 58.135
11 94 2.138
11 80 74.0
11 95 55.568
11 93 23.034
11 39 14.044
11 97 31.705
11 63 34.124
11 22 52.226
11 91 40.616
11 18 35.927
11 35 93.314
11 44 24.629
11 66 50.075
11 30 40.229
11 81 87.569
11 86 79.877
11 41 36.496
11 48 2.256
11 26 43.743
11 72 91.294
11 21 99.762
11 85 13.133
11 98 46.178
11 58 16.634
11 87 70.197
11 73 26.734
11 16 51.5
11 52 49.254
11 31 16.52
11 75 1.518
11 60 88.667
11 29 99.126
11 55 84.866
11 56 48.37
11 88 8.352
11 70 81.977
11 71 97.795
11 12 43.932
11 67 31.797
11 11 0.001
12 30 32.682
12 39 86.433
12 62 41.541
12 74 90.862
12 23 16.008
12 75 70.138
12 34 4.314
12 38 3.066
12 29 17.287
12 27 43.001
12 99 58.359
12 77 98.413
12 68 86.257
12 60 71.534
12 28 6.117
12 52 4.962
12 36 73.962
12 40 42.397
12 81 63.213
12 53 57.472
12 20 88.24
12 46 28.837
12 83 60.186
12 18 41.055
12 91 18.22
12 89 99.703
12 49 86.763
12 80 94.46
12 87 9.187
12 22 28.058
12 94 45.88
12 61 78.43
12 14 24.782
12 37 31.666
12 88 94.568
12 67 73.544
12 15 76.211
12 57 66.301
12 63 46.425
12 65 98.463
12 50 28.822
12 19 43.897
12 47 90.264
12 95 47.356
12 55 54.528
12 90 90.708
12 72 84.732
12 41 7.384
12 59 77.461
12 56 55.247
12 25 70.647
12 58 26.453
12 35 65.106
12 69 88.62
12 54 42.596
12 42 55.83
12 85 99.055
12 12 0.001
13 42 28.158
13 78 63.526
13 99 54.844
13 75 8.808
13 21 95.217
13 34 14.093
13 62 35.802
13 28 33.413
13 58 2.479
13 80 18.116
13 93 63.012
13 54 55.897
13 56 61.924
13 19 70.466
13 68 54.718
13 86 14.367
13 57 9.283
13 79 18.118
13 45 57.624
13 14 98.84
13 26 8.641
13 47 54.949
13 37 34.418
13 31 92.479
13 60 30.992
13 30 56.607
13 16 42.622
13 51 64.924
13 41 59.03
13 76 4.358
13 44 60.296
13 82 96.339
13 63 21.902
13 48 15.209
13 77 33.36
13 23 80.209
13 66 70.097
13 87 56.744
13 36 53.087
13 72 59.935
13 52 30.069
13 81 97.989
13 22 98.077
13 92 77.54
13 43 3.641
13 46 26.927
13 17 29.164
13 74 91.842
13 65 6.673
13 13 0.001
14 18 26.503
14 21 61.777
14 60 36.244
14 52 12.657
14 28 40.521
14 51 43.251
14 94 5.062
14 89 16.441
14 24 3.103
14 16 39.815
14 72 65.858
14 97 54.314
14 92 65.488
14 87 98.39
14 17 11.325
14 58 80.06
14 39 11.567
14 75 3.31
14 45 32.715
14 99 24.297
14 88 11.953
14 43 11.138
14 57 7.548
14 82 33.514
14 20 90.354
14 38 83.388
14 80 89.058
14 34 90.142
14 30 4.313
14 67 76.523
14 81 46.979
14 53 52.776
14 27 28.524
14 29 87.035
14 54 98.703
14 95 75.758
14 44 47.376
14 70 46.553
14 93 15.918
14 36 7.41
14 47 51.411
14 71 82.99
14 49 75.544
14 46 62.655
14 98 36.882
14 14 0.001
15 25 65.723
15 29 42.197
15 60 6.085
15 46 52.133
15 95 44.458
15 48 33.456
15 61 5.402
15 53 2.528
15 24 44.192
15 37 85.957
15 32 6.711
15 33 46.44
15 83 89.959
15 88 66.659
15 31 32.333
15 65 80.306
15 74 91.371
15 64 59.562
15 57 66.488
15 97 64.664
15 45 16.004
15 87 98.408
15 36 65.971
15 28 88.47
15 56 17.07
15 34 68.449
15 55 14.518
15 81 72.068
15 18 67.363
15 70 79.262
15 19 33.36
15 16 11.511
15 42 92.007
15 26 27.633
15 40 9.77
15 96 12.259
15 67 59.565
15 43 3.917
15 20 63.05
15 71 36.685
15 90 33.963
15 85 26.097
15 59 46.344
15 41 66.158
15 72 41.471
15 79 17.315
15 23 49.068
15 54 28.283
15 73 43.053
15 27 97.152
15 15 0.001
16 56 82.008
16 75 6.878
16 74 46.339
16 52 15.303
16 94 97.163
16 76 45.757
16 53 74.38
16 40 83.222
16 36 12.754
16 39 76.034
16 31 7.062
16 72 89.771
16 23 74.177
16 87 90.242
16 29 65.894
16 42 46.264
16 34 85.708
16 67 41.544
16 28 48.171
16 33 71.91
16 20 34.619
16 62 98.826
16 68 47.633
16 55 69.929
16 73 24.989
16 35 7.947
16 89 99.411
16 18 97.076
16 91 14.525
16 82 53.69
16 26 77.693
16 63 0.279
16 64 97.528
16 66 91.197
16 37 20.731
16 71 46.686
16 38 40.384
16 80 68.193
16 86 18.395
16 77 47.653
16 54 34.761
16 47 94.39
16 92 65.05
16 32 86.194
16 85 39.159
16 45 50.241
16 97 82.747
16 58 72.728
16 99 83.915
16 22 94.911
16 16 0.001
17 33 20.346
17 73 87.16
17 61 16.386
17 59 20.965
17 82 57.114
17 71 99.489
17 52 49.423
17 83 10.919
17 81 93.541
17 88 24.545
17 34 16.092
17 75 77.076
17 70 88.776
17 43 91.26
17 84 46.789
17 46 84.213
17 93 29.468
17 74 91.739
17 51 48.448
17 44 36.207
17 87 35.92
17 92 6.542
17 63 11.187
17 28 67.472
17 95 46.55
17 22 52.732
17 99 51.325
17 91 60.161
17 30 43.457
17 90 9.526
17 55 53.859
17 37 67.213
17 29 43.922
17 40 17.641
17 69 23.175
17 26 57.709
17 86 98.199
17 19 22.913
17 47 69.279
17 62 60.865
17 23 1.437
17 78 92.778
17 96 43.675
17 79 48.189
17 42 79.042
17 72 1.228
17 49 35.013
17 27 33.318
17 80 55.26
17 76 43.192
17 67 83.794
17 39 57.967
17 17 0.001
18 63 63.802
18 92 10.475
18 52 63.699
18 43 9.658
18 79 61.889
18 25 76.514
18 53 31.586
18 75 5.085
18 47 56.904
18 67 40.431
18 73 16.627
18 55 64.464
18 48 35.152
18 83 47.361
18 99 19.486
18 50 64.57
18 58 29.966
18 70 59.189
18 94 47.43
18 60 44.168
18 24 60.677
18 41 85.991
18 72 62.685
18 37 62.772
18 29 47.638
18 93 99.671
18 57 67.565
18 77 83.367
18 33 56.373
18 84 34.329
18 59 75.236
18 35 11.913
18 85 18.716
18 98 32.547
18 34 46.874
18 20 2.879
18 68 3.979
18 88 54.309
18 97 54.177
18 78 2.71
18 21 40.632
18 19 79.308
18 36 24.064
18 23 31.778
18 66 99.431
18 28 48.114
18 30 27.706
18 62 96.005
18 96 47.462
18 39 64.007
18 45 62.294
18 81 31.04
18 61 91.516
18 64 85.404
18 18 0.001
19 67 96.081
19 35 75.357
19 57 42.908
19 68 78.714
19 36 46.022
19 29 49.778
19 99 47.514
19 51 53.052
19 88 23.763
19 82 49.465
19 95 12.589
19 89 32.778
19 90 53.857
19 44 55.647
19 94 58.206
19 96 13.411
19 26 45.849
19 23 36.994
19 64 38.026
19 86 8.564
19 54 73.213
19 38 59.213
19 91 11.446
19 62 31.949
19 75 74.521
19 47 6.887
19 69 37.357
19 92 15.83
19 63 8.739
19 85 41.615
19 37 99.082
19 43 47.629
19 59 53.824
19 70 21.331
19 71 91.171
19 49 17.766
19 42 4.394
19 45 72.331
19 53 12.584
19 21 98.154
19 87 97.032
19 34 35.363
19 41 51.316
19 66 86.298
19 84 61.978
19 52 62.945
19 30 85.241
19 60 74.894
19 76 79.023
19 83 28.32
19 58 36.045
19 65 87.306
19 28 16.647
19 80 93.352
19 61 60.403
19 32 20.843
19 19 0.001
20 27 69.283
20 48 70.032
20 51 48.679
20 93 13.556
20 98 22.143
20 53 42.912
20 76 24.407
20 80 68.416
20 97 47.917
20 70 46.069
20 36 18.891
20 79 50.111
20 66 74.27
20 55 96.232
20 57 16.589
20 65 21.514
20 81 40.644
20 39 58.494
20 73 77.95
20 31 71.896
20 60 73.971
20 96 2.589
20 49 24.218
20 89 77.844
20 54 92.552
20 35 30.282
20 50 70.986
20 46 59.808
20 41 57.028
20 71 43.313
20 92 45.041
20 30 57.483
20 58 67.439
20 77 81.814
20 64 40.907
20 38 52.478
20 67 15.647
20 88 73.217
20 99 17.996
20 83 98.434
20 63 71.903
20 72 53.51
20 26 30.236
20 94 61.923
20 75 6.315
20 59 94.409
20 34 36.178
20 87 24.516
20 69 56.531
20 62 98.033
20 91 13.379
20 20 0.001
21 55 14.143
21 98 34.079
21 46 8.668
21 53 36.929
21 25 85.993
21 47 51.275
21 33 53.608
21 63 38.97
21 62 54.156
21 78 23.633
21 77 53.01
21 81 90.85
21 45 26.788
21 82 61.982
21 59 68.945
21 32 32.466
21 67 34.838
21 69 34.532
21 24 75.575
21 71 46.6
21 88 37.049
21 89 29.252
21 66 38.832
21 70 74.386
21 61 18.265
21 79 11.67
21 58 30.828
21 64 49.36
21 86 87.419
21 34 71.226
21 73 1.869
21 65 45.893
21 76 25.654
21 87 77.705
21 91 49.915
21 38 5.114
21 83 42.506
21 72 3.893
21 26 32.489
21 90 22.049
21 29 39.476
21 84 0.851
21 49 78.179
21 51 19.855
21 57 46.835
21 60 58.394
21 31 76.262
21 97 95.892
21 21 0.001
22 81 51.176
22 69 46.027
22 31 76.459
22 80 29.396
22 85 99.386
22 75 97.296
22 30 29.224
22 42 31.251
22 86 39.997
22 90 30.447
22 99 58.093
22 65 36.267
22 37 7.051
22 68 42.348
22 27 87.825
22 59 22.699
22 63 44.289
22 24 86.768
22 34 69.425
22 61 33.404
22 38 68.139
22 43 67.154
22 72 40.6
22 54 41.122
22 78 40.785
22 35 79.569
22 57 87.275
22 55 61.621
22 50 21.379
22 67 56.591
22 92 91.817
22 71 91.473
22 45 13.462
22 70 98.87
22 83 59.11
22 79 17.493
22 58 48.959
22 62 11.24
22 89 94.769
22 29 45.704
22 93 11.737
22 84 86.828
22 23 38.714
22 56 0.341
22 47 43.321
22 22 0.001
23 26 13.569
23 89 61.499
23 63 29.416
23 88 50.897
23 60 71.301
23 39 5.566
23 98 95.583
23 90 98.191
23 67 78.523
23 36 94.732
23 62 29.348
23 92 48.628
23 38 63.631
23 25 25.6
23 27 55.519
23 86 87.2
23 49 69.051
23 68 17.077
23 70 87.581
23 69 24.393
23 30 52.035
23 35 18.703
23 94 67.54
23 75 25.842
23 97 76.039
23 71 79.444
23 43 73.6
23 64 17.705
23 48 83.793
23 74 32.76
23 95 51.474
23 66 5.853
23 47 60.906
23 81 36.211
23 31 15.393
23 29 25.53
23 79 65.708
23 57 20.14
23 93 32.748
23 50 66.358
23 82 68.703
23 83 25.995
23 78 88.445
23 23 0.001
24 63 99.002
24 74 41.546
24 60 76.875
24 83 79.751
24 27 37.618
24 38 55.68
24 77 86.544
24 68 95.381
24 95 71.564
24 88 89.598
24 61 87.369
24 35 5.584
24 64 20.846
24 91 17.621
24 96 78.076
24 31 40.876
24 76 55.334
24 25 87.116
24 43 61.802
24 81 11.113
24 94 60.571
24 58 51.234
24 80 51.185
24 92 26.415
24 37 47.504
24 39 76.001
24 57 0.495
24 99 54.006
24 30 85.028
24 78 37.002
24 73 84.677
24 65 12.485
24 90 97.121
24 79 70.045
24 55 17.86
24 36 34.835
24 70 11.212
24 82 61.66
24 69 43.113
24 26 26.392
24 45 7.145
24 42 27.489
24 52 38.45
24 89 0.549
24 41 7.517
24 44 63.212
24 85 48.124
24 87 73.017
24 72 53.7
24 51 2.14
24 66 97.914
24 62 61.526
24 40 83.97
24 29 9.758
24 56 96.437
24 49 52.02
24 24 0.001
25 32 71.474
25 71 40.744
25 38 87.686
25 30 75.202
25 96 14.455
25 50 57.943
25 83 33.488
25 46 71.72
25 55 37.444
25 72 90.631
25 70 7.665
25 82 68.833
25 56 15.153
25 37 7.176
25 95 2.004
25 74 52.996
25 62 65.34
25 63 53.314
25 28 87.598
25 94 78.435
25 41 7.204
25 42 58.324
25 78 21.845
25 60 76.823
25 31 80.219
25 27 98.329
25 65 82.696
25 43 74.157
25 47 25.223
25 45 6.498
25 44 71.362
25 93 3.134
25 91 89.21
25 68 29.975
25 64 91.187
25 75 60.24
25 80 28.869
25 49 25.531
25 53 21.038
25 33 32.287
25 34 66.685
25 97 96.754
25 39 94.391
25 25 0.001
26 35 24.969
26 65 99.762
26 75 21.758
26 54 64.803
26 27 9.47
26 60 39.585
26 40 28.561
26 41 8.319
26 91 86.673
26 96 25.093
26 56 49.46
26 83 82.047
26 28 11.461
26 38 31.778
26 55 62.509
26 58 83.846
26 37 30.07
26 46 80.148
26 94 86.117
26 31 42.248
26 73 6.119
26 61 82.793
26 99 80.547
26 42 33.038
26 95 82.764
26 29 28.646
26 93 90.778
26 32 83.524
26 34 96.524
26 47 63.773
26 89 78.783
26 72 94.784
26 51 47.545
26 86 75.386
26 39 52.089
26 85 53.734
26 69 60.664
26 88 50.353
26 90 95.254
26 57 62.24
26 81 3.556
26 84 93.315
26 64 53.601
26 48 17.743
26 74 46.668
26 98 94.67
26 26 0.001
27 34 6.867
27 53 94.222
27 95 60.676
27 89 64.549
27 70 66.467
27 49 32.064
27 37 80.209
27 41 16.525
27 61 35.488
27 63 80.788
27 99 22.845
27 38 69.793
27 46 35.631
27 85 26.453
27 60 85.391
27 48 49.042
27 57 33.195
27 78 40.939
27 88 46.475
27 45 40.127
27 59 79.41
27 52 85.733
27 71 36.359
27 90 49.916
27 64 50.094
27 98 17.962
27 28 69.857
27 73 1.321
27 83 46.343
27 81 90.772
27 69 42.828
27 65 5.223
27 47 37.572
27 76 3.295
27 93 48.893
27 35 94.792
27 68 2.736
27 30 21.839
27 87 27.094
27 66 36.306
27 82 12.528
27 29 78.949
27 43 53.293
27 36 91.383
27 27 0.001
28 50 71.808
28 69 73.158
28 70 28.32
28 47 55.424
28 49 44.362
28 74 60.553
28 29 69.611
28 79 14.626
28 32 35.058
28 30 55.106
28 87 41.718
28 61 72.278
28 33 9.518
28 80 30.625
28 63 55.245
28 81 96.215
28 65 95.122
28 53 53.028
28 64 11.424
28 66 12.981
28 36 38.327
28 89 98.785
28 51 5.48
28 41 72.489
28 96 53.152
28 62 35.005
28 37 17.314
28 38 68.77
28 73 69.968
28 43 61.584
28 52 68.579
28 77 61.28
28 54 63.628
28 72 93.864
28 31 33.508
28 84 77.979
28 60 50.332
28 88 97.952
28 55 85.534
28 94 69.342
28 85 97.409
28 42 4.049
28 99 53.65
28 28 0.001
29 44 85.437
29 49 99.593
29 68 42.369
29 91 50.5
29 32 53.717
29 93 98.836
29 31 27.015
29 85 26.141
29 30 38.187
29 51 27.893
29 70 0.759
29 64 83.419
29 65 92.4
29 95 73.718
29 76 86.206
29 33 95.059
29 94 89.528
29 57 19.627
29 88 72.543
29 47 59.969
29 99 16.617
29 77 19.605
29 73 25.531
29 69 69.93
29 82 80.614
29 80 46.376
29 92 87.102
29 40 95.817
29 71 93.618
29 75 28.557
29 84 8.059
29 54 23.588
29 81 26.609
29 37 42.007
29 29 0.001
30 31 57.915
30 45 87.301
30 89 86.287
30 55 90.374
30 88 8.998
30 63 80.676
30 33 39.479
30 74 37.693
30 43 15.715
30 41 41.607
30 36 5.688
30 83 44.611
30 49 95.92
30 72 27.112
30 79 42.559
30 82 1.473
30 87 34.074
30 85 61.204
30 95 94.086
30 97 26.981
30 61 33.692
30 53 70.901
30 50 74.518
30 42 96.246
30 44 89.671
30 86 6.295
30 84 3.207
30 92 99.628
30 80 84.052
30 34 2.099
30 75 78.323
30 68 41.469
30 93 80.679
30 58 38.385
30 71 28.345
30 40 11.295
30 91 55.368
30 94 3.744
30 77 13.785
30 62 4.872
30 96 81.234
30 65 71.235
30 81 55.894
30 56 51.591
30 30 0.001
31 41 30.491
31 52 99.351
31 92 75.838
31 88 29.282
31 91 25.377
31 55 44.359
31 58 86.064
31 93 87.259
31 53 52.781
31 56 26.115
31 75 70.02
31 74 62.117
31 83 21.137
31 38 53.012
31 95 28.757
31 43 70.802
31 77 23.34
31 86 60.998
31 82 71.968
31 68 69.665
31 42 6.592
31 97 12.761
31 85 79.224
31 59 75.59
31 54 86.374
31 67 3.146
31 90 34.509
31 99 4.142
31 72 19.754
31 98 21.097
31 78 6.622
31 70 52.892
31 44 73.507
31 62 11.469
31 34 97.267
31 31 0.001
32 38 44.446
32 89 29.744
32 82 8.563
32 75 76.489
32 63 54.954
32 42 79.982
32 66 50.114
32 37 59.577
32 70 23.294
32 77 64.935
32 39 78.045
32 40 85.9
32 74 46.316
32 56 96.217
32 34 42.73
32 98 82.368
32 58 55.567
32 87 1.004
32 59 44.595
32 86 17.716
32 45 85.96
32 92 13.366
32 43 84.192
32 94 98.454
32 61 22.74
32 44 27.826
32 51 59.614
32 68 29.167
32 72 74.236
32 71 45.687
32 47 52.197
32 65 84.273
32 84 56.292
32 52 49.566
32 79 79.576
32 95 32.212
32 60 76.456
32 97 27.681
32 36 97.723
32 32 0.001
33 47 91.06
33 90 1.41
33 44 74.383
33 92 81.752
33 87 88.817
33 53 1.535
33 80 72.841
33 82 78.763
33 79 40.48
33 57 23.25
33 55 65.857
33 73 3.448
33 65 14.209
33 86 20.471
33 51 36.365
33 89 98.198
33 78 46.702
33 46 70.367
33 56 87.764
33 49 18.228
33 45 18.63
33 52 16.13
33 88 85.092
33 36 89.425
33 93 18.928
33 71 28.791
33 64 54.645
33 84 32.738
33 97 69.386
33 54 21.041
33 81 75.497
33 94 76.897
33 68 99.837
33 48 68.34
33 34 80.479
33 98 84.756
33 35 41.552
33 42 38.701
33 38 5.905
33 72 27.788
33 33 0.001
34 36 53.165
34 71 8.202
34 96 24.702
34 65 34.871
34 94 85.309
34 61 75.145
34 46 94.906
34 92 11.61
34 64 46.347
34 82 97.798
34 78 34.304
34 66 25.766
34 91 9.193
34 77 19.1
34 44 25.409
34 57 75.788
34 48 60.578
34 58 83.25
34 41 64.551
34 47 40.648
34 38 7.987
34 40 2.716
34 86 23.141
34 81 70.578
34 89 16.418
34 42 95.585
34 85 54.264
34 35 17.708
34 75 58.915
34 84 69.777
34 95 2.391
34 99 42.901
34 62 96.721
34 76 68.671
34 37 1.523
34 93 45.79
34 34 0.001
35 50 37.574
35 60 87.975
35 87 47.734
35 75 52.99
35 46 81.17
35 86 1.371
35 58 46.158
35 66 98.471
35 43 5.504
35 97 26.93
35 89 88.201
35 93 92.702
35 76 8.956
35 39 4.337
35 56 76.867
35 47 50.827
35 42 22.433
35 65 32.208
35 91 11.872
35 45 81.945
35 77 15.339
35 90 68.771
35 96 60.76
35 73 33.672
35 80 57.628
35 57 96.544
35 41 45.563
35 68 85.71
35 79 67.676
35 98 87.766
35 38 87.621
35 53 52.779
35 74 30.937
35 55 3.343
35 36 13.869
35 35 0.001
36 43 92.3
36 54 52.882
36 86 2.647
36 96 34.381
36 88 73.382
36 92 43.997
36 46 41.862
36 50 29.524
36 99 55.179
36 69 36.241
36 44 38.116
36 52 79.21
36 81 4.434
36 39 42.204
36 68 27.749
36 49 79.259
36 64 5.693
36 38 76.623
36 87 34.834
36 41 61.734
36 79 98.958
36 98 42.17
36 74 66.78
36 53 29.12
36 55 0.486
36 60 93.142
36 95 9.237
36 45 77.556
36 57 37.516
36 85 69.26
36 62 30.913
36 75 16.926
36 72 96.583
36 59 85.514
36 71 70.306
36 76 73.407
36 63 95.129
36 94 71.992
36 89 61.783
36 83 21.128
36 82 22.27
36 65 10.848
36 36 0.001
37 83 23.0
37 86 53.637
37 58 49.415
37 41 20.488
37 92 94.713
37 89 11.213
37 80 60.467
37 44 60.905
37 74 80.95
37 68 22.978
37 98 47.048
37 39 8.149
37 55 37.92
37 81 58.829
37 97 9.065
37 72 90.427
37 84 58.363
37 79 30.331
37 62 98.636
37 99 69.849
37 88 23.129
37 56 2.192
37 67 11.249
37 95 12.251
37 94 32.201
37 91 87.145
37 47 83.236
37 85 52.88
37 45 31.5
37 96 96.722
37 48 69.696
37 87 66.186
37 60 60.188
37 63 99.845
37 37 0.001
38 77 1.207
38 88 68.728
38 54 75.762
38 72 69.056
38 43 28.29
38 95 44.091
38 59 64.467
38 79 0.127
38 64 71.718
38 80 95.254
38 44 55.558
38 71 61.856
38 92 82.99
38 55 14.046
38 66 85.611
38 96 76.914
38 40 23.723
38 84 30.417
38 39 18.033
38 60 64.938
38 62 61.844
38 51 3.109
38 48 20.728
38 76 62.147
38 75 35.961
38 65 29.474
38 67 94.799
38 90 93.234
38 69 64.368
38 42 39.888
38 74 15.612
38 56 36.381
38 93 25.874
38 87 47.066
38 70 65.88
38 41 95.325
38 97 15.738
38 53 24.125
38 63 81.204
38 47 31.378
38 91 60.089
38 38 0.001
39 82 72.531
39 68 93.874
39 66 28.352
39 78 27.54
39 43 50.951
39 90 46.73
39 79 63.703
39 91 7.362
39 46 3.38
39 77 17.423
39 48 80.157
39 94 69.823
39 84 65.875
39 95 55.762
39 76 12.33
39 69 46.809
39 71 8.515
39 98 15.604
39 70 71.573
39 41 21.376
39 96 52.524
39 44 16.846
39 58 4.007
39 74 67.85
39 62 8.275
39 73 99.609
39 99 77.025
39 49 84.956
39 93 46.867
39 47 5.198
39 89 58.55
39 63 64.785
39 81 66.066
39 55 25.688
39 65 46.505
39 39 0.001
40 51 92.028
40 49 88.601
40 69 77.422
40 71 94.084
40 86 30.462
40 89 71.934
40 62 50.381
40 56 58.552
40 46 80.661
40 76 37.845
40 73 43.962
40 63 57.872
40 78 77.306
40 70 80.518
40 50 88.043
40 59 73.926
40 64 82.564
40 52 18.184
40 91 37.318
40 75 16.949
40 65 14.745
40 99 51.118
40 81 94.388
40 88 70.08
40 60 2.978
40 87 37.288
40 48 11.63
40 79 95.658
40 74 40.589
40 61 61.218
40 44 40.234
40 47 37.461
40 95 78.645
40 43 72.871
40 72 25.138
40 92 84.519
40 53 16.024
40 68 36.769
40 67 37.503
40 82 35.935
40 40 0.001
41 66 60.865
41 45 81.488
41 89 17.297
41 72 94.757
41 81 2.089
41 47 77.273
41 58 77.552
41 60 13.598
41 56 79.529
41 76 83.771
41 98 33.795
41 48 5.099
41 50 85.765
41 91 8.511
41 87 73.372
41 92 97.269
41 67 70.331
41 84 68.087
41 83 74.964
41 96 14.992
41 62 91.596
41 88 97.937
41 82 30.581
41 73 6.608
41 78 13.381
41 69 93.863
41 93 46.244
41 75 59.783
41 49 62.949
41 59 61.003
41 71 49.544
41 94 31.083
41 54 67.095
41 97 37.682
41 61 67.076
41 74 43.935
41 41 0.001
42 81 1.591
42 75 76.571
42 49 86.577
42 57 0.265
42 44 43.897
42 86 8.826
42 90 21.405
42 60 19.403
42 50 67.167
42 47 39.058
42 48 31.369
42 89 52.27
42 91 28.205
42 93 74.567
42 96 80.747
42 84 77.164
42 76 78.501
42 71 6.057
42 52 55.681
42 98 86.552
42 46 75.345
42 74 49.075
42 83 80.754
42 61 6.95
42 70 58.509
42 66 33.968
42 87 81.425
42 62 17.288
42 73 94.268
42 99 73.398
42 67 21.16
42 43 45.603
42 79 41.484
42 68 55.278
42 97 35.24
42 55 24.465
42 51 98.436
42 65 91.496
42 56 91.338
42 42 0.001
43 66 62.495
43 95 6.219
43 64 67.266
43 73 71.995
43 46 82.788
43 74 32.072
43 79 26.275
43 54 85.591
43 69 70.752
43 56 87.869
43 80 25.658
43 87 33.982
43 59 1.205
43 63 45.177
43 96 42.348
43 57 23.345
43 82 45.234
43 67 6.599
43 68 2.729
43 70 20.898
43 91 13.514
43 85 4.742
43 60 18.302
43 61 64.693
43 83 33.908
43 62 81.335
43 86 6.849
43 43 0.001
44 65 14.97
44 82 23.086
44 93 26.882
44 98 41.916
44 77 88.989
44 90 60.494
44 95 85.076
44 80 68.569
44 59 94.101
44 89 81.778
44 47 76.104
44 55 19.601
44 74 72.909
44 57 25.971
44 51 30.918
44 86 88.335
44 88 96.728
44 67 60.098
44 76 60.072
44 45 53.424
44 54 41.495
44 84 15.89
44 99 16.168
44 75 47.173
44 48 11.632
44 97 61.798
44 70 71.415
44 91 19.755
44 81 29.491
44 83 20.222
44 49 40.976
44 96 86.83
44 60 8.137
44 78 97.209
44 46 85.225
44 44 0.001
45 68 77.592
45 72 11.126
45 96 93.177
45 88 2.829
45 92 2.865
45 83 59.838
45 77 85.202
45 73 50.838
45 51 42.425
45 79 27.304
45 61 93.39
45 87 48.421
45 69 66.789
45 74 75.097
45 50 41.991
45 76 62.938
45 66 38.129
45 80 13.012
45 84 53.834
45 59 69.057
45 67 25.574
45 52 29.173
45 93 72.525
45 75 89.203
45 81 34.854
45 71 72.636
45 47 14.509
45 78 82.829
45 70 5.879
45 55 92.278
45 90 58.347
45 65 27.342
45 53 57.27
45 49 19.363
45 57 98.728
45 62 95.46
45 85 79.89
45 58 4.79
45 95 31.361
45 45 0.001
46 79 88.649
46 58 66.729
46 70 12.544
46 54 28.06
46 93 43.497
46 82 59.051
46 56 90.363
46 51 52.86
46 63 89.253
46 75 90.618
46 88 42.466
46 90 41.733
46 47 52.438
46 72 72.898
46 85 57.341
46 76 7.805
46 57 38.217
46 61 44.473
46 99 58.278
46 64 30.567
46 78 86.612
46 98 54.808
46 80 86.57
46 73 60.02
46 53 96.101
46 67 27.894
46 89 93.089
46 52 87.574
46 62 67.672
46 66 12.532
46 92 99.617
46 65 2.538
46 48 26.062
46 94 53.743
46 59 81.001
46 77 74.385
46 91 73.199
46 46 0.001
47 65 55.337
47 61 94.655
47 98 80.818
47 78 31.702
47 72 25.718
47 76 17.723
47 56 45.076
47 88 17.382
47 58 3.652
47 62 53.685
47 64 67.886
47 86 48.941
47 84 91.428
47 89 28.264
47 73 2.469
47 91 68.987
47 52 31.156
47 93 75.903
47 96 23.686
47 97 6.966
47 79 76.338
47 82 2.809
47 77 23.533
47 50 55.031
47 92 2.054
47 51 85.023
47 83 40.198
47 95 85.897
47 94 17.121
47 99 40.795
47 69 81.524
47 87 15.038
47 47 0.001
48 98 0.201
48 79 93.389
48 72 91.883
48 97 51.847
48 70 5.625
48 86 14.294
48 64 17.702
48 92 12.411
48 50 13.612
48 89 57.336
48 71 39.552
48 62 96.743
48 49 96.462
48 60 26.506
48 76 38.209
48 57 89.133
48 87 5.215
48 83 5.744
48 85 6.549
48 93 74.05
48 61 10.303
48 58 94.862
48 69 12.969
48 66 93.162
48 73 95.269
48 56 89.834
48 77 22.722
48 88 13.948
48 74 61.753
48 54 78.517
48 52 78.493
48 99 90.463
48 75 36.386
48 68 46.525
48 48 0.001
49 62 16.363
49 69 40.28
49 83 81.353
49 93 42.498
49 58 29.581
49 64 20.073
49 94 3.216
49 66 75.722
49 85 0.004
49 87 91.232
49 96 24.722
49 74 1.015
49 61 82.054
49 52 30.716
49 71 22.763
49 97 57.64
49 78 27.924
49 81 31.357
49 90 26.913
49 68 68.606
49 55 18.973
49 60 51.494
49 75 40.219
49 86 71.496
49 67 59.683
49 72 54.279
49 76 19.95
49 99 68.006
49 98 69.558
49 65 26.831
49 49 0.001
50 68 41.142
50 99 6.472
50 79 39.387
50 86 15.949
50 51 92.34
50 52 54.585
50 93 59.863
50 91 58.139
50 96 81.324
50 87 23.912
50 54 4.734
50 59 41.055
50 82 52.353
50 70 19.282
50 73 52.403
50 92 15.553
50 83 50.356
50 72 35.496
50 71 99.103
50 58 85.057
50 97 6.58
50 66 73.25
50 95 47.723
50 63 17.362
50 67 40.791
50 61 41.033
50 84 11.576
50 75 18.547
50 50 0.001
51 97 33.639
51 75 36.901
51 87 91.277
51 95 68.419
51 76 61.238
51 91 56.079
51 83 68.224
51 94 59.54
51 52 53.466
51 80 97.829
51 78 1.386
51 70 71.595
51 84 74.766
51 77 5.169
51 68 78.798
51 82 55.433
51 74 86.847
51 54 42.067
51 92 51.675
51 53 11.426
51 66 22.456
51 55 50.683
51 51 0.001
52 66 99.676
52 71 1.607
52 90 61.521
52 94 34.438
52 86 59.944
52 98 70.82
52 68 85.739
52 75 93.194
52 56 68.462
52 99 60.917
52 92 85.736
52 93 3.884
52 61 19.468
52 67 78.875
52 96 14.904
52 72 30.278
52 87 49.505
52 77 28.563
52 65 82.616
52 70 84.597
52 64 23.82
52 79 2.224
52 81 21.262
52 55 91.099
52 78 8.201
52 52 0.001
53 89 97.58
53 68 74.303
53 80 34.15
53 55 71.533
53 75 23.111
53 61 33.371
53 73 28.384
53 69 48.25
53 67 40.057
53 77 12.632
53 79 10.413
53 88 19.683
53 57 7.907
53 60 52.188
53 97 54.797
53 96 56.505
53 86 67.721
53 94 29.723
53 81 44.297
53 65 72.454
53 82 71.25
53 66 18.395
53 93 96.577
53 62 0.24
53 54 75.709
53 53 0.001
54 93 43.541
54 98 12.738
54 87 38.893
54 85 94.423
54 99 25.224
54 95 96.697
54 81 23.886
54 57 71.639
54 88 97.489
54 55 8.224
54 67 28.294
54 59 29.932
54 56 67.342
54 89 39.173
54 74 54.518
54 90 40.512
54 69 78.856
54 70 57.096
54 82 25.964
54 68 94.113
54 80 54.812
54 60 96.068
54 83 37.027
54 84 58.461
54 64 87.426
54 65 92.328
54 72 6.784
54 62 15.741
54 76 11.89
54 91 62.509
54 54 0.001
55 85 64.38
55 78 5.788
55 57 90.227
55 69 13.851
55 96 32.7
55 95 89.319
55 79 6.44
55 74 71.593
55 77 67.173
55 72 15.764
55 91 3.079
55 97 93.562
55 67 97.921
55 94 64.468
55 90 97.781
55 56 85.955
55 87 39.632
55 66 45.914
55 58 94.538
55 63 55.709
55 93 29.531
55 98 84.797
55 86 39.362
55 76 73.068
55 81 30.637
55 89 60.734
55 64 35.472
55 65 69.7
55 82 4.174
55 55 0.001
56 78 59.734
56 62 85.821
56 72 2.05
56 69 56.58
56 66 11.007
56 70 94.311
56 59 22.117
56 96 77.213
56 90 4.931
56 64 24.669
56 58 70.981
56 92 84.807
56 82 71.883
56 76 95.407
56 68 32.313
56 77 74.534
56 85 52.371
56 65 76.514
56 61 58.942
56 57 49.232
56 63 22.679
56 87 65.518
56 93 26.97
56 73 57.095
56 56 0.001
57 70 74.717
57 86 49.024
57 83 13.867
57 65 99.09
57 99 27.342
57 90 11.808
57 68 99.349
57 61 63.723
57 63 6.621
57 78 12.063
57 89 11.65
57 62 57.897
57 59 86.524
57 98 4.344
57 91 10.997
57 85 66.211
57 88 68.134
57 58 36.557
57 76 1.929
57 96 92.671
57 57 0.001
58 69 49.172
58 70 56.087
58 67 8.059
58 99 35.086
58 59 15.479
58 89 36.68
58 96 78.727
58 64 74.13
58 88 15.089
58 84 76.183
58 71 95.208
58 94 66.02
58 66 65.906
58 95 10.973
58 86 86.118
58 60 32.249
58 93 60.606
58 87 47.82
58 91 82.137
58 79 68.015
58 92 63.287
58 73 11.724
58 98 31.967
58 65 18.513
58 77 68.418
58 81 69.619
58 82 59.852
58 90 10.266
58 72 67.505
58 76 32.015
58 58 0.001
59 63 47.788
59 60 94.062
59 89 79.59
59 76 19.174
59 73 57.813
59 81 90.796
59 85 37.662
59 62 37.267
59 71 47.513
59 94 41.521
59 64 71.514
59 65 52.085
59 67 81.639
59 72 80.843
59 70 3.017
59 84 67.649
59 91 3.742
59 74 78.263
59 93 52.139
59 87 95.902
59 95 28.556
59 79 29.648
59 97 86.174
59 61 69.189
59 77 22.761
59 80 85.213
59 59 0.001
60 61 69.233
60 64 58.159
60 81 32.719
60 78 34.186
60 98 20.52
60 92 15.721
60 76 4.928
60 84 80.24
60 72 23.289
60 85 13.507
60 62 12.926
60 90 29.376
60 71 17.819
60 80 89.653
60 82 37.366
60 94 67.175
60 74 96.733
60 75 13.741
60 77 14.012
60 63 24.839
60 60 0.001
61 65 1.474
61 62 96.06
61 95 49.02
61 93 65.158
61 85 23.3
61 91 94.524
61 96 84.266
61 83 22.542
61 97 27.988
61 68 50.369
61 77 39.162
61 66 56.072
61 70 47.098
61 75 38.544
61 82 79.623
61 69 3.436
61 99 8.801
61 74 27.631
61 90 2.972
61 92 72.449
61 94 71.434
61 89 26.506
61 78 66.528
61 67 14.559
61 81 66.051
61 61 0.001
62 87 67.214
62 92 46.054
62 84 97.513
62 95 91.258
62 77 35.679
62 93 22.361
62 63 7.097
62 67 7.576
62 91 98.062
62 90 24.226
62 82 30.437
62 88 58.94
62 73 46.888
62 99 14.527
62 65 7.767
62 78 85.929
62 70 19.665
62 62 0.001
63 76 97.255
63 69 44.096
63 80 29.556
63 82 83.417
63 72 81.12
63 64 22.854
63 88 60.725
63 73 77.222
63 92 85.892
63 87 95.859
63 68 71.491
63 91 67.454
63 79 48.465
63 93 40.076
63 96 97.697
63 77 1.58
63 94 83.589
63 83 8.362
63 99 60.431
63 85 6.168
63 84 0.363
63 90 36.484
63 71 40.514
63 65 24.369
63 97 57.753
63 63 0.001
64 77 77.866
64 97 59.32
64 99 73.759
64 67 59.952
64 74 35.978
64 83 89.037
64 76 33.609
64 69 10.355
64 96 30.67
64 84 95.742
64 98 53.78
64 90 78.192
64 73 33.852
64 91 89.533
64 88 71.761
64 89 15.409
64 70 16.977
64 64 0.001
65 74 34.738
65 68 95.624
65 94 61.559
65 80 18.112
65 81 80.509
65 75 39.578
65 82 23.574
65 78 81.51
65 87 92.632
65 86 82.739
65 93 84.117
65 96 42.807
65 90 48.522
65 95 12.485
65 91 77.659
65 72 30.292
65 77 71.302
65 66 18.129
65 73 84.767
65 70 43.222
65 71 20.68
65 65 0.001
66 69 66.197
66 96 8.98
66 98 53.424
66 67 14.979
66 85 33.233
66 71 6.878
66 76 37.937
66 99 47.503
66 68 7.612
66 72 93.769
66 84 49.007
66 86 77.644
66 74 82.159
66 83 28.239
66 73 8.351
66 89 1.597
66 97 76.294
66 94 0.482
66 81 89.483
66 87 25.943
66 82 26.235
66 90 3.307
66 79 2.167
66 66 0.001
67 68 59.309
67 99 11.105
67 98 20.845
67 79 18.144
67 87 48.783
67 72 52.596
67 83 53.722
67 71 32.473
67 75 87.039
67 93 43.352
67 76 77.364
67 74 92.691
67 88 13.629
67 80 92.684
67 96 12.089
67 81 61.663
67 82 16.187
67 95 77.035
67 73 76.25
67 67 0.001
68 91 41.017
68 79 96.839
68 69 78.692
68 73 2.957
68 93 61.889
68 70 90.211
68 95 29.785
68 89 14.829
68 92 49.469
68 90 39.933
68 78 98.548
68 71 40.896
68 72 4.79
68 87 21.719
68 68 0.001
69 98 99.252
69 74 39.937
69 75 84.891
69 70 57.909
69 91 45.526
69 78 51.063
69 92 65.424
69 72 20.911
69 85 38.134
69 86 16.536
69 79 2.74
69 89 23.14
69 83 67.614
69 90 86.096
69 88 37.204
69 95 34.086
69 77 41.273
69 84 39.763
69 69 0.001
70 71 38.97
70 81 7.833
70 91 95.413
70 78 87.552
70 80 35.835
70 97 38.757
70 84 24.707
70 82 63.395
70 96 97.478
70 72 12.269
70 88 25.063
70 92 4.512
70 70 0.001
71 82 36.738
71 97 38.359
71 84 74.76
71 80 97.565
71 83 20.134
71 74 78.692
71 72 97.291
71 90 61.15
71 98 95.963
71 77 6.708
71 73 34.927
71 91 42.274
71 94 5.494
71 87 31.014
71 89 99.834
71 95 15.811
71 88 36.508
71 71 0.001
72 96 45.729
72 85 85.081
72 74 9.388
72 78 79.593
72 75 41.965
72 99 90.671
72 87 12.894
72 89 78.296
72 76 56.836
72 90 63.523
72 81 6.458
72 77 69.966
72 79 69.669
72 83 80.619
72 93 83.035
72 73 14.533
72 84 40.801
72 95 51.462
72 72 0.001
73 96 88.975
73 97 99.308
73 82 3.11
73 74 14.971
73 90 33.105
73 92 14.606
73 85 37.436
73 99 58.769
73 89 12.157
73 79 72.987
73 80 74.473
73 81 16.842
73 76 31.159
73 75 80.52
73 73 0.001
74 94 13.478
74 78 4.654
74 82 17.308
74 95 26.583
74 79 66.868
74 96 82.205
74 88 62.846
74 83 59.231
74 90 67.064
74 81 29.746
74 75 34.0
74 76 46.943
74 77 7.272
74 97 10.998
74 74 0.001
75 76 42.566
75 83 19.249
75 86 91.075
75 85 12.161
75 79 86.717
75 87 32.847
75 81 84.084
75 92 32.732
75 77 11.351
75 84 66.619
75 82 98.638
75 80 75.026
75 88 12.811
75 75 0.001
76 99 91.389
76 86 27.803
76 77 57.964
76 82 95.492
76 90 82.25
76 80 0.462
76 88 1.208
76 95 18.277
76 92 31.133
76 83 38.694
76 94 63.939
76 98 27.149
76 85 80.93
76 79 38.245
76 91 45.31
76 76 0.001
77 85 3.575
77 96 20.002
77 91 62.824
77 87 11.448
77 89 15.246
77 84 66.785
77 97 45.2
77 78 74.307
77 94 88.553
77 81 88.338
77 83 95.325
77 95 73.712
77 77 0.001
78 97 41.658
78 96 26.769
78 86 97.214
78 95 67.848
78 91 50.685
78 89 50.555
78 94 3.888
78 84 37.85
78 81 1.352
78 83 88.935
78 99 24.096
78 90 17.815
78 78 0.001
79 87 12.643
79 99 25.091
79 80 84.208
79 84 16.73
79 93 53.302
79 91 8.947
79 89 96.056
79 98 76.803
79 88 45.837
79 86 88.323
79 95 99.577
79 92 66.104
79 97 17.035
79 79 0.001
80 81 1.769
80 97 22.234
80 83 63.058
80 86 5.245
80 93 28.12
80 98 15.014
80 96 85.768
80 87 33.266
80 91 69.924
80 84 81.285
80 80 0.001
81 84 36.257
81 93 94.48
81 90 99.842
81 82 78.734
81 95 61.456
81 86 85.335
81 96 38.38
81 98 68.463
81 85 23.527
81 89 73.227
81 92 93.412
81 81 0.001
82 98 45.732
82 91 55.033
82 87 24.334
82 85 92.862
82 92 60.531
82 95 98.54
82 89 95.069
82 99 9.206
82 83 97.877
82 84 33.683
82 82 0.001
83 90 49.292
83 87 8.682
83 91 43.524
83 94 66.142
83 88 13.145
83 99 52.733
83 84 64.834
83 92 15.015
83 93 87.011
83 89 23.604
83 95 11.127
83 85 87.992
83 97 0.949
83 98 65.663
83 83 0.001
84 86 10.934
84 95 73.579
84 88 93.556
84 93 1.94
84 85 14.951
84 99 40.53
84 94 61.81
84 97 86.069
84 87 53.692
84 98 44.826
84 96 5.938
84 91 26.718
84 90 29.061
84 92 62.688
84 84 0.001
85 95 71.496
85 93 84.56
85 87 61.582
85 94 7.622
85 99 1.794
85 97 8.164
85 85 0.001
86 90 32.592
86 92 24.365
86 87 43.951
86 98 6.787
86 99 48.84
86 91 73.983
86 88 5.062
86 93 51.318
86 97 9.553
86 86 0.001
87 99 17.0
87 89 74.5
87 93 11.218
87 88 16.097
87 91 97.989
87 97 28.209
87 92 48.538
87 94 67.464
87 87 0.001
88 99 16.613
88 96 25.168
88 94 30.19
88 91 88.923
88 98 74.08
88 93 99.278
88 88 0.001
89 91 71.908
89 95 46.945
89 96 45.889
89 93 88.895
89 92 32.706
89 97 36.62
89 99 55.776
89 89 0.001
90 93 54.129
90 92 70.352
90 99 20.453
90 98 19.942
90 97 16.839
90 90 0.001
91 94 46.835
91 97 12.828
91 98 81.076
91 99 12.424
91 92 21.015
91 91 0.001
92 99 45.782
92 98 32.5
92 93 18.092
92 97 65.573
92 96 71.612
92 92 0.001
93 99 96.0
93 97 53.905
93 95 18.517
93 93 0.001
94 99 28.921
94 97 95.9
94 98 96.295
94 94 0.001
95 98 17.488
95 96 27.985
95 95 0.001
96 99 32.146
96 96 0.001
97 99 62.897
97 98 35.508
97 97 0.001
98 99 32.945
98 98 0.001
99 99 0.001