100
0 1 62
1 2 5
2 3 76
3 4 60
4 5 42
5 6 82
6 7 91
7 8 51
8 9 38
9 10 95
10 11 88
11 12 77
12 13 46
13 14 25
14 15 42
15 16 4
16 17 48
17 18 15
18 19 34
19 20 91
20 21 66
21 22 61
22 23 68
23 24 88
24 25 87
25 26 33
26 27 96
27 28 3
28 29 73
29 30 78
30 31 46
31 32 27
32 33 23
33 34 84
34 35 79
35 36 95
36 37 86
37 38 42
38 39 4
39 40 22
40 41 24
41 42 50
42 43 16
43 44 40
44 45 64
45 46 80
46 47 55
47 48 47
48 49 17
49 50 56
50 51 48
51 52 73
52 53 90
53 54 59
54 55 26
55 56 35
56 57 9
57 58 79
58 59 47
59 60 56
60 61 74
61 62 3
62 63 41
63 64 48
64 65 59
65 66 26
66 67 28
67 68 5
68 69 86
69 70 90
70 71 89
71 72 68
72 73 24
73 74 25
74 75 4
75 76 11
76 77 32
77 78 61
78 79 67
79 80 27
80 81 52
81 82 69
82 83 87
83 84 19
84 85 17
85 86 56
86 87 56
87 88 33
88 89 67
89 90 82
90 91 21
91 92 18
92 93 43
93 94 22
94 95 14
95 96 5
96 97 13
97 98 90
98 99 89
54 74 46
62 8 61
29 72 4
20 70 10
33 45 33
17 26 54
42 38 85
4 68 41
9 64 77
46 72 97
4 4 74
84 49 22
89 24 47
2 89 69
23 99 69
25 74 82
30 6 15
9 27 84
47 60 62
82 24 30
6 45 83
16 57 35
79 7 38
92 22 85
52 77 10
94 46 6
16 68 16
59 97 26
64 46 25
24 87 1
8 31 49
42 97 44
95 32 90
63 13 2
74 94 80
11 83 66
43 75 71
97 85 43
53 67 18
57 79 8
73 80 58
18 42 72
37 1 67
35 93 21
31 81 83
43 84 6
9 43 92
26 52 50
24 27 97
62 9 70
43 26 86
81 58 42
56 70 70
43 10 88
88 70 96
1 25 14
70 39 20
46 81 92
82 58 97
80 75 11
19 2 47
84 93 50
28 52 42
25 33 12
46 54 77
46 38 60
94 14 91
91 76 95
40 52 67
67 58 3
80 93 12
69 96 20
92 84 98
8 28 19
40 24 62
96 68 82
91 88 89
7 76 52
74 90 90
60 49 47
69 73 3
69 10 60
38 98 44
45 85 67
51 14 46
87 65 11
79 38 10
34 37 54
45 83 88
72 36 64
66 32 76
56 22 70
58 43 83
71 94 72
43 90 59
71 28 55
66 40 58
0 17 91
25 84 56
