100
0 10 58.767
0 22 57.975
0 25 7.404
0 26 7.2
0 27 14.116
1 11 62.147
1 17 65.116
1 28 12.073
1 29 14.467
1 30 0.129
2 22 56.236
2 31 7.774
2 32 19.519
2 33 16.13
3 16 59.811
3 17 64.784
3 20 59.493
3 9 56.8
3 13 55.874
3 34 11.475
3 35 12.668
3 36 16.197
4 13 58.038
4 37 15.974
4 38 2.271
4 39 12.767
5 24 56.495
5 40 3.97
5 41 3.696
5 42 6.763
6 20 59.608
6 43 16.368
6 44 13.74
6 45 16.532
7 18 58.784
7 46 18.426
7 47 21.623
7 48 0.526
8 15 63.522
8 49 0.306
8 50 9.564
8 51 9.767
9 22 53.297
9 52 16.175
9 53 14.755
9 54 8.673
10 21 58.066
10 55 4.676
10 56 10.875
10 57 14.43
11 19 57.297
11 58 9.009
11 59 6.405
11 60 14.484
12 15 54.858
12 20 59.523
12 61 13.295
12 62 9.188
12 63 5.392
13 24 60.738
13 64 11.771
13 65 9.861
13 66 16.52
14 23 60.024
14 21 55.476
14 67 13.382
14 68 15.124
14 69 10.037
15 70 13.443
15 71 11.883
15 72 10.329
16 18 61.559
16 73 8.563
16 74 8.78
16 75 18.314
17 76 15.107
17 77 4.21
17 78 11.03
18 79 7.414
18 80 4.943
18 81 17.512
19 82 11.976
19 83 9.816
19 84 1.939
20 85 12.745
20 86 13.092
20 87 10.609
21 88 13.666
21 89 1.69
21 90 5.849
22 91 6.5
22 92 9.68
22 93 10.756
23 94 4.024
23 95 9.645
23 96 13.314
24 97 7.67
24 98 20.022
24 99 10.175
25 73 14.812
25 79 25.998
25 52 19.721
26 73 14.979
27 97 17.521
28 56 13.111
28 46 24.026
29 95 21.354
29 47 26.252
30 58 14.896
30 73 27.321
31 77 21.334
31 70 23.848
31 89 15.068
32 85 16.077
33 36 22.548
33 49 30.511
33 65 14.262
34 41 20.518
34 68 21.06
35 75 22.128
36 59 26.271
37 48 21.843
38 64 22.22
38 43 24.565
39 85 3.538
39 46 19.815
40 50 11.828
41 51 17.118
41 50 16.097
42 48 19.106
42 99 11.43
43 85 27.511
44 65 18.265
45 83 15.099
45 89 23.495
46 62 23.892
47 91 15.141
47 80 21.47
48 57 15.502
49 62 28.337
50 89 27.354
52 93 18.178
52 90 16.076
53 69 21.783
54 78 21.454
54 92 23.856
55 94 16.227
55 92 19.822
57 65 15.621
60 63 20.044
61 89 25.549
62 96 15.496
62 92 12.808
63 92 20.298
66 74 12.653
66 82 18.652
67 96 23.236
68 82 15.343
68 91 23.037
69 87 20.876
69 94 17.023
70 72 16.731
71 80 20.435
72 97 25.018
75 95 16.237
76 81 24.177
76 86 24.344
80 98 15.446
84 88 18.524
84 96 10.372
86 96 9.88
87 98 19.8
90 99 21.617