100
0 80 94
0 82 8
0 89 41
0 92 58
1 11 60
1 29 70
1 33 34
1 70 9
1 78 89
2 29 33
2 37 31
3 33 2
3 52 74
3 61 31
3 63 64
3 92 21
4 21 9
4 71 60
5 7 76
5 53 74
5 59 53
5 79 38
5 95 88
6 8 77
6 29 9
6 61 45
6 63 7
6 66 99
7 59 98
7 64 51
7 99 54
8 21 54
8 29 61
8 35 20
8 61 4
8 63 79
8 71 54
8 83 60
9 16 35
9 53 38
9 62 19
9 69 26
10 13 61
10 58 58
10 81 31
11 23 97
11 24 54
11 41 68
11 60 92
11 61 9
11 80 54
12 22 81
12 25 49
12 28 92
12 61 12
12 99 10
13 43 37
13 68 66
14 25 58
14 62 32
14 74 76
15 29 25
15 48 59
15 83 79
15 98 89
16 18 82
16 25 12
16 31 93
16 37 17
16 48 88
16 52 79
16 63 17
16 67 30
16 74 53
17 28 5
17 40 14
17 42 84
17 50 99
17 56 44
17 78 60
17 98 48
18 25 72
18 57 54
19 34 13
19 47 88
20 35 52
20 36 7
20 40 50
20 66 26
21 39 54
21 99 11
22 28 95
22 33 77
22 41 74
22 45 75
22 46 98
22 50 35
22 55 72
22 90 3
23 24 45
24 35 8
24 67 94
24 78 93
25 48 25
25 52 70
25 74 90
25 99 3
26 55 61
26 97 5
27 85 39
27 89 27
27 96 20
28 33 62
28 35 46
28 42 63
29 31 45
29 37 60
29 39 2
29 48 53
29 63 30
29 66 7
29 78 66
30 32 88
30 47 3
31 48 15
31 73 37
32 47 28
32 89 73
32 97 31
33 42 44
33 70 25
34 54 36
35 41 22
35 70 67
35 82 57
36 63 67
36 68 29
37 48 70
37 49 57
37 51 14
37 52 59
37 58 41
38 53 27
38 77 12
38 88 34
38 93 29
39 96 25
40 41 99
40 60 73
40 70 2
40 73 77
40 98 7
41 42 7
41 51 45
41 70 22
42 84 52
42 99 45
43 58 88
43 63 74
43 66 22
44 72 43
44 75 80
44 79 50
45 76 67
45 79 92
45 84 26
45 99 66
46 54 21
46 95 83
47 93 35
48 98 4
50 51 67
50 65 99
50 84 84
50 85 11
51 99 33
52 68 67
52 74 28
53 81 90
54 65 82
54 85 35
54 89 19
54 90 21
55 94 51
55 97 72
56 82 41
57 80 39
57 91 44
57 94 20
58 62 16
58 65 58
58 77 89
58 95 79
59 89 79
60 91 48
62 76 79
64 69 32
64 75 34
64 88 43
66 67 85
66 74 1
67 70 54
68 74 45
68 79 60
69 81 92
70 98 15
71 78 10
72 77 45
72 93 28
72 95 97
75 87 41
77 95 31
79 87 57
81 95 3
82 96 39
84 88 5
85 91 12
85 94 39
86 92 69
89 96 67
93 95 63
