100
1 2 45
1 3 87
2 3 28
2 4 73
2 5 57
3 5 66
3 6 28
4 5 14
5 6 76
4 7 50
4 8 67
5 8 54
5 9 88
6 9 15
6 10 34
7 8 30
8 9 42
9 10 49
7 11 50
7 12 26
8 12 48
8 13 68
9 13 62
9 14 23
10 14 29
10 15 46
11 12 67
12 13 56
13 14 24
14 15 46
11 16 90
11 17 35
12 17 56
12 18 43
13 18 38
13 19 66
14 19 46
14 20 17
15 20 48
15 21 45
16 17 57
17 18 50
18 19 44
19 20 35
20 21 15
16 22 43
16 23 33
17 23 45
17 24 67
18 24 65
18 25 48
19 25 59
19 26 45
20 26 34
20 27 32
21 27 16
21 28 29
22 23 68
23 24 57
24 25 50
25 26 58
26 27 46
27 28 44
22 29 37
22 30 59
23 30 77
23 31 83
24 31 48
24 32 78
25 32 48
25 33 29
26 33 20
26 34 40
27 34 56
27 35 57
28 35 50
28 36 63
29 30 38
30 31 46
31 32 58
32 33 52
33 34 32
34 35 19
35 36 38
29 37 48
29 38 39
30 38 48
30 39 12
31 39 38
31 40 58
32 40 47
32 41 26
33 41 47
33 42 48
34 42 48
34 43 56
35 43 69
35 44 55
36 44 40
36 45 87
37 38 76
38 39 54
39 40 34
40 41 43
41 42 18
42 43 56
43 44 53
44 45 45
37 46 58
37 47 75
38 47 45
38 48 57
39 48 46
39 49 32
40 49 20
40 50 45
41 50 56
41 51 47
42 51 68
42 52 45
43 52 37
43 53 48
44 53 48
44 54 19
45 54 48
45 55 38
46 47 47
47 48 76
48 49 65
49 50 54
50 51 45
51 52 36
52 53 59
53 54 67
54 55 56
46 56 54
47 56 43
47 57 36
48 57 46
48 58 65
49 58 52
49 59 37
50 59 47
50 60 47
51 60 69
51 61 45
52 61 48
52 62 26
53 62 59
53 63 57
54 63 43
54 64 32
55 64 56
56 57 67
57 58 75
58 59 46
59 60 78
60 61 54
61 62 54
62 63 57
63 64 67
56 65 67
57 65 45
57 66 57
58 66 25
58 67 56
59 67 29
59 68 30
60 68 37
60 69 57
61 69 60
61 70 47
62 70 58
62 71 58
63 71 56
63 72 60
64 72 18
65 66 59
66 67 60
67 68 46
68 69 37
69 70 32
70 71 72
71 72 49
65 73 58
66 73 57
66 74 17
67 74 48
67 75 40
68 75 28
68 76 37
69 76 45
69 77 12
70 77 34
70 78 35
71 78 26
71 79 47
72 79 48
73 74 12
74 75 24
75 76 28
76 77 23
77 78 26
78 79 26
73 80 29
74 80 54
74 81 46
75 81 47
75 82 34
76 82 35
76 83 36
77 83 46
77 84 47
78 84 46
78 85 68
79 85 67
80 81 12
81 82 67
82 83 56
83 84 43
84 85 35
80 86 47
81 86 47
81 87 68
82 87 54
82 88 37
83 88 24
83 89 47
84 89 48
84 90 21
85 90 28
86 87 27
87 88 59
88 89 56
89 90 28
86 91 49
87 91 27
87 92 26
88 92 30
88 93 43
89 93 45
89 94 47
90 94 29
91 92 12
92 93 46
93 94 68
91 95 57
92 95 25
92 96 27
93 96 16
93 97 35
94 97 89
95 96 56
96 97 33
95 98 45
96 98 65
96 99 45
97 99 35
98 99 37
98 0 24
99 0 55
