100
0 1 50
1 2 50
2 3 50
3 4 50
4 5 50
5 6 50
6 7 50
7 8 50
8 9 50
9 10 50
10 11 50
11 12 50
12 13 50
13 14 50
14 15 50
15 16 50
16 17 50
17 18 50
18 19 50
19 20 50
20 21 50
21 22 50
22 23 50
23 24 50
24 25 50
25 26 50
26 27 50
27 28 50
28 29 50
29 30 50
30 31 50
31 32 50
32 33 50
33 34 50
34 35 50
35 36 50
36 37 50
37 38 50
38 39 50
39 40 50
40 41 50
41 42 50
42 43 50
43 44 50
44 45 50
45 46 50
46 47 50
47 48 50
48 49 50
49 50 50
50 51 50
51 52 50
52 53 50
53 54 50
54 55 50
55 56 50
56 33 99
56 34 99
56 35 99
56 36 99
56 37 99
56 38 99
56 39 99
56 40 99
56 41 99
56 42 99
56 43 99
56 44 99
56 45 99
56 46 99
56 47 99
56 48 99
56 49 99
56 50 99
56 51 99
56 52 99
56 53 99
56 54 99
56 57 50
57 58 50
57 59 99
57 60 99
57 61 99
57 62 99
57 63 99
57 64 99
57 65 99
57 66 99
57 67 99
57 68 99
57 69 99
57 70 99
57 71 99
57 72 99
57 73 99
57 74 99
57 75 99
57 76 99
57 77 99
57 78 99
57 79 99
57 80 99
57 81 99
57 82 99
57 83 99
57 84 99
57 85 99
57 86 99
57 87 99
57 88 99
58 4 99
58 5 99
58 6 99
58 7 99
58 8 99
58 9 99
58 10 99
58 11 99
58 12 99
58 13 99
58 14 99
58 15 99
58 16 99
58 17 99
58 18 99
58 19 99
58 20 99
58 21 99
58 22 99
58 23 99
58 24 99
58 25 99
58 26 99
58 27 99
58 59 50
59 60 50
60 61 50
61 62 50
62 63 50
63 64 50
64 65 50
65 66 50
66 67 50
67 68 50
68 69 50
69 70 50
70 71 50
71 72 50
72 73 50
73 74 50
74 75 50
75 76 50
76 77 50
77 78 50
78 79 50
79 80 50
80 81 50
81 82 50
82 83 50
83 84 50
84 85 50
85 86 50
86 87 50
87 88 50
88 89 70
89 90 20
90 91 20
91 92 20
92 93 20
93 94 20
94 95 20
95 96 20
96 97 20
97 98 20
98 99 20
99 89 20