100
0 1 62.0
0 2 37.75
0 3 97.0
0 4 54.75
0 5 59.0
0 6 8.25
0 7 1.75
0 8 5.75
0 9 8.25
0 10 75.5
0 11 98.25
0 12 35.0
0 13 94.5
0 14 76.75
0 15 22.75
0 16 48.0
0 17 0.5
0 18 77.25
0 19 85.0
0 20 63.75
0 21 36.5
0 22 94.0
0 23 99.0
0 24 26.5
0 25 90.25
0 26 65.25
0 27 27.25
0 28 52.25
0 29 3.75
0 30 10.0
0 31 5.75
0 32 90.0
0 33 47.25
0 34 51.0
0 35 51.0
0 36 14.25
0 37 46.75
0 38 24.25
0 39 75.0
0 40 44.0
0 41 43.5
0 42 29.25
0 43 78.75
0 44 8.5
0 45 40.75
0 46 5.25
0 47 84.0
0 48 0.75
0 49 44.5
0 50 18.25
0 51 54.5
0 52 49.25
0 53 47.25
0 54 13.5
0 55 72.5
0 56 89.0
0 57 88.75
0 58 2.25
0 59 95.75
0 60 17.5
0 61 85.5
0 62 42.75
0 63 33.25
0 64 89.75
0 65 96.5
0 66 48.0
0 67 38.25
0 68 8.75
0 69 80.25
0 70 78.0
0 71 34.25
0 72 34.75
0 73 12.25
0 74 90.0
0 75 17.75
0 76 89.5
0 77 86.75
0 78 96.75
0 79 20.25
0 80 81.0
0 81 31.0
0 82 77.75
0 83 62.0
0 84 73.0
0 85 37.5
0 86 62.5
0 87 41.0
0 88 19.25
0 89 31.75
0 90 22.0
0 91 24.25
0 92 76.25
0 93 36.5
0 94 5.5
0 95 74.25
0 96 95.25
0 97 6.75
0 98 79.75
0 99 85.0
1 2 81.0
1 3 45.75
1 4 6.5
1 5 4.5
1 6 39.0
1 7 34.5
1 8 68.0
1 9 64.5
1 10 30.0
1 11 78.0
1 12 15.5
1 13 19.0
1 14 85.75
1 15 48.5
1 16 74.25
1 17 56.25
1 18 43.25
1 19 36.25
1 20 37.5
1 21 4.75
1 22 51.5
1 23 63.5
1 24 92.0
1 25 27.75
1 26 6.5
1 27 82.0
1 28 62.25
1 29 79.75
1 30 32.25
1 31 90.0
1 32 19.75
1 33 77.5
1 34 50.5
1 35 61.0
1 36 53.5
1 37 87.75
1 38 34.0
1 39 90.5
1 40 53.0
1 41 8.75
1 42 52.75
1 43 36.25
1 44 44.75
1 45 0.5
1 46 82.75
1 47 18.5
1 48 4.75
1 49 94.25
1 50 30.5
1 51 62.25
1 52 80.75
1 53 9.5
1 54 21.0
1 55 2.0
1 56 51.25
1 57 41.0
1 58 66.25
1 59 62.75
1 60 85.75
1 61 36.0
1 62 50.75
1 63 57.75
1 64 6.5
1 65 45.75
1 66 19.25
1 67 50.5
1 68 10.25
1 69 25.0
1 70 66.0
1 71 12.25
1 72 71.5
1 73 12.75
1 74 72.25
1 75 69.0
1 76 0.25
1 77 57.0
1 78 11.0
1 79 73.5
1 80 59.5
1 81 91.75
1 82 47.25
1 83 52.0
1 84 8.0
1 85 54.5
1 86 35.0
1 87 86.5
1 88 71.5
1 89 66.75
1 90 75.0
1 91 23.0
1 92 36.25
1 93 83.0
1 94 91.0
1 95 67.0
1 96 56.75
1 97 66.5
1 98 74.0
1 99 9.0
2 3 90.5
2 4 55.0
2 5 28.25
2 6 29.25
2 7 84.0
2 8 26.0
2 9 56.0
2 10 33.25
2 11 46.25
2 12 75.75
2 13 44.75
2 14 4.5
2 15 7.25
2 16 82.25
2 17 47.75
2 18 3.25
2 19 87.75
2 20 8.25
2 21 89.5
2 22 29.25
2 23 48.5
2 24 15.0
2 25 84.25
2 26 24.0
2 27 82.75
2 28 98.75
2 29 81.5
2 30 16.25
2 31 86.75
2 32 98.0
2 33 50.0
2 34 20.75
2 35 50.0
2 36 73.75
2 37 58.5
2 38 16.25
2 39 72.25
2 40 12.5
2 41 86.0
2 42 51.75
2 43 18.5
2 44 19.25
2 45 60.75
2 46 5.75
2 47 59.5
2 48 36.25
2 49 63.75
2 50 38.25
2 51 66.5
2 52 63.75
2 53 40.0
2 54 54.25
2 55 0.25
2 56 8.25
2 57 89.25
2 58 72.0
2 59 90.75
2 60 29.0
2 61 8.0
2 62 74.0
2 63 41.25
2 64 95.75
2 65 27.5
2 66 37.25
2 67 66.75
2 68 4.25
2 69 86.0
2 70 64.0
2 71 91.0
2 72 94.25
2 73 27.25
2 74 42.75
2 75 68.25
2 76 81.25
2 77 68.25
2 78 66.0
2 79 17.5
2 80 10.25
2 81 94.25
2 82 19.75
2 83 88.0
2 84 57.0
2 85 81.75
2 86 95.5
2 87 46.5
2 88 57.0
2 89 21.75
2 90 37.0
2 91 36.75
2 92 58.75
2 93 58.75
2 94 19.0
2 95 98.5
2 96 34.0
2 97 20.5
2 98 62.0
2 99 37.75
3 4 15.5
3 5 85.0
3 6 38.25
3 7 92.75
3 8 39.5
3 9 42.0
3 10 54.5
3 11 32.5
3 12 89.75
3 13 67.25
3 14 67.25
3 15 77.25
3 16 16.25
3 17 94.0
3 18 34.75
3 19 40.25
3 20 88.0
3 21 22.0
3 22 28.0
3 23 49.5
3 24 12.0
3 25 79.5
3 26 50.0
3 27 46.0
3 28 99.5
3 29 63.5
3 30 66.25
3 31 9.0
3 32 11.25
3 33 59.75
3 34 21.75
3 35 62.25
3 36 38.0
3 37 74.0
3 38 67.25
3 39 3.25
3 40 34.25
3 41 49.25
3 42 66.0
3 43 68.75
3 44 24.75
3 45 66.25
3 46 65.0
3 47 89.25
3 48 36.75
3 49 30.75
3 50 87.5
3 51 58.75
3 52 1.25
3 53 73.5
3 54 45.0
3 55 56.0
3 56 4.75
3 57 54.75
3 58 95.0
3 59 98.5
3 60 7.0
3 61 72.25
3 62 37.0
3 63 71.75
3 64 86.75
3 65 33.75
3 66 44.75
3 67 90.25
3 68 15.5
3 69 54.0
3 70 54.0
3 71 38.0
3 72 2.25
3 73 42.5
3 74 10.0
3 75 72.5
3 76 18.0
3 77 53.5
3 78 98.75
3 79 51.25
3 80 29.0
3 81 72.5
3 82 81.5
3 83 44.25
3 84 13.5
3 85 65.75
3 86 41.25
3 87 97.0
3 88 46.75
3 89 88.5
3 90 68.5
3 91 95.5
3 92 4.25
3 93 19.25
3 94 35.5
3 95 95.5
3 96 98.0
3 97 38.75
3 98 50.75
3 99 42.5
4 5 86.0
4 6 81.75
4 7 19.25
4 8 16.25
4 9 21.75
4 10 86.25
4 11 46.25
4 12 33.5
4 13 26.25
4 14 36.75
4 15 81.5
4 16 8.0
4 17 76.0
4 18 11.75
4 19 98.0
4 20 85.75
4 21 91.5
4 22 93.5
4 23 52.75
4 24 63.5
4 25 59.25
4 26 63.5
4 27 63.25
4 28 52.0
4 29 16.0
4 30 10.5
4 31 59.5
4 32 96.75
4 33 37.0
4 34 38.5
4 35 29.0
4 36 72.5
4 37 2.25
4 38 64.75
4 39 47.75
4 40 66.5
4 41 11.0
4 42 35.5
4 43 85.0
4 44 24.5
4 45 34.5
4 46 36.5
4 47 45.75
4 48 77.5
4 49 50.5
4 50 23.75
4 51 34.25
4 52 87.25
4 53 34.25
4 54 3.0
4 55 80.5
4 56 69.0
4 57 83.25
4 58 88.0
4 59 39.75
4 60 84.5
4 61 97.0
4 62 25.75
4 63 96.5
4 64 94.0
4 65 80.75
4 66 55.0
4 67 22.75
4 68 28.75
4 69 97.0
4 70 22.5
4 71 66.0
4 72 45.25
4 73 99.0
4 74 87.5
4 75 53.5
4 76 53.0
4 77 60.25
4 78 14.25
4 79 69.25
4 80 31.25
4 81 32.25
4 82 95.25
4 83 11.0
4 84 47.0
4 85 98.25
4 86 40.5
4 87 94.0
4 88 82.25
4 89 7.75
4 90 39.5
4 91 9.0
4 92 32.75
4 93 42.5
4 94 89.25
4 95 49.75
4 96 73.25
4 97 19.75
4 98 43.5
4 99 40.25
5 6 62.0
5 7 58.5
5 8 34.0
5 9 83.5
5 10 65.25
5 11 68.25
5 12 28.75
5 13 42.5
5 14 23.0
5 15 34.0
5 16 90.0
5 17 43.75
5 18 96.75
5 19 48.0
5 20 57.75
5 21 95.75
5 22 91.25
5 23 10.25
5 24 86.5
5 25 3.5
5 26 71.5
5 27 67.0
5 28 56.5
5 29 17.75
5 30 63.5
5 31 52.75
5 32 49.25
5 33 45.0
5 34 43.75
5 35 75.5
5 36 44.0
5 37 73.5
5 38 36.5
5 39 91.75
5 40 55.25
5 41 56.5
5 42 10.5
5 43 69.75
5 44 7.5
5 45 81.5
5 46 91.5
5 47 61.75
5 48 24.25
5 49 19.5
5 50 52.5
5 51 45.5
5 52 5.0
5 53 21.0
5 54 75.25
5 55 66.25
5 56 56.25
5 57 21.0
5 58 55.5
5 59 32.25
5 60 35.25
5 61 53.5
5 62 26.5
5 63 10.25
5 64 0.5
5 65 61.25
5 66 10.0
5 67 80.0
5 68 38.5
5 69 59.5
5 70 58.75
5 71 79.0
5 72 67.25
5 73 37.75
5 74 30.25
5 75 74.25
5 76 67.5
5 77 58.5
5 78 70.5
5 79 7.5
5 80 0.75
5 81 88.75
5 82 45.25
5 83 17.75
5 84 76.25
5 85 64.25
5 86 1.5
5 87 23.5
5 88 56.25
5 89 62.25
5 90 46.5
5 91 27.5
5 92 13.75
5 93 8.0
5 94 7.75
5 95 17.0
5 96 71.25
5 97 88.5
5 98 35.75
5 99 22.75
6 7 39.75
6 8 40.75
6 9 92.0
6 10 67.75
6 11 61.75
6 12 22.25
6 13 36.25
6 14 97.75
6 15 53.25
6 16 74.5
6 17 55.75
6 18 75.25
6 19 52.5
6 20 44.5
6 21 34.75
6 22 69.25
6 23 68.0
6 24 28.75
6 25 54.25
6 26 56.25
6 27 13.25
6 28 12.25
6 29 80.5
6 30 7.0
6 31 97.5
6 32 56.25
6 33 91.25
6 34 41.0
6 35 26.75
6 36 88.5
6 37 97.25
6 38 55.0
6 39 92.5
6 40 7.0
6 41 35.75
6 42 94.0
6 43 87.0
6 44 70.25
6 45 94.25
6 46 43.5
6 47 69.5
6 48 84.25
6 49 25.25
6 50 35.75
6 51 41.25
6 52 15.25
6 53 60.75
6 54 40.75
6 55 46.0
6 56 98.5
6 57 48.5
6 58 61.75
6 59 25.25
6 60 27.25
6 61 39.25
6 62 95.0
6 63 79.5
6 64 41.0
6 65 99.25
6 66 78.25
6 67 44.75
6 68 87.25
6 69 12.25
6 70 65.5
6 71 20.5
6 72 92.25
6 73 73.5
6 74 32.5
6 75 70.75
6 76 61.25
6 77 67.0
6 78 32.0
6 79 31.75
6 80 59.0
6 81 69.75
6 82 73.0
6 83 33.75
6 84 64.5
6 85 96.25
6 86 10.75
6 87 76.25
6 88 79.75
6 89 68.5
6 90 94.0
6 91 90.0
6 92 81.5
6 93 46.75
6 94 91.75
6 95 54.25
6 96 82.75
6 97 75.5
6 98 91.25
6 99 28.25
7 8 32.0
7 9 98.0
7 10 82.0
7 11 10.25
7 12 76.0
7 13 6.5
7 14 65.25
7 15 44.25
7 16 37.25
7 17 43.75
7 18 44.5
7 19 75.75
7 20 42.0
7 21 93.0
7 22 85.0
7 23 47.75
7 24 69.25
7 25 4.5
7 26 24.5
7 27 33.75
7 28 32.0
7 29 58.0
7 30 90.5
7 31 78.0
7 32 14.75
7 33 27.25
7 34 97.75
7 35 9.25
7 36 2.75
7 37 6.0
7 38 56.75
7 39 63.75
7 40 86.25
7 41 16.25
7 42 8.5
7 43 35.25
7 44 44.0
7 45 46.75
7 46 4.75
7 47 65.75
7 48 85.25
7 49 15.0
7 50 75.25
7 51 31.5
7 52 15.25
7 53 47.75
7 54 14.75
7 55 75.75
7 56 70.0
7 57 98.75
7 58 52.75
7 59 40.5
7 60 77.5
7 61 27.0
7 62 8.0
7 63 11.5
7 64 6.5
7 65 46.5
7 66 43.0
7 67 67.25
7 68 80.5
7 69 85.0
7 70 66.5
7 71 20.25
7 72 15.25
7 73 42.25
7 74 30.25
7 75 58.5
7 76 72.75
7 77 91.5
7 78 10.25
7 79 48.25
7 80 0.5
7 81 81.0
7 82 3.5
7 83 88.25
7 84 61.5
7 85 48.25
7 86 65.0
7 87 18.0
7 88 70.0
7 89 24.75
7 90 56.5
7 91 60.5
7 92 61.5
7 93 42.0
7 94 7.75
7 95 58.75
7 96 43.0
7 97 93.25
7 98 49.5
7 99 43.5
8 9 86.75
8 10 23.75
8 11 66.25
8 12 51.75
8 13 61.0
8 14 4.25
8 15 58.75
8 16 52.0
8 17 89.5
8 18 85.25
8 19 51.25
8 20 49.75
8 21 50.75
8 22 86.5
8 23 45.25
8 24 49.25
8 25 81.25
8 26 97.75
8 27 82.75
8 28 40.25
8 29 90.0
8 30 49.75
8 31 16.75
8 32 71.0
8 33 1.5
8 34 75.25
8 35 29.5
8 36 20.75
8 37 78.0
8 38 67.25
8 39 72.25
8 40 37.5
8 41 44.75
8 42 65.25
8 43 96.75
8 44 96.75
8 45 59.75
8 46 17.25
8 47 64.25
8 48 67.0
8 49 6.25
8 50 81.5
8 51 16.5
8 52 11.5
8 53 42.75
8 54 98.25
8 55 45.25
8 56 90.5
8 57 47.75
8 58 76.75
8 59 24.5
8 60 85.5
8 61 94.25
8 62 33.25
8 63 68.0
8 64 46.25
8 65 4.25
8 66 8.75
8 67 93.5
8 68 8.75
8 69 46.5
8 70 94.75
8 71 66.5
8 72 39.5
8 73 71.5
8 74 40.0
8 75 12.0
8 76 8.75
8 77 74.0
8 78 2.0
8 79 6.25
8 80 85.75
8 81 68.0
8 82 28.0
8 83 73.5
8 84 86.0
8 85 53.75
8 86 62.5
8 87 0.25
8 88 27.0
8 89 84.25
8 90 46.5
8 91 93.0
8 92 25.5
8 93 64.0
8 94 20.0
8 95 24.0
8 96 22.5
8 97 30.5
8 98 58.0
8 99 53.25
9 10 73.0
9 11 37.75
9 12 48.5
9 13 15.75
9 14 16.25
9 15 57.75
9 16 12.25
9 17 50.0
9 18 57.75
9 19 41.25
9 20 15.25
9 21 29.25
9 22 38.0
9 23 67.5
9 24 35.0
9 25 10.25
9 26 29.75
9 27 24.0
9 28 95.0
9 29 81.25
9 30 9.75
9 31 58.0
9 32 23.25
9 33 48.75
9 34 11.5
9 35 42.0
9 36 34.0
9 37 55.5
9 38 47.5
9 39 65.25
9 40 28.75
9 41 26.25
9 42 64.5
9 43 7.75
9 44 15.0
9 45 98.75
9 46 38.0
9 47 14.75
9 48 63.75
9 49 61.75
9 50 96.75
9 51 42.0
9 52 76.25
9 53 94.0
9 54 9.0
9 55 85.5
9 56 77.75
9 57 27.0
9 58 64.0
9 59 85.75
9 60 16.0
9 61 31.75
9 62 52.0
9 63 21.5
9 64 19.25
9 65 36.75
9 66 31.75
9 67 11.5
9 68 98.75
9 69 49.0
9 70 87.5
9 71 25.5
9 72 7.0
9 73 34.0
9 74 43.75
9 75 98.25
9 76 60.75
9 77 26.5
9 78 5.5
9 79 90.5
9 80 38.25
9 81 67.5
9 82 66.0
9 83 96.75
9 84 99.0
9 85 57.25
9 86 41.5
9 87 30.25
9 88 30.0
9 89 46.0
9 90 84.5
9 91 86.0
9 92 55.5
9 93 82.75
9 94 83.0
9 95 89.75
9 96 50.5
9 97 72.25
9 98 62.25
9 99 91.25
10 11 24.5
10 12 85.0
10 13 68.0
10 14 40.5
10 15 87.25
10 16 61.0
10 17 47.0
10 18 51.0
10 19 15.5
10 20 41.75
10 21 22.5
10 22 41.0
10 23 27.25
10 24 46.0
10 25 3.0
10 26 29.5
10 27 59.5
10 28 56.0
10 29 90.75
10 30 87.5
10 31 75.75
10 32 20.25
10 33 95.5
10 34 16.75
10 35 59.25
10 36 82.0
10 37 87.0
10 38 34.75
10 39 0.75
10 40 63.25
10 41 79.0
10 42 86.5
10 43 17.5
10 44 35.75
10 45 27.0
10 46 95.5
10 47 36.25
10 48 93.0
10 49 54.0
10 50 38.25
10 51 67.75
10 52 68.25
10 53 72.25
10 54 66.75
10 55 42.5
10 56 90.0
10 57 27.75
10 58 32.5
10 59 42.25
10 60 57.75
10 61 72.5
10 62 54.0
10 63 52.0
10 64 92.5
10 65 15.5
10 66 78.0
10 67 29.25
10 68 83.5
10 69 33.5
10 70 65.25
10 71 60.5
10 72 47.75
10 73 4.5
10 74 77.75
10 75 67.5
10 76 23.25
10 77 87.0
10 78 40.25
10 79 58.75
10 80 1.25
10 81 69.75
10 82 60.0
10 83 51.25
10 84 62.5
10 85 94.0
10 86 49.0
10 87 27.75
10 88 80.25
10 89 5.25
10 90 70.25
10 91 14.5
10 92 69.0
10 93 78.0
10 94 12.75
10 95 1.75
10 96 83.0
10 97 29.75
10 98 4.0
10 99 48.5
11 12 50.5
11 13 4.0
11 14 66.5
11 15 34.75
11 16 68.75
11 17 44.25
11 18 35.5
11 19 37.75
11 20 27.5
11 21 61.5
11 22 68.75
11 23 45.5
11 24 14.0
11 25 84.75
11 26 56.5
11 27 89.0
11 28 80.75
11 29 14.5
11 30 54.0
11 31 49.0
11 32 74.25
11 33 47.75
11 34 13.25
11 35 36.25
11 36 59.75
11 37 27.5
11 38 2.5
11 39 47.5
11 40 55.25
11 41 25.75
11 42 90.75
11 43 50.25
11 44 45.75
11 45 10.5
11 46 82.0
11 47 33.75
11 48 29.5
11 49 59.5
11 50 57.25
11 51 79.5
11 52 92.5
11 53 39.75
11 54 21.25
11 55 7.0
11 56 3.75
11 57 66.5
11 58 45.5
11 59 88.5
11 60 71.75
11 61 59.0
11 62 26.5
11 63 17.75
11 64 62.0
11 65 40.5
11 66 75.25
11 67 24.5
11 68 15.5
11 69 54.0
11 70 65.0
11 71 40.25
11 72 48.25
11 73 59.25
11 74 47.5
11 75 81.75
11 76 39.5
11 77 20.0
11 78 70.75
11 79 18.0
11 80 76.25
11 81 75.75
11 82 80.0
11 83 29.0
11 84 82.0
11 85 98.5
11 86 14.75
11 87 55.5
11 88 56.75
11 89 14.0
11 90 98.5
11 91 35.25
11 92 91.75
11 93 74.5
11 94 27.5
11 95 15.0
11 96 88.5
11 97 54.0
11 98 16.75
11 99 90.5
12 13 82.75
12 14 86.5
12 15 89.5
12 16 10.25
12 17 17.5
12 18 20.25
12 19 86.75
12 20 5.0
12 21 48.75
12 22 91.0
12 23 67.25
12 24 14.5
12 25 84.5
12 26 88.0
12 27 13.75
12 28 86.5
12 29 62.25
12 30 63.0
12 31 26.75
12 32 63.75
12 33 56.25
12 34 21.0
12 35 58.0
12 36 70.0
12 37 99.0
12 38 62.75
12 39 71.5
12 40 78.5
12 41 86.5
12 42 49.0
12 43 12.75
12 44 60.25
12 45 25.75
12 46 1.0
12 47 21.0
12 48 84.5
12 49 87.5
12 50 40.75
12 51 36.25
12 52 50.75
12 53 42.0
12 54 26.5
12 55 4.25
12 56 0.75
12 57 17.75
12 58 97.25
12 59 22.5
12 60 92.75
12 61 36.25
12 62 98.0
12 63 58.5
12 64 67.25
12 65 21.5
12 66 32.5
12 67 54.75
12 68 14.75
12 69 92.75
12 70 44.5
12 71 28.5
12 72 86.75
12 73 39.25
12 74 0.25
12 75 0.25
12 76 40.5
12 77 19.0
12 78 75.25
12 79 12.0
12 80 7.0
12 81 30.25
12 82 10.5
12 83 65.25
12 84 32.25
12 85 49.0
12 86 22.25
12 87 24.25
12 88 87.5
12 89 56.0
12 90 39.5
12 91 14.0
12 92 51.75
12 93 39.0
12 94 48.5
12 95 48.5
12 96 73.5
12 97 68.0
12 98 98.0
12 99 19.75
13 14 36.0
13 15 72.25
13 16 38.5
13 17 98.75
13 18 94.75
13 19 81.75
13 20 52.75
13 21 93.75
13 22 35.5
13 23 88.25
13 24 33.25
13 25 61.75
13 26 70.25
13 27 89.25
13 28 15.75
13 29 72.75
13 30 61.0
13 31 58.0
13 32 49.0
13 33 14.25
13 34 17.5
13 35 95.0
13 36 18.0
13 37 14.5
13 38 17.0
13 39 94.0
13 40 33.75
13 41 4.75
13 42 70.0
13 43 36.5
13 44 71.5
13 45 11.0
13 46 17.5
13 47 77.0
13 48 29.25
13 49 54.5
13 50 88.0
13 51 2.25
13 52 6.25
13 53 28.5
13 54 3.0
13 55 45.75
13 56 92.25
13 57 97.75
13 58 75.5
13 59 71.75
13 60 77.75
13 61 93.5
13 62 74.0
13 63 64.25
13 64 97.0
13 65 57.0
13 66 65.25
13 67 51.5
13 68 32.0
13 69 32.75
13 70 21.75
13 71 26.0
13 72 19.0
13 73 62.25
13 74 21.75
13 75 55.0
13 76 0.25
13 77 33.5
13 78 35.25
13 79 7.25
13 80 36.0
13 81 93.0
13 82 45.25
13 83 92.0
13 84 29.0
13 85 29.0
13 86 22.5
13 87 47.0
13 88 29.25
13 89 83.25
13 90 17.5
13 91 15.75
13 92 20.75
13 93 69.5
13 94 88.0
13 95 65.25
13 96 24.75
13 97 99.5
13 98 27.0
13 99 78.25
14 15 6.25
14 16 17.25
14 17 8.75
14 18 94.5
14 19 92.5
14 20 63.25
14 21 9.75
14 22 74.25
14 23 13.25
14 24 88.75
14 25 50.5
14 26 80.25
14 27 6.5
14 28 48.0
14 29 11.75
14 30 25.25
14 31 90.0
14 32 16.0
14 33 30.0
14 34 41.5
14 35 31.25
14 36 19.25
14 37 60.25
14 38 95.75
14 39 34.75
14 40 53.75
14 41 89.75
14 42 56.75
14 43 52.75
14 44 96.75
14 45 56.75
14 46 53.75
14 47 20.75
14 48 85.25
14 49 90.75
14 50 25.5
14 51 36.75
14 52 91.0
14 53 50.5
14 54 8.0
14 55 17.75
14 56 3.0
14 57 69.25
14 58 79.5
14 59 69.0
14 60 86.25
14 61 37.5
14 62 46.0
14 63 68.0
14 64 52.25
14 65 34.0
14 66 97.75
14 67 84.5
14 68 19.75
14 69 11.0
14 70 46.75
14 71 40.75
14 72 94.25
14 73 45.5
14 74 9.0
14 75 81.5
14 76 24.75
14 77 68.25
14 78 36.5
14 79 15.75
14 80 78.5
14 81 36.75
14 82 7.0
14 83 20.75
14 84 35.0
14 85 53.0
14 86 88.0
14 87 23.25
14 88 55.5
14 89 24.5
14 90 52.0
14 91 24.0
14 92 86.0
14 93 22.0
14 94 43.0
14 95 19.25
14 96 99.25
14 97 32.25
14 98 92.75
14 99 54.75
15 16 17.75
15 17 66.25
15 18 38.5
15 19 31.0
15 20 12.5
15 21 30.25
15 22 61.75
15 23 20.5
15 24 46.5
15 25 40.5
15 26 3.0
15 27 9.5
15 28 61.25
15 29 90.25
15 30 78.25
15 31 80.0
15 32 88.0
15 33 37.75
15 34 78.75
15 35 26.5
15 36 83.75
15 37 31.5
15 38 23.5
15 39 67.5
15 40 6.25
15 41 38.5
15 42 5.75
15 43 56.5
15 44 39.5
15 45 99.0
15 46 65.0
15 47 48.5
15 48 34.25
15 49 79.0
15 50 48.25
15 51 6.25
15 52 32.25
15 53 51.0
15 54 3.75
15 55 85.5
15 56 97.25
15 57 94.25
15 58 15.75
15 59 6.75
15 60 65.25
15 61 70.75
15 62 33.5
15 63 27.25
15 64 14.5
15 65 65.75
15 66 9.0
15 67 57.25
15 68 75.5
15 69 35.75
15 70 17.75
15 71 93.0
15 72 24.75
15 73 21.75
15 74 90.5
15 75 12.25
15 76 90.75
15 77 67.25
15 78 89.25
15 79 93.75
15 80 81.75
15 81 92.5
15 82 69.0
15 83 45.5
15 84 1.0
15 85 83.0
15 86 75.75
15 87 38.0
15 88 49.5
15 89 65.75
15 90 84.5
15 91 19.5
15 92 16.25
15 93 80.5
15 94 37.25
15 95 10.5
15 96 8.25
15 97 45.0
15 98 6.75
15 99 55.75
16 17 92.5
16 18 17.5
16 19 32.0
16 20 80.25
16 21 27.25
16 22 81.75
16 23 42.0
16 24 11.25
16 25 45.0
16 26 92.75
16 27 54.75
16 28 18.5
16 29 18.25
16 30 25.0
16 31 63.75
16 32 33.5
16 33 30.0
16 34 53.0
16 35 70.0
16 36 73.75
16 37 82.75
16 38 16.5
16 39 89.0
16 40 14.5
16 41 53.0
16 42 96.0
16 43 28.0
16 44 41.75
16 45 21.0
16 46 8.0
16 47 90.0
16 48 86.25
16 49 27.75
16 50 96.25
16 51 2.75
16 52 68.75
16 53 98.75
16 54 14.25
16 55 58.25
16 56 52.25
16 57 89.0
16 58 53.0
16 59 14.25
16 60 50.25
16 61 70.75
16 62 77.0
16 63 80.0
16 64 10.75
16 65 16.5
16 66 94.25
16 67 87.5
16 68 38.0
16 69 61.5
16 70 70.25
16 71 7.5
16 72 64.0
16 73 3.0
16 74 83.0
16 75 40.75
16 76 77.75
16 77 65.0
16 78 8.5
16 79 54.0
16 80 61.75
16 81 32.25
16 82 77.0
16 83 86.5
16 84 95.0
16 85 41.0
16 86 78.75
16 87 72.5
16 88 30.5
16 89 72.25
16 90 63.5
16 91 65.5
16 92 60.5
16 93 71.75
16 94 23.5
16 95 34.5
16 96 56.25
16 97 18.75
16 98 90.0
16 99 1.5
17 18 43.0
17 19 43.75
17 20 52.75
17 21 81.25
17 22 48.5
17 23 88.0
17 24 9.0
17 25 5.5
17 26 39.25
17 27 6.5
17 28 67.25
17 29 25.0
17 30 51.75
17 31 65.5
17 32 69.25
17 33 84.5
17 34 43.5
17 35 6.0
17 36 39.0
17 37 58.5
17 38 57.25
17 39 42.75
17 40 71.75
17 41 61.5
17 42 13.5
17 43 31.25
17 44 43.0
17 45 32.0
17 46 70.5
17 47 95.75
17 48 40.0
17 49 52.25
17 50 19.25
17 51 64.75
17 52 83.5
17 53 93.0
17 54 30.5
17 55 55.0
17 56 59.5
17 57 41.0
17 58 6.25
17 59 65.75
17 60 1.0
17 61 91.0
17 62 21.75
17 63 44.25
17 64 52.5
17 65 61.75
17 66 18.5
17 67 65.25
17 68 93.25
17 69 39.25
17 70 72.75
17 71 95.25
17 72 55.75
17 73 55.0
17 74 4.0
17 75 22.75
17 76 52.25
17 77 52.5
17 78 70.0
17 79 68.0
17 80 41.25
17 81 36.5
17 82 23.25
17 83 41.75
17 84 59.25
17 85 84.0
17 86 98.0
17 87 43.0
17 88 63.0
17 89 40.5
17 90 99.25
17 91 20.0
17 92 11.5
17 93 35.75
17 94 87.5
17 95 26.5
17 96 70.0
17 97 69.75
17 98 40.5
17 99 83.75
18 19 21.25
18 20 93.75
18 21 60.75
18 22 39.75
18 23 37.5
18 24 53.25
18 25 37.75
18 26 87.0
18 27 53.5
18 28 52.75
18 29 39.5
18 30 14.0
18 31 41.5
18 32 6.5
18 33 63.25
18 34 47.0
18 35 87.25
18 36 92.0
18 37 26.75
18 38 33.0
18 39 50.75
18 40 92.75
18 41 9.75
18 42 20.25
18 43 83.25
18 44 5.75
18 45 75.25
18 46 26.0
18 47 23.5
18 48 7.75
18 49 1.5
18 50 20.25
18 51 49.75
18 52 88.75
18 53 98.5
18 54 67.25
18 55 40.5
18 56 87.75
18 57 98.5
18 58 45.5
18 59 78.75
18 60 71.25
18 61 69.5
18 62 79.0
18 63 79.5
18 64 35.75
18 65 86.75
18 66 39.5
18 67 32.5
18 68 32.25
18 69 85.0
18 70 52.5
18 71 76.25
18 72 83.0
18 73 75.25
18 74 19.0
18 75 52.0
18 76 29.5
18 77 51.25
18 78 78.0
18 79 14.25
18 80 34.0
18 81 56.75
18 82 82.5
18 83 47.25
18 84 18.75
18 85 59.5
18 86 16.25
18 87 66.25
18 88 97.75
18 89 6.75
18 90 67.0
18 91 33.0
18 92 80.75
18 93 54.0
18 94 84.25
18 95 2.0
18 96 99.25
18 97 55.25
18 98 72.25
18 99 7.25
19 20 36.5
19 21 94.5
19 22 46.75
19 23 10.25
19 24 15.5
19 25 34.5
19 26 99.0
19 27 94.25
19 28 82.5
19 29 36.0
19 30 66.5
19 31 82.25
19 32 91.5
19 33 27.75
19 34 32.75
19 35 30.25
19 36 53.25
19 37 29.75
19 38 77.0
19 39 43.25
19 40 88.0
19 41 50.75
19 42 72.5
19 43 37.5
19 44 43.75
19 45 5.75
19 46 7.0
19 47 67.5
19 48 5.75
19 49 38.0
19 50 74.5
19 51 57.0
19 52 65.5
19 53 11.0
19 54 98.75
19 55 29.25
19 56 51.25
19 57 31.0
19 58 20.75
19 59 11.0
19 60 56.75
19 61 18.5
19 62 76.75
19 63 69.0
19 64 40.75
19 65 63.75
19 66 67.5
19 67 64.25
19 68 56.75
19 69 62.75
19 70 42.25
19 71 69.75
19 72 49.25
19 73 63.5
19 74 82.25
19 75 98.25
19 76 39.75
19 77 37.75
19 78 13.25
19 79 14.25
19 80 73.75
19 81 30.75
19 82 50.0
19 83 50.0
19 84 10.25
19 85 10.25
19 86 93.25
19 87 16.5
19 88 39.0
19 89 11.25
19 90 53.25
19 91 47.75
19 92 21.75
19 93 95.25
19 94 20.0
19 95 66.25
19 96 71.5
19 97 68.0
19 98 62.5
19 99 90.75
20 21 30.25
20 22 91.5
20 23 1.5
20 24 57.25
20 25 63.0
20 26 1.75
20 27 25.25
20 28 35.25
20 29 15.0
20 30 41.25
20 31 85.0
20 32 49.0
20 33 55.5
20 34 49.5
20 35 48.25
20 36 43.0
20 37 96.5
20 38 83.5
20 39 65.5
20 40 20.5
20 41 72.0
20 42 67.75
20 43 60.25
20 44 59.75
20 45 50.25
20 46 29.5
20 47 16.0
20 48 89.75
20 49 92.25
20 50 53.0
20 51 27.5
20 52 44.25
20 53 3.0
20 54 15.0
20 55 4.5
20 56 85.0
20 57 80.25
20 58 36.75
20 59 11.0
20 60 91.25
20 61 33.5
20 62 8.25
20 63 94.75
20 64 64.0
20 65 67.0
20 66 96.25
20 67 91.75
20 68 63.5
20 69 96.75
20 70 86.5
20 71 75.25
20 72 35.25
20 73 41.75
20 74 96.0
20 75 66.5
20 76 97.25
20 77 39.5
20 78 82.0
20 79 6.75
20 80 25.75
20 81 38.25
20 82 4.5
20 83 14.75
20 84 81.75
20 85 45.75
20 86 29.75
20 87 60.0
20 88 65.0
20 89 86.5
20 90 74.5
20 91 1.75
20 92 21.0
20 93 67.5
20 94 41.0
20 95 81.5
20 96 33.5
20 97 87.75
20 98 21.0
20 99 7.0
21 22 9.75
21 23 6.5
21 24 10.0
21 25 43.5
21 26 20.0
21 27 24.5
21 28 6.0
21 29 74.25
21 30 63.0
21 31 56.5
21 32 79.25
21 33 32.75
21 34 93.75
21 35 93.75
21 36 31.25
21 37 58.75
21 38 30.5
21 39 72.75
21 40 73.5
21 41 1.0
21 42 31.0
21 43 68.75
21 44 21.25
21 45 94.0
21 46 4.25
21 47 76.75
21 48 90.25
21 49 77.5
21 50 92.75
21 51 53.75
21 52 9.75
21 53 65.0
21 54 42.75
21 55 54.0
21 56 69.75
21 57 90.25
21 58 24.0
21 59 8.75
21 60 62.25
21 61 66.75
21 62 3.0
21 63 95.25
21 64 3.0
21 65 92.25
21 66 9.25
21 67 89.25
21 68 63.25
21 69 35.75
21 70 59.5
21 71 84.25
21 72 21.0
21 73 8.75
21 74 62.75
21 75 29.0
21 76 63.75
21 77 68.5
21 78 51.75
21 79 63.5
21 80 91.5
21 81 82.0
21 82 37.25
21 83 95.25
21 84 7.0
21 85 31.75
21 86 72.75
21 87 53.75
21 88 37.25
21 89 52.75
21 90 91.75
21 91 30.5
21 92 77.5
21 93 1.25
21 94 36.75
21 95 92.5
21 96 89.25
21 97 29.25
21 98 64.75
21 99 25.25
22 23 81.5
22 24 28.25
22 25 94.0
22 26 10.0
22 27 32.25
22 28 81.25
22 29 93.75
22 30 79.5
22 31 34.0
22 32 44.75
22 33 9.0
22 34 91.0
22 35 88.75
22 36 43.25
22 37 7.0
22 38 73.75
22 39 67.5
22 40 21.5
22 41 47.0
22 42 69.0
22 43 11.0
22 44 23.75
22 45 93.25
22 46 19.5
22 47 26.75
22 48 38.75
22 49 82.75
22 50 75.0
22 51 48.25
22 52 6.75
22 53 56.0
22 54 36.25
22 55 62.25
22 56 65.5
22 57 36.75
22 58 15.0
22 59 4.75
22 60 74.5
22 61 79.0
22 62 16.75
22 63 12.75
22 64 41.75
22 65 54.75
22 66 61.25
22 67 49.0
22 68 38.75
22 69 87.25
22 70 44.75
22 71 56.25
22 72 97.25
22 73 21.5
22 74 55.25
22 75 11.0
22 76 82.5
22 77 75.5
22 78 11.75
22 79 24.75
22 80 26.75
22 81 47.75
22 82 1.0
22 83 73.5
22 84 65.5
22 85 82.75
22 86 14.75
22 87 30.25
22 88 44.5
22 89 94.5
22 90 36.75
22 91 73.25
22 92 37.0
22 93 31.0
22 94 30.25
22 95 13.75
22 96 76.0
22 97 1.0
22 98 19.5
22 99 83.25
23 24 35.5
23 25 64.75
23 26 62.0
23 27 41.0
23 28 21.25
23 29 46.75
23 30 2.0
23 31 31.0
23 32 49.5
23 33 20.25
23 34 77.0
23 35 81.75
23 36 13.75
23 37 91.25
23 38 60.75
23 39 13.75
23 40 97.0
23 41 47.75
23 42 27.75
23 43 3.5
23 44 35.5
23 45 76.75
23 46 20.25
23 47 83.5
23 48 27.5
23 49 88.0
23 50 62.5
23 51 90.75
23 52 2.25
23 53 23.25
23 54 0.75
23 55 32.0
23 56 38.25
23 57 55.25
23 58 99.5
23 59 84.0
23 60 40.5
23 61 16.0
23 62 35.0
23 63 65.25
23 64 80.25
23 65 74.0
23 66 59.0
23 67 63.75
23 68 28.25
23 69 75.5
23 70 86.25
23 71 45.5
23 72 45.0
23 73 71.0
23 74 19.5
23 75 23.75
23 76 67.0
23 77 56.25
23 78 16.5
23 79 14.0
23 80 19.25
23 81 88.0
23 82 31.25
23 83 7.5
23 84 63.75
23 85 41.0
23 86 87.25
23 87 93.0
23 88 68.5
23 89 56.25
23 90 56.0
23 91 5.5
23 92 79.75
23 93 55.75
23 94 4.5
23 95 22.0
23 96 90.25
23 97 72.0
23 98 2.75
23 99 47.75
24 25 17.5
24 26 18.0
24 27 63.75
24 28 14.75
24 29 71.75
24 30 4.75
24 31 71.5
24 32 77.5
24 33 55.25
24 34 66.5
24 35 47.75
24 36 53.0
24 37 19.25
24 38 79.0
24 39 37.5
24 40 9.5
24 41 84.0
24 42 6.25
24 43 9.75
24 44 67.25
24 45 59.5
24 46 51.0
24 47 38.5
24 48 76.25
24 49 31.5
24 50 4.5
24 51 57.25
24 52 36.25
24 53 48.5
24 54 31.5
24 55 51.75
24 56 76.25
24 57 75.25
24 58 14.0
24 59 34.75
24 60 36.25
24 61 41.25
24 62 0.5
24 63 26.0
24 64 62.5
24 65 70.5
24 66 68.5
24 67 44.75
24 68 8.5
24 69 53.25
24 70 31.75
24 71 8.0
24 72 39.0
24 73 18.25
24 74 65.75
24 75 4.0
24 76 76.0
24 77 97.75
24 78 40.0
24 79 43.5
24 80 31.25
24 81 79.25
24 82 4.75
24 83 17.75
24 84 95.5
24 85 22.5
24 86 69.25
24 87 4.75
24 88 96.5
24 89 11.5
24 90 63.0
24 91 57.75
24 92 72.25
24 93 59.0
24 94 55.5
24 95 73.5
24 96 98.0
24 97 66.5
24 98 56.25
24 99 3.75
25 26 81.0
25 27 86.25
25 28 56.0
25 29 2.0
25 30 51.75
25 31 61.75
25 32 27.0
25 33 66.75
25 34 93.5
25 35 56.0
25 36 33.5
25 37 25.25
25 38 55.25
25 39 16.5
25 40 49.5
25 41 71.5
25 42 56.25
25 43 88.5
25 44 95.5
25 45 42.75
25 46 29.25
25 47 92.0
25 48 99.25
25 49 37.5
25 50 68.25
25 51 70.5
25 52 50.5
25 53 66.25
25 54 58.0
25 55 78.5
25 56 66.5
25 57 3.5
25 58 90.0
25 59 26.0
25 60 70.5
25 61 84.5
25 62 55.25
25 63 27.0
25 64 44.25
25 65 96.0
25 66 42.75
25 67 58.5
25 68 38.5
25 69 62.5
25 70 92.75
25 71 51.75
25 72 60.0
25 73 17.25
25 74 10.0
25 75 97.75
25 76 32.25
25 77 37.75
25 78 62.25
25 79 11.5
25 80 3.25
25 81 12.5
25 82 99.0
25 83 76.0
25 84 59.25
25 85 66.25
25 86 52.25
25 87 33.25
25 88 91.0
25 89 86.5
25 90 13.75
25 91 9.0
25 92 33.25
25 93 27.25
25 94 68.0
25 95 26.5
25 96 37.5
25 97 83.25
25 98 12.25
25 99 49.0
26 27 17.75
26 28 19.0
26 29 28.5
26 30 46.25
26 31 22.75
26 32 22.25
26 33 47.75
26 34 88.75
26 35 0.25
26 36 81.75
26 37 24.5
26 38 42.25
26 39 3.0
26 40 99.25
26 41 1.5
26 42 65.5
26 43 1.25
26 44 42.0
26 45 65.0
26 46 2.5
26 47 22.75
26 48 53.25
26 49 72.5
26 50 96.75
26 51 5.0
26 52 20.5
26 53 59.25
26 54 84.5
26 55 34.25
26 56 69.5
26 57 79.25
26 58 93.5
26 59 57.75
26 60 51.0
26 61 67.0
26 62 47.25
26 63 47.0
26 64 5.0
26 65 21.0
26 66 60.25
26 67 94.25
26 68 5.0
26 69 72.0
26 70 65.0
26 71 20.0
26 72 39.75
26 73 12.5
26 74 87.25
26 75 45.25
26 76 71.75
26 77 96.25
26 78 48.0
26 79 82.5
26 80 35.75
26 81 41.75
26 82 71.25
26 83 47.25
26 84 31.75
26 85 9.75
26 86 88.0
26 87 86.75
26 88 88.0
26 89 22.0
26 90 30.25
26 91 45.0
26 92 16.25
26 93 57.25
26 94 85.5
26 95 32.25
26 96 64.75
26 97 32.75
26 98 25.25
26 99 72.0
27 28 69.0
27 29 85.75
27 30 66.25
27 31 26.75
27 32 55.5
27 33 44.75
27 34 34.5
27 35 2.25
27 36 80.25
27 37 69.0
27 38 58.5
27 39 92.25
27 40 49.25
27 41 45.0
27 42 81.75
27 43 56.0
27 44 55.25
27 45 31.0
27 46 48.25
27 47 30.75
27 48 48.0
27 49 86.25
27 50 18.75
27 51 23.75
27 52 70.25
27 53 50.0
27 54 93.25
27 55 83.75
27 56 36.5
27 57 28.0
27 58 38.75
27 59 22.0
27 60 62.25
27 61 95.0
27 62 34.5
27 63 68.0
27 64 3.75
27 65 79.75
27 66 91.75
27 67 90.25
27 68 99.5
27 69 44.5
27 70 39.0
27 71 66.5
27 72 17.25
27 73 41.25
27 74 11.25
27 75 70.25
27 76 66.75
27 77 78.75
27 78 61.75
27 79 20.75
27 80 53.25
27 81 59.0
27 82 18.5
27 83 18.25
27 84 40.0
27 85 69.25
27 86 24.25
27 87 56.25
27 88 97.5
27 89 62.75
27 90 39.5
27 91 87.75
27 92 32.0
27 93 73.75
27 94 43.5
27 95 25.5
27 96 70.0
27 97 81.75
27 98 42.0
27 99 83.25
28 29 78.75
28 30 58.5
28 31 86.0
28 32 19.25
28 33 44.0
28 34 4.0
28 35 25.5
28 36 55.0
28 37 74.75
28 38 62.75
28 39 32.75
28 40 74.0
28 41 70.75
28 42 9.75
28 43 88.25
28 44 71.0
28 45 90.75
28 46 18.5
28 47 82.25
28 48 28.25
28 49 43.25
28 50 27.5
28 51 95.0
28 52 12.25
28 53 18.5
28 54 54.0
28 55 83.75
28 56 39.25
28 57 82.5
28 58 61.75
28 59 37.25
28 60 26.25
28 61 33.75
28 62 50.75
28 63 51.5
28 64 16.75
28 65 8.75
28 66 13.25
28 67 15.25
28 68 65.5
28 69 46.0
28 70 88.75
28 71 2.0
28 72 58.75
28 73 56.5
28 74 38.25
28 75 52.0
28 76 75.0
28 77 63.25
28 78 95.25
28 79 41.75
28 80 96.25
28 81 82.5
28 82 55.25
28 83 33.0
28 84 6.5
28 85 82.75
28 86 62.75
28 87 19.5
28 88 88.75
28 89 34.5
28 90 96.25
28 91 70.75
28 92 1.5
28 93 36.75
28 94 53.75
28 95 85.0
28 96 16.25
28 97 25.5
28 98 98.0
28 99 61.75
29 30 67.75
29 31 23.75
29 32 35.25
29 33 54.75
29 34 23.0
29 35 48.25
29 36 88.75
29 37 32.0
29 38 0.25
29 39 28.25
29 40 66.75
29 41 26.25
29 42 50.0
29 43 40.5
29 44 9.25
29 45 35.5
29 46 46.75
29 47 56.5
29 48 69.25
29 49 70.25
29 50 75.0
29 51 85.25
29 52 37.0
29 53 84.0
29 54 60.0
29 55 55.25
29 56 71.75
29 57 43.75
29 58 11.25
29 59 27.75
29 60 37.25
29 61 20.5
29 62 5.0
29 63 97.25
29 64 77.0
29 65 44.5
29 66 92.5
29 67 48.25
29 68 14.25
29 69 8.0
29 70 5.0
29 71 86.5
29 72 36.75
29 73 28.0
29 74 65.25
29 75 83.5
29 76 37.5
29 77 11.75
29 78 91.5
29 79 63.0
29 80 88.75
29 81 81.5
29 82 46.25
29 83 1.75
29 84 8.75
29 85 15.75
29 86 13.0
29 87 31.25
29 88 45.0
29 89 31.5
29 90 9.0
29 91 53.25
29 92 14.5
29 93 55.25
29 94 93.0
29 95 59.0
29 96 72.75
29 97 13.75
29 98 0.5
29 99 99.25
30 31 59.0
30 32 0.75
30 33 42.25
30 34 58.25
30 35 98.25
30 36 91.25
30 37 16.25
30 38 62.25
30 39 75.25
30 40 43.75
30 41 98.75
30 42 8.0
30 43 70.25
30 44 86.25
30 45 71.0
30 46 99.25
30 47 44.25
30 48 40.25
30 49 30.75
30 50 51.0
30 51 3.75
30 52 88.5
30 53 91.75
30 54 11.25
30 55 13.0
30 56 23.0
30 57 95.75
30 58 46.5
30 59 72.0
30 60 16.25
30 61 18.25
30 62 89.25
30 63 57.0
30 64 1.25
30 65 97.5
30 66 29.75
30 67 19.5
30 68 16.25
30 69 12.25
30 70 50.25
30 71 33.5
30 72 44.25
30 73 27.5
30 74 39.5
30 75 46.75
30 76 98.0
30 77 42.75
30 78 20.75
30 79 64.5
30 80 67.25
30 81 74.5
30 82 44.75
30 83 59.5
30 84 37.25
30 85 44.25
30 86 27.25
30 87 2.75
30 88 61.5
30 89 12.0
30 90 37.25
30 91 83.25
30 92 14.25
30 93 95.75
30 94 92.0
30 95 3.25
30 96 47.25
30 97 63.5
30 98 52.75
30 99 11.25
31 32 47.25
31 33 8.75
31 34 49.0
31 35 88.75
31 36 11.5
31 37 58.0
31 38 55.75
31 39 26.75
31 40 87.75
31 41 84.75
31 42 74.25
31 43 16.5
31 44 24.75
31 45 59.5
31 46 46.5
31 47 93.0
31 48 66.75
31 49 87.25
31 50 56.5
31 51 97.75
31 52 70.25
31 53 28.25
31 54 11.75
31 55 57.5
31 56 16.25
31 57 64.5
31 58 59.25
31 59 93.0
31 60 60.5
31 61 66.25
31 62 99.25
31 63 82.75
31 64 60.5
31 65 11.25
31 66 48.75
31 67 75.25
31 68 91.5
31 69 51.25
31 70 79.75
31 71 13.0
31 72 31.0
31 73 7.75
31 74 87.75
31 75 72.5
31 76 30.5
31 77 78.75
31 78 19.75
31 79 8.0
31 80 33.5
31 81 18.25
31 82 23.0
31 83 24.75
31 84 34.0
31 85 38.25
31 86 57.25
31 87 55.5
31 88 26.75
31 89 81.0
31 90 98.25
31 91 63.0
31 92 31.5
31 93 84.0
31 94 96.75
31 95 64.75
31 96 24.5
31 97 77.5
31 98 96.5
31 99 36.5
32 33 11.0
32 34 20.75
32 35 28.5
32 36 1.5
32 37 39.25
32 38 89.0
32 39 65.0
32 40 10.5
32 41 62.75
32 42 40.25
32 43 45.5
32 44 84.25
32 45 43.75
32 46 80.25
32 47 84.25
32 48 85.5
32 49 77.5
32 50 14.5
32 51 63.75
32 52 12.75
32 53 89.5
32 54 4.5
32 55 78.5
32 56 83.0
32 57 67.0
32 58 91.5
32 59 35.0
32 60 70.75
32 61 25.0
32 62 98.25
32 63 2.5
32 64 55.75
32 65 44.75
32 66 28.0
32 67 62.0
32 68 2.5
32 69 20.5
32 70 79.5
32 71 3.5
32 72 35.0
32 73 49.0
32 74 24.0
32 75 73.5
32 76 79.25
32 77 7.0
32 78 49.5
32 79 64.75
32 80 50.75
32 81 73.0
32 82 34.25
32 83 80.25
32 84 99.5
32 85 28.25
32 86 13.25
32 87 28.5
32 88 51.0
32 89 57.75
32 90 88.0
32 91 59.25
32 92 93.75
32 93 74.0
32 94 19.0
32 95 52.25
32 96 48.0
32 97 11.75
32 98 6.25
32 99 3.0
33 34 8.5
33 35 74.75
33 36 22.75
33 37 43.0
33 38 89.25
33 39 23.25
33 40 26.0
33 41 44.0
33 42 82.75
33 43 95.25
33 44 2.25
33 45 32.0
33 46 10.25
33 47 68.75
33 48 84.0
33 49 68.75
33 50 35.25
33 51 14.0
33 52 32.0
33 53 1.5
33 54 98.0
33 55 82.25
33 56 89.75
33 57 96.25
33 58 28.5
33 59 87.0
33 60 72.0
33 61 4.25
33 62 14.5
33 63 79.5
33 64 6.5
33 65 10.75
33 66 11.75
33 67 57.25
33 68 23.75
33 69 64.75
33 70 69.75
33 71 2.75
33 72 25.75
33 73 88.25
33 74 85.0
33 75 24.25
33 76 97.5
33 77 45.75
33 78 34.25
33 79 13.75
33 80 42.25
33 81 51.0
33 82 49.5
33 83 72.25
33 84 39.0
33 85 40.5
33 86 18.5
33 87 37.0
33 88 81.75
33 89 81.75
33 90 87.25
33 91 61.75
33 92 26.75
33 93 55.5
33 94 76.0
33 95 66.25
33 96 92.75
33 97 30.25
33 98 37.5
33 99 63.25
34 35 88.25
34 36 57.75
34 37 66.25
34 38 19.75
34 39 14.5
34 40 88.5
34 41 56.25
34 42 99.0
34 43 25.25
34 44 30.75
34 45 33.0
34 46 7.75
34 47 90.25
34 48 96.75
34 49 97.0
34 50 65.5
34 51 12.0
34 52 72.5
34 53 19.25
34 54 46.0
34 55 86.5
34 56 91.5
34 57 54.75
34 58 23.5
34 59 25.25
34 60 33.25
34 61 28.5
34 62 52.0
34 63 41.75
34 64 24.5
34 65 11.5
34 66 33.5
34 67 18.5
34 68 73.75
34 69 8.25
34 70 13.75
34 71 26.0
34 72 47.5
34 73 4.75
34 74 9.75
34 75 40.5
34 76 97.75
34 77 25.5
34 78 58.75
34 79 56.5
34 80 67.5
34 81 46.0
34 82 92.25
34 83 86.75
34 84 51.75
34 85 84.25
34 86 70.75
34 87 65.75
34 88 52.5
34 89 98.75
34 90 88.25
34 91 44.75
34 92 40.0
34 93 10.5
34 94 38.0
34 95 71.0
34 96 91.25
34 97 53.5
34 98 99.0
34 99 66.25
35 36 83.75
35 37 21.0
35 38 20.5
35 39 92.25
35 40 89.0
35 41 92.25
35 42 6.0
35 43 92.25
35 44 87.5
35 45 49.5
35 46 1.25
35 47 13.75
35 48 60.25
35 49 24.5
35 50 11.5
35 51 42.75
35 52 89.0
35 53 54.25
35 54 14.25
35 55 24.75
35 56 14.25
35 57 16.5
35 58 28.25
35 59 15.5
35 60 74.75
35 61 39.5
35 62 67.75
35 63 48.75
35 64 81.75
35 65 42.0
35 66 25.25
35 67 78.75
35 68 96.0
35 69 67.25
35 70 52.5
35 71 18.5
35 72 48.0
35 73 68.75
35 74 91.25
35 75 57.25
35 76 68.0
35 77 38.75
35 78 36.5
35 79 13.25
35 80 18.5
35 81 90.0
35 82 10.0
35 83 27.5
35 84 18.5
35 85 10.5
35 86 51.5
35 87 95.0
35 88 59.0
35 89 40.0
35 90 47.0
35 91 18.5
35 92 84.75
35 93 33.25
35 94 27.0
35 95 42.0
35 96 39.0
35 97 58.25
35 98 26.25
35 99 56.75
36 37 30.0
36 38 21.75
36 39 3.0
36 40 78.5
36 41 58.5
36 42 94.0
36 43 82.25
36 44 74.5
36 45 88.5
36 46 45.5
36 47 88.5
36 48 67.75
36 49 25.0
36 50 24.5
36 51 16.0
36 52 83.25
36 53 83.25
36 54 33.5
36 55 47.25
36 56 78.5
36 57 51.75
36 58 1.75
36 59 66.25
36 60 32.0
36 61 67.5
36 62 23.25
36 63 95.25
36 64 40.25
36 65 5.0
36 66 3.0
36 67 3.0
36 68 92.25
36 69 83.75
36 70 64.75
36 71 80.0
36 72 58.5
36 73 83.5
36 74 2.75
36 75 38.25
36 76 15.5
36 77 40.0
36 78 8.5
36 79 79.25
36 80 77.75
36 81 53.5
36 82 45.0
36 83 96.0
36 84 77.75
36 85 25.25
36 86 99.25
36 87 32.0
36 88 58.75
36 89 99.25
36 90 95.75
36 91 43.0
36 92 75.25
36 93 50.25
36 94 46.25
36 95 84.25
36 96 29.5
36 97 78.25
36 98 2.75
36 99 35.75
37 38 85.25
37 39 88.5
37 40 40.0
37 41 42.0
37 42 46.0
37 43 2.75
37 44 58.75
37 45 72.5
37 46 70.25
37 47 73.25
37 48 92.25
37 49 13.75
37 50 60.0
37 51 14.0
37 52 57.25
37 53 81.75
37 54 59.5
37 55 24.0
37 56 51.0
37 57 9.0
37 58 56.5
37 59 95.0
37 60 12.5
37 61 4.0
37 62 66.0
37 63 1.5
37 64 78.75
37 65 21.5
37 66 96.0
37 67 76.25
37 68 77.0
37 69 2.5
37 70 44.5
37 71 51.5
37 72 90.0
37 73 40.0
37 74 51.5
37 75 56.25
37 76 60.5
37 77 87.75
37 78 73.5
37 79 67.75
37 80 63.25
37 81 12.0
37 82 3.0
37 83 73.0
37 84 89.0
37 85 66.0
37 86 89.5
37 87 91.75
37 88 31.75
37 89 41.0
37 90 67.75
37 91 81.75
37 92 34.75
37 93 20.75
37 94 12.75
37 95 89.75
37 96 31.0
37 97 44.25
37 98 38.0
37 99 30.75
38 39 93.25
38 40 39.5
38 41 59.5
38 42 92.0
38 43 54.0
38 44 33.5
38 45 9.0
38 46 42.25
38 47 34.75
38 48 71.25
38 49 44.75
38 50 34.25
38 51 29.5
38 52 95.0
38 53 26.0
38 54 92.0
38 55 44.5
38 56 89.0
38 57 1.75
38 58 23.0
38 59 78.0
38 60 9.25
38 61 65.75
38 62 8.5
38 63 3.75
38 64 30.75
38 65 4.5
38 66 17.5
38 67 58.25
38 68 67.5
38 69 1.0
38 70 80.0
38 71 2.0
38 72 68.25
38 73 29.75
38 74 94.0
38 75 30.5
38 76 23.25
38 77 35.0
38 78 67.5
38 79 86.75
38 80 81.75
38 81 74.25
38 82 28.25
38 83 97.5
38 84 71.0
38 85 61.25
38 86 97.5
38 87 43.0
38 88 35.5
38 89 81.25
38 90 54.5
38 91 47.5
38 92 6.25
38 93 4.25
38 94 34.75
38 95 46.75
38 96 71.5
38 97 37.0
38 98 87.75
38 99 5.0
39 40 35.5
39 41 28.75
39 42 29.25
39 43 76.5
39 44 56.5
39 45 95.5
39 46 41.5
39 47 30.25
39 48 14.75
39 49 45.0
39 50 35.0
39 51 33.0
39 52 13.5
39 53 34.75
39 54 40.75
39 55 42.25
39 56 3.0
39 57 66.0
39 58 75.0
39 59 70.5
39 60 91.5
39 61 10.5
39 62 25.25
39 63 49.25
39 64 26.75
39 65 83.75
39 66 16.5
39 67 59.75
39 68 15.75
39 69 87.25
39 70 4.25
39 71 44.25
39 72 91.0
39 73 35.5
39 74 41.0
39 75 18.5
39 76 0.75
39 77 14.25
39 78 9.0
39 79 37.25
39 80 12.75
39 81 45.5
39 82 25.25
39 83 84.5
39 84 61.5
39 85 57.25
39 86 47.25
39 87 0.25
39 88 99.25
39 89 26.0
39 90 6.5
39 91 64.5
39 92 58.0
39 93 60.25
39 94 43.0
39 95 31.25
39 96 38.75
39 97 61.25
39 98 6.5
39 99 84.25
40 41 46.25
40 42 11.25
40 43 49.0
40 44 18.0
40 45 90.5
40 46 45.75
40 47 63.75
40 48 25.0
40 49 88.0
40 50 26.5
40 51 65.75
40 52 96.75
40 53 54.75
40 54 30.75
40 55 70.5
40 56 91.5
40 57 16.75
40 58 12.5
40 59 87.25
40 60 55.5
40 61 22.0
40 62 28.0
40 63 79.75
40 64 44.75
40 65 77.75
40 66 74.25
40 67 98.25
40 68 7.0
40 69 33.0
40 70 18.25
40 71 36.5
40 72 20.0
40 73 82.25
40 74 40.25
40 75 84.25
40 76 60.25
40 77 86.25
40 78 83.75
40 79 22.5
40 80 97.5
40 81 90.5
40 82 25.25
40 83 79.0
40 84 54.0
40 85 42.5
40 86 37.5
40 87 71.5
40 88 91.5
40 89 77.0
40 90 14.0
40 91 6.75
40 92 52.25
40 93 32.5
40 94 41.5
40 95 92.25
40 96 3.25
40 97 31.0
40 98 97.0
40 99 23.75
41 42 64.5
41 43 18.5
41 44 40.5
41 45 96.0
41 46 87.75
41 47 78.5
41 48 29.5
41 49 47.0
41 50 85.5
41 51 9.0
41 52 78.0
41 53 38.5
41 54 78.5
41 55 68.75
41 56 22.0
41 57 70.25
41 58 68.0
41 59 60.5
41 60 54.25
41 61 72.0
41 62 54.25
41 63 2.0
41 64 49.25
41 65 42.25
41 66 59.25
41 67 87.75
41 68 17.25
41 69 18.5
41 70 70.25
41 71 65.5
41 72 57.0
41 73 32.75
41 74 92.75
41 75 45.75
41 76 16.0
41 77 28.25
41 78 26.75
41 79 56.75
41 80 62.0
41 81 28.25
41 82 97.0
41 83 46.25
41 84 46.0
41 85 97.25
41 86 13.0
41 87 75.0
41 88 31.5
41 89 83.0
41 90 16.25
41 91 58.75
41 92 15.0
41 93 60.5
41 94 7.25
41 95 80.75
41 96 60.75
41 97 19.75
41 98 2.75
41 99 22.25
42 43 22.25
42 44 17.0
42 45 34.25
42 46 77.75
42 47 50.75
42 48 26.25
42 49 61.25
42 50 51.5
42 51 58.75
42 52 36.0
42 53 82.75
42 54 60.25
42 55 40.75
42 56 18.25
42 57 39.25
42 58 39.5
42 59 38.5
42 60 96.5
42 61 76.0
42 62 63.25
42 63 27.5
42 64 60.5
42 65 46.5
42 66 23.25
42 67 83.75
42 68 87.5
42 69 33.25
42 70 15.75
42 71 16.5
42 72 37.75
42 73 50.0
42 74 46.0
42 75 79.25
42 76 91.5
42 77 53.5
42 78 11.75
42 79 94.5
42 80 70.25
42 81 57.0
42 82 73.5
42 83 23.25
42 84 39.5
42 85 85.75
42 86 65.75
42 87 61.5
42 88 61.25
42 89 59.5
42 90 75.5
42 91 77.75
42 92 5.75
42 93 45.5
42 94 99.5
42 95 63.25
42 96 58.75
42 97 24.0
42 98 71.0
42 99 88.5
43 44 49.0
43 45 53.0
43 46 79.75
43 47 27.75
43 48 75.5
43 49 41.5
43 50 81.5
43 51 41.5
43 52 37.75
43 53 83.5
43 54 12.0
43 55 35.0
43 56 4.0
43 57 4.0
43 58 59.0
43 59 98.75
43 60 4.5
43 61 57.5
43 62 58.75
43 63 92.25
43 64 57.75
43 65 12.25
43 66 6.75
43 67 18.25
43 68 39.75
43 69 78.0
43 70 51.0
43 71 61.75
43 72 30.75
43 73 72.25
43 74 88.0
43 75 86.25
43 76 61.5
43 77 76.0
43 78 44.25
43 79 48.5
43 80 61.5
43 81 79.75
43 82 76.25
43 83 40.5
43 84 38.5
43 85 39.25
43 86 90.0
43 87 63.75
43 88 51.5
43 89 95.75
43 90 74.0
43 91 55.25
43 92 38.5
43 93 5.5
43 94 46.0
43 95 44.5
43 96 39.25
43 97 58.5
43 98 34.0
43 99 66.75
44 45 57.5
44 46 4.0
44 47 38.25
44 48 49.0
44 49 48.75
44 50 92.75
44 51 25.5
44 52 66.25
44 53 56.0
44 54 65.75
44 55 54.25
44 56 83.0
44 57 80.75
44 58 34.5
44 59 3.25
44 60 15.5
44 61 7.25
44 62 49.0
44 63 88.25
44 64 97.0
44 65 53.5
44 66 29.25
44 67 25.0
44 68 98.0
44 69 9.5
44 70 11.5
44 71 62.0
44 72 29.75
44 73 45.75
44 74 7.25
44 75 57.0
44 76 13.0
44 77 52.5
44 78 29.75
44 79 2.0
44 80 6.75
44 81 64.0
44 82 22.0
44 83 2.0
44 84 69.0
44 85 53.25
44 86 65.5
44 87 41.75
44 88 11.0
44 89 90.75
44 90 33.5
44 91 35.0
44 92 74.25
44 93 33.75
44 94 16.5
44 95 73.75
44 96 54.75
44 97 62.75
44 98 97.5
44 99 21.0
45 46 65.5
45 47 25.25
45 48 19.25
45 49 78.25
45 50 61.5
45 51 61.5
45 52 23.0
45 53 90.5
45 54 13.25
45 55 76.0
45 56 77.5
45 57 77.0
45 58 28.25
45 59 49.25
45 60 22.0
45 61 81.25
45 62 75.75
45 63 32.75
45 64 57.75
45 65 85.5
45 66 54.75
45 67 77.0
45 68 65.75
45 69 52.75
45 70 81.0
45 71 2.5
45 72 50.25
45 73 89.0
45 74 87.0
45 75 68.0
45 76 61.5
45 77 97.5
45 78 76.25
45 79 91.5
45 80 95.75
45 81 81.0
45 82 14.25
45 83 87.0
45 84 83.75
45 85 82.75
45 86 93.5
45 87 45.5
45 88 14.75
45 89 87.75
45 90 38.25
45 91 17.75
45 92 32.0
45 93 68.25
45 94 40.75
45 95 43.0
45 96 26.5
45 97 78.0
45 98 28.25
45 99 18.0
46 47 12.75
46 48 74.5
46 49 6.0
46 50 16.5
46 51 28.5
46 52 79.0
46 53 34.75
46 54 5.5
46 55 76.75
46 56 16.5
46 57 28.5
46 58 80.5
46 59 84.0
46 60 24.0
46 61 39.75
46 62 52.25
46 63 94.5
46 64 73.0
46 65 92.25
46 66 22.5
46 67 44.25
46 68 10.25
46 69 44.5
46 70 70.25
46 71 73.75
46 72 96.25
46 73 97.75
46 74 90.75
46 75 82.25
46 76 29.0
46 77 18.75
46 78 22.75
46 79 71.5
46 80 98.5
46 81 70.0
46 82 47.5
46 83 12.5
46 84 11.25
46 85 49.75
46 86 47.0
46 87 24.5
46 88 60.75
46 89 61.0
46 90 82.0
46 91 24.5
46 92 81.75
46 93 83.5
46 94 47.0
46 95 75.75
46 96 36.5
46 97 43.75
46 98 42.5
46 99 63.5
47 48 39.0
47 49 76.5
47 50 83.25
47 51 17.0
47 52 39.25
47 53 94.5
47 54 54.0
47 55 96.5
47 56 10.25
47 57 20.5
47 58 90.0
47 59 35.0
47 60 65.25
47 61 50.5
47 62 92.25
47 63 94.25
47 64 6.25
47 65 36.5
47 66 82.0
47 67 85.5
47 68 7.25
47 69 26.75
47 70 12.0
47 71 29.0
47 72 52.0
47 73 90.25
47 74 81.25
47 75 79.25
47 76 60.75
47 77 1.0
47 78 47.75
47 79 25.5
47 80 88.0
47 81 9.75
47 82 27.5
47 83 55.5
47 84 36.5
47 85 97.0
47 86 33.5
47 87 2.0
47 88 84.5
47 89 93.25
47 90 33.75
47 91 95.5
47 92 67.0
47 93 86.25
47 94 71.0
47 95 90.75
47 96 32.25
47 97 37.0
47 98 8.5
47 99 42.25
48 49 75.25
48 50 50.75
48 51 81.25
48 52 78.0
48 53 8.75
48 54 76.75
48 55 1.5
48 56 25.25
48 57 79.5
48 58 27.75
48 59 32.0
48 60 45.5
48 61 66.75
48 62 42.5
48 63 24.5
48 64 64.75
48 65 79.75
48 66 80.25
48 67 12.0
48 68 50.75
48 69 68.0
48 70 40.0
48 71 0.5
48 72 95.5
48 73 96.75
48 74 13.75
48 75 82.0
48 76 41.5
48 77 25.25
48 78 82.75
48 79 23.0
48 80 23.75
48 81 2.75
48 82 49.75
48 83 67.75
48 84 91.75
48 85 50.5
48 86 91.0
48 87 89.5
48 88 9.25
48 89 10.5
48 90 29.0
48 91 0.75
48 92 85.25
48 93 33.75
48 94 74.25
48 95 69.5
48 96 48.25
48 97 28.25
48 98 23.25
48 99 97.0
49 50 82.75
49 51 38.5
49 52 21.5
49 53 63.25
49 54 33.75
49 55 76.25
49 56 54.75
49 57 41.5
49 58 25.5
49 59 54.5
49 60 3.75
49 61 49.0
49 62 32.25
49 63 18.0
49 64 74.75
49 65 19.25
49 66 37.5
49 67 19.75
49 68 81.0
49 69 11.0
49 70 70.5
49 71 40.25
49 72 98.5
49 73 28.75
49 74 39.0
49 75 30.0
49 76 31.0
49 77 50.25
49 78 14.75
49 79 12.25
49 80 58.75
49 81 66.5
49 82 12.0
49 83 25.75
49 84 60.0
49 85 83.0
49 86 11.0
49 87 98.75
49 88 37.75
49 89 40.0
49 90 84.0
49 91 44.75
49 92 15.75
49 93 4.75
49 94 3.25
49 95 18.0
49 96 42.25
49 97 36.75
49 98 81.25
49 99 69.25
50 51 37.5
50 52 36.0
50 53 45.0
50 54 29.0
50 55 98.75
50 56 65.0
50 57 17.0
50 58 86.25
50 59 18.25
50 60 12.25
50 61 35.25
50 62 53.5
50 63 45.5
50 64 17.75
50 65 24.5
50 66 8.75
50 67 88.75
50 68 85.5
50 69 8.75
50 70 55.25
50 71 25.0
50 72 0.75
50 73 76.0
50 74 52.5
50 75 53.0
50 76 72.0
50 77 88.0
50 78 19.75
50 79 99.0
50 80 96.5
50 81 91.0
50 82 48.5
50 83 33.25
50 84 84.5
50 85 84.25
50 86 12.25
50 87 63.5
50 88 65.25
50 89 61.25
50 90 12.25
50 91 32.25
50 92 3.25
50 93 74.25
50 94 8.25
50 95 2.5
50 96 61.0
50 97 25.25
50 98 31.75
50 99 77.25
51 52 49.0
51 53 63.5
51 54 77.5
51 55 65.75
51 56 64.25
51 57 76.25
51 58 88.5
51 59 90.0
51 60 65.75
51 61 23.0
51 62 5.0
51 63 10.5
51 64 34.25
51 65 59.0
51 66 85.0
51 67 30.5
51 68 9.5
51 69 18.0
51 70 98.25
51 71 93.25
51 72 99.25
51 73 89.25
51 74 78.25
51 75 70.5
51 76 7.75
51 77 72.5
51 78 47.5
51 79 17.25
51 80 58.0
51 81 86.5
51 82 91.75
51 83 22.5
51 84 99.5
51 85 99.5
51 86 63.75
51 87 44.0
51 88 13.0
51 89 89.75
51 90 11.5
51 91 61.25
51 92 21.5
51 93 93.25
51 94 51.0
51 95 13.0
51 96 92.0
51 97 46.75
51 98 32.25
51 99 18.0
52 53 43.25
52 54 50.5
52 55 58.75
52 56 72.0
52 57 94.5
52 58 55.25
52 59 26.0
52 60 20.25
52 61 77.5
52 62 86.75
52 63 51.75
52 64 80.25
52 65 88.75
52 66 49.75
52 67 51.0
52 68 39.75
52 69 35.75
52 70 10.75
52 71 19.75
52 72 69.5
52 73 68.5
52 74 65.5
52 75 3.5
52 76 35.25
52 77 98.25
52 78 88.5
52 79 21.5
52 80 92.5
52 81 16.5
52 82 87.0
52 83 74.5
52 84 21.0
52 85 56.0
52 86 12.5
52 87 15.5
52 88 86.25
52 89 96.5
52 90 32.75
52 91 26.75
52 92 78.5
52 93 45.0
52 94 88.25
52 95 43.0
52 96 52.25
52 97 68.25
52 98 45.75
52 99 0.5
53 54 25.5
53 55 73.0
53 56 6.0
53 57 3.0
53 58 23.0
53 59 9.5
53 60 15.25
53 61 30.0
53 62 23.75
53 63 96.5
53 64 64.25
53 65 95.0
53 66 85.0
53 67 27.75
53 68 39.5
53 69 76.0
53 70 50.25
53 71 51.0
53 72 61.75
53 73 69.5
53 74 45.5
53 75 39.5
53 76 22.0
53 77 24.75
53 78 17.25
53 79 75.25
53 80 84.0
53 81 25.5
53 82 45.75
53 83 57.0
53 84 72.75
53 85 73.25
53 86 31.0
53 87 68.75
53 88 86.0
53 89 89.75
53 90 42.0
53 91 70.25
53 92 76.75
53 93 64.5
53 94 28.5
53 95 59.0
53 96 88.0
53 97 61.5
53 98 44.0
53 99 34.0
54 55 7.5
54 56 11.75
54 57 79.5
54 58 71.0
54 59 40.5
54 60 75.75
54 61 37.75
54 62 75.75
54 63 60.25
54 64 19.0
54 65 76.75
54 66 63.0
54 67 18.75
54 68 22.5
54 69 8.75
54 70 79.25
54 71 10.5
54 72 99.5
54 73 61.0
54 74 8.75
54 75 87.0
54 76 49.75
54 77 89.75
54 78 71.75
54 79 41.0
54 80 4.0
54 81 44.75
54 82 36.25
54 83 21.75
54 84 23.5
54 85 96.25
54 86 78.0
54 87 81.0
54 88 31.25
54 89 92.0
54 90 27.25
54 91 16.25
54 92 62.5
54 93 47.5
54 94 96.5
54 95 39.25
54 96 94.75
54 97 49.75
54 98 17.75
54 99 36.75
55 56 82.75
55 57 95.0
55 58 76.25
55 59 82.25
55 60 71.5
55 61 91.0
55 62 96.75
55 63 63.5
55 64 67.25
55 65 57.25
55 66 27.25
55 67 57.5
55 68 4.5
55 69 48.0
55 70 69.75
55 71 78.5
55 72 81.5
55 73 39.5
55 74 65.0
55 75 93.75
55 76 10.0
55 77 98.0
55 78 28.75
55 79 17.25
55 80 96.75
55 81 2.0
55 82 48.25
55 83 46.5
55 84 16.0
55 85 80.25
55 86 88.25
55 87 18.5
55 88 60.5
55 89 87.5
55 90 24.0
55 91 60.0
55 92 44.0
55 93 97.25
55 94 20.75
55 95 7.0
55 96 27.0
55 97 79.0
55 98 63.25
55 99 72.5
56 57 79.75
56 58 14.75
56 59 64.75
56 60 75.0
56 61 16.75
56 62 72.75
56 63 9.25
56 64 65.25
56 65 5.25
56 66 61.0
56 67 27.0
56 68 54.0
56 69 60.25
56 70 0.25
56 71 67.0
56 72 89.0
56 73 5.25
56 74 23.25
56 75 55.0
56 76 32.5
56 77 25.5
56 78 87.5
56 79 82.0
56 80 30.75
56 81 94.75
56 82 58.0
56 83 1.75
56 84 24.5
56 85 97.0
56 86 95.0
56 87 79.0
56 88 16.75
56 89 18.75
56 90 18.5
56 91 89.25
56 92 55.0
56 93 12.0
56 94 69.5
56 95 64.75
56 96 89.5
56 97 55.0
56 98 35.5
56 99 29.0
57 58 8.5
57 59 99.5
57 60 48.75
57 61 17.25
57 62 1.5
57 63 58.5
57 64 84.75
57 65 19.75
57 66 61.25
57 67 6.0
57 68 14.25
57 69 83.5
57 70 94.0
57 71 15.75
57 72 34.5
57 73 44.25
57 74 69.5
57 75 29.0
57 76 4.25
57 77 77.5
57 78 53.25
57 79 58.0
57 80 27.75
57 81 5.25
57 82 57.75
57 83 20.5
57 84 3.25
57 85 82.5
57 86 82.5
57 87 20.75
57 88 55.75
57 89 17.0
57 90 18.0
57 91 6.75
57 92 9.5
57 93 7.0
57 94 18.75
57 95 61.5
57 96 93.5
57 97 45.25
57 98 63.75
57 99 60.75
58 59 70.0
58 60 34.25
58 61 83.5
58 62 8.75
58 63 57.75
58 64 30.5
58 65 3.5
58 66 71.75
58 67 23.75
58 68 87.0
58 69 89.75
58 70 78.75
58 71 85.25
58 72 4.25
58 73 44.0
58 74 79.25
58 75 35.75
58 76 30.0
58 77 21.75
58 78 3.75
58 79 72.0
58 80 84.75
58 81 81.0
58 82 92.25
58 83 44.25
58 84 16.5
58 85 5.25
58 86 46.5
58 87 2.0
58 88 49.25
58 89 1.5
58 90 65.75
58 91 93.5
58 92 3.25
58 93 35.0
58 94 62.0
58 95 1.0
58 96 71.5
58 97 35.5
58 98 87.5
58 99 59.75
59 60 43.5
59 61 67.0
59 62 13.25
59 63 35.75
59 64 73.5
59 65 82.25
59 66 86.25
59 67 7.75
59 68 9.75
59 69 94.5
59 70 30.25
59 71 96.25
59 72 12.75
59 73 84.0
59 74 55.75
59 75 56.75
59 76 83.25
59 77 19.75
59 78 75.0
59 79 83.75
59 80 32.75
59 81 35.25
59 82 55.25
59 83 25.75
59 84 75.5
59 85 6.75
59 86 51.25
59 87 5.5
59 88 35.5
59 89 74.75
59 90 72.5
59 91 82.75
59 92 15.25
59 93 55.25
59 94 62.75
59 95 85.75
59 96 78.75
59 97 83.5
59 98 71.25
59 99 97.75
60 61 56.75
60 62 30.5
60 63 88.0
60 64 3.0
60 65 19.75
60 66 2.75
60 67 42.75
60 68 94.0
60 69 44.5
60 70 0.5
60 71 64.75
60 72 27.5
60 73 69.75
60 74 70.0
60 75 33.75
60 76 76.25
60 77 80.0
60 78 10.5
60 79 62.75
60 80 18.5
60 81 5.25
60 82 59.25
60 83 32.25
60 84 46.0
60 85 14.75
60 86 63.25
60 87 56.75
60 88 83.75
60 89 85.25
60 90 59.75
60 91 19.25
60 92 79.5
60 93 30.0
60 94 98.0
60 95 79.0
60 96 38.5
60 97 81.25
60 98 49.25
60 99 36.75
61 62 10.25
61 63 82.0
61 64 45.0
61 65 4.0
61 66 5.25
61 67 93.25
61 68 70.5
61 69 17.75
61 70 57.5
61 71 46.0
61 72 93.0
61 73 20.5
61 74 52.25
61 75 16.25
61 76 49.25
61 77 29.75
61 78 12.75
61 79 90.75
61 80 28.5
61 81 63.25
61 82 85.0
61 83 60.25
61 84 77.5
61 85 89.75
61 86 24.5
61 87 98.25
61 88 79.25
61 89 42.0
61 90 73.25
61 91 54.25
61 92 82.5
61 93 66.25
61 94 46.5
61 95 96.75
61 96 31.5
61 97 65.0
61 98 76.25
61 99 81.5
62 63 38.25
62 64 1.0
62 65 10.5
62 66 78.75
62 67 56.25
62 68 98.75
62 69 31.0
62 70 64.75
62 71 15.75
62 72 13.75
62 73 72.25
62 74 58.5
62 75 67.5
62 76 5.0
62 77 9.75
62 78 98.75
62 79 23.5
62 80 55.75
62 81 81.25
62 82 57.25
62 83 65.5
62 84 5.75
62 85 50.5
62 86 69.0
62 87 28.5
62 88 8.25
62 89 43.25
62 90 5.5
62 91 35.25
62 92 24.25
62 93 29.75
62 94 11.5
62 95 31.0
62 96 88.75
62 97 50.75
62 98 86.75
62 99 15.75
63 64 42.0
63 65 3.0
63 66 79.75
63 67 78.75
63 68 28.75
63 69 89.25
63 70 77.25
63 71 47.5
63 72 52.75
63 73 15.25
63 74 25.0
63 75 77.75
63 76 72.0
63 77 12.0
63 78 39.0
63 79 26.5
63 80 20.75
63 81 16.25
63 82 93.5
63 83 26.0
63 84 33.75
63 85 25.5
63 86 30.5
63 87 87.0
63 88 3.25
63 89 52.75
63 90 94.0
63 91 96.75
63 92 19.0
63 93 34.0
63 94 53.25
63 95 32.75
63 96 32.5
63 97 41.0
63 98 15.0
63 99 29.5
64 65 91.25
64 66 19.5
64 67 75.0
64 68 36.0
64 69 8.25
64 70 19.75
64 71 44.75
64 72 43.25
64 73 65.75
64 74 15.5
64 75 22.75
64 76 48.0
64 77 52.25
64 78 82.0
64 79 6.75
64 80 59.25
64 81 66.25
64 82 76.75
64 83 83.0
64 84 58.25
64 85 64.25
64 86 85.0
64 87 5.75
64 88 77.0
64 89 70.75
64 90 70.25
64 91 19.5
64 92 75.25
64 93 36.5
64 94 81.25
64 95 16.75
64 96 95.75
64 97 34.75
64 98 35.75
64 99 13.25
65 66 62.5
65 67 57.5
65 68 43.5
65 69 53.25
65 70 21.75
65 71 86.75
65 72 46.5
65 73 56.0
65 74 16.0
65 75 59.25
65 76 80.0
65 77 10.5
65 78 32.5
65 79 3.75
65 80 21.25
65 81 35.0
65 82 1.5
65 83 33.25
65 84 6.0
65 85 19.25
65 86 61.5
65 87 12.75
65 88 44.0
65 89 97.5
65 90 22.75
65 91 47.5
65 92 23.0
65 93 51.0
65 94 58.75
65 95 80.5
65 96 8.0
65 97 90.5
65 98 60.25
65 99 94.25
66 67 31.0
66 68 94.25
66 69 7.0
66 70 97.0
66 71 41.25
66 72 39.0
66 73 35.5
66 74 21.5
66 75 7.25
66 76 74.25
66 77 53.5
66 78 77.75
66 79 49.5
66 80 15.5
66 81 35.0
66 82 70.75
66 83 98.5
66 84 80.75
66 85 61.25
66 86 15.0
66 87 21.0
66 88 42.5
66 89 35.0
66 90 64.75
66 91 62.0
66 92 45.5
66 93 31.0
66 94 83.0
66 95 15.25
66 96 99.25
66 97 63.75
66 98 56.75
66 99 73.0
67 68 33.0
67 69 47.25
67 70 17.75
67 71 56.25
67 72 87.25
67 73 48.5
67 74 91.75
67 75 85.5
67 76 59.0
67 77 49.5
67 78 11.25
67 79 26.75
67 80 93.5
67 81 64.5
67 82 76.25
67 83 48.75
67 84 75.0
67 85 29.0
67 86 4.75
67 87 93.75
67 88 78.75
67 89 42.5
67 90 64.25
67 91 54.75
67 92 41.5
67 93 90.5
67 94 75.25
67 95 20.75
67 96 62.25
67 97 35.75
67 98 66.75
67 99 93.25
68 69 0.5
68 70 30.75
68 71 74.0
68 72 52.25
68 73 20.75
68 74 82.0
68 75 83.75
68 76 50.25
68 77 7.25
68 78 25.0
68 79 70.0
68 80 90.75
68 81 63.0
68 82 92.5
68 83 29.75
68 84 4.5
68 85 29.25
68 86 22.75
68 87 67.0
68 88 85.0
68 89 24.75
68 90 32.5
68 91 88.25
68 92 95.0
68 93 52.75
68 94 89.25
68 95 97.5
68 96 68.5
68 97 14.5
68 98 42.0
68 99 96.75
69 70 91.0
69 71 26.25
69 72 83.75
69 73 84.0
69 74 29.0
69 75 10.75
69 76 54.25
69 77 4.0
69 78 70.25
69 79 41.75
69 80 86.5
69 81 56.75
69 82 10.25
69 83 2.75
69 84 39.25
69 85 38.75
69 86 56.0
69 87 75.75
69 88 92.0
69 89 38.25
69 90 94.75
69 91 74.5
69 92 71.25
69 93 18.5
69 94 36.5
69 95 23.75
69 96 92.5
69 97 48.5
69 98 22.75
69 99 59.75
70 71 39.5
70 72 45.5
70 73 13.0
70 74 46.5
70 75 46.25
70 76 19.5
70 77 62.25
70 78 78.75
70 79 53.75
70 80 23.0
70 81 29.25
70 82 49.25
70 83 19.25
70 84 71.0
70 85 9.75
70 86 11.5
70 87 37.75
70 88 71.75
70 89 95.5
70 90 68.25
70 91 73.5
70 92 38.75
70 93 32.0
70 94 16.75
70 95 54.5
70 96 3.0
70 97 69.25
70 98 44.0
70 99 92.5
71 72 96.0
71 73 28.5
71 74 68.5
71 75 83.25
71 76 46.75
71 77 18.75
71 78 61.5
71 79 40.5
71 80 39.25
71 81 52.0
71 82 0.25
71 83 40.75
71 84 81.75
71 85 25.75
71 86 64.25
71 87 33.5
71 88 56.25
71 89 70.75
71 90 27.75
71 91 71.25
71 92 37.25
71 93 30.75
71 94 6.75
71 95 15.75
71 96 20.25
71 97 30.0
71 98 92.25
71 99 28.5
72 73 60.25
72 74 23.0
72 75 55.5
72 76 96.0
72 77 10.5
72 78 18.25
72 79 39.5
72 80 60.25
72 81 90.0
72 82 58.0
72 83 89.5
72 84 68.5
72 85 53.5
72 86 54.25
72 87 10.25
72 88 24.75
72 89 81.0
72 90 93.0
72 91 57.0
72 92 3.75
72 93 33.25
72 94 83.25
72 95 56.0
72 96 9.0
72 97 90.75
72 98 4.75
72 99 16.75
73 74 65.5
73 75 93.0
73 76 40.5
73 77 80.5
73 78 82.5
73 79 95.75
73 80 86.0
73 81 29.75
73 82 0.25
73 83 0.25
73 84 13.25
73 85 81.5
73 86 99.25
73 87 60.25
73 88 85.75
73 89 79.5
73 90 41.25
73 91 14.25
73 92 3.75
73 93 88.75
73 94 15.25
73 95 35.25
73 96 64.75
73 97 94.5
73 98 18.5
73 99 88.5
74 75 19.75
74 76 82.75
74 77 32.25
74 78 91.25
74 79 44.5
74 80 29.25
74 81 25.25
74 82 79.25
74 83 72.75
74 84 97.25
74 85 91.75
74 86 99.0
74 87 30.0
74 88 34.25
74 89 13.5
74 90 66.75
74 91 49.5
74 92 63.25
74 93 70.75
74 94 16.75
74 95 56.0
74 96 60.75
74 97 65.5
74 98 12.25
74 99 29.25
75 76 1.0
75 77 62.5
75 78 11.75
75 79 72.75
75 80 96.0
75 81 88.25
75 82 32.5
75 83 99.25
75 84 79.75
75 85 66.0
75 86 5.75
75 87 20.75
75 88 41.75
75 89 11.0
75 90 95.25
75 91 48.25
75 92 35.75
75 93 24.0
75 94 20.75
75 95 43.25
75 96 28.0
75 97 14.25
75 98 86.0
75 99 6.75
76 77 61.5
76 78 15.75
76 79 42.5
76 80 98.0
76 81 6.25
76 82 90.25
76 83 97.0
76 84 52.5
76 85 97.5
76 86 11.0
76 87 36.5
76 88 9.0
76 89 74.0
76 90 16.25
76 91 62.5
76 92 21.5
76 93 3.5
76 94 0.75
76 95 15.25
76 96 8.5
76 97 42.0
76 98 33.75
76 99 48.75
77 78 71.75
77 79 66.0
77 80 80.75
77 81 82.5
77 82 90.25
77 83 18.75
77 84 35.5
77 85 5.0
77 86 57.75
77 87 79.0
77 88 96.25
77 89 93.5
77 90 81.0
77 91 33.0
77 92 98.0
77 93 33.25
77 94 1.0
77 95 20.25
77 96 62.5
77 97 55.75
77 98 56.75
77 99 61.5
78 79 6.75
78 80 25.25
78 81 89.25
78 82 53.75
78 83 30.0
78 84 10.75
78 85 34.0
78 86 58.0
78 87 27.0
78 88 72.5
78 89 6.0
78 90 6.5
78 91 15.5
78 92 58.75
78 93 81.25
78 94 78.0
78 95 97.25
78 96 50.25
78 97 12.75
78 98 72.5
78 99 7.25
79 80 0.5
79 81 79.75
79 82 30.25
79 83 30.5
79 84 93.5
79 85 22.75
79 86 76.75
79 87 13.0
79 88 94.5
79 89 51.25
79 90 7.5
79 91 92.75
79 92 92.75
79 93 2.25
79 94 96.0
79 95 70.5
79 96 26.75
79 97 78.25
79 98 14.0
79 99 5.75
80 81 54.0
80 82 29.0
80 83 40.0
80 84 40.75
80 85 78.5
80 86 51.75
80 87 47.0
80 88 45.25
80 89 66.75
80 90 11.75
80 91 8.5
80 92 54.25
80 93 28.25
80 94 34.5
80 95 10.0
80 96 95.25
80 97 74.75
80 98 59.75
80 99 93.5
81 82 10.25
81 83 46.5
81 84 22.75
81 85 25.25
81 86 23.0
81 87 82.25
81 88 84.25
81 89 47.5
81 90 31.25
81 91 40.0
81 92 99.5
81 93 29.25
81 94 39.75
81 95 31.0
81 96 35.5
81 97 59.0
81 98 46.25
81 99 30.75
82 83 48.0
82 84 39.75
82 85 98.25
82 86 7.25
82 87 33.75
82 88 71.5
82 89 81.0
82 90 94.75
82 91 14.5
82 92 39.0
82 93 12.0
82 94 51.5
82 95 98.5
82 96 80.5
82 97 13.75
82 98 10.5
82 99 51.25
83 84 24.75
83 85 78.0
83 86 23.0
83 87 86.75
83 88 9.5
83 89 12.25
83 90 32.25
83 91 18.75
83 92 75.0
83 93 73.5
83 94 63.5
83 95 65.25
83 96 42.5
83 97 72.25
83 98 78.75
83 99 93.75
84 85 77.0
84 86 75.5
84 87 56.25
84 88 7.5
84 89 97.0
84 90 23.25
84 91 4.75
84 92 44.5
84 93 83.25
84 94 67.0
84 95 94.5
84 96 38.5
84 97 21.5
84 98 18.5
84 99 98.25
85 86 16.25
85 87 67.75
85 88 7.5
85 89 31.5
85 90 49.0
85 91 92.25
85 92 26.75
85 93 56.5
85 94 61.25
85 95 64.75
85 96 22.5
85 97 33.0
85 98 92.75
85 99 49.5
86 87 35.75
86 88 65.0
86 89 68.25
86 90 44.25
86 91 55.75
86 92 89.0
86 93 32.75
86 94 35.5
86 95 46.0
86 96 40.5
86 97 55.75
86 98 60.0
86 99 91.0
87 88 74.25
87 89 73.25
87 90 71.0
87 91 52.75
87 92 18.0
87 93 26.75
87 94 33.5
87 95 63.0
87 96 67.0
87 97 94.75
87 98 76.25
87 99 6.0
88 89 9.75
88 90 2.5
88 91 99.5
88 92 59.75
88 93 7.75
88 94 27.25
88 95 54.25
88 96 20.25
88 97 36.0
88 98 18.75
88 99 10.25
89 90 19.25
89 91 83.75
89 92 83.25
89 93 20.75
89 94 25.0
89 95 93.25
89 96 72.0
89 97 87.75
89 98 87.75
89 99 22.0
90 91 78.0
90 92 17.25
90 93 84.0
90 94 24.5
90 95 69.0
90 96 76.0
90 97 99.5
90 98 81.0
90 99 91.5
91 92 56.75
91 93 74.5
91 94 9.25
91 95 12.0
91 96 46.0
91 97 79.5
91 98 17.0
91 99 71.75
92 93 88.5
92 94 40.0
92 95 60.25
92 96 5.75
92 97 49.75
92 98 9.0
92 99 17.5
93 94 42.5
93 95 66.0
93 96 23.25
93 97 76.25
93 98 0.25
93 99 76.5
94 95 40.0
94 96 68.25
94 97 29.0
94 98 56.25
94 99 39.5
95 96 20.75
95 97 45.5
95 98 99.0
95 99 4.5
96 97 26.25
96 98 30.0
96 99 36.75
97 98 45.0
97 99 96.5
98 99 42.0