100
47 78 3.755
78 15 57.35
15 74 78.656
74 54 71.125
54 18 73.79
18 6 38.858
6 71 56.818
71 41 82.142
41 95 73.7
95 25 97.538
25 22 83.946
22 87 41.626
87 31 31.715
31 26 37.429
26 76 31.359
76 58 27.533
58 50 41.069
50 23 76.448
23 5 88.907
5 9 44.501
9 53 70.682
53 12 75.975
12 36 76.551
36 63 56.28
63 57 22.18
57 38 24.493
38 89 65.033
89 82 40.713
82 56 69.985
56 67 97.606
67 86 77.536
86 55 18.249
55 27 88.812
27 10 30.605
10 42 8.537
42 30 46.973
30 33 15.536
33 0 21.476
0 75 24.616
75 28 31.109
28 20 10.061
20 45 13.861
45 40 57.063
40 14 93.316
14 61 37.233
61 93 77.87
93 66 78.184
66 11 2.629
11 85 96.278
85 46 61.623
46 48 36.663
48 39 4.52
39 24 95.218
24 35 33.417
35 2 91.952
2 62 39.31
62 34 34.039
34 1 5.021
1 59 13.507
59 79 74.474
79 16 11.031
16 44 84.652
44 13 7.036
13 3 38.8
3 29 84.369
29 17 1.152
17 77 13.01
77 94 32.932
94 84 37.185
84 65 15.917
65 88 6.159
88 51 65.938
51 83 60.933
83 19 24.829
19 98 49.565
98 80 84.765
80 7 28.469
7 68 91.775
68 8 87.283
8 32 44.487
32 92 65.782
92 52 94.872
52 60 71.347
60 69 23.927
69 90 92.038
90 49 84.031
49 91 29.097
91 97 11.983
97 70 78.181
70 43 14.743
43 99 77.369
99 37 75.353
37 96 64.906
96 21 57.476
21 81 94.974
81 73 88.396
73 64 70.203
64 4 77.585
4 72 57.624
