100
0 1 33.0
0 2 77.54
0 3 84.73
0 4 14.24
0 5 0.15
0 6 15.42
0 7 32.04
0 8 31.37
0 9 87.03
10 11 82.54
10 12 51.35
10 13 84.65
10 14 4.03
10 15 55.44
10 16 94.46
10 17 75.46
10 18 78.47
10 19 33.4
0 10 29.84
20 21 29.41
20 22 5.77
20 23 10.88
20 24 83.41
20 25 25.02
20 26 19.26
20 27 60.96
20 28 68.59
20 29 54.67
0 20 52.08
30 31 17.45
30 32 29.48
30 33 19.89
30 34 73.39
30 35 82.44
30 36 67.74
30 37 61.86
30 38 41.57
30 39 63.27
0 30 50.59
40 41 30.4
40 42 85.44
40 43 88.2
40 44 47.43
40 45 93.88
40 46 65.79
40 47 8.72
40 48 7.6
40 49 75.12
0 40 23.12
50 51 48.88
50 52 4.73
50 53 45.55
50 54 5.96
50 55 38.01
50 56 10.91
50 57 3.2
50 58 39.92
50 59 6.21
0 50 14.0
60 61 98.44
60 62 66.49
60 63 59.3
60 64 39.92
60 65 26.07
60 66 12.4
60 67 88.42
60 68 77.02
60 69 80.83
0 60 87.46
70 71 5.35
70 72 11.79
70 73 91.73
70 74 65.67
70 75 60.71
70 76 96.43
70 77 76.25
70 78 93.65
70 79 43.9
0 70 36.86
80 81 11.23
80 82 93.28
80 83 2.0
80 84 47.55
80 85 97.32
80 86 41.24
80 87 82.44
80 88 41.83
80 89 19.26
0 80 40.82
90 91 99.2
90 92 64.04
90 93 78.79
90 94 9.72
90 95 2.33
90 96 32.71
90 97 38.56
90 98 21.66
90 99 76.8
0 90 78.47