100
0 5 58.339
0 24 60.099
0 25 16.48
0 26 9.639
0 27 10.662
1 16 58.387
1 24 55.438
1 28 10.926
1 29 11.285
1 30 17.779
2 9 58.385
2 5 60.389
2 31 20.893
2 32 14.222
2 33 7.355
3 5 64.754
3 34 9.272
3 35 10.638
3 36 12.853
4 11 55.693
4 37 11.175
4 38 12.483
4 39 8.406
5 40 8.63
5 41 5.462
5 42 9.194
6 14 62.478
6 43 5.333
6 44 6.362
6 45 5.583
7 21 62.571
7 46 8.107
7 47 16.904
7 48 15.02
8 14 62.42
8 13 61.951
8 16 67.475
8 49 9.159
8 50 5.587
8 51 6.655
9 52 9.703
9 53 15.324
9 54 12.563
10 22 58.288
10 19 55.373
10 55 5.464
10 56 3.224
10 57 7.264
11 12 64.38
11 58 17.631
11 59 10.551
11 60 14.614
12 17 58.527
12 61 22.004
12 62 10.848
12 63 11.214
13 20 62.61
13 18 55.725
13 64 11.044
13 65 1.876
13 66 6.649
14 67 6.934
14 68 17.537
14 69 5.204
15 23 59.265
15 17 64.655
15 70 14.848
15 71 6.189
15 72 12.598
16 73 18.915
16 74 0.872
16 75 0.225
17 18 63.977
17 76 0.199
17 77 4.259
17 78 3.217
18 79 17.393
18 80 4.34
18 81 7.438
19 23 70.381
19 82 17.609
19 83 14.264
19 84 8.605
20 85 18.083
20 86 12.257
20 87 14.74
21 22 63.58
21 88 9.142
21 89 10.928
21 90 11.535
22 91 10.045
22 92 12.322
22 93 1.447
23 94 10.311
23 95 7.976
23 96 11.735
24 97 16.103
24 98 12.154
24 99 15.062
25 66 29.152
25 48 33.437
26 96 16.84
26 77 17.321
27 73 15.146
28 81 16.638
29 79 16.234
30 61 27.701
30 36 19.612
31 97 13.543
32 48 26.634
33 42 25.806
33 50 26.857
33 35 21.909
34 95 17.263
34 62 21.883
35 53 15.427
35 85 27.948
35 94 22.788
35 97 12.539
35 83 24.462
36 75 20.026
37 82 23.097
38 42 18.175
39 75 11.849
39 83 16.656
39 99 21.784
40 47 20.282
40 93 15.937
41 90 19.821
41 80 18.856
43 81 14.405
43 52 16.388
44 70 26.637
44 68 21.86
45 71 24.993
46 91 23.474
46 71 14.942
48 76 20.13
49 56 21.897
50 63 25.429
51 82 19.892
52 83 19.217
53 57 17.809
54 84 10.3
55 74 14.768
56 74 22.963
56 75 15.509
58 87 13.693
58 65 22.662
58 91 24.441
59 74 20.588
60 74 15.785
61 67 15.011
62 93 24.78
63 64 13.526
63 77 24.442
65 80 18.546
65 84 27.893
68 72 17.601
68 73 18.027
69 82 21.327
69 71 15.324
69 77 24.713
73 98 25.505
73 83 12.565
75 88 21.61
76 80 25.092
78 89 16.88
78 87 23.552
79 86 20.955
79 87 16.148
84 92 26.749
88 93 16.491