100
0 1 27.43
0 4 97.34
0 5 31.36
0 6 10.44
0 7 7.02
0 11 36.1
0 12 75.92
0 13 28.18
0 14 6.54
0 17 84.05
0 18 70.21
0 19 48.44
0 24 47.3
0 28 22.71
0 30 69.96
0 31 51.33
0 32 15.31
0 35 75.41
0 36 61.1
0 39 93.43
0 40 72.99
0 42 93.12
0 43 94.12
0 45 31.97
0 46 80.59
0 49 74.04
0 50 75.25
0 53 28.44
0 54 12.15
0 59 34.55
0 61 73.18
0 64 71.66
0 66 79.1
0 67 89.27
0 68 36.3
0 70 53.28
0 71 30.43
0 77 39.66
0 80 92.2
0 81 45.86
0 84 17.24
0 85 32.42
0 86 22.36
0 90 24.13
0 91 14.56
0 92 12.65
0 95 36.5
0 96 73.34
0 99 29.93
1 2 67.54
1 3 13.92
1 7 47.1
1 9 81.38
1 11 8.14
1 14 2.94
1 15 54.01
1 16 87.48
1 18 3.45
1 20 79.53
1 21 10.93
1 26 68.49
1 27 26.52
1 28 8.95
1 29 52.91
1 30 56.76
1 31 58.72
1 32 41.6
1 35 77.74
1 37 94.53
1 39 95.56
1 40 13.29
1 41 22.22
1 42 40.84
1 44 86.24
1 45 74.0
1 46 75.99
1 47 83.54
1 48 86.47
1 49 15.2
1 50 45.87
1 51 15.36
1 53 40.72
1 54 22.43
1 56 52.3
1 57 8.58
1 58 30.09
1 59 41.63
1 62 29.82
1 63 15.68
1 69 98.12
1 73 98.7
1 76 84.26
1 77 79.86
1 79 84.01
1 82 39.55
1 84 28.81
1 85 37.59
1 90 28.0
1 91 18.37
1 93 53.7
1 94 75.88
1 95 86.25
1 96 38.17
1 99 53.9
2 5 36.78
2 6 17.16
2 8 75.9
2 9 17.45
2 10 92.88
2 11 0.28
2 12 10.36
2 13 45.07
2 17 93.83
2 18 75.49
2 19 19.81
2 20 16.72
2 26 16.59
2 27 15.45
2 28 46.74
2 31 36.18
2 32 52.25
2 33 18.09
2 35 17.32
2 36 65.4
2 37 86.82
2 38 65.67
2 41 39.97
2 42 33.01
2 46 59.21
2 49 47.67
2 51 80.12
2 52 34.93
2 53 68.21
2 54 31.25
2 57 52.61
2 63 19.27
2 64 76.46
2 66 26.84
2 71 40.11
2 73 5.7
2 75 12.8
2 78 34.98
2 79 59.09
2 82 25.27
2 84 39.53
2 85 82.0
2 86 18.67
2 88 90.13
2 89 38.31
3 4 16.7
3 10 18.41
3 12 94.64
3 13 32.27
3 14 75.78
3 15 63.69
3 17 12.91
3 19 69.32
3 21 29.35
3 23 40.38
3 24 43.97
3 31 22.48
3 32 70.63
3 33 69.8
3 34 22.77
3 35 82.59
3 36 19.54
3 43 84.84
3 48 8.49
3 49 47.38
3 51 40.28
3 58 58.01
3 60 40.67
3 61 77.52
3 62 13.43
3 63 11.1
3 64 76.78
3 66 61.55
3 70 39.23
3 71 52.25
3 72 62.72
3 77 39.33
3 79 30.19
3 81 22.81
3 83 79.65
3 85 40.97
3 88 89.62
3 89 32.6
3 90 90.05
3 94 24.65
3 95 24.09
3 98 13.44
4 5 91.16
4 6 35.07
4 8 10.69
4 10 61.08
4 11 48.86
4 12 24.91
4 14 26.72
4 18 43.88
4 19 51.0
4 20 28.86
4 21 79.81
4 23 73.83
4 25 24.06
4 27 29.29
4 28 49.45
4 30 85.8
4 34 38.2
4 35 17.38
4 36 93.09
4 38 33.91
4 39 50.18
4 40 14.06
4 43 10.87
4 45 19.9
4 48 32.64
4 49 1.11
4 50 97.79
4 51 54.24
4 52 87.92
4 53 83.43
4 54 79.64
4 55 72.04
4 57 40.73
4 58 11.79
4 60 18.43
4 61 81.92
4 62 81.11
4 63 57.38
4 65 57.24
4 67 10.41
4 70 38.05
4 77 5.25
4 85 50.82
4 86 46.96
4 88 64.18
4 89 28.3
4 90 6.94
4 91 69.02
4 92 65.41
4 93 37.99
4 95 68.44
4 96 25.64
4 98 34.85
4 99 75.97
5 6 46.19
5 9 59.94
5 12 47.61
5 13 1.41
5 18 7.35
5 19 72.07
5 21 56.31
5 24 51.93
5 27 97.31
5 29 0.16
5 30 61.4
5 32 82.26
5 33 21.32
5 34 8.79
5 37 38.06
5 38 72.75
5 42 73.83
5 43 69.69
5 45 14.1
5 46 65.12
5 47 10.31
5 48 62.38
5 49 15.62
5 50 32.27
5 51 67.81
5 53 83.47
5 54 26.75
5 57 6.48
5 59 30.11
5 62 47.11
5 63 63.74
5 64 2.27
5 67 9.38
5 69 29.79
5 70 47.39
5 73 12.37
5 75 17.73
5 76 10.56
5 80 19.11
5 82 36.52
5 83 81.18
5 85 46.21
5 88 99.23
5 89 33.37
5 91 97.53
5 99 66.82
6 7 69.37
6 9 8.67
6 11 38.01
6 12 48.58
6 14 7.51
6 15 85.59
6 20 73.32
6 22 75.18
6 24 11.18
6 25 10.25
6 29 37.23
6 30 5.95
6 31 63.65
6 33 84.15
6 35 51.3
6 37 55.34
6 38 45.55
6 39 62.48
6 40 30.89
6 41 95.96
6 47 10.24
6 50 81.13
6 55 50.24
6 57 86.23
6 60 68.98
6 62 16.12
6 63 86.0
6 66 25.95
6 67 99.59
6 71 15.43
6 75 60.24
6 77 84.99
6 78 53.57
6 80 24.89
6 81 81.72
6 82 88.26
6 83 70.82
6 86 36.72
6 87 92.32
6 88 62.19
6 89 63.52
6 92 58.95
6 94 63.43
6 95 48.06
7 8 78.68
7 12 84.67
7 14 8.41
7 16 67.58
7 17 81.01
7 20 38.87
7 21 56.84
7 23 23.86
7 24 41.36
7 30 44.48
7 32 47.05
7 33 64.29
7 36 90.58
7 37 58.53
7 39 76.55
7 40 66.68
7 41 57.61
7 42 94.81
7 43 50.27
7 46 85.21
7 47 35.59
7 49 16.14
7 52 90.36
7 54 82.43
7 56 3.5
7 57 87.31
7 59 28.59
7 61 82.03
7 63 38.14
7 64 59.16
7 67 41.2
7 68 23.01
7 71 72.49
7 74 60.32
7 77 93.06
7 78 84.85
7 80 82.15
7 81 98.62
7 84 47.11
7 89 94.29
7 90 1.73
7 91 43.46
7 93 67.3
7 94 45.61
7 95 10.25
7 96 29.22
8 11 63.61
8 12 85.69
8 14 47.94
8 21 57.93
8 23 74.33
8 24 53.68
8 25 11.74
8 28 41.84
8 30 99.66
8 32 62.71
8 33 19.78
8 34 3.57
8 37 48.35
8 38 19.02
8 39 74.72
8 40 69.98
8 41 7.09
8 42 44.86
8 44 3.73
8 45 16.74
8 46 75.69
8 48 22.99
8 49 86.08
8 51 13.63
8 52 98.46
8 53 46.05
8 57 74.76
8 61 69.02
8 62 61.08
8 64 27.96
8 65 47.94
8 67 36.21
8 68 84.45
8 69 88.33
8 73 6.37
8 74 89.17
8 76 22.51
8 79 51.86
8 80 8.86
8 82 13.33
8 83 69.0
8 85 64.96
8 86 99.96
8 87 41.62
8 95 27.12
8 96 30.46
8 97 11.91
8 98 95.04
8 99 2.4
9 10 64.72
9 15 93.81
9 16 95.26
9 20 90.09
9 23 70.05
9 24 56.01
9 26 11.44
9 27 3.49
9 28 81.03
9 29 0.03
9 30 75.56
9 31 6.59
9 40 90.87
9 42 43.08
9 44 77.27
9 45 6.44
9 46 75.16
9 47 4.66
9 49 10.94
9 50 6.8
9 54 15.78
9 56 35.84
9 57 88.41
9 59 92.98
9 61 31.12
9 63 26.37
9 64 20.16
9 65 4.46
9 66 19.72
9 70 92.96
9 72 24.64
9 77 30.5
9 79 43.31
9 81 61.24
9 82 37.85
9 84 61.86
9 86 75.18
9 89 65.86
9 90 17.12
9 92 90.64
9 95 96.12
9 96 46.13
9 98 80.21
10 11 89.45
10 13 52.52
10 15 45.96
10 19 7.29
10 20 92.61
10 24 48.65
10 27 18.12
10 28 22.1
10 30 37.97
10 32 57.96
10 34 34.56
10 35 84.01
10 36 31.83
10 37 80.69
10 38 48.32
10 42 55.0
10 43 24.61
10 44 8.84
10 46 8.87
10 47 40.1
10 49 35.82
10 50 8.79
10 51 67.52
10 52 92.29
10 53 24.82
10 54 40.06
10 56 41.01
10 57 11.15
10 58 42.55
10 59 27.92
10 61 11.88
10 62 74.88
10 63 83.76
10 69 63.87
10 71 11.83
10 73 53.69
10 75 73.08
10 76 46.82
10 78 3.48
10 80 81.29
10 81 75.44
10 90 83.54
10 91 31.89
10 93 61.04
10 94 77.36
10 95 72.32
10 97 11.24
11 13 52.42
11 14 50.09
11 15 87.99
11 17 74.37
11 18 29.09
11 19 70.85
11 20 22.38
11 21 30.55
11 23 89.06
11 25 9.48
11 27 10.09
11 29 41.79
11 31 77.8
11 33 79.56
11 34 15.64
11 35 60.67
11 36 87.88
11 38 17.87
11 39 47.28
11 41 33.6
11 43 65.61
11 44 78.44
11 56 1.16
11 61 39.19
11 62 83.95
11 63 63.18
11 64 98.57
11 67 73.27
11 68 7.88
11 69 56.15
11 70 69.83
11 72 0.84
11 73 86.82
11 77 46.57
11 78 12.12
11 80 99.78
11 81 17.73
11 82 56.52
11 83 70.22
11 86 40.78
11 89 19.15
11 90 47.68
11 92 5.72
11 93 17.98
11 94 9.98
11 97 69.2
11 99 6.81
12 14 52.56
12 15 41.18
12 16 60.58
12 19 15.77
12 20 78.3
12 21 2.5
12 22 70.42
12 23 38.11
12 26 40.44
12 27 95.93
12 29 59.13
12 31 26.41
12 32 17.16
12 33 57.34
12 34 82.7
12 35 41.99
12 36 30.12
12 39 29.07
12 41 66.35
12 42 91.27
12 43 92.88
12 45 34.81
12 46 85.39
12 49 52.8
12 52 9.26
12 54 28.17
12 56 48.36
12 58 1.44
12 59 47.44
12 60 65.38
12 61 95.38
12 63 48.59
12 65 31.15
12 67 86.51
12 68 67.04
12 71 33.91
12 72 52.91
12 73 70.66
12 74 8.79
12 75 79.49
12 76 40.6
12 78 75.88
12 79 75.21
12 83 2.09
12 84 24.16
12 88 24.59
12 89 20.46
12 91 81.98
12 93 85.91
12 94 74.42
12 95 13.18
12 96 92.42
12 97 54.31
12 98 31.15
12 99 19.11
13 14 23.6
13 15 68.81
13 16 82.23
13 21 16.22
13 23 96.56
13 24 76.22
13 25 66.4
13 26 34.5
13 27 75.64
13 28 4.33
13 29 5.93
13 31 26.79
13 33 43.26
13 35 71.27
13 36 72.87
13 37 41.11
13 39 28.65
13 40 97.29
13 43 30.74
13 46 81.13
13 47 58.25
13 49 58.97
13 53 97.73
13 58 71.37
13 59 33.91
13 61 8.05
13 63 94.46
13 64 66.5
13 67 61.73
13 68 8.48
13 69 71.44
13 71 0.77
13 72 43.33
13 75 98.38
13 76 48.79
13 78 68.58
13 79 44.31
13 80 57.69
13 86 18.93
13 87 65.29
13 89 11.23
13 90 11.07
13 93 57.97
13 95 50.33
13 98 25.49
14 16 94.71
14 17 17.13
14 19 36.18
14 20 81.55
14 23 7.83
14 25 50.88
14 26 0.28
14 29 14.36
14 30 59.99
14 31 70.57
14 32 3.71
14 33 36.92
14 34 78.49
14 35 43.52
14 36 34.59
14 37 29.3
14 38 29.72
14 39 10.22
14 40 21.42
14 41 78.42
14 46 38.64
14 48 88.78
14 52 27.23
14 53 47.47
14 54 90.83
14 55 64.33
14 57 86.51
14 59 4.9
14 60 55.14
14 61 73.3
14 62 0.26
14 63 78.34
14 64 49.68
14 66 2.86
14 67 0.84
14 68 36.54
14 71 73.78
14 72 68.57
14 73 56.09
14 74 8.39
14 77 2.46
14 78 10.27
14 81 3.28
14 82 49.93
14 84 44.21
14 86 46.6
14 88 18.7
14 90 94.6
14 91 9.68
14 95 49.67
14 98 46.12
14 99 57.94
15 17 36.79
15 19 97.54
15 20 23.27
15 24 12.8
15 26 62.78
15 28 81.49
15 30 4.64
15 31 98.14
15 37 20.79
15 39 69.69
15 40 70.64
15 41 36.08
15 45 71.71
15 46 83.85
15 47 87.1
15 50 32.52
15 57 94.48
15 58 85.05
15 59 85.82
15 60 58.16
15 61 15.21
15 62 38.69
15 70 24.2
15 72 12.3
15 73 61.79
15 76 16.55
15 77 41.39
15 78 62.51
15 79 33.62
15 84 57.88
15 87 4.18
15 90 83.3
15 92 17.76
15 97 71.53
15 98 40.73
16 18 37.57
16 22 1.01
16 23 26.26
16 25 37.52
16 28 52.47
16 30 78.17
16 31 4.15
16 33 53.0
16 34 95.61
16 35 58.75
16 37 75.53
16 38 74.95
16 40 73.58
16 41 61.65
16 43 38.38
16 45 68.76
16 47 45.37
16 50 88.85
16 52 11.93
16 53 35.41
16 54 90.27
16 55 91.3
16 56 27.08
16 64 32.12
16 69 47.09
16 70 98.87
16 72 32.89
16 73 51.86
16 74 26.61
16 75 62.71
16 77 88.64
16 81 37.07
16 82 61.67
16 83 61.85
16 86 10.62
16 89 89.29
16 91 95.84
16 93 6.8
16 94 25.13
16 95 46.0
16 97 67.59
16 98 90.74
16 99 50.57
17 18 58.89
17 19 91.59
17 20 40.4
17 23 59.43
17 24 65.09
17 25 56.21
17 26 36.71
17 27 11.21
17 28 53.45
17 31 88.07
17 34 28.33
17 43 77.16
17 45 42.01
17 46 93.61
17 49 77.31
17 50 13.61
17 51 46.54
17 52 21.6
17 53 83.6
17 54 62.72
17 55 31.54
17 56 52.83
17 57 7.6
17 58 85.65
17 59 11.4
17 62 40.59
17 64 56.47
17 65 83.41
17 68 42.47
17 69 57.66
17 70 47.45
17 71 38.61
17 72 18.18
17 73 66.74
17 74 5.82
17 75 45.41
17 76 63.79
17 78 90.13
17 80 91.3
17 82 15.29
17 85 46.49
17 86 92.87
17 89 53.5
17 91 89.67
17 92 11.68
17 93 95.09
17 98 76.75
17 99 91.83
18 19 46.53
18 20 41.35
18 22 80.89
18 23 57.67
18 25 24.93
18 28 0.75
18 29 32.95
18 31 28.12
18 33 53.06
18 34 81.74
18 44 97.98
18 48 39.18
18 50 72.04
18 51 91.96
18 52 98.8
18 53 43.03
18 54 34.49
18 59 96.5
18 62 70.28
18 63 94.61
18 64 51.78
18 65 78.39
18 66 76.18
18 67 83.49
18 68 5.73
18 70 53.76
18 72 69.74
18 74 67.4
18 77 75.82
18 79 96.76
18 82 61.1
18 87 83.29
18 89 12.26
18 92 70.35
18 94 8.95
18 96 55.75
18 98 14.44
18 99 42.49
19 20 97.63
19 22 8.67
19 23 0.47
19 25 76.71
19 26 30.35
19 27 32.53
19 28 21.68
19 29 93.18
19 30 31.93
19 31 9.28
19 32 45.03
19 35 90.89
19 37 50.7
19 40 46.39
19 41 30.66
19 42 59.26
19 43 62.67
19 46 43.88
19 48 46.74
19 49 27.83
19 51 6.2
19 54 0.35
19 59 6.67
19 60 68.65
19 62 2.91
19 63 14.92
19 64 5.03
19 66 66.56
19 69 84.57
19 70 32.98
19 73 69.08
19 74 53.57
19 76 10.58
19 81 88.04
19 82 80.27
19 86 42.2
19 88 4.46
19 90 41.13
19 91 53.39
19 94 53.77
19 96 10.08
19 97 63.98
19 98 87.94
19 99 40.52
20 22 76.25
20 23 88.69
20 26 16.04
20 27 29.38
20 28 85.79
20 29 10.87
20 30 89.41
20 31 14.57
20 36 63.27
20 37 2.91
20 39 67.57
20 43 4.67
20 45 19.77
20 46 79.61
20 51 57.96
20 54 77.85
20 55 17.02
20 59 8.93
20 60 38.76
20 61 40.31
20 62 76.41
20 63 57.1
20 65 78.27
20 66 48.58
20 68 69.47
20 70 4.34
20 71 59.42
20 77 27.9
20 78 59.35
20 82 27.11
20 83 71.43
20 85 28.19
20 87 40.89
20 88 36.67
20 89 88.17
20 91 69.17
20 93 24.38
20 96 91.72
21 22 72.73
21 23 39.31
21 24 13.01
21 25 9.93
21 26 12.69
21 30 49.68
21 32 80.24
21 33 55.69
21 35 40.31
21 36 2.53
21 37 81.39
21 39 20.09
21 42 79.95
21 43 17.28
21 44 15.2
21 46 1.86
21 47 63.29
21 49 7.2
21 50 72.36
21 51 95.86
21 54 76.07
21 55 62.21
21 56 14.0
21 57 67.01
21 59 72.23
21 60 89.34
21 61 63.22
21 66 28.89
21 69 22.1
21 73 14.42
21 76 4.42
21 77 96.47
21 80 99.85
21 83 90.83
21 85 45.12
21 88 71.01
21 93 96.16
21 96 16.19
21 98 17.05
22 23 18.92
22 24 85.62
22 27 94.77
22 29 97.27
22 35 5.24
22 36 68.92
22 39 32.88
22 40 3.34
22 41 37.38
22 42 89.31
22 45 23.98
22 46 8.87
22 49 31.61
22 52 94.39
22 54 38.27
22 56 93.15
22 60 51.33
22 61 2.74
22 62 26.49
22 66 67.82
22 67 33.21
22 72 3.43
22 73 71.35
22 79 42.81
22 80 30.43
22 81 11.28
22 83 10.13
22 87 89.25
22 88 70.77
22 89 73.4
22 90 15.96
22 96 33.81
22 99 4.6
23 25 47.65
23 26 50.21
23 27 61.65
23 28 25.23
23 30 2.6
23 36 30.46
23 43 56.48
23 45 61.23
23 50 25.13
23 53 34.51
23 54 53.59
23 55 83.95
23 56 82.63
23 60 81.92
23 67 66.82
23 68 87.67
23 69 38.1
23 70 58.1
23 71 27.31
23 72 58.99
23 76 94.62
23 77 1.32
23 78 92.11
23 79 12.0
23 82 32.02
23 83 76.24
23 85 54.32
23 88 37.04
23 90 80.22
23 91 25.72
23 92 7.54
23 93 11.55
23 94 16.94
23 96 35.66
23 98 66.24
23 99 38.41
24 25 70.3
24 27 90.24
24 28 29.58
24 29 39.08
24 30 31.15
24 33 39.63
24 35 45.86
24 38 90.28
24 39 59.33
24 41 48.89
24 46 64.84
24 47 0.08
24 48 21.02
24 50 10.7
24 54 46.31
24 55 4.31
24 56 43.75
24 58 40.83
24 60 57.2
24 63 73.35
24 64 54.25
24 66 2.08
24 67 68.02
24 68 42.56
24 71 95.62
24 73 38.18
24 75 55.74
24 76 18.49
24 77 76.39
24 78 68.95
24 80 97.79
24 83 72.88
24 85 69.66
24 88 2.84
24 89 53.32
24 95 48.06
24 97 44.18
25 26 66.48
25 27 22.92
25 30 27.93
25 31 89.7
25 33 93.87
25 36 51.01
25 37 13.86
25 41 86.98
25 44 41.72
25 54 23.01
25 55 11.87
25 56 54.34
25 57 78.58
25 58 15.11
25 63 28.64
25 64 96.76
25 65 15.76
25 67 11.71
25 71 77.49
25 77 23.09
25 78 29.32
25 79 22.31
25 80 55.85
25 81 10.37
25 83 94.32
25 86 26.12
25 87 65.14
25 88 30.63
25 89 66.66
25 90 56.81
25 92 20.7
25 93 47.06
25 94 63.25
25 96 7.0
25 97 79.96
25 98 44.31
26 29 41.29
26 30 51.9
26 32 2.85
26 33 39.94
26 34 95.7
26 37 88.28
26 38 37.68
26 41 64.04
26 43 49.5
26 46 57.04
26 48 21.09
26 50 66.77
26 51 41.43
26 53 96.23
26 55 66.7
26 57 96.56
26 62 93.58
26 63 16.55
26 68 98.42
26 69 99.75
26 71 7.04
26 74 49.52
26 76 67.3
26 78 38.7
26 80 2.03
26 81 40.32
26 82 29.31
26 84 97.36
26 85 39.63
26 86 85.15
26 88 94.26
26 89 12.99
26 90 53.55
26 91 26.7
26 96 55.31
26 98 54.61
26 99 29.4
27 29 28.76
27 30 52.7
27 33 36.48
27 37 41.99
27 43 36.41
27 45 5.2
27 46 89.83
27 49 84.77
27 53 38.71
27 57 53.62
27 58 83.91
27 60 2.67
27 65 14.5
27 67 48.92
27 68 39.59
27 69 29.42
27 71 3.43
27 72 26.37
27 74 95.34
27 75 7.77
27 77 64.6
27 81 29.4
27 82 53.19
27 83 8.74
27 84 86.41
27 85 56.08
27 89 65.86
27 90 39.26
27 91 75.8
27 93 93.94
27 97 85.27
28 29 3.86
28 30 75.05
28 31 65.96
28 33 72.19
28 35 62.3
28 38 4.66
28 40 77.34
28 43 22.36
28 44 61.47
28 45 51.75
28 46 3.1
28 47 30.98
28 49 88.44
28 53 62.88
28 54 61.56
28 56 3.21
28 58 33.5
28 59 97.64
28 60 86.93
28 61 64.31
28 63 87.34
28 64 3.56
28 65 74.67
28 66 65.05
28 67 28.82
28 70 78.18
28 73 72.64
28 75 69.54
28 80 84.38
28 81 45.23
28 82 1.75
28 83 25.17
28 87 11.04
28 89 70.28
28 96 45.24
28 97 85.93
29 33 73.43
29 35 53.14
29 38 82.17
29 39 25.02
29 44 91.55
29 46 72.97
29 48 97.21
29 51 98.37
29 53 45.36
29 55 10.02
29 56 71.19
29 58 94.99
29 60 94.02
29 62 17.84
29 65 81.03
29 78 21.79
29 81 96.95
29 85 50.05
29 88 28.44
29 90 33.26
29 92 82.79
29 93 44.06
29 95 2.21
29 96 58.06
29 98 58.6
30 31 51.88
30 34 82.93
30 35 17.47
30 37 32.93
30 38 47.0
30 42 43.42
30 43 65.55
30 45 93.6
30 46 26.9
30 48 50.84
30 49 65.82
30 50 74.14
30 51 17.86
30 53 3.49
30 56 11.08
30 57 82.95
30 59 88.7
30 63 74.71
30 66 88.47
30 69 4.74
30 70 15.31
30 74 53.55
30 78 19.55
30 80 79.14
30 84 92.08
30 85 49.9
30 86 58.35
30 87 19.24
30 88 67.92
30 89 60.53
30 90 93.36
30 92 23.18
30 93 95.73
30 94 97.72
30 98 7.03
30 99 81.1
31 33 70.17
31 34 23.87
31 36 6.37
31 38 66.02
31 40 58.79
31 41 29.58
31 42 84.39
31 43 39.9
31 44 19.69
31 47 63.82
31 48 71.47
31 49 6.24
31 51 87.44
31 53 9.56
31 54 35.66
31 55 9.45
31 58 47.86
31 60 32.74
31 62 30.56
31 63 73.53
31 64 23.42
31 67 26.25
31 68 44.96
31 69 43.78
31 70 73.09
31 72 67.56
31 74 91.05
31 76 16.36
31 77 93.23
31 79 5.32
31 80 68.91
31 81 83.1
31 84 2.9
31 86 64.18
31 87 22.75
31 88 41.2
31 89 75.47
31 90 13.16
31 92 4.57
31 96 76.41
31 98 10.95
32 33 57.03
32 35 95.85
32 36 96.23
32 39 48.07
32 40 99.21
32 43 37.43
32 44 31.13
32 45 98.62
32 47 90.07
32 49 51.93
32 51 87.2
32 53 90.02
32 57 47.4
32 62 99.57
32 63 70.22
32 66 40.86
32 67 89.14
32 69 73.79
32 70 28.35
32 75 16.54
32 76 74.05
32 77 83.99
32 81 86.17
32 83 74.92
32 86 56.33
32 89 59.09
32 91 25.48
32 92 29.22
32 95 27.79
32 97 10.45
32 98 87.43
33 35 92.0
33 37 89.97
33 38 11.9
33 39 80.57
33 41 31.53
33 47 52.06
33 50 30.65
33 52 23.82
33 53 31.97
33 54 7.89
33 56 30.34
33 57 6.26
33 59 50.92
33 66 33.53
33 67 91.14
33 73 61.81
33 74 86.48
33 75 3.16
33 78 16.55
33 81 42.53
33 82 39.65
33 84 58.11
33 85 87.71
33 89 55.74
33 90 53.67
33 93 41.66
33 97 80.68
33 98 2.32
34 35 97.25
34 36 76.52
34 38 98.76
34 41 77.37
34 43 64.42
34 44 17.67
34 45 27.69
34 47 2.46
34 48 29.21
34 51 87.3
34 53 81.89
34 55 33.74
34 58 19.88
34 60 89.52
34 62 33.91
34 63 25.47
34 67 17.85
34 69 31.44
34 72 89.0
34 73 46.92
34 74 72.67
34 75 56.2
34 78 28.11
34 79 51.53
34 81 14.08
34 83 56.1
34 84 23.06
34 85 62.76
34 87 58.96
34 88 16.56
34 90 26.66
34 91 76.95
34 92 87.19
34 97 51.15
34 99 85.95
35 36 59.22
35 38 60.94
35 40 12.48
35 41 43.35
35 42 3.55
35 45 40.11
35 46 75.0
35 47 88.08
35 48 26.21
35 54 22.66
35 55 44.19
35 61 50.19
35 63 62.73
35 64 85.86
35 66 75.02
35 67 75.17
35 69 65.19
35 71 61.75
35 73 27.8
35 74 91.74
35 76 85.61
35 79 98.46
35 80 59.26
35 82 54.19
35 83 51.47
35 84 21.42
35 86 86.5
35 92 51.65
35 94 33.95
35 95 56.58
35 96 19.15
35 98 45.04
35 99 59.86
36 38 35.49
36 42 24.87
36 43 39.53
36 44 87.66
36 46 39.84
36 47 22.15
36 49 8.29
36 50 88.1
36 51 74.08
36 52 3.36
36 53 22.52
36 54 0.82
36 58 9.96
36 61 64.03
36 63 22.94
36 64 17.7
36 68 4.47
36 69 36.62
36 70 15.3
36 72 43.87
36 73 30.21
36 75 54.86
36 80 30.58
36 81 66.42
36 84 24.79
36 91 82.55
36 93 69.37
36 94 70.77
36 97 34.11
37 40 22.21
37 43 38.29
37 51 73.85
37 53 72.45
37 54 55.01
37 57 6.27
37 61 41.0
37 70 74.09
37 72 3.39
37 73 94.74
37 76 96.85
37 78 49.25
37 79 36.38
37 83 48.27
37 84 44.44
37 88 3.93
37 89 60.17
37 92 35.3
37 94 79.53
37 95 97.42
37 98 83.51
37 99 0.17
38 41 35.71
38 42 72.87
38 45 80.92
38 49 50.96
38 53 94.32
38 56 17.64
38 58 43.68
38 59 79.24
38 61 53.85
38 63 46.09
38 65 23.28
38 70 38.49
38 71 18.95
38 72 46.47
38 73 62.26
38 74 56.0
38 77 10.58
38 79 48.79
38 80 8.21
38 81 96.56
38 85 73.53
38 91 46.88
38 92 40.8
38 94 82.14
38 95 54.91
38 96 84.08
38 97 17.31
38 99 0.39
39 42 29.64
39 43 88.37
39 46 99.11
39 47 93.94
39 48 67.65
39 53 29.92
39 54 81.13
39 55 36.0
39 56 22.4
39 59 89.83
39 60 65.57
39 61 88.3
39 62 12.49
39 66 40.2
39 67 40.59
39 69 33.92
39 70 86.17
39 72 15.5
39 73 3.89
39 74 4.5
39 76 13.32
39 77 33.21
39 79 35.31
39 80 12.84
39 93 65.07
39 97 58.17
39 99 11.33
40 44 82.72
40 45 78.44
40 47 58.01
40 50 97.35
40 51 37.11
40 57 27.11
40 58 48.47
40 60 35.44
40 61 97.28
40 62 30.15
40 63 56.35
40 64 64.52
40 67 98.57
40 69 47.79
40 71 61.93
40 73 87.91
40 75 86.19
40 77 31.9
40 78 66.7
40 81 52.72
40 82 30.98
40 85 17.37
40 87 59.22
40 89 97.5
40 92 45.08
40 95 40.05
40 96 40.1
40 97 2.54
40 98 7.67
41 42 15.85
41 43 59.24
41 45 61.4
41 47 53.38
41 49 0.03
41 50 34.42
41 52 5.85
41 56 24.23
41 58 61.16
41 61 88.89
41 63 69.47
41 65 12.07
41 70 30.36
41 72 63.87
41 73 17.81
41 74 70.58
41 75 29.01
41 76 77.85
41 77 99.58
41 78 41.48
41 84 36.79
41 85 74.09
41 90 42.32
41 94 57.57
41 96 48.48
42 45 70.76
42 47 93.28
42 49 9.49
42 51 81.83
42 52 17.99
42 53 63.77
42 54 40.53
42 55 67.67
42 57 68.36
42 59 58.52
42 61 71.66
42 63 68.84
42 66 65.4
42 68 56.14
42 70 2.78
42 73 38.1
42 75 51.34
42 78 34.94
42 79 38.95
42 81 33.38
42 82 57.34
42 85 47.83
42 89 3.75
42 90 10.05
42 91 85.32
42 92 96.34
42 93 56.46
42 94 38.15
42 95 3.78
42 96 76.83
43 45 99.95
43 46 95.28
43 48 34.54
43 51 57.84
43 55 30.76
43 59 3.55
43 60 25.42
43 61 4.1
43 62 67.77
43 64 44.12
43 65 95.13
43 67 96.45
43 71 22.61
43 72 26.68
43 73 66.65
43 74 70.88
43 76 34.44
43 77 35.69
43 79 97.39
43 80 62.55
43 83 28.61
43 84 82.93
43 85 56.9
43 86 18.93
43 87 31.15
43 88 95.03
43 94 30.41
43 96 15.46
43 97 6.62
43 98 14.68
43 99 15.24
44 47 62.22
44 48 27.38
44 49 73.29
44 50 58.48
44 51 3.74
44 52 54.32
44 53 87.96
44 56 30.43
44 57 49.95
44 58 74.54
44 59 77.81
44 61 61.96
44 65 97.5
44 66 51.94
44 76 90.17
44 77 56.49
44 78 35.26
44 79 19.03
44 81 60.57
44 82 29.9
44 89 9.43
44 90 5.81
44 91 23.14
44 94 93.71
44 98 36.66
44 99 2.19
45 46 71.61
45 47 36.78
45 48 38.58
45 49 77.14
45 50 32.77
45 52 51.91
45 54 70.75
45 56 98.88
45 58 73.92
45 62 81.23
45 63 58.53
45 64 87.7
45 65 27.37
45 66 53.63
45 67 77.76
45 69 87.68
45 71 41.69
45 73 31.07
45 75 36.57
45 76 22.46
45 79 98.99
45 82 20.84
45 83 23.33
45 86 34.2
45 87 60.89
45 91 21.82
45 96 73.1
46 48 77.02
46 52 84.84
46 58 58.51
46 59 5.68
46 60 45.82
46 62 23.22
46 70 94.7
46 72 66.86
46 73 96.65
46 76 50.47
46 77 33.15
46 79 64.58
46 81 71.99
46 82 43.58
46 84 79.96
46 86 85.75
46 88 50.91
46 91 1.9
46 93 87.37
46 94 62.46
46 97 44.33
46 98 13.25
47 48 25.68
47 49 31.31
47 50 35.36
47 51 26.49
47 52 50.09
47 56 30.38
47 63 3.6
47 66 61.82
47 74 31.31
47 76 37.62
47 79 56.71
47 82 91.88
47 83 11.44
47 84 52.15
47 85 63.31
47 87 13.52
47 91 79.64
47 93 96.65
47 96 38.97
48 50 12.15
48 53 7.37
48 56 52.49
48 57 2.47
48 59 91.35
48 62 28.06
48 63 77.3
48 64 39.9
48 67 76.04
48 68 29.82
48 69 59.78
48 72 50.92
48 73 21.5
48 77 89.38
48 82 67.69
48 84 15.87
48 87 18.09
48 91 91.9
48 92 77.68
48 95 3.78
48 96 26.51
48 97 11.03
48 99 44.18
49 52 63.05
49 56 21.82
49 59 88.41
49 60 9.91
49 61 83.64
49 62 38.55
49 63 55.16
49 64 51.59
49 65 77.16
49 67 26.53
49 69 76.23
49 73 31.07
49 74 80.08
49 78 85.36
49 80 53.83
49 82 92.67
49 91 16.62
49 92 32.65
49 94 33.87
49 95 21.45
49 96 75.64
49 98 29.81
50 51 63.92
50 53 35.79
50 54 13.93
50 57 36.32
50 58 57.52
50 59 41.89
50 60 16.8
50 61 28.65
50 62 2.51
50 63 83.97
50 64 25.18
50 66 71.07
50 67 19.03
50 69 65.04
50 71 31.51
50 72 94.83
50 73 88.88
50 76 18.9
50 78 80.38
50 79 80.59
50 80 7.23
50 84 61.94
50 85 64.44
50 88 90.63
50 89 7.75
50 90 95.11
50 92 6.0
50 95 7.94
50 97 10.5
50 98 14.0
50 99 34.36
51 56 38.76
51 60 17.54
51 64 9.75
51 65 7.98
51 68 63.14
51 71 68.82
51 75 96.48
51 79 61.23
51 80 91.31
51 85 65.63
51 87 93.75
51 89 0.19
51 90 61.13
51 92 13.96
51 95 82.43
51 98 54.92
51 99 98.59
52 53 9.1
52 60 15.52
52 62 98.84
52 63 94.42
52 64 15.48
52 67 83.17
52 69 15.1
52 70 21.84
52 72 28.82
52 74 71.99
52 76 32.54
52 77 86.68
52 78 16.82
52 79 22.94
52 80 94.78
52 81 63.83
52 83 85.69
52 91 13.86
52 92 56.7
52 93 71.92
52 94 90.21
52 95 82.63
52 96 8.93
52 98 33.2
52 99 0.24
53 55 89.54
53 56 97.79
53 57 43.56
53 59 96.5
53 61 17.14
53 62 54.38
53 63 51.9
53 67 8.19
53 69 20.23
53 70 70.53
53 72 81.29
53 73 93.73
53 74 49.71
53 77 87.49
53 79 43.61
53 80 8.88
53 81 76.76
53 84 55.58
53 85 4.87
53 88 57.95
53 89 29.26
53 94 50.28
53 95 40.28
53 96 28.18
53 99 47.31
54 56 53.43
54 57 63.88
54 58 54.72
54 61 51.79
54 66 49.49
54 67 43.63
54 69 15.1
54 70 13.14
54 74 61.73
54 75 38.12
54 77 58.73
54 78 36.81
54 79 50.15
54 80 93.16
54 84 62.81
54 85 70.51
54 86 88.93
54 87 98.33
54 89 32.88
54 91 18.43
54 94 84.72
54 95 65.63
54 96 78.29
54 97 71.24
54 98 44.91
54 99 52.68
55 56 43.98
55 58 59.31
55 61 37.9
55 64 7.16
55 65 3.28
55 67 60.1
55 68 12.22
55 69 69.13
55 70 96.32
55 71 1.49
55 72 23.05
55 74 88.22
55 76 5.31
55 77 29.57
55 78 64.09
55 79 81.94
55 80 62.06
55 82 93.01
55 85 21.2
55 87 20.44
55 89 23.28
55 93 34.99
55 94 2.27
55 95 65.63
55 98 92.33
56 57 23.69
56 58 81.56
56 59 79.04
56 64 4.52
56 65 69.25
56 66 15.04
56 68 72.13
56 76 31.4
56 77 62.36
56 78 54.25
56 83 29.96
56 87 50.56
56 90 62.98
56 92 62.45
56 94 75.77
56 95 87.66
56 98 64.87
57 59 95.4
57 69 79.83
57 70 48.09
57 73 29.03
57 76 10.21
57 77 12.25
57 79 72.98
57 80 46.79
57 82 56.21
57 83 48.36
57 88 37.38
57 90 37.59
57 92 23.64
57 93 69.85
57 95 18.21
57 97 4.64
58 63 66.63
58 64 36.97
58 65 68.99
58 66 24.1
58 67 42.98
58 68 35.94
58 71 60.04
58 72 6.28
58 73 10.64
58 74 14.56
58 77 79.09
58 80 61.14
58 82 73.53
58 83 86.76
58 84 39.2
58 86 13.42
58 92 34.75
58 93 91.68
58 96 5.84
58 98 42.88
59 60 75.76
59 61 61.41
59 62 98.93
59 63 5.57
59 64 66.22
59 65 51.68
59 67 53.98
59 69 1.04
59 71 57.99
59 73 14.82
59 76 35.41
59 77 74.33
59 78 70.65
59 79 19.72
59 80 33.33
59 81 92.23
59 82 4.94
59 84 43.44
59 85 93.73
59 87 39.96
59 90 11.57
59 92 32.84
59 93 0.91
59 94 52.35
59 96 41.49
59 98 57.2
59 99 89.05
60 64 61.7
60 66 57.77
60 67 1.51
60 68 92.86
60 70 38.83
60 71 11.71
60 73 93.07
60 78 47.47
60 79 96.73
60 80 18.28
60 82 77.64
60 83 21.49
60 84 72.65
60 85 59.88
60 86 25.27
60 88 47.33
60 89 39.58
60 90 10.27
60 91 95.13
60 92 41.81
60 93 71.49
60 94 23.89
60 98 32.48
61 62 0.92
61 64 35.3
61 66 57.36
61 67 17.14
61 69 58.15
61 70 92.6
61 74 33.44
61 75 63.36
61 76 63.08
61 77 3.79
61 78 64.77
61 79 70.72
61 80 49.65
61 82 17.83
61 83 41.24
61 85 8.16
61 86 10.08
61 89 33.48
61 91 24.47
61 93 15.72
61 94 59.57
61 95 42.19
61 96 73.24
61 98 15.49
62 65 82.2
62 68 89.08
62 70 93.34
62 71 62.64
62 74 81.03
62 75 12.16
62 77 85.13
62 80 59.49
62 81 33.2
62 82 6.94
62 83 33.81
62 84 20.48
62 85 81.79
62 86 24.52
62 87 17.06
62 89 77.59
62 90 52.51
62 91 56.88
62 92 89.05
62 93 67.79
62 96 92.67
62 99 97.87
63 69 20.24
63 72 93.11
63 73 34.72
63 74 51.84
63 78 44.51
63 81 47.72
63 86 58.82
63 90 22.86
63 91 11.8
63 92 68.13
63 96 43.11
63 98 61.42
63 99 56.22
64 66 96.48
64 67 72.95
64 69 28.21
64 71 97.12
64 73 85.97
64 77 63.38
64 80 60.41
64 81 6.73
64 84 81.36
64 85 48.92
64 88 44.32
64 89 33.32
64 90 48.19
64 91 33.04
64 93 88.93
64 95 8.96
64 96 75.97
64 97 83.15
65 66 90.77
65 69 18.97
65 70 53.58
65 72 15.34
65 75 89.26
65 78 96.4
65 79 27.16
65 80 16.56
65 81 65.4
65 83 54.87
65 84 82.18
65 87 82.09
65 91 68.5
65 92 73.23
65 97 65.02
65 99 23.16
66 71 5.98
66 72 33.46
66 73 22.53
66 76 15.96
66 79 77.33
66 80 58.21
66 82 53.31
66 83 77.26
66 84 67.49
66 88 48.79
66 89 58.57
66 94 5.39
66 96 34.48
66 97 15.13
67 68 63.3
67 76 13.57
67 77 24.1
67 80 71.7
67 81 87.05
67 84 62.67
67 86 24.88
67 89 59.32
67 90 21.5
67 92 16.68
67 95 4.82
67 96 60.01
68 69 27.21
68 72 7.02
68 73 74.47
68 75 18.37
68 78 46.22
68 85 23.01
68 88 82.55
68 91 36.08
68 92 50.98
68 93 70.7
68 94 93.29
68 95 62.66
68 97 52.02
69 73 61.95
69 75 26.21
69 78 37.56
69 81 79.09
69 83 41.47
69 86 93.76
69 87 0.44
69 89 76.62
69 90 20.37
69 91 19.06
69 94 96.13
69 98 10.65
70 71 20.62
70 73 47.46
70 75 37.65
70 79 37.52
70 81 3.04
70 86 36.58
70 89 19.31
70 90 50.25
70 91 49.96
70 92 0.61
70 96 51.64
70 98 26.07
70 99 9.52
71 72 80.46
71 73 20.45
71 75 17.81
71 76 21.37
71 77 44.93
71 81 29.77
71 84 35.59
71 85 29.81
71 89 18.41
71 90 52.93
71 93 51.41
71 95 90.04
72 74 33.66
72 76 53.12
72 80 47.75
72 81 75.61
72 82 55.12
72 88 41.04
72 92 62.37
72 93 10.58
72 94 57.47
72 95 7.12
73 74 3.1
73 75 89.11
73 76 66.26
73 81 63.16
73 82 4.96
73 90 16.1
73 91 89.94
73 93 9.96
73 95 68.12
73 97 91.67
74 76 72.16
74 77 87.6
74 78 22.76
74 79 78.49
74 80 40.88
74 81 89.61
74 84 28.26
74 89 8.87
74 96 23.08
74 99 82.19
75 78 59.92
75 83 0.98
75 85 13.42
75 86 8.53
75 87 53.77
75 88 9.25
75 90 35.67
75 91 31.43
75 99 98.63
76 77 48.52
76 78 36.68
76 80 41.16
76 81 2.06
76 83 59.53
76 84 91.99
76 87 42.17
76 89 99.62
76 90 1.56
76 91 20.25
76 96 8.46
77 78 52.98
77 80 23.92
77 81 47.97
77 82 62.76
77 85 41.86
77 87 90.68
77 91 91.65
77 93 65.72
77 97 96.57
78 81 67.55
78 83 95.83
78 86 68.61
78 87 87.35
78 88 88.81
78 92 39.93
78 93 83.79
78 95 33.28
78 96 29.34
78 97 38.4
78 98 53.33
79 80 10.72
79 82 56.6
79 83 17.98
79 86 79.34
79 90 6.47
79 91 55.9
79 93 42.19
79 94 49.38
79 95 19.85
79 98 72.43
79 99 84.65
80 83 94.88
80 84 90.45
80 86 19.74
80 89 46.3
80 91 92.52
80 94 89.63
81 82 32.37
81 83 89.1
81 87 19.55
81 88 54.36
81 90 5.97
81 92 20.68
81 93 15.3
81 97 32.49
81 98 12.86
82 84 56.2
82 85 39.35
82 86 45.02
82 88 75.14
82 89 46.83
82 94 59.16
82 98 32.78
83 86 12.78
83 87 8.26
83 88 31.98
83 89 23.21
83 92 54.06
83 95 40.13
83 96 61.56
83 97 75.94
83 99 60.09
84 86 91.89
84 87 88.36
84 89 59.28
84 90 13.46
84 94 21.94
84 95 64.05
84 96 23.54
84 97 98.13
84 98 39.16
84 99 54.81
85 86 79.4
85 88 25.84
85 89 22.39
85 90 48.08
85 92 0.74
85 94 56.18
85 95 54.51
85 98 35.28
85 99 77.05
86 87 93.2
86 88 52.42
86 89 94.82
86 90 83.63
86 91 99.01
86 92 47.9
86 94 26.52
86 95 65.2
86 96 35.58
86 98 58.03
87 88 5.56
87 91 77.82
87 97 63.59
88 89 83.18
88 92 53.15
88 95 33.99
88 96 87.18
88 98 22.75
89 93 34.18
89 94 10.86
89 96 69.49
89 97 46.48
89 98 65.3
90 91 48.42
90 92 1.0
90 94 40.17
90 97 21.97
90 98 96.5
90 99 4.26
91 92 24.72
91 93 77.1
91 96 56.59
91 98 23.88
91 99 67.08
92 93 51.14
92 94 3.68
92 97 11.62
93 94 66.6
93 98 39.24
93 99 62.03
94 95 43.35
95 96 6.2
95 97 50.08
95 98 50.32
95 99 79.44
96 97 43.89
96 98 87.09
97 98 52.38
