99
0 1 5.326
0 2 5.26
0 3 4.439
0 4 4.823
0 5 3.661
0 6 6.606
0 7 4.659
0 8 3.035
0 9 6.607
0 10 4.765
0 11 6.475
0 12 3.305
0 13 6.153
0 14 4.671
0 15 4.989
0 16 4.845
0 17 6.003
0 18 3.545
0 19 4.103
0 20 5.084
0 21 4.261
0 22 4.404
0 23 6.006
0 24 5.772
0 25 4.753
0 26 3.935
0 27 3.435
0 28 5.889
0 29 4.46
0 30 2.514
0 31 5.901
0 32 3.796
0 33 4.622
0 34 3.941
1 2 3.754
1 3 4.681
1 4 5.268
1 5 6.414
1 6 6.466
1 7 7.838
1 8 7.133
1 9 5.342
1 10 4.185
1 11 5.936
1 12 6.349
1 13 4.749
1 14 5.058
1 15 5.545
1 16 5.641
1 17 4.405
1 18 4.445
1 19 4.475
1 20 5.871
1 21 5.246
1 22 3.59
1 23 5.633
1 24 6.285
1 25 3.455
1 26 4.334
1 27 4.218
1 28 6.768
1 29 6.719
1 30 3.802
1 31 5.253
1 32 5.906
1 35 3.168
1 36 3.329
2 3 2.25
2 4 4.783
2 5 4.345
2 6 5.844
2 7 4.167
2 8 5.793
2 9 5.063
2 10 4.177
2 11 3.985
2 12 5.025
2 13 4.542
2 14 5.807
2 15 4.78
2 16 5.598
2 17 2.891
2 18 5.274
2 19 5.917
2 20 6.205
2 21 3.57
2 22 4.484
2 23 6.09
2 24 4.242
2 25 3.259
2 26 5.041
2 27 4.297
2 28 4.649
2 29 4.886
2 30 4.611
2 31 3.619
2 32 5.693
2 37 3.5
2 38 2.148
3 4 4.898
3 5 4.951
3 6 4.052
3 7 4.581
3 8 4.703
3 9 5.195
3 10 5.9
3 11 5.248
3 12 5.239
3 13 5.464
3 14 3.742
3 15 3.379
3 16 5.14
3 17 5.863
3 18 4.794
3 19 4.733
3 20 4.064
3 21 3.651
3 22 5.01
3 23 4.725
3 24 6.221
3 25 4.406
3 26 5.496
3 27 5.981
3 28 4.109
3 29 4.92
3 30 3.297
3 31 5.483
3 32 4.93
3 39 4.501
3 40 3.12
4 5 5.934
4 6 5.093
4 7 4.683
4 8 3.213
4 9 3.446
4 10 4.163
4 11 4.531
4 12 3.863
4 13 3.749
4 14 5.261
4 15 7.077
4 16 7.052
4 17 5.597
4 18 5.279
4 19 4.084
4 20 5.709
4 21 6.417
4 22 4.709
4 23 5.721
4 24 4.196
4 25 5.778
4 26 4.189
4 27 5.118
4 28 5.039
4 29 5.636
4 30 2.992
4 31 6.185
4 32 4.181
4 41 3.447
4 42 3.891
5 6 4.967
5 7 5.266
5 8 3.89
5 9 4.527
5 10 4.919
5 11 5.154
5 12 4.807
5 13 5.387
5 14 5.903
5 15 3.623
5 16 4.733
5 17 5.568
5 18 5.569
5 19 6.121
5 20 5.042
5 21 6.088
5 22 5.133
5 23 4.625
5 24 4.8
5 25 4.506
5 26 5.219
5 27 3.596
5 28 5.155
5 29 5.78
5 30 4.488
5 31 4.266
5 32 5.198
5 43 3.282
5 44 2.217
6 7 3.902
6 8 4.388
6 9 4.118
6 10 5.462
6 11 6.551
6 12 3.912
6 13 5.188
6 14 4.229
6 15 5.1
6 16 5.696
6 17 5.312
6 18 4.689
6 19 5.208
6 20 4.592
6 21 6.177
6 22 6.418
6 23 3.616
6 24 4.515
6 25 3.271
6 26 5.907
6 27 6.919
6 28 4.27
6 29 3.885
6 30 4.055
6 31 4.007
6 32 4.509
6 45 1.821
6 46 1.243
7 8 6.666
7 9 4.389
7 10 4.79
7 11 3.689
7 12 4.347
7 13 4.978
7 14 4.984
7 15 4.519
7 16 5.047
7 17 4.771
7 18 4.508
7 19 6.062
7 20 4.919
7 21 2.351
7 22 6.049
7 23 5.932
7 24 3.429
7 25 6.157
7 26 4.988
7 27 5.77
7 28 4.569
7 29 4.487
7 30 6.368
7 31 6.446
7 32 4.917
7 47 2.877
7 48 2.711
8 9 4.859
8 10 5.703
8 11 5.145
8 12 6.95
8 13 5.06
8 14 3.417
8 15 4.838
8 16 5.838
8 17 5.016
8 18 4.001
8 19 5.283
8 20 3.94
8 21 3.152
8 22 4.143
8 23 4.794
8 24 3.967
8 25 6.25
8 26 6.623
8 27 5.023
8 28 5.414
8 29 5.302
8 30 6.337
8 31 5.514
8 32 5.127
8 49 3.398
8 50 2.386
9 10 3.671
9 11 5.121
9 12 4.636
9 13 4.868
9 14 4.786
9 15 3.535
9 16 3.793
9 17 5.533
9 18 3.985
9 19 3.448
9 20 5.595
9 21 5.843
9 22 4.976
9 23 4.375
9 24 3.582
9 25 5.209
9 26 4.721
9 27 5.017
9 28 4.278
9 29 5.513
9 30 5.068
9 31 4.683
9 32 5.449
9 51 2.32
9 52 2.028
10 11 5.773
10 12 4.669
10 13 6.006
10 14 5.441
10 15 4.707
10 16 6.587
10 17 3.438
10 18 4.46
10 19 5.387
10 20 4.922
10 21 4.201
10 22 4.925
10 23 6.314
10 24 4.788
10 25 5.466
10 26 5.151
10 27 4.109
10 28 4.393
10 29 5.145
10 30 4.803
10 31 5.154
10 32 6.547
10 53 2.18
10 54 4.092
11 12 6.136
11 13 5.375
11 14 5.263
11 15 3.291
11 16 4.79
11 17 5.153
11 18 5.969
11 19 6.067
11 20 5.826
11 21 4.322
11 22 4.471
11 23 4.927
11 24 4.443
11 25 4.977
11 26 5.441
11 27 4.647
11 28 4.509
11 29 3.859
11 30 6.267
11 31 2.527
11 32 4.405
11 55 4.378
11 56 4.644
12 13 5.128
12 14 4.629
12 15 4.181
12 16 4.932
12 17 4.496
12 18 6.431
12 19 2.588
12 20 5.027
12 21 4.562
12 22 4.784
12 23 6.567
12 24 6.086
12 25 4.94
12 26 4.068
12 27 3.787
12 28 5.048
12 29 4.839
12 30 5.361
12 31 4.095
12 32 3.907
12 57 1.8
12 58 3.443
13 14 5.747
13 15 5.831
13 16 6.301
13 17 3.013
13 18 6.702
13 19 4.17
13 20 5.153
13 21 4.304
13 22 3.887
13 23 6.123
13 24 5.258
13 25 7.1
13 26 7.085
13 27 5.006
13 28 3.754
13 29 4.65
13 30 5.142
13 31 5.619
13 32 4.813
13 59 4.181
13 60 2.498
14 15 4.626
14 16 5.363
14 17 4.382
14 18 4.817
14 19 4.605
14 20 5.077
14 21 6.251
14 22 4.968
14 23 4.714
14 24 5.679
14 25 5.499
14 26 7.319
14 27 3.995
14 28 2.954
14 29 5.051
14 30 4.575
14 31 5.166
14 32 5.717
14 61 2.414
14 62 2.673
15 16 5.799
15 17 4.369
15 18 4.157
15 19 6.209
15 20 3.59
15 21 4.322
15 22 6.973
15 23 4.589
15 24 7.427
15 25 5.93
15 26 6.245
15 27 6.066
15 28 5.06
15 29 6.678
15 30 4.197
15 31 4.904
15 32 5.129
15 63 3.073
15 64 2.531
16 17 5.406
16 18 3.892
16 19 5.719
16 20 3.559
16 21 4.805
16 22 4.523
16 23 5.795
16 24 3.346
16 25 5.256
16 26 3.674
16 27 5.287
16 28 4.516
16 29 5.173
16 30 6.0
16 31 5.999
16 32 4.481
16 65 2.213
16 66 2.852
17 18 6.304
17 19 7.012
17 20 4.256
17 21 6.043
17 22 6.145
17 23 5.484
17 24 3.058
17 25 4.365
17 26 5.309
17 27 3.253
17 28 4.577
17 29 3.004
17 30 4.728
17 31 4.259
17 32 5.655
17 67 3.179
17 68 1.691
18 19 5.969
18 20 6.362
18 21 4.267
18 22 3.564
18 23 3.542
18 24 5.239
18 25 6.043
18 26 5.63
18 27 7.052
18 28 5.302
18 29 3.911
18 30 4.577
18 31 5.474
18 32 4.744
18 69 2.658
18 70 1.996
19 20 3.886
19 21 6.615
19 22 3.817
19 23 5.345
19 24 3.94
19 25 4.395
19 26 3.605
19 27 5.105
19 28 5.403
19 29 5.064
19 30 4.03
19 31 5.646
19 32 4.37
19 71 2.447
19 72 3.977
20 21 5.295
20 22 4.454
20 23 6.34
20 24 3.448
20 25 4.262
20 26 5.564
20 27 4.954
20 28 2.429
20 29 5.07
20 30 5.524
20 31 5.994
20 32 4.87
20 73 3.669
20 74 3.582
21 22 4.84
21 23 3.665
21 24 3.635
21 25 5.218
21 26 5.256
21 27 5.931
21 28 6.194
21 29 5.56
21 30 6.246
21 31 6.21
21 32 5.516
21 75 2.676
21 76 2.211
22 23 4.537
22 24 5.588
22 25 3.5
22 26 5.073
22 27 5.654
22 28 4.877
22 29 5.422
22 30 5.293
22 31 5.923
22 32 4.056
22 77 1.8
22 78 2.407
23 24 6.794
23 25 2.522
23 26 4.837
23 27 4.618
23 28 3.23
23 29 4.6
23 30 5.539
23 31 4.496
23 32 3.677
23 79 2.651
23 80 2.884
24 25 3.636
24 26 5.436
24 27 5.006
24 28 3.902
24 29 5.803
24 30 5.46
24 31 4.768
24 32 2.814
24 81 2.651
24 82 3.268
25 26 5.085
25 27 5.965
25 28 3.631
25 29 4.308
25 30 7.066
25 31 4.732
25 32 4.425
25 83 3.275
25 84 2.404
26 27 3.531
26 28 4.283
26 29 4.834
26 30 3.556
26 31 6.419
26 32 4.166
26 85 4.43
26 86 2.91
27 28 4.887
27 29 6.349
27 30 4.715
27 31 3.345
27 32 5.041
27 87 3.083
27 88 1.993
28 29 4.409
28 30 6.337
28 31 4.671
28 32 4.603
28 89 2.775
28 90 1.268
29 30 4.407
29 31 4.561
29 32 4.058
29 91 1.735
29 92 4.742
30 31 4.133
30 32 4.426
30 93 1.771
30 94 2.917
31 32 5.03
31 95 1.235
31 96 2.655
32 97 1.819
32 98 1.742
33 35 2.188
34 36 3.71
37 39 3.471
38 40 2.451
41 43 2.679
42 44 2.737
45 47 0.458
46 48 3.145
49 51 3.884
50 52 1.653
53 55 3.902
54 56 2.214
57 59 0.641
58 60 2.667
61 63 3.794
62 64 1.811
65 67 4.464
66 68 2.18
69 71 2.755
70 72 0.505
73 75 2.192
74 76 3.195
77 79 3.389
78 80 3.526
81 83 3.152
82 84 2.168
85 87 3.808
86 88 4.421
89 91 1.964
90 92 0.619
93 95 3.904
94 96 2.148