100
0 16 7.758
0 37 10.449
0 38 12.695
0 39 12.93
0 40 12.927
0 41 14.192
0 42 11.477
0 43 9.387
0 44 12.756
0 45 12.672
0 46 12.845
0 47 10.299
0 48 12.636
0 49 12.144
0 50 9.78
0 51 13.541
0 52 8.916
0 53 14.618
0 54 8.63
0 55 12.338
0 56 13.563
0 57 12.146
0 58 10.029
0 59 11.864
0 60 11.686
0 61 11.906
0 62 12.18
0 63 12.167
0 64 14.635
0 65 12.004
0 66 10.576
0 67 13.971
1 29 6.984
1 24 7.593
1 37 11.009
1 68 13.329
1 69 15.067
1 70 15.251
1 71 11.473
1 72 7.961
1 73 12.615
1 74 10.443
1 75 11.638
1 76 10.917
1 77 8.653
1 78 9.995
1 79 11.63
1 80 11.128
1 81 10.322
1 82 10.732
1 83 13.381
1 84 15.378
1 85 12.509
1 86 13.904
1 87 10.258
1 88 12.497
1 89 10.505
1 90 8.748
2 9 5.843
2 38 11.442
2 91 12.808
2 92 12.109
2 93 10.682
2 94 14.097
2 95 14.457
2 96 12.85
2 97 12.511
2 98 15.624
2 99 12.667
3 15 6.729
3 6 4.01
3 39 11.22
3 91 11.139
4 18 6.412
4 21 7.212
4 34 9.384
4 11 6.834
4 40 12.815
4 68 11.129
4 92 14.886
5 22 8.437
5 30 5.135
5 13 6.762
5 17 7.543
5 28 10.491
5 41 13.262
5 93 10.444
6 8 9.326
6 7 9.058
6 42 11.407
6 69 12.447
6 94 8.099
7 9 8.874
7 21 5.81
7 43 14.67
8 33 7.02
8 70 12.929
8 95 8.768
9 44 12.368
9 71 10.451
10 15 7.449
10 45 11.734
10 72 11.869
10 96 12.857
11 24 2.967
11 46 13.333
11 73 13.275
11 97 8.647
12 28 6.431
12 47 8.144
12 74 8.427
12 98 12.866
13 32 7.607
13 48 12.346
13 75 9.964
13 99 14.315
14 21 4.918
14 49 17.737
14 76 14.062
15 50 13.851
15 77 11.169
16 23 5.059
16 33 3.557
16 51 13.212
17 35 7.906
17 52 9.238
17 78 12.98
18 53 18.233
18 79 13.253
19 33 8.434
19 54 10.036
19 80 10.586
20 26 4.756
20 33 3.959
20 55 18.311
21 81 12.582
22 82 9.302
23 56 11.665
24 36 6.701
24 57 13.162
25 27 8.791
25 32 6.04
25 58 11.888
25 83 13.16
26 31 3.635
26 84 16.689
27 59 11.766
28 36 8.166
28 60 12.617
28 85 7.636
29 61 12.136
30 62 12.733
30 86 12.526
31 63 9.588
31 87 12.733
32 88 16.75
33 64 8.396
34 65 13.815
34 89 8.283
35 66 12.83
35 90 10.815
36 67 13.923