100
0 3 18.245
0 4 11.35
0 6 62.436
0 9 76.328
0 16 10.231
0 20 64.174
0 21 1.728
0 22 31.626
0 23 74.339
0 25 90.252
0 26 37.315
0 29 11.194
0 30 64.103
0 32 91.719
0 33 91.029
0 35 81.876
0 36 32.246
0 38 70.835
0 43 80.325
0 44 49.597
0 49 58.768
0 51 97.62
0 52 74.854
0 53 34.403
0 59 86.434
0 60 78.956
0 64 84.45
0 65 17.083
0 67 43.85
0 69 44.785
0 71 65.637
0 72 46.885
0 73 10.689
0 74 6.555
0 76 4.396
0 77 60.592
0 80 35.328
0 81 68.653
0 82 38.885
0 84 80.412
0 89 72.727
0 90 52.566
0 93 88.882
0 94 61.021
0 96 82.094
0 99 7.683
1 5 16.91
1 7 94.362
1 10 52.46
1 11 83.261
1 12 82.124
1 13 92.952
1 14 78.754
1 16 22.671
1 17 49.984
1 18 3.135
1 20 16.668
1 26 93.582
1 27 35.048
1 28 46.53
1 29 43.978
1 31 81.099
1 36 7.057
1 39 34.405
1 40 19.412
1 41 86.803
1 43 24.419
1 44 77.95
1 45 61.43
1 47 35.764
1 48 39.485
1 50 36.082
1 51 94.941
1 52 86.189
1 53 11.136
1 54 62.195
1 57 98.975
1 58 74.024
1 59 43.638
1 60 5.011
1 61 62.917
1 67 72.269
1 69 48.414
1 70 38.74
1 74 76.017
1 75 92.201
1 79 88.262
1 84 29.645
1 85 87.315
1 87 16.285
1 88 82.264
1 90 29.719
1 91 32.676
1 92 21.102
1 94 47.35
1 95 10.987
1 98 2.857
1 99 22.2
2 3 33.321
2 4 3.153
2 5 45.413
2 7 48.297
2 9 26.24
2 11 89.641
2 13 15.774
2 16 24.471
2 17 19.378
2 19 13.265
2 23 92.071
2 24 27.967
2 25 89.544
2 29 5.558
2 30 77.138
2 33 94.713
2 34 9.421
2 36 22.102
2 38 77.518
2 39 6.643
2 44 9.32
2 45 40.667
2 46 84.67
2 48 70.286
2 53 70.173
2 54 81.789
2 55 17.876
2 61 20.266
2 62 63.221
2 63 60.234
2 65 68.249
2 66 61.385
2 68 71.557
2 70 49.644
2 71 99.687
2 72 83.148
2 73 93.67
2 76 18.848
2 77 96.699
2 78 7.211
2 79 13.459
2 81 85.545
2 83 5.712
2 86 53.645
2 87 24.334
2 88 6.366
2 90 42.513
2 91 61.124
2 93 55.02
2 94 80.328
2 95 24.019
2 99 90.276
3 4 91.566
3 7 41.881
3 10 67.092
3 11 59.522
3 15 47.722
3 19 81.096
3 22 43.712
3 23 3.568
3 26 65.938
3 27 40.786
3 29 13.303
3 30 1.171
3 31 42.95
3 32 62.58
3 34 80.864
3 35 35.13
3 36 19.459
3 37 76.435
3 39 3.029
3 40 2.731
3 41 24.607
3 42 19.891
3 47 80.519
3 50 54.126
3 53 35.717
3 55 61.191
3 56 75.535
3 57 97.296
3 58 83.811
3 59 94.528
3 63 72.38
3 64 4.45
3 65 27.81
3 66 26.463
3 67 87.536
3 68 81.59
3 69 84.026
3 70 43.519
3 75 88.401
3 76 69.484
3 77 77.199
3 78 81.389
3 80 80.902
3 81 75.358
3 83 83.479
3 84 68.692
3 85 11.817
3 86 64.31
3 88 10.411
3 90 1.109
3 91 53.283
3 94 57.434
3 96 63.933
3 98 29.191
4 7 10.878
4 8 7.294
4 10 75.497
4 12 20.343
4 17 35.379
4 18 16.766
4 19 51.403
4 20 8.882
4 21 23.138
4 22 79.364
4 23 38.123
4 24 90.134
4 26 7.384
4 27 47.437
4 28 78.31
4 29 67.339
4 31 79.463
4 34 22.013
4 36 16.182
4 40 7.146
4 41 52.971
4 44 80.484
4 46 36.959
4 48 81.664
4 49 13.147
4 50 95.317
4 53 5.459
4 55 34.81
4 56 61.264
4 57 79.364
4 58 72.306
4 60 3.342
4 62 67.346
4 63 84.748
4 64 36.714
4 65 70.604
4 67 94.587
4 69 62.718
4 70 22.01
4 71 51.129
4 72 80.971
4 77 86.776
4 83 93.248
4 85 36.907
4 86 78.894
4 88 72.477
4 90 39.792
4 91 40.283
4 93 95.097
4 94 24.65
4 95 68.545
4 97 82.553
4 99 7.631
5 6 13.24
5 7 89.79
5 11 87.77
5 12 86.539
5 14 89.653
5 16 37.165
5 17 48.845
5 18 97.118
5 19 42.997
5 21 55.113
5 23 7.046
5 24 66.167
5 26 48.626
5 29 63.275
5 30 8.502
5 31 77.888
5 33 80.481
5 34 30.299
5 36 51.291
5 37 14.549
5 38 68.901
5 39 87.787
5 40 72.96
5 42 43.655
5 44 93.775
5 45 29.802
5 46 35.87
5 47 93.01
5 48 61.608
5 50 3.89
5 51 14.396
5 52 90.646
5 53 56.272
5 59 98.593
5 62 88.13
5 64 54.017
5 65 2.293
5 72 52.554
5 74 84.624
5 76 3.373
5 78 5.885
5 80 60.714
5 81 64.926
5 82 15.905
5 83 51.757
5 84 82.587
5 88 49.73
5 90 32.939
5 91 36.169
5 94 32.958
5 95 5.582
5 97 72.835
5 98 23.805
6 10 5.041
6 15 72.201
6 19 65.285
6 20 55.185
6 23 38.132
6 24 84.628
6 27 53.735
6 28 4.39
6 30 6.262
6 31 42.774
6 33 49.808
6 36 26.138
6 37 40.319
6 39 53.176
6 40 1.258
6 43 75.554
6 44 36.11
6 48 65.951
6 50 20.919
6 52 75.65
6 53 21.239
6 56 33.864
6 57 86.068
6 58 97.462
6 61 53.632
6 63 45.949
6 65 6.084
6 67 4.203
6 71 23.564
6 72 7.438
6 75 33.629
6 76 29.272
6 77 56.328
6 78 67.691
6 81 51.217
6 82 22.975
6 85 84.581
6 88 17.025
6 91 61.902
6 94 31.727
6 96 5.234
6 98 38.99
6 99 47.197
7 14 90.185
7 17 70.052
7 18 18.703
7 19 8.323
7 20 5.372
7 21 37.114
7 22 32.433
7 23 3.983
7 31 70.407
7 35 55.879
7 36 46.374
7 42 25.773
7 46 24.6
7 48 46.713
7 52 38.951
7 53 15.216
7 54 62.685
7 55 53.325
7 56 78.609
7 57 45.774
7 58 14.131
7 60 57.229
7 63 32.277
7 64 76.604
7 65 31.847
7 66 97.369
7 70 51.131
7 71 75.4
7 72 28.574
7 74 83.468
7 76 72.195
7 77 98.939
7 79 89.115
7 80 84.991
7 81 43.389
7 82 3.505
7 83 54.731
7 84 30.961
7 86 90.16
7 87 90.237
7 89 60.747
7 90 60.491
7 92 20.828
7 93 47.845
7 94 59.849
7 95 55.545
7 96 50.662
7 97 34.603
8 10 88.768
8 14 70.556
8 16 69.138
8 18 98.756
8 20 55.612
8 21 21.978
8 22 31.965
8 23 34.915
8 25 74.701
8 26 61.192
8 27 14.863
8 30 89.02
8 32 98.121
8 38 65.694
8 39 82.015
8 42 62.42
8 45 18.771
8 47 86.493
8 48 67.048
8 49 85.368
8 51 62.288
8 52 5.936
8 53 38.929
8 56 76.544
8 58 18.303
8 59 73.068
8 61 55.138
8 62 26.289
8 63 29.665
8 66 1.643
8 67 18.72
8 68 32.459
8 69 80.03
8 70 66.221
8 71 41.192
8 74 94.987
8 75 74.116
8 78 71.485
8 81 71.386
8 83 68.848
8 85 52.89
8 86 75.956
8 87 61.802
8 89 39.728
8 90 12.901
8 91 90.233
8 93 79.323
8 97 16.917
8 98 69.515
8 99 70.212
9 10 68.87
9 13 61.221
9 16 74.789
9 22 2.873
9 24 6.309
9 33 64.6
9 38 68.917
9 40 15.715
9 46 47.709
9 48 63.099
9 53 44.383
9 56 84.848
9 60 38.91
9 62 39.713
9 65 96.499
9 68 84.026
9 69 16.507
9 70 97.798
9 72 84.289
9 73 27.837
9 76 55.687
9 84 8.883
9 87 57.156
9 89 21.725
9 91 8.622
9 92 60.761
9 94 29.739
9 96 67.722
10 13 47.978
10 14 35.071
10 15 57.224
10 16 36.01
10 17 85.653
10 18 19.987
10 19 30.174
10 25 98.858
10 26 5.987
10 28 67.75
10 29 34.646
10 31 70.503
10 32 54.399
10 33 53.913
10 35 57.5
10 36 8.312
10 37 39.613
10 38 19.779
10 39 2.999
10 42 81.738
10 43 34.541
10 44 49.941
10 45 53.569
10 46 5.543
10 48 11.005
10 51 36.141
10 52 63.935
10 53 29.791
10 59 14.331
10 60 21.658
10 63 18.182
10 66 68.602
10 68 48.181
10 73 43.159
10 75 56.353
10 76 10.44
10 79 1.459
10 80 53.646
10 86 48.008
10 89 37.268
10 90 83.563
10 92 89.452
10 94 44.327
10 99 29.376
11 15 52.418
11 17 16.635
11 21 1.915
11 22 59.334
11 23 34.447
11 25 20.596
11 26 16.941
11 28 76.455
11 30 70.22
11 33 14.737
11 34 22.809
11 35 20.659
11 42 4.781
11 44 48.144
11 45 62.081
11 47 2.974
11 52 55.64
11 53 55.569
11 54 84.957
11 59 46.014
11 60 10.44
11 61 70.905
11 62 16.944
11 64 29.099
11 65 27.608
11 70 31.546
11 72 65.108
11 77 92.923
11 78 79.619
11 80 59.05
11 81 3.233
11 82 46.534
11 85 15.656
11 86 3.318
11 89 58.676
11 90 36.975
11 92 58.29
11 93 51.302
11 94 8.18
11 98 29.939
12 14 13.805
12 17 53.055
12 18 63.896
12 23 53.278
12 24 32.101
12 25 34.847
12 27 16.715
12 29 40.831
12 30 83.202
12 40 9.137
12 41 58.861
12 43 32.538
12 45 74.948
12 48 62.633
12 50 37.932
12 52 45.158
12 53 84.863
12 54 59.544
12 55 22.115
12 56 87.588
12 57 19.127
12 58 39.881
12 59 68.365
12 60 7.849
12 61 41.103
12 62 94.831
12 63 56.804
12 64 90.13
12 65 84.277
12 68 22.745
12 70 30.415
12 72 55.902
12 74 53.237
12 77 27.0
12 79 13.32
12 80 2.075
12 83 46.083
12 85 32.889
12 86 33.511
12 87 22.349
12 88 13.118
12 91 77.408
12 92 5.046
12 93 19.206
12 96 90.025
12 98 52.623
12 99 87.751
13 16 58.788
13 17 67.583
13 21 99.832
13 23 31.386
13 25 91.14
13 28 59.75
13 29 43.201
13 32 85.35
13 34 24.118
13 36 84.675
13 39 85.261
13 42 75.939
13 43 1.861
13 46 10.989
13 47 60.994
13 52 63.984
13 56 97.537
13 57 67.903
13 63 10.581
13 64 83.777
13 66 94.507
13 70 12.978
13 71 31.591
13 72 9.942
13 73 29.305
13 75 30.651
13 80 15.546
13 82 84.773
13 83 42.42
13 85 96.288
13 86 88.281
13 87 71.675
13 89 61.808
13 90 13.047
13 91 68.565
13 92 30.538
13 94 92.867
13 95 18.826
13 96 22.841
13 98 34.069
13 99 26.315
14 16 41.453
14 17 50.271
14 20 1.574
14 21 87.884
14 22 39.531
14 24 76.023
14 26 15.219
14 28 69.384
14 30 74.343
14 31 92.707
14 32 61.332
14 35 10.182
14 36 65.861
14 37 50.987
14 38 71.841
14 39 5.754
14 48 20.397
14 52 4.642
14 54 90.16
14 56 17.262
14 57 57.963
14 59 79.801
14 66 27.088
14 67 5.878
14 68 78.425
14 70 15.822
14 71 19.166
14 78 46.841
14 79 30.857
14 82 94.61
14 83 66.577
14 84 47.319
14 85 79.966
14 86 98.956
14 87 36.376
14 89 81.487
14 91 49.78
14 92 95.027
14 94 72.647
14 95 16.887
14 99 3.151
15 17 23.311
15 20 88.154
15 23 66.713
15 26 67.896
15 29 69.545
15 30 13.0
15 31 15.1
15 35 36.732
15 37 12.042
15 38 34.194
15 40 84.485
15 42 98.576
15 43 60.903
15 46 77.396
15 48 67.362
15 49 97.568
15 50 85.275
15 51 89.778
15 55 89.306
15 56 35.262
15 60 94.536
15 62 12.222
15 65 90.974
15 68 99.943
15 71 10.886
15 75 1.936
15 79 44.644
15 81 68.419
15 82 31.207
15 83 4.403
15 87 41.748
15 90 68.226
15 91 56.226
15 92 82.872
15 95 5.821
16 17 64.83
16 19 11.246
16 20 43.35
16 23 83.282
16 26 48.077
16 28 77.265
16 31 82.117
16 32 80.321
16 34 86.737
16 35 90.614
16 37 59.15
16 38 59.443
16 39 12.386
16 40 33.279
16 43 96.658
16 50 68.558
16 51 82.78
16 52 70.391
16 53 15.924
16 55 57.284
16 59 30.163
16 64 48.801
16 66 71.331
16 67 74.74
16 68 65.695
16 72 48.1
16 73 1.215
16 78 6.312
16 80 9.285
16 82 88.12
16 84 26.075
16 85 96.51
16 91 95.277
16 93 28.919
16 96 10.287
16 97 46.719
16 98 68.807
16 99 5.917
17 19 21.691
17 20 69.378
17 22 14.68
17 23 39.391
17 24 95.439
17 26 95.016
17 28 24.723
17 30 78.454
17 40 86.407
17 43 72.885
17 46 83.314
17 55 9.17
17 56 96.603
17 57 91.864
17 61 54.1
17 65 39.429
17 67 54.138
17 71 55.183
17 74 89.517
17 79 27.919
17 80 81.346
17 81 99.221
17 85 26.218
17 88 33.042
17 90 10.304
17 95 81.312
17 99 83.033
18 20 24.681
18 21 86.929
18 22 36.809
18 27 99.524
18 30 18.41
18 36 20.598
18 38 37.791
18 39 28.636
18 41 93.131
18 44 18.836
18 46 74.617
18 47 40.934
18 52 27.306
18 53 96.741
18 54 5.741
18 55 33.424
18 56 2.971
18 57 73.004
18 58 72.854
18 62 3.095
18 63 36.583
18 64 37.049
18 65 53.092
18 69 90.421
18 70 12.511
18 71 40.14
18 80 53.13
18 81 65.529
18 83 47.535
18 86 26.466
18 87 21.475
18 88 78.297
18 89 43.382
18 90 23.916
18 91 5.77
18 93 95.997
18 94 53.491
19 20 44.223
19 22 63.746
19 23 90.761
19 24 71.52
19 27 96.358
19 32 36.441
19 36 37.199
19 37 4.098
19 38 77.515
19 39 10.153
19 40 97.533
19 42 37.443
19 44 76.438
19 46 74.337
19 47 28.784
19 48 91.355
19 50 23.509
19 53 53.211
19 55 40.87
19 56 3.279
19 57 81.264
19 58 36.473
19 64 41.705
19 65 7.621
19 71 16.51
19 73 99.732
19 74 61.507
19 76 92.66
19 77 22.628
19 81 40.783
19 83 62.457
19 84 43.154
19 88 25.912
19 90 16.17
19 94 78.67
19 95 14.387
19 96 37.751
20 21 28.904
20 22 49.908
20 24 92.96
20 26 95.243
20 28 43.768
20 30 53.793
20 31 27.059
20 32 18.833
20 34 33.052
20 35 28.259
20 36 20.195
20 37 69.824
20 39 6.97
20 40 37.95
20 41 25.005
20 43 8.609
20 44 19.166
20 46 57.497
20 47 80.153
20 49 72.898
20 50 61.665
20 51 82.032
20 54 24.811
20 55 70.638
20 61 76.236
20 63 30.101
20 64 94.872
20 65 60.044
20 70 5.341
20 72 32.914
20 73 50.484
20 75 47.927
20 76 43.915
20 82 29.005
20 86 15.458
20 89 60.246
20 91 22.983
20 93 29.371
20 95 87.606
21 22 53.47
21 24 18.985
21 25 7.995
21 30 16.156
21 32 87.364
21 35 31.018
21 36 37.34
21 38 29.921
21 42 23.929
21 44 33.308
21 47 20.61
21 50 88.004
21 51 97.382
21 53 90.833
21 54 38.263
21 55 77.256
21 56 27.08
21 58 92.099
21 59 67.744
21 61 11.423
21 62 59.568
21 63 63.506
21 65 58.017
21 66 17.975
21 69 10.691
21 72 9.407
21 73 73.241
21 79 70.811
21 81 59.643
21 82 71.431
21 83 37.035
21 85 59.451
21 91 39.455
21 94 19.288
21 95 46.629
21 99 90.144
22 25 68.421
22 27 88.766
22 30 58.447
22 31 64.345
22 32 91.98
22 39 17.048
22 42 91.543
22 44 29.103
22 45 39.85
22 46 68.542
22 47 5.516
22 48 83.698
22 49 60.134
22 50 54.494
22 53 14.523
22 54 10.093
22 58 92.862
22 62 44.291
22 67 44.301
22 68 60.927
22 69 97.874
22 71 31.08
22 77 17.371
22 80 53.335
22 81 92.689
22 82 53.571
22 84 62.182
22 87 5.358
22 90 71.442
22 91 31.331
22 93 38.417
22 94 94.731
22 97 52.321
22 99 21.515
23 26 66.362
23 27 26.883
23 28 5.247
23 29 86.252
23 31 62.347
23 32 88.664
23 33 51.771
23 34 87.517
23 35 74.745
23 40 69.911
23 42 83.711
23 45 59.386
23 48 40.836
23 50 76.103
23 51 97.972
23 53 70.39
23 59 94.024
23 61 94.246
23 62 67.239
23 63 53.316
23 65 28.259
23 66 89.814
23 68 87.589
23 70 80.953
23 72 79.993
23 73 73.116
23 74 89.356
23 76 77.583
23 77 41.184
23 78 1.21
23 79 19.631
23 80 84.262
23 83 54.225
23 87 2.172
23 88 65.991
23 90 60.929
23 92 11.299
23 93 69.889
23 94 6.718
23 96 77.319
23 97 43.07
23 98 25.599
24 25 3.927
24 26 59.2
24 27 64.905
24 31 60.939
24 33 85.25
24 34 20.375
24 35 78.363
24 37 89.405
24 41 6.379
24 44 42.436
24 45 85.327
24 47 44.677
24 48 30.837
24 49 93.429
24 50 15.515
24 51 44.469
24 52 81.919
24 54 71.865
24 55 27.357
24 58 8.134
24 60 67.91
24 61 9.97
24 62 72.272
24 63 51.397
24 64 55.165
24 65 21.594
24 68 47.223
24 69 79.833
24 71 94.67
24 74 60.606
24 75 92.729
24 77 51.367
24 79 93.729
24 80 18.655
24 82 28.085
24 85 88.285
24 86 77.264
24 87 22.306
24 91 15.005
24 92 5.037
24 95 19.403
24 96 54.711
24 98 39.09
25 27 60.458
25 28 56.377
25 29 18.765
25 30 99.129
25 32 74.677
25 33 89.226
25 34 8.188
25 35 46.372
25 36 80.982
25 39 78.539
25 40 11.124
25 41 50.161
25 42 90.354
25 45 44.173
25 46 50.372
25 48 28.053
25 49 60.622
25 52 8.675
25 55 79.206
25 56 94.514
25 61 39.153
25 63 25.15
25 67 18.005
25 69 71.756
25 70 8.38
25 72 11.05
25 74 71.253
25 76 48.704
25 77 50.872
25 78 69.645
25 79 16.978
25 81 68.354
25 84 65.975
25 85 67.282
25 88 65.967
25 96 63.786
25 99 57.869
26 29 5.657
26 31 35.634
26 32 31.279
26 35 81.027
26 36 35.901
26 37 89.88
26 41 11.831
26 42 68.525
26 45 96.602
26 46 55.551
26 47 92.601
26 49 71.893
26 51 85.671
26 52 52.326
26 53 46.391
26 54 73.754
26 56 81.12
26 59 61.917
26 62 70.989
26 63 97.123
26 67 24.526
26 74 36.785
26 77 24.841
26 78 83.607
26 79 55.889
26 83 64.652
26 87 69.903
26 89 34.315
26 91 24.888
26 97 73.034
26 98 80.972
26 99 71.725
27 30 86.891
27 32 27.815
27 34 72.184
27 38 12.614
27 39 71.544
27 43 72.53
27 54 91.771
27 55 94.193
27 56 92.465
27 57 84.432
27 58 36.428
27 60 1.489
27 61 52.057
27 62 30.375
27 63 97.174
27 64 39.727
27 65 47.848
27 66 63.5
27 67 21.712
27 69 92.735
27 72 72.12
27 74 92.021
27 79 3.2
27 80 10.876
27 81 1.588
27 83 80.0
27 88 60.586
27 93 37.262
27 94 45.639
27 98 82.31
28 30 71.03
28 31 34.997
28 35 99.836
28 36 15.649
28 39 82.704
28 40 71.051
28 41 75.888
28 42 14.348
28 43 39.127
28 44 7.178
28 47 2.405
28 49 90.24
28 50 60.596
28 51 1.384
28 54 4.674
28 55 19.833
28 56 71.761
28 58 59.559
28 60 1.027
28 63 2.281
28 64 75.42
28 67 71.147
28 68 13.947
28 71 16.621
28 73 50.212
28 79 36.402
28 81 39.826
28 82 90.542
28 85 10.39
28 86 15.612
28 87 29.115
28 88 13.47
28 90 2.281
28 91 55.436
28 92 28.046
28 93 61.705
28 95 14.373
28 96 36.039
28 97 3.382
28 99 51.801
29 31 29.465
29 32 85.95
29 33 50.823
29 34 83.663
29 36 42.274
29 39 77.293
29 41 77.982
29 42 30.314
29 45 96.204
29 46 23.885
29 49 23.799
29 50 7.086
29 51 61.5
29 52 77.505
29 54 31.873
29 55 3.452
29 56 11.531
29 57 98.878
29 58 8.126
29 60 4.475
29 62 21.913
29 68 80.986
29 70 59.416
29 72 18.841
29 75 28.959
29 77 99.853
29 79 23.177
29 82 48.412
29 86 31.665
29 91 65.514
29 92 77.523
29 93 89.886
29 95 16.084
29 97 33.5
29 98 88.98
29 99 72.085
30 32 90.015
30 46 55.991
30 49 59.745
30 52 67.424
30 55 82.839
30 56 2.807
30 57 27.449
30 58 2.101
30 60 54.649
30 61 27.238
30 63 95.944
30 65 48.447
30 70 94.342
30 73 80.48
30 74 16.765
30 75 84.29
30 76 97.41
30 77 15.923
30 78 31.157
30 82 3.387
30 84 99.233
30 87 48.785
30 89 77.236
30 92 92.41
30 93 63.319
30 96 88.651
30 99 42.07
31 33 45.746
31 35 33.933
31 36 42.595
31 38 35.325
31 39 70.907
31 41 19.14
31 43 30.395
31 44 19.028
31 47 35.322
31 53 7.951
31 59 17.643
31 61 72.571
31 62 51.667
31 63 43.264
31 65 22.27
31 68 13.443
31 73 73.448
31 74 93.151
31 76 76.43
31 77 6.607
31 78 3.989
31 80 86.085
31 81 88.371
31 82 64.629
31 83 32.306
31 88 56.475
31 89 91.872
31 91 68.408
31 94 19.564
31 97 43.328
32 33 31.588
32 35 21.901
32 36 90.114
32 37 40.662
32 38 71.862
32 41 43.64
32 43 73.894
32 45 79.013
32 51 81.555
32 52 96.119
32 53 3.029
32 55 23.11
32 56 78.319
32 57 91.656
32 58 79.601
32 59 39.286
32 61 82.523
32 62 14.65
32 63 9.701
32 64 14.171
32 65 79.598
32 67 88.002
32 68 52.731
32 70 38.457
32 74 16.124
32 77 84.548
32 83 47.151
32 89 13.991
32 91 20.786
32 95 81.806
32 98 16.508
33 36 49.547
33 37 11.188
33 38 73.992
33 40 12.514
33 41 56.684
33 44 61.123
33 45 30.368
33 46 31.457
33 47 25.631
33 49 35.833
33 50 9.92
33 51 46.767
33 52 2.097
33 57 96.438
33 59 71.075
33 61 34.857
33 62 42.319
33 68 33.561
33 70 37.187
33 72 51.456
33 74 52.326
33 75 98.334
33 79 93.167
33 82 65.39
33 84 31.439
33 86 14.864
33 88 26.157
33 92 33.371
33 93 51.516
33 94 28.792
33 96 42.654
33 97 61.867
33 99 94.442
34 38 88.55
34 40 99.744
34 42 32.006
34 43 11.293
34 49 22.605
34 51 43.173
34 52 87.33
34 53 25.416
34 56 52.479
34 61 57.642
34 63 52.739
34 64 95.698
34 65 52.949
34 66 58.51
34 67 76.247
34 71 98.475
34 72 15.617
34 77 83.688
34 79 73.152
34 80 40.062
34 83 21.675
34 86 84.085
34 93 18.939
34 94 55.233
34 95 4.561
34 96 26.403
34 97 71.43
34 98 35.038
34 99 85.233
35 36 5.876
35 37 92.576
35 39 39.806
35 42 69.97
35 43 76.297
35 44 61.165
35 49 91.564
35 50 55.25
35 51 36.553
35 54 28.068
35 55 54.773
35 56 65.396
35 59 89.659
35 62 7.347
35 63 92.451
35 65 74.066
35 67 71.145
35 70 4.18
35 71 11.067
35 74 26.554
35 76 32.053
35 79 49.835
35 82 70.221
35 83 2.356
35 86 32.737
35 89 30.047
35 91 62.76
35 92 5.378
35 93 14.47
35 97 18.349
35 99 9.943
36 37 19.997
36 41 59.366
36 43 70.878
36 45 77.832
36 46 22.901
36 47 66.51
36 48 89.914
36 50 62.922
36 54 19.188
36 56 45.123
36 57 20.21
36 58 66.759
36 60 13.979
36 64 19.876
36 65 65.956
36 67 16.82
36 72 84.124
36 76 6.373
36 78 39.376
36 80 59.782
36 82 62.803
36 84 51.789
36 89 23.471
36 91 77.803
36 92 96.622
36 94 4.684
36 95 9.462
36 96 32.081
36 98 93.267
37 40 34.605
37 45 56.832
37 48 29.87
37 49 73.973
37 51 91.747
37 52 68.909
37 53 79.502
37 54 52.636
37 55 31.451
37 58 13.202
37 59 59.829
37 62 48.84
37 67 61.149
37 68 55.76
37 69 36.567
37 72 30.31
37 73 97.163
37 77 83.914
37 78 98.427
37 82 96.038
37 83 25.534
37 84 49.384
37 86 98.703
37 87 89.465
37 88 12.323
37 92 23.046
37 94 11.58
37 96 6.285
37 97 94.485
37 98 53.619
37 99 69.68
38 39 62.818
38 40 15.314
38 42 4.43
38 43 95.508
38 44 72.604
38 51 31.928
38 52 38.669
38 53 87.468
38 54 40.007
38 59 31.599
38 65 61.687
38 66 85.618
38 70 99.011
38 72 38.55
38 75 91.666
38 77 23.871
38 78 3.969
38 79 79.101
38 80 25.335
38 81 65.67
38 83 25.323
38 86 44.336
38 87 29.61
38 88 87.205
38 90 54.405
38 91 86.827
38 92 23.49
38 94 92.835
38 95 11.684
38 96 24.925
39 40 84.557
39 41 11.566
39 42 76.279
39 48 78.194
39 51 59.95
39 54 19.143
39 55 23.529
39 57 28.637
39 58 86.651
39 60 23.681
39 61 84.994
39 62 42.346
39 63 32.999
39 64 49.9
39 66 58.584
39 67 50.242
39 70 86.246
39 71 63.921
39 72 53.723
39 73 28.547
39 74 99.386
39 75 1.731
39 76 52.509
39 78 48.621
39 79 83.403
39 82 62.41
39 85 19.253
39 86 26.694
39 87 89.96
39 88 6.514
39 95 87.54
39 99 14.169
40 43 68.583
40 44 98.1
40 45 44.227
40 46 65.878
40 47 29.505
40 48 65.614
40 50 88.744
40 53 98.393
40 55 21.071
40 57 30.465
40 58 30.375
40 59 3.367
40 60 87.649
40 64 52.801
40 65 12.249
40 68 70.871
40 69 89.779
40 70 58.31
40 71 17.149
40 73 14.096
40 74 40.38
40 75 39.257
40 79 13.396
40 81 77.434
40 84 90.319
40 85 82.713
40 86 85.302
40 88 21.846
40 89 57.92
40 92 22.935
40 93 94.107
40 94 25.293
40 96 74.337
40 97 35.459
40 98 49.433
40 99 19.188
41 42 2.824
41 43 2.355
41 44 87.226
41 46 83.564
41 48 86.656
41 49 1.067
41 50 71.865
41 51 82.743
41 52 20.052
41 53 61.615
41 56 79.65
41 60 21.793
41 63 18.248
41 66 47.564
41 67 1.692
41 69 47.255
41 70 12.111
41 75 21.087
41 77 17.686
41 79 34.937
41 82 48.394
41 83 38.888
41 84 57.892
41 86 5.009
41 87 83.359
41 88 62.558
41 90 62.56
41 92 24.624
41 94 35.309
41 96 16.738
41 97 58.09
41 98 45.609
41 99 56.09
42 44 11.266
42 46 66.806
42 48 35.434
42 50 76.898
42 51 31.027
42 55 33.57
42 56 82.129
42 57 47.773
42 59 1.364
42 60 48.264
42 61 53.578
42 65 68.027
42 67 8.747
42 69 68.835
42 70 87.184
42 73 34.373
42 74 25.266
42 76 50.399
42 78 18.695
42 79 13.424
42 80 7.96
42 82 99.116
42 84 84.981
42 85 82.066
42 86 20.705
42 90 39.37
42 91 42.695
42 93 74.023
42 94 72.056
42 95 13.847
42 99 20.132
43 44 56.468
43 45 88.904
43 52 73.604
43 58 2.346
43 63 61.319
43 65 41.212
43 66 19.255
43 67 85.048
43 72 50.889
43 73 42.744
43 75 28.713
43 76 1.531
43 77 47.434
43 79 94.735
43 81 64.983
43 82 70.796
43 86 11.672
43 87 41.862
43 88 18.067
43 89 58.499
43 90 55.858
43 91 52.897
43 93 57.702
43 94 34.617
43 95 22.995
43 97 28.925
43 98 30.246
43 99 99.605
44 46 52.414
44 47 7.62
44 52 89.386
44 55 1.685
44 56 12.823
44 57 14.533
44 58 80.768
44 61 3.49
44 62 40.011
44 66 42.647
44 68 74.147
44 70 30.106
44 73 93.664
44 74 87.089
44 78 75.966
44 79 97.327
44 81 64.389
44 82 60.266
44 83 26.441
44 85 76.374
44 86 59.2
44 88 91.445
44 90 98.394
44 92 50.673
44 94 15.094
44 97 1.711
45 46 48.534
45 48 91.294
45 49 66.336
45 50 98.206
45 51 62.002
45 52 60.021
45 56 4.06
45 58 13.436
45 60 18.652
45 69 94.066
45 71 91.582
45 72 23.211
45 73 51.24
45 75 70.655
45 77 7.341
45 79 8.46
45 80 45.129
45 81 64.605
45 83 40.124
45 84 59.778
45 85 1.053
45 86 87.749
45 87 20.293
45 89 20.586
45 93 51.614
45 95 46.949
45 96 35.783
45 97 27.524
45 98 92.664
46 48 24.904
46 49 43.65
46 51 54.904
46 55 98.713
46 56 90.74
46 57 67.688
46 58 54.197
46 60 19.2
46 61 41.653
46 65 28.276
46 69 65.894
46 71 55.451
46 79 23.612
46 83 80.849
46 85 6.524
46 88 14.556
46 96 48.779
46 97 40.413
47 48 82.399
47 51 74.04
47 54 83.312
47 55 70.055
47 56 84.617
47 57 65.294
47 58 60.476
47 59 6.686
47 60 45.786
47 66 88.801
47 69 24.638
47 70 51.322
47 73 20.916
47 74 66.499
47 75 42.052
47 76 88.133
47 77 73.308
47 78 95.723
47 80 96.102
47 81 41.119
47 82 56.561
47 83 38.084
47 84 9.887
47 86 10.885
47 87 72.124
47 89 29.567
47 93 45.7
47 94 84.815
47 99 19.123
48 55 55.15
48 57 28.631
48 60 79.853
48 63 31.74
48 64 83.636
48 65 64.903
48 66 54.115
48 71 7.249
48 72 60.709
48 73 44.062
48 75 99.68
48 82 66.517
48 84 51.507
48 86 59.52
48 87 36.645
48 89 54.195
48 90 77.29
48 92 79.286
48 97 34.914
48 98 67.128
48 99 22.971
49 51 66.556
49 53 62.1
49 54 55.827
49 59 87.658
49 62 50.621
49 63 7.2
49 64 43.279
49 67 42.825
49 68 76.925
49 71 68.115
49 75 17.273
49 76 9.959
49 79 32.444
49 80 55.957
49 82 90.068
49 83 39.328
49 84 81.361
49 89 71.068
49 90 56.193
49 93 31.809
49 94 56.389
50 51 33.693
50 53 31.442
50 56 72.675
50 60 86.965
50 63 50.38
50 66 51.625
50 70 7.27
50 71 91.587
50 72 6.562
50 75 26.051
50 76 95.803
50 77 53.95
50 78 75.831
50 79 73.923
50 80 31.032
50 81 54.859
50 83 76.457
50 84 57.805
50 85 85.571
50 86 87.926
50 87 22.858
50 88 75.812
50 91 38.407
50 94 32.505
50 97 57.062
51 53 15.08
51 56 3.398
51 57 22.066
51 60 20.813
51 61 6.717
51 62 86.896
51 65 25.205
51 66 70.532
51 67 24.208
51 68 69.096
51 69 29.27
51 70 57.323
51 72 42.202
51 73 39.939
51 75 78.976
51 76 68.117
51 78 22.97
51 79 22.814
51 80 12.865
51 82 14.045
51 83 79.42
51 84 28.511
51 85 33.321
51 86 40.787
51 87 36.606
51 90 75.314
51 97 16.331
52 53 48.499
52 54 65.505
52 55 33.93
52 57 62.263
52 59 93.413
52 62 84.297
52 63 56.426
52 66 67.777
52 67 95.636
52 70 71.935
52 71 58.586
52 72 38.514
52 73 30.041
52 75 85.52
52 77 74.18
52 79 2.007
52 81 51.497
52 82 28.145
52 86 74.052
52 87 60.1
52 88 52.55
52 91 65.508
52 93 13.628
52 94 47.846
52 96 35.441
52 97 13.661
52 98 63.561
53 55 7.41
53 59 25.985
53 60 94.522
53 63 35.771
53 64 93.14
53 67 38.602
53 69 42.769
53 70 2.919
53 71 80.442
53 73 42.305
53 74 49.752
53 78 53.551
53 79 15.371
53 82 60.347
53 84 39.773
53 86 29.926
53 87 11.889
53 88 95.192
53 89 18.979
53 91 11.845
53 92 52.665
53 97 73.224
54 55 33.053
54 56 68.247
54 59 60.824
54 60 85.185
54 62 26.139
54 64 33.138
54 67 67.616
54 70 66.24
54 72 13.163
54 73 7.435
54 74 1.536
54 79 16.063
54 81 46.49
54 82 42.55
54 85 99.468
54 86 9.774
54 88 9.792
54 93 45.292
54 94 54.107
54 96 19.948
54 98 73.514
55 56 46.71
55 57 58.895
55 58 60.92
55 60 76.946
55 65 62.344
55 67 90.105
55 74 27.039
55 75 71.996
55 76 34.573
55 82 93.98
55 84 11.443
55 85 63.213
55 86 26.231
55 87 5.398
55 90 81.382
55 93 32.49
55 95 64.047
55 96 42.26
55 97 25.58
55 98 69.301
55 99 62.369
56 57 82.348
56 58 38.648
56 59 42.26
56 61 62.229
56 62 29.689
56 68 97.696
56 71 15.461
56 72 1.444
56 73 57.729
56 74 47.924
56 75 86.987
56 77 65.4
56 79 1.154
56 80 3.763
56 84 27.215
56 85 3.915
56 86 7.84
56 87 11.793
56 89 28.955
56 97 2.445
57 59 69.742
57 60 84.928
57 65 39.215
57 66 32.977
57 67 98.005
57 68 69.675
57 71 19.679
57 72 79.906
57 73 77.116
57 74 58.042
57 75 44.605
57 76 53.798
57 78 69.451
57 81 40.324
57 83 77.274
57 87 59.375
57 88 6.454
57 89 88.564
57 92 5.874
57 94 74.425
57 96 11.737
57 98 43.662
58 61 97.008
58 62 92.443
58 64 70.084
58 69 92.678
58 70 75.852
58 71 63.773
58 72 30.349
58 74 37.79
58 75 46.991
58 77 10.794
58 78 86.278
58 81 33.751
58 83 72.37
58 85 10.632
58 86 96.536
58 87 72.557
58 91 89.591
58 92 92.113
58 94 66.327
58 95 16.916
58 98 40.788
58 99 2.445
59 60 31.801
59 63 92.874
59 64 5.293
59 66 19.969
59 69 48.969
59 70 7.261
59 71 90.814
59 73 11.506
59 75 22.67
59 77 96.009
59 78 52.467
59 80 36.965
59 85 8.079
59 87 12.497
59 88 84.963
59 89 32.428
59 91 19.404
59 93 3.492
59 95 58.49
59 96 33.716
60 64 86.015
60 67 87.479
60 68 55.906
60 69 43.279
60 70 76.304
60 72 1.593
60 73 30.511
60 75 51.865
60 76 15.311
60 77 43.78
60 79 8.559
60 83 46.625
60 84 96.909
60 92 30.186
60 95 45.402
60 97 83.271
60 98 68.509
61 62 90.981
61 66 51.282
61 67 71.942
61 70 38.739
61 71 76.61
61 80 45.881
61 84 67.825
61 86 65.432
61 87 80.566
61 88 36.225
61 89 60.251
61 90 81.485
61 91 69.703
61 92 8.636
61 93 14.474
61 95 82.025
61 97 24.106
61 98 57.958
62 64 91.747
62 65 25.159
62 69 73.642
62 72 44.834
62 73 7.779
62 74 84.246
62 77 65.897
62 79 70.252
62 80 73.363
62 83 98.327
62 84 31.747
62 86 27.073
62 87 54.34
62 88 93.858
62 89 7.861
62 93 31.894
62 94 44.158
62 97 65.986
62 98 45.15
62 99 69.588
63 64 50.609
63 66 62.188
63 67 20.212
63 69 21.858
63 72 2.937
63 73 19.696
63 74 47.366
63 75 4.215
63 77 40.969
63 78 56.718
63 81 4.279
63 83 61.588
63 89 37.779
63 91 32.009
63 94 70.202
63 95 59.5
63 96 2.857
63 99 8.781
64 67 81.594
64 68 29.342
64 73 7.152
64 76 66.499
64 77 85.992
64 78 25.12
64 79 12.501
64 85 94.59
64 86 78.171
64 88 60.371
64 89 67.691
64 90 23.252
64 91 40.061
64 95 97.491
64 96 93.62
64 97 22.062
64 98 65.821
64 99 98.741
65 66 87.242
65 69 40.923
65 70 86.194
65 71 19.315
65 72 14.161
65 74 20.372
65 75 6.753
65 76 58.264
65 77 74.728
65 78 31.981
65 81 73.598
65 82 24.325
65 85 78.594
65 87 85.797
65 91 94.893
65 94 42.732
65 95 75.549
65 96 44.775
66 67 62.886
66 70 10.386
66 71 98.312
66 73 31.317
66 77 52.724
66 86 77.657
66 87 11.483
66 89 9.064
66 91 11.46
66 95 98.963
66 96 74.16
66 99 54.416
67 70 13.433
67 75 72.221
67 76 64.733
67 80 78.244
67 83 48.472
67 85 50.669
67 86 4.121
67 88 48.869
67 89 16.215
67 91 32.392
67 92 93.477
67 94 37.713
67 99 34.343
68 69 57.39
68 72 29.33
68 78 40.209
68 79 13.82
68 81 48.679
68 82 24.231
68 84 23.57
68 85 30.263
68 86 58.725
68 88 67.571
68 90 89.936
68 92 40.579
68 94 20.733
68 97 73.093
68 98 11.054
69 72 71.136
69 73 51.706
69 74 11.943
69 82 53.606
69 83 48.968
69 85 37.516
69 91 58.664
69 94 42.231
69 96 42.017
69 97 46.941
69 98 70.207
69 99 21.847
70 71 9.908
70 72 81.022
70 73 26.477
70 74 81.49
70 75 24.512
70 76 31.358
70 78 5.091
70 80 81.483
70 81 28.556
70 82 91.471
70 85 31.895
70 86 25.119
70 88 95.333
70 91 77.951
70 94 24.063
70 95 28.586
70 98 76.457
70 99 37.328
71 74 16.11
71 76 7.176
71 77 41.312
71 78 93.499
71 79 12.705
71 80 83.578
71 82 43.048
71 83 85.224
71 85 15.154
71 86 15.559
71 90 96.861
71 91 77.268
71 93 26.594
71 96 70.916
71 98 48.13
71 99 11.609
72 74 38.3
72 77 18.696
72 78 75.912
72 79 9.408
72 80 40.101
72 83 1.649
72 87 55.605
72 89 14.026
72 90 79.552
72 92 42.125
72 93 36.33
72 94 94.644
72 96 89.666
72 99 53.273
73 75 70.208
73 76 98.924
73 77 79.685
73 79 97.76
73 80 79.24
73 83 23.033
73 85 96.684
73 87 57.927
73 91 59.895
73 94 81.886
73 96 65.114
73 97 79.457
74 81 20.539
74 82 42.794
74 83 48.566
74 84 28.618
74 85 88.862
74 86 9.246
74 89 15.081
74 92 13.995
74 93 99.045
74 94 40.286
74 95 85.446
74 96 31.79
75 76 95.663
75 78 58.398
75 80 47.245
75 81 15.249
75 82 60.065
75 83 93.569
75 84 99.111
75 86 21.663
75 87 62.923
75 89 4.057
75 91 11.685
75 94 78.949
75 95 77.897
75 97 56.021
75 99 32.459
76 80 73.471
76 82 99.389
76 83 57.438
76 85 23.076
76 86 44.72
76 92 74.479
76 94 75.03
76 95 4.887
76 98 73.447
76 99 26.292
77 80 40.963
77 81 57.633
77 84 22.004
77 91 46.437
77 93 88.801
77 95 39.444
77 97 87.35
78 81 73.324
78 83 56.412
78 86 55.757
78 89 69.042
78 92 64.453
78 93 27.198
78 94 37.756
78 95 66.169
78 97 82.431
78 98 66.912
78 99 61.81
79 81 16.035
79 82 80.374
79 87 51.686
79 88 77.944
79 89 5.301
79 91 27.018
79 93 55.633
79 94 28.197
79 95 40.532
79 96 62.056
79 98 40.524
79 99 77.459
80 82 21.38
80 83 25.062
80 85 41.976
80 86 29.623
80 88 12.481
80 91 29.211
80 92 63.235
80 94 1.718
80 97 62.392
80 98 52.556
81 83 29.028
81 84 31.797
81 85 59.378
81 86 93.825
81 87 91.385
81 89 61.575
81 91 54.169
81 92 97.456
81 94 67.764
81 96 97.435
81 99 82.105
82 83 23.385
82 86 97.462
82 88 9.652
82 91 91.551
82 93 2.911
82 94 4.707
82 95 15.078
82 98 82.9
83 84 2.072
83 85 75.227
83 86 76.16
83 87 23.552
83 88 3.604
83 89 18.033
83 91 25.789
83 93 3.493
83 94 71.612
83 96 71.277
83 97 68.525
83 99 60.456
84 86 65.524
84 87 24.107
84 91 22.478
84 92 36.358
84 94 66.77
84 96 1.363
85 86 62.956
85 89 44.95
85 95 7.599
85 98 41.344
86 88 7.706
86 89 21.153
86 90 85.787
86 91 42.147
86 93 67.949
86 94 88.323
86 95 97.291
86 96 26.461
86 97 53.412
86 98 85.296
87 90 99.707
87 92 42.481
87 97 61.218
87 98 96.255
87 99 37.561
88 89 91.045
88 91 56.251
88 92 28.653
88 94 14.829
88 97 6.046
89 91 78.463
89 95 67.611
89 97 99.627
90 92 25.947
90 94 1.407
90 95 95.173
90 96 61.979
90 97 91.431
90 98 40.359
90 99 64.286
91 93 16.465
91 94 10.649
91 96 20.633
91 97 10.848
91 99 60.464
92 96 79.575
92 97 30.981
92 98 1.611
92 99 35.737
93 94 9.751
93 95 42.055
93 97 79.1
94 97 4.945
94 99 36.446
95 96 35.225
95 97 33.52
95 99 88.174
96 97 41.992
96 98 32.627
96 99 52.903
97 98 28.425
97 99 60.257
98 99 33.887
