100
0 5 31
0 8 81
0 10 88
0 15 37
0 17 30
0 19 96
0 27 12
0 28 56
0 33 13
0 34 98
0 37 82
0 46 91
0 47 13
0 49 57
0 50 22
1 5 89
1 6 39
1 7 4
1 8 6
1 9 42
1 13 8
1 15 38
1 18 46
1 21 48
1 24 56
1 25 19
1 30 32
1 37 68
1 54 53
1 56 73
1 60 88
1 66 24
1 67 22
1 69 23
1 84 11
1 85 79
2 5 49
2 6 80
2 7 88
2 26 31
2 41 64
2 57 75
2 92 19
3 5 30
3 6 60
3 16 82
3 29 33
3 38 59
3 70 33
3 75 86
3 77 2
3 80 60
4 5 37
4 6 87
4 7 70
4 11 21
4 12 10
4 14 57
4 16 45
4 17 76
4 24 39
4 25 82
4 27 55
4 42 89
4 51 33
4 66 59
4 75 39
4 76 26
4 80 50
4 96 62
4 97 14
5 6 31
5 7 49
5 8 74
5 9 46
5 10 74
5 11 38
5 12 90
5 13 38
5 14 3
5 19 85
5 20 51
5 21 36
5 22 2
5 23 73
5 29 88
5 38 96
5 46 7
5 48 78
5 51 96
5 53 64
5 57 37
5 62 30
5 66 78
5 76 46
5 77 29
5 99 82
6 7 25
6 8 80
6 9 33
6 12 87
6 15 97
6 16 93
6 17 99
6 21 85
6 22 88
6 28 18
6 29 81
6 35 13
6 36 81
6 42 83
6 44 6
6 49 40
6 50 57
6 65 5
6 69 75
6 73 47
6 88 94
6 94 17
6 98 12
7 8 38
7 9 42
7 10 96
7 11 54
7 13 23
7 14 26
7 16 17
7 18 70
7 22 47
7 23 68
7 25 65
7 26 35
7 36 22
7 43 33
7 59 62
7 61 38
7 70 96
7 82 44
8 9 15
8 10 60
8 11 10
8 13 19
8 18 97
8 31 29
8 39 87
8 47 93
8 49 87
8 65 51
9 10 72
9 12 47
9 13 12
9 14 51
9 20 2
9 21 34
9 22 69
9 23 16
9 26 59
9 29 48
9 30 87
9 32 96
9 37 87
9 38 34
9 39 75
9 41 49
9 44 82
9 47 48
9 48 14
9 51 87
9 53 30
9 54 61
9 55 4
9 65 80
9 80 72
9 82 42
9 86 79
10 11 29
10 12 83
10 19 9
10 20 82
10 24 60
11 18 90
11 23 39
11 26 84
11 27 53
11 32 15
11 44 18
11 99 6
12 15 5
12 16 39
12 20 64
12 31 15
12 35 13
12 38 31
12 41 69
12 52 18
12 62 50
12 72 59
12 83 48
12 89 86
12 95 96
13 14 90
13 17 70
13 20 54
13 21 76
13 24 96
13 33 94
13 34 20
13 36 54
13 39 84
13 61 13
13 73 63
13 80 79
13 85 53
13 93 36
14 15 5
14 19 89
14 25 48
14 32 28
14 40 57
14 71 57
14 72 31
14 89 47
15 18 13
15 34 88
15 35 48
15 53 70
15 54 83
15 76 46
16 17 8
16 19 51
16 37 36
16 40 25
16 52 16
16 68 59
16 69 12
16 78 85
16 94 28
17 38 83
17 43 82
17 47 77
17 63 3
17 67 7
17 69 43
18 22 32
18 27 17
18 50 73
18 62 27
18 68 9
19 23 98
19 26 71
19 28 27
19 34 76
19 36 28
19 45 30
19 50 43
19 90 19
19 93 77
19 98 1
20 25 36
20 30 19
20 31 17
20 34 70
20 37 33
20 39 23
20 40 15
20 41 85
20 67 4
20 68 17
20 77 2
20 91 46
21 30 31
21 32 76
21 40 42
21 53 3
21 60 23
21 65 34
21 66 7
21 70 17
22 28 95
22 39 54
22 43 68
22 60 15
22 82 96
23 24 9
23 28 61
23 33 58
23 62 47
23 83 66
23 84 76
23 95 14
24 40 58
24 52 65
24 55 29
24 85 79
24 88 6
24 94 94
24 95 85
24 98 67
25 27 39
25 31 59
25 32 83
25 33 4
25 36 8
25 53 62
25 56 52
25 58 55
25 67 88
25 79 14
25 90 63
25 96 92
26 30 57
26 33 10
26 42 11
26 46 42
26 55 78
26 63 19
26 64 9
26 83 17
27 35 36
27 45 80
27 46 82
27 49 75
27 58 71
27 60 92
27 61 42
27 66 49
27 73 77
27 76 68
27 78 38
27 89 59
27 98 65
28 29 78
28 35 56
28 43 13
28 44 90
28 47 15
28 54 84
28 55 84
28 67 99
28 71 71
28 75 93
28 81 28
28 93 56
29 49 58
29 72 30
29 81 53
29 86 44
29 87 59
29 89 52
29 91 54
30 31 94
30 45 13
30 64 41
30 83 55
30 93 41
31 42 86
31 48 33
31 62 48
32 51 20
32 54 88
32 59 61
32 78 9
32 93 12
33 43 11
33 44 12
33 46 56
33 80 13
33 84 96
33 97 95
34 56 48
35 57 17
35 73 72
35 99 8
36 70 76
36 71 72
37 48 72
37 64 43
38 41 86
38 52 16
38 63 53
38 77 46
38 92 86
39 64 97
39 75 55
39 84 93
40 42 7
40 52 37
40 56 77
40 65 40
40 74 46
40 97 14
41 45 74
41 50 65
41 99 28
42 69 20
42 72 85
42 74 62
42 90 29
42 98 14
43 45 45
43 57 72
43 63 48
43 64 15
43 70 98
43 82 36
44 48 74
44 58 29
44 59 55
45 71 72
45 87 99
46 86 80
46 88 79
47 55 87
47 58 83
47 76 72
48 56 4
48 61 78
48 74 85
48 91 89
48 92 35
49 59 4
49 77 24
49 79 35
49 91 90
49 96 98
50 51 40
50 88 44
50 92 45
51 63 1
51 81 24
51 94 19
52 60 73
52 68 85
52 78 52
52 79 9
52 81 19
53 57 95
53 87 82
54 58 4
54 59 12
54 79 96
54 83 68
54 96 28
55 82 49
56 75 54
57 85 59
58 97 44
59 61 21
59 74 48
59 95 40
61 85 93
61 86 42
61 91 73
62 68 77
62 73 11
62 81 7
63 71 20
64 90 21
65 72 97
65 79 80
71 78 7
72 74 87
72 90 11
75 87 35
75 89 57
75 95 85
76 84 55
76 92 63
77 88 78
77 99 57
78 86 54
78 94 35
80 96 28
82 87 97
82 97 66