100
0 10 92.729
0 12 1.279
0 35 45.478
0 54 93.461
0 75 24.688
0 78 91.346
0 83 21.045
0 85 1.808
1 25 14.959
1 38 9.286
1 44 58.348
1 48 61.491
1 54 16.989
1 82 73.796
1 90 13.434
1 92 72.281
2 14 71.604
2 17 60.509
2 28 65.663
2 38 70.809
2 47 42.514
2 54 84.055
2 55 76.948
2 61 86.025
2 62 65.413
2 64 60.342
2 68 21.879
2 70 99.137
2 88 10.622
2 92 14.326
3 4 32.781
3 14 56.208
3 19 37.152
3 32 56.648
3 46 17.243
3 68 77.655
4 21 64.878
4 23 34.352
4 28 58.559
4 82 29.12
4 92 4.863
5 13 67.075
5 17 29.25
5 24 56.196
5 28 16.906
5 40 85.996
5 63 40.118
5 78 9.255
5 80 31.511
5 85 82.625
6 14 10.661
6 31 70.08
6 40 56.975
6 42 95.569
6 44 60.721
6 61 74.169
6 65 9.562
6 66 38.465
6 81 72.672
7 12 29.281
7 17 20.288
7 32 8.657
7 48 53.967
7 55 27.214
7 74 7.055
7 79 15.303
7 80 76.212
7 99 10.85
8 41 47.771
8 43 9.638
8 47 83.991
8 61 12.072
8 75 9.833
8 76 68.591
8 80 1.82
8 81 68.165
9 19 50.095
9 25 98.13
9 35 26.038
9 48 36.155
9 50 19.846
9 62 54.102
9 72 48.021
9 77 19.297
9 81 64.586
9 98 97.727
9 99 0.99
10 19 11.068
10 21 16.649
10 23 2.737
10 26 66.32
10 30 98.91
10 32 14.707
10 57 65.551
10 60 11.233
10 61 23.814
10 69 77.146
10 76 61.453
10 77 33.653
10 84 5.633
11 16 94.035
11 18 86.31
11 27 14.833
11 39 76.66
11 48 30.897
11 50 15.386
11 57 84.266
11 62 92.646
11 72 6.805
11 88 32.454
11 89 29.312
11 93 2.038
11 99 87.746
12 15 3.367
12 56 1.788
12 73 95.552
12 81 9.241
12 88 9.547
12 91 86.695
12 97 56.226
13 51 83.458
13 80 16.418
13 82 95.434
14 15 90.271
14 16 73.38
14 28 37.261
14 44 85.12
14 66 77.859
14 77 2.62
14 95 42.496
15 16 41.514
15 21 41.113
15 28 12.413
15 33 79.509
15 38 23.229
15 39 28.612
15 41 95.821
15 44 77.917
15 47 14.647
15 54 49.696
15 62 83.044
15 63 72.398
15 66 23.07
15 74 91.315
15 86 35.956
16 26 15.776
16 33 73.704
16 35 36.255
16 49 17.709
16 59 16.093
16 77 30.414
16 79 62.691
16 99 99.907
17 32 74.181
17 50 93.494
17 76 49.338
17 78 12.427
17 90 74.352
17 96 72.887
18 69 28.067
18 90 46.94
18 93 53.434
18 99 76.146
19 50 95.469
19 51 76.526
19 57 51.088
19 74 34.931
19 89 6.152
19 96 12.986
19 99 65.631
20 23 85.395
20 29 76.942
20 40 64.506
20 66 44.794
20 75 78.384
20 87 80.911
20 93 28.497
20 94 9.278
21 31 41.816
21 33 82.209
21 58 87.699
21 94 56.592
22 40 71.424
22 45 81.093
22 47 13.749
22 62 44.511
22 73 57.561
22 93 78.034
23 35 55.35
23 45 4.856
23 81 90.205
24 25 95.184
24 52 92.33
24 54 47.054
24 63 21.862
24 64 46.104
24 76 51.267
24 80 93.816
24 96 45.776
24 98 17.035
25 27 30.311
25 39 92.561
25 51 4.242
25 88 1.946
25 91 75.756
26 27 56.25
26 34 58.709
26 40 98.227
26 47 83.537
26 54 15.769
26 55 54.366
26 56 20.265
26 66 21.943
26 91 60.61
26 94 77.784
27 28 21.359
27 34 75.374
27 37 70.825
27 38 49.531
27 46 87.795
27 53 6.487
27 55 64.752
27 62 39.58
27 86 12.614
27 88 40.76
27 92 40.739
28 39 65.56
28 56 53.322
28 62 25.076
28 96 13.946
29 38 2.102
29 51 41.912
29 53 1.339
29 56 25.364
29 65 29.11
29 77 57.742
29 93 25.054
30 53 96.539
30 54 78.369
30 61 0.082
30 86 52.652
31 54 17.0
31 76 48.107
31 79 99.847
31 84 38.35
31 85 91.656
32 37 3.306
32 65 76.452
32 66 85.965
32 87 8.394
32 89 3.985
32 91 22.582
32 94 14.532
33 41 32.91
33 59 13.296
33 73 4.699
33 78 54.138
33 85 27.873
33 88 18.054
33 90 11.29
34 53 1.057
34 59 40.374
34 66 53.328
34 70 55.054
34 90 68.513
35 41 66.225
35 56 91.366
35 60 25.075
35 64 88.476
35 68 75.433
35 70 24.14
35 72 48.669
35 97 51.136
35 99 16.702
36 72 19.606
36 73 9.438
36 82 78.945
36 89 37.203
36 95 13.2
37 87 60.661
37 88 66.285
38 59 47.984
38 66 76.039
38 92 1.839
39 57 2.522
39 77 71.825
39 80 88.926
39 83 62.864
39 93 18.647
40 49 31.198
40 65 51.762
40 66 17.298
40 70 56.216
40 74 41.962
40 76 18.401
40 81 63.936
40 87 27.614
40 95 53.778
40 96 19.298
41 44 71.707
41 53 5.861
41 62 11.558
41 73 10.309
41 79 49.397
41 84 68.589
41 88 44.412
42 46 22.397
42 47 33.448
42 77 89.54
43 46 88.414
43 60 94.629
43 64 75.134
43 65 26.018
43 72 27.374
43 92 83.853
43 95 84.558
44 51 66.414
44 56 12.441
44 72 62.986
44 73 11.774
44 84 42.625
44 96 79.431
45 46 45.23
45 60 70.467
45 66 93.409
45 74 72.148
45 79 10.792
45 97 52.828
46 52 12.332
46 54 8.941
46 64 70.03
46 68 71.658
46 69 38.975
46 71 94.731
47 49 60.408
47 58 95.574
47 88 51.274
47 89 13.495
47 96 6.969
48 53 1.548
48 54 51.289
48 62 65.295
48 71 72.338
48 74 24.702
48 80 29.428
49 76 70.893
49 78 22.536
49 99 50.794
50 71 61.393
50 73 47.76
50 76 4.97
50 83 2.424
51 54 63.547
51 81 71.484
51 99 21.685
52 54 14.965
52 82 71.343
53 56 88.021
53 58 64.491
53 60 29.397
53 65 27.822
53 82 6.448
53 85 83.504
54 56 7.914
54 57 53.648
54 74 79.186
54 75 31.788
54 84 75.564
54 94 98.477
55 56 31.297
55 64 48.447
55 65 75.597
55 71 64.412
55 73 92.875
55 76 70.447
55 92 80.942
56 66 95.46
56 68 96.355
56 80 83.388
56 90 41.757
56 94 96.723
56 95 58.115
57 60 90.4
57 61 15.216
57 73 85.623
57 79 62.328
57 80 64.749
57 83 97.403
57 90 98.326
57 93 1.282
58 68 97.114
58 73 26.125
58 84 89.681
58 89 33.304
58 96 78.846
59 79 45.457
59 90 86.009
60 77 87.141
60 89 46.976
60 92 91.539
60 95 23.935
60 97 94.877
61 65 13.748
62 63 40.243
62 66 90.518
62 67 19.884
62 76 36.265
62 77 47.506
62 89 81.924
62 99 55.467
63 81 38.161
63 85 96.141
63 98 27.177
64 66 6.766
64 67 13.993
64 68 90.852
64 77 4.902
65 79 22.406
65 92 46.346
65 93 30.635
66 72 28.891
66 75 43.162
66 81 5.775
66 89 54.282
66 96 37.229
66 98 65.228
67 69 6.458
67 73 90.011
67 91 26.282
67 92 0.115
67 94 64.356
68 87 72.74
68 90 68.825
69 84 13.27
69 92 76.546
69 96 27.856
69 97 91.295
70 82 79.14
70 92 59.904
70 96 87.288
70 99 16.152
71 75 19.15
71 84 94.223
71 99 36.944
72 78 73.329
74 89 1.938
74 92 23.894
75 93 29.097
76 92 55.105
76 97 4.031
78 97 40.702
79 95 86.831
79 99 4.92
81 85 86.659
83 87 96.312
83 96 12.498
83 99 75.377
84 87 73.853
84 95 58.076
84 97 23.35
84 99 60.052
85 88 59.939
86 89 73.994
86 91 97.623
86 96 81.257
87 99 63.282
88 99 59.302
89 92 81.581
89 93 82.477
90 95 82.44
91 98 96.857
93 94 24.237
94 99 91.074
96 99 78.184
