98
0 14 69
0 27 18
0 1 81
0 14 40
0 29 23
0 91 43
0 9 9
0 13 21
1 81 62
1 64 60
1 10 75
1 54 81
1 2 75
1 20 75
1 10 27
1 96 22
1 73 2
1 50 83
1 16 62
1 3 3
1 75 23
1 52 14
1 54 4
1 70 19
1 36 81
1 69 29
1 13 19
1 75 97
1 21 29
1 57 48
1 17 21
1 79 47
1 59 1
1 34 69
1 6 18
1 36 57
1 96 45
1 17 32
1 96 53
1 80 88
1 56 95
1 47 84
1 78 95
1 88 28
1 53 28
1 31 69
1 62 73
1 96 76
1 49 33
1 30 69
1 73 99
1 4 58
2 78 68
2 67 17
2 69 14
2 46 7
2 38 78
2 91 17
2 4 36
2 91 51
2 95 40
2 24 66
2 31 53
2 49 11
2 57 66
2 32 8
2 52 65
2 53 27
2 88 29
2 48 10
2 57 53
2 42 12
2 65 54
2 11 83
2 65 43
2 94 10
2 13 25
2 70 10
2 71 42
2 39 87
2 64 39
2 36 54
2 55 97
2 62 46
2 79 87
2 55 76
2 65 57
2 8 26
2 73 90
2 79 68
2 45 55
2 75 25
2 84 54
2 94 65
2 93 19
2 71 60
2 81 71
3 21 47
3 18 26
3 7 3
3 13 16
3 55 12
3 75 83
3 37 90
3 38 63
3 55 49
3 70 76
3 95 59
3 37 50
3 86 23
3 51 86
3 18 10
3 75 88
3 14 19
3 7 84
3 37 58
4 75 41
4 53 15
4 59 33
4 97 49
4 74 88
4 75 67
4 26 65
4 55 57
4 33 21
4 11 1
4 58 36
4 79 22
4 35 55
4 7 65
4 88 50
4 44 67
4 37 85
4 25 44
4 81 75
4 27 66
4 90 80
5 50 21
5 65 27
5 19 31
5 75 90
5 34 12
5 60 30
5 11 77
5 7 10
5 76 79
5 59 15
5 6 8
5 56 84
5 55 45
5 88 4
5 18 8
5 28 87
5 55 76
5 49 72
6 18 44
6 72 41
6 49 94
6 93 66
6 13 4
6 21 95
6 17 71
6 13 63
6 80 17
6 10 48
6 97 36
7 40 76
7 68 79
7 77 92
7 42 77
7 8 55
7 11 25
7 11 56
7 23 37
7 79 78
7 82 63
7 12 7
7 90 51
7 21 40
7 21 69
7 58 89
7 64 12
7 34 69
7 70 41
7 76 62
7 93 9
8 80 7
8 27 79
8 47 78
8 18 72
8 12 40
8 77 68
9 15 14
9 64 92
9 12 17
10 79 92
10 39 46
10 12 6
11 15 85
11 34 73
11 69 72
11 89 85
11 65 93
11 46 73
11 77 1
11 96 44
12 63 29
12 65 59
12 58 17
12 45 94
12 45 14
12 38 39
12 85 26
13 67 83
13 14 66
13 71 70
13 64 82
14 84 89
14 83 77
14 35 55
14 80 48
14 26 20
14 19 22
15 65 45
15 29 91
15 29 31
15 37 41
15 26 25
15 57 43
16 56 36
16 36 45
16 23 95
16 25 6
16 89 50
16 26 32
16 19 59
16 95 37
17 31 11
17 42 7
17 77 39
17 31 99
17 18 22
18 69 46
18 39 64
19 96 57
19 36 24
19 56 96
19 96 9
19 26 3
20 50 85
20 64 40
20 37 27
20 56 70
20 96 21
20 45 75
21 24 89
21 76 99
21 79 49
21 30 20
21 74 90
21 64 55
22 77 52
22 38 32
22 90 33
22 51 75
22 44 85
23 72 94
23 96 13
23 45 53
23 77 47
23 51 54
24 60 85
24 39 77
24 68 40
25 72 51
25 45 86
25 55 61
25 85 24
25 49 62
25 51 14
25 40 14
26 51 69
26 45 17
26 78 38
26 29 23
26 49 39
27 46 5
28 95 36
28 41 69
28 65 32
28 33 51
28 70 24
28 78 37
29 55 13
29 58 24
29 56 6
29 89 56
29 91 22
29 42 21
29 56 21
30 70 91
30 45 50
30 89 16
30 78 31
30 43 26
31 87 5
31 71 9
31 50 51
32 92 76
32 62 56
32 33 41
32 71 93
32 50 27
32 85 32
33 46 1
33 86 17
33 88 46
33 74 62
33 66 64
33 45 21
33 35 98
34 58 72
34 41 64
34 96 3
36 43 85
36 96 93
36 50 70
36 66 18
36 66 62
37 73 35
37 75 83
37 97 13
38 42 66
39 76 87
39 48 22
40 59 82
41 62 34
41 66 56
41 55 35
42 67 68
43 47 62
44 51 52
44 90 22
44 65 82
44 91 64
45 49 28
45 72 68
45 96 59
46 47 44
46 49 58
47 54 80
47 49 75
47 60 42
48 89 11
48 59 72
48 65 76
49 95 45
49 53 93
50 76 40
51 66 87
51 96 95
52 73 86
52 69 44
53 64 81
55 69 17
55 87 44
55 90 91
55 85 31
56 75 10
57 80 58
57 71 4
60 79 96
61 95 93
62 82 72
62 65 27
62 67 31
62 74 41
62 81 50
63 66 83
63 87 24
66 91 70
67 83 32
68 91 52
68 88 99
68 72 36
68 94 51
70 95 74
74 81 23
74 90 41
74 97 40
75 83 62
80 88 48
81 89 5
82 87 10
82 97 14
84 92 92
85 87 15
86 93 78
86 97 27
88 94 91
88 93 25
89 97 61
90 93 10
90 96 36
93 96 52
