95
0 1 98.22
1 5 2
1 4 3.72
5 6 99
5 9 29
3 21 66.66
2 3 9
2 4 9
2 94 9
0 90 1
4 44 99.99
92 94 1
93 86 12
6 93 25
7 8 24
8 12 33
9 88 62
10 11 11
11 12 12
12 2 2
13 44 55
14 55 69.69
15 9 91
16 17 17
17 18 18
18 19 19
19 20 21
20 35 33
21 42 1
22 52 18
23 66 90
24 71 17
25 87 2
26 91 2
27 22 4
28 9 1
29 91 2
30 94 1
31 10 10
21 3 1
32 23 23
33 34 34
34 35 35
35 36 37
36 83 38
37 83 83.83
38 7 7
39 11 1
40 20 20
41 39 87
42 48 84
43 51 52
44 66 66
45 79 99
46 80 81
47 94 94
48 22 27
49 1 1
50 93 99
51 92 99
52 11 12.971
53 54 45
54 9 1
55 62 62.1
56 22 21
57 27 98.156
58 84 2
59 60 1
60 61 1
61 19 91.891
62 1 1
63 32 14
64 36 37
64 79 22.1
65 78 99
66 7 14
67 52 13
68 57 84.812
69 2 2
70 77 2
71 74 16
72 16 91
73 22 1
74 6 6
75 85 99
76 13 99
77 75 2
78 16 97.1
79 1 99
80 1 50
81 28 88
82 88 5
83 84 2
84 85 99.9
85 15 15
86 19 19
87 14 81.273
88 93 93
88 64 16
89 63 63
90 66 89
91 89 89
92 15 51
93 53 54
94 54 53
13 91 7.89
23 94 12
24 17 77.89
24 25 1
24 26 17.9
28 42 42
29 31 99.9
29 1 52
31 57 71
32 81 9
38 90 44