100
7 8 0.507
54 55 70.354
92 93 26.797
94 95 3.364
40 41 3.956
18 19 70.502
74 75 2.001
80 81 34.663
89 90 81.883
6 7 70.642
76 77 41.515
51 52 53.075
11 12 64.147
27 28 69.048
25 26 12.674
28 29 45.696
35 36 20.891
36 37 0.831
33 34 66.764
29 30 52.523
14 15 11.67
97 98 9.131
96 97 63.213
55 56 87.806
17 18 17.846
72 73 26.342
48 49 71.398
45 46 74.279
83 84 19.184
46 47 46.836
15 16 4.049
22 23 57.781
69 70 94.46
8 9 21.02
71 72 20.243
87 88 59.142
65 66 47.064
58 59 54.353
12 13 88.098
68 69 13.392
16 17 5.794
37 38 83.473
73 74 20.407
62 63 60.799
50 51 52.326
23 24 11.603
38 39 78.884
77 78 2.021
3 4 0.048
49 50 54.383
57 58 39.863
84 85 85.551
66 67 17.218
59 60 48.804
34 35 37.042
42 43 34.089
61 62 31.832
82 83 0.658
13 14 29.108
95 96 62.008
32 33 49.589
93 94 61.428
75 76 59.053
39 40 26.929
64 65 31.555
41 42 75.179
2 3 39.237
90 91 18.851
43 44 91.866
53 54 74.205
47 48 35.183
85 86 35.765
67 68 48.382
30 31 18.021
79 80 39.189
10 11 30.574
52 53 16.617
5 6 80.202
98 99 66.348
31 32 56.666
1 2 79.856
24 25 16.675
70 71 36.631
63 64 40.1
56 57 7.38
4 5 17.988
0 1 67.156
91 92 24.093
60 61 15.149
9 10 54.669
78 79 60.435
44 45 76.444
19 20 86.341
86 87 22.72
81 82 24.1
26 27 47.809
21 22 85.581
88 89 25.16
20 21 99.657
