100
0 23 59.238
0 25 17.128
0 26 13.387
0 27 10.472
1 8 63.226
1 19 62.216
1 16 66.399
1 28 10.331
1 29 9.451
1 30 12.022
2 23 51.635
2 31 7.196
2 32 5.906
2 33 11.84
3 5 59.802
3 34 8.408
3 35 15.301
3 36 9.588
4 20 59.894
4 19 58.831
4 37 16.45
4 38 12.441
4 39 15.153
5 12 61.83
5 18 59.115
5 40 5.178
5 41 8.105
5 42 13.204
6 14 59.622
6 43 7.398
6 44 6.094
6 45 14.793
7 24 53.44
7 46 10.757
7 47 10.814
7 48 12.796
8 49 4.19
8 50 1.344
8 51 7.496
9 21 57.068
9 52 15.526
9 53 0.436
9 54 10.701
10 13 57.545
10 15 59.95
10 19 63.745
10 55 4.155
10 56 16.141
10 57 14.972
11 17 52.756
11 12 50.864
11 58 10.674
11 59 9.601
11 60 4.588
12 61 5.407
12 62 7.329
12 63 15.978
13 14 52.031
13 64 9.205
13 65 12.55
13 66 8.924
14 67 9.97
14 68 10.831
14 69 8.949
15 22 58.771
15 70 4.815
15 71 12.534
15 72 11.302
16 17 64.517
16 73 18.108
16 74 13.523
16 75 4.122
17 76 14.603
17 77 7.619
17 78 11.114
18 24 64.204
18 79 4.525
18 80 7.827
18 81 13.074
19 82 15.575
19 83 17.741
19 84 13.04
20 21 50.67
20 23 56.676
20 85 7.314
20 86 6.507
20 87 11.116
21 88 8.642
21 89 7.35
21 90 4.992
22 91 5.462
22 92 8.268
22 93 12.046
23 94 13.646
23 95 0.834
23 96 24.848
24 97 10.919
24 98 10.249
24 99 11.268
25 60 24.926
25 45 23.849
26 47 14.866
27 68 17.127
28 71 17.789
28 30 19.956
29 42 21.867
29 81 21.629
30 74 14.255
31 64 18.645
31 85 34.441
31 75 6.707
31 98 11.942
32 83 11.909
33 99 18.342
34 90 20.562
34 77 23.236
35 44 9.87
35 40 20.0
35 99 16.726
36 97 26.261
37 98 19.393
37 68 24.607
38 66 19.145
39 57 20.024
39 61 19.454
39 48 14.779
40 47 25.015
40 69 15.104
41 73 20.702
41 53 22.752
42 59 22.961
43 74 23.65
43 55 18.177
43 69 17.628
45 87 19.524
45 94 15.85
45 81 23.491
46 66 24.746
46 86 8.878
48 55 17.484
49 66 22.357
50 51 27.049
51 92 23.003
52 78 19.446
53 83 17.813
53 57 15.038
54 96 16.287
54 97 21.748
54 70 26.915
55 89 17.618
56 97 11.83
58 98 16.292
61 81 12.676
62 97 14.25
63 98 16.914
65 69 17.244
67 80 22.212
68 94 23.907
69 84 13.424
70 80 25.43
72 80 13.926
74 88 26.843
75 92 12.538
76 86 19.391
76 82 24.327
77 94 8.426
78 97 25.052
79 87 15.699
80 83 15.457
82 99 21.144
86 95 24.866
91 93 32.069
93 97 34.874