100
0 1 96.385
0 14 55.253
0 26 73.6
0 36 64.407
0 67 97.65
0 72 38.694
0 85 35.615
0 91 15.574
1 4 47.799
1 11 9.549
1 34 60.764
1 51 55.088
1 53 68.271
1 65 61.481
1 93 62.425
2 59 20.738
2 61 27.943
3 38 97.847
3 71 86.483
3 72 71.977
4 11 35.794
4 16 28.234
4 63 81.823
4 65 55.072
4 79 31.874
4 85 96.016
4 96 3.498
5 25 89.602
5 26 69.945
5 43 42.632
5 80 96.756
5 90 77.949
6 7 86.462
6 23 71.197
6 27 3.829
6 35 80.635
6 37 52.408
6 81 19.408
6 93 87.549
7 52 6.564
7 61 75.83
7 84 57.095
7 91 2.558
7 94 45.634
8 24 14.361
8 72 3.226
9 40 62.905
9 44 47.361
9 51 60.422
10 46 99.841
10 57 45.842
10 58 8.722
10 65 74.248
10 67 73.496
10 79 75.631
10 98 92.871
11 75 17.522
12 38 36.393
12 57 68.166
12 58 32.09
12 79 71.178
12 88 91.366
13 30 61.954
13 33 43.952
13 36 20.197
13 60 92.323
13 62 91.409
13 70 91.466
13 73 99.686
13 79 40.858
14 35 37.04
14 89 37.545
15 45 51.006
15 49 56.311
15 57 11.56
15 70 21.349
15 85 90.861
16 88 39.318
17 20 84.858
17 34 39.655
17 47 38.793
17 66 40.811
17 91 72.407
17 95 21.401
18 34 76.586
18 38 92.479
18 41 64.96
18 72 89.669
18 97 59.383
19 40 60.812
19 48 71.314
19 78 5.361
20 51 99.11
20 59 17.241
21 23 96.683
21 28 54.686
21 63 15.756
22 37 62.312
22 53 30.201
23 81 40.716
24 71 18.574
24 74 5.477
25 45 11.659
25 62 50.762
25 74 48.053
26 27 74.883
26 42 53.996
26 75 78.369
27 41 99.155
27 47 88.03
27 53 47.612
27 56 97.551
27 89 0.832
28 40 65.84
28 53 77.416
28 73 23.595
28 78 51.944
28 83 74.955
28 92 42.858
28 99 53.381
29 80 47.42
29 89 8.477
30 31 33.466
30 55 62.083
30 78 66.025
30 97 49.392
31 32 18.962
31 35 52.983
31 44 86.574
31 85 31.092
31 92 56.013
32 47 94.058
32 63 87.319
32 69 18.613
32 80 37.825
32 84 75.938
33 39 88.743
33 50 94.084
34 37 43.253
34 53 66.92
34 88 50.093
35 51 87.727
36 69 5.344
36 73 88.243
36 74 40.008
36 86 65.008
36 88 54.233
36 91 38.762
37 52 26.208
37 54 21.551
37 63 17.391
37 78 12.466
37 94 44.081
38 41 87.951
38 81 68.965
38 83 71.259
38 93 7.736
39 71 77.867
40 51 61.784
40 69 35.33
40 75 9.302
40 99 77.033
41 56 44.189
41 61 85.429
41 77 34.94
41 99 26.579
42 48 25.245
42 56 78.154
42 83 64.458
42 92 31.375
43 58 41.541
43 62 30.731
43 72 53.382
44 50 57.209
44 81 45.199
44 98 51.322
45 65 87.984
45 74 28.635
45 83 9.551
45 90 62.26
45 95 18.867
46 52 79.38
46 62 72.033
47 52 66.277
48 57 14.903
48 80 40.267
48 91 55.792
48 92 84.801
49 52 77.893
49 79 91.518
49 92 1.074
50 85 34.472
52 75 89.961
52 88 25.6
52 94 22.618
53 55 26.436
53 84 4.853
54 61 4.741
54 80 0.507
54 91 94.482
55 85 62.837
57 70 8.81
57 74 16.268
57 77 32.614
59 69 53.937
59 95 85.311
60 82 19.175
60 88 82.985
60 90 30.279
61 70 98.772
61 86 94.27
61 93 16.582
62 77 53.379
62 82 69.649
63 95 46.095
64 67 41.05
64 72 31.821
65 80 24.297
66 81 98.95
66 88 76.669
67 74 13.612
67 84 47.541
67 98 65.54
68 79 99.388
69 95 50.273
70 71 82.72
70 92 98.738
70 94 7.837
71 77 72.224
71 90 89.216
72 75 49.099
72 83 83.917
73 81 79.561
73 91 82.509
74 86 16.453
75 77 62.896
75 92 93.212
76 77 40.421
76 82 36.204
77 79 71.952
78 79 44.491
80 85 90.042
82 89 19.505
85 90 34.663
87 90 50.895
88 93 60.455
90 99 55.562
96 97 94.491