100
0 1 53.295
1 2 62.232
2 3 98.576
3 4 37.072
4 5 27.174
5 6 96.862
6 7 48.175
7 8 58.658
8 9 18.497
9 10 78.084
10 11 66.539
11 12 77.284
12 13 91.32
13 14 65.741
14 15 25.413
15 16 3.493
16 17 32.078
17 18 98.204
18 19 73.812
19 20 69.819
20 21 7.689
21 22 58.252
22 23 19.021
23 24 4.821
24 25 77.389
25 26 35.135
26 27 41.226
27 28 72.096
28 29 14.898
29 30 98.21
30 31 97.971
31 32 71.136
32 33 68.262
33 34 32.398
34 35 72.573
35 36 21.659
36 37 50.475
37 38 37.634
38 39 75.769
39 40 87.878
40 41 10.214
41 42 47.774
42 43 63.676
43 44 91.799
44 45 63.75
45 46 96.481
46 47 3.478
47 48 13.999
48 49 89.995
49 50 89.714
50 51 50.4
51 52 36.321
52 53 60.539
53 54 78.825
54 55 54.509
55 56 19.423
56 57 70.55
57 58 68.701
58 59 43.825
59 60 93.834
60 61 35.816
61 62 28.402
62 63 61.097
63 64 10.315
64 65 77.045
65 66 72.481
66 67 82.814
67 68 40.341
68 69 9.571
69 70 6.335
70 71 21.218
71 72 28.25
72 73 23.632
73 74 81.118
74 75 23.653
75 76 37.355
76 77 7.812
77 78 36.906
78 79 97.907
79 80 23.565
80 81 21.769
81 82 68.904
82 83 32.895
83 84 53.494
84 85 16.333
85 86 68.719
86 87 79.219
87 88 14.731
88 89 56.901
89 90 50.382
90 91 62.823
91 92 12.966
92 93 23.767
93 94 66.991
94 95 76.283
95 96 54.134
96 97 75.038
97 98 96.635
98 99 0.575
43 42 66.901
67 5 88.459
92 10 21.709
77 67 49.478
18 23 14.391
84 32 73.997
99 72 69.142
82 41 24.406
26 71 65.529
0 8 73.752
42 51 4.888
72 33 91.294
0 3 91.057
34 60 79.389
20 60 61.239
72 61 7.515
64 6 20.164
10 40 83.94
60 66 65.782
4 88 45.52
90 50 12.57
45 90 71.295
31 1 67.203
