75
0 52 1.013
0 15 1.762
0 55 1.68
0 26 1.981
0 58 1.628
0 41 1.909
0 36 1.64
0 20 1.579
0 51 1.636
0 73 1.793
0 50 1.805
0 71 1.773
0 29 1.895
0 70 1.061
0 62 1.341
0 53 1.938
0 6 1.125
0 33 1.959
0 21 1.671
0 56 1.339
0 42 1.133
0 16 1.587
0 44 1.117
0 69 1.497
0 12 1.855
0 32 1.451
0 23 1.493
0 2 1.843
0 28 1.141
0 11 1.227
0 37 1.929
0 66 1.266
0 39 1.171
0 67 1.58
0 40 1.499
0 48 1.274
0 14 1.798
0 27 1.66
0 1 1.764
0 43 1.647
0 24 1.612
0 13 1.571
0 46 1.289
0 9 1.386
0 17 1.214
1 60 1.691
1 64 1.94
1 43 1.958
1 70 1.067
1 14 1.76
1 69 1.629
1 73 1.318
1 46 1.595
1 67 1.936
1 5 1.208
1 30 1.991
1 34 1.371
1 11 1.138
1 47 1.321
1 27 1.476
1 36 1.07
1 45 1.679
1 2 1.546
1 12 1.126
1 66 1.542
1 49 1.758
1 54 1.118
1 52 1.188
1 13 1.465
1 37 1.938
1 25 1.907
1 21 1.597
1 61 1.553
1 40 1.676
1 74 1.214
1 22 1.126
1 62 1.967
1 19 1.393
1 20 1.507
1 63 1.475
1 8 1.62
1 26 1.379
1 28 1.338
1 59 1.441
1 65 1.962
1 35 1.811
1 3 1.544
1 39 1.119
2 53 1.099
2 58 1.584
2 27 1.964
2 24 1.065
2 7 1.778
2 49 1.801
2 64 1.563
2 10 1.483
2 42 1.43
2 50 1.994
2 19 1.469
2 32 1.726
2 34 1.726
2 63 1.889
2 16 1.214
2 22 1.85
2 37 1.897
2 72 1.824
2 60 1.171
2 21 1.864
2 39 1.626
2 36 1.17
2 12 1.188
2 71 1.837
2 47 1.897
2 66 1.095
2 31 1.393
2 3 1.727
2 62 1.354
2 25 1.288
2 74 1.393
2 59 1.279
2 11 1.83
2 29 1.155
2 43 1.269
2 23 1.759
2 54 1.04
2 55 1.232
2 67 1.249
3 21 1.566
3 30 1.177
3 14 1.186
3 7 1.117
3 25 1.093
3 57 1.101
3 26 1.751
3 63 1.033
3 45 1.343
3 4 1.576
3 52 1.632
3 71 1.533
3 19 1.159
3 23 1.075
3 27 1.861
3 62 1.909
3 6 1.064
3 46 1.371
3 68 1.806
3 9 1.594
3 60 1.321
3 11 1.237
3 56 1.545
3 12 1.531
3 13 1.242
3 55 1.225
3 32 1.621
3 42 1.235
3 16 2.0
3 18 1.829
3 28 1.327
3 20 1.345
3 43 1.628
3 58 1.119
3 34 1.592
3 35 1.931
4 20 1.667
4 58 1.873
4 18 1.515
4 45 1.105
4 8 1.198
4 48 1.219
4 43 1.629
4 35 1.38
4 6 1.122
4 42 1.225
4 40 1.829
4 51 1.243
4 72 1.949
4 50 1.97
4 73 1.845
4 5 1.936
4 7 1.242
4 15 1.576
4 68 1.407
4 57 1.421
4 46 1.283
4 53 1.546
4 59 1.93
4 10 1.139
4 41 1.618
4 39 1.78
4 12 1.106
4 66 1.622
4 28 1.746
4 70 1.203
4 29 1.691
4 56 1.517
4 17 1.993
4 74 1.432
4 31 1.713
4 9 1.883
4 62 1.603
4 47 1.253
4 33 1.052
4 23 1.286
5 6 1.866
5 56 1.235
5 18 1.113
5 67 1.007
5 7 1.102
5 19 1.695
5 63 1.219
5 21 1.521
5 38 1.42
5 9 1.628
5 16 1.846
5 52 1.584
5 43 1.064
5 70 1.949
5 68 1.797
5 59 1.438
5 8 1.798
5 17 1.233
5 32 1.019
5 50 1.713
5 64 1.591
5 11 1.938
5 48 1.254
5 57 1.991
5 46 1.604
5 27 1.853
5 30 1.119
5 74 1.751
5 13 1.533
5 54 1.12
5 25 1.999
5 15 1.844
5 22 1.353
5 65 1.586
5 29 1.78
5 53 1.558
5 23 1.852
5 39 1.432
5 33 1.229
5 35 1.753
5 73 1.143
5 62 1.661
5 41 1.835
6 18 1.525
6 74 1.977
6 13 1.472
6 27 1.643
6 64 1.591
6 34 1.455
6 63 1.65
6 73 1.659
6 37 1.495
6 12 1.391
6 71 2.0
6 60 1.155
6 30 1.504
6 58 1.556
6 66 1.572
6 59 1.774
6 22 1.305
6 44 1.688
6 67 1.29
6 72 1.451
6 14 1.809
6 61 1.38
6 32 1.491
6 43 1.571
6 46 1.366
6 41 1.564
6 9 1.194
6 33 1.815
6 19 1.675
6 16 1.234
6 50 1.999
6 47 1.461
6 7 1.257
7 67 1.272
7 57 1.587
7 13 1.443
7 18 1.778
7 63 1.224
7 33 1.873
7 46 1.148
7 69 1.399
7 11 1.077
7 32 1.449
7 65 1.264
7 12 1.149
7 47 1.463
7 40 1.556
7 51 1.291
7 15 1.419
7 59 1.161
7 62 1.443
7 44 1.76
7 73 1.298
7 43 1.202
7 25 1.186
7 58 1.254
7 64 1.716
7 68 1.107
7 14 1.865
7 41 1.919
7 24 1.229
7 38 1.933
7 48 1.96
7 53 1.062
7 36 1.647
7 29 1.76
7 70 1.396
7 27 1.456
7 50 1.57
7 10 1.417
7 21 1.524
7 35 1.122
7 61 1.776
8 55 1.472
8 68 1.585
8 71 1.964
8 45 1.555
8 15 1.142
8 22 1.534
8 28 1.94
8 21 1.819
8 61 1.983
8 53 1.517
8 52 1.726
8 18 1.346
8 51 1.304
8 69 1.67
8 56 1.965
8 16 1.982
8 19 1.627
8 54 1.535
8 44 1.839
8 10 1.207
8 32 1.936
8 26 1.727
8 29 1.812
8 59 1.413
8 39 1.974
8 74 1.781
8 30 1.852
8 34 1.337
8 24 1.894
8 67 1.524
8 43 1.054
8 23 1.272
8 36 1.167
8 35 1.645
8 11 1.219
8 25 1.513
8 62 1.578
8 70 1.364
8 64 1.291
8 73 1.473
8 17 1.246
8 46 1.728
8 66 1.321
8 33 1.118
9 68 1.885
9 56 1.471
9 30 1.472
9 26 1.294
9 21 1.798
9 64 1.716
9 39 1.479
9 59 1.157
9 19 1.491
9 42 1.162
9 65 1.545
9 70 1.511
9 22 1.288
9 37 1.248
9 67 1.944
9 51 1.937
9 60 1.106
9 47 1.095
9 27 1.62
9 29 1.252
9 13 1.187
9 43 1.079
9 41 1.571
9 54 1.243
9 36 1.046
9 16 1.477
9 40 1.334
9 55 1.663
9 62 1.558
9 50 1.852
9 34 1.673
9 28 1.703
9 44 1.138
9 53 1.84
9 10 1.256
9 52 1.033
9 33 1.657
9 12 1.611
10 47 1.979
10 33 1.269
10 42 1.085
10 43 1.97
10 20 1.652
10 54 1.078
10 61 1.285
10 30 1.905
10 58 1.807
10 63 1.868
10 72 1.501
10 40 1.598
10 64 1.292
10 31 1.931
10 51 1.346
10 67 1.606
10 14 1.125
10 49 1.799
10 66 1.906
10 46 1.77
10 57 1.852
10 17 1.142
10 65 1.273
10 21 1.925
10 26 1.063
10 48 1.08
10 69 1.387
10 15 1.588
10 50 1.194
10 52 1.019
10 68 1.358
10 41 1.283
10 53 1.745
10 32 1.885
10 22 1.566
10 38 1.948
10 36 1.167
10 23 1.268
10 70 1.771
10 19 1.485
11 68 1.282
11 26 1.93
11 41 1.841
11 20 1.705
11 53 1.451
11 40 1.934
11 16 1.253
11 19 1.752
11 57 1.907
11 30 1.64
11 27 1.974
11 47 1.355
11 67 1.872
11 66 1.343
11 73 1.503
11 23 1.329
11 13 1.862
11 38 1.353
11 50 1.259
11 42 1.642
11 49 1.175
11 45 1.081
11 62 1.257
11 61 1.901
11 56 1.364
11 54 1.097
11 69 1.403
11 12 1.971
11 25 1.875
11 35 1.188
11 70 1.576
11 17 1.648
11 64 1.771
11 52 1.102
11 15 1.168
11 65 1.458
11 22 1.271
11 63 1.042
12 26 1.913
12 52 1.054
12 21 1.835
12 72 1.164
12 73 1.944
12 18 1.708
12 46 1.558
12 57 1.656
12 27 1.459
12 31 1.653
12 30 1.258
12 56 1.681
12 34 1.209
12 33 1.64
12 43 1.394
12 35 1.287
12 53 1.634
12 71 1.48
12 65 1.051
12 38 1.538
12 60 1.502
12 64 1.352
12 61 1.456
12 28 1.959
12 66 1.137
12 47 1.415
12 16 1.559
12 36 1.358
12 51 1.6
12 25 1.356
12 40 1.28
12 39 1.953
12 50 1.264
12 37 1.723
12 70 1.477
13 20 1.252
13 55 1.845
13 74 1.496
13 41 1.058
13 44 1.208
13 36 1.972
13 48 1.796
13 47 1.309
13 32 1.833
13 28 1.469
13 14 1.452
13 16 1.791
13 30 1.955
13 53 1.582
13 49 1.064
13 64 1.83
13 27 1.209
13 59 1.575
13 46 1.843
13 37 1.007
13 31 1.392
13 73 1.479
13 39 1.653
13 54 1.599
13 63 1.001
13 18 1.971
13 38 1.887
13 26 1.496
13 34 1.477
13 33 1.591
13 60 1.601
13 43 1.75
13 23 1.991
13 25 1.122
13 24 1.177
13 35 1.982
13 29 1.004
13 67 1.452
13 69 1.961
14 40 1.821
14 73 1.362
14 39 1.281
14 61 1.562
14 52 1.178
14 34 1.915
14 48 1.792
14 62 1.29
14 24 1.128
14 18 1.788
14 67 1.974
14 58 1.966
14 17 1.964
14 45 1.523
14 36 1.289
14 69 1.164
14 30 1.601
14 28 1.237
14 49 1.715
14 16 1.427
14 27 1.68
14 50 1.123
14 41 1.81
14 22 1.119
14 59 1.712
14 72 1.078
14 35 1.866
14 20 1.44
14 32 1.875
14 63 1.131
14 15 1.616
14 44 1.235
14 68 1.307
14 56 1.324
15 64 1.003
15 63 1.73
15 34 1.468
15 37 1.394
15 29 1.777
15 49 1.195
15 52 1.509
15 57 1.682
15 23 1.892
15 21 1.614
15 50 1.393
15 59 1.813
15 46 1.942
15 70 1.955
15 68 1.295
15 19 1.029
15 58 1.162
15 39 1.088
15 53 1.563
15 36 1.326
15 30 1.845
15 22 1.138
15 18 1.138
15 67 1.611
15 16 1.027
15 26 1.635
15 17 1.586
15 60 1.534
15 71 1.344
15 35 1.742
15 43 1.554
15 32 1.403
15 33 1.627
16 29 1.948
16 57 1.391
16 62 1.401
16 24 1.067
16 42 1.184
16 28 1.049
16 55 1.499
16 35 1.053
16 43 1.051
16 49 1.197
16 66 1.296
16 68 1.825
16 45 1.142
16 18 1.853
16 17 1.452
16 56 1.912
16 32 1.726
16 54 1.199
16 26 1.561
16 65 1.986
16 59 1.592
16 69 1.148
16 74 1.253
16 71 1.432
16 58 1.993
16 50 1.306
16 40 1.432
16 51 1.257
16 22 1.372
16 64 1.02
16 53 1.262
16 70 1.401
16 23 1.309
16 67 1.782
16 37 1.226
17 59 1.912
17 52 1.327
17 40 1.602
17 60 1.314
17 21 1.724
17 47 1.882
17 32 1.411
17 23 1.536
17 56 1.278
17 22 1.765
17 67 1.933
17 70 1.631
17 53 1.194
17 74 1.46
17 44 1.579
17 25 1.009
17 65 1.78
17 36 1.487
17 31 1.332
17 63 1.571
17 69 1.282
17 20 1.358
17 48 1.871
17 58 1.779
17 68 1.417
17 64 1.926
17 45 1.329
17 61 1.173
17 29 1.237
17 50 1.127
17 30 1.448
17 71 1.699
17 55 1.208
17 27 1.428
18 38 1.554
18 41 1.349
18 49 1.425
18 23 1.301
18 59 1.731
18 63 1.114
18 67 1.848
18 36 1.929
18 32 1.619
18 33 1.405
18 39 1.346
18 30 1.769
18 25 1.203
18 74 1.873
18 46 1.577
18 51 1.097
18 19 1.27
18 27 1.847
18 34 1.186
18 72 1.802
18 40 1.873
18 56 1.616
18 60 1.881
18 45 1.742
18 66 1.763
18 73 1.951
18 26 1.779
18 37 1.187
18 70 1.076
18 50 1.879
18 42 1.337
18 71 1.249
18 53 1.976
18 55 1.775
18 52 1.555
18 58 1.838
19 33 1.759
19 49 1.004
19 69 1.744
19 52 1.456
19 47 1.984
19 37 1.262
19 63 1.296
19 32 1.953
19 34 1.94
19 62 1.245
19 46 1.395
19 24 1.63
19 70 1.276
19 71 1.021
19 42 1.531
19 21 1.08
19 51 1.796
19 26 1.309
19 68 1.896
19 59 1.414
19 61 1.133
19 28 1.306
19 43 1.532
19 65 1.902
19 58 1.695
19 29 1.431
19 23 1.513
19 57 1.611
19 56 1.816
19 22 1.589
19 44 1.883
19 20 1.323
19 74 1.064
19 27 1.545
19 25 1.004
20 71 1.85
20 50 1.18
20 37 1.395
20 66 1.192
20 30 1.386
20 36 1.067
20 48 1.466
20 29 1.81
20 44 1.383
20 25 1.35
20 65 1.1
20 35 1.176
20 49 1.663
20 46 1.893
20 53 1.05
20 42 1.592
20 51 1.232
20 33 1.107
20 27 1.329
20 43 1.242
20 67 1.379
20 32 1.23
20 23 1.797
20 45 1.891
20 64 1.287
20 39 1.716
20 59 1.735
20 21 1.145
20 22 1.845
20 57 1.913
20 72 1.731
20 63 1.888
20 69 1.32
21 26 1.594
21 39 1.125
21 35 1.15
21 53 1.915
21 32 1.032
21 69 1.418
21 28 1.405
21 38 1.088
21 23 1.607
21 59 1.584
21 67 1.924
21 60 1.59
21 42 1.099
21 58 1.334
21 74 1.017
21 31 1.127
21 56 1.186
21 50 1.118
21 51 1.775
21 24 1.972
21 30 1.821
21 46 1.871
21 34 1.558
21 48 1.952
21 22 1.413
21 63 1.712
21 33 1.852
21 71 1.555
21 64 1.635
21 25 1.305
21 27 1.622
21 61 1.583
21 65 1.245
21 62 1.535
21 41 1.888
22 43 1.078
22 35 1.172
22 32 1.709
22 39 1.006
22 68 1.432
22 25 1.236
22 61 1.508
22 60 1.942
22 67 1.975
22 59 1.494
22 72 1.391
22 47 1.816
22 41 1.516
22 71 1.689
22 27 1.318
22 23 1.622
22 50 1.137
22 63 1.269
22 37 1.591
22 44 1.041
22 57 1.668
22 49 1.535
22 74 1.871
22 69 1.041
22 38 1.028
22 66 1.508
22 48 1.067
22 28 1.522
22 58 1.346
22 55 1.578
22 30 1.293
23 58 1.453
23 63 1.746
23 62 1.192
23 54 1.842
23 25 1.591
23 49 1.355
23 46 1.83
23 26 1.273
23 60 1.446
23 28 1.592
23 73 1.565
23 30 1.064
23 52 1.7
23 38 1.125
23 31 1.478
23 37 1.329
23 34 1.143
23 44 1.926
23 45 1.149
23 69 1.021
23 61 1.609
23 43 1.838
23 74 1.544
23 47 1.873
23 39 1.197
23 41 1.138
23 27 1.088
23 70 1.361
23 65 1.948
23 68 1.711
23 24 1.765
23 36 1.158
23 55 1.568
24 62 1.521
24 59 1.916
24 60 1.267
24 26 1.501
24 32 1.592
24 28 1.085
24 34 1.83
24 69 1.218
24 65 1.821
24 68 1.113
24 71 1.143
24 44 1.187
24 61 1.307
24 46 1.02
24 48 1.571
24 29 1.726
24 72 1.539
24 74 1.108
24 45 1.242
24 64 1.71
24 58 1.842
24 70 1.58
24 37 1.264
24 63 1.524
24 47 1.917
24 41 1.314
24 25 1.362
24 27 1.991
24 57 1.937
24 39 1.661
24 38 1.753
24 55 1.824
25 71 1.582
25 27 1.354
25 40 1.77
25 72 1.595
25 60 1.149
25 69 1.929
25 30 1.47
25 55 1.521
25 44 1.778
25 43 1.713
25 42 1.925
25 73 1.814
25 70 1.287
25 46 1.704
25 47 1.987
25 74 1.114
25 51 1.147
25 36 1.263
25 65 1.744
25 34 1.175
25 52 1.322
25 31 1.093
25 67 1.548
25 61 1.514
25 32 1.418
25 26 1.841
25 54 1.618
25 28 1.606
26 66 1.521
26 42 1.626
26 32 1.102
26 65 1.642
26 28 1.093
26 47 1.858
26 36 1.303
26 64 1.767
26 67 1.245
26 59 1.588
26 29 1.506
26 39 1.81
26 53 1.77
26 69 1.221
26 68 1.289
26 33 1.895
26 46 1.565
26 30 1.222
26 49 1.515
26 73 1.116
26 72 1.157
26 50 1.564
26 51 1.995
26 27 1.166
26 55 1.889
27 41 1.338
27 60 1.908
27 33 1.96
27 40 1.352
27 61 1.046
27 67 1.006
27 71 1.747
27 55 1.918
27 37 1.772
27 49 1.166
27 63 1.446
27 54 1.232
27 30 1.716
27 50 1.275
27 62 1.105
27 34 1.745
27 46 1.988
27 65 1.302
27 42 1.556
27 31 1.463
27 68 1.065
27 44 1.63
27 38 1.787
27 69 1.414
27 74 1.93
27 51 1.322
27 73 1.838
27 39 1.094
27 53 1.239
27 35 1.981
27 57 1.812
28 67 1.49
28 45 1.305
28 36 1.508
28 49 1.332
28 30 1.125
28 31 1.914
28 62 1.997
28 58 1.792
28 69 1.385
28 47 1.706
28 61 1.05
28 52 1.822
28 40 1.207
28 34 1.579
28 43 1.523
28 48 1.249
28 51 1.111
28 66 1.115
28 56 1.17
28 55 1.344
28 41 1.703
28 46 1.072
28 50 1.342
28 71 1.816
28 37 1.59
28 65 1.052
28 60 1.149
28 59 1.199
28 39 1.613
28 74 1.407
28 54 1.228
29 73 1.273
29 67 1.699
29 41 1.227
29 45 1.733
29 36 1.407
29 39 1.509
29 47 1.823
29 66 1.034
29 64 1.24
29 69 1.088
29 60 1.1
29 33 1.887
29 40 1.202
29 44 1.337
29 56 1.686
29 70 1.838
29 42 1.4
29 71 1.38
29 72 1.686
29 38 1.823
29 57 1.631
29 52 1.042
29 50 1.003
29 59 1.259
29 58 1.985
29 43 1.913
29 35 1.72
29 46 1.905
30 72 1.626
30 56 1.49
30 68 1.055
30 74 1.287
30 60 1.414
30 36 1.448
30 67 1.797
30 40 1.69
30 44 1.59
30 52 1.63
30 37 1.171
30 45 1.122
30 32 1.239
30 42 1.985
30 51 1.276
30 47 1.498
30 61 1.255
30 64 1.419
30 63 1.303
30 49 1.507
30 57 1.018
30 59 1.393
30 35 1.308
30 41 1.088
30 62 1.204
30 43 1.711
30 31 1.434
30 38 1.523
30 65 1.106
31 48 1.214
31 62 1.526
31 74 1.507
31 37 1.259
31 55 1.825
31 63 1.015
31 70 1.643
31 68 1.327
31 47 1.81
31 57 1.039
31 64 1.163
31 73 1.346
31 72 1.373
31 53 1.829
31 34 1.364
31 46 1.345
31 38 1.047
31 52 1.092
31 42 1.944
32 41 1.138
32 51 1.209
32 56 1.63
32 33 1.826
32 35 1.771
32 61 1.431
32 44 1.636
32 48 1.211
32 65 1.319
32 55 1.608
32 43 1.774
32 62 1.779
32 67 1.249
32 45 1.583
32 70 1.903
32 37 1.774
32 50 1.192
32 47 1.91
32 39 1.83
32 54 1.312
32 38 1.934
32 69 1.895
32 58 1.837
32 64 1.583
32 40 1.611
33 54 1.856
33 46 1.828
33 38 1.373
33 71 1.678
33 47 1.718
33 45 1.299
33 72 1.517
33 63 1.107
33 65 1.351
33 34 1.832
33 51 1.466
33 67 1.689
33 37 1.893
33 50 1.674
33 73 1.84
33 66 1.276
33 57 1.516
33 74 1.47
33 39 1.269
33 41 1.109
33 44 1.571
33 48 1.708
33 35 1.421
33 49 1.351
33 59 1.829
33 60 1.905
33 62 1.954
34 38 1.554
34 47 1.935
34 50 1.794
34 60 1.56
34 61 1.234
34 45 1.522
34 46 1.533
34 41 1.378
34 36 1.229
34 58 1.269
34 66 1.939
34 48 1.745
34 52 1.901
34 71 1.937
34 69 1.823
34 65 1.308
34 63 1.842
34 37 1.444
34 73 1.378
34 57 1.988
34 72 1.894
34 39 1.109
34 59 1.714
35 71 1.359
35 44 1.848
35 50 1.135
35 36 1.995
35 74 1.982
35 52 1.551
35 43 1.794
35 63 1.029
35 37 1.894
35 57 1.731
35 61 1.866
35 39 1.963
35 67 1.477
35 41 1.704
35 70 1.092
35 40 1.409
35 48 1.217
35 62 1.625
35 68 1.546
35 64 1.215
35 59 1.968
35 42 1.815
35 47 1.189
35 65 1.465
36 50 1.061
36 40 1.45
36 41 1.915
36 51 1.425
36 72 1.688
36 60 1.714
36 39 1.877
36 61 1.772
36 64 1.626
36 52 1.351
36 69 1.291
36 38 1.806
36 42 1.459
36 57 1.144
36 63 1.138
36 59 1.563
36 37 1.594
36 55 1.157
36 43 1.234
36 49 1.209
36 73 1.489
36 58 1.149
36 45 1.552
37 59 1.653
37 57 1.98
37 54 1.234
37 69 1.885
37 66 1.803
37 45 1.803
37 38 1.206
37 65 1.029
37 39 1.92
37 40 1.413
37 74 1.232
37 63 1.441
37 73 1.201
37 67 1.016
37 49 1.107
37 44 1.362
37 47 1.146
37 42 1.008
37 50 1.106
37 48 1.296
37 62 1.571
38 41 1.716
38 57 1.804
38 73 1.255
38 72 1.085
38 59 1.84
38 63 1.337
38 64 1.334
38 62 1.351
38 68 1.845
38 53 1.518
38 42 1.594
38 74 1.842
38 55 1.45
38 39 1.039
38 49 1.089
38 66 1.345
38 44 1.104
38 45 1.49
38 69 1.471
38 52 1.91
39 41 1.417
39 63 1.96
39 51 1.318
39 62 1.307
39 58 1.718
39 42 1.592
39 73 1.657
39 70 1.894
39 61 1.523
39 46 1.953
39 68 1.988
39 48 1.114
39 65 1.843
39 44 1.028
39 59 1.597
39 45 1.091
39 64 1.181
39 49 1.208
39 52 1.43
39 69 1.694
39 66 1.058
40 71 1.846
40 55 1.114
40 44 1.454
40 69 1.976
40 47 1.848
40 60 1.081
40 54 1.352
40 49 1.722
40 66 1.452
40 68 1.892
40 46 1.654
40 57 1.675
40 52 1.184
40 64 1.106
40 73 1.791
40 45 1.508
40 41 1.784
40 42 1.671
40 53 1.517
40 56 1.859
40 51 1.232
40 59 1.708
40 63 1.839
40 58 1.204
41 49 1.191
41 65 1.693
41 64 1.362
41 42 1.147
41 45 1.857
41 59 1.472
41 67 1.807
41 69 1.595
41 60 1.616
41 72 1.256
41 54 1.195
41 74 1.178
41 71 1.226
41 56 1.359
41 50 1.996
41 70 1.465
41 47 1.765
42 58 1.638
42 68 1.855
42 55 1.544
42 45 1.28
42 54 1.521
42 63 1.05
42 70 1.32
42 56 1.077
42 44 1.031
42 49 1.001
42 50 1.864
42 53 1.554
42 74 1.114
42 47 1.387
42 73 1.413
42 59 1.654
42 67 1.747
42 65 1.167
42 46 1.62
42 51 1.317
43 53 1.104
43 51 1.891
43 50 1.495
43 47 1.579
43 66 1.535
43 63 1.454
43 69 1.123
43 45 1.937
43 73 1.266
43 71 1.611
43 60 1.98
43 57 1.192
43 52 1.018
43 48 1.884
43 44 1.339
43 70 1.924
43 72 1.201
43 58 1.489
43 62 1.897
44 62 1.435
44 69 1.292
44 53 1.12
44 74 1.727
44 59 1.263
44 47 1.346
44 46 1.088
44 52 1.452
44 68 1.726
44 56 1.436
44 48 1.764
44 61 1.873
44 58 1.985
44 50 1.481
44 72 1.689
44 55 1.271
44 64 1.397
44 57 1.75
44 71 1.206
44 65 1.142
45 56 1.643
45 70 1.336
45 47 1.541
45 61 1.365
45 67 1.928
45 63 1.05
45 68 1.901
45 51 1.823
45 71 1.824
45 66 1.114
45 52 1.619
45 54 1.272
45 73 1.1
45 53 1.822
45 74 1.882
45 57 1.796
45 65 1.186
45 58 1.906
45 46 1.615
45 62 1.003
46 73 1.829
46 48 1.839
46 47 1.436
46 66 1.167
46 58 1.28
46 65 1.822
46 69 1.897
46 63 1.753
46 54 1.344
46 61 1.063
46 71 1.455
46 56 1.056
46 60 1.369
46 68 1.963
46 67 1.695
46 64 1.608
46 74 1.312
46 53 1.781
46 72 1.478
46 50 1.054
46 57 1.794
47 67 1.534
47 59 1.989
47 58 1.942
47 61 1.063
47 48 1.383
47 60 1.737
47 64 1.328
47 71 1.373
47 70 1.984
47 57 1.571
47 53 1.889
47 73 1.579
47 65 1.774
47 49 1.178
47 52 1.009
48 55 1.566
48 57 1.478
48 58 1.939
48 53 1.037
48 71 1.429
48 54 1.219
48 49 1.293
48 72 1.109
48 61 1.53
48 66 1.169
48 50 1.098
48 68 1.715
48 73 1.045
48 59 1.275
48 62 1.461
48 69 1.438
48 74 1.759
48 70 1.233
48 63 1.784
48 64 1.445
49 50 1.257
49 62 1.009
49 59 1.054
49 68 1.477
49 71 1.83
49 57 1.877
49 73 1.728
49 65 1.931
49 66 1.834
49 70 1.003
49 56 1.007
49 52 1.926
49 61 1.797
49 67 1.311
49 58 1.03
49 72 1.374
50 60 1.065
50 68 1.611
50 62 1.653
50 53 1.696
50 56 1.189
50 67 1.869
50 69 1.047
50 59 1.885
50 65 1.532
50 66 1.971
50 73 1.429
50 64 1.63
50 63 1.301
50 72 1.858
50 54 1.131
50 58 1.238
51 67 1.099
51 66 1.917
51 55 1.751
51 63 1.23
51 57 1.912
51 53 1.415
51 73 1.169
51 52 1.647
51 71 1.26
51 70 1.605
51 56 1.493
51 59 1.836
51 61 1.844
51 72 1.833
51 58 1.622
52 70 1.118
52 60 1.626
52 63 1.539
52 57 1.551
52 66 1.961
52 71 1.186
52 68 1.086
52 53 1.858
52 72 1.833
52 67 1.797
52 69 1.551
52 58 1.684
52 74 1.416
52 59 1.105
52 55 1.278
53 54 1.535
53 60 1.002
53 57 1.036
53 74 1.704
53 55 1.748
53 65 1.227
53 67 1.892
53 72 1.763
53 71 1.431
53 64 1.996
53 61 1.689
53 58 1.075
53 59 1.082
54 66 1.848
54 56 1.024
54 60 1.407
54 65 1.083
54 72 1.69
54 55 1.009
54 58 1.172
55 72 1.767
55 66 1.207
55 68 1.748
55 60 1.631
55 73 1.331
55 57 1.511
55 59 1.866
55 71 1.793
55 63 1.27
55 58 1.492
55 65 1.871
55 56 1.686
56 73 1.533
56 58 1.878
56 61 1.957
56 69 1.925
56 67 1.621
56 66 1.581
56 71 1.984
57 62 1.544
57 58 1.313
57 63 1.742
57 72 1.843
57 71 1.454
57 74 1.58
57 67 1.125
57 64 1.032
57 69 1.435
58 59 1.354
58 66 1.329
58 67 1.792
58 72 1.075
58 68 1.002
58 74 1.49
58 65 1.749
58 62 1.484
58 73 1.641
59 61 1.255
59 71 1.294
59 69 1.884
59 60 1.028
59 62 1.223
59 70 1.98
59 67 1.517
59 72 1.96
59 68 1.499
60 70 1.81
60 74 1.329
60 69 1.205
60 62 1.56
60 72 1.457
60 73 1.774
60 68 1.47
60 61 1.249
60 67 1.389
60 65 1.61
61 73 1.084
61 68 1.56
61 64 1.732
61 67 1.864
62 73 1.085
62 63 1.684
62 66 1.642
62 70 1.267
62 69 1.133
63 64 1.263
63 72 1.975
63 71 1.874
63 66 1.515
63 68 1.124
63 74 1.648
64 74 1.633
64 70 1.451
64 73 1.034
64 65 1.105
64 67 1.461
64 66 1.872
64 71 1.111
64 69 1.742
64 72 1.679
65 68 1.484
65 69 1.194
65 74 1.118
65 71 1.403
65 73 1.238
65 72 1.602
66 73 1.133
66 69 1.089
66 74 1.783
66 72 1.557
66 67 1.328
66 71 1.187
66 70 1.195
67 69 1.08
67 73 1.322
67 70 1.985
68 71 1.661
68 74 1.962
68 73 1.437
68 72 1.031
69 74 1.729
69 73 1.88
69 71 1.079
70 73 1.364
71 73 1.781
71 72 1.642
72 74 1.761
72 73 1.79
73 74 1.128
