100
0 2 66.949
0 7 2.425
0 12 93.146
0 13 98.476
0 15 0.412
0 16 58.23
0 18 68.795
0 19 75.031
0 25 34.751
0 28 68.179
0 30 91.551
0 32 29.501
0 33 60.68
0 39 2.058
0 47 76.782
0 48 99.237
0 49 7.706
0 50 68.776
0 57 64.948
0 61 62.933
0 62 63.925
0 66 93.902
0 67 68.921
0 69 39.898
0 71 64.994
0 72 92.414
0 83 68.638
0 87 46.261
0 89 33.866
0 95 66.694
0 98 13.908
1 4 13.105
1 7 46.856
1 13 4.854
1 15 3.262
1 16 14.029
1 18 94.364
1 19 80.166
1 23 70.853
1 25 33.252
1 27 42.642
1 32 48.589
1 34 67.415
1 35 35.897
1 39 43.554
1 41 54.859
1 43 69.672
1 44 43.273
1 48 22.494
1 51 78.869
1 52 27.576
1 56 76.452
1 59 70.85
1 64 3.196
1 69 96.729
1 72 76.394
1 80 14.308
1 82 95.859
1 83 23.186
1 84 56.063
1 85 95.838
1 86 32.735
1 88 42.971
1 93 66.1
2 3 46.797
2 6 48.75
2 7 94.47
2 11 63.23
2 12 76.542
2 13 20.164
2 15 99.422
2 18 77.353
2 19 6.054
2 23 78.842
2 24 55.648
2 25 4.18
2 27 55.231
2 29 10.978
2 31 52.847
2 36 99.635
2 37 29.63
2 38 3.928
2 41 23.237
2 43 14.621
2 47 82.261
2 50 80.69
2 60 57.209
2 62 12.672
2 63 65.464
2 64 36.653
2 71 74.06
2 76 13.312
2 80 96.942
2 81 42.252
2 85 51.488
2 86 95.913
2 90 54.181
2 92 25.446
2 94 98.098
2 99 36.549
3 7 17.683
3 10 1.292
3 14 21.676
3 16 15.118
3 17 82.398
3 21 66.891
3 27 8.175
3 39 7.165
3 42 80.31
3 43 99.458
3 45 86.553
3 46 73.407
3 49 85.504
3 53 69.561
3 63 1.249
3 65 22.374
3 69 56.494
3 74 91.09
3 78 59.756
3 80 96.041
3 83 27.504
3 84 22.358
3 85 73.684
3 96 66.176
3 98 29.412
4 5 22.821
4 6 41.59
4 8 29.143
4 13 9.922
4 15 67.598
4 16 62.027
4 18 96.544
4 19 3.086
4 23 57.728
4 28 11.884
4 29 17.763
4 32 78.227
4 33 59.179
4 34 68.215
4 38 20.644
4 42 84.584
4 43 66.634
4 45 78.662
4 47 97.158
4 50 74.439
4 58 0.299
4 60 33.823
4 61 95.87
4 69 85.021
4 76 77.329
4 77 56.683
4 81 28.722
4 83 67.382
4 87 85.258
4 89 14.882
4 95 68.108
4 96 66.345
5 8 54.8
5 9 86.87
5 16 69.123
5 19 23.445
5 21 64.244
5 33 7.773
5 35 90.336
5 39 94.593
5 43 80.009
5 45 34.412
5 54 99.475
5 55 34.936
5 57 79.741
5 60 34.865
5 61 38.899
5 69 3.218
5 72 27.473
5 75 74.258
5 77 14.554
5 79 81.817
5 90 16.111
5 99 43.88
6 16 19.671
6 19 50.058
6 20 49.104
6 21 63.881
6 24 76.04
6 27 33.954
6 32 72.343
6 34 67.14
6 38 39.603
6 39 93.927
6 40 73.511
6 44 68.924
6 49 16.52
6 52 27.204
6 56 58.077
6 57 1.024
6 59 45.13
6 63 31.006
6 64 99.567
6 65 43.782
6 72 22.876
6 85 42.503
6 90 49.851
6 93 16.653
6 94 13.234
6 97 8.791
6 98 80.137
6 99 30.789
7 11 47.849
7 15 71.751
7 19 29.503
7 20 85.207
7 23 76.054
7 24 9.636
7 25 45.171
7 32 11.727
7 41 23.236
7 46 11.318
7 52 13.509
7 55 98.734
7 59 79.539
7 61 46.638
7 65 52.477
7 68 23.638
7 69 72.597
7 76 9.317
7 81 52.997
7 82 54.633
7 83 71.597
7 88 70.404
7 90 9.85
7 97 77.521
7 98 16.4
8 10 91.077
8 14 53.051
8 17 26.074
8 19 31.251
8 30 17.925
8 32 88.273
8 33 53.989
8 34 91.141
8 36 35.996
8 38 35.433
8 39 76.412
8 44 40.147
8 46 85.61
8 48 53.977
8 49 34.933
8 51 39.897
8 52 42.998
8 53 53.219
8 55 70.324
8 56 4.957
8 62 38.119
8 63 21.381
8 70 90.396
8 74 70.718
8 76 40.379
8 79 7.845
8 82 43.285
8 85 45.846
8 89 52.478
8 92 76.333
8 93 43.367
8 97 44.971
8 99 24.8
9 11 75.467
9 12 46.825
9 13 63.152
9 23 30.922
9 24 81.789
9 33 1.943
9 41 94.914
9 43 34.36
9 47 84.271
9 48 39.904
9 49 91.787
9 51 66.393
9 58 45.116
9 59 20.404
9 64 94.235
9 68 16.43
9 77 30.414
9 90 79.305
10 15 79.398
10 17 80.452
10 22 47.725
10 27 4.982
10 28 86.122
10 29 78.211
10 30 99.665
10 35 8.094
10 45 9.993
10 46 22.23
10 53 59.115
10 63 9.178
10 71 17.16
10 73 6.504
10 78 57.265
10 82 40.12
10 88 77.268
10 95 99.592
10 96 7.44
11 13 92.304
11 14 83.619
11 16 93.988
11 17 75.456
11 18 66.572
11 21 55.312
11 23 90.164
11 29 62.563
11 30 84.544
11 31 41.174
11 33 2.742
11 34 20.927
11 35 28.35
11 39 31.045
11 40 63.789
11 41 78.813
11 47 27.14
11 51 16.258
11 52 83.974
11 53 47.999
11 54 91.909
11 56 11.226
11 57 91.389
11 61 38.9
11 64 81.104
11 67 53.881
11 69 47.561
11 82 64.819
11 86 59.304
11 87 85.344
11 91 93.828
11 92 16.346
11 93 1.944
11 94 88.493
11 96 60.537
11 98 98.668
12 15 33.888
12 23 41.047
12 28 2.317
12 29 86.011
12 31 38.883
12 33 65.315
12 35 44.863
12 36 55.984
12 37 74.793
12 38 40.976
12 44 97.94
12 45 71.414
12 47 7.264
12 48 6.883
12 49 20.132
12 55 91.595
12 56 35.401
12 62 46.206
12 64 76.967
12 69 22.538
12 75 52.101
12 77 4.263
12 78 7.454
12 79 11.528
12 80 43.675
12 81 91.803
12 82 80.244
12 91 11.141
12 95 63.106
13 23 51.357
13 25 48.958
13 29 32.582
13 31 71.34
13 32 1.594
13 33 47.32
13 34 37.273
13 37 62.593
13 38 59.113
13 39 15.364
13 40 88.23
13 43 72.24
13 45 4.22
13 46 81.385
13 53 43.69
13 54 50.542
13 57 6.387
13 65 24.219
13 68 1.15
13 73 90.777
13 74 11.189
13 76 22.053
13 79 47.034
13 86 87.256
13 89 94.671
13 91 21.808
13 93 97.662
14 18 44.727
14 19 20.824
14 22 28.086
14 23 89.969
14 26 71.733
14 31 81.374
14 35 57.386
14 37 93.453
14 40 36.803
14 41 7.002
14 42 47.736
14 46 79.415
14 49 9.374
14 52 5.902
14 55 30.027
14 57 3.221
14 58 73.789
14 60 35.757
14 63 87.629
14 65 83.522
14 66 5.64
14 73 12.603
14 74 66.127
14 77 56.545
14 79 5.218
14 80 98.611
14 81 66.429
14 89 74.867
14 91 65.485
14 93 2.424
14 98 29.836
14 99 48.921
15 18 44.808
15 21 98.467
15 22 76.585
15 23 9.835
15 24 3.986
15 26 4.514
15 32 76.64
15 37 83.81
15 38 37.263
15 45 97.02
15 48 14.186
15 50 86.563
15 51 3.096
15 59 35.722
15 61 49.632
15 67 15.491
15 71 73.502
15 72 3.701
15 74 25.001
15 76 57.134
15 82 67.552
15 83 64.367
15 94 54.034
15 98 24.203
15 99 64.64
16 22 43.279
16 24 53.521
16 27 23.222
16 28 98.437
16 32 34.533
16 38 12.156
16 39 88.856
16 40 56.25
16 45 81.023
16 48 56.032
16 49 62.752
16 50 40.514
16 54 77.332
16 55 6.794
16 58 9.029
16 60 20.376
16 65 9.006
16 66 90.428
16 69 7.184
16 70 15.167
16 74 66.494
16 80 2.75
16 81 85.022
16 86 31.924
16 92 24.101
16 96 15.235
16 97 56.238
16 98 55.111
17 21 90.427
17 26 4.861
17 27 88.527
17 28 56.352
17 30 37.131
17 33 40.77
17 34 19.941
17 36 28.234
17 40 51.005
17 43 84.154
17 46 4.983
17 53 37.4
17 55 54.453
17 58 42.029
17 59 8.208
17 63 40.258
17 66 60.212
17 67 63.659
17 69 2.525
17 72 97.557
17 76 69.484
17 78 41.74
17 82 86.333
17 83 89.847
17 85 60.46
17 86 38.288
17 87 68.498
17 88 70.094
17 92 39.731
17 99 60.803
18 20 16.016
18 24 4.669
18 25 40.18
18 26 9.696
18 41 7.936
18 42 55.805
18 44 64.044
18 47 33.571
18 48 47.76
18 50 84.556
18 54 76.287
18 57 96.184
18 59 5.667
18 61 40.939
18 68 61.869
18 73 36.502
18 76 62.404
18 79 7.064
18 83 80.715
18 85 74.297
18 88 50.527
18 92 69.973
18 95 83.243
19 21 62.427
19 22 26.848
19 27 86.23
19 31 51.12
19 33 80.775
19 34 79.272
19 35 23.212
19 36 58.041
19 38 72.864
19 43 20.877
19 46 1.218
19 48 0.198
19 49 32.454
19 53 61.312
19 58 33.846
19 59 44.488
19 61 15.418
19 62 8.625
19 66 80.551
19 73 36.715
19 78 51.82
19 82 92.733
19 85 93.921
19 87 37.873
19 90 80.38
19 97 5.342
19 98 25.168
20 25 93.165
20 28 52.978
20 31 18.211
20 32 85.514
20 38 52.568
20 44 99.355
20 47 91.062
20 48 88.243
20 50 56.462
20 51 85.76
20 53 7.394
20 62 11.663
20 65 57.878
20 66 99.172
20 68 59.696
20 75 80.79
20 77 42.404
20 78 28.374
20 79 77.871
20 82 44.859
20 83 87.475
20 86 56.022
20 87 57.733
20 88 53.872
20 90 81.508
20 92 38.915
20 93 85.769
20 97 91.156
20 98 62.548
21 24 11.049
21 30 21.763
21 36 8.902
21 38 31.623
21 40 99.022
21 41 54.634
21 43 32.8
21 47 92.415
21 49 56.418
21 57 95.534
21 62 50.133
21 65 16.85
21 68 64.316
21 69 89.817
21 70 14.09
21 75 17.145
21 77 86.361
21 80 72.476
21 81 64.897
21 82 14.275
21 83 6.581
21 84 3.639
21 85 92.688
21 87 75.84
21 89 65.696
21 90 87.006
21 91 74.321
21 92 86.949
21 94 73.693
22 25 7.202
22 28 57.07
22 31 39.987
22 33 11.162
22 37 17.47
22 44 42.234
22 46 61.675
22 47 78.068
22 49 58.749
22 51 82.639
22 54 76.354
22 55 15.048
22 58 56.017
22 61 14.838
22 69 44.97
22 70 30.246
22 78 43.773
22 91 32.985
22 93 76.335
23 27 84.152
23 41 30.698
23 49 26.838
23 51 38.837
23 52 90.421
23 57 96.594
23 60 98.503
23 64 11.701
23 67 80.35
23 70 4.751
23 72 82.75
23 79 1.375
23 89 50.783
23 94 49.367
24 30 3.394
24 33 12.334
24 34 78.758
24 38 97.371
24 39 18.844
24 45 94.926
24 47 85.692
24 49 60.459
24 51 19.044
24 55 24.495
24 58 28.97
24 60 43.453
24 63 65.327
24 66 82.532
24 68 28.949
24 71 59.841
24 72 96.426
24 79 84.802
24 81 96.175
24 86 63.892
24 90 7.481
24 93 53.87
24 94 32.295
24 95 48.077
24 96 72.142
25 27 90.868
25 30 42.651
25 31 12.093
25 34 89.51
25 37 44.693
25 40 34.007
25 42 25.761
25 45 35.54
25 46 60.876
25 47 2.825
25 53 37.831
25 54 66.032
25 58 60.675
25 59 72.891
25 67 92.365
25 68 81.724
25 69 59.113
25 71 30.442
25 73 4.292
25 74 90.969
25 83 71.146
25 85 80.341
25 86 57.592
25 90 7.631
25 96 94.302
25 97 24.089
26 30 18.391
26 32 89.839
26 36 64.518
26 49 51.06
26 53 11.964
26 56 79.755
26 61 81.591
26 63 99.066
26 65 93.773
26 68 73.877
26 70 65.619
26 72 54.987
26 75 39.665
26 76 75.599
26 77 32.276
26 79 62.418
26 80 28.021
26 83 38.607
26 87 72.077
27 29 68.966
27 31 79.568
27 32 88.53
27 35 45.546
27 36 13.139
27 39 61.752
27 40 67.796
27 41 63.658
27 48 29.615
27 51 99.667
27 52 40.264
27 60 54.562
27 68 54.909
27 69 61.254
27 79 77.125
27 83 95.844
27 84 33.46
27 90 17.507
27 91 59.756
28 30 95.652
28 31 44.72
28 36 12.641
28 37 20.694
28 42 46.133
28 44 16.189
28 45 20.513
28 49 81.482
28 52 23.128
28 53 29.787
28 54 15.062
28 61 42.468
28 63 33.773
28 64 98.004
28 67 21.851
28 70 11.493
28 73 37.711
28 78 92.076
28 84 12.133
28 86 56.458
28 92 2.125
28 93 62.815
28 94 38.573
28 98 51.511
28 99 69.538
29 34 72.524
29 38 39.558
29 40 56.177
29 42 2.96
29 46 81.887
29 47 74.71
29 49 56.755
29 51 2.221
29 52 87.739
29 53 12.563
29 54 70.71
29 55 35.743
29 57 95.726
29 59 67.647
29 61 46.155
29 64 15.895
29 65 14.067
29 67 54.301
29 68 85.654
29 70 53.022
29 72 63.997
29 74 95.39
29 77 40.665
29 78 88.323
29 80 16.451
29 83 0.679
29 84 21.113
29 88 62.093
29 91 70.545
29 97 83.739
30 37 67.894
30 39 40.071
30 40 7.094
30 41 62.25
30 44 74.62
30 46 2.271
30 52 25.573
30 53 98.327
30 59 14.931
30 60 67.478
30 61 66.68
30 66 22.061
30 67 94.686
30 68 92.571
30 70 78.12
30 74 11.601
30 75 20.35
30 77 72.939
30 83 25.68
30 85 72.007
30 86 50.567
30 87 22.205
30 88 0.405
30 92 9.658
30 93 60.31
30 94 88.662
31 35 9.747
31 46 15.019
31 53 25.094
31 55 61.155
31 64 72.631
31 69 56.701
31 71 11.137
31 73 61.402
31 77 67.203
31 79 21.073
31 80 0.51
31 93 76.972
31 94 16.348
31 96 10.392
31 97 97.492
31 98 4.214
32 35 25.994
32 38 75.399
32 40 58.334
32 41 3.2
32 42 23.852
32 45 11.567
32 54 41.75
32 59 6.832
32 69 2.119
32 70 44.47
32 75 69.925
32 76 58.497
32 79 97.81
32 81 46.936
32 84 51.799
32 86 28.256
32 89 39.248
32 91 49.046
32 93 72.311
32 95 59.249
33 40 91.86
33 42 22.096
33 46 20.505
33 47 58.937
33 53 6.591
33 55 71.74
33 57 74.251
33 61 83.179
33 63 66.629
33 64 30.604
33 65 3.792
33 66 39.768
33 78 40.677
33 81 36.179
33 82 81.145
33 83 30.528
33 84 21.48
33 85 12.2
33 87 92.98
33 89 44.433
33 91 63.093
33 94 6.437
34 39 34.953
34 42 64.356
34 48 67.102
34 49 57.606
34 50 21.491
34 54 96.628
34 56 15.415
34 57 1.299
34 58 57.882
34 59 18.598
34 61 10.488
34 66 15.645
34 70 76.916
34 71 83.446
34 80 86.566
34 86 1.305
34 87 11.962
34 93 61.594
34 95 35.394
34 96 35.149
34 98 30.946
34 99 80.725
35 47 43.338
35 49 4.059
35 51 74.012
35 52 87.358
35 54 50.847
35 63 20.064
35 68 18.921
35 75 60.354
35 80 23.128
35 83 9.86
35 84 29.903
35 90 99.463
35 92 83.712
35 97 11.614
35 98 25.111
35 99 47.336
36 38 77.571
36 41 88.043
36 45 64.232
36 49 87.373
36 58 87.758
36 63 84.64
36 64 48.854
36 65 61.939
36 66 61.649
36 76 27.123
36 80 34.975
36 89 17.944
36 92 29.191
36 95 42.992
37 43 56.876
37 44 14.925
37 47 97.962
37 49 99.67
37 51 12.105
37 58 26.5
37 60 9.021
37 62 55.254
37 66 71.975
37 69 73.857
37 73 98.34
37 75 0.324
37 77 79.416
37 81 5.816
37 83 34.284
37 85 12.334
37 89 14.883
37 90 25.562
37 92 87.172
37 94 68.723
37 97 72.32
37 98 13.068
38 46 69.333
38 48 95.981
38 50 24.668
38 60 90.783
38 64 70.354
38 66 90.496
38 67 16.023
38 68 44.043
38 72 10.64
38 74 11.522
38 82 40.16
38 87 3.867
38 88 91.686
38 90 41.907
38 92 53.398
38 93 29.029
38 95 20.448
38 96 54.701
39 48 62.368
39 53 85.389
39 54 27.805
39 55 45.276
39 61 11.523
39 62 21.784
39 65 74.618
39 66 94.002
39 69 31.049
39 81 46.074
39 86 54.713
39 87 52.808
39 91 59.776
39 93 93.456
39 94 50.148
39 95 71.776
39 96 44.688
39 98 57.917
40 43 73.205
40 47 61.641
40 49 39.961
40 51 21.091
40 52 4.248
40 58 27.639
40 60 56.629
40 64 23.179
40 73 88.371
40 74 64.927
40 78 18.616
40 87 79.921
40 89 36.278
40 92 67.671
40 93 66.805
41 44 62.18
41 50 52.417
41 51 79.115
41 65 10.85
41 68 72.784
41 69 24.553
41 71 30.046
41 72 48.435
41 73 69.506
41 77 72.061
41 81 4.231
41 85 97.424
41 90 53.17
41 97 12.617
42 51 16.952
42 53 37.623
42 59 73.148
42 60 42.628
42 61 77.618
42 67 91.709
42 70 35.774
42 73 2.711
42 74 53.209
42 75 57.793
42 77 25.376
42 91 98.509
42 94 26.533
42 95 35.007
42 97 16.919
42 98 59.13
43 47 79.92
43 52 63.638
43 53 35.327
43 55 45.838
43 56 80.23
43 57 66.254
43 63 44.437
43 66 48.933
43 67 4.75
43 69 11.528
43 78 26.698
43 83 90.176
43 84 60.759
43 86 42.53
43 91 10.507
43 93 48.793
43 97 98.084
43 98 99.885
43 99 31.228
44 47 94.205
44 49 44.309
44 50 12.589
44 51 19.932
44 53 45.308
44 58 1.861
44 59 94.21
44 65 77.297
44 66 0.725
44 67 99.672
44 72 34.55
44 81 36.861
44 84 4.456
44 86 73.25
44 87 79.231
44 92 4.494
44 96 27.967
45 48 22.85
45 50 44.961
45 52 28.06
45 55 89.626
45 61 31.451
45 62 0.817
45 64 77.882
45 74 53.576
45 75 95.834
45 76 89.937
45 79 73.036
45 83 4.23
45 87 71.197
45 89 46.958
45 97 16.722
46 49 14.024
46 53 79.896
46 56 72.939
46 63 3.29
46 64 46.351
46 65 40.529
46 69 29.318
46 71 40.484
46 72 24.715
46 73 39.44
46 74 9.667
46 75 82.487
46 76 74.069
46 80 2.117
46 86 14.36
46 91 8.332
46 92 34.876
47 51 27.389
47 60 48.923
47 63 96.224
47 66 1.66
47 67 9.147
47 87 35.194
47 88 56.403
47 89 6.939
47 90 85.762
47 91 38.77
47 97 0.981
47 99 59.821
48 50 83.05
48 55 38.691
48 56 78.093
48 59 0.72
48 65 68.161
48 68 72.512
48 72 90.076
48 74 95.963
48 79 91.261
48 84 19.824
48 88 2.844
48 93 63.285
48 99 98.691
49 52 85.705
49 56 27.403
49 57 56.049
49 58 18.646
49 59 14.674
49 64 5.442
49 66 78.384
49 69 32.639
49 71 66.477
49 72 36.357
49 73 6.736
49 74 10.597
49 78 39.749
49 82 27.379
49 84 62.083
49 85 85.467
49 93 77.621
49 97 16.57
50 52 75.475
50 54 66.93
50 55 79.402
50 60 88.274
50 61 64.045
50 70 55.062
50 76 55.785
50 86 36.195
50 87 60.17
50 96 29.759
50 97 7.809
50 98 73.696
51 53 29.128
51 58 2.512
51 61 89.154
51 62 8.051
51 68 17.426
51 75 70.909
51 79 96.958
51 81 50.103
51 82 4.938
51 85 44.114
51 86 30.866
51 89 72.565
51 92 70.187
51 93 25.947
51 94 40.263
52 55 94.372
52 56 75.853
52 57 95.583
52 58 54.161
52 60 49.84
52 62 36.398
52 65 51.656
52 70 58.595
52 72 10.821
52 76 48.399
52 78 95.015
52 79 78.331
52 82 9.741
52 85 59.353
52 89 87.302
52 90 71.444
52 96 73.82
52 98 71.15
52 99 73.625
53 55 46.593
53 58 0.214
53 63 34.745
53 69 25.101
53 70 35.846
53 80 6.314
53 88 12.092
53 90 90.231
53 95 33.595
53 96 20.625
53 98 9.124
53 99 8.883
54 57 0.918
54 64 98.954
54 69 20.989
54 72 66.322
54 73 40.496
54 75 63.823
54 82 15.381
54 83 69.566
54 85 33.459
55 57 70.776
55 58 76.225
55 59 87.854
55 60 3.422
55 63 38.915
55 66 15.987
55 69 75.713
55 73 31.335
55 75 20.603
55 83 79.302
55 88 44.808
56 60 42.065
56 61 57.827
56 63 91.602
56 67 37.69
56 68 50.73
56 71 57.398
56 74 2.374
56 78 0.271
56 82 96.733
56 83 59.186
56 84 29.379
56 89 15.708
56 94 57.657
56 96 10.72
57 63 12.739
57 65 85.901
57 67 62.938
57 68 0.277
57 71 29.577
57 72 44.665
57 75 46.346
57 81 81.919
57 86 6.247
57 87 35.882
57 93 18.479
57 97 29.682
58 61 20.268
58 63 42.239
58 64 89.001
58 65 23.749
58 74 26.543
58 75 41.479
58 79 24.172
58 80 22.314
58 82 42.096
58 83 74.684
58 87 23.327
58 89 59.842
58 92 97.159
58 94 37.888
58 96 55.795
58 97 55.565
58 99 86.043
59 63 66.017
59 67 1.321
59 70 85.867
59 71 23.854
59 75 11.848
59 79 65.667
59 82 61.747
59 88 95.922
59 95 95.511
59 97 15.009
60 64 39.884
60 65 32.303
60 66 73.568
60 69 99.401
60 74 35.588
60 80 39.599
60 81 61.584
60 82 73.139
60 83 24.378
60 85 3.94
61 64 62.061
61 72 41.669
61 80 98.903
61 81 19.093
61 91 56.091
61 93 5.719
61 94 19.246
61 99 76.309
62 64 20.948
62 65 5.253
62 68 67.702
62 69 33.972
62 70 57.745
62 75 45.356
62 77 68.983
62 81 71.075
62 84 35.209
62 85 33.491
62 89 35.61
62 94 69.097
62 98 97.883
62 99 0.299
63 65 61.081
63 66 11.195
63 69 31.644
63 70 96.474
63 76 66.957
63 78 24.296
63 80 68.713
63 91 47.245
63 94 25.793
63 99 76.956
64 68 58.663
64 73 97.414
64 74 18.048
64 76 43.18
64 77 27.302
64 78 8.962
64 79 61.934
64 87 77.835
64 91 67.258
64 98 6.443
65 68 81.971
65 70 14.418
65 72 27.645
65 78 18.84
65 89 38.241
65 95 63.639
65 97 46.529
65 99 73.864
66 69 54.76
66 80 95.519
66 81 37.737
66 82 51.723
66 83 14.54
66 84 67.92
66 86 45.109
66 92 49.453
66 93 40.706
66 97 54.931
66 99 90.707
67 73 86.944
67 75 35.771
67 77 5.552
67 79 63.494
67 80 26.491
67 87 63.962
67 89 37.889
67 91 20.677
68 74 95.448
68 76 82.499
68 79 60.943
68 80 21.979
68 85 28.141
68 87 19.562
68 88 76.13
68 89 37.945
68 96 81.083
69 73 69.69
69 75 5.462
69 80 53.851
69 81 79.769
69 86 91.739
69 87 36.29
69 96 23.016
69 98 19.82
70 76 99.662
70 88 71.56
70 92 29.332
70 93 11.232
70 95 2.323
70 99 57.737
71 73 12.088
71 74 91.173
71 75 49.277
71 80 48.616
71 81 72.982
71 82 7.731
71 83 60.73
71 84 79.639
71 85 18.183
71 88 75.9
71 89 61.295
71 90 13.757
71 93 16.754
71 95 12.549
72 76 60.83
72 78 3.808
72 79 0.746
72 80 43.376
72 84 30.105
72 86 91.239
72 89 93.657
72 93 68.505
72 97 86.15
73 77 9.688
73 78 37.297
73 81 31.813
73 84 56.347
73 86 3.788
73 87 11.911
73 90 97.206
73 91 68.813
73 92 56.862
73 95 63.844
73 97 21.839
74 84 78.552
74 86 87.943
74 93 39.209
74 99 24.608
75 79 65.897
75 81 64.722
75 83 34.723
75 91 35.417
75 95 67.181
75 96 93.449
76 82 74.213
76 88 43.297
76 90 47.433
76 93 9.058
76 95 33.77
76 97 45.183
77 81 15.723
77 83 40.512
77 90 59.202
77 95 52.714
78 86 86.127
78 88 40.071
78 93 93.618
78 94 40.172
78 99 96.864
79 82 30.817
79 85 14.336
79 86 13.042
79 91 28.259
79 93 7.274
79 98 12.356
79 99 82.919
80 83 22.448
80 86 44.324
80 92 99.179
80 95 87.307
80 96 66.859
80 99 42.502
81 84 86.353
81 88 78.702
81 91 6.131
81 94 8.413
81 98 13.547
81 99 91.504
82 85 53.642
82 89 45.123
82 92 54.422
83 85 51.234
83 95 51.116
83 98 76.825
84 87 14.252
84 88 89.208
84 91 21.803
85 88 98.253
85 90 25.037
85 94 76.603
85 98 33.781
86 91 76.612
86 94 46.455
86 95 82.582
86 97 92.388
86 98 46.549
87 90 5.313
87 96 21.788
87 97 26.956
88 90 51.634
88 96 40.828
89 91 40.695
89 92 1.571
89 96 93.633
90 93 32.642
90 94 28.128
90 95 25.401
90 97 18.469
91 95 46.621
91 96 42.189
91 97 36.724
91 98 16.684
92 95 5.596
93 95 27.262
93 96 89.517
93 98 34.177
93 99 18.2
94 97 35.907
94 99 51.899
95 98 20.453
96 99 37.181
97 99 61.615