60
0 1 1.2
1 2 1.1
2 3 0.65
3 4 0.85
4 5 0.5
5 6 1.4
6 7 1.3
7 8 2.4
8 9 2.1
9 10 2.2
10 11 0.8
11 12 0.75
12 13 0.2
13 14 0.45
14 15 1.3
15 16 1.8
16 17 0.45
17 18 2.1
18 19 1.8
0 20 1.2
1 21 0.4
2 22 0.7
3 23 4.3
4 24 3.8
5 20 0.8
6 21 1.4
7 22 8.5
8 23 5.1
9 24 2.4
10 25 1.3
11 26 1.7
12 27 1.6
13 28 2.4
14 29 2.5
15 25 2.25
16 26 2.15
17 27 4.5
26 27 1.6
18 28 1.35
19 29 1.9
20 30 1.4
21 31 0.1
22 32 0.5
32 33 0.7
23 34 1.1
24 35 3.4
35 36 1.9
36 37 0.6
10 37 2.9
37 38 1.5
38 39 0.85
30 40 1.2
2 41 1.4
3 41 3.2
41 45 2.5
45 46 1.5
5 42 1.3
42 48 1.45
43 47 2.35
7 43 1.85
9 44 0.6
44 49 0.75
47 49 0.85
10 59 0.1
12 50 0.9
14 50 1.3
13 51 1.4
15 51 1.5
51 55 1.6
14 54 2.3
16 52 4.5
18 52 3.1
52 56 3.3
56 57 2.2
17 53 1.1
19 53 4.3
53 58 2.3
