100
0 9 36.492
0 10 33.816
0 11 40.084
0 12 22.325
0 17 36.255
0 20 19.386
0 21 23.555
0 22 6.117
0 24 13.853
0 25 7.839
0 27 39.045
0 29 35.839
0 30 44.005
0 34 22.03
0 35 38.17
0 38 48.456
0 41 40.744
0 43 49.582
0 45 20.066
0 46 39.826
0 47 11.046
0 52 46.37
0 54 46.384
0 55 30.087
0 58 36.587
0 59 38.722
0 63 21.8
0 69 12.199
0 70 27.081
0 81 4.12
0 82 16.34
0 87 8.051
0 89 27.352
0 90 31.464
0 93 43.714
0 94 6.139
0 98 20.985
0 99 4.753
1 4 26.814
1 5 28.159
1 6 8.464
1 16 35.777
1 17 48.4
1 18 31.791
1 21 20.091
1 23 22.97
1 24 20.975
1 27 44.592
1 28 37.26
1 33 31.323
1 36 21.26
1 37 6.747
1 38 10.735
1 40 18.897
1 41 0.123
1 44 31.363
1 46 32.714
1 47 12.055
1 50 15.747
1 54 46.807
1 56 34.263
1 57 39.976
1 59 34.17
1 64 31.918
1 65 39.17
1 66 33.138
1 68 4.362
1 69 17.416
1 70 40.323
1 75 8.716
1 77 7.683
1 82 3.605
1 86 39.316
1 90 41.268
1 91 34.272
1 92 33.393
1 98 12.966
2 5 37.272
2 7 45.502
2 8 33.749
2 9 49.126
2 13 13.937
2 14 17.268
2 15 44.081
2 17 28.463
2 18 19.112
2 21 16.959
2 22 46.921
2 23 45.324
2 25 7.583
2 26 23.997
2 31 13.863
2 32 33.859
2 40 2.06
2 41 17.219
2 45 29.36
2 52 15.546
2 55 39.487
2 61 29.171
2 63 21.528
2 65 48.87
2 68 1.59
2 70 37.449
2 71 3.416
2 72 45.221
2 77 20.929
2 79 2.831
2 83 28.643
2 84 45.482
2 85 8.708
2 86 19.702
2 90 30.778
2 98 48.225
2 99 6.299
3 5 19.02
3 7 41.61
3 8 24.11
3 10 44.228
3 12 11.599
3 14 39.792
3 18 17.914
3 19 7.327
3 21 31.835
3 25 26.06
3 28 44.762
3 36 8.293
3 37 20.046
3 39 2.911
3 42 41.917
3 48 14.383
3 50 33.961
3 51 34.904
3 53 16.968
3 57 32.385
3 60 29.361
3 62 30.388
3 63 22.327
3 70 41.164
3 74 8.217
3 76 49.008
3 77 7.318
3 79 19.852
3 84 27.519
3 85 24.137
3 86 0.955
3 87 20.601
3 89 19.525
3 93 41.258
4 5 16.246
4 7 30.197
4 8 41.975
4 12 40.566
4 17 0.521
4 22 29.533
4 25 38.403
4 28 37.767
4 29 27.561
4 32 4.792
4 33 23.203
4 48 41.018
4 56 11.312
4 57 45.776
4 62 47.782
4 64 25.853
4 66 2.175
4 70 3.531
4 71 48.524
4 74 1.398
4 75 41.473
4 76 3.23
4 78 4.538
4 79 24.117
4 89 45.003
4 92 36.881
4 97 13.086
4 98 22.445
4 99 18.85
5 8 13.359
5 9 4.849
5 10 16.419
5 12 11.637
5 13 22.938
5 16 3.609
5 19 26.444
5 22 41.448
5 30 45.696
5 31 40.278
5 33 3.286
5 34 39.757
5 36 47.283
5 42 48.674
5 47 39.536
5 49 41.191
5 54 30.488
5 56 6.056
5 58 13.639
5 61 34.486
5 63 9.293
5 69 14.268
5 71 27.362
5 73 2.709
5 80 24.526
5 84 5.121
5 86 38.467
5 87 37.823
5 89 39.3
5 90 16.117
5 92 27.8
5 96 3.34
5 98 6.587
5 99 46.338
6 7 17.067
6 8 48.275
6 15 4.832
6 16 15.969
6 17 29.142
6 23 46.379
6 25 3.795
6 27 47.52
6 28 5.033
6 29 38.918
6 32 7.291
6 34 41.3
6 35 14.945
6 39 39.699
6 41 44.253
6 44 39.939
6 49 6.877
6 52 5.476
6 53 13.321
6 55 41.025
6 58 17.096
6 59 37.059
6 60 33.514
6 61 9.666
6 62 49.635
6 70 5.898
6 72 11.231
6 73 26.942
6 75 17.715
6 79 49.868
6 80 5.006
6 81 8.006
6 82 30.002
6 90 27.421
6 91 46.113
6 95 37.555
6 96 8.151
6 97 42.271
7 9 0.419
7 11 15.179
7 12 19.325
7 20 9.134
7 25 8.755
7 27 27.389
7 30 8.512
7 34 23.321
7 37 44.419
7 40 6.617
7 41 21.49
7 44 44.187
7 47 25.676
7 48 15.17
7 51 47.375
7 58 14.11
7 60 48.9
7 61 23.015
7 63 14.631
7 64 40.405
7 67 8.49
7 69 32.478
7 71 42.309
7 72 21.365
7 73 31.98
7 74 10.651
7 75 31.554
7 77 31.976
7 80 32.282
7 81 6.456
7 82 15.804
7 86 47.888
7 90 27.447
7 92 37.593
7 94 28.316
7 95 6.423
7 96 39.338
7 97 15.612
7 98 32.524
7 99 23.586
8 11 25.678
8 15 31.229
8 16 13.202
8 22 49.32
8 25 9.453
8 27 33.79
8 28 3.305
8 29 13.228
8 30 2.428
8 32 10.231
8 34 32.772
8 35 40.227
8 36 45.816
8 38 37.756
8 42 40.456
8 44 33.296
8 46 3.696
8 47 16.802
8 48 16.238
8 51 7.041
8 57 22.435
8 60 28.75
8 62 11.561
8 66 46.745
8 67 3.719
8 68 36.627
8 69 7.944
8 70 12.86
8 72 31.236
8 74 29.092
8 76 18.851
8 77 25.849
8 78 31.78
8 82 44.681
8 87 7.909
8 88 29.227
8 91 19.541
8 92 46.966
8 93 40.299
8 94 20.838
9 10 0.786
9 11 30.043
9 12 43.447
9 13 43.222
9 18 19.788
9 19 22.773
9 24 3.465
9 25 41.219
9 27 39.056
9 30 47.16
9 31 40.31
9 34 14.919
9 36 47.541
9 43 14.156
9 44 29.68
9 46 39.657
9 47 1.057
9 49 31.882
9 50 17.991
9 54 41.571
9 56 32.206
9 57 49.79
9 59 21.015
9 60 3.597
9 63 4.785
9 65 37.575
9 69 23.25
9 74 6.472
9 81 22.695
9 85 16.148
9 87 40.78
9 93 7.883
9 94 21.549
9 99 44.162
10 12 5.395
10 14 23.24
10 15 47.963
10 17 47.235
10 23 20.159
10 24 6.609
10 28 24.166
10 30 5.943
10 31 1.48
10 32 2.547
10 37 45.679
10 38 44.755
10 42 46.357
10 44 4.992
10 46 11.492
10 49 43.494
10 51 40.867
10 52 6.868
10 54 0.513
10 55 16.396
10 56 44.514
10 58 41.146
10 62 9.035
10 68 38.257
10 69 48.608
10 71 41.364
10 78 5.144
10 82 41.705
10 85 41.5
10 88 38.874
10 90 26.857
10 92 24.668
10 93 9.574
10 95 25.923
10 96 38.985
10 98 4.946
10 99 40.508
11 14 1.494
11 15 30.85
11 18 35.131
11 19 22.217
11 21 17.719
11 22 14.219
11 24 3.983
11 26 16.599
11 28 28.084
11 30 15.553
11 31 2.781
11 38 44.354
11 41 32.875
11 49 26.418
11 52 45.317
11 53 21.12
11 54 41.306
11 57 1.753
11 63 2.394
11 64 48.292
11 66 35.07
11 68 2.813
11 70 27.534
11 71 36.259
11 75 12.389
11 79 49.15
11 80 41.109
11 86 38.087
11 87 47.312
11 91 21.356
11 92 3.162
11 93 23.874
11 95 10.207
11 96 22.03
11 97 28.67
12 15 34.651
12 16 31.299
12 17 24.875
12 20 3.845
12 22 31.887
12 25 10.539
12 27 35.737
12 29 36.013
12 30 22.021
12 32 2.842
12 37 38.457
12 41 39.527
12 42 30.339
12 43 15.355
12 45 33.327
12 47 11.407
12 51 36.038
12 54 7.342
12 56 15.991
12 57 46.54
12 59 21.452
12 60 27.952
12 61 6.051
12 62 3.992
12 65 20.159
12 67 10.46
12 68 19.776
12 69 9.309
12 70 23.271
12 72 6.638
12 76 23.536
12 79 42.89
12 81 8.355
12 83 24.286
12 87 3.688
12 91 45.892
12 92 27.089
12 94 21.099
12 95 29.104
12 97 45.847
13 14 12.31
13 15 18.216
13 16 39.427
13 21 34.561
13 23 5.594
13 24 37.549
13 25 29.044
13 26 32.503
13 29 15.077
13 31 36.529
13 34 11.69
13 36 31.042
13 37 29.968
13 38 21.958
13 39 24.868
13 40 12.078
13 46 34.419
13 51 10.387
13 53 32.68
13 57 10.384
13 58 2.428
13 60 19.323
13 61 44.379
13 62 19.265
13 63 9.596
13 69 15.162
13 74 4.923
13 77 39.074
13 78 46.43
13 80 41.975
13 83 24.809
13 85 22.91
13 86 15.332
13 87 42.616
13 88 0.55
13 90 47.268
13 91 45.898
13 92 0.692
13 95 49.932
13 99 5.837
14 18 17.578
14 19 19.998
14 20 47.365
14 21 30.03
14 23 19.567
14 24 25.075
14 25 35.88
14 27 15.752
14 30 38.725
14 32 0.158
14 41 7.912
14 43 30.941
14 44 13.25
14 46 23.737
14 48 20.734
14 49 21.562
14 51 19.426
14 53 7.283
14 54 26.021
14 58 4.041
14 65 15.439
14 66 34.045
14 69 48.176
14 70 45.575
14 72 44.496
14 75 37.408
14 76 31.624
14 79 28.425
14 80 33.955
14 81 25.803
14 82 19.883
14 83 17.648
14 84 13.444
14 85 2.59
14 89 20.687
14 90 35.717
14 91 2.992
14 95 10.294
15 17 16.861
15 19 2.485
15 23 0.041
15 26 33.157
15 27 38.79
15 28 8.652
15 29 9.856
15 31 20.261
15 34 14.44
15 36 22.3
15 38 12.888
15 39 0.775
15 41 23.19
15 48 45.473
15 49 24.698
15 54 10.512
15 55 16.508
15 56 2.867
15 58 38.745
15 60 48.467
15 61 31.304
15 62 26.737
15 67 9.066
15 68 20.015
15 69 17.304
15 70 11.779
15 73 42.581
15 75 18.497
15 82 4.619
15 86 32.511
15 89 45.785
15 94 34.106
15 95 46.798
15 99 41.972
16 20 25.35
16 23 23.431
16 25 14.562
16 28 46.501
16 30 27.002
16 31 12.278
16 35 28.034
16 36 39.169
16 37 8.03
16 39 46.008
16 42 10.268
16 43 29.986
16 45 25.912
16 49 29.73
16 52 41.254
16 58 11.749
16 60 35.615
16 61 14.605
16 62 9.322
16 63 25.474
16 64 8.805
16 67 47.861
16 68 0.028
16 70 48.506
16 78 27.142
16 79 25.915
16 84 39.962
16 85 22.299
16 86 26.111
16 90 0.7
16 91 16.09
16 92 49.764
16 94 12.778
16 96 32.177
16 98 37.145
17 18 20.581
17 21 29.988
17 22 0.404
17 23 2.479
17 24 4.046
17 25 40.417
17 26 31.703
17 31 5.524
17 33 20.138
17 34 12.002
17 35 2.026
17 37 2.069
17 39 49.586
17 41 12.48
17 44 37.499
17 47 12.621
17 52 46.228
17 54 36.224
17 57 27.119
17 58 2.991
17 60 11.574
17 61 16.688
17 62 33.728
17 63 48.785
17 65 38.89
17 66 34.11
17 67 19.215
17 70 26.618
17 72 39.117
17 75 3.326
17 78 17.495
17 79 14.924
17 82 44.061
17 88 4.145
17 89 38.312
17 92 33.814
17 94 5.36
17 96 35.58
17 97 17.77
17 98 47.797
18 19 28.735
18 25 21.72
18 29 6.035
18 36 37.763
18 37 29.005
18 39 18.566
18 44 33.788
18 47 6.604
18 48 23.088
18 53 35.63
18 62 27.881
18 63 22.343
18 68 23.1
18 72 24.033
18 73 34.307
18 74 48.165
18 77 23.616
18 78 14.323
18 79 14.658
18 81 24.259
18 86 47.962
18 89 29.204
18 92 48.027
19 21 23.771
19 24 7.424
19 25 19.406
19 26 8.088
19 27 4.547
19 30 3.733
19 34 43.243
19 37 27.896
19 38 34.534
19 41 31.214
19 46 10.037
19 47 46.363
19 48 34.232
19 49 49.459
19 50 14.685
19 55 37.172
19 57 22.139
19 61 42.457
19 67 49.262
19 69 25.83
19 72 29.804
19 73 8.71
19 74 0.236
19 79 3.784
19 81 20.602
19 82 48.683
19 84 9.49
19 88 23.681
19 89 49.896
19 90 42.586
19 92 4.583
19 93 49.744
19 94 23.281
19 99 28.263
20 22 18.372
20 23 36.308
20 25 45.008
20 26 22.622
20 27 25.057
20 29 21.17
20 33 38.624
20 35 25.888
20 37 48.336
20 43 9.137
20 44 44.251
20 45 31.842
20 47 48.088
20 48 1.174
20 49 48.47
20 55 11.025
20 56 10.086
20 59 9.749
20 63 21.223
20 71 33.763
20 72 21.318
20 74 37.371
20 76 27.57
20 78 20.95
20 81 5.065
20 82 5.842
20 83 1.74
20 91 24.532
20 93 48.355
20 94 38.17
20 96 15.958
20 99 5.67
21 22 34.882
21 23 15.119
21 24 41.858
21 27 30.222
21 28 0.453
21 30 34.554
21 31 37.076
21 40 48.455
21 43 40.446
21 45 12.57
21 46 38.36
21 47 17.022
21 49 32.762
21 52 40.581
21 53 41.937
21 55 34.761
21 64 1.963
21 65 7.131
21 71 37.421
21 72 7.906
21 73 8.536
21 75 36.537
21 78 26.359
21 80 2.121
21 82 10.591
21 85 44.793
21 86 10.886
21 87 20.995
21 89 27.791
21 90 33.434
21 91 1.155
22 24 35.669
22 25 3.831
22 27 14.647
22 28 12.854
22 30 26.903
22 33 28.211
22 37 12.782
22 38 44.501
22 43 35.585
22 46 44.955
22 49 8.448
22 51 34.69
22 54 22.415
22 55 42.183
22 59 45.286
22 61 15.893
22 63 0.163
22 66 41.672
22 67 38.412
22 69 3.695
22 71 22.844
22 74 33.723
22 77 30.068
22 86 0.695
22 87 29.083
22 89 3.017
22 91 3.262
22 92 5.782
22 93 45.371
22 95 4.985
22 96 39.473
22 98 25.502
22 99 26.463
23 25 36.491
23 26 2.958
23 31 24.793
23 32 45.144
23 35 22.586
23 38 0.338
23 39 12.714
23 45 29.647
23 47 46.784
23 50 43.851
23 52 5.006
23 54 41.149
23 57 19.329
23 59 3.042
23 62 18.556
23 64 48.741
23 66 36.225
23 69 3.832
23 70 38.97
23 72 0.514
23 79 46.882
23 82 18.584
23 87 40.797
23 94 5.267
23 95 19.017
24 25 21.449
24 31 37.482
24 32 26.987
24 39 27.929
24 43 18.118
24 46 23.1
24 49 23.059
24 50 43.407
24 52 22.907
24 53 14.946
24 56 34.255
24 57 35.818
24 58 26.236
24 60 27.472
24 62 19.327
24 64 29.078
24 66 38.305
24 67 4.145
24 68 42.255
24 69 26.214
24 78 43.328
24 84 46.399
24 87 29.797
24 89 28.988
24 90 47.737
24 91 40.377
24 92 33.967
24 93 10.356
24 94 30.8
24 99 45.076
25 31 2.996
25 34 26.056
25 35 3.082
25 36 19.196
25 37 13.199
25 41 49.527
25 47 8.875
25 50 35.688
25 51 12.763
25 55 15.291
25 59 5.157
25 62 31.283
25 63 46.874
25 64 5.079
25 65 33.935
25 69 48.682
25 75 47.779
25 84 21.37
25 85 38.289
25 86 21.005
25 90 45.468
25 91 40.187
25 92 19.41
25 98 42.49
25 99 33.543
26 28 34.199
26 29 32.837
26 30 46.665
26 31 30.841
26 33 49.988
26 34 22.974
26 35 29.494
26 38 43.947
26 41 6.482
26 43 31.146
26 45 6.842
26 49 28.282
26 52 21.14
26 53 30.182
26 54 3.208
26 58 8.098
26 61 35.474
26 63 35.976
26 65 49.056
26 66 29.756
26 67 26.332
26 72 18.622
26 75 37.499
26 77 38.083
26 82 15.946
26 86 47.515
26 87 15.452
26 90 7.932
26 91 26.316
26 98 1.386
27 30 40.311
27 32 18.086
27 33 16.703
27 34 22.158
27 41 26.128
27 46 34.446
27 48 12.21
27 50 25.18
27 52 27.054
27 55 29.708
27 57 30.444
27 58 31.683
27 59 7.012
27 60 20.152
27 65 20.393
27 66 14.62
27 67 36.917
27 69 9.556
27 73 13.805
27 75 44.714
27 76 47.998
27 79 35.139
27 83 40.61
27 87 13.922
27 90 48.284
27 93 41.417
27 94 27.879
27 95 37.37
27 96 15.114
27 98 30.965
28 32 8.508
28 34 26.736
28 36 29.047
28 38 21.758
28 39 2.029
28 45 49.954
28 50 10.359
28 53 11.488
28 56 13.087
28 57 46.997
28 63 36.773
28 64 26.917
28 67 24.398
28 70 24.867
28 71 32.586
28 72 38.241
28 73 20.566
28 76 38.788
28 79 24.097
28 83 6.757
28 84 36.134
28 87 34.241
28 89 22.963
28 90 1.327
28 92 31.65
28 93 48.598
28 95 21.257
28 97 18.071
28 98 36.687
29 31 23.31
29 33 7.826
29 34 15.846
29 37 4.544
29 38 22.066
29 40 26.253
29 43 12.649
29 44 2.255
29 46 19.986
29 48 12.803
29 51 45.672
29 54 27.827
29 56 6.952
29 57 48.594
29 62 8.463
29 64 21.435
29 65 15.19
29 70 13.325
29 72 41.306
29 74 36.89
29 75 2.554
29 76 22.212
29 79 4.149
29 83 37.813
29 85 32.249
29 87 35.893
29 91 42.578
29 92 39.182
29 93 34.003
29 95 6.377
30 33 13.949
30 35 46.777
30 47 8.601
30 52 43.076
30 54 10.065
30 55 3.236
30 56 13.984
30 58 48.295
30 60 5.43
30 61 36.059
30 64 41.775
30 66 7.261
30 67 1.953
30 70 28.279
30 74 17.905
30 77 23.062
30 81 49.197
30 85 26.317
30 87 31.545
30 88 19.573
30 89 6.255
30 90 39.911
30 94 2.88
30 95 4.688
30 96 29.451
30 97 6.249
30 99 14.631
31 32 49.434
31 37 41.519
31 39 6.291
31 44 12.654
31 49 44.126
31 57 26.665
31 61 47.415
31 69 23.41
31 70 22.571
31 72 19.122
31 76 45.884
31 77 3.261
31 81 46.27
31 83 17.121
31 87 6.661
31 90 49.086
31 94 37.7
31 96 32.452
31 98 5.494
31 99 28.487
32 33 23.083
32 34 22.417
32 37 42.726
32 44 31.286
32 46 18.345
32 48 37.594
32 49 49.295
32 50 35.235
32 52 20.955
32 54 22.299
32 56 29.76
32 58 26.348
32 61 43.993
32 66 33.238
32 71 36.78
32 74 37.201
32 75 38.132
32 78 0.007
32 83 41.701
32 86 10.571
32 87 12.28
32 89 25.847
32 91 40.477
32 92 46.375
32 95 11.799
32 96 20.826
33 34 24.372
33 36 19.547
33 43 10.255
33 44 19.756
33 45 0.588
33 47 9.202
33 51 3.243
33 52 11.104
33 56 23.12
33 66 38.706
33 70 7.885
33 73 42.766
33 80 4.311
33 82 19.76
33 85 36.591
33 95 5.139
33 97 48.459
33 98 14.751
33 99 42.457
34 35 28.853
34 36 23.457
34 38 24.752
34 40 35.254
34 46 31.843
34 47 2.924
34 48 4.479
34 49 13.373
34 50 10.711
34 53 44.279
34 55 17.663
34 57 9.628
34 59 14.233
34 60 13.815
34 62 20.84
34 64 31.226
34 65 22.819
34 69 5.883
34 74 39.353
34 76 37.744
34 89 46.419
34 91 41.509
34 92 9.834
34 98 43.539
35 38 40.886
35 41 25.382
35 44 14.656
35 46 31.703
35 50 40.53
35 52 28.289
35 56 3.28
35 57 15.333
35 58 18.943
35 62 19.028
35 63 36.978
35 64 10.025
35 66 13.184
35 67 15.068
35 70 42.668
35 72 0.232
35 76 14.699
35 82 27.416
35 83 49.927
35 85 9.748
35 93 13.48
35 94 39.142
35 98 27.077
36 38 8.875
36 39 45.217
36 42 41.175
36 47 36.929
36 52 27.37
36 55 31.151
36 56 49.423
36 59 44.585
36 64 20.634
36 69 27.579
36 70 32.389
36 73 36.842
36 74 49.669
36 76 41.74
36 78 13.999
36 81 42.613
36 83 19.362
36 84 36.897
36 85 20.095
36 88 0.037
36 93 47.241
36 94 22.126
36 96 25.957
37 38 43.803
37 40 13.813
37 43 48.076
37 44 6.561
37 51 22.111
37 52 13.521
37 53 33.263
37 57 16.058
37 60 27.934
37 63 26.47
37 64 47.714
37 65 44.054
37 67 47.807
37 70 23.976
37 71 30.041
37 72 7.312
37 78 7.389
37 81 37.802
37 86 43.526
37 92 38.042
37 96 25.993
38 39 29.999
38 42 49.555
38 43 2.547
38 45 18.338
38 50 29.277
38 54 40.766
38 60 20.755
38 64 17.4
38 67 33.18
38 68 18.045
38 71 34.943
38 72 5.075
38 75 1.406
38 76 45.797
38 77 22.523
38 80 9.842
38 83 17.196
38 86 30.903
38 88 43.145
38 89 42.859
38 95 19.356
38 98 2.17
39 42 31.12
39 46 2.806
39 52 39.945
39 60 17.69
39 63 49.233
39 65 20.552
39 66 43.946
39 68 45.663
39 69 7.211
39 70 23.527
39 73 49.886
39 74 14.37
39 80 3.274
39 82 25.12
39 85 40.625
39 86 20.543
39 87 1.77
39 92 22.626
39 94 40.258
39 98 39.584
39 99 40.897
40 44 26.362
40 51 26.116
40 53 44.156
40 54 17.493
40 62 6.551
40 66 1.407
40 67 36.668
40 71 8.153
40 72 46.45
40 73 34.212
40 74 21.267
40 75 23.171
40 80 32.192
40 81 33.903
40 82 40.778
40 83 37.187
40 84 42.334
40 85 12.361
40 86 42.925
40 87 35.984
40 88 26.52
40 90 39.404
40 91 32.057
40 94 15.442
40 97 24.653
40 98 25.109
40 99 16.939
41 42 21.446
41 46 23.319
41 51 46.749
41 52 31.91
41 53 34.815
41 56 19.17
41 58 44.112
41 66 24.612
41 70 42.728
41 71 31.204
41 73 16.709
41 74 27.494
41 77 38.545
41 79 18.361
41 82 0.529
41 83 14.585
41 85 17.607
41 88 25.261
41 89 5.707
41 96 27.334
41 99 50.0
42 46 48.192
42 48 31.598
42 49 30.073
42 50 38.207
42 51 45.11
42 52 4.497
42 53 19.698
42 54 1.552
42 55 2.102
42 56 6.345
42 57 40.302
42 59 8.174
42 63 4.508
42 66 35.141
42 68 18.654
42 72 9.056
42 75 45.349
42 76 14.138
42 77 0.081
42 81 21.139
42 84 45.378
42 85 6.973
42 86 12.277
42 87 28.042
42 91 33.526
42 96 3.789
42 97 1.138
42 98 42.259
42 99 34.069
43 47 1.048
43 48 1.955
43 51 34.084
43 53 30.759
43 54 2.98
43 62 33.214
43 63 16.877
43 64 29.655
43 66 36.662
43 69 31.839
43 72 24.282
43 73 29.433
43 75 11.565
43 79 23.055
43 82 27.852
43 83 38.902
43 84 33.253
43 85 34.155
43 91 48.727
44 46 49.469
44 49 45.622
44 50 36.843
44 54 20.125
44 57 39.11
44 64 20.984
44 65 21.042
44 67 9.437
44 71 17.998
44 72 9.109
44 73 10.15
44 74 0.245
44 75 19.203
44 76 15.782
44 78 36.045
44 81 29.097
44 84 26.054
44 89 14.005
44 92 20.593
44 94 46.969
44 96 45.412
44 98 48.992
44 99 37.265
45 54 13.608
45 55 15.23
45 60 48.249
45 63 48.176
45 66 15.76
45 67 39.208
45 77 7.953
45 79 41.378
45 82 12.362
45 92 5.538
45 93 19.961
45 94 2.062
45 98 9.092
45 99 30.788
46 48 9.165
46 49 6.001
46 51 12.111
46 54 33.331
46 55 24.013
46 60 10.873
46 62 10.546
46 69 6.593
46 71 40.267
46 73 42.944
46 74 21.567
46 75 39.597
46 77 13.846
46 78 14.387
46 80 4.378
46 81 47.052
46 82 46.063
46 83 27.066
46 86 13.7
46 87 1.299
46 90 0.167
46 93 46.418
46 98 23.603
46 99 17.49
47 48 2.249
47 51 16.712
47 53 41.858
47 54 15.5
47 56 46.947
47 58 4.145
47 59 40.29
47 66 31.357
47 67 35.001
47 71 16.948
47 72 38.484
47 73 18.456
47 75 46.335
47 77 40.273
47 78 34.87
47 79 44.749
47 80 26.101
47 81 13.851
47 84 16.128
47 86 12.515
47 90 43.717
47 94 6.068
47 96 7.137
48 54 28.82
48 55 41.315
48 62 21.973
48 65 48.695
48 67 30.768
48 70 43.246
48 71 26.958
48 74 26.705
48 84 22.102
48 85 10.41
48 86 12.928
48 91 3.889
48 92 41.148
48 93 28.019
49 50 34.559
49 54 18.179
49 55 15.245
49 61 4.363
49 62 15.693
49 64 47.15
49 66 21.519
49 74 14.395
49 77 29.336
49 78 38.211
49 83 31.248
49 84 29.581
49 85 11.936
49 86 30.274
49 89 38.667
49 91 35.546
49 93 18.868
49 94 5.395
49 95 45.049
49 96 37.426
49 97 14.209
49 99 18.042
50 55 43.727
50 58 48.142
50 59 45.871
50 62 19.369
50 64 44.108
50 65 43.075
50 68 30.585
50 69 11.449
50 71 40.666
50 73 20.787
50 77 8.36
50 81 0.621
50 82 3.249
50 83 17.921
50 84 11.009
50 86 40.255
50 89 42.269
50 90 28.131
50 91 39.586
50 94 9.897
50 95 44.584
50 97 46.761
50 99 14.883
51 53 39.067
51 56 11.321
51 57 23.009
51 58 8.35
51 60 0.841
51 62 23.615
51 69 3.031
51 70 29.937
51 73 46.901
51 75 13.779
51 76 26.59
51 78 44.805
51 80 25.394
51 90 0.004
51 93 28.026
51 94 1.302
51 99 5.462
52 53 17.952
52 54 10.276
52 60 4.369
52 61 47.822
52 67 48.645
52 68 40.274
52 70 4.857
52 73 37.612
52 74 14.553
52 78 44.387
52 79 23.537
52 80 27.704
52 82 41.881
52 84 23.839
52 87 27.897
52 90 21.006
52 91 45.425
52 95 31.347
52 99 45.738
53 56 49.069
53 62 10.83
53 64 25.908
53 66 22.648
53 67 1.705
53 68 5.363
53 72 1.358
53 73 49.603
53 74 15.323
53 76 42.748
53 77 15.54
53 78 11.157
53 80 31.867
53 85 1.992
53 90 39.605
53 92 2.672
53 94 29.428
53 97 47.005
53 98 44.433
54 59 31.246
54 60 12.293
54 61 27.524
54 63 0.924
54 69 41.768
54 71 23.081
54 72 20.934
54 73 26.397
54 74 23.202
54 75 24.958
54 76 22.477
54 78 8.802
54 84 11.323
54 88 24.7
54 94 49.767
55 61 46.978
55 62 23.967
55 65 35.85
55 67 31.644
55 69 10.226
55 71 27.346
55 72 25.703
55 74 15.016
55 78 19.892
55 80 36.7
55 84 41.328
55 85 25.129
55 87 32.007
55 89 40.138
55 93 45.384
55 96 43.463
56 57 23.255
56 58 2.905
56 62 7.173
56 66 45.318
56 68 12.101
56 69 33.521
56 70 18.619
56 71 30.366
56 73 20.105
56 74 18.083
56 75 16.354
56 78 39.521
56 81 39.268
56 82 27.479
56 83 31.612
56 84 43.897
56 86 0.981
56 89 21.85
56 92 3.941
56 94 17.464
56 96 8.227
56 99 22.443
57 59 36.842
57 60 37.844
57 64 40.906
57 69 43.934
57 72 15.182
57 81 45.784
57 82 34.474
57 83 47.191
57 86 22.949
57 88 34.252
57 99 45.753
58 59 38.289
58 60 8.671
58 64 5.055
58 65 29.04
58 68 19.482
58 70 0.154
58 71 14.606
58 72 2.256
58 74 40.845
58 77 45.846
58 78 39.191
58 79 21.901
58 82 34.006
58 84 46.088
58 88 8.335
58 90 27.83
58 93 35.836
58 94 31.21
58 96 47.28
58 98 44.14
59 60 17.786
59 61 0.214
59 62 41.001
59 63 25.813
59 66 26.937
59 69 2.701
59 73 27.993
59 83 10.6
59 86 37.852
59 87 4.689
59 90 29.324
59 91 39.963
59 92 46.255
59 93 3.795
59 95 45.7
59 97 16.615
59 98 35.938
59 99 13.316
60 63 34.811
60 70 22.451
60 73 42.903
60 75 43.058
60 81 12.282
60 88 31.534
60 89 23.514
60 90 21.363
60 91 9.929
60 92 26.813
60 96 28.348
61 62 49.835
61 63 8.938
61 64 49.518
61 67 21.732
61 68 1.453
61 70 11.289
61 71 19.954
61 72 41.134
61 73 30.872
61 74 45.619
61 80 28.616
61 81 3.834
61 82 13.326
61 83 31.301
61 89 1.894
61 90 31.153
61 92 23.829
61 94 7.276
61 97 32.059
61 98 16.805
62 69 29.174
62 71 7.964
62 73 46.61
62 80 23.427
62 83 8.235
62 87 1.846
62 88 16.898
62 89 10.438
62 94 40.982
63 66 40.452
63 68 47.354
63 69 16.916
63 72 32.666
63 74 49.829
63 75 32.291
63 77 32.008
63 78 34.507
63 83 13.41
63 84 49.087
63 87 14.398
63 88 34.215
63 96 12.051
63 97 35.11
63 98 43.837
63 99 20.807
64 65 47.976
64 67 11.346
64 68 37.871
64 70 46.576
64 71 25.004
64 73 29.236
64 75 30.992
64 76 19.515
64 77 49.584
64 79 13.031
64 86 34.105
64 87 44.886
64 88 17.865
64 89 43.183
64 91 6.582
64 93 38.979
64 94 13.417
64 96 47.984
64 97 44.406
64 98 5.924
65 66 13.363
65 71 36.886
65 72 31.439
65 74 28.27
65 78 4.075
65 79 29.293
65 81 16.678
65 83 11.486
65 91 27.239
65 92 41.238
65 95 18.982
66 68 15.481
66 71 14.301
66 73 28.146
66 75 1.878
66 81 23.381
66 86 17.99
66 87 33.601
66 88 31.868
66 93 34.62
66 94 5.363
67 70 7.16
67 71 11.955
67 73 13.646
67 79 37.502
67 84 45.595
67 86 20.894
67 88 19.923
67 90 48.607
67 91 43.364
67 95 30.847
67 96 42.39
67 98 39.421
67 99 10.253
68 69 1.25
68 72 3.483
68 76 30.931
68 79 16.461
68 82 39.781
68 83 26.858
68 88 25.733
68 89 16.38
68 90 2.279
68 92 5.607
69 70 27.969
69 73 6.319
69 74 40.577
69 81 45.848
69 82 36.358
69 90 1.305
69 93 39.945
69 96 22.554
69 98 25.031
70 72 17.827
70 75 46.103
70 77 1.55
70 79 23.961
70 82 29.069
70 83 29.514
70 86 19.848
70 88 5.532
70 89 41.734
70 92 27.62
70 96 43.385
70 99 8.09
71 73 20.752
71 74 12.435
71 75 21.18
71 79 22.93
71 83 38.2
71 84 35.371
71 86 10.214
71 88 30.026
71 89 19.854
71 93 19.881
71 96 17.365
71 98 30.025
72 75 3.625
72 76 37.731
72 79 32.262
72 85 5.454
72 86 25.162
72 88 3.103
72 89 5.658
72 90 14.114
72 95 13.553
72 97 33.583
72 99 16.903
73 75 4.923
73 77 49.584
73 78 17.795
73 80 35.153
73 82 21.037
73 99 12.739
74 78 17.89
74 83 8.018
74 84 23.682
74 86 16.602
74 88 39.45
74 89 30.41
74 90 11.39
74 92 17.613
74 94 25.669
74 95 8.904
74 96 32.681
74 97 0.491
74 98 4.074
74 99 14.987
75 77 45.923
75 80 3.415
75 81 19.425
75 83 2.221
75 84 22.52
75 89 48.475
75 98 2.425
76 78 26.067
76 83 13.249
76 85 40.505
76 87 36.366
76 88 44.174
76 89 17.149
76 94 35.586
76 97 17.697
76 98 8.591
76 99 24.048
77 78 40.08
77 80 31.159
77 81 4.469
77 82 44.518
77 84 31.941
77 89 12.546
77 91 24.141
77 94 6.909
78 79 2.799
78 84 31.417
78 86 15.457
78 87 11.252
78 88 10.317
78 99 12.174
79 83 30.725
79 86 13.434
79 87 44.088
79 93 40.291
80 81 3.847
80 83 8.628
80 85 12.14
80 89 3.855
80 91 5.136
80 92 1.967
80 93 46.068
80 96 47.801
80 97 40.166
80 98 42.305
80 99 46.745
81 85 47.981
81 86 25.74
81 87 10.883
81 89 22.585
81 92 45.269
82 84 45.311
82 87 26.29
82 88 24.18
82 90 23.28
82 92 23.281
83 86 8.395
83 95 2.741
83 96 8.437
83 98 45.425
83 99 47.253
84 92 17.191
84 93 47.412
84 95 5.14
85 88 13.157
85 90 27.964
85 92 36.647
85 95 25.927
85 98 25.116
86 96 31.021
86 99 20.255
87 92 34.262
87 97 2.026
88 90 38.489
88 93 19.592
88 94 37.203
88 97 5.833
88 98 1.127
89 90 11.297
89 91 43.218
89 92 27.851
89 95 31.384
89 98 44.326
90 91 8.079
90 98 23.939
91 93 42.738
91 94 35.446
91 95 13.938
91 96 11.292
91 98 27.275
92 96 26.945
92 97 19.396
93 95 47.851
93 99 48.394
94 98 21.774
95 97 15.388
96 99 5.801
