100
0 10 60.31
0 25 17.081
0 26 7.089
0 27 5.697
1 10 67.798
1 28 14.281
1 29 11.995
1 30 22.269
2 6 62.019
2 31 5.928
2 32 8.59
2 33 4.873
3 22 66.743
3 23 57.544
3 11 49.448
3 34 4.853
3 35 13.982
3 36 6.601
4 5 56.986
4 22 62.577
4 37 13.066
4 38 11.644
4 39 11.077
5 19 59.039
5 40 13.707
5 41 17.235
5 42 8.838
6 11 60.966
6 16 58.547
6 43 1.481
6 44 10.356
6 45 8.424
7 10 72.198
7 20 57.195
7 46 18.469
7 47 5.614
7 48 17.491
8 16 64.895
8 18 57.788
8 49 15.632
8 50 9.761
8 51 1.587
9 12 63.934
9 22 67.668
9 52 2.393
9 53 11.301
9 54 12.601
10 55 15.786
10 56 3.705
10 57 13.632
11 58 11.576
11 59 13.259
11 60 13.503
12 61 4.511
12 62 8.147
12 63 15.627
13 17 56.032
13 64 3.259
13 65 11.006
13 66 7.596
14 17 49.524
14 21 61.983
14 67 17.935
14 68 17.372
14 69 7.689
15 19 59.805
15 70 24.168
15 71 12.978
15 72 21.782
16 73 4.296
16 74 20.64
16 75 12.116
17 76 13.272
17 77 12.111
17 78 22.447
18 24 65.181
18 79 4.359
18 80 9.628
18 81 6.654
19 21 60.38
19 82 5.706
19 83 10.159
19 84 1.997
20 24 66.407
20 85 1.245
20 86 17.024
20 87 8.894
21 88 6.081
21 89 18.753
21 90 10.436
22 91 13.467
22 92 6.684
22 93 6.992
23 94 12.875
23 95 9.484
23 96 10.928
24 97 10.23
24 98 17.476
24 99 3.461
25 85 21.906
25 87 18.126
25 78 26.808
25 29 28.681
26 45 15.368
26 62 16.938
27 31 24.982
27 42 25.69
28 95 23.752
29 44 9.038
30 65 24.359
30 51 13.904
30 70 19.04
30 88 18.352
31 46 21.206
31 49 13.133
31 40 11.467
32 39 29.168
33 35 22.675
34 64 23.37
35 39 26.982
35 54 26.693
36 81 22.371
36 94 25.443
37 49 17.437
38 50 12.174
38 95 22.311
40 62 20.339
40 90 22.246
41 61 19.799
42 73 14.484
42 97 18.579
43 78 17.044
44 84 23.762
44 47 18.089
47 91 23.068
48 76 23.525
48 62 19.927
49 72 14.249
51 71 14.529
52 96 16.925
52 54 18.256
53 81 31.465
54 92 11.157
54 80 18.09
55 60 20.117
55 70 19.607
56 88 21.574
57 88 14.673
58 97 15.686
59 66 12.87
59 82 11.342
59 75 13.266
61 93 10.972
63 91 20.924
64 65 28.563
67 93 21.045
67 89 23.039
68 69 31.224
68 70 13.881
70 75 25.311
74 98 12.892
74 79 24.864
75 86 26.643
77 97 17.976
77 94 11.01
78 79 28.863
80 95 12.693
81 83 11.436
84 94 21.844
88 95 26.705
88 94 24.945
89 90 13.663
91 99 21.125