100
0 11 7
0 28 12
0 33 7
0 44 9
0 47 6
0 74 11
0 85 19
0 97 12
0 70 5
1 5 18
1 15 13
1 42 8
1 92 19
1 80 3
2 10 11
2 15 17
2 23 11
2 25 9
2 34 18
2 57 18
2 66 7
2 68 12
2 76 11
2 86 9
2 91 13
2 92 10
2 95 6
2 38 2
3 20 11
3 63 17
3 83 10
3 98 8
3 24 2
3 54 5
4 5 7
4 7 9
4 16 8
4 33 16
4 90 13
4 91 17
4 38 1
4 68 2
4 15 3
4 92 3
5 26 16
5 34 12
5 75 5
5 98 9
5 99 17
5 17 3
5 53 6
6 34 11
6 37 19
6 60 7
6 61 12
6 92 17
6 93 8
6 94 18
6 19 4
7 21 19
7 23 15
7 59 10
7 82 18
7 87 12
7 92 16
7 96 8
7 11 3
8 9 17
8 34 17
8 38 19
8 13 9
9 12 13
9 17 11
9 22 11
9 25 15
9 53 10
9 56 19
9 62 14
9 65 18
9 68 9
9 78 10
9 86 5
9 88 6
9 91 4
10 26 7
10 45 7
10 74 6
10 78 16
10 82 15
10 95 15
10 11 5
11 25 15
11 50 13
11 70 13
11 71 6
11 85 16
11 65 2
11 83 2
11 14 4
12 27 15
12 33 10
12 38 9
12 46 10
12 58 14
12 63 12
12 80 4
12 82 11
12 94 7
12 72 2
12 62 3
12 91 3
12 51 5
13 30 15
13 38 14
13 48 5
13 84 17
13 86 15
13 95 1
13 74 2
13 72 3
13 18 4
14 15 9
14 29 15
14 30 14
14 38 9
14 40 11
14 60 8
14 66 16
14 71 12
14 96 4
14 97 11
14 68 1
14 93 3
15 18 5
15 24 11
15 31 18
15 44 4
15 45 6
15 56 5
15 74 8
15 80 17
15 85 11
15 32 2
15 34 2
15 79 3
16 20 7
16 35 6
16 40 14
16 46 4
16 56 8
16 75 8
16 97 2
17 19 17
17 22 8
17 28 16
17 45 10
17 52 14
17 61 7
17 70 14
17 83 11
17 93 12
17 33 1
17 68 4
18 38 16
18 39 15
18 46 7
18 55 16
18 59 14
18 62 10
18 63 17
18 67 14
18 84 7
18 87 13
19 20 12
19 36 11
19 38 16
19 52 19
19 62 13
19 81 16
19 86 16
19 79 2
19 94 3
19 26 5
19 98 5
20 34 9
20 46 7
20 69 10
20 72 6
20 66 1
20 94 2
21 45 17
21 68 19
21 71 16
21 75 13
21 81 5
21 83 9
21 97 6
21 72 1
21 85 1
21 46 2
21 89 2
21 50 4
22 38 4
22 64 10
22 74 16
22 96 16
22 97 19
22 67 1
23 28 15
23 48 5
23 66 7
23 72 11
23 74 18
23 82 19
23 87 12
23 91 5
23 95 11
23 80 2
23 88 2
23 54 3
23 64 9
24 42 14
24 52 19
24 57 10
24 58 13
24 66 14
24 74 8
24 77 16
24 81 6
24 88 9
24 93 19
25 35 15
25 61 9
25 67 7
25 68 9
25 77 5
25 79 10
25 84 6
25 85 7
25 88 6
25 97 3
26 31 14
26 43 7
26 66 10
26 76 8
26 45 5
27 40 15
27 66 6
27 72 15
27 93 8
27 84 5
28 36 15
28 45 17
28 67 13
28 70 11
28 71 18
28 72 11
28 86 18
28 92 6
28 42 2
28 49 2
28 76 2
28 84 3
28 65 4
28 58 4
29 66 16
29 77 12
29 99 5
29 43 2
30 34 12
30 47 12
30 52 8
30 65 13
30 70 8
30 71 7
30 83 19
30 86 6
30 96 13
30 48 3
31 38 12
31 58 12
31 64 19
31 68 7
31 82 10
31 88 8
31 96 13
31 99 1
31 77 3
32 36 11
32 40 11
32 63 13
32 68 14
32 70 16
32 75 17
32 82 11
32 95 19
32 90 1
32 81 4
33 43 17
33 48 8
33 56 5
33 60 10
33 63 5
33 65 17
33 66 10
33 88 17
33 91 15
33 57 3
34 43 16
34 61 5
34 62 5
34 94 12
34 97 12
35 65 10
35 66 13
35 69 17
35 80 17
35 87 14
35 88 3
35 71 4
36 40 17
36 55 8
36 69 16
36 74 18
36 82 14
36 87 11
36 92 14
36 96 18
36 39 1
36 83 2
37 84 17
37 75 4
38 43 11
38 73 16
38 88 7
38 95 10
38 75 4
38 82 4
39 56 16
39 78 12
39 82 7
39 89 7
40 42 10
40 47 12
40 73 14
40 83 14
40 88 8
41 44 4
41 51 10
41 81 6
41 85 17
41 92 12
41 96 8
41 97 17
41 99 15
41 59 2
42 56 17
42 76 19
42 81 14
42 86 11
42 98 17
43 46 14
43 53 19
43 63 9
43 78 16
43 93 12
43 97 1
43 60 3
44 49 7
44 56 13
44 93 3
45 66 18
45 80 12
45 84 7
46 47 14
46 53 19
46 55 17
46 59 19
46 63 11
46 75 12
46 78 11
46 91 14
46 92 15
47 57 17
47 65 10
47 67 15
47 74 10
47 76 6
47 84 14
47 90 17
47 85 5
47 69 8
48 54 5
48 55 12
48 80 17
48 97 13
48 63 2
48 77 3
49 55 9
49 66 15
49 76 11
49 86 7
49 91 18
49 92 18
49 97 8
49 98 13
49 73 1
49 63 2
50 60 6
50 62 11
50 87 12
51 79 16
51 89 9
51 93 16
51 94 14
51 95 11
51 99 16
52 55 13
52 59 13
52 62 15
52 69 9
52 98 7
52 91 6
53 64 15
53 72 16
53 79 15
54 56 17
54 59 9
54 96 2
55 59 19
55 61 11
55 67 5
55 68 18
55 74 7
55 86 6
55 87 15
55 81 1
56 63 18
56 73 3
57 60 8
57 61 6
57 62 16
57 70 15
57 85 16
57 86 10
58 74 5
58 97 17
59 85 17
59 73 3
60 63 6
60 67 8
60 99 4
60 93 3
61 91 10
61 99 19
61 83 4
62 66 11
62 67 9
62 68 8
62 95 13
62 99 12
62 65 4
63 79 16
63 85 6
63 88 10
63 91 11
64 70 17
65 77 10
66 89 5
66 95 6
67 88 7
67 77 1
68 76 11
68 86 8
68 80 1
69 84 10
69 86 12
70 78 9
70 94 9
70 95 11
70 97 4
71 75 12
71 85 5
71 88 6
72 75 11
72 78 18
72 79 18
72 89 17
72 93 15
72 76 3
73 76 12
73 86 6
73 88 4
73 94 8
73 96 1
75 92 16
75 86 1
76 82 16
76 97 19
76 99 13
76 92 3
77 85 15
77 86 5
77 87 17
77 78 3
78 79 17
80 88 15
82 94 17
83 86 12
84 98 10
84 88 1
85 94 16
85 97 19
90 96 17
91 95 17
94 95 16