100
0 1 0.357
0 2 5.542
1 2 0.001
1 3 0.001
1 4 0.001
2 5 2.070
2 6 6.652
2 7 14.208
3 4 7.626
3 7 7.404
3 8 3.900
3 9 3.027
4 5 1.294
4 9 5.252
4 10 6.679
4 11 11.970
4 12 0.550
4 13 0.369
5 6 9.275
5 13 7.416
5 14 13.235
5 15 14.665
5 16 7.962
5 17 9.846
6 7 6.841
6 18 13.012
6 19 16.275
7 20 15.557
7 21 13.992
7 22 14.023
8 9 15.683
8 22 20.940
8 23 8.855
8 24 24.985
8 25 12.573
8 26 19.058
9 10 6.519
9 26 17.195
9 27 15.993
9 28 21.961
9 29 14.540
10 11 1.191
10 30 23.097
10 31 17.357
10 32 20.898
11 12 4.073
11 32 32.642
11 33 23.315
11 34 27.398
11 35 25.251
12 13 15.416
12 35 23.995
12 36 35.959
12 37 26.679
12 38 24.091
13 14 10.540
13 38 22.300
13 39 25.786
13 40 27.844
13 41 17.749
14 15 10.737
14 41 34.689
14 42 26.175
14 43 19.945
15 16 13.167
15 43 31.117
15 44 30.593
15 45 37.280
15 46 37.691
16 17 14.575
16 46 21.747
16 47 34.361
16 48 27.102
16 49 25.545
16 50 26.061
17 18 21.241
17 51 26.364
17 52 30.194
17 53 36.547
17 54 31.048
18 19 24.343
18 55 27.943
18 56 28.726
19 20 21.882
19 57 38.397
19 58 34.577
19 59 36.377
19 60 46.266
20 21 21.651
20 61 44.979
20 62 33.026
20 63 40.880
21 22 19.948
21 64 41.388
21 65 44.390
22 65 37.781
22 66 41.242
22 67 46.403
23 24 23.028
23 67 45.843
23 68 50.191
23 69 41.665
24 25 32.236
24 70 51.765
24 71 49.531
24 72 53.748
24 73 54.699
25 26 23.811
25 73 53.318
25 74 45.876
25 75 56.935
25 76 52.531
26 27 24.064
26 77 52.374
26 78 40.499
26 79 46.519
26 80 51.829
27 28 33.040
27 81 50.057
27 82 54.104
28 29 37.441
28 83 57.180
28 84 55.983
28 85 56.141
28 86 56.945
29 30 33.743
29 87 62.466
29 88 62.415
29 89 64.685
29 90 59.700
30 31 29.196
30 91 55.432
30 92 62.367
31 32 35.671
31 93 54.123
31 94 63.573
32 33 34.302
32 94 65.440
32 95 60.596
32 96 64.525
32 97 54.835
32 98 70.836
33 34 35.511
33 99 68.000
34 35 38.389
35 36 22.298
36 37 40.000
37 38 38.794
38 39 39.205
39 40 40.398
40 41 46.284
41 42 45.023
42 43 41.737
43 44 44.850
44 45 40.497
45 46 50.900
46 47 44.053
47 48 41.152
48 49 45.814
49 50 52.406
50 51 56.694
51 52 51.802
52 53 56.740
53 54 51.863
54 55 58.864
55 56 51.936
56 57 55.791
57 58 60.108
58 59 58.708
59 60 66.546
60 61 63.253
61 62 57.705
62 63 67.142
63 64 58.817
64 65 70.182
65 66 72.764
66 67 62.164
68 69 73.260
68 99 80.120
69 70 69.308
70 71 67.479
71 72 72.612
72 73 71.550
73 74 71.408
74 75 74.882
75 76 78.101
76 77 82.823
77 78 78.599
78 79 77.989
79 80 77.135
80 81 78.692
81 82 72.195
82 83 84.959
83 84 88.548
84 85 88.791
85 86 89.744
86 87 81.320
87 88 84.477
88 89 92.784
89 90 85.989
90 91 88.300
91 92 97.181
92 93 88.018
93 94 94.373
94 95 99.999
95 96 99.703
96 97 94.276
97 98 91.907
98 99 99.999
