100
0 1 1
1 2 1
2 3 2
3 4 3
4 5 4
5 6 5
6 7 6
7 8 7
8 9 8
9 10 9
10 11 5
11 12 15
12 13 4
13 14 9
14 15 14
15 16 15
16 17 16
17 18 17
26 27 26
24 25 24
25 26 25
30 31 30
31 32 31
27 28 27
28 29 28
29 30 29
18 19 18
19 20 19
20 21 20
21 22 21
22 23 22
23 24 22
32 33 32
33 34 33
34 35 34
35 36 35
36 37 36
37 38 37
38 39 38
39 40 39
87 88 87
88 89 88
89 90 89
90 91 90
40 41 40
41 42 41
42 43 42
47 48 47
48 49 48
49 50 49
50 51 50
51 52 51
52 53 52
53 54 53
54 55 54
55 56 55
56 57 56
57 58 57
58 59 58
59 60 59
43 44 43
44 45 44
45 46 45
46 47 46
60 61 60
61 62 61
62 63 62
63 64 63
64 65 64
69 70 69
70 71 70
71 72 71
65 66 65
66 67 66
67 68 67
68 69 68
72 73 72
73 74 73
74 75 74
75 76 75
85 86 85
86 87 86
78 79 78
79 80 79
76 77 76
77 78 77
80 81 80
81 82 81
84 85 84
93 94 93
94 95 94
82 83 82
83 84 83
95 96 95
96 97 96
97 98 97
98 99 98
91 92 91
92 93 92
45 56 14
68 96 32
1 72 53
4 90 52
10 28 34
6 78 69
6 9 86
45 34 87
9 85 24
34 78 23
96 23 54
76 42 90
23 28 21
98 8 90.2
54 32 10
60 31 6
80 34 65.6
1 99 34
45 65 10.5
76 29 41
84 89 3
31 48 13
69 72 14
4 57 45
4 20 4.20
67 76 12.9
93 56 2.3
