99
0 1 5.27
0 2 4.761
0 3 5.411
0 4 5.092
0 5 2.389
0 6 3.095
0 7 4.302
0 8 5.442
0 9 4.623
0 10 5.904
0 11 4.767
0 12 4.129
0 13 5.626
0 14 5.64
0 15 5.034
0 16 4.628
0 17 4.562
0 18 4.62
0 19 4.518
0 20 3.972
0 21 4.939
0 22 5.7
0 23 6.138
0 24 5.03
0 25 5.492
0 26 4.158
0 27 2.966
0 28 4.217
0 29 5.528
0 30 3.337
0 31 5.09
0 32 5.269
0 33 1.314
0 34 1.446
1 2 5.197
1 3 4.839
1 4 5.071
1 5 3.523
1 6 4.881
1 7 4.229
1 8 4.492
1 9 6.351
1 10 6.3
1 11 4.866
1 12 3.732
1 13 5.762
1 14 6.184
1 15 2.703
1 16 5.172
1 17 5.57
1 18 6.012
1 19 3.299
1 20 4.415
1 21 4.761
1 22 4.894
1 23 3.409
1 24 5.357
1 25 4.869
1 26 5.533
1 27 5.563
1 28 3.65
1 29 3.491
1 30 4.981
1 31 5.024
1 32 3.935
1 35 3.26
1 36 2.222
2 3 3.981
2 4 5.033
2 5 2.45
2 6 4.533
2 7 6.052
2 8 5.352
2 9 3.713
2 10 6.384
2 11 4.006
2 12 5.016
2 13 5.804
2 14 5.316
2 15 3.039
2 16 5.263
2 17 3.017
2 18 4.602
2 19 7.346
2 20 4.447
2 21 5.487
2 22 5.79
2 23 6.612
2 24 5.266
2 25 4.705
2 26 4.366
2 27 6.299
2 28 4.914
2 29 5.128
2 30 4.504
2 31 5.661
2 32 5.933
2 37 4.492
2 38 2.853
3 4 4.613
3 5 4.574
3 6 4.988
3 7 5.515
3 8 2.601
3 9 6.579
3 10 4.851
3 11 3.958
3 12 4.305
3 13 5.083
3 14 4.359
3 15 6.214
3 16 1.962
3 17 5.324
3 18 5.576
3 19 5.637
3 20 4.927
3 21 4.19
3 22 3.959
3 23 5.328
3 24 6.711
3 25 4.789
3 26 5.23
3 27 4.55
3 28 5.459
3 29 4.768
3 30 4.918
3 31 5.117
3 32 4.447
3 39 3.462
3 40 4.023
4 5 3.466
4 6 5.039
4 7 4.699
4 8 4.166
4 9 4.68
4 10 4.221
4 11 5.869
4 12 4.962
4 13 6.759
4 14 3.608
4 15 5.489
4 16 7.037
4 17 5.737
4 18 5.41
4 19 6.061
4 20 6.448
4 21 4.801
4 22 6.689
4 23 5.629
4 24 5.94
4 25 5.365
4 26 5.273
4 27 4.523
4 28 4.19
4 29 3.595
4 30 5.67
4 31 5.207
4 32 2.544
4 41 2.792
4 42 1.902
5 6 4.47
5 7 4.82
5 8 4.42
5 9 4.072
5 10 5.847
5 11 5.873
5 12 6.271
5 13 5.353
5 14 4.843
5 15 4.606
5 16 5.739
5 17 4.254
5 18 4.245
5 19 3.679
5 20 5.349
5 21 2.32
5 22 5.693
5 23 5.458
5 24 5.617
5 25 6.386
5 26 4.591
5 27 4.327
5 28 4.048
5 29 3.133
5 30 6.322
5 31 5.839
5 32 5.082
5 43 2.581
5 44 4.029
6 7 5.171
6 8 6.357
6 9 6.3
6 10 4.795
6 11 6.251
6 12 3.607
6 13 6.046
6 14 5.667
6 15 4.562
6 16 5.367
6 17 6.924
6 18 4.219
6 19 5.345
6 20 6.036
6 21 5.482
6 22 5.941
6 23 6.015
6 24 3.27
6 25 6.52
6 26 3.668
6 27 5.611
6 28 3.895
6 29 4.279
6 30 2.616
6 31 3.736
6 32 4.74
6 45 3.389
6 46 2.83
7 8 4.808
7 9 4.297
7 10 3.492
7 11 3.699
7 12 7.166
7 13 4.7
7 14 6.527
7 15 4.24
7 16 6.417
7 17 4.933
7 18 6.851
7 19 6.177
7 20 5.408
7 21 3.878
7 22 5.473
7 23 6.172
7 24 5.638
7 25 5.686
7 26 5.648
7 27 5.718
7 28 5.459
7 29 3.743
7 30 4.722
7 31 4.856
7 32 5.313
7 47 3.549
7 48 2.561
8 9 5.989
8 10 6.154
8 11 6.938
8 12 6.737
8 13 6.302
8 14 6.832
8 15 2.864
8 16 6.173
8 17 5.959
8 18 4.413
8 19 4.877
8 20 5.96
8 21 4.712
8 22 3.723
8 23 5.181
8 24 6.658
8 25 5.806
8 26 4.901
8 27 5.019
8 28 5.138
8 29 4.56
8 30 3.304
8 31 5.455
8 32 4.791
8 49 3.514
8 50 1.951
9 10 4.208
9 11 4.273
9 12 4.754
9 13 4.474
9 14 5.701
9 15 5.38
9 16 4.691
9 17 2.847
9 18 5.364
9 19 5.275
9 20 4.524
9 21 5.579
9 22 5.157
9 23 3.655
9 24 5.765
9 25 5.051
9 26 6.327
9 27 4.844
9 28 5.212
9 29 5.368
9 30 4.893
9 31 3.258
9 32 3.097
9 51 3.999
9 52 3.155
10 11 6.232
10 12 4.1
10 13 3.846
10 14 5.395
10 15 6.517
10 16 4.874
10 17 6.215
10 18 6.718
10 19 3.818
10 20 3.729
10 21 5.51
10 22 4.236
10 23 5.328
10 24 5.762
10 25 2.296
10 26 4.901
10 27 4.124
10 28 2.964
10 29 4.653
10 30 4.058
10 31 5.246
10 32 5.657
10 53 3.901
10 54 2.987
11 12 5.411
11 13 4.893
11 14 4.598
11 15 5.385
11 16 4.715
11 17 6.12
11 18 5.391
11 19 6.118
11 20 3.784
11 21 6.307
11 22 5.124
11 23 3.55
11 24 5.809
11 25 5.413
11 26 5.88
11 27 5.189
11 28 6.941
11 29 5.597
11 30 4.849
11 31 5.686
11 32 3.974
11 55 3.773
11 56 4.007
12 13 3.282
12 14 5.084
12 15 4.706
12 16 6.487
12 17 4.603
12 18 4.445
12 19 4.81
12 20 5.166
12 21 4.852
12 22 5.625
12 23 3.814
12 24 5.634
12 25 5.267
12 26 6.34
12 27 6.126
12 28 3.03
12 29 4.224
12 30 2.967
12 31 5.092
12 32 4.53
12 57 1.653
12 58 2.562
13 14 5.048
13 15 6.1
13 16 5.012
13 17 4.378
13 18 6.247
13 19 4.641
13 20 4.586
13 21 5.496
13 22 3.107
13 23 7.653
13 24 4.131
13 25 3.341
13 26 4.674
13 27 5.787
13 28 4.299
13 29 5.559
13 30 4.201
13 31 7.151
13 32 4.004
13 59 2.247
13 60 3.476
14 15 3.138
14 16 4.075
14 17 4.95
14 18 3.814
14 19 4.781
14 20 4.256
14 21 2.797
14 22 6.851
14 23 3.801
14 24 5.086
14 25 5.434
14 26 5.506
14 27 3.641
14 28 4.531
14 29 6.056
14 30 4.34
14 31 4.656
14 32 3.653
14 61 1.606
14 62 1.946
15 16 5.225
15 17 5.468
15 18 4.981
15 19 5.8
15 20 5.728
15 21 5.003
15 22 3.192
15 23 5.805
15 24 4.207
15 25 4.175
15 26 5.728
15 27 4.623
15 28 3.455
15 29 3.817
15 30 6.296
15 31 4.8
15 32 5.263
15 63 2.445
15 64 3.134
16 17 3.377
16 18 5.356
16 19 4.988
16 20 5.184
16 21 4.26
16 22 5.893
16 23 3.371
16 24 4.757
16 25 5.195
16 26 4.713
16 27 5.366
16 28 4.69
16 29 7.496
16 30 6.486
16 31 5.823
16 32 3.923
16 65 4.346
16 66 2.218
17 18 4.407
17 19 5.85
17 20 4.755
17 21 5.36
17 22 5.954
17 23 3.965
17 24 4.404
17 25 5.962
17 26 5.893
17 27 3.378
17 28 6.13
17 29 5.465
17 30 4.894
17 31 5.095
17 32 4.963
17 67 3.698
17 68 5.435
18 19 4.772
18 20 5.492
18 21 5.774
18 22 5.91
18 23 4.881
18 24 6.082
18 25 3.755
18 26 5.297
18 27 4.76
18 28 4.131
18 29 7.269
18 30 4.513
18 31 5.569
18 32 3.282
18 69 1.825
18 70 4.199
19 20 3.321
19 21 6.696
19 22 5.051
19 23 4.473
19 24 6.056
19 25 3.48
19 26 3.687
19 27 5.281
19 28 5.422
19 29 5.339
19 30 4.679
19 31 3.998
19 32 5.547
19 71 3.094
19 72 3.924
20 21 5.341
20 22 4.526
20 23 3.481
20 24 5.368
20 25 6.212
20 26 5.133
20 27 6.119
20 28 5.069
20 29 6.821
20 30 4.963
20 31 5.453
20 32 4.101
20 73 2.849
20 74 4.229
21 22 5.64
21 23 4.38
21 24 6.144
21 25 4.673
21 26 3.335
21 27 6.218
21 28 3.923
21 29 5.748
21 30 5.544
21 31 4.481
21 32 4.119
21 75 3.792
21 76 2.946
22 23 5.569
22 24 6.352
22 25 4.316
22 26 4.562
22 27 4.509
22 28 5.89
22 29 4.011
22 30 6.123
22 31 5.623
22 32 5.62
22 77 2.902
22 78 4.114
23 24 4.199
23 25 3.515
23 26 4.993
23 27 4.01
23 28 4.948
23 29 5.494
23 30 5.442
23 31 4.012
23 32 4.124
23 79 3.297
23 80 4.003
24 25 4.246
24 26 4.27
24 27 4.173
24 28 6.188
24 29 5.123
24 30 3.649
24 31 4.374
24 32 6.225
24 81 3.885
24 82 3.385
25 26 6.147
25 27 6.048
25 28 4.502
25 29 5.591
25 30 6.214
25 31 5.006
25 32 4.072
25 83 2.836
25 84 3.446
26 27 3.751
26 28 6.459
26 29 4.945
26 30 4.717
26 31 5.453
26 32 6.44
26 85 3.032
26 86 1.026
27 28 5.393
27 29 4.4
27 30 5.417
27 31 5.351
27 32 3.253
27 87 1.541
27 88 2.968
28 29 5.415
28 30 5.766
28 31 5.593
28 32 6.563
28 89 2.96
28 90 3.797
29 30 4.666
29 31 3.744
29 32 3.203
29 91 3.121
29 92 4.491
30 31 5.348
30 32 4.007
30 93 2.231
30 94 3.382
31 32 6.15
31 95 2.624
31 96 2.955
32 97 2.925
32 98 3.28
33 35 2.731
34 36 1.807
37 39 2.649
38 40 1.917
41 43 3.449
42 44 2.739
45 47 1.991
46 48 4.104
49 51 1.476
50 52 2.383
53 55 2.182
54 56 2.747
57 59 1.585
58 60 1.014
61 63 2.45
62 64 2.821
65 67 3.042
66 68 1.544
69 71 1.564
70 72 4.683
73 75 3.978
74 76 0.843
77 79 2.864
78 80 2.552
81 83 1.909
82 84 3.529
85 87 3.46
86 88 2.695
89 91 2.195
90 92 1.561
93 95 1.649
94 96 4.099