100
6 73 66.040
25 17 93.212
25 8 62.729
17 27 13.346
17 89 90.726
8 32 0.795
8 47 90.531
54 3 79.095
54 19 60.476
3 55 10.416
3 87 77.922
19 6 8.465
19 57 88.976
73 83 38.648
12 61 81.219
12 95 33.651
61 92 0.152
61 2 83.400
95 50 23.143
95 73 97.607
0 38 77.139
0 56 16.796
56 62 76.731
56 37 32.973
62 4 18.731
62 43 88.414
37 77 15.375
37 18 75.828
96 38 88.477
96 39 37.550
38 35 13.626
38 57 92.704
39 99 11.143
39 29 83.801
10 71 31.421
18 3 88.312
3 0 81.412
3 74 92.769
0 74 6.427
0 47 15.563
74 47 10.726
47 86 4.428
97 85 57.256
74 24 64.861
3 69 15.842
3 70 78.792
24 28 0.931
24 86 90.889
62 58 78.438
62 91 72.367
58 40 24.310
58 59 87.113
91 55 22.838
91 82 82.684
0 41 77.488
41 74 19.806
41 97 18.083
41 9 0.374
74 97 1.019
74 9 17.413
97 9 13.975
30 54 76.536
54 42 72.399
54 29 89.671
42 29 15.173
70 36 98.733
70 81 41.571
36 87 17.086
36 32 98.679
81 35 8.673
81 95 95.437
89 73 94.120
89 8 17.520
63 45 78.002
45 50 73.757
45 83 86.380
50 83 18.718
54 14 76.052
14 34 2.446
14 37 14.964
14 26 9.217
34 37 3.808
34 26 23.553
37 26 9.625
58 29 95.663
29 84 58.604
29 36 85.130
84 36 13.005
46 31 88.734
46 25 73.746
31 26 12.042
31 85 83.413
25 18 12.452
25 98 96.809
13 93 79.253
13 28 56.536
93 87 0.602
93 78 90.137
28 16 5.874
28 67 89.598
54 46 84.719
54 65 8.213
60 45 81.809
60 46 24.230
12 61 75.936
12 44 18.975
50 31 75.057
50 99 58.570
31 59 6.064
31 7 87.964
99 62 20.878
99 20 99.280
36 58 81.368
58 77 65.353
58 12 75.437
77 12 3.978
7 99 87.634
99 69 96.579
99 91 75.240
69 91 16.008
69 43 13.708
91 43 20.320
92 87 48.119
87 23 91.471
87 77 34.578
23 8 3.792
23 96 99.094
77 46 8.470
77 65 91.878
82 6 83.659
82 68 72.599
6 50 18.282
6 79 77.042
68 83 0.483
68 97 87.286
52 50 80.718
50 4 47.924
50 36 85.595
4 36 7.168
33 82 88.787
33 83 15.746
25 4 56.002
70 81 98.861
81 75 77.006
81 64 80.986
75 64 2.654
75 36 5.279
64 36 4.379
36 54 17.708
23 73 80.013
23 20 44.837
73 48 10.883
73 64 75.872
20 83 6.475
20 50 87.891
20 13 78.435
13 79 92.101
13 66 77.853
79 66 4.344
79 38 9.073
66 38 14.060
38 88 16.338
12 22 89.204
22 13 84.597
22 56 84.703
13 56 6.889
13 60 4.955
56 60 10.851
60 2 18.852
37 57 79.990
57 26 68.807
57 97 89.840
26 97 16.744
43 97 76.666
43 31 24.840
49 9 77.172
9 93 93.169
9 96 85.454
93 96 5.207
93 80 18.731
96 80 17.266
95 79 94.723
79 92 51.186
79 68 91.097
92 68 6.372
11 31 58.418
42 3 84.338
3 33 69.206
3 94 92.268
33 94 23.255
54 74 84.593
54 69 56.857
74 6 9.997
74 5 77.658
69 16 11.982
69 25 94.044
15 4 95.440
15 17 31.015
4 31 96.434
17 64 4.991
17 0 75.564
39 74 85.313
74 49 90.370
74 70 77.011
49 70 21.570
49 11 4.350
70 11 3.707
86 33 77.259
86 51 7.571
24 61 80.966
24 30 0.357
3 81 84.507
81 68 68.715
81 0 75.399
68 0 7.472
74 86 44.851
3 59 22.058
3 48 2.423
59 54 11.414
59 48 16.210
54 48 24.008
80 43 50.721
65 22 12.967
97 94 88.985
97 33 36.931
94 28 22.457
94 20 81.566
33 25 13.769
33 31 87.108
99 89 92.859
89 49 11.665
89 92 10.006
89 7 14.907
49 92 21.049
49 7 17.150
92 7 20.382
28 22 80.221
22 42 46.117
22 92 76.406
42 92 8.555
0 84 85.989
0 61 38.551
84 81 22.021
84 36 93.482
61 88 3.745
61 94 86.005
73 90 82.653
90 7 6.330
90 97 12.568
90 36 17.140
7 97 2.468
7 36 5.398
97 36 22.029
4 49 92.311
49 23 21.951
49 40 14.863
49 63 6.759
23 40 14.822
23 63 2.542
40 63 24.147
89 7 33.088
21 67 93.813
67 38 81.156
67 39 86.736
38 39 13.331
38 11 0.843
39 11 4.122
11 48 20.082
72 19 91.614
19 10 83.484
19 81 87.469
10 81 1.101
10 62 19.084
81 62 11.124
62 28 13.491
0 78 88.697
78 63 52.790
78 66 90.091
63 66 7.743
35 67 81.496
67 70 91.990
67 73 76.505
70 73 24.185
70 52 23.193
73 52 7.011
52 41 5.279
40 72 75.366
72 25 91.707
72 84 94.633
25 84 15.582
25 98 22.464
84 98 20.047
75 35 77.341
75 82 5.432
37 77 91.557
37 68 56.552
77 12 0.229
77 66 79.663
68 64 7.718
68 22 79.480
72 27 96.891
72 87 28.407
27 37 1.081
27 8 91.184
87 38 6.705
87 46 77.498
87 94 69.151
37 74 43.034
91 2 85.498
2 62 29.489
2 34 82.783
62 34 9.902
98 49 80.156
98 85 11.349
53 33 76.920
33 37 53.513
33 67 95.686
37 67 17.232
90 63 82.693
90 60 15.243
49 35 86.109
49 82 45.233
35 11 16.849
35 97 81.234
82 50 4.556
82 28 75.797
22 2 93.289
22 4 22.354
44 30 83.099
44 97 62.839
30 98 23.512
30 37 93.068
97 52 13.877
97 60 80.725
70 76 85.627
70 99 31.741
76 58 3.338
76 27 82.048
99 29 11.114
99 85 81.536
6 39 99.021
39 87 13.470
39 53 6.545
39 52 8.073
87 53 24.332
87 52 11.122
53 52 7.160
93 43 86.313
43 40 48.033
43 46 82.950
40 46 15.107
68 56 91.338
56 21 99.278
56 36 76.554
21 36 5.825
21 1 7.475
36 1 19.906
1 6 9.227
