75
0 43 49.754
0 21 26.617
0 40 63.741
0 18 24.248
0 41 47.317
0 35 97.034
0 2 8.519
1 64 31.738
2 70 67.644
2 13 8.524
2 57 15.332
3 48 82.527
3 45 97.972
3 18 31.934
4 18 18.897
4 16 97.238
4 25 32.892
5 31 60.378
5 36 60.749
6 47 63.499
6 43 91.539
6 32 96.245
7 20 69.315
7 22 82.49
8 37 79.383
8 52 64.312
8 65 43.029
9 72 22.722
10 35 26.618
10 71 93.002
11 28 70.007
11 56 10.58
12 30 91.081
13 46 27.109
14 52 69.246
15 41 45.999
17 60 26.966
17 24 20.925
18 72 57.908
19 32 41.177
20 35 62.444
21 64 69.598
21 39 81.944
21 53 85.319
21 31 62.546
21 33 96.64
21 66 49.61
21 22 88.755
23 42 81.498
24 74 81.756
24 72 12.511
24 62 57.044
26 64 51.659
26 67 9.316
27 52 36.774
27 50 51.673
28 64 0.674
28 69 0.902
28 51 58.701
29 52 41.095
30 69 97.835
34 52 85.026
37 40 82.88
38 69 80.282
39 54 22.418
40 58 72.583
41 52 9.792
41 72 13.686
42 67 37.608
43 68 24.575
44 68 3.35
45 49 51.787
45 68 96.579
52 55 7.874
57 64 23.712
57 69 92.632
59 63 52.833
61 64 46.507
63 70 41.827
63 73 82.097
63 65 47.018
65 71 40.309
