100
0 1 69.420
0 2 34.134
0 3 13.244
0 4 8.909
0 5 34.666
0 6 6.102
0 7 39.15
0 8 17.999
0 9 99.999
0 10 12.312
0 11 17.38
0 12 55.645
0 13 83.472
0 14 45.123
0 15 15.333
0 16 49.98
0 17 91.002
0 18 87.764
0 19 45.545
0 20 24.15
0 21 66.666
0 22 62.343
0 23 36.622
0 24 23.232
0 25 63.555
0 26 35.123
0 27 39.012
0 28 24.444
0 29 99.123
0 30 56.542
0 31 12
0 32 25.34
0 33 38.9
0 34 43.123
0 35 36.188
0 36 18.242
0 37 66.123
0 38 27.181
0 39 98.153
0 40 46.555
0 41 12.12
0 42 14.92
0 43 69.69
0 44 96.96
0 45 7.776
0 46 66.987
0 47 15.523
0 48 24.689
0 49 77.909
0 50 29.909
0 51 98.812
0 52 86.643
0 53 37.797
0 54 88.831
0 55 13.131
0 56 51.16
0 57 61.988
0 58 95.544
0 59 43.125
0 60 0.111
0 61 1
0 62 2
0 63 34
0 64 5
0 65 12.55
0 66 76.824
0 67 46.123
0 68 19.002
0 69 20.342
0 70 51
0 71 55
0 72 57.899
0 73 95.532
0 74 23.111
0 75 42.123
0 76 33.666
0 77 66.443
0 78 98.412
0 79 90.999
0 80 35.131
0 81 24.467
0 82 47.799
0 83 91.131
0 84 12.134
0 85 62.764
0 86 98.856
0 87 79.136
0 88 42.287
0 89 78.934
0 90 64.356
0 91 84.422
0 92 46.422
0 93 97.823
0 94 28.566
0 95 11.233
0 96 62.252
0 97 78.808
0 98 95.999
0 99 56.234
