100
0 85 8.068
1 90 85.204
1 67 12.991
1 3 3.248
1 33 87.764
1 85 66.567
1 6 0.961
1 10 25.921
1 98 84.221
1 2 52.256
1 18 61.795
1 99 41.103
1 34 22.988
1 65 41.218
1 46 21.719
1 87 33.213
1 53 50.515
1 52 46.471
1 48 71.375
2 72 87.13
2 56 86.263
2 33 11.5
2 69 66.9
3 35 67.249
3 28 22.379
3 10 57.762
3 4 78.63
3 99 72.629
3 32 44.101
3 26 94.454
3 63 20.314
3 95 3.613
3 82 43.689
3 90 55.636
3 43 63.075
3 89 83.727
3 76 50.388
3 66 77.473
3 78 12.307
3 17 54.011
3 61 13.165
3 70 27.12
3 56 75.668
3 19 10.215
3 8 37.232
3 20 1.608
3 93 75.534
3 31 34.492
3 14 35.224
3 46 67.29
3 53 19.775
3 39 47.461
3 52 96.681
3 41 10.252
3 29 55.907
3 24 45.035
3 68 24.742
4 19 6.079
4 72 75.38
4 99 21.485
4 32 61.507
4 10 34.948
5 32 1.962
5 46 25.781
5 89 38.317
5 93 68.693
5 73 89.379
5 6 83.112
5 53 14.453
5 22 69.75
5 40 52.841
5 10 47.119
5 37 30.078
5 20 58.432
5 13 86.916
5 33 76.444
5 26 92.923
5 68 99.947
5 17 58.171
5 98 91.812
5 62 41.389
5 48 61.071
5 55 76.264
5 94 24.785
6 53 57.24
6 72 45.848
6 55 96.381
6 56 54.703
7 33 90.252
7 19 36.153
7 37 79.004
7 11 20.178
7 15 16.932
8 9 45.549
8 67 12.565
8 10 48.095
9 64 33.287
9 97 58.87
9 23 55.805
9 31 23.364
9 36 88.042
9 83 53.056
9 58 14.761
9 82 7.139
9 48 17.181
9 93 71.628
9 94 22.372
9 69 79.313
9 33 10.514
9 44 98.678
9 51 24.804
9 81 2.917
9 79 39.205
9 18 11.379
10 69 48.931
10 49 33.264
10 19 15.702
10 98 44.204
10 46 78.473
10 65 93.068
10 90 51.617
10 74 5.425
10 56 83.04
10 33 3.173
10 34 1.486
10 45 39.7
10 64 60.958
10 97 66.592
10 11 42.229
10 99 67.819
10 84 3.776
10 87 55.835
10 41 42.059
10 72 71.203
10 23 38.668
10 92 92.468
10 75 93.83
10 48 85.175
10 96 10.557
10 21 69.964
10 12 81.45
10 77 62.046
10 61 91.263
11 32 1.626
11 80 99.688
11 77 90.175
11 38 32.565
11 69 15.142
11 29 23.971
11 95 52.327
11 16 14.162
11 52 49.173
11 98 58.566
11 23 92.665
11 90 96.371
11 18 56.097
11 71 88.304
11 17 33.601
11 65 47.478
11 67 39.498
11 36 66.068
11 60 9.855
11 79 36.98
11 19 27.356
11 87 2.239
11 28 99.086
11 63 24.835
11 83 32.881
11 24 54.981
11 68 43.886
12 27 87.551
12 47 86.849
12 91 84.921
12 69 37.512
12 67 55.209
12 99 42.738
12 23 11.521
12 29 20.108
12 62 29.563
12 61 32.602
12 41 42.751
12 52 69.9
12 86 28.902
12 90 70.102
13 32 9.032
13 46 1.914
14 67 88.356
14 62 29.954
14 55 9.575
14 53 4.159
15 60 81.42
15 87 43.459
15 83 39.125
15 69 83.23
15 49 95.491
15 37 25.562
15 72 29.244
15 99 26.211
16 32 27.162
16 56 40.189
16 24 67.693
16 96 35.307
17 52 30.878
17 67 16.227
17 24 52.167
18 75 16.548
18 56 29.421
18 32 15.832
18 65 68.081
18 31 81.883
18 87 1.331
18 96 67.726
19 76 65.947
19 59 84.984
19 85 92.432
19 72 42.445
19 78 90.122
19 56 43.601
19 69 72.175
19 34 1.852
19 37 59.462
19 26 7.831
19 66 78.54
19 20 81.708
19 23 71.3
19 21 18.921
19 27 53.59
19 95 36.168
19 57 51.994
19 73 87.464
19 64 73.06
19 61 25.912
20 33 35.421
20 52 4.074
21 73 99.103
22 87 95.964
22 52 97.117
22 99 52.626
22 56 47.809
22 55 24.14
23 53 62.163
24 40 3.541
24 85 33.793
24 77 15.024
24 89 25.754
24 37 93.159
24 82 73.856
24 32 94.215
24 65 34.372
24 99 62.311
24 63 84.916
24 72 45.334
24 73 33.616
24 94 0.982
24 76 37.102
24 96 34.995
25 69 9.254
25 99 99.126
25 32 25.544
25 55 66.721
25 62 75.86
26 67 1.897
26 56 64.463
26 46 29.346
27 52 22.443
27 69 76.56
27 56 79.627
27 37 56.704
27 32 4.865
28 32 83.404
28 69 26.244
28 53 76.7
29 87 66.898
30 56 37.254
30 82 25.042
30 53 67.194
31 73 15.321
31 82 14.754
31 56 46.282
31 69 64.046
31 52 47.024
32 68 61.394
32 64 25.72
32 57 24.102
32 47 9.299
32 54 23.604
32 52 86.448
32 35 77.529
32 85 62.124
32 55 84.694
32 37 1.011
32 69 55.847
32 81 74.314
32 95 19.632
32 42 7.395
32 60 9.539
32 34 99.042
32 53 12.18
32 94 89.03
32 41 14.399
32 77 45.83
32 72 41.472
32 78 52.212
32 73 7.666
33 65 23.085
33 52 52.541
33 98 23.431
33 89 91.735
33 94 39.335
33 56 8.548
33 69 45.93
33 37 1.892
33 93 81.253
33 53 50.558
33 85 46.815
34 69 71.277
34 46 14.907
35 37 7.53
35 72 85.358
36 55 8.307
36 62 86.156
36 56 25.737
36 87 58.307
37 85 26.685
37 62 99.546
37 59 45.826
37 46 96.269
37 49 59.524
37 96 22.13
37 87 5.949
37 55 65.623
37 72 80.746
37 42 69.575
37 88 0.786
37 89 19.428
37 65 28.173
38 52 22.938
38 96 19.876
38 87 34.861
38 72 50.565
39 53 82.929
40 67 57.295
40 55 17.517
40 96 49.214
41 69 95.61
41 99 87.366
42 55 17.735
42 96 84.518
42 69 20.69
43 69 4.458
43 89 95.82
44 72 72.214
44 99 86.61
45 82 8.008
46 73 90.447
46 63 82.235
46 96 17.235
46 60 77.315
46 69 14.436
46 48 90.058
46 53 51.829
46 84 77.462
47 99 20.226
47 87 81.671
48 67 65.549
48 87 41.673
48 73 10.263
48 82 28.269
49 82 90.339
49 67 72.53
49 89 20.626
50 69 86.469
51 99 47.72
51 73 52.938
51 55 59.421
52 60 63.844
52 84 84.221
52 69 24.384
52 72 57.864
52 86 56.721
52 56 92.314
52 63 68.498
52 96 49.479
52 65 92.814
52 58 34.407
52 64 76.506
52 88 46.163
52 54 4.487
53 79 22.774
53 88 28.61
53 72 11.475
53 98 89.374
53 78 2.829
53 83 97.999
53 82 58.697
53 56 44.204
53 67 7.939
53 77 21.209
53 54 50.397
53 71 37.79
54 67 66.565
54 73 34.311
54 99 65.316
54 96 24.723
54 62 7.393
54 56 33.032
55 99 10.232
55 77 6.461
55 84 41.594
55 76 49.377
55 62 57.396
55 69 16.089
55 74 20.834
55 85 14.4
55 64 64.48
55 60 75.095
55 70 42.312
55 63 4.085
55 94 81.97
55 67 51.824
56 62 64.177
56 92 16.775
56 82 46.758
56 73 16.294
56 99 79.157
56 58 64.369
56 80 93.011
56 98 10.373
56 75 11.87
56 88 59.632
56 69 50.524
56 61 83.354
56 87 82.334
57 96 0.758
57 82 74.648
58 96 35.147
59 73 63.977
60 96 10.681
60 62 30.097
60 67 14.614
61 96 26.859
61 69 12.039
62 72 89.293
62 65 35.309
63 76 35.974
63 96 45.622
63 67 69.684
64 72 78.525
66 99 94.242
66 67 17.593
67 69 42.85
67 94 10.127
67 81 44.978
67 71 43.759
67 97 55.078
67 72 75.992
67 82 70.924
69 82 17.165
69 78 49.862
69 75 58.748
69 86 32.905
69 76 89.544
69 97 69.382
69 81 25.381
69 84 78.994
69 88 31.777
69 99 15.452
69 94 85.388
69 87 6.208
72 98 89.629
72 96 84.049
72 95 18.421
72 93 43.845
73 85 42.774
73 76 9.286
73 90 65.822
75 82 14.477
78 96 47.211
79 99 58.405
80 87 91.384
80 96 66.573
82 95 71.395
87 95 84.465
89 95 37.81
90 99 6.445
91 96 50.901
95 99 60.534
