100
0 11 5.216
0 7 6.75
0 42 9.985
0 43 9.83
0 44 11.099
0 45 13.3
0 46 14.535
0 47 11.258
0 48 12.054
0 49 13.508
0 50 13.29
0 51 13.034
0 52 11.041
0 53 12.972
0 54 7.422
0 55 8.023
0 56 13.441
0 57 9.276
0 58 9.902
0 59 13.938
0 60 14.125
0 61 14.27
0 62 12.986
0 63 8.208
0 64 13.377
0 65 12.84
0 66 13.075
0 67 8.682
0 68 11.684
0 69 11.796
0 70 13.236
0 71 16.206
0 72 11.962
0 73 10.688
1 7 6.762
1 17 7.505
1 22 2.917
1 42 10.081
1 74 11.799
1 75 9.961
1 76 11.165
1 77 12.469
1 78 12.092
1 79 9.278
1 80 11.097
1 81 14.226
1 82 11.841
1 83 8.849
1 84 14.902
1 85 9.397
1 86 9.27
1 87 11.016
1 88 9.229
1 89 13.922
1 90 11.713
1 91 11.262
1 92 11.794
1 93 10.9
1 94 15.435
1 95 15.037
1 96 11.692
1 97 12.7
1 98 12.215
1 99 11.975
2 25 3.526
2 43 7.506
2 74 13.159
3 13 6.622
3 28 5.937
3 44 10.693
4 29 5.952
4 32 3.929
4 27 5.326
4 45 12.01
5 18 4.739
5 37 6.754
5 46 11.569
5 75 10.352
6 25 5.42
6 37 9.246
6 20 5.277
6 47 13.634
7 48 12.162
8 15 5.094
8 12 6.536
8 76 10.505
9 36 9.71
9 12 5.448
9 27 6.814
9 40 5.686
9 49 14.403
10 13 10.836
10 77 9.401
11 30 6.32
11 50 11.043
12 51 14.244
12 78 11.671
13 52 12.296
13 79 15.672
14 40 7.703
14 53 15.088
14 80 9.957
15 20 8.253
15 54 12.763
16 39 7.966
16 34 5.822
16 81 14.745
17 38 7.212
17 82 11.656
19 21 7.909
19 27 5.216
19 55 10.203
19 83 11.048
20 23 8.019
20 56 12.522
20 84 12.071
21 24 6.754
21 22 4.85
21 57 11.229
21 85 11.403
22 58 9.827
22 86 13.183
23 59 13.649
23 87 12.071
24 60 16.953
24 88 9.521
25 61 10.184
25 89 10.128
26 28 3.272
26 40 4.844
26 62 9.726
26 90 12.038
27 63 10.488
27 91 15.89
28 64 10.524
28 92 12.848
29 65 9.976
30 66 15.691
30 93 10.651
31 32 4.75
31 94 13.178
33 38 7.397
33 67 14.567
33 95 15.277
34 40 5.972
34 68 12.182
34 96 11.724
35 39 9.439
35 69 11.53
35 97 16.278
36 70 7.716
37 71 11.857
39 72 12.836
39 98 8.91
40 41 6.141
40 73 12.993
40 99 12.235