100
0 1 45.0
0 4 75.132
0 12 50.534
0 20 78.367
0 24 52.122
0 36 82.578
0 46 67.729
0 48 75.925
0 52 49.79
0 57 29.156
0 61 31.586
0 68 92.599
0 80 42.755
0 81 98.986
0 84 18.976
0 91 88.064
0 95 30.205
0 98 12.365
1 2 72.684
1 6 27.755
1 7 88.105
1 11 33.252
1 18 6.412
1 20 50.791
1 22 0.476
1 34 7.018
1 37 31.407
1 38 89.351
1 43 90.64
1 45 67.892
1 48 87.651
1 52 64.698
1 63 56.36
1 82 49.383
1 83 59.57
1 90 61.674
1 95 59.077
1 98 16.781
2 4 76.377
2 6 57.412
2 7 42.389
2 12 14.464
2 17 5.797
2 39 1.586
2 42 80.672
2 49 65.727
2 53 21.097
2 61 41.188
2 63 72.367
2 70 89.096
2 72 55.09
2 77 91.562
2 78 83.104
2 81 51.954
2 84 12.066
2 87 18.033
2 89 20.06
2 93 73.854
2 96 15.646
3 6 43.845
3 8 3.625
3 10 66.855
3 11 92.467
3 13 81.9
3 22 20.415
3 26 75.829
3 27 18.978
3 32 68.847
3 58 69.004
3 62 6.082
3 78 52.477
3 85 9.336
3 97 77.131
3 98 70.632
4 12 94.368
4 16 4.491
4 18 67.381
4 23 49.091
4 29 42.411
4 31 53.531
4 38 69.15
4 45 88.495
4 48 35.837
4 50 46.851
4 54 92.579
4 60 82.809
4 62 31.007
4 68 27.644
4 71 53.191
4 78 40.32
4 85 88.698
5 8 74.661
5 17 59.477
5 24 97.959
5 25 4.89
5 26 55.288
5 27 87.57
5 28 18.687
5 52 23.763
5 53 47.496
5 61 37.038
5 89 96.88
5 93 60.922
5 95 79.615
5 98 10.973
6 7 7.383
6 8 29.321
6 10 45.998
6 21 5.778
6 25 67.617
6 30 14.148
6 31 20.482
6 32 17.448
6 38 10.783
6 52 68.911
6 54 17.204
6 57 11.385
6 59 8.019
6 71 70.225
6 78 53.407
6 83 70.314
6 91 26.935
6 92 47.039
7 11 21.053
7 16 32.653
7 18 3.941
7 23 25.42
7 25 41.754
7 31 99.462
7 35 28.377
7 45 67.632
7 55 17.717
7 57 35.556
7 58 15.676
7 62 38.123
7 64 1.748
7 71 4.691
7 72 1.695
7 77 98.307
7 81 43.051
7 85 20.14
7 88 3.089
7 90 60.685
7 95 1.695
7 96 21.317
8 9 99.422
8 14 31.831
8 15 82.626
8 16 76.688
8 17 11.758
8 18 82.139
8 20 1.925
8 26 74.553
8 28 22.6
8 30 75.228
8 35 28.797
8 36 58.741
8 41 53.268
8 49 95.782
8 54 3.206
8 55 12.282
8 57 7.561
8 60 39.766
8 65 81.343
8 66 65.588
8 67 24.94
8 73 70.297
8 76 68.633
8 91 57.322
8 95 59.625
8 97 44.744
8 98 21.071
9 17 8.614
9 20 92.339
9 28 57.061
9 34 73.831
9 36 68.206
9 39 42.737
9 41 59.64
9 45 38.103
9 49 46.293
9 51 92.653
9 53 7.179
9 58 8.572
9 60 0.218
9 66 73.95
9 70 91.725
9 76 43.477
9 83 42.696
9 85 44.437
9 93 58.253
9 96 42.639
9 97 65.613
9 99 91.008
10 12 2.073
10 20 39.672
10 27 84.626
10 33 17.661
10 43 94.751
10 57 77.676
10 64 16.817
10 66 1.063
10 71 54.482
10 75 12.482
10 84 91.763
10 88 60.948
10 91 55.734
10 99 0.21
11 18 32.894
11 25 33.312
11 29 53.647
11 42 79.075
11 45 25.809
11 50 1.456
11 55 80.192
11 58 82.44
11 62 40.955
11 64 99.065
11 81 0.766
11 82 21.89
11 84 37.936
11 91 31.754
11 95 14.204
11 96 74.117
11 98 10.496
12 21 98.272
12 25 38.719
12 26 20.688
12 29 84.409
12 33 65.084
12 35 76.572
12 36 96.409
12 51 97.092
12 53 55.298
12 66 85.105
12 67 8.275
12 69 15.166
12 74 65.222
12 82 9.953
12 83 36.138
12 98 45.336
13 15 59.623
13 17 53.504
13 18 0.461
13 22 48.408
13 23 91.508
13 24 23.391
13 28 85.391
13 35 76.975
13 46 56.665
13 56 92.811
13 63 60.522
13 68 38.965
13 70 27.113
13 71 46.475
13 72 62.095
13 74 79.222
13 75 58.534
13 77 46.169
13 82 87.51
13 84 32.379
13 90 20.106
14 19 8.045
14 22 15.684
14 30 40.079
14 34 57.076
14 37 55.58
14 38 59.288
14 43 55.423
14 49 53.976
14 58 43.055
14 64 16.553
14 65 62.355
14 67 4.651
14 68 42.648
14 70 68.21
14 73 50.389
14 75 38.372
14 78 15.295
14 79 0.021
14 87 77.215
14 88 66.176
14 92 31.182
14 94 19.539
15 27 58.126
15 28 18.648
15 32 43.003
15 33 63.645
15 39 55.453
15 48 99.963
15 49 92.971
15 50 7.373
15 55 39.932
15 56 97.514
15 63 29.616
15 64 36.315
15 71 37.052
15 74 95.529
15 84 44.514
15 85 51.974
15 93 85.101
15 99 73.513
16 17 38.744
16 23 49.001
16 33 49.439
16 36 48.554
16 44 65.317
16 54 25.28
16 58 10.959
16 71 57.11
16 83 37.569
16 92 72.255
16 93 89.705
17 24 88.117
17 33 8.854
17 34 23.042
17 41 88.508
17 47 88.113
17 48 29.761
17 49 7.21
17 50 52.939
17 56 56.968
17 58 69.014
17 59 0.502
17 60 40.498
17 64 32.539
17 78 27.482
17 85 67.306
17 98 23.225
18 20 60.695
18 22 66.368
18 23 53.883
18 37 58.337
18 39 84.53
18 42 57.726
18 47 81.032
18 54 11.217
18 56 46.465
18 58 68.362
18 72 87.038
18 77 22.284
18 83 76.612
18 85 29.631
18 89 77.445
18 99 9.461
19 22 89.232
19 32 92.02
19 33 76.054
19 39 16.111
19 49 64.436
19 54 71.471
19 60 17.304
19 75 22.524
19 80 18.154
19 84 47.043
20 34 48.061
20 36 87.962
20 47 84.908
20 48 40.102
20 49 74.091
20 53 56.686
20 55 13.347
20 59 76.419
20 64 31.33
20 65 67.123
20 72 20.291
20 73 47.615
20 76 76.172
20 79 57.449
20 86 39.477
20 88 90.617
20 91 86.144
20 97 24.029
20 98 28.756
21 24 81.949
21 31 48.474
21 35 80.128
21 39 16.842
21 42 44.903
21 44 17.093
21 56 73.713
21 70 10.713
21 74 87.338
21 86 58.289
21 87 75.245
21 93 72.683
21 99 7.734
22 27 52.769
22 31 65.09
22 32 10.341
22 36 45.198
22 53 44.562
22 56 64.108
22 58 90.62
22 61 21.738
22 62 5.367
22 72 69.139
22 77 91.168
22 80 43.267
22 83 60.401
22 86 54.894
22 90 89.786
23 33 11.839
23 34 9.422
23 38 61.509
23 42 55.682
23 45 86.352
23 51 62.695
23 53 80.177
23 69 96.794
23 72 1.417
23 77 99.04
23 78 52.115
23 84 55.72
23 88 29.975
23 89 59.613
23 92 7.936
23 97 3.723
24 31 54.924
24 44 97.519
24 50 81.589
24 56 58.115
24 74 73.206
24 81 15.415
24 94 94.87
24 95 19.874
24 96 80.952
25 26 44.465
25 28 43.223
25 29 34.417
25 30 52.194
25 35 25.928
25 38 53.217
25 43 93.243
25 44 95.583
25 49 27.348
25 53 99.148
25 54 42.383
25 57 65.703
25 60 18.115
25 67 27.345
25 69 44.413
25 72 76.301
25 75 2.239
25 76 13.664
25 79 35.864
25 82 50.966
25 88 52.67
25 93 13.448
25 95 20.182
26 27 9.681
26 30 15.909
26 34 50.623
26 48 81.492
26 68 46.291
26 71 2.371
26 72 89.875
26 75 33.384
26 78 84.676
26 81 50.109
26 86 79.826
26 89 63.522
26 90 33.699
26 93 53.946
27 31 51.917
27 33 82.594
27 36 97.417
27 39 30.037
27 43 4.487
27 45 47.787
27 47 23.78
27 53 52.145
27 57 13.489
27 61 96.675
27 62 97.415
27 76 97.094
27 91 11.983
27 95 28.452
27 96 34.507
28 39 95.688
28 46 35.625
28 56 35.984
28 57 52.102
28 61 87.749
28 63 18.946
28 78 17.444
28 80 27.565
28 87 11.42
28 95 94.239
28 96 34.821
29 35 56.606
29 38 10.375
29 39 94.846
29 53 1.704
29 60 81.587
29 65 77.819
29 77 70.203
29 79 89.433
29 82 10.986
29 86 80.074
29 94 96.847
29 99 27.062
30 38 7.34
30 52 68.605
30 56 54.003
30 61 46.159
30 62 62.525
30 64 28.559
30 70 57.346
30 74 73.772
30 77 25.408
30 80 1.131
30 85 15.565
30 91 26.782
30 92 53.237
30 93 20.242
31 35 5.674
31 37 63.392
31 44 80.058
31 45 39.953
31 52 5.329
31 64 40.742
31 67 7.686
31 72 79.079
31 79 49.362
31 88 47.179
31 98 23.091
32 34 81.701
32 37 95.862
32 40 91.029
32 41 87.768
32 44 66.598
32 47 74.856
32 53 60.114
32 55 42.412
32 58 10.37
32 67 51.041
32 69 12.216
32 90 6.763
32 99 27.37
33 35 38.477
33 37 94.984
33 42 89.983
33 44 12.617
33 46 59.554
33 60 87.089
33 63 43.477
33 70 94.598
33 77 25.429
33 79 47.817
33 80 97.836
33 84 66.182
33 90 33.822
33 91 50.136
33 98 83.504
33 99 13.512
34 36 5.771
34 43 98.672
34 54 56.349
34 59 47.356
34 77 25.768
34 78 83.488
34 96 99.96
34 98 35.94
35 37 73.47
35 40 35.72
35 45 1.008
35 56 95.983
35 57 94.42
35 73 62.239
35 76 89.303
35 79 51.22
35 89 88.289
35 97 58.59
36 40 8.263
36 42 9.861
36 49 54.473
36 50 61.978
36 55 77.123
36 62 71.049
36 70 80.418
36 77 72.436
36 82 27.245
37 52 75.294
37 53 79.605
37 64 28.749
37 68 67.609
37 70 87.186
37 74 12.089
37 81 19.209
37 91 66.678
37 97 1.119
37 98 95.914
38 40 12.145
38 45 19.822
38 46 7.13
38 65 87.288
38 71 86.868
38 80 94.03
38 81 69.189
38 82 28.183
38 86 26.94
38 87 96.773
38 94 23.898
38 95 68.25
38 99 91.582
39 42 43.85
39 48 61.476
39 55 92.276
39 61 11.905
39 68 83.986
39 75 30.336
39 77 73.801
39 81 21.615
39 88 22.264
39 99 7.61
40 42 81.148
40 49 95.528
40 58 46.951
40 59 57.799
40 60 92.389
40 63 64.887
40 67 50.879
40 72 43.555
40 74 81.844
40 81 2.121
40 84 17.602
40 90 64.689
40 94 45.462
40 97 61.053
41 42 91.544
41 46 44.728
41 55 70.467
41 60 69.724
41 65 83.005
41 66 56.678
41 72 37.661
41 74 90.958
41 79 98.556
41 83 36.281
41 90 0.239
41 98 42.594
42 43 58.091
42 61 96.96
42 65 91.803
42 71 31.361
42 78 51.537
42 88 87.071
42 99 87.354
43 62 94.443
43 67 23.055
43 71 37.152
43 83 94.641
43 86 59.134
43 94 10.274
43 97 5.766
44 49 15.527
44 52 30.032
44 61 63.02
44 71 15.103
44 72 20.891
44 75 39.041
44 80 69.553
44 83 33.524
44 96 65.982
45 50 58.916
45 65 90.442
45 69 33.255
45 73 24.61
45 74 57.301
45 76 55.904
45 79 51.867
45 82 80.959
45 91 52.318
45 96 78.537
45 97 84.584
45 98 81.532
46 52 75.553
46 53 92.441
46 59 46.514
46 61 62.49
46 72 51.609
46 73 0.088
46 74 42.431
46 81 1.635
46 84 69.785
46 86 74.223
46 93 46.535
46 99 97.769
47 50 31.419
47 52 84.813
47 60 54.246
47 61 92.002
47 85 79.675
47 87 12.828
47 88 39.147
47 90 36.459
47 99 47.168
48 52 17.269
48 53 56.334
48 56 83.794
48 57 83.209
48 64 80.902
48 65 88.803
48 73 65.156
48 78 91.626
48 79 64.129
48 80 20.619
48 83 42.708
48 85 49.713
48 86 3.396
48 87 64.212
48 89 16.976
48 90 76.948
48 94 49.682
48 97 65.772
49 50 65.907
49 62 8.408
49 63 56.785
49 71 62.424
49 74 89.573
49 75 27.578
49 76 54.155
49 77 33.705
49 80 81.763
49 81 28.533
49 87 25.915
49 89 0.362
49 96 95.61
50 51 63.355
50 57 40.299
50 58 48.785
50 60 17.018
50 94 12.443
50 95 94.843
50 96 27.595
51 55 91.433
51 57 91.478
51 62 34.04
51 65 44.971
51 68 65.365
51 70 8.418
51 85 77.207
51 86 97.898
51 87 12.156
51 96 70.677
51 97 90.54
52 72 32.131
52 81 8.247
52 93 5.486
52 97 27.531
53 54 68.982
53 56 18.735
53 59 28.834
53 60 10.124
53 61 74.641
53 70 96.289
53 79 81.799
53 84 2.62
53 85 54.74
53 87 35.715
53 89 10.581
53 91 29.543
53 92 66.353
53 98 7.505
54 65 53.185
54 72 55.458
54 77 40.057
54 85 57.613
54 86 92.062
54 88 94.684
54 95 87.696
54 98 77.924
54 99 40.027
55 64 47.186
55 72 85.682
55 78 51.483
55 79 39.356
55 84 71.711
55 94 16.793
56 65 55.3
56 66 77.921
56 68 82.0
56 71 6.958
56 72 32.948
56 73 69.207
56 76 75.348
56 88 74.441
56 91 90.06
57 59 75.812
57 67 21.976
57 68 10.983
57 70 42.579
57 74 54.627
57 77 64.458
57 82 44.112
57 83 77.138
57 90 27.2
58 60 54.664
58 63 32.856
58 84 50.417
58 85 2.012
58 87 17.368
58 89 16.923
58 92 0.56
59 64 56.693
59 74 34.912
59 77 33.832
59 78 13.6
59 80 22.431
59 90 39.492
59 93 19.532
59 96 4.053
60 63 14.237
60 65 91.123
60 72 33.924
60 74 40.714
60 86 19.954
60 91 92.194
60 94 88.949
60 95 95.887
61 65 53.926
61 68 60.196
61 72 90.605
61 77 39.686
61 80 85.227
61 83 60.916
61 84 59.15
62 64 70.844
62 69 38.047
62 74 16.543
62 81 52.212
62 86 83.494
62 87 15.062
62 94 59.737
62 95 26.443
62 96 91.92
63 64 93.127
63 65 69.65
63 69 79.453
63 82 62.658
63 85 49.467
63 87 57.077
63 89 1.515
64 73 45.005
64 81 28.949
64 84 81.126
64 87 54.964
64 91 68.099
64 97 79.562
65 74 99.77
65 75 69.525
65 76 6.51
65 79 83.824
65 81 84.75
65 83 26.462
65 84 89.326
65 86 43.138
65 90 84.32
65 94 50.131
65 99 99.614
66 68 41.792
66 69 35.457
66 76 90.455
66 90 36.151
66 92 43.624
66 96 81.572
67 71 2.032
67 74 34.768
67 80 21.651
67 81 4.627
67 82 15.099
67 88 54.116
67 89 91.145
67 90 67.184
67 93 37.24
67 98 59.838
68 71 56.65
68 75 55.537
68 81 73.448
68 84 20.502
68 87 54.812
68 89 63.565
68 93 91.827
68 96 2.046
68 98 74.804
68 99 29.984
69 73 15.056
69 85 53.518
70 78 13.401
70 79 22.504
70 80 3.727
70 94 41.215
71 72 86.015
71 75 24.345
71 79 74.419
71 83 82.295
71 90 11.318
71 93 78.279
72 76 3.642
72 78 70.217
72 86 98.951
72 87 42.011
72 88 80.689
72 91 15.404
72 96 60.449
72 99 11.096
73 77 18.638
73 79 68.617
73 83 76.173
73 86 23.276
73 88 71.439
73 94 97.588
73 95 26.94
73 96 90.712
73 99 45.848
74 76 93.875
74 80 64.92
74 83 13.633
74 87 29.012
74 95 77.815
75 82 65.954
75 88 89.635
75 90 62.403
75 91 41.992
75 92 71.04
75 93 98.827
76 80 28.337
76 92 89.391
77 83 79.113
77 84 26.897
77 85 99.299
77 94 93.301
78 83 64.466
78 94 45.519
78 96 69.693
79 85 35.066
79 89 89.118
79 90 75.976
79 94 77.442
79 98 97.542
80 82 91.681
80 90 47.127
80 95 51.591
80 99 57.448
81 82 72.372
81 85 26.08
81 88 29.444
81 89 25.761
81 97 42.152
82 87 91.97
82 90 55.324
82 96 1.026
82 99 2.831
83 86 88.804
83 87 9.015
83 95 60.22
83 96 57.351
84 90 52.875
84 93 67.122
85 86 68.194
85 87 1.261
85 93 4.824
86 89 31.362
86 90 80.952
87 94 36.762
87 95 99.45
87 96 92.074
87 97 49.914
87 99 14.315
88 89 25.444
88 91 71.983
88 99 6.223
89 92 38.199
89 93 51.556
90 92 78.311
90 96 59.289
90 99 74.983
92 97 6.298
92 98 79.018
92 99 98.421
93 95 65.465
93 97 19.633
93 98 39.089
94 98 83.222
95 97 30.358
96 98 7.04