100
54 41 74.752
41 90 93.388
90 27 3.372
27 35 59.719
54 69 1.874
41 48 96.059
41 64 36.323
90 54 12.56
27 96 5.878
64 27 79.772
48 27 91.229
54 55 22.464
41 11 93.518
11 27 86.527
54 27 90.531
55 52 19.012
96 14 66.901
96 97 81.086
90 48 79.087
96 85 85.721
90 14 28.007
69 34 75.73
69 10 98.743
27 57 83.063
48 50 48.159
69 55 55.342
54 50 25.686
57 75 64.224
69 50 42.22
48 78 42.983
55 57 58.792
35 11 68.606
96 64 80.98
52 64 87.397
57 28 77.904
64 54 3.779
54 15 87.135
90 11 8.754
64 55 53.003
75 96 63.29
57 83 49.246
96 91 62.486
64 48 44.054
27 2 48.71
69 90 74.781
75 68 31.932
55 36 26.756
69 95 69.755
90 40 32.573
54 34 79.82
27 41 9.529
2 52 95.856
90 36 29.74
68 28 73.737
90 35 2.366
36 45 75.964
83 17 13.704
54 23 42.191
97 69 23.426
17 96 29.692
54 86 40.536
83 11 33.498
57 60 69.635
2 25 69.442
28 29 67.453
10 14 33.239
35 17 41.863
55 68 32.874
25 64 60.723
28 53 44.758
15 20 60.494
50 25 79.7
17 80 42.454
69 23 23.098
96 78 74.585
97 76 44.299
2 65 3.405
65 69 65.859
64 76 96.283
29 59 42.301
90 1 63.526
35 9 30.733
65 93 16.357
15 24 41.287
80 13 37.273
23 60 80.725
14 68 91.456
91 56 29.141
23 90 64.705
75 61 89.229
61 74 3.91
78 90 55.386
48 43 26.299
24 31 4.237
24 55 38.579
59 75 29.692
97 15 89.478
57 24 57.062
75 62 26.109
95 83 69.046
43 44 24.154
59 71 79.155
75 37 35.636
50 67 33.744
27 67 56.598
31 41 58.16
34 10 13.75
59 64 95.489
65 61 6.944
96 60 31.468
78 0 13.753
57 17 31.007
37 62 91.206
76 93 48.228
91 66 62.651
69 68 89.308
52 79 50.579
23 42 44.135
74 86 11.696
0 44 3.495
66 85 37.744
97 99 77.857
11 21 86.12
44 4 78.959
85 1 88.34
99 33 79.579
79 44 29.289
20 90 71.244
75 3 97.734
27 91 80.291
43 17 66.049
96 41 35.054
66 5 47.588
33 75 10.528
90 52 11.078
60 92 47.083
3 8 17.145
56 49 96.763
48 9 27.918
2 7 84.183
92 52 43.619
61 87 96.497
20 71 87.843
34 48 97.668
10 26 29.497
36 72 25.58
29 75 76.264
85 58 59.437
86 38 61.538
87 39 56.119
33 98 11.959
61 90 49.74
49 69 18.244
26 32 98.656
39 51 81.864
74 0 0.839
78 64 26.602
25 72 77.509
68 82 6.235
99 84 38.37
92 0 80.024
37 73 71.379
48 18 76.993
13 70 6.956
37 88 76.208
98 36 94.236
79 84 2.028
48 6 14.678
38 63 69.611
42 16 93.162
66 30 47.999
56 2 88.375
4 46 14.564
76 23 5.851
42 77 37.542
45 63 92.543
84 22 62.901
78 84 67.499
31 85 32.098
0 94 86.259
97 81 15.124
48 89 65.978
82 65 20.633
58 47 78.944
23 19 48.843
46 12 35.661
