51
0 1 3.7
1 4 1.0
1 5 8.8
1 3 17.0
1 11 14.0
1 8 1.3
8 12 27.0
8 4 3.8
5 12 19
4 10 46.3
6 5 20.7
4 6 7.6
0 9 16
2 9 7.5
2 4 8.9
4 7 5.4
5 10 31.69
13 16 35.99
13 20 50.9
13 15 24.0
14 38 45.0
14 24 14.89
15 49 31.0
15 50 98.0
28 33 38.0
0 50 19.0
36 27 67.67
38 43 87.0
33 23 4.0
19 29 10.0
17 30 49.67
17 28 45.34
18 14 25
18 22 30
18 50 5.0
20 37 5.0
21 39 51.0
21 0 5.0
25 33 10.0
25 46 22.55
26 28 45.0
26 19 28.0
29 50 31.67
30 1 27.0
31 44 5.75
31 24 55.78
32 39 4.65
32 4 9.99
34 41 31.99
34 50 29.87
35 2 10.0
35 6 11.9
35 19 10.5
35 28 11.6
36 40 12.9
36 50 13.9
36 17 42.0
37 3 24.56
37 4 30.65
37 18 15.44
37 19 10.0
37 25 16.0
38 47 14.88
38 2 28.99
38 34 39.0
40 41 49.89
40 45 34.56
40 4 47.89
40 43 69.99
42 44 47.99
42 13 13.99
42 17 19.99
42 30 37.0
45 48 33.33
45 24 13.90
46 47 19.99
46 20 20.78
48 49 3.33
48 50 31.33
48 33 23.85
48 13 9.45
48 23 3.33
50 2 34.78
50 17 25.66
50 6 88.33
50 13 86.45
7 29 33.78
22 23 95.0
26 27 67.0
