99
0 1 4.318
0 2 4.49
0 3 5.987
0 4 6.232
0 5 4.883
0 6 6.033
0 7 5.346
0 8 5.955
0 9 3.379
0 10 4.718
0 11 6.442
0 12 5.264
0 13 4.765
0 14 3.709
0 15 5.159
0 16 5.451
0 17 4.144
0 18 5.531
0 19 4.988
0 20 4.511
0 21 5.183
0 22 5.711
0 23 2.998
0 24 3.946
0 25 6.218
0 26 4.785
0 27 7.133
0 28 3.572
0 29 6.468
0 30 5.294
0 31 3.598
0 32 4.697
0 33 2.693
0 34 2.848
1 2 5.808
1 3 4.845
1 4 4.86
1 5 4.473
1 6 4.808
1 7 5.516
1 8 5.691
1 9 5.318
1 10 4.847
1 11 5.312
1 12 3.457
1 13 6.653
1 14 5.671
1 15 6.42
1 16 4.727
1 17 4.433
1 18 5.47
1 19 5.031
1 20 4.297
1 21 6.596
1 22 4.803
1 23 5.553
1 24 5.499
1 25 5.341
1 26 4.669
1 27 5.981
1 28 5.251
1 29 4.601
1 30 4.479
1 31 4.141
1 32 5.43
1 35 4.689
1 36 0.99
2 3 5.37
2 4 3.397
2 5 5.352
2 6 4.885
2 7 6.449
2 8 6.037
2 9 5.638
2 10 4.816
2 11 4.899
2 12 5.973
2 13 4.825
2 14 3.034
2 15 4.072
2 16 3.669
2 17 5.973
2 18 4.551
2 19 4.314
2 20 5.022
2 21 5.957
2 22 5.251
2 23 5.147
2 24 4.731
2 25 5.385
2 26 4.748
2 27 5.524
2 28 6.609
2 29 3.243
2 30 5.518
2 31 5.075
2 32 5.807
2 37 3.66
2 38 2.224
3 4 5.251
3 5 4.928
3 6 4.752
3 7 4.575
3 8 5.017
3 9 3.116
3 10 5.767
3 11 4.841
3 12 4.383
3 13 5.491
3 14 5.371
3 15 4.457
3 16 4.947
3 17 5.467
3 18 6.05
3 19 5.741
3 20 4.705
3 21 4.227
3 22 6.15
3 23 3.945
3 24 3.828
3 25 4.56
3 26 5.073
3 27 6.513
3 28 4.841
3 29 5.601
3 30 3.831
3 31 5.342
3 32 4.947
3 39 3.727
3 40 2.779
4 5 3.162
4 6 6.098
4 7 3.797
4 8 5.875
4 9 4.783
4 10 4.697
4 11 4.235
4 12 5.116
4 13 4.169
4 14 5.293
4 15 3.704
4 16 4.479
4 17 4.678
4 18 6.112
4 19 5.245
4 20 4.996
4 21 3.175
4 22 3.228
4 23 5.185
4 24 5.469
4 25 5.594
4 26 3.995
4 27 5.618
4 28 5.68
4 29 4.68
4 30 5.766
4 31 2.332
4 32 4.715
4 41 3.971
4 42 4.586
5 6 5.012
5 7 5.089
5 8 4.363
5 9 5.864
5 10 5.255
5 11 4.672
5 12 4.355
5 13 4.719
5 14 4.082
5 15 5.24
5 16 4.467
5 17 4.648
5 18 5.776
5 19 5.274
5 20 5.494
5 21 4.464
5 22 3.505
5 23 5.206
5 24 4.034
5 25 5.313
5 26 4.975
5 27 4.764
5 28 3.637
5 29 2.376
5 30 5.085
5 31 5.271
5 32 5.103
5 43 1.978
5 44 3.203
6 7 6.08
6 8 5.722
6 9 4.734
6 10 5.186
6 11 4.564
6 12 4.058
6 13 3.664
6 14 4.724
6 15 7.733
6 16 5.153
6 17 5.623
6 18 5.822
6 19 4.208
6 20 4.895
6 21 5.86
6 22 4.842
6 23 4.907
6 24 5.731
6 25 4.653
6 26 3.797
6 27 5.152
6 28 4.718
6 29 4.766
6 30 3.925
6 31 5.233
6 32 5.339
6 45 3.246
6 46 3.22
7 8 4.597
7 9 4.021
7 10 3.614
7 11 5.057
7 12 5.38
7 13 5.317
7 14 5.038
7 15 5.263
7 16 6.517
7 17 4.343
7 18 4.635
7 19 5.066
7 20 6.033
7 21 5.664
7 22 4.9
7 23 4.803
7 24 6.355
7 25 3.422
7 26 3.679
7 27 3.201
7 28 5.452
7 29 5.957
7 30 3.213
7 31 5.21
7 32 5.24
7 47 2.93
7 48 2.655
8 9 3.971
8 10 3.724
8 11 6.841
8 12 3.805
8 13 6.172
8 14 6.397
8 15 4.497
8 16 4.031
8 17 5.202
8 18 4.959
8 19 6.176
8 20 5.175
8 21 3.647
8 22 4.707
8 23 3.47
8 24 7.005
8 25 4.943
8 26 4.418
8 27 6.048
8 28 3.878
8 29 7.056
8 30 6.535
8 31 6.718
8 32 3.578
8 49 2.484
8 50 2.836
9 10 5.468
9 11 4.035
9 12 5.182
9 13 4.759
9 14 4.319
9 15 4.971
9 16 6.56
9 17 4.359
9 18 5.57
9 19 5.132
9 20 4.973
9 21 6.142
9 22 5.519
9 23 6.245
9 24 6.494
9 25 5.262
9 26 4.783
9 27 5.046
9 28 5.285
9 29 4.806
9 30 5.879
9 31 3.234
9 32 4.889
9 51 2.928
9 52 4.012
10 11 5.543
10 12 6.458
10 13 6.31
10 14 4.731
10 15 5.204
10 16 3.701
10 17 7.635
10 18 6.466
10 19 6.409
10 20 4.989
10 21 4.838
10 22 4.789
10 23 7.753
10 24 4.37
10 25 5.975
10 26 5.179
10 27 6.214
10 28 3.38
10 29 5.511
10 30 5.139
10 31 4.804
10 32 4.984
10 53 4.071
10 54 3.277
11 12 3.703
11 13 5.76
11 14 5.519
11 15 5.438
11 16 5.989
11 17 4.085
11 18 5.236
11 19 2.983
11 20 5.291
11 21 5.328
11 22 6.494
11 23 4.601
11 24 6.755
11 25 3.525
11 26 5.369
11 27 6.111
11 28 4.239
11 29 4.89
11 30 5.401
11 31 3.921
11 32 4.487
11 55 3.413
11 56 2.803
12 13 4.508
12 14 5.21
12 15 5.442
12 16 5.922
12 17 6.584
12 18 4.768
12 19 5.366
12 20 3.857
12 21 5.77
12 22 5.565
12 23 4.82
12 24 4.249
12 25 6.005
12 26 5.148
12 27 5.101
12 28 5.345
12 29 6.577
12 30 4.506
12 31 4.916
12 32 5.64
12 57 2.734
12 58 4.256
13 14 5.385
13 15 4.969
13 16 5.229
13 17 5.941
13 18 5.547
13 19 3.756
13 20 6.222
13 21 5.098
13 22 3.665
13 23 6.489
13 24 3.997
13 25 5.05
13 26 5.238
13 27 3.272
13 28 4.907
13 29 3.723
13 30 3.63
13 31 5.838
13 32 4.179
13 59 1.236
13 60 2.861
14 15 5.589
14 16 4.369
14 17 6.603
14 18 5.352
14 19 4.162
14 20 3.793
14 21 5.291
14 22 5.958
14 23 3.796
14 24 4.92
14 25 7.672
14 26 4.95
14 27 6.136
14 28 4.55
14 29 5.666
14 30 5.21
14 31 6.246
14 32 3.099
14 61 2.134
14 62 2.263
15 16 4.799
15 17 5.112
15 18 4.708
15 19 5.153
15 20 3.924
15 21 5.002
15 22 4.097
15 23 4.587
15 24 5.676
15 25 3.02
15 26 3.669
15 27 3.928
15 28 5.685
15 29 5.274
15 30 4.754
15 31 4.815
15 32 4.226
15 63 3.222
15 64 3.534
16 17 5.476
16 18 4.081
16 19 7.154
16 20 5.952
16 21 4.517
16 22 5.078
16 23 4.675
16 24 4.157
16 25 6.028
16 26 4.85
16 27 5.2
16 28 4.119
16 29 3.741
16 30 4.767
16 31 3.563
16 32 5.56
16 65 3.071
16 66 4.562
17 18 6.295
17 19 4.341
17 20 3.483
17 21 5.374
17 22 5.145
17 23 4.245
17 24 4.697
17 25 4.063
17 26 5.427
17 27 4.329
17 28 4.518
17 29 4.273
17 30 4.913
17 31 4.938
17 32 5.163
17 67 2.936
17 68 2.871
18 19 6.52
18 20 3.646
18 21 3.964
18 22 5.164
18 23 5.477
18 24 4.288
18 25 6.26
18 26 6.11
18 27 5.455
18 28 3.995
18 29 5.064
18 30 5.809
18 31 4.947
18 32 4.902
18 69 4.093
18 70 2.677
19 20 5.316
19 21 3.779
19 22 5.501
19 23 4.135
19 24 4.986
19 25 5.221
19 26 5.394
19 27 4.519
19 28 4.907
19 29 5.693
19 30 5.566
19 31 5.084
19 32 5.892
19 71 4.116
19 72 1.767
20 21 3.734
20 22 5.233
20 23 5.485
20 24 6.364
20 25 2.798
20 26 4.235
20 27 5.387
20 28 3.407
20 29 3.651
20 30 5.505
20 31 4.083
20 32 6.091
20 73 3.485
20 74 3.658
21 22 4.242
21 23 5.727
21 24 4.437
21 25 4.344
21 26 4.551
21 27 5.468
21 28 5.675
21 29 6.359
21 30 4.722
21 31 3.778
21 32 6.125
21 75 2.889
21 76 3.153
22 23 4.459
22 24 5.041
22 25 2.739
22 26 4.91
22 27 5.082
22 28 5.84
22 29 5.942
22 30 5.74
22 31 4.875
22 32 2.556
22 77 4.122
22 78 2.913
23 24 5.112
23 25 4.527
23 26 6.099
23 27 4.549
23 28 4.388
23 29 6.937
23 30 4.599
23 31 5.982
23 32 2.223
23 79 4.608
23 80 2.658
24 25 2.308
24 26 4.92
24 27 3.805
24 28 4.181
24 29 4.708
24 30 4.235
24 31 6.116
24 32 6.402
24 81 2.296
24 82 2.925
25 26 6.418
25 27 4.317
25 28 4.86
25 29 3.209
25 30 6.706
25 31 4.172
25 32 4.405
25 83 2.646
25 84 4.248
26 27 4.618
26 28 4.933
26 29 5.199
26 30 5.854
26 31 5.637
26 32 2.56
26 85 3.307
26 86 1.773
27 28 3.856
27 29 3.857
27 30 4.621
27 31 6.795
27 32 5.467
27 87 4.018
27 88 2.531
28 29 2.545
28 30 6.768
28 31 5.231
28 32 6.344
28 89 2.098
28 90 4.745
29 30 6.456
29 31 3.735
29 32 5.78
29 91 4.038
29 92 2.881
30 31 6.207
30 32 6.493
30 93 4.135
30 94 3.563
31 32 3.906
31 95 3.789
31 96 3.07
32 97 2.356
32 98 3.35
33 35 1.565
34 36 3.136
37 39 3.992
38 40 4.37
41 43 2.798
42 44 4.675
45 47 2.594
46 48 3.171
49 51 3.095
50 52 2.221
53 55 3.022
54 56 2.247
57 59 4.037
58 60 2.255
61 63 2.653
62 64 3.899
65 67 3.998
66 68 3.203
69 71 2.258
70 72 2.745
73 75 5.029
74 76 2.389
77 79 1.533
78 80 4.34
81 83 3.431
82 84 3.412
85 87 2.214
86 88 2.955
89 91 3.863
90 92 1.623
93 95 2.994
94 96 3.114