99
0 1 5.645
0 2 7.787
0 3 6.483
0 4 4.982
0 5 5.337
0 6 5.231
0 7 5.031
0 8 3.868
0 9 4.546
0 10 3.915
0 11 5.159
0 12 5.712
0 13 4.486
0 14 4.609
0 15 5.402
0 16 5.589
0 17 3.74
0 18 4.216
0 19 4.212
0 20 5.578
0 21 5.547
0 22 4.298
0 23 4.517
0 24 4.475
0 25 6.462
0 26 4.962
0 27 4.987
0 28 6.129
0 29 5.62
0 30 3.602
0 31 6.22
0 32 4.569
0 33 4.277
0 34 2.868
1 2 4.792
1 3 5.239
1 4 6.708
1 5 2.96
1 6 6.311
1 7 3.69
1 8 3.773
1 9 5.632
1 10 3.564
1 11 4.501
1 12 4.361
1 13 3.891
1 14 6.825
1 15 4.885
1 16 5.722
1 17 6.948
1 18 6.67
1 19 5.672
1 20 5.167
1 21 3.045
1 22 5.299
1 23 5.128
1 24 5.768
1 25 4.841
1 26 4.217
1 27 4.385
1 28 6.665
1 29 5.566
1 30 2.947
1 31 3.941
1 32 5.264
1 35 2.428
1 36 1.548
2 3 3.664
2 4 4.677
2 5 6.082
2 6 7.127
2 7 1.946
2 8 2.843
2 9 4.58
2 10 6.119
2 11 4.296
2 12 4.624
2 13 3.922
2 14 6.218
2 15 5.639
2 16 5.601
2 17 5.899
2 18 5.115
2 19 5.495
2 20 4.798
2 21 4.703
2 22 4.667
2 23 5.043
2 24 4.39
2 25 4.402
2 26 4.876
2 27 5.816
2 28 5.116
2 29 6.105
2 30 6.268
2 31 5.34
2 32 4.663
2 37 3.921
2 38 3.179
3 4 5.449
3 5 4.02
3 6 4.599
3 7 4.023
3 8 6.046
3 9 5.511
3 10 4.119
3 11 5.095
3 12 4.229
3 13 5.541
3 14 5.954
3 15 3.714
3 16 4.734
3 17 5.844
3 18 4.007
3 19 2.675
3 20 5.004
3 21 4.597
3 22 5.653
3 23 3.863
3 24 5.087
3 25 5.542
3 26 1.656
3 27 3.844
3 28 3.651
3 29 3.994
3 30 5.75
3 31 4.768
3 32 5.161
3 39 2.146
3 40 2.039
4 5 2.777
4 6 5.905
4 7 5.001
4 8 6.314
4 9 3.901
4 10 3.803
4 11 6.299
4 12 4.141
4 13 4.96
4 14 3.352
4 15 8.299
4 16 6.088
4 17 4.958
4 18 4.935
4 19 5.982
4 20 4.073
4 21 5.05
4 22 5.898
4 23 5.854
4 24 3.251
4 25 3.513
4 26 7.024
4 27 5.76
4 28 5.973
4 29 4.885
4 30 5.447
4 31 5.856
4 32 5.948
4 41 1.927
4 42 3.623
5 6 4.589
5 7 4.678
5 8 4.695
5 9 4.684
5 10 5.917
5 11 3.578
5 12 3.901
5 13 6.044
5 14 3.631
5 15 6.314
5 16 4.725
5 17 4.785
5 18 5.213
5 19 4.109
5 20 4.721
5 21 5.705
5 22 6.155
5 23 5.474
5 24 5.074
5 25 5.054
5 26 4.845
5 27 6.349
5 28 5.188
5 29 5.018
5 30 6.66
5 31 4.971
5 32 5.083
5 43 2.769
5 44 3.356
6 7 5.942
6 8 3.912
6 9 4.151
6 10 5.548
6 11 4.171
6 12 5.71
6 13 4.193
6 14 5.694
6 15 4.438
6 16 5.986
6 17 4.85
6 18 2.991
6 19 4.502
6 20 4.306
6 21 5.208
6 22 5.579
6 23 6.201
6 24 4.347
6 25 4.609
6 26 4.322
6 27 5.805
6 28 6.092
6 29 3.052
6 30 5.67
6 31 4.827
6 32 4.964
6 45 3.917
6 46 4.228
7 8 4.861
7 9 6.123
7 10 4.379
7 11 5.023
7 12 5.673
7 13 5.173
7 14 6.086
7 15 4.593
7 16 4.857
7 17 4.075
7 18 6.146
7 19 6.909
7 20 6.448
7 21 5.322
7 22 4.325
7 23 6.106
7 24 3.617
7 25 3.112
7 26 6.175
7 27 7.382
7 28 3.436
7 29 4.152
7 30 4.75
7 31 6.398
7 32 4.928
7 47 4.111
7 48 2.95
8 9 6.655
8 10 4.828
8 11 4.044
8 12 5.227
8 13 6.249
8 14 4.157
8 15 6.082
8 16 4.516
8 17 5.224
8 18 3.309
8 19 4.569
8 20 5.443
8 21 4.348
8 22 2.945
8 23 5.824
8 24 4.9
8 25 3.349
8 26 5.724
8 27 5.357
8 28 3.984
8 29 5.295
8 30 6.442
8 31 3.664
8 32 5.675
8 49 2.437
8 50 1.948
9 10 6.071
9 11 6.012
9 12 4.488
9 13 6.142
9 14 5.146
9 15 6.632
9 16 5.921
9 17 4.923
9 18 5.002
9 19 3.92
9 20 2.599
9 21 4.234
9 22 3.337
9 23 6.068
9 24 4.251
9 25 4.545
9 26 4.616
9 27 4.463
9 28 6.146
9 29 4.298
9 30 6.114
9 31 5.46
9 32 3.339
9 51 1.942
9 52 3.154
10 11 6.629
10 12 5.097
10 13 4.983
10 14 6.308
10 15 4.677
10 16 6.238
10 17 5.919
10 18 4.697
10 19 4.037
10 20 5.4
10 21 4.375
10 22 5.666
10 23 3.368
10 24 4.608
10 25 3.263
10 26 3.659
10 27 4.861
10 28 4.225
10 29 6.223
10 30 6.244
10 31 5.363
10 32 5.468
10 53 2.807
10 54 3.111
11 12 4.676
11 13 3.868
11 14 3.541
11 15 5.502
11 16 5.125
11 17 3.904
11 18 5.945
11 19 5.531
11 20 5.359
11 21 5.392
11 22 6.019
11 23 5.314
11 24 3.391
11 25 4.251
11 26 4.383
11 27 4.756
11 28 4.048
11 29 4.564
11 30 4.041
11 31 5.345
11 32 3.246
11 55 3.6
11 56 2.683
12 13 5.233
12 14 3.357
12 15 5.648
12 16 4.326
12 17 4.592
12 18 4.36
12 19 4.788
12 20 5.211
12 21 5.07
12 22 5.944
12 23 3.799
12 24 5.503
12 25 5.077
12 26 5.01
12 27 3.717
12 28 6.292
12 29 4.943
12 30 4.919
12 31 4.995
12 32 6.208
12 57 3.417
12 58 3.019
13 14 5.235
13 15 4.935
13 16 5.031
13 17 4.429
13 18 5.608
13 19 4.531
13 20 4.632
13 21 4.217
13 22 5.531
13 23 3.923
13 24 4.447
13 25 5.742
13 26 5.497
13 27 3.436
13 28 5.654
13 29 3.687
13 30 3.045
13 31 2.944
13 32 4.19
13 59 2.463
13 60 2.685
14 15 4.395
14 16 5.732
14 17 3.709
14 18 5.966
14 19 5.176
14 20 5.555
14 21 4.681
14 22 5.139
14 23 5.152
14 24 3.694
14 25 3.465
14 26 6.958
14 27 5.931
14 28 3.914
14 29 2.402
14 30 5.692
14 31 5.965
14 32 3.721
14 61 3.603
14 62 1.914
15 16 5.197
15 17 5.738
15 18 3.781
15 19 4.888
15 20 4.576
15 21 4.306
15 22 5.799
15 23 6.344
15 24 5.207
15 25 6.358
15 26 4.447
15 27 5.562
15 28 1.136
15 29 5.467
15 30 4.382
15 31 5.19
15 32 4.949
15 63 1.533
15 64 3.443
16 17 5.227
16 18 5.897
16 19 4.325
16 20 5.641
16 21 4.235
16 22 3.969
16 23 4.197
16 24 4.67
16 25 4.624
16 26 5.276
16 27 4.274
16 28 5.429
16 29 5.098
16 30 6.83
16 31 4.942
16 32 4.507
16 65 0.532
16 66 3.569
17 18 4.368
17 19 5.582
17 20 5.125
17 21 3.912
17 22 6.267
17 23 4.242
17 24 5.889
17 25 4.175
17 26 6.522
17 27 5.917
17 28 3.801
17 29 4.863
17 30 3.429
17 31 4.224
17 32 6.435
17 67 1.081
17 68 4.126
18 19 4.272
18 20 3.801
18 21 4.922
18 22 7.22
18 23 5.928
18 24 4.844
18 25 3.308
18 26 5.348
18 27 4.741
18 28 4.396
18 29 6.046
18 30 5.795
18 31 3.447
18 32 5.503
18 69 4.157
18 70 4.921
19 20 4.486
19 21 3.796
19 22 6.773
19 23 5.142
19 24 5.062
19 25 5.18
19 26 4.25
19 27 4.648
19 28 4.756
19 29 5.753
19 30 3.761
19 31 4.533
19 32 4.874
19 71 3.97
19 72 4.129
20 21 6.047
20 22 4.281
20 23 4.369
20 24 5.539
20 25 6.37
20 26 4.191
20 27 5.304
20 28 6.173
20 29 4.617
20 30 4.489
20 31 5.211
20 32 4.835
20 73 3.491
20 74 1.952
21 22 6.96
21 23 6.858
21 24 3.605
21 25 4.771
21 26 4.744
21 27 5.483
21 28 4.054
21 29 3.685
21 30 3.987
21 31 7.648
21 32 5.431
21 75 3.382
21 76 5.257
22 23 4.823
22 24 5.576
22 25 5.529
22 26 5.219
22 27 4.399
22 28 3.205
22 29 4.299
22 30 5.141
22 31 5.512
22 32 6.139
22 77 4.38
22 78 3.095
23 24 5.305
23 25 4.159
23 26 4.652
23 27 6.49
23 28 5.528
23 29 5.077
23 30 3.025
23 31 3.773
23 32 4.467
23 79 4.399
23 80 1.822
24 25 6.011
24 26 5.994
24 27 4.545
24 28 5.167
24 29 4.387
24 30 3.873
24 31 6.679
24 32 3.604
24 81 2.674
24 82 2.029
25 26 5.054
25 27 4.314
25 28 3.801
25 29 5.403
25 30 6.897
25 31 4.845
25 32 5.904
25 83 3.426
25 84 2.6
26 27 5.892
26 28 3.617
26 29 6.094
26 30 5.578
26 31 6.061
26 32 5.794
26 85 2.226
26 86 2.251
27 28 4.415
27 29 6.294
27 30 5.18
27 31 6.951
27 32 4.075
27 87 3.663
27 88 2.682
28 29 5.068
28 30 5.295
28 31 5.791
28 32 3.58
28 89 2.36
28 90 3.518
29 30 4.261
29 31 4.624
29 32 6.075
29 91 2.08
29 92 3.066
30 31 4.359
30 32 5.598
30 93 3.376
30 94 3.239
31 32 6.033
31 95 2.268
31 96 2.582
32 97 4.49
32 98 2.873
33 35 2.112
34 36 5.348
37 39 3.1
38 40 2.073
41 43 4.043
42 44 1.18
45 47 3.351
46 48 2.704
49 51 3.576
50 52 3.603
53 55 4.551
54 56 2.422
57 59 4.075
58 60 2.899
61 63 3.359
62 64 2.306
65 67 3.143
66 68 1.632
69 71 3.875
70 72 3.696
73 75 2.751
74 76 4.859
77 79 1.513
78 80 3.453
81 83 3.118
82 84 1.576
85 87 2.885
86 88 2.439
89 91 2.498
90 92 1.363
93 95 2.354
94 96 4.305