100
22 72 64.823
43 28 61.558
52 2 42.525
38 26 28.593
41 2 9.664
96 65 86.750
25 36 2.389
87 44 72.478
1 59 50.835
79 55 25.916
29 80 77.002
2 95 18.556
36 43 87.734
17 33 90.596
12 41 78.999
15 36 28.992
93 39 85.252
43 83 16.134
71 97 33.689
34 70 76.082
37 34 26.205
2 62 79.480
82 5 77.075
40 60 31.305
27 69 60.913
18 28 83.134
85 7 13.628
38 43 22.119
33 71 23.551
1 72 30.446
32 54 83.275
24 66 82.807
73 83 88.056
48 28 77.385
55 27 26.610
97 95 51.664
50 3 5.901
78 68 97.450
66 42 7.642
55 40 87.127
1 16 36.002
11 21 44.966
26 82 69.023
90 8 58.219
42 41 67.433
3 41 96.464
93 59 55.800
63 42 91.096
4 52 17.892
98 70 57.049
20 2 75.474
52 45 53.710
26 1 43.137
89 43 26.349
22 46 53.544
22 55 95.885
51 84 19.257
28 30 37.563
35 48 11.843
10 68 0.369
57 6 3.091
49 9 88.157
20 22 99.995
12 58 98.793
25 88 20.373
60 81 67.628
6 62 64.142
64 73 0.484
46 73 86.852
16 58 64.974
2 76 53.046
63 15 32.237
33 85 28.502
9 64 4.532
75 57 4.453
30 32 13.918
72 78 47.560
11 47 29.663
58 86 75.198
11 27 62.547
56 60 34.936
18 22 47.406
20 89 22.266
50 24 14.075
46 57 97.995
81 94 73.523
85 3 43.017
26 17 33.711
44 16 2.484
97 74 44.534
86 68 5.994
95 21 49.723
30 10 33.207
14 28 66.571
41 54 67.893
88 94 14.390
40 67 82.222
62 73 53.877
96 73 89.365
38 20 49.033
13 62 6.347
95 46 56.219
83 89 96.032
24 27 54.249
85 72 18.250
14 9 88.666
74 81 6.584
61 54 98.195
15 55 58.461
2 51 25.889
34 31 25.598
89 76 79.648
8 24 6.836
81 73 91.966
21 41 58.101
13 41 33.695
54 58 24.133
35 13 42.104
90 91 21.114
59 30 43.420
59 83 69.369
79 67 42.323
74 14 33.972
35 16 82.352
77 34 37.221
68 33 6.383
32 81 99.470
88 16 21.437
96 82 89.569
53 68 75.260
46 47 23.911
38 58 27.188
9 86 68.575
6 15 9.882
3 95 66.320
65 37 60.725
2 32 19.141
52 85 72.437
98 4 58.994
66 91 16.027
28 90 12.148
76 37 74.693
36 21 28.558
12 93 41.008
52 60 70.580
27 92 87.491
77 1 32.796
71 21 71.814
98 96 80.257
3 0 33.932
25 61 68.483
53 65 7.922
73 53 61.891
76 50 89.560
7 58 34.378
87 32 93.440
34 42 13.983
8 4 13.888
92 67 51.287
59 52 0.916
25 69 40.626
42 3 96.992
82 38 13.235
95 93 88.552
97 29 50.497
69 75 53.504
36 56 80.869
3 6 42.309
92 45 45.036
68 85 66.256
15 89 83.601
6 92 50.631
72 93 33.823
58 87 98.588
65 55 88.859
65 26 26.109
70 99 61.556
53 76 41.909
16 72 12.759
58 2 45.925
44 69 51.903
81 17 39.528
17 83 24.576
16 25 62.318
8 53 45.755
22 97 19.287
74 28 48.934
57 31 98.914
81 63 12.919
79 49 2.783
78 60 50.619
88 52 13.893
24 96 54.069
90 7 58.784
69 72 68.603
15 95 15.087
9 93 66.941
81 89 80.454
60 96 86.459
54 18 85.545
38 89 79.937
85 47 62.237
10 58 11.031
36 88 93.480
78 91 39.199
98 20 68.705
98 26 27.976
80 27 3.453
6 38 99.084
93 19 65.248
24 61 15.704
27 25 10.410
96 70 75.736
9 42 1.783
90 50 70.960
18 5 3.409
23 98 27.810
74 9 28.128
26 11 86.630
51 10 28.324
96 36 12.183
28 35 71.325
85 73 3.382
13 38 14.882
70 5 99.305
94 10 44.769
82 66 90.028
82 87 86.372
24 84 75.963
48 57 4.616
75 32 23.620
40 84 37.025
14 63 96.761
42 88 8.023
37 62 41.894
90 36 91.519
30 53 93.404
14 90 34.812
36 91 14.433
72 86 69.419
92 46 93.105
10 87 52.639
17 66 83.489
43 8 14.234
62 79 1.925
11 90 2.734
80 63 49.957
34 13 55.298
12 44 49.593
5 27 86.605
94 50 73.688
21 24 99.322
38 63 49.780
21 70 42.543
78 11 64.094
7 94 0.142
70 46 17.904
89 21 17.803
45 0 94.586
84 57 21.622
28 99 96.538
27 83 82.741
85 21 5.026
85 70 41.057
52 77 90.751
27 50 58.081
75 62 30.698
72 39 29.310
84 80 83.418
28 34 48.420
55 7 58.954
77 36 78.279
38 93 2.777
46 78 74.863
67 28 34.821
94 65 61.071
91 18 91.891
30 45 58.729
21 2 41.895
55 19 21.182
99 50 90.868
7 61 37.265
97 15 70.203
95 34 44.565
9 53 28.776
65 49 26.529
53 34 97.875
55 49 86.770
88 43 43.919
87 36 73.556
67 74 18.437
50 18 91.686
28 91 92.154
25 5 3.372
66 89 42.753
97 92 91.404
85 32 75.450
32 51 73.492
67 90 8.017
47 28 85.323
53 36 12.910
68 93 17.110
17 27 92.736
43 2 81.574
95 75 42.701
85 35 13.274
29 24 64.527
12 88 87.530
69 94 98.069
93 60 79.536
32 71 17.329
16 93 10.410
83 47 30.775
15 32 51.527
20 36 56.685
72 57 97.229
29 23 92.877
82 23 66.291
70 91 28.798
62 82 99.323
58 9 14.968
70 31 68.705
19 34 48.650
92 43 85.370
77 63 99.194
78 7 82.646
13 69 85.768
43 26 49.621
34 8 88.002
79 83 13.876
60 84 58.398
8 83 51.010
29 68 38.769
10 26 30.565
25 33 43.939
64 42 14.747
3 80 81.676
74 21 32.272
96 55 23.189
81 39 48.867
53 59 8.536
35 44 81.918
61 51 96.941
44 86 5.969
61 98 41.291
91 29 30.176
66 56 30.231
54 21 88.788
70 23 67.390
15 70 62.437
77 71 73.304
26 22 72.125
54 37 25.734
68 5 92.058
74 51 99.231
44 9 12.559
60 55 0.162
40 28 19.027
99 61 41.094
67 88 42.462
65 92 27.650
7 0 64.435
74 46 91.452
95 51 62.124
74 35 61.669
48 70 10.734
29 62 25.763
88 38 3.558
46 83 79.451
90 78 14.591
75 59 50.174
66 97 48.277
25 47 69.858
8 66 90.628
63 36 20.148
1 46 90.312
75 77 81.975
70 72 5.659
90 18 33.805
27 3 46.042
57 94 69.804
68 28 18.934
13 54 84.659
24 71 93.078
78 42 26.981
53 17 81.809
49 60 6.704
0 84 83.212
83 77 3.596
16 21 63.138
57 77 15.119
5 96 70.224
60 82 69.840
6 1 49.057
55 35 64.953
36 81 94.825
76 22 96.110
4 75 15.604
32 82 9.560
47 91 29.630
74 52 47.024
40 89 48.546
43 45 11.385
81 54 5.513
97 7 46.296
45 24 30.629
78 58 32.940
26 85 55.722
98 24 13.515
76 16 99.682
35 52 14.459
54 39 93.176
25 72 9.656
67 5 89.211
82 17 82.421
46 66 50.835
19 87 38.998
62 65 58.115
38 86 48.495
5 71 37.929
95 64 51.354
98 87 21.357
40 27 17.040
36 24 31.366
58 48 66.897
38 70 79.899
82 59 78.211
21 91 13.110
30 89 17.345
12 31 16.701
41 50 3.208
34 15 85.390
30 63 42.030
58 73 7.847
54 53 95.339
41 68 98.837
77 5 19.288
76 7 8.365
79 12 52.831
82 94 99.005
86 51 63.801
99 29 15.918
76 94 79.728
21 52 42.710
89 27 28.441
18 78 1.538
14 25 10.358
18 61 92.591
51 15 37.377
77 86 87.670
77 84 93.081
91 75 53.967
57 47 75.795
76 42 14.768
96 91 46.054
21 19 93.285
36 52 67.401
70 20 5.455
98 8 53.083
9 35 2.687
42 30 0.999
94 34 47.716
19 42 6.849
99 13 50.737
83 21 35.536
39 22 83.954
7 28 50.369
21 10 93.810
63 11 49.571
11 74 53.074
53 28 2.258
98 69 46.537
28 37 23.259
26 80 5.463
38 57 45.313
73 61 9.883
79 84 15.869
46 18 1.005
46 90 49.074
77 46 3.151
15 17 6.391
6 78 95.181
49 89 29.159
32 35 10.406
14 71 28.633
61 85 17.696
28 33 67.364
38 5 57.227
47 16 70.348
92 29 81.416
67 77 44.437
29 2 15.728
98 45 19.350
42 46 45.793
67 84 40.264
72 48 93.276
46 48 66.972
5 60 92.224
63 67 15.810
47 51 79.983
65 41 25.974
83 28 87.446
76 29 78.657
77 92 57.986
36 9 71.175
9 30 56.668
21 58 0.685
70 89 10.964
3 32 91.515
9 4 7.240
14 94 18.338
21 90 65.414
26 62 92.042
26 15 14.070
90 55 75.222
98 97 2.088
24 28 47.271
11 55 41.791
1 24 69.114
75 60 1.085
43 93 24.514
53 85 50.844
39 77 90.230
49 48 94.748
55 64 70.432
83 81 27.202
45 44 38.686
65 73 68.892
30 50 62.521
2 48 96.511
13 61 5.670
37 3 81.375
22 13 67.403
46 60 2.699
15 83 25.167
44 34 51.832
39 35 65.960
52 71 21.478
40 41 44.717
55 32 12.197
33 23 94.317
36 58 77.232
98 33 97.275
11 65 43.097
95 56 63.877
28 88 45.045
73 29 3.802
34 98 77.285
57 22 99.116
53 41 32.824
17 7 57.692
64 38 40.350
84 39 15.097
41 80 77.581
99 18 41.108
18 75 46.233
27 42 43.247
84 82 70.635
26 27 13.119
63 31 28.168
0 32 93.123
16 78 69.285
2 73 63.984
74 0 69.883
90 58 97.707
50 8 48.742
84 41 0.301
78 67 47.911
65 48 18.711
63 47 22.801
8 49 56.527
60 33 73.432
59 61 85.701
12 60 78.660
19 96 27.092
55 86 85.399
76 13 73.395
41 83 16.913
20 40 59.157
59 6 20.578
16 67 80.560
56 63 14.294
1 32 33.850
8 40 40.679
5 3 7.610
20 15 26.267
88 60 28.808
61 19 62.018
51 8 9.536
65 16 89.676
0 97 38.431
88 55 85.107
87 90 65.555
61 70 7.224
53 91 80.546
80 17 64.537
43 70 61.357
46 99 74.230
61 22 52.146
25 30 68.748
34 50 21.669
69 5 48.512
77 73 87.387
7 31 17.326
36 19 95.616
56 90 52.698
63 12 73.302
93 98 39.108
54 31 87.864
55 50 68.499
32 64 70.085
65 17 68.209
80 20 74.215
52 3 90.820
38 42 16.496
7 77 96.102
79 7 26.523
34 87 74.902
93 75 17.896
36 42 78.889
81 2 2.090
19 32 42.205
65 99 34.903
55 94 35.754
14 93 89.286
17 73 17.060
13 4 62.151
22 49 8.439
35 59 45.005
29 65 30.046
55 4 8.395
57 50 77.072
37 63 34.267
12 22 27.954
14 52 81.841
27 2 34.754
7 9 59.579
86 69 27.114
10 66 43.929
21 76 52.994
42 31 81.024
41 63 47.774
6 88 65.599
82 22 45.589
43 11 82.871
59 62 67.151
62 90 58.382
71 48 40.177
2 96 27.444
22 36 90.831
66 51 53.723
59 38 53.982
67 19 6.864
22 74 78.931
77 40 79.170
88 74 68.308
53 32 28.520
44 33 47.897
50 9 4.861
49 86 86.507
3 59 18.486
81 31 95.585
18 86 95.246
55 46 34.794
96 33 18.187
79 61 93.354
20 47 98.577
42 99 44.728
11 80 5.321
63 54 81.461
53 88 11.133
39 56 56.189
68 13 1.268
67 97 25.919
11 88 63.607
8 36 23.562
92 30 81.042
60 24 78.325
1 40 5.655
93 52 71.578
55 6 87.835
15 16 18.649
27 49 69.898
43 94 32.740
92 51 39.838
21 73 48.930
48 66 83.621
41 69 74.469
55 77 14.127
40 53 31.204
1 8 51.868
69 10 57.293
89 87 99.866
15 92 13.995
78 51 2.740
5 16 83.380
34 32 76.115
28 89 66.490
75 14 66.379
1 68 46.144
33 26 61.078
51 60 94.305
0 14 24.112
26 14 76.259
58 81 72.892
98 80 42.518
95 70 33.293
23 16 87.296
6 52 19.522
49 72 60.039
55 14 47.229
9 12 29.660
25 63 56.689
58 98 32.229
88 20 86.388
73 86 8.135
50 23 66.573
27 6 27.281
31 85 56.094
2 63 13.044
96 83 68.277
72 17 44.398
87 67 1.807
85 97 62.559
11 7 56.047
65 89 6.673
2 35 46.363
0 30 49.735
20 83 92.293
55 33 27.597
96 99 74.267
91 17 41.328
87 96 78.581
95 23 10.246
27 79 72.802
53 69 40.975
18 12 4.952
53 4 29.633
92 53 52.772
4 20 60.590
35 69 4.559
19 9 80.899
17 10 51.529
89 45 93.098
15 14 5.880
13 57 19.502
66 13 75.394
9 78 27.957
3 43 12.759
24 54 28.502
6 90 40.833
69 45 99.434
67 12 71.201
45 53 5.974
69 62 48.212
70 28 23.251
58 76 79.654
92 1 14.132
39 13 32.502
63 7 2.156
92 50 44.577
91 46 67.763
55 54 28.935
21 29 70.802
21 5 55.254
83 2 64.984
49 34 97.755
17 18 49.215
64 51 9.531
73 63 31.923
65 63 54.414
90 45 91.893
94 87 36.145
32 73 25.716
77 61 44.661
72 51 42.661
2 10 20.652
72 13 23.001
52 66 58.879
70 94 62.176
49 99 19.253
50 62 67.313
4 89 67.000
60 26 85.081
2 47 36.751
98 67 43.053
1 13 28.672
73 93 89.241
49 54 35.417
98 48 82.436
46 17 21.517
14 23 43.919
97 38 88.575
10 65 3.837
60 13 51.903
23 96 88.956
51 56 35.303
33 6 25.552
72 52 36.943
51 55 0.612
78 30 15.969
51 68 75.209
59 24 41.752
21 49 74.731
17 87 38.242
50 65 29.089
10 78 57.920
16 49 59.390
6 82 94.632
7 35 18.137
81 0 34.996
85 48 45.430
66 59 28.483
30 2 14.450
90 77 73.141
73 47 79.270
17 43 70.105
43 85 71.928
88 62 7.547
76 83 75.255
92 33 23.694
35 1 33.937
16 20 30.078
41 9 64.312
35 63 28.471
8 14 4.019
23 76 81.782
60 1 45.922
79 88 1.408
21 8 29.128
10 60 61.407
83 53 53.528
33 64 77.130
51 58 61.901
2 65 83.331
64 31 67.711
60 53 5.514
56 80 74.662
23 57 85.397
34 74 82.104
84 12 43.025
24 16 8.802
19 31 37.041
27 45 64.666
68 30 93.056
39 94 43.406
99 33 93.071
49 24 73.954
5 61 50.348
60 36 98.798
13 98 16.408
39 99 8.678
40 18 93.068
63 27 59.177
73 68 10.840
40 48 99.305
40 51 5.909
9 45 47.685
19 73 58.003
11 14 49.945
58 1 30.620
20 92 84.768
9 89 8.477
79 34 84.945
62 63 16.304
26 76 5.148
63 72 70.893
86 41 99.287
77 38 81.520
29 26 6.013
59 46 34.638
96 37 78.585
19 2 56.736
39 75 50.108
69 74 57.787
30 71 11.193
35 71 87.041
33 21 1.764
96 31 69.150
91 34 75.058
77 99 55.176
25 93 92.075
84 27 71.482
45 62 11.452
42 67 50.654
49 52 42.520
20 0 51.059
61 46 97.422
25 56 77.383
78 74 92.389
51 52 65.050
58 0 73.781
56 6 26.250
50 58 55.417
44 43 28.604
36 7 14.957
3 67 56.339
30 6 23.652
37 22 59.547
85 1 85.486
99 2 61.965
61 53 1.568
99 94 36.938
94 60 85.745
35 66 61.058
98 71 12.321
0 42 14.324
56 50 78.475
45 66 27.746
44 70 85.870
48 88 70.549
62 47 62.555
77 60 49.646
86 52 52.008
18 41 55.027
96 43 70.647
59 19 4.348
39 26 91.772
74 93 69.657
30 19 3.005
54 94 58.508
71 12 62.055
29 28 99.581
40 25 92.462
39 76 99.873
55 72 95.029
14 49 28.789
77 53 11.434
36 45 74.428
44 71 69.906
2 25 0.402
14 10 25.761
41 33 54.421
35 79 79.810
98 55 10.966
98 63 37.583
85 55 22.693
77 51 71.122
80 79 49.070
7 6 39.245
48 4 91.569
57 62 41.512
78 21 45.283
26 9 65.956
21 45 60.732
91 87 20.545
96 69 6.187
45 19 43.482
40 32 64.857
69 59 6.468
45 74 43.522
99 14 5.433
79 18 73.874
74 29 0.437
98 22 45.461
62 72 30.707
59 0 64.132
37 29 69.281
7 48 88.336
54 51 84.215
93 4 22.055
99 86 85.998
17 63 99.987
53 35 66.413
35 17 78.654
96 51 73.713
24 37 26.625
32 29 20.509
73 7 91.888
86 80 91.148
51 46 81.963
25 71 11.259
27 15 37.486
90 34 23.829
82 72 47.585
31 0 19.839
63 46 35.421
25 70 5.494
31 4 88.724
46 98 23.184
63 82 38.055
92 49 54.579
23 64 87.908
91 6 4.998
12 3 51.657
43 24 47.547
8 35 92.312
52 22 89.773
73 90 68.144
68 15 35.246
52 80 34.940
82 40 29.237
6 70 94.147
14 88 20.148
99 60 18.039
19 75 80.249
87 35 77.069
81 19 40.339
25 86 72.229
44 61 42.533
7 16 63.702
26 88 19.862
45 12 39.403
73 20 20.020
44 68 40.916
15 41 18.614
39 55 99.981
80 43 40.042
94 3 36.076
19 65 78.295
98 79 11.694
96 50 29.773
51 79 49.122
87 26 52.694
94 27 46.557
97 47 30.953
15 22 56.074
40 68 70.720
71 94 85.654
7 75 1.113
39 19 84.924
86 89 92.889
9 92 2.230
80 28 94.112
36 85 47.660
40 79 29.034
1 99 64.140
89 0 55.253
57 60 88.924
60 2 91.992
90 47 4.608
55 67 9.631
4 32 47.289
41 88 5.815
97 73 68.093
66 23 4.957
59 8 80.857
15 28 89.232
1 7 29.289
34 9 70.238
21 47 81.966
28 31 95.689
86 15 87.999
33 45 21.468
69 63 9.854
85 81 28.706
18 32 1.339
42 84 17.427
37 84 60.962
62 20 34.872
66 81 11.442
99 4 35.233
79 94 22.650
59 90 3.764
34 92 12.043
56 49 19.289
21 66 85.399
51 44 30.332
70 93 14.847
84 43 70.476
23 90 86.369
15 79 87.209
1 3 99.909
67 13 81.763
95 67 66.974
45 11 26.565
52 18 82.909
87 12 74.858
40 69 4.859
96 80 64.620
61 93 66.721
47 64 17.918
7 57 69.081
51 22 74.702
8 80 93.734
67 81 17.229
71 53 8.402
71 13 62.439
72 28 30.803
51 41 92.870
10 5 72.859
4 71 92.113
76 52 15.895
18 43 79.857
73 50 72.814
13 27 12.423
67 34 6.806
83 98 95.878
40 85 31.765
65 27 38.360
10 20 79.886
4 30 15.378
13 70 24.727
18 89 6.772
77 10 41.288
24 2 44.552
48 18 90.265
69 12 49.492
51 29 82.754
69 36 67.126
85 12 54.620
36 74 4.852
24 4 64.587
95 58 65.250
42 91 84.780
68 37 96.734
59 2 89.569
92 0 77.909
49 53 71.377
29 61 69.058
67 17 31.361
79 8 12.837
2 87 78.697
59 97 62.151
68 12 86.815
34 21 24.740
59 5 57.381
39 85 32.792
38 44 49.062
95 16 23.628
33 40 10.258
28 77 12.365
43 72 15.195
73 75 67.928
85 10 95.886
22 86 18.402
44 78 7.187
74 44 72.739
66 6 92.553
4 15 52.626
75 81 97.176
61 2 35.441
27 43 99.463
22 99 40.310
67 54 56.050
56 9 7.311
14 6 61.628
60 97 82.366
79 11 90.404
67 26 30.962
83 35 36.442
89 50 67.597
53 57 54.738
2 64 24.389
68 71 5.585
26 13 13.489
4 40 64.279
78 3 51.159
59 88 83.610
39 9 42.957
57 39 21.988
45 35 63.838
22 16 33.341
51 43 71.959
45 2 62.722
72 65 76.186
42 69 92.740
15 93 93.533
19 91 75.127
94 11 89.548
63 26 75.244
54 36 22.923
3 96 11.964
60 11 78.438
21 44 61.827
3 60 92.973
29 11 35.768
40 7 94.985
51 65 8.105
62 53 57.640
76 27 40.596
17 6 86.488
28 55 5.420
90 81 48.176
10 53 51.109
3 2 53.863
11 18 55.642
98 29 42.473
18 63 25.931
22 91 55.818
19 0 77.893
82 52 19.225
90 43 19.006
5 76 30.734
59 42 60.279
84 17 99.625
79 24 70.326
80 22 75.721
64 61 70.574
50 78 94.348
2 31 73.523
29 15 35.359
80 40 16.756
8 94 62.615
60 32 98.980
46 13 38.048
56 59 42.372
67 1 78.858
8 29 75.120
83 5 44.226
88 65 2.500
34 88 78.201
63 24 92.841
12 20 78.908
10 12 70.845
84 94 5.548
86 94 46.040
68 34 34.613
80 68 87.147
46 94 2.007
34 24 81.326
40 2 87.123
19 63 25.281
27 68 71.479
12 53 56.925
56 34 38.471
83 1 82.134
41 6 64.605
23 9 62.115
4 1 90.664
36 2 99.639
19 37 87.261
51 14 47.288
72 81 64.143
18 56 79.161
65 36 2.433
96 28 35.186
51 62 12.193
82 68 99.380
21 81 65.139
10 25 90.821
66 41 23.056
21 75 70.676
20 32 74.221
8 70 14.929
3 86 52.616
61 1 24.018
97 19 33.212
38 34 25.571
89 64 15.611
5 74 25.372
45 75 1.941
78 43 1.664
89 16 56.474
95 29 92.598
38 24 53.060
38 56 30.387
93 89 78.794
55 68 98.528
37 56 30.530
92 3 72.795
62 27 5.803
8 37 35.676
79 4 36.684
4 72 59.521
94 52 52.298
39 23 66.418
36 75 41.912
49 90 86.724
45 93 60.117
16 75 25.513
34 97 91.524
72 56 48.476
1 28 96.301
64 63 15.517
31 18 30.146
51 19 61.888
24 47 48.312
73 67 0.024
6 75 0.496
42 54 39.657
85 17 92.261
51 85 58.472
99 66 74.301
70 75 82.238
62 92 73.708
71 16 67.245
97 61 60.257
6 58 81.344
29 60 23.582
19 62 12.045
88 21 5.397
97 6 97.457
41 91 29.845
20 7 25.400
48 39 7.987
76 74 81.454
34 6 15.772
61 72 85.183
26 5 88.634
2 22 60.102
17 95 41.839
57 29 82.527
73 45 28.322
9 11 51.497
31 21 47.502
2 98 39.913
29 6 80.058
26 6 8.005
80 87 27.131
32 48 21.290
99 64 48.042
37 58 49.863
53 26 13.258
76 64 54.498
3 26 94.671
71 89 97.506
28 32 4.478
95 82 49.494
95 80 80.559
6 71 71.448
84 81 91.640
54 43 38.817
43 75 82.732
1 49 78.437
0 68 50.303
44 82 22.600
90 32 79.268
65 20 82.934
25 82 98.051
40 90 94.098
11 33 6.715
97 53 4.800
98 50 25.172
37 98 74.287
66 36 23.519
58 44 33.029
81 53 99.612
98 77 89.557
77 14 23.248
2 75 19.147
24 94 17.276
64 50 24.647
18 83 53.809
6 24 95.312
68 42 92.449
41 71 95.613
59 95 94.045
38 69 59.477
62 15 83.383
30 3 29.093
66 75 16.582
42 70 69.280
44 59 26.498
75 9 35.287
62 28 18.191
41 8 68.873
6 31 20.242
34 54 42.353
37 52 71.375
23 92 2.833
79 66 56.990
12 62 48.820
22 83 85.858
15 13 2.961
16 37 80.070
70 82 10.115
18 9 47.251
87 46 51.196
43 59 83.822
93 81 61.155
2 56 54.979
11 5 2.974
7 71 18.265
64 7 52.489
31 59 19.340
95 36 63.451
22 71 19.562
38 18 70.658
8 72 84.733
2 18 68.756
17 58 43.740
69 77 38.780
81 61 11.740
35 31 23.756
8 65 2.369
16 45 31.179
94 66 63.441
31 77 37.061
1 94 20.647
91 74 36.935
75 63 72.141
83 49 68.291
6 25 37.141
91 77 3.420
59 77 53.823
59 78 84.048
73 82 22.625
98 82 68.298
16 81 70.432
88 77 1.819
77 8 45.546
68 66 39.889
35 94 48.814
18 85 23.841
3 56 14.222
77 72 84.343
88 86 49.907
10 52 71.844
43 19 86.854
77 27 83.963
40 75 14.336
86 6 32.410
37 73 52.725
64 56 99.971
8 19 1.794
90 31 4.369
36 23 64.230
17 48 37.858
4 2 1.132
93 78 10.000
88 35 99.686
91 11 76.560
80 71 14.241
25 42 6.415
95 28 97.755
46 38 47.927
22 58 25.216
21 67 98.816
10 0 88.062
88 72 5.787
18 0 64.534
41 49 53.463
76 80 48.689
82 0 99.526
76 57 11.838
88 17 80.450
4 62 71.932
10 95 85.486
79 3 9.534
10 23 62.980
33 59 3.084
71 81 92.501