100
0 10 5.056
0 65 9.954
0 66 11.314
0 67 13.153
0 68 10.957
0 69 9.969
0 70 11.971
0 71 10.539
0 72 8.434
0 73 13.474
0 74 9.711
0 75 11.257
0 76 10.313
0 77 10.61
0 78 13.328
0 79 11.989
0 80 12.446
0 81 9.389
0 82 9.76
0 83 10.067
0 84 13.124
0 85 12.805
0 86 10.528
0 87 10.416
0 88 12.775
0 89 12.361
0 90 7.847
0 91 10.716
0 92 13.266
0 93 10.951
0 94 9.955
0 95 15.957
0 96 12.079
0 97 12.064
0 98 11.8
0 99 15.234
1 8 8.501
1 51 5.389
1 40 7.987
1 65 9.382
2 27 5.976
2 62 7.803
3 10 5.596
3 13 8.499
3 66 7.771
4 56 8.064
4 67 14.928
5 37 4.543
5 24 8.132
5 68 13.493
6 39 6.129
6 53 8.079
6 69 11.214
7 33 2.586
7 70 14.253
9 48 7.235
9 60 3.457
9 58 7.066
9 71 13.044
10 72 12.416
11 46 5.052
11 49 6.982
11 73 12.009
12 49 2.082
12 74 15.434
13 47 8.042
13 63 6.771
13 20 8.449
13 75 11.25
14 60 5.362
15 22 5.879
15 35 5.289
15 76 13.266
16 39 7.201
16 77 10.381
17 53 4.106
18 59 5.973
18 56 3.427
18 78 11.939
19 21 9.911
19 79 14.594
20 55 6.998
20 54 6.355
20 33 6.838
20 80 10.565
21 23 7.058
21 38 5.632
24 49 5.929
25 32 9.706
25 53 5.127
25 81 15.048
26 57 5.501
26 56 5.58
26 54 5.37
26 82 15.498
27 83 12.92
28 35 6.179
28 53 7.941
28 84 10.863
29 36 10.737
29 38 8.895
29 61 6.77
29 64 9.272
29 85 13.426
30 47 6.628
30 86 14.622
31 62 6.877
31 60 10.076
31 87 10.276
32 88 12.091
33 43 8.17
33 50 8.988
33 89 13.474
34 49 8.331
34 90 14.455
35 91 14.719
36 92 9.813
38 45 7.0
39 93 10.449
40 56 8.688
41 57 0.623
41 94 7.987
42 50 8.316
42 95 12.428
43 96 12.601
44 52 11.913
44 46 8.208
44 97 10.607
45 98 12.585
46 99 12.556
48 53 11.257
49 62 8.932
50 64 6.269
58 61 3.249