100
0 50 53.35
1 50 40.22
2 50 23.87
3 50 38.02
4 50 94.55
5 50 32.48
6 50 75.14
7 50 66.6
8 50 19.19
9 50 84.56
10 50 27.13
11 50 36.43
12 50 48.93
13 50 9.36
14 50 64.36
15 50 59.79
16 50 94.63
17 50 70.37
18 50 74.29
19 50 79.51
20 50 29.55
21 50 20.79
22 50 62.15
23 50 68.14
24 50 96.84
25 50 53.89
26 50 88.06
27 50 16.44
28 50 94.82
29 50 40.93
30 50 73.93
31 50 87.35
32 50 35.49
33 50 7.73
34 50 80.28
35 50 49.48
36 50 51.17
37 50 28.02
38 50 84.94
39 50 45.94
40 50 32.44
41 50 92.73
42 50 4.8
43 50 98.7
44 50 16.26
45 50 47.46
46 50 89.41
47 50 96.76
48 50 7.5
49 50 77.84
50 99 81.09
51 99 67.01
52 99 9.37
53 99 61.89
54 99 79.86
55 99 80.74
56 99 58.61
57 99 1.93
58 99 73.55
59 99 5.99
60 99 9.86
61 99 94.62
62 99 93.75
63 99 76.04
64 99 90.21
65 99 96.9
66 99 36.03
67 99 7.81
68 99 49.94
69 99 98.37
70 99 39.7
71 99 70.4
72 99 68.06
73 99 16.0
74 99 56.53
75 99 73.68
76 99 32.54
77 99 85.61
78 99 50.53
79 99 19.52
80 99 4.2
81 99 36.77
82 99 61.73
83 99 34.2
84 99 90.43
85 99 2.39
86 99 35.5
87 99 79.49
88 99 0.53
89 99 32.42
90 99 66.22
91 99 22.03
92 99 27.64
93 99 52.28
94 99 28.91
95 99 26.02
96 99 4.46
97 99 31.08
98 99 76.01
