93
0 1 64.32
1 2 11.55
0 3 81.85
0 4 22.17
4 5 33.1
4 6 49.9
1 7 64.86
5 8 49.93
3 9 55.81
6 10 8.43
2 11 15.24
10 12 34.75
12 13 22.93
11 14 24.94
3 15 33.44
4 16 93.25
13 17 10.57
17 18 5.28
18 19 36.1
8 20 7.29
4 21 12.14
17 22 7.55
9 23 58.14
6 24 9.37
15 25 13.59
20 26 53.75
3 27 14.57
3 28 16.53
2 29 1.29
20 30 92.51
19 31 88.92
6 32 21.93
31 33 45.58
2 34 78.6
29 35 76.84
14 36 14.88
12 37 27.48
19 38 42.37
19 39 80.01
30 40 26.96
30 41 79.29
9 42 24.41
2 43 46.6
16 44 88.89
14 45 55.56
19 46 56.26
27 47 86.64
8 48 45.87
0 49 31.79
35 50 88.71
32 51 41.06
18 52 34.26
14 53 88.82
49 54 76.9
3 55 37.31
2 56 67.09
47 57 66.25
50 58 97.16
49 59 52.45
15 60 30.94
49 61 16.93
18 62 94.85
52 63 33.84
55 64 50.25
33 65 77.4
64 66 37.24
47 67 80.9
12 68 29.24
59 69 43.82
38 70 15.69
42 71 28.74
25 72 45.79
52 73 30.45
35 74 1.74
70 75 53.56
17 76 9.09
74 77 73.77
36 78 79.15
12 79 6.68
7 80 1.47
67 81 36.98
40 82 23.59
5 83 27.71
24 84 75.09
10 85 36.86
1 86 23.44
27 87 48.83
10 88 26.06
82 89 93.68
38 90 15.22
61 91 11.62
45 92 37.77
68 50 42.86
72 12 77.0
28 37 44.81
63 1 96.07
33 63 65.96
70 83 52.3
33 85 54.14
22 62 95.71
40 57 19.38
54 56 50.53
72 47 30.41
44 89 32.78
66 84 93.59
85 36 3.44
63 36 28.53
52 32 55.51
2 9 82.08
70 66 64.24
59 70 60.71
51 7 8.52
51 43 75.93
27 42 44.86
29 13 68.75
14 3 32.17
14 47 22.64
25 16 81.16
90 75 38.13
54 0 12.74
37 17 78.05
55 10 28.36
45 22 84.53
70 27 17.27
9 63 86.85
43 6 65.56
73 44 61.77
82 2 58.42
35 48 13.01
20 69 7.97
50 11 70.47
58 43 28.92
34 28 61.83
47 4 6.56
33 50 83.67
58 80 81.09
4 76 39.99
49 7 72.26
51 48 22.46
91 21 49.48
9 32 9.63
31 8 15.49
4 89 15.9
47 62 54.48
80 34 31.6
49 26 9.89
32 37 93.26
16 57 29.57
33 22 68.87
82 31 28.06
11 54 55.55
75 25 24.73
25 64 73.9
62 14 65.04
68 44 44.58
38 11 7.63
74 76 9.24
79 92 71.24
48 45 15.3
55 52 98.42
87 4 79.54
38 69 40.28
81 29 12.43
66 77 5.78
91 57 63.28
39 43 95.57
58 57 56.2
35 10 23.19
71 27 71.04
85 83 49.6
64 35 73.78
24 65 21.31
9 77 16.76
21 0 30.37
44 32 91.81
28 78 66.68
11 31 28.51
34 44 50.94
55 23 49.8
0 44 28.48
6 63 39.39
16 65 76.49
28 89 93.32
0 56 42.4
68 72 27.45
75 54 24.36
60 53 54.96
18 9 83.75
77 49 54.15
61 87 14.52
20 5 45.43
83 29 56.69
45 47 27.5
66 59 88.47
12 70 49.34
8 16 4.59
73 75 6.37
64 78 59.57
28 82 28.57
24 20 31.16
85 8 17.82
84 69 45.11
42 50 15.32
47 54 69.59
39 27 94.97
5 54 93.41
24 73 33.94
46 91 88.06
73 37 37.73
34 65 59.54
72 62 60.89
62 56 81.05
89 1 30.01
46 83 24.86
50 49 79.94
91 56 75.24
30 65 6.23
88 78 5.38
83 86 2.56
78 90 41.71
60 34 47.72
1 49 22.91
35 88 9.54
20 92 57.03
81 35 32.71
42 36 67.87
26 84 91.08
41 25 83.32
41 11 12.27
73 69 73.72
64 81 2.86
18 86 23.94
49 66 57.93
35 82 21.2
69 29 3.55
81 72 20.92
21 79 75.52
39 74 45.5
17 33 35.96
36 67 44.14
9 47 81.83
10 7 97.93
43 48 66.34
66 5 70.46
10 68 7.95
30 6 36.59
40 25 38.26
14 54 23.64
21 40 27.29
28 71 2.53
80 86 82.6
48 63 81.52
28 19 91.64
13 36 98.32
7 47 83.74
38 87 83.7
50 45 96.37
78 32 9.27
4 82 35.95
57 9 39.44
89 9 76.79
44 43 24.75
38 13 61.23
31 12 52.54
44 20 74.86
69 0 86.96
70 88 36.36
42 90 55.28
57 36 97.24
26 85 91.71
75 65 67.77
21 17 95.08
75 19 77.38
19 8 79.4
7 42 61.47
12 83 15.44
12 81 88.86
11 71 34.24
22 15 49.24
30 62 18.44
35 85 25.11
25 71 14.79
7 13 67.88
50 43 17.42
6 19 43.28
91 75 73.23
7 4 91.67
21 52 93.78
70 29 74.46
19 14 2.6
66 69 64.36
22 34 35.95
68 52 2.03
3 57 13.18
51 0 11.37
6 90 13.38
21 42 25.21
15 41 11.94
60 73 81.29
67 37 89.47
92 4 20.5
22 72 11.05
1 4 9.37
7 19 77.35
67 35 61.61
6 12 21.89
44 5 25.44
70 24 70.88
74 54 33.14
89 81 70.66
65 48 67.74
13 92 35.46
47 40 90.85
41 54 97.59
56 77 37.51
70 32 93.38
1 42 15.67
57 72 84.63
84 59 34.19
21 3 71.25
86 29 36.6
50 29 68.72
25 8 85.63
20 11 9.41
83 41 91.81
56 87 76.84
65 88 90.3
78 6 36.22
24 63 86.77
85 80 65.48
39 59 8.69
91 17 16.55
39 66 67.84
31 22 7.43
6 50 77.99
56 52 80.62
62 12 24.84
7 27 92.09
27 75 54.68
64 7 34.04
65 83 63.25
71 55 9.36
0 73 6.25
66 60 45.5
42 12 27.09
83 78 10.98
24 66 95.0
8 57 20.64
16 2 52.46
71 70 69.02
41 33 55.1
73 9 94.06
15 12 8.51
39 24 52.48
61 86 55.44
3 90 28.07
29 76 83.32
53 79 82.67
61 62 52.0
24 72 26.82
65 29 23.35
62 90 34.17
1 39 53.45
49 65 61.22
84 87 23.34
32 41 72.2
28 0 92.95
1 33 19.67
66 30 22.18
10 65 72.85
86 5 30.96
12 26 66.71
35 25 13.85
34 48 44.95
60 39 68.87
5 61 89.85
25 61 48.46
15 32 72.57
27 67 82.93
20 85 12.06
64 49 31.38
9 14 63.37
85 59 95.62
0 47 25.17
5 52 37.91
72 89 44.04
58 5 95.26
7 63 18.18
46 37 74.16
53 27 86.58
71 37 81.73
55 9 35.23
71 48 47.55
87 2 53.87
60 5 81.84
4 91 89.02
6 59 26.95
18 24 44.89
42 91 98.9
12 67 76.35
90 34 30.5
51 28 12.38
11 36 1.81
3 71 2.46
56 84 53.23
77 13 45.09
8 11 74.86
83 91 2.91
20 62 56.5
9 21 24.04
39 71 56.64
59 22 46.99
13 8 43.27
7 46 33.18
22 86 29.4
89 16 96.61
69 89 56.89
85 56 51.19
35 76 72.49
55 72 81.98
87 18 64.72
30 61 24.01
14 25 5.77
32 76 80.93
68 91 27.96
35 45 9.04
57 55 64.99
18 20 31.25
44 8 57.23
16 52 3.25
20 38 9.67
63 23 12.8
12 80 13.2
19 90 79.42
76 0 53.71
37 38 72.62
3 36 21.14
89 88 27.93
54 17 27.23
53 6 38.13
35 15 92.21
22 28 86.9
57 43 88.34
56 51 67.63
69 11 22.42
31 21 23.16
79 61 84.55
24 59 45.45
0 68 19.98
91 88 51.1
43 42 8.63
54 50 94.39
78 79 42.38
36 73 26.54
48 86 42.82
69 83 16.75
9 46 47.29
77 21 78.25
42 89 83.67
6 55 87.99
17 46 4.26
14 41 58.69
31 59 81.79
12 57 2.17
25 1 4.72
53 12 88.85
17 65 95.1
29 18 79.3
37 30 47.79
51 42 58.65
39 37 93.26
35 89 87.08
66 57 12.49
76 23 12.15
42 56 57.37
23 81 22.02
86 45 67.15
40 4 48.48
29 42 6.71
19 70 74.43
31 62 55.33
52 40 57.02
41 39 71.58
55 47 69.94
29 17 80.91
12 76 53.37
2 27 26.45
3 85 45.56
3 87 46.33
64 9 85.69
54 51 41.28
86 14 34.4
61 63 57.96
76 38 7.62
40 61 18.4
25 83 18.21
88 71 43.12
82 69 9.03
29 34 73.66
27 18 30.29
72 84 58.62
76 68 1.71
16 69 70.45
33 83 83.92
34 10 5.43
34 12 36.57
66 54 13.49
86 21 35.9
32 3 33.86
68 22 5.65
2 76 74.25
86 66 98.28
33 79 95.25
20 6 73.94
92 28 26.19
48 68 8.68
24 80 24.07
49 24 87.5
79 74 80.46
90 82 86.64
59 61 83.03
90 74 35.2
13 27 80.48
90 50 62.72
51 72 61.88
50 36 55.3
67 79 96.03
25 2 30.92
24 75 2.62
91 0 22.14
7 70 95.04
64 20 27.26
7 22 70.7
50 53 90.45
36 19 88.82
35 41 95.18
76 22 39.97
73 14 49.81
92 22 24.88
89 83 37.01
17 39 58.96
86 51 29.81
59 87 88.71
87 35 16.27
45 25 51.92
60 81 50.95
48 73 48.35
24 33 53.12
35 17 69.96
27 5 80.24
3 59 51.35
51 20 25.61
1 22 81.52
40 65 97.38
89 58 75.77
1 82 7.06
85 74 85.84
38 44 18.51
18 34 83.59
34 15 2.62
65 6 30.26
2 48 89.63
7 83 5.25
31 81 3.34
75 68 63.41
76 44 70.07
78 42 83.52
86 34 27.5
0 27 29.09
56 34 47.3
33 6 60.53
14 22 27.6
51 11 67.1
60 82 38.49
18 58 97.83
49 52 60.48
31 63 96.12
73 74 35.36
52 80 28.23
2 24 57.73
53 38 53.05
19 25 67.12
19 4 6.23
61 23 42.85
69 18 91.46
8 83 78.78
2 19 66.58
23 39 69.93
84 50 4.82
52 69 11.13
85 12 13.75
68 16 72.6
56 79 86.45
62 32 12.47
35 16 7.54
90 69 69.58
84 2 18.53
42 81 84.99
54 1 51.03
30 21 45.33
43 73 51.95
67 46 2.22
46 71 82.82
80 51 93.02
84 22 51.49
62 50 96.47
28 91 55.04
32 66 20.16
14 76 44.44
68 4 59.9
2 59 42.77
83 81 74.04
28 64 46.57
20 2 13.68
47 49 66.42
73 91 47.01
58 61 73.79
29 39 37.74
80 66 58.18
55 81 91.15
41 65 91.88
92 68 16.56
34 42 5.44
66 87 98.74
77 8 70.28
13 42 4.84
8 39 12.74
46 61 63.71
81 28 97.86
52 84 24.35
44 47 83.89
68 47 90.61
6 86 66.47
31 0 4.55
38 49 68.61
32 87 15.2
17 92 29.12
32 82 92.62
59 9 28.31
50 27 18.52
35 6 80.23
40 89 38.91
44 74 64.0
72 61 71.63
16 36 18.32
62 55 70.66
28 39 64.03
70 3 37.18
32 71 95.57
23 57 39.97
83 47 92.61
69 64 91.11
83 2 47.8
23 41 41.58
11 33 53.59
14 50 36.93
82 78 13.43
60 92 9.19
16 54 59.84
87 11 51.86
1 79 69.77
40 1 49.54
9 54 7.23
88 20 93.78
32 29 58.8
15 19 73.91
24 0 51.66
53 35 19.53
34 43 16.46
58 24 28.38
38 88 7.9
17 44 69.61
57 11 83.19
62 74 23.53
64 26 17.08
45 77 39.46
52 76 37.11
80 63 65.13
49 76 14.09
53 71 42.4
1 83 87.94
81 71 62.16
25 47 72.1
43 76 72.56
16 76 40.53
9 87 31.15
63 82 74.6
23 18 27.43
57 25 76.97
46 72 30.61
42 70 23.92
47 38 87.7
37 52 92.91
36 28 24.11
7 23 63.36
20 77 71.69
60 24 9.39
71 8 55.23
19 27 61.81
33 70 92.02
86 40 96.04
47 52 2.63
49 8 78.53
70 50 49.93
64 67 48.26
79 30 64.92
36 69 79.39
46 78 25.88
78 41 19.86
79 84 94.73
55 61 14.02
69 70 32.52
40 69 50.84
48 7 36.29
60 25 91.39
19 40 38.25
83 39 63.49
87 43 52.1
73 85 54.42
80 40 27.48
44 56 69.31
12 77 8.12
6 54 15.82
8 26 88.41
65 81 58.76
4 86 47.52
89 29 5.62
43 49 28.59
12 87 12.78
70 21 28.61
3 76 36.45
29 43 86.75
35 61 66.16
52 7 15.29
35 19 48.25
10 32 18.69
46 51 72.12
27 29 31.02
24 51 70.0
39 48 17.35
32 11 96.13
12 54 95.91
15 89 53.31
69 79 62.0
66 44 76.43
64 68 81.29
6 68 47.32
49 46 79.12
8 9 22.82
71 13 60.6
24 26 76.28
4 83 83.33
17 4 52.59
88 49 45.86
90 7 27.12
52 6 50.2
40 33 54.25
21 15 70.77
9 51 60.22
71 85 75.99
47 8 93.88
12 69 9.1
52 91 50.59
80 68 48.17
76 71 72.87
82 29 55.56
26 42 4.02
21 61 68.36
25 52 73.36
86 71 54.35
87 28 88.62
56 64 54.12
8 0 24.02
31 30 19.78
7 35 44.31
68 60 53.12
38 46 40.24
89 11 85.61
17 10 24.14
85 81 85.16
75 32 52.7
79 39 64.82
30 42 94.26
69 6 46.66
65 68 91.42
59 1 19.94
64 54 11.87
22 66 93.58
24 81 20.82
31 80 82.64
58 70 12.21
22 63 13.21
21 65 97.42
44 86 65.99
86 25 60.97
71 45 43.59
58 38 22.66
77 55 26.92
86 65 42.79
92 32 46.53
58 28 65.69
24 82 63.43
3 58 69.6
9 75 1.84
46 20 3.47
72 75 51.34
37 61 43.99
74 36 13.4
92 88 98.31
40 37 35.44
74 18 50.86
26 72 26.25
40 22 26.72
69 9 66.47
9 10 63.02
67 75 80.2
54 78 79.74
56 86 94.84
22 83 81.27
43 4 19.29
92 58 52.38
14 91 52.72
13 55 64.28
90 24 56.86
83 60 54.39
22 44 96.36
32 84 24.17
90 35 68.59
30 91 80.28
24 79 11.19
71 72 29.47
28 10 34.54
2 41 69.02
91 86 36.33
27 48 97.7
3 92 11.04
73 64 44.7
81 70 81.39
64 32 91.23
68 3 93.38
89 65 5.79
46 33 4.89
12 23 67.5
67 53 87.57
37 65 97.14
57 2 52.86
13 11 38.98
78 7 55.7
11 44 69.78
73 55 14.37
14 70 8.46
46 21 34.33
5 49 74.24
62 13 39.04
65 71 93.79
82 15 44.2
65 28 67.71
85 11 44.34
7 85 92.2
55 89 98.19
51 91 74.75
79 20 50.9
1 15 42.43
6 0 66.21
30 35 33.29
51 71 6.56
44 50 53.22
72 32 89.74
26 25 30.39
67 19 37.9
88 77 42.61
28 44 19.59
8 7 46.15
91 65 83.57
31 57 33.6
25 90 8.29
73 25 13.31
64 6 33.83
25 46 33.14
60 65 98.43
62 5 66.09
82 8 35.31
44 62 26.65
25 56 84.97
10 51 61.07
26 33 93.58
29 24 80.64
55 60 80.12
15 55 18.13
55 21 18.76
82 88 56.1
26 92 77.05
45 55 84.3
91 29 65.93
34 46 53.65
50 13 55.96
14 64 16.94
74 34 43.01
16 14 70.8
26 80 17.79
60 14 25.77
5 50 6.64
90 56 45.44
79 43 7.26
18 4 80.91
22 18 59.57
81 40 69.19
57 73 60.55
31 27 32.72
30 29 91.42
57 33 39.42
47 13 24.58
24 91 5.39
59 13 71.21
30 70 72.76
7 11 26.9
85 29 28.11
65 20 82.39
40 88 59.02
51 26 22.75
14 21 22.57
46 64 55.03
39 5 68.98
92 65 44.16
59 16 1.11
45 72 32.52
89 51 46.61
3 34 57.25
80 9 87.8
69 63 92.54
58 74 43.87
38 67 1.8
3 72 12.37
58 45 94.03
10 60 25.96
71 35 92.02
1 5 60.72
57 7 46.57
47 90 95.78
2 75 1.16
78 58 48.54
24 5 34.37
16 13 47.42
40 87 38.48
91 25 63.08
71 0 85.31
36 5 43.01
4 20 28.64
74 31 6.15
74 5 13.44
26 88 25.6
21 37 52.42
7 40 59.48
86 23 77.38
22 54 7.2
6 56 11.87
23 33 31.31
70 23 32.3
18 43 86.97
8 51 71.94
72 27 92.7
45 40 14.32
32 18 12.34
71 33 46.63
11 84 51.46
38 60 42.46
80 46 52.91
77 7 7.99
21 81 86.23
83 27 79.38
57 77 69.12
51 33 67.3
90 39 85.55
48 49 77.13
7 56 84.54
69 32 15.33
28 8 2.28
59 58 88.36
20 91 62.5
39 72 29.58
78 26 19.54
54 7 61.41
63 88 20.69
89 6 96.36
63 37 95.08
37 16 46.39
31 75 32.96
77 36 41.97
91 69 84.88
91 23 37.5
47 32 44.52
45 88 76.99
82 50 38.77
25 67 66.52
54 63 6.7
52 89 38.27
8 32 72.38
59 5 88.91
87 85 10.48
0 38 90.28
34 77 10.76
68 54 62.12
14 6 40.45
3 38 28.75
52 81 23.48
23 25 34.15
21 25 33.25
70 16 89.57
0 9 66.16
47 85 1.8
55 75 91.81
13 89 25.02
43 85 56.09
33 13 90.05
66 46 45.43
83 88 2.7
48 20 24.43
30 5 88.13
18 71 34.41
53 18 83.19
68 19 88.15
37 53 37.55
4 66 33.09
47 20 91.57
13 67 47.43
62 25 73.1
34 37 38.61
83 43 8.22
37 35 65.93
73 20 6.09
47 91 62.36
91 72 72.89
68 78 31.88
75 33 11.42
41 24 31.32
65 32 13.21
65 19 8.36
53 2 88.01
5 34 49.14
81 10 65.68
89 70 74.61
78 66 59.61
71 41 80.76
2 8 90.88
72 33 69.63
30 28 64.29
55 90 13.16
81 92 24.17
66 21 68.23
40 13 68.67
32 31 74.1
6 74 12.67
4 55 89.97
78 52 57.36
3 6 93.2
20 16 3.86
60 42 5.59
90 58 81.58
78 71 4.96
71 64 42.48
63 20 9.4
28 57 24.15
54 65 97.82
89 36 72.61
2 17 75.89
47 63 89.8
46 90 19.16
19 69 37.36
12 4 84.03
53 23 30.07
30 19 4.38
8 37 83.13
36 12 74.94
47 79 57.78
8 23 70.75
41 81 31.26
60 46 51.38
72 79 20.81
73 30 30.77
13 45 10.46
11 83 69.43
43 3 59.81
68 26 58.12
47 58 53.14
15 77 34.8
59 41 96.88
40 90 67.67
88 37 96.48
64 38 75.43
31 65 14.64
87 55 76.45
78 5 92.17
89 31 26.06
6 26 93.92
46 10 43.02
6 39 34.4
19 50 66.78
3 62 57.91
36 56 65.68
17 27 13.32
36 40 15.47
67 55 16.98
53 4 90.06
5 23 24.89
44 49 86.7
62 66 93.35
11 40 4.14
13 49 64.56
67 32 10.09
62 67 67.75
33 7 58.62
92 86 86.02
84 70 39.12
78 17 11.05
15 28 79.21
85 46 1.46
28 27 94.46
57 27 19.07
45 63 4.23
60 72 24.38
6 34 18.79
27 26 63.73
27 79 34.52
18 44 83.05
90 49 51.0
87 53 49.61
31 39 65.54
65 46 56.31
86 12 59.22
74 52 55.56
24 36 95.83
70 74 47.29
29 6 64.2
66 79 83.94
4 15 33.25
26 83 74.9
72 4 85.45
79 16 14.11
9 41 72.4
15 24 62.43
41 56 82.81
29 19 76.44
33 27 54.34
13 35 6.55
36 58 94.19
91 7 46.01
9 27 79.65
27 4 86.0
64 86 47.61
45 74 49.14
86 53 60.47
4 49 48.7
75 84 19.55
8 91 94.7
22 50 91.61
37 77 38.98
14 57 37.85
39 47 21.29
79 76 18.8
5 13 42.38
26 17 65.11
23 43 15.07
12 45 68.23
90 8 21.67
85 28 36.92
76 56 66.36
23 3 20.66
22 5 54.56
71 73 33.99
87 42 40.11
39 58 31.28
30 49 41.32
64 43 22.33
43 15 84.75
92 59 18.86
66 18 84.28
22 53 10.1
10 42 60.42
57 92 80.22
48 58 76.36
23 50 3.6
72 92 37.43
72 9 78.37
2 88 83.07
77 86 16.02
26 82 84.96
13 73 35.97
39 50 31.44
16 26 5.05
5 33 55.54
40 60 68.76
31 18 16.74
58 11 20.67
46 58 94.05
17 72 28.88
46 0 21.07
78 44 3.28
37 68 98.22
72 36 76.64
43 90 69.19
49 74 10.18
23 62 43.35
10 24 20.35
67 60 30.93
83 37 9.64
89 5 92.75
42 5 18.24
69 34 23.01
49 20 83.01
90 54 96.89
90 18 53.1
15 42 97.03
88 22 28.85
70 51 81.87
28 62 34.49
69 81 47.73
0 90 37.94
66 61 76.82
61 26 13.58
52 44 86.56
17 73 73.14
10 87 4.71
24 64 10.92
81 32 1.36
33 21 67.2
78 1 45.63
14 24 98.71
71 14 37.36
47 77 84.28
14 49 30.9
62 51 60.49
48 89 75.96
37 70 78.72
69 10 85.94
60 19 3.67
81 33 96.06
75 17 59.32
91 81 89.79
44 48 53.33
78 48 91.77
17 67 96.81
84 81 42.9
86 24 58.44
15 64 94.65
29 60 86.52
65 43 47.42
85 32 46.29
6 70 21.41
25 32 29.18
45 68 34.96
35 40 16.29
58 29 45.53
41 64 65.89
10 52 20.2
40 72 6.4
22 13 55.29
49 63 51.53
66 72 8.98
47 33 47.7
80 14 10.17
75 78 39.59
42 37 49.06
67 52 58.89
48 25 78.1
17 16 59.7
20 52 81.45
55 78 74.93
90 31 18.9
64 16 23.39
21 8 49.16
56 60 93.76
79 65 39.06
4 56 38.75
9 50 68.71
86 79 20.4
57 41 53.53
12 7 33.06
9 49 27.82
36 64 80.76
26 90 19.58
75 18 84.55
67 2 70.88
79 36 8.98
26 53 13.36
90 57 71.27
5 85 75.01
3 7 11.91
37 3 56.77
0 85 28.85
40 85 79.09
63 41 2.87
21 74 80.37
54 61 76.04
20 89 8.25
34 76 19.28
83 74 9.1
21 47 14.02
13 37 75.52
46 76 81.65
2 70 55.03
89 0 78.06
20 29 35.67
66 67 17.09
61 67 38.47
67 9 67.02
10 86 72.64
90 5 88.86
86 50 84.91
32 33 21.95
20 39 98.9
64 39 53.8
76 58 88.48
7 72 85.7
20 7 2.26
23 38 48.86
65 1 49.73
80 20 17.53
84 49 97.29
6 80 28.92
33 37 38.26
40 56 18.28
37 55 55.83
1 38 17.76
85 37 66.64
16 48 94.16
84 8 86.42
54 55 34.72
42 75 3.41
59 53 16.39
52 13 87.82
13 91 23.14
21 48 37.02
87 15 50.56
76 51 7.44
84 62 56.4
88 61 5.05
37 43 8.54
72 86 42.16
63 8 17.94
48 66 66.95
29 26 36.98
28 21 74.9
68 74 86.81
53 31 94.02
38 12 28.8
62 48 86.62
33 0 79.91
66 2 27.22
46 8 61.45
18 91 20.23
30 1 77.38
55 92 64.49
87 89 53.52
55 34 68.82
41 62 6.07
90 67 52.63
76 77 90.6
44 51 29.89
81 78 96.78
33 10 92.81
63 19 8.2
76 67 30.94
27 23 56.14
19 91 82.22
1 23 5.8
64 11 84.9
70 35 29.22
58 25 80.74
1 14 27.17
47 36 39.72
56 55 97.62
91 37 63.38
32 59 56.85
58 77 38.36
29 62 87.9
60 9 77.78
19 53 34.32
27 86 34.3
55 88 91.07
77 61 51.46
13 61 60.8
27 10 46.49
79 73 19.19
89 67 71.46
29 45 86.55
89 32 98.83
11 26 47.72
20 3 4.15
75 63 75.31
27 49 59.0
11 92 92.41
54 34 7.93
45 28 58.47
52 12 78.04
8 67 18.22
65 62 65.42
92 77 65.4
87 74 40.23
41 19 92.27
40 38 12.07
91 80 29.43
66 40 91.57
0 81 98.86
57 48 5.57
23 68 96.13
88 12 66.94
30 16 37.02
40 58 86.58
67 5 80.26
4 8 22.55
61 36 65.78
4 81 81.0
14 12 61.04
92 73 36.83
56 70 65.99
8 3 51.51
37 89 84.96
38 61 29.53
7 65 29.54
60 75 3.95
12 32 72.95
51 58 56.46
73 88 76.83
18 82 23.44
32 24 4.07
61 53 48.22
45 56 96.87
58 82 18.76
36 26 3.54
14 82 38.1
5 81 75.94
83 59 56.08
35 28 25.53
79 91 22.67
47 26 31.48
88 31 34.4
20 45 85.37
6 8 65.75
43 26 47.18
0 72 69.46
87 88 2.16
39 62 65.1
6 27 54.1
61 92 47.01
26 63 97.31
50 20 11.26
72 18 66.32
44 92 5.38
17 14 5.55
29 0 45.19
72 90 42.5
4 3 1.97
59 55 43.16
63 67 60.98
22 87 3.55
85 84 96.91
75 14 9.11
74 53 34.26
33 2 36.64
29 61 79.3
60 7 55.91
10 67 28.98
28 69 30.89
24 78 72.98
64 70 52.68
59 40 59.03
91 27 57.28
78 59 8.48
25 92 68.76
48 13 55.33
88 47 4.25
11 39 37.19
47 18 97.92
42 6 70.2
86 38 59.76
19 66 98.35
17 15 38.59
73 47 7.59
5 15 31.86
79 3 89.0
71 17 38.76
73 49 94.78
41 61 89.69
4 85 21.52
74 91 42.39
0 67 60.09
62 1 78.61
22 30 53.8
39 77 23.9
78 22 84.9
65 66 21.37
52 59 80.84
87 90 83.44
69 15 4.37
63 83 95.75
20 0 11.55
83 77 58.56
7 31 55.78
61 33 19.28
43 68 21.51
9 26 79.44
26 67 60.38
77 67 5.01
5 77 37.6
26 57 26.45
34 59 86.22
87 50 71.46
83 80 61.45
67 72 85.5
21 57 73.72
74 47 11.71
24 55 8.78
1 43 11.06
68 36 65.85
32 79 39.32
79 88 82.67
6 25 48.78
68 49 46.81
71 74 72.55
23 29 41.63
74 48 72.37
66 35 33.26
28 55 59.3
3 53 43.95
15 88 19.83
89 46 97.04
56 33 16.03
36 20 50.5
44 40 45.48
31 42 50.81
40 42 82.36
57 59 51.81
86 73 73.92
54 24 33.09
31 13 62.77
54 91 55.4
46 44 73.88
35 24 81.33
22 46 23.26
80 22 29.69
42 54 14.31
46 40 83.96
10 20 76.2
86 90 36.69
3 51 8.27
74 55 14.24
53 75 51.18
72 42 20.3
84 29 19.53
82 76 40.28
70 31 26.12
83 52 88.92
60 8 93.01
66 15 2.13
13 43 71.26
75 71 55.65
9 66 33.16
60 11 39.99
29 9 98.12
82 73 12.78
75 77 41.15
24 21 97.42
0 70 31.77
15 6 92.61
22 9 46.2
43 59 29.51
8 34 36.74
76 9 87.97
68 86 29.94
58 22 72.87
38 24 58.34
35 43 55.29
66 83 2.72
26 15 6.39
88 57 86.3
77 28 67.72
6 22 69.47
87 82 49.19
90 11 8.02
50 31 78.74
89 66 96.17
27 52 55.35
77 53 13.34
50 28 29.91
56 39 66.15
25 87 11.13
41 13 21.23
15 67 49.23
21 1 44.39
90 13 49.35
26 28 24.3
9 1 60.34
2 23 88.21
21 6 2.18
88 76 45.31
37 54 60.01
5 68 7.83
36 59 44.24
20 83 22.12
47 42 54.36
74 4 61.8
2 31 8.08
59 79 90.85
38 84 17.3
62 2 21.66
4 61 75.54
10 73 31.38
15 36 35.9
62 85 49.44
76 21 97.62
61 64 28.97
4 75 23.46
74 72 33.86
79 45 6.19
80 45 38.77
21 38 66.68
40 74 98.2
87 71 94.3
79 35 5.09
92 12 82.76
57 61 97.14
80 10 69.76
3 80 79.53
20 25 15.89
51 60 20.25
71 57 88.17
51 21 64.51
63 12 51.69
12 1 87.58
12 2 59.38
61 10 38.42
23 36 68.9
27 56 62.74
46 3 11.8
10 62 15.11
23 40 85.45
2 45 90.19
36 30 66.09
81 68 23.31
32 36 34.86
1 53 5.45
1 27 8.01
64 72 60.67
74 78 50.95
87 52 41.67
78 12 10.48
39 18 85.52
