100
1 0 3.273
1 0 11.202
1 0 48.965
2 1 72.054
2 1 10.665
2 1 29.132
2 1 72.202
2 1 21.297
2 1 19.973
2 1 0.379
2 1 12.198
2 1 93.815
2 1 84.569
2 1 68.516
2 1 52.658
2 1 59.345
2 1 90.915
3 1 7.275
3 2 25.664
3 2 67.11
3 2 50.539
3 2 21.227
3 2 32.901
3 2 59.305
3 2 24.973
4 2 91.883
4 2 30.834
4 2 48.115
4 2 54.335
4 2 42.421
4 2 93.121
4 2 99.712
4 2 54.847
4 2 43.117
4 2 86.981
4 2 89.127
4 0 46.258
4 0 54.249
5 3 54.286
5 3 21.935
5 3 43.991
5 3 58.943
5 3 16.721
5 3 83.389
5 3 60.85
5 3 81.39
5 1 73.314
5 1 64.472
5 1 88.097
5 1 99.038
5 1 35.293
5 1 15.327
5 1 40.041
5 1 42.457
5 1 64.92
6 1 76.438
6 1 48.812
6 1 80.782
6 1 67.821
6 1 0.276
6 2 64.944
6 2 87.414
6 2 20.666
6 2 62.608
6 2 58.029
6 2 54.947
6 2 2.591
6 2 35.867
6 2 12.181
6 4 39.529
6 4 53.536
6 4 54.168
6 4 18.937
6 4 49.369
6 4 19.799
6 4 12.102
6 3 63.254
6 3 46.602
6 3 77.529
6 3 90.542
6 3 77.486
7 3 68.659
7 3 38.244
7 5 74.075
7 5 97.516
7 5 64.048
7 5 65.19
7 5 47.032
7 5 29.077
7 5 23.749
7 5 9.137
7 5 37.865
7 2 17.084
7 2 33.568
7 2 88.2
7 0 70.0
7 0 6.799
7 0 70.252
7 0 47.491
7 0 41.567
7 0 17.039
8 6 86.755
8 5 20.227
8 5 44.299
8 5 43.774
8 5 12.76
8 2 96.092
8 2 31.417
8 2 61.0
8 2 67.127
8 7 86.49
8 7 53.032
8 7 68.805
8 2 4.703
8 2 55.231
8 2 92.894
9 6 45.111
9 6 43.057
9 6 64.968
9 6 90.445
9 6 63.565
9 6 59.995
9 6 28.295
9 6 85.598
9 0 73.587
9 2 5.768
9 2 36.323
9 2 81.338
9 2 5.115
9 2 4.093
9 2 23.756
9 2 97.044
9 2 20.756
9 2 91.298
9 6 35.475
9 6 66.253
9 6 43.367
9 6 3.641
9 2 53.82
9 2 90.631
9 2 41.229
9 2 80.711
9 2 6.743
9 2 81.578
9 2 63.667
9 2 91.995
10 9 56.835
10 9 69.492
10 9 79.25
10 9 57.8
10 9 12.269
10 9 30.576
10 9 81.511
10 9 37.848
10 9 39.213
10 9 94.957
10 9 76.39
10 9 81.958
10 9 95.004
10 9 26.559
10 9 42.601
10 9 83.391
10 9 75.533
10 9 8.194
10 1 89.725
10 6 78.694
10 1 58.279
10 1 83.279
10 3 96.849
10 3 36.549
10 3 19.676
10 3 84.13
11 8 11.072
11 8 2.748
11 8 56.056
11 8 26.808
11 8 19.678
11 8 99.569
11 5 28.57
11 5 69.913
11 2 24.526
11 2 26.263
11 2 28.016
11 2 71.933
11 2 70.225
11 2 43.199
11 2 39.281
11 5 5.078
11 5 87.136
11 5 84.908
11 5 81.733
11 5 52.411
11 6 21.074
11 7 89.2
11 7 21.713
11 7 86.085
11 7 43.945
11 7 38.594
11 7 36.831
11 7 46.32
11 7 61.111
11 7 38.481
12 6 8.043
12 6 13.389
12 6 59.563
12 6 92.771
12 5 98.589
12 5 7.695
12 5 98.585
12 5 41.639
12 5 44.179
12 5 59.934
12 5 22.876
12 10 68.683
12 10 82.406
12 10 49.219
12 0 98.665
12 0 36.147
12 0 74.607
12 0 38.639
12 0 79.791
12 0 60.936
12 3 87.33
12 3 19.709
12 3 57.63
12 3 78.12
12 3 20.346
12 3 94.333
12 3 74.492
12 3 44.174
12 10 31.754
12 10 64.817
12 10 56.222
12 10 52.986
12 10 41.142
12 10 12.685
12 10 0.447
12 10 43.576
12 11 75.609
12 11 71.452
12 11 33.305
12 11 60.677
12 11 72.168
12 11 40.381
12 11 45.531
12 11 38.468
13 3 48.016
13 3 12.943
13 3 24.59
13 3 17.842
13 3 78.889
13 3 57.346
13 3 88.181
13 9 83.552
13 9 89.978
13 9 15.547
13 9 48.26
13 9 74.004
13 5 97.251
13 5 62.082
13 5 94.462
13 5 72.492
13 11 70.964
13 11 50.071
13 11 2.368
13 11 97.061
13 11 23.78
13 11 90.98
13 11 49.074
13 11 84.729
13 0 53.543
13 0 95.718
13 3 83.574
13 3 98.024
13 10 91.029
13 10 69.62
13 10 4.392
13 10 54.961
13 10 12.775
13 10 9.172
13 10 71.391
13 10 11.447
14 0 83.513
14 0 48.006
14 2 91.278
14 2 68.689
14 2 79.996
14 4 89.136
14 4 73.462
14 4 33.101
14 4 88.855
14 4 23.862
14 4 50.818
14 4 78.096
14 5 92.167
14 5 56.27
14 5 2.73
14 5 96.389
14 5 82.117
14 5 78.757
14 5 34.646
14 5 15.627
14 5 76.184
14 5 61.098
14 5 73.776
14 5 21.337
14 12 6.205
14 12 68.799
14 12 57.678
14 12 2.85
14 3 38.72
14 3 89.068
14 3 6.639
15 11 15.611
15 11 5.572
15 11 92.772
15 11 46.403
15 11 15.276
15 11 12.432
15 10 97.481
15 10 94.56
15 8 87.887
15 7 92.287
15 7 13.068
15 7 89.519
15 7 47.778
15 7 42.05
15 7 52.739
15 7 52.889
15 7 84.131
15 7 34.293
15 7 79.341
15 14 4.064
15 14 53.692
15 14 28.42
15 14 13.679
15 14 39.562
15 14 56.819
15 14 38.762
15 14 23.394
15 14 53.234
15 14 4.134
15 12 53.067
15 12 85.554
15 12 58.773
15 12 60.22
15 12 93.387
15 12 30.844
15 12 67.348
15 12 34.037
15 12 54.039
16 14 70.942
16 14 53.017
16 14 41.442
16 14 11.487
16 14 32.159
16 14 32.648
16 14 29.453
16 14 32.511
16 3 73.795
16 3 19.025
16 3 25.627
16 3 98.743
16 3 22.471
16 3 45.94
16 3 17.232
16 4 83.515
16 4 22.365
16 4 46.721
16 4 63.679
16 4 41.424
16 4 50.382
16 4 11.186
16 4 2.266
16 4 95.045
16 3 86.218
16 3 79.014
16 3 32.084
16 3 3.101
16 3 18.609
16 3 82.644
16 3 80.008
16 3 35.584
16 3 90.524
16 3 41.608
16 11 71.424
16 11 53.757
16 11 44.723
16 11 54.346
16 11 0.25
16 11 62.311
16 11 50.671
16 11 51.501
16 9 88.264
16 9 32.544
16 9 76.045
16 9 35.444
16 9 45.268
16 9 55.69
16 9 72.577
16 12 78.86
16 12 99.529
16 12 43.778
16 12 96.245
16 12 69.77
16 12 45.124
16 2 22.874
16 2 47.92
16 2 15.946
16 2 73.805
16 2 13.034
17 7 50.339
17 7 22.214
17 7 79.263
17 7 44.851
17 7 95.021
17 7 3.613
17 7 3.46
17 7 2.892
17 7 8.002
17 7 19.939
17 8 92.223
17 8 74.042
17 8 50.471
17 8 37.273
17 8 66.029
17 8 97.613
17 8 47.646
17 14 11.2
17 14 78.465
17 14 42.878
17 14 95.185
17 14 51.56
17 14 21.175
17 14 99.892
17 14 17.769
17 14 74.001
17 14 52.647
17 0 46.129
17 0 16.806
17 12 62.799
17 12 34.965
17 2 25.487
17 2 70.54
17 2 75.169
17 2 19.85
17 2 43.135
17 2 59.01
17 2 47.643
17 2 83.615
17 2 84.481
17 11 38.264
17 11 77.88
17 11 50.813
17 11 78.09
17 11 48.957
17 11 89.738
17 11 29.356
17 11 85.631
17 11 57.614
17 11 95.19
17 3 24.212
17 3 40.268
17 3 15.7
17 3 81.919
17 3 27.586
17 3 29.334
17 3 4.851
18 9 4.781
18 9 32.104
18 9 49.67
18 9 39.499
18 9 31.961
18 9 18.121
18 9 95.247
18 9 45.701
18 9 93.803
18 9 9.256
18 14 65.527
18 14 7.373
18 12 38.22
18 12 49.775
18 12 89.013
18 12 93.777
18 12 46.446
18 12 53.545
18 12 97.827
18 12 30.566
18 12 82.66
18 12 44.514
18 7 43.684
18 7 14.466
18 7 4.336
18 7 87.691
18 7 85.922
18 7 20.014
18 7 92.6
18 7 28.512
18 12 12.83
18 12 61.369
18 12 45.264
18 12 60.187
18 12 23.242
18 12 88.894
18 3 43.16
18 3 25.723
18 3 70.914
18 3 44.956
18 3 38.433
18 3 85.454
18 3 95.705
18 1 23.19
18 1 77.801
18 1 12.082
18 1 72.185
18 1 76.637
18 10 20.647
18 10 10.322
18 10 24.61
18 10 63.975
18 10 28.066
18 10 85.22
18 10 40.842
19 4 86.705
19 4 81.491
19 4 51.955
19 4 42.836
19 4 49.501
19 4 90.597
19 6 74.049
19 6 71.83
19 6 7.094
19 6 43.597
19 6 84.915
19 6 95.762
19 6 15.131
19 6 81.351
19 6 64.878
19 6 84.515
19 12 61.42
19 12 96.812
19 12 3.367
19 12 90.639
19 12 74.53
19 12 66.833
19 12 76.344
19 12 53.91
19 12 1.881
19 12 7.739
19 7 99.589
19 7 26.11
19 7 57.365
19 7 18.529
19 12 81.533
19 12 14.297
19 12 16.053
19 12 16.604
19 12 58.414
19 4 81.786
19 4 75.301
19 4 11.934
19 4 17.762
19 13 66.184
19 13 54.871
19 13 35.862
19 13 30.066
19 13 89.95
19 13 38.975
19 13 78.87
19 13 21.722
19 10 62.015
19 10 83.338
20 14 76.379
20 10 67.548
20 0 64.475
20 0 94.564
20 0 5.631
20 0 14.498
20 0 9.082
20 0 82.742
20 0 10.706
20 0 8.988
20 0 0.918
20 18 9.088
20 18 33.608
20 13 0.564
20 13 37.255
20 13 40.631
20 18 54.616
20 18 73.637
20 18 19.397
20 18 85.116
20 18 14.972
20 18 97.12
20 18 1.946
20 18 11.545
20 16 87.849
20 16 2.982
20 16 57.322
20 18 53.204
20 18 66.737
20 18 94.853
20 18 41.343
20 18 66.494
20 18 58.804
20 18 32.21
20 18 5.039
20 18 28.937
21 20 10.716
21 20 16.688
21 20 71.616
21 20 43.879
21 20 55.5
21 20 68.458
21 20 28.588
21 20 65.277
21 9 41.98
21 9 47.193
21 9 3.507
21 9 63.026
21 9 84.459
21 9 79.65
21 19 49.51
21 19 27.571
21 19 96.109
21 19 10.42
21 19 63.107
21 19 50.185
21 19 82.691
21 19 35.729
21 8 27.104
21 8 25.066
21 8 25.257
21 8 92.523
21 8 8.333
21 8 57.358
21 8 52.434
21 8 59.975
21 8 59.032
21 17 3.753
21 17 74.589
21 17 62.823
21 17 81.052
21 17 32.826
21 17 69.174
21 17 5.735
21 17 10.159
21 17 67.839
21 5 93.202
21 5 59.958
21 5 38.966
21 5 47.635
21 5 92.279
21 5 75.864
21 5 38.382
21 0 62.62
21 0 50.455
21 0 5.488
21 0 22.279
21 0 87.058
21 0 83.063
21 0 25.903
21 0 17.631
21 12 89.464
21 12 25.24
21 12 47.031
21 12 88.187
21 12 75.892
21 12 74.719
21 12 52.33
21 12 95.857
22 17 59.332
22 17 39.904
22 17 48.198
22 17 0.531
22 13 31.273
22 13 15.045
22 13 11.745
22 13 1.047
22 13 40.524
22 13 0.508
22 13 41.627
22 16 91.296
22 16 37.083
22 16 55.867
22 16 46.687
22 16 88.598
22 16 62.13
22 10 97.29
22 10 54.612
22 10 59.964
22 10 57.182
22 10 59.002
22 10 82.225
22 10 27.396
22 10 79.07
22 5 7.166
22 5 92.541
22 5 12.071
22 0 27.67
22 0 83.682
22 0 36.794
22 0 85.466
22 0 99.825
22 0 87.347
22 0 25.498
22 0 91.528
22 0 64.708
22 19 29.112
22 19 20.508
22 19 64.845
22 19 2.224
22 19 88.196
22 19 83.879
23 0 18.205
23 0 47.41
23 0 68.075
23 0 70.115
23 7 7.534
23 7 17.124
23 7 88.461
23 7 97.414
23 7 66.762
23 7 86.317
23 7 72.815
23 15 16.294
23 15 82.149
23 15 42.4
23 15 16.266
23 15 34.089
23 15 40.215
23 8 97.508
23 8 72.225
23 8 60.767
23 8 73.978
23 21 67.018
23 21 82.858
23 21 66.441
23 22 42.833
23 22 61.365
23 22 68.171
23 2 49.289
23 2 95.446
23 2 57.219
23 2 35.464
23 2 15.459
23 2 75.517
23 2 77.281
23 2 29.086
23 2 47.323
23 2 91.76
23 20 41.235
23 20 41.274
23 20 19.755
23 20 45.481
23 20 52.971
23 20 29.899
23 20 33.491
23 20 76.923
23 20 89.3
24 3 12.612
24 3 8.511
24 3 71.465
24 3 59.318
24 3 34.721
24 3 79.703
24 3 2.46
24 3 12.152
24 3 9.091
24 0 1.896
24 4 43.182
24 4 70.523
24 4 25.339
24 4 81.711
24 4 44.346
24 4 42.114
24 5 58.148
24 5 3.73
24 11 45.115
24 11 42.007
24 11 21.679
24 11 77.355
24 11 92.072
24 11 76.794
24 11 42.596
24 11 28.361
24 11 76.299
24 11 65.466
24 22 30.175
24 22 84.641
24 22 31.088
24 6 1.196
24 6 12.549
24 6 94.401
24 6 80.685
24 6 5.303
24 6 39.592
24 6 64.282
24 0 18.073
24 0 47.959
24 0 28.058
24 0 67.365
24 0 60.573
24 0 57.986
24 0 32.983
24 0 80.981
24 0 65.505
25 11 32.805
25 11 86.312
25 11 14.486
25 11 20.13
25 11 43.003
25 11 85.105
25 11 19.17
25 21 76.103
25 5 78.248
25 5 89.697
25 24 62.031
25 24 39.127
25 24 73.76
25 24 44.693
25 24 77.816
25 24 96.453
25 24 60.905
25 11 68.103
25 11 86.061
25 11 16.174
25 11 31.377
25 11 65.774
25 11 61.762
25 11 19.432
25 11 71.342
25 11 27.758
25 11 11.7
25 5 70.169
25 5 89.762
25 5 11.652
25 5 28.1
25 21 57.535
26 18 32.166
26 18 73.44
26 18 81.164
26 18 57.247
26 18 64.875
26 18 27.193
26 18 70.099
26 7 69.102
26 7 37.039
26 7 3.534
26 7 79.419
26 7 31.763
26 7 52.331
26 7 99.443
26 11 81.633
26 11 97.949
26 11 95.47
26 11 75.362
26 11 5.79
26 11 91.766
26 11 26.511
26 5 49.411
26 5 49.187
26 5 70.914
26 5 81.475
26 5 27.837
26 9 1.007
26 9 72.674
26 9 51.936
26 9 31.89
26 9 73.23
26 9 24.255
26 9 84.859
26 9 15.331
26 9 87.129
26 7 67.864
26 7 27.969
26 7 45.272
26 7 25.743
26 7 41.906
26 11 47.143
26 11 74.164
26 11 90.402
26 11 40.976
26 11 18.5
26 11 72.265
26 11 94.103
26 11 9.216
26 1 95.757
26 1 34.358
26 1 48.082
26 1 48.46
26 1 71.533
27 1 43.013
27 1 14.47
27 1 1.941
27 1 79.277
27 1 76.511
27 1 85.444
27 1 64.292
27 1 55.192
27 1 18.772
27 10 11.486
27 10 54.561
27 10 12.725
27 10 26.18
27 19 28.818
27 19 55.307
27 19 30.696
27 19 28.764
27 21 11.126
27 21 11.847
27 21 91.88
27 21 93.089
27 21 29.125
27 9 92.547
27 9 54.186
27 9 71.933
27 9 36.246
27 9 80.142
27 9 13.784
27 9 17.286
27 19 92.905
27 21 43.193
27 21 65.186
27 21 32.533
27 21 32.734
27 21 31.1
27 21 96.396
28 10 15.97
28 10 83.266
28 10 92.867
28 10 76.241
28 10 0.944
28 10 39.569
28 10 49.708
28 10 69.109
28 4 87.442
28 4 61.631
28 4 66.787
28 8 67.693
28 8 60.424
28 8 83.696
28 8 8.14
28 8 33.624
28 8 69.013
28 8 41.697
28 8 4.395
28 8 3.216
28 8 13.497
28 18 59.019
28 18 29.923
28 18 94.462
28 18 28.781
28 0 39.868
28 0 82.057
28 0 22.053
28 0 30.441
28 2 28.752
28 2 30.844
28 2 5.91
28 2 79.296
28 2 20.037
29 20 87.236
29 20 0.313
29 20 11.723
29 20 93.087
29 20 26.501
29 20 0.219
29 20 93.332
29 20 79.604
29 8 96.416
29 8 47.357
29 8 48.96
29 28 18.843
29 14 65.666
29 14 51.781
29 20 84.61
29 20 84.706
29 20 55.523
29 2 92.272
29 2 23.654
29 2 15.895
29 2 90.646
29 18 28.685
29 22 6.502
29 22 28.388
29 22 23.068
30 7 72.168
30 7 71.927
30 7 3.211
30 7 10.908
30 7 82.12
30 7 35.433
30 7 0.231
30 7 97.358
30 24 39.264
30 10 21.044
30 10 2.407
30 10 58.901
30 10 92.45
30 10 33.734
30 10 65.673
30 10 22.115
30 10 66.085
30 5 0.245
30 29 19.842
30 29 75.231
30 29 0.842
30 29 20.537
30 29 45.405
30 29 76.306
30 29 86.972
30 29 75.751
30 29 12.225
30 12 41.709
30 12 36.322
30 12 28.257
30 12 38.165
30 12 59.712
30 12 85.784
30 12 60.959
30 12 84.352
30 12 31.937
30 25 52.69
30 25 57.472
30 25 76.634
30 25 20.765
30 25 15.857
30 25 8.902
30 25 31.055
30 25 22.777
30 16 6.867
30 16 65.0
30 16 23.381
30 16 48.422
31 16 78.957
31 16 79.234
31 16 97.383
31 16 53.459
31 16 96.873
31 16 8.199
31 22 85.343
31 22 55.381
31 22 91.307
31 22 1.14
31 22 66.531
31 0 98.946
31 0 62.472
31 0 49.298
31 0 91.875
31 0 32.049
31 0 16.959
31 0 19.2
31 0 67.326
31 0 2.987
31 0 56.647
31 10 54.033
31 10 16.647
31 10 42.042
31 10 31.132
31 10 12.268
31 10 47.115
31 10 1.277
31 10 14.188
31 10 36.243
31 24 28.009
31 24 47.439
31 24 42.655
31 24 44.446
31 24 23.121
31 24 30.566
31 1 85.379
31 1 79.038
31 1 15.565
31 1 8.584
31 1 82.034
31 1 24.731
31 1 47.657
31 1 52.258
31 2 46.61
31 2 34.213
31 2 17.491
31 2 62.35
31 25 2.918
31 25 2.134
31 25 41.636
31 25 78.234
31 25 84.216
32 29 77.802
32 29 93.045
32 5 41.278
32 5 71.322
32 5 24.891
32 5 81.479
32 5 30.436
32 5 9.342
32 5 94.414
32 28 96.64
32 28 37.333
32 28 19.885
32 28 16.172
32 28 63.953
32 28 64.585
32 2 48.053
32 18 7.762
32 18 40.666
32 22 18.632
32 22 42.166
32 22 14.769
32 22 65.089
32 22 34.51
32 22 67.538
32 22 45.573
32 22 39.511
32 22 9.944
32 22 49.868
32 22 86.954
32 22 51.121
32 27 34.613
33 16 41.665
33 16 34.912
33 16 18.236
33 16 24.862
33 16 10.043
33 16 54.809
33 21 91.741
33 21 86.427
33 21 49.235
33 8 36.687
33 8 70.605
33 8 21.208
33 5 1.352
33 5 14.145
33 5 4.68
33 5 50.589
33 5 16.124
33 5 5.975
33 31 49.532
33 31 69.512
33 31 26.371
33 31 42.633
33 31 68.647
33 31 12.155
33 31 97.757
33 31 41.659
33 12 34.446
33 12 56.262
33 12 36.128
33 11 98.274
33 11 99.113
33 11 63.569
33 30 68.889
33 30 84.405
33 30 56.295
33 30 61.292
34 20 14.351
34 20 71.381
34 18 41.008
34 18 60.883
34 18 65.241
34 18 77.402
34 18 51.229
34 18 45.478
34 18 40.881
34 18 19.046
34 17 32.75
34 17 76.989
34 17 1.263
34 17 50.733
34 4 8.441
34 4 68.382
34 7 6.317
34 7 46.014
34 7 71.898
34 7 67.458
34 7 83.627
34 7 42.669
34 7 77.744
34 7 26.024
34 7 15.895
34 24 5.854
34 24 16.217
34 24 47.578
34 24 65.503
34 24 3.833
34 7 38.249
34 7 1.614
34 7 32.975
34 7 93.928
34 7 58.592
34 7 86.99
34 7 95.358
34 27 18.976
34 27 23.836
34 27 11.855
34 27 98.352
34 27 18.562
34 27 8.366
34 27 86.172
35 11 66.49
35 11 75.532
35 11 56.487
35 2 79.911
35 2 99.884
35 2 15.987
35 2 25.768
35 2 28.481
35 2 32.266
35 2 24.431
35 2 45.225
35 2 41.377
35 0 77.786
35 0 88.35
35 0 10.858
35 0 27.034
35 0 11.236
35 0 99.368
35 14 60.084
35 14 28.292
35 14 71.376
35 14 91.109
35 11 70.531
35 11 63.394
35 11 7.89
35 11 81.121
35 11 21.613
35 11 0.507
35 11 62.857
35 11 37.073
35 11 9.621
35 11 2.175
35 12 45.397
35 12 93.99
35 12 9.18
35 12 82.303
35 12 66.024
35 29 43.919
35 29 22.345
35 29 78.13
35 29 93.151
35 29 21.803
35 29 79.416
35 29 18.621
35 29 44.691
35 25 76.709
35 25 65.167
35 25 77.403
35 25 43.854
35 25 42.98
36 1 71.175
36 1 5.032
36 1 52.648
36 1 40.416
36 22 56.33
36 22 69.935
36 22 20.667
36 22 1.992
36 22 79.341
36 18 86.041
36 18 33.984
36 20 93.284
36 20 74.793
36 20 78.225
36 20 79.704
36 20 61.662
36 20 20.411
36 20 79.431
36 20 10.239
36 15 88.587
36 17 3.95
36 17 62.498
36 17 47.219
36 17 86.343
36 17 39.455
36 33 8.025
36 33 39.893
36 33 43.078
36 33 52.446
36 33 98.675
36 33 69.517
36 33 80.91
36 33 80.043
36 33 96.597
36 29 43.514
36 29 55.767
36 29 88.05
36 29 91.616
36 29 50.664
36 29 52.626
36 29 47.055
36 29 76.49
36 29 42.075
36 29 68.923
37 26 52.888
37 26 39.624
37 26 23.276
37 26 85.819
37 26 26.856
37 26 7.36
37 26 2.974
37 26 65.677
37 26 85.79
37 32 34.475
37 32 67.122
37 32 46.138
37 32 19.524
37 32 88.298
37 32 63.3
37 32 28.991
37 32 59.93
37 32 15.493
37 21 26.638
37 21 69.585
37 21 44.219
37 21 42.079
37 21 57.803
37 21 30.623
37 21 83.417
37 4 68.076
37 4 99.471
37 4 41.919
37 4 21.409
37 4 10.503
37 4 29.599
37 4 55.015
37 4 97.623
37 4 30.071
37 31 97.866
37 31 15.959
37 10 57.61
37 10 55.829
37 10 39.315
37 10 64.314
37 10 63.555
37 10 92.971
37 10 72.629
37 10 24.768
37 10 10.899
37 18 35.245
37 18 41.656
37 18 46.722
37 18 81.047
37 18 26.258
37 18 70.058
37 5 55.437
37 5 66.471
37 5 80.429
37 5 54.112
37 5 10.548
37 5 73.729
37 5 28.164
37 5 81.023
38 15 81.62
38 15 90.377
38 26 33.736
38 26 49.455
38 13 85.544
38 13 27.33
38 24 84.168
38 14 17.697
38 14 97.618
38 14 64.195
38 14 55.144
38 14 27.649
38 14 40.211
38 14 45.638
38 14 74.1
38 14 32.661
38 9 63.803
38 9 81.943
38 9 53.369
38 11 90.112
38 11 44.504
38 1 58.611
38 1 65.37
38 1 43.184
38 1 25.715
38 1 70.951
38 1 41.316
38 1 46.153
39 25 38.163
39 25 63.667
39 25 24.491
39 25 65.035
39 16 11.504
39 16 49.46
39 16 51.379
39 32 15.757
39 13 57.717
39 13 67.703
39 13 3.989
39 13 86.39
39 13 17.339
39 13 58.33
39 13 48.945
39 13 70.387
39 5 77.336
39 5 82.308
39 2 86.688
39 2 23.702
39 2 93.808
39 2 4.99
39 2 35.421
39 2 89.882
39 2 48.103
39 2 31.876
39 2 1.433
39 24 77.465
39 24 35.76
39 24 30.594
39 24 78.68
39 24 71.447
39 24 80.104
39 24 22.809
39 5 95.367
40 21 15.506
40 21 43.377
40 21 57.74
40 21 30.455
40 21 64.267
40 21 78.645
40 15 89.575
40 15 66.887
40 15 68.826
40 38 17.57
40 38 82.041
40 38 4.669
40 38 62.579
40 34 12.236
40 34 3.529
40 34 99.087
40 34 94.557
40 34 0.39
40 26 39.832
40 26 1.145
40 26 12.157
40 26 44.705
40 26 32.274
40 26 81.051
40 36 26.702
40 20 63.811
40 0 73.505
40 0 80.11
40 0 73.855
40 0 39.881
40 0 4.957
40 0 69.356
40 0 49.804
41 24 58.143
41 24 70.571
41 24 16.269
41 24 54.327
41 24 33.019
41 33 0.128
41 33 90.917
41 33 12.99
41 33 52.692
41 33 72.331
41 33 14.34
41 33 23.619
41 33 38.387
41 33 12.091
41 28 7.205
41 4 80.665
41 4 75.9
41 4 88.159
41 4 7.643
41 4 47.909
41 4 13.737
41 11 75.256
41 11 72.787
41 24 36.854
41 24 98.37
41 24 23.703
41 24 57.45
41 24 66.74
41 24 7.814
41 24 13.646
41 24 26.511
41 24 15.667
41 35 85.057
42 6 84.682
42 6 65.303
42 6 28.05
42 6 69.581
42 6 67.093
42 6 84.121
42 6 90.411
42 6 53.645
42 6 60.321
42 6 60.694
42 10 13.582
42 10 73.399
42 10 57.656
42 26 28.659
42 26 69.166
42 26 23.56
42 0 83.092
42 0 7.632
42 0 49.204
42 0 90.157
42 0 85.852
42 0 73.105
42 0 17.547
42 32 42.592
42 32 82.464
42 32 37.311
42 32 62.105
42 30 57.35
42 30 40.531
42 30 32.762
42 30 97.373
42 30 62.338
42 30 82.497
42 30 32.904
42 30 32.701
42 30 30.43
42 30 37.299
42 29 69.223
42 29 40.194
42 29 94.707
42 29 83.868
42 29 93.663
42 29 31.425
42 16 3.748
42 16 33.791
42 16 47.431
43 38 50.85
43 38 95.398
43 38 34.855
43 7 72.83
43 7 55.094
43 7 30.247
43 7 37.378
43 7 68.978
43 7 1.35
43 7 40.739
43 7 37.926
43 9 1.537
43 9 59.951
43 9 59.79
43 9 48.974
43 29 32.567
43 29 30.503
43 29 89.596
43 29 24.773
43 29 85.861
43 29 98.965
43 29 37.118
43 29 80.947
43 29 10.865
43 29 83.968
43 6 11.444
43 6 65.871
43 6 24.749
43 6 24.09
43 11 45.496
43 11 96.653
43 11 71.165
43 11 80.479
43 11 9.12
43 11 17.691
43 11 9.672
43 11 65.14
43 11 78.494
43 11 20.261
43 17 95.084
43 17 4.391
43 17 96.244
43 17 61.865
43 1 82.86
44 36 90.019
44 36 5.501
44 36 88.948
44 36 55.952
44 36 53.236
44 36 72.423
44 36 6.574
44 36 75.74
44 36 78.917
44 43 71.353
44 43 67.608
44 43 71.607
44 25 73.627
44 25 94.147
44 25 38.143
44 21 88.043
44 21 4.176
44 21 68.177
44 21 10.764
44 21 87.111
44 21 99.982
44 21 98.291
44 21 66.953
44 41 75.279
44 41 49.668
44 41 35.156
44 41 49.798
44 41 40.175
44 41 91.211
44 41 91.798
44 41 18.89
44 41 87.894
44 5 35.594
44 5 93.076
44 5 74.584
44 5 65.153
44 5 32.495
44 5 56.544
44 5 72.29
44 5 56.168
44 5 61.896
44 35 25.021
44 35 28.128
44 35 58.233
44 35 64.981
44 35 0.574
44 35 29.377
44 35 69.521
44 35 17.791
44 35 74.984
44 35 82.778
44 24 3.312
44 24 6.226
44 24 23.668
44 24 18.026
45 38 17.381
45 38 98.765
45 38 74.322
45 10 98.695
45 10 40.936
45 10 34.156
45 33 25.334
45 33 58.992
45 33 38.106
45 33 62.605
45 33 18.399
45 33 68.088
45 33 80.361
45 33 91.829
45 10 6.359
45 10 82.981
45 10 75.232
45 10 11.253
45 10 46.202
45 10 55.137
45 32 75.977
45 32 24.234
45 32 67.711
45 32 61.184
45 44 1.101
45 44 28.235
45 44 38.961
45 44 34.39
45 35 65.6
45 44 93.231
45 44 37.793
45 44 45.4
45 44 87.781
45 44 64.769
46 18 84.857
46 18 34.95
46 18 92.252
46 34 88.875
46 34 63.373
46 34 58.838
46 34 66.416
46 34 18.179
46 34 9.87
46 34 85.79
46 34 1.301
46 15 92.996
46 15 38.204
46 15 92.066
46 5 53.024
46 5 32.692
46 5 43.86
46 5 82.524
46 5 50.961
46 40 24.397
46 40 85.997
46 40 53.041
46 40 17.699
46 40 13.369
46 40 92.507
46 40 80.964
46 40 89.55
46 40 93.549
46 32 78.238
46 32 1.792
46 11 26.491
46 11 41.057
46 11 56.812
46 11 48.626
46 11 92.75
46 11 78.345
46 8 39.382
46 8 88.655
46 8 89.362
46 8 46.064
46 8 50.502
46 8 21.807
46 8 61.683
46 8 90.556
46 8 1.049
47 9 30.585
47 9 59.408
47 9 35.376
47 9 13.443
47 9 40.238
47 9 4.29
47 9 96.491
47 0 67.157
47 0 21.396
47 0 88.652
47 42 33.595
47 42 73.327
47 42 84.479
47 42 75.545
47 42 75.314
47 42 1.757
47 42 14.314
47 42 68.529
47 17 13.076
47 17 72.469
47 17 44.618
47 17 89.154
47 17 33.772
47 17 17.274
47 17 51.456
47 17 62.709
47 17 48.416
47 33 47.995
47 33 48.556
47 33 19.116
47 33 16.795
47 33 11.698
47 33 61.578
47 33 36.09
47 34 99.136
47 34 38.762
47 34 83.472
47 34 87.867
47 34 8.31
47 34 26.8
47 34 71.715
47 34 51.35
47 34 12.947
47 3 72.006
47 3 91.533
47 29 21.713
47 29 85.794
47 29 36.225
47 29 86.575
47 29 69.018
48 40 78.942
48 40 67.858
48 40 10.898
48 40 65.414
48 40 38.981
48 40 2.243
48 40 35.013
48 40 13.377
48 40 36.791
48 37 16.716
48 37 79.99
48 37 98.791
48 47 85.947
48 47 33.065
48 47 14.419
48 47 78.712
48 47 68.018
48 29 83.262
48 29 45.026
48 29 36.253
48 29 13.531
48 29 99.016
48 4 15.937
48 4 76.03
48 4 74.304
48 4 67.057
48 12 19.007
48 1 50.188
48 11 64.349
48 11 3.157
48 11 26.534
49 35 43.189
49 35 27.069
49 35 32.308
49 25 92.587
49 25 21.731
49 25 92.678
49 25 13.337
49 25 11.595
49 48 47.059
49 48 5.313
49 39 71.281
49 39 57.116
49 39 53.95
49 39 91.98
49 39 42.84
49 39 19.058
49 8 68.646
49 8 88.323
49 8 24.157
49 8 28.491
49 8 86.532
49 8 50.531
49 8 6.379
49 30 89.346
49 30 29.727
49 30 97.263
49 30 83.373
49 30 99.756
49 30 48.451
49 30 98.06
49 0 27.551
49 0 97.998
49 0 24.402
49 2 29.541
49 2 77.116
49 2 38.366
49 2 63.442
49 2 12.531
49 2 76.614
49 2 22.26
49 2 45.494
49 2 34.896
49 2 62.745
50 16 15.38
50 16 9.349
50 16 93.259
50 16 90.788
50 16 68.276
50 36 88.338
50 36 89.542
50 36 85.874
50 49 0.366
50 49 74.636
50 49 71.395
50 49 38.89
50 49 61.14
50 49 40.408
50 49 9.71
50 49 87.188
50 49 0.825
50 49 95.223
50 40 54.704
50 40 88.681
50 40 72.517
50 40 33.564
50 40 53.153
50 40 87.116
50 40 52.428
50 39 15.953
50 39 44.103
50 39 2.96
50 39 54.911
50 39 0.949
50 39 91.147
50 39 83.501
50 39 90.502
50 39 43.951
50 39 44.872
50 39 33.396
50 39 56.169
50 39 37.93
50 39 55.88
50 39 56.188
50 39 85.67
50 39 70.07
50 39 56.87
50 16 52.007
50 16 28.623
50 16 80.4
50 16 17.741
50 16 7.824
50 16 84.77
50 16 98.471
50 16 80.143
50 16 13.246
50 16 29.094
50 39 29.151
50 39 59.6
50 39 1.687
50 39 98.023
50 39 66.614
50 39 82.422
50 39 61.634
50 39 71.852
51 38 21.525
51 38 41.416
51 38 65.326
51 38 13.816
51 38 26.699
51 38 10.191
51 38 42.846
51 38 56.999
51 13 71.328
51 13 2.903
51 30 0.94
51 30 54.108
51 16 83.639
51 16 90.108
51 8 18.459
51 8 81.017
51 2 98.67
51 12 91.547
51 12 33.104
51 12 54.076
51 12 14.362
51 12 81.217
51 12 35.47
51 12 69.097
51 12 63.879
51 12 57.383
51 12 63.879
51 15 59.965
51 15 43.372
51 15 95.696
51 15 86.703
51 15 90.837
51 15 60.814
51 15 54.824
51 15 80.115
52 18 68.081
52 18 81.998
52 18 47.388
52 17 88.777
52 43 59.049
52 43 25.909
52 43 24.672
52 43 4.785
52 43 66.964
52 43 21.939
52 43 63.591
52 41 41.78
52 41 50.754
52 41 86.119
52 41 34.783
52 41 38.697
52 41 68.545
52 41 47.905
52 41 70.16
52 41 84.298
52 41 17.771
52 38 74.555
52 38 27.397
52 38 49.19
52 37 79.685
52 37 49.043
52 37 42.157
52 37 49.659
52 37 58.044
52 37 49.204
52 37 2.263
52 37 18.816
52 37 16.555
52 28 70.032
52 28 89.866
52 28 71.936
52 28 90.801
52 28 28.44
52 28 58.408
52 28 66.136
52 28 17.106
52 28 73.658
52 37 56.405
53 27 82.086
53 27 86.951
53 27 77.166
53 47 72.396
53 47 31.102
53 47 37.433
53 47 67.826
53 47 77.407
53 47 65.565
53 47 29.892
53 47 89.54
53 47 54.033
53 47 2.176
53 28 13.716
53 28 54.276
53 28 12.231
53 28 87.633
53 50 80.808
53 50 86.608
53 50 48.677
53 50 7.958
53 50 81.273
53 50 67.739
53 21 10.844
53 21 29.593
53 21 22.952
53 21 19.931
53 21 27.635
53 21 73.384
53 21 61.766
53 21 21.696
53 21 52.855
53 21 83.745
53 6 52.54
53 6 54.732
53 6 10.099
53 6 15.006
53 6 79.615
53 6 99.493
53 6 53.811
53 6 17.749
53 6 69.766
53 6 45.243
53 22 51.077
53 22 51.949
53 22 77.682
53 22 89.862
53 22 67.877
53 22 78.465
53 22 75.299
53 22 62.025
53 50 41.089
53 50 80.37
53 50 70.223
53 50 65.926
53 50 63.076
53 50 91.814
53 50 77.408
53 50 51.86
54 44 77.835
54 44 87.945
54 24 64.888
54 19 32.489
54 19 34.558
54 19 18.903
54 19 32.431
54 48 16.655
54 48 30.453
54 48 63.436
54 48 21.145
54 48 42.541
54 48 94.137
54 48 47.75
54 28 11.855
54 28 21.211
54 33 11.222
54 53 48.837
54 11 54.736
54 11 22.015
54 11 8.202
55 11 54.341
55 11 27.982
55 11 52.087
55 11 45.394
55 11 77.297
55 11 10.436
55 11 91.968
55 11 76.04
55 20 61.923
55 20 35.645
55 20 81.515
55 20 81.377
55 20 65.567
55 20 38.258
55 20 24.066
55 20 52.696
55 20 8.078
55 20 82.575
55 4 13.202
55 4 51.451
55 4 38.861
55 4 47.138
55 4 67.332
55 4 12.889
55 4 61.365
55 4 13.81
55 14 17.802
55 14 62.147
55 14 80.565
55 14 4.006
55 14 65.612
55 14 41.753
55 14 43.46
55 14 1.386
55 9 83.463
55 9 19.443
55 9 62.165
55 9 61.945
55 9 0.923
55 23 25.097
55 23 85.099
55 23 97.909
55 23 84.55
55 23 34.949
55 23 16.108
55 21 97.68
55 10 1.189
55 10 55.327
55 10 11.765
55 10 47.606
55 10 40.716
55 10 78.484
55 10 98.959
55 10 62.012
55 10 30.415
55 10 81.145
56 41 74.65
56 41 9.739
56 41 1.399
56 41 15.789
56 41 80.55
56 41 31.703
56 41 25.762
56 41 67.61
56 41 46.107
56 41 51.409
56 22 27.747
56 22 26.739
56 22 51.326
56 22 53.525
56 22 37.645
56 22 71.484
56 13 70.898
56 13 81.488
56 13 64.25
56 13 15.171
56 13 43.095
56 13 30.753
56 13 48.248
56 13 46.989
56 13 15.04
56 47 79.82
56 47 4.125
56 47 17.832
56 47 44.187
56 42 23.852
56 42 52.241
56 42 85.306
56 44 37.433
56 44 96.128
56 44 55.408
56 44 81.954
56 44 13.51
56 44 69.25
56 44 84.689
56 44 8.208
56 44 44.015
56 38 74.007
56 38 93.907
56 38 9.267
56 38 48.557
56 38 92.135
56 38 12.149
56 38 3.406
56 38 76.068
56 38 65.786
56 38 11.395
56 14 56.241
57 56 90.722
57 56 64.247
57 56 22.555
57 56 8.376
57 54 4.77
57 54 16.599
57 54 75.611
57 54 54.804
57 54 31.63
57 54 72.814
57 54 9.903
57 54 67.347
57 54 0.396
57 26 70.041
57 26 28.175
57 26 9.716
57 26 55.174
57 26 6.761
57 26 31.107
57 26 48.17
57 14 95.168
57 14 15.013
57 14 95.758
57 14 14.879
57 14 82.605
57 16 97.345
57 16 69.842
57 16 13.633
57 16 7.508
57 16 49.881
57 26 36.937
57 26 64.067
57 26 60.763
57 19 76.412
57 19 75.858
57 19 6.035
57 19 26.304
57 19 12.944
57 19 99.618
57 19 47.241
57 19 52.153
57 47 20.869
57 47 78.562
57 47 53.102
57 47 64.262
58 37 96.673
58 37 24.589
58 37 85.753
58 37 52.228
58 37 40.275
58 37 80.753
58 15 42.898
58 15 59.959
58 15 14.292
58 15 16.857
58 15 99.561
58 15 32.46
58 36 42.94
58 36 68.948
58 36 40.958
58 36 55.47
58 36 22.618
58 36 24.117
58 36 70.232
58 28 68.985
58 28 15.175
58 28 57.024
58 19 48.832
58 19 83.034
58 19 48.28
58 19 28.05
58 19 82.272
58 19 26.655
58 19 75.196
58 47 74.256
58 47 92.194
58 47 81.503
58 47 50.56
58 47 69.692
58 47 5.066
58 47 98.331
58 47 12.756
58 47 32.896
58 47 25.462
58 47 92.868
58 47 20.183
58 47 25.454
58 47 40.464
58 47 83.405
58 47 84.413
58 56 27.359
59 22 35.13
59 22 52.824
59 22 35.94
59 22 96.638
59 22 57.084
59 22 98.116
59 22 66.75
59 22 7.532
59 22 33.588
59 22 79.725
59 22 15.482
59 22 34.56
59 22 16.457
59 28 57.042
59 28 45.954
59 28 33.711
59 28 68.01
59 28 15.658
59 28 0.976
59 55 11.081
59 55 82.631
59 55 2.241
59 55 32.851
59 55 89.007
59 55 64.586
59 55 17.488
59 55 75.578
59 31 36.53
59 31 17.685
59 31 87.063
59 31 65.363
59 31 55.961
59 31 15.778
59 31 55.242
59 31 33.879
59 31 85.715
59 4 22.55
59 4 0.314
59 54 86.237
59 54 53.069
59 54 9.213
59 54 22.911
59 54 40.139
59 54 52.519
59 9 78.073
59 9 38.063
59 9 76.217
59 9 92.75
60 18 12.478
60 18 29.802
60 18 77.484
60 18 63.039
60 18 88.993
60 35 3.825
60 35 49.163
60 35 87.855
60 35 45.149
60 35 72.269
60 35 65.045
60 35 70.522
60 35 5.964
60 35 41.873
60 5 42.625
60 5 82.529
60 5 38.333
60 5 81.159
60 5 66.321
60 5 62.574
60 5 32.426
60 13 53.499
60 13 97.225
60 13 15.671
60 18 50.518
60 18 24.213
60 18 78.771
60 34 18.742
60 34 97.685
60 34 68.751
60 34 19.503
60 36 77.706
60 36 86.579
60 36 39.746
60 1 49.16
60 1 49.312
61 1 40.217
61 38 98.541
61 38 82.608
61 38 64.619
61 38 54.226
61 38 78.433
61 38 13.561
61 38 48.021
61 47 50.977
61 47 26.856
61 47 1.007
61 49 9.034
61 49 58.68
61 49 58.624
61 49 9.467
61 49 96.538
61 49 84.896
61 49 96.801
61 49 83.719
61 49 42.833
61 49 75.199
61 23 29.699
61 23 56.566
61 13 55.89
61 13 75.488
61 13 85.368
61 13 18.159
61 13 12.474
61 13 22.462
61 13 65.666
61 13 80.283
61 42 3.565
61 42 44.197
61 42 75.668
61 42 1.45
61 42 54.277
61 42 48.186
61 34 34.422
61 34 17.217
61 34 30.646
61 34 52.455
61 34 74.441
61 34 70.378
61 34 78.201
61 34 94.83
62 14 44.67
62 14 97.17
62 14 64.638
62 10 15.445
62 10 61.698
62 21 51.364
62 21 25.923
62 21 43.841
62 21 75.478
62 21 56.912
62 21 56.856
62 46 32.898
62 46 60.958
62 46 22.456
62 0 11.839
62 0 58.079
62 0 8.589
62 0 84.5
62 0 60.639
62 0 21.021
62 8 64.555
62 8 23.049
62 8 49.068
62 8 6.491
62 8 88.0
62 8 92.292
62 8 87.078
62 8 5.167
62 8 76.111
62 8 7.447
62 21 82.908
62 23 75.03
62 23 54.812
62 23 64.313
62 23 95.085
62 23 47.358
62 23 68.443
62 23 58.32
62 23 66.695
62 23 24.42
62 23 65.132
63 23 55.746
63 23 17.62
63 23 83.656
63 23 81.127
63 23 15.115
63 23 1.572
63 16 39.145
63 16 75.931
63 16 41.881
63 16 80.844
63 16 17.6
63 16 13.798
63 17 30.168
63 17 73.29
63 17 51.239
63 17 0.503
63 17 33.495
63 17 48.693
63 15 4.854
63 15 84.249
63 15 99.592
63 15 59.055
63 10 40.921
63 10 34.653
63 10 14.92
63 10 25.181
63 10 1.627
63 10 75.24
63 10 98.271
63 10 29.484
63 10 38.082
63 10 90.433
63 16 18.795
63 16 80.412
63 16 12.915
63 16 55.647
63 16 37.906
63 16 73.127
63 14 2.235
63 13 76.527
63 13 3.439
64 57 80.554
64 57 27.41
64 57 43.499
64 57 50.97
64 57 22.226
64 57 71.283
64 57 56.614
64 57 0.192
64 57 50.974
64 7 97.734
64 7 29.445
64 7 37.913
64 7 11.544
64 7 0.41
64 7 14.061
64 7 90.797
64 7 76.524
64 7 18.725
64 7 5.469
64 63 34.981
64 63 56.047
64 60 10.49
64 60 25.295
64 60 45.542
64 60 99.11
64 34 68.703
64 34 54.47
64 61 35.826
64 61 4.962
64 61 19.442
64 61 91.949
64 61 48.469
64 61 98.592
64 61 92.984
64 61 30.31
64 61 36.344
64 61 55.39
64 62 82.626
64 62 64.265
64 62 41.331
64 62 1.975
64 62 44.12
64 62 38.189
64 62 90.785
64 62 77.317
64 62 68.18
64 21 50.688
64 21 0.845
64 21 93.994
64 21 65.335
65 3 9.529
65 3 76.91
65 3 64.374
65 3 20.481
65 3 25.747
65 3 3.935
65 3 87.176
65 3 5.067
65 3 51.076
65 3 78.569
65 47 60.538
65 47 61.943
65 47 97.57
65 47 86.594
65 47 63.657
65 47 71.481
65 47 43.962
65 47 65.399
65 47 38.709
65 15 39.442
65 15 41.594
65 15 68.275
65 15 88.572
65 15 7.265
65 15 7.859
65 15 90.249
65 63 88.714
65 63 18.164
65 63 53.219
65 63 95.919
65 63 30.318
65 63 1.397
65 63 87.181
65 63 62.818
65 63 97.481
65 63 87.314
65 36 37.094
65 36 0.934
65 36 37.792
65 36 9.6
65 36 92.09
65 36 43.946
65 36 60.492
65 36 73.544
65 36 35.299
65 36 39.807
65 47 55.182
65 47 97.063
65 47 24.332
65 47 26.121
65 24 11.878
65 24 94.085
65 24 0.783
65 24 15.049
65 24 0.917
65 24 43.188
65 24 2.626
65 24 92.957
65 24 42.339
65 15 1.698
65 15 28.676
65 15 43.545
65 15 90.626
66 29 56.212
66 29 95.329
66 29 94.531
66 29 74.079
66 29 64.228
66 59 18.185
66 59 60.109
66 59 76.905
66 59 66.095
66 59 58.505
66 59 95.995
66 51 81.92
66 51 40.384
66 51 11.451
66 51 79.078
66 51 36.634
66 0 79.418
66 0 49.985
66 0 38.153
66 0 6.093
66 0 4.459
66 0 48.673
66 33 21.857
66 33 95.471
66 33 71.77
66 33 75.236
66 33 42.413
66 33 28.607
66 33 34.729
66 33 37.684
66 33 99.531
66 8 36.582
66 8 10.433
66 8 83.204
66 8 81.043
66 8 14.277
66 8 39.146
66 12 44.986
66 12 20.797
66 12 27.732
66 12 67.97
66 12 69.824
66 12 12.289
66 12 49.919
66 5 53.166
67 51 24.807
67 51 58.639
67 51 16.961
67 51 37.268
67 51 20.303
67 51 95.697
67 51 68.373
67 51 16.43
67 20 59.938
67 20 99.697
67 20 70.081
67 20 29.491
67 20 69.871
67 20 72.398
67 20 75.149
67 20 97.171
67 20 10.736
67 1 40.988
67 1 56.962
67 1 6.883
67 1 77.054
67 1 74.099
67 41 13.175
67 41 74.123
67 41 64.438
67 41 76.267
67 41 75.467
67 41 69.05
67 41 68.452
67 5 60.595
67 24 80.378
67 24 42.249
67 24 54.357
67 24 93.094
67 24 16.844
67 24 70.17
67 24 27.805
67 24 51.237
67 24 16.118
67 34 50.065
67 34 91.398
67 34 90.295
67 1 88.658
67 1 90.063
68 67 25.651
68 67 84.067
68 67 80.403
68 67 15.74
68 67 5.81
68 67 33.824
68 67 20.003
68 67 55.592
68 63 30.355
68 6 49.343
68 6 94.082
68 6 94.691
68 6 93.995
68 6 19.414
68 6 95.819
68 43 71.004
68 30 55.62
68 30 85.149
68 41 46.495
68 41 65.577
68 41 30.795
68 41 64.09
68 41 93.936
68 44 98.942
68 44 65.252
68 44 63.776
68 44 38.86
68 44 19.917
68 44 74.619
68 44 41.884
68 44 80.273
68 50 22.395
68 50 22.086
68 50 89.56
68 50 24.968
68 50 44.488
68 50 24.897
68 50 7.401
68 50 95.234
68 50 68.965
69 52 17.934
69 52 22.575
69 47 40.424
69 47 27.883
69 47 94.49
69 47 34.782
69 12 73.054
69 12 91.495
69 55 5.661
69 55 88.964
69 55 76.616
69 55 20.687
69 55 20.933
69 55 44.461
69 55 3.834
69 55 21.665
69 55 97.911
69 55 78.012
69 56 9.434
69 56 4.193
69 56 5.554
69 56 76.483
69 56 45.679
69 56 58.313
69 56 62.636
69 56 6.485
69 56 0.891
69 56 19.175
69 45 99.698
69 45 82.739
69 45 32.26
69 45 90.692
69 45 60.556
69 45 7.576
69 7 43.109
69 7 85.85
69 7 26.288
69 7 7.356
69 51 48.71
69 51 84.304
69 51 76.997
69 51 21.38
69 51 50.469
69 51 17.52
69 51 92.755
70 38 36.45
70 38 66.098
70 38 29.844
70 38 50.699
70 15 18.205
70 15 69.968
70 15 31.219
70 28 12.435
70 28 59.452
70 28 6.096
70 28 10.263
70 28 50.767
70 28 37.836
70 28 14.119
70 17 19.146
70 17 46.51
70 17 48.319
70 17 47.588
70 17 27.498
70 17 0.166
70 17 55.258
70 17 23.876
70 26 39.853
70 26 54.809
70 26 17.909
70 26 14.475
70 26 37.011
70 26 84.594
70 26 99.277
70 60 15.226
70 60 18.824
70 60 39.122
70 60 87.121
70 60 72.682
70 60 59.464
70 2 4.227
70 2 23.932
70 2 62.989
70 2 11.379
70 2 87.138
70 2 22.524
70 2 8.362
70 2 78.745
70 2 50.255
70 2 90.005
70 32 70.944
70 32 92.562
70 32 54.361
70 32 19.36
70 32 6.053
70 32 38.952
70 32 32.003
70 32 99.257
71 3 91.087
71 3 1.269
71 3 21.064
71 3 62.463
71 3 16.791
71 3 9.557
71 33 30.398
71 33 27.695
71 33 21.989
71 33 51.821
71 33 11.521
71 33 24.609
71 33 97.996
71 33 74.797
71 33 0.996
71 33 79.713
71 51 46.516
71 51 67.099
71 51 29.058
71 51 18.972
71 3 61.422
71 3 22.073
71 3 7.936
71 3 51.69
71 3 32.78
71 3 63.767
71 66 87.941
71 66 93.059
71 66 17.061
71 67 93.934
71 67 41.219
71 67 19.683
71 67 50.192
71 67 5.912
71 67 63.919
71 54 22.202
71 54 81.744
71 54 26.368
71 54 5.922
71 54 40.005
71 54 74.567
71 54 49.199
71 54 56.478
71 46 4.37
71 46 14.589
71 46 57.955
71 46 80.896
71 46 7.547
71 46 47.606
71 46 48.354
71 46 41.989
71 46 3.907
72 46 48.906
72 46 9.183
72 46 17.118
72 46 66.93
72 50 56.945
72 50 88.51
72 35 89.334
72 35 14.829
72 35 94.108
72 35 5.004
72 35 27.854
72 63 82.408
72 63 8.511
72 63 74.984
72 63 40.797
72 63 74.785
72 63 76.273
72 64 54.619
72 64 13.769
72 64 56.939
72 64 80.061
72 64 79.716
72 64 86.632
72 64 57.635
72 64 37.836
72 64 38.966
72 64 95.918
72 33 99.878
72 57 50.786
72 57 4.713
72 57 85.974
72 57 16.656
72 57 96.223
72 57 95.346
72 50 37.257
72 50 52.944
72 50 56.313
72 50 87.008
72 50 93.169
72 50 55.795
72 50 67.471
72 50 23.419
72 50 25.171
72 50 78.424
73 32 36.232
73 32 60.94
73 29 78.911
73 29 98.577
73 29 66.261
73 29 32.361
73 29 69.928
73 29 42.129
73 29 83.509
73 29 27.892
73 29 9.878
73 29 30.523
73 29 71.564
73 29 68.734
73 29 32.265
73 29 91.318
73 72 36.277
73 72 14.317
73 7 89.931
73 7 89.205
73 7 58.914
73 19 58.558
73 19 79.599
73 19 88.731
73 19 25.272
73 19 17.015
73 19 47.753
73 19 91.691
73 19 28.799
73 32 23.214
73 32 8.533
73 32 5.276
73 32 36.223
73 32 84.661
73 32 74.379
73 69 16.416
73 69 91.292
73 69 91.608
73 69 64.579
73 69 21.898
73 69 26.235
74 29 52.795
74 8 81.553
74 8 23.865
74 8 93.423
74 8 70.47
74 8 36.849
74 8 5.445
74 8 28.602
74 8 23.146
74 8 6.828
74 8 28.349
74 72 38.955
74 72 57.353
74 72 95.3
74 72 97.569
74 72 85.106
74 72 61.749
74 72 13.705
74 72 25.283
74 72 35.832
74 54 91.354
74 54 23.296
74 70 67.197
74 41 87.476
74 41 80.802
74 41 63.954
74 41 84.302
74 71 6.171
74 51 40.694
74 51 0.056
75 37 59.47
75 37 35.99
75 37 69.761
75 37 83.88
75 37 35.615
75 37 20.089
75 37 44.208
75 37 43.744
75 37 10.516
75 24 94.632
75 24 52.768
75 24 73.287
75 24 38.425
75 24 99.442
75 24 71.143
75 24 46.705
75 24 8.544
75 24 26.399
75 69 41.699
75 69 38.341
75 69 6.311
75 69 84.131
75 69 84.223
75 69 19.927
75 69 20.874
75 69 40.289
75 69 94.884
75 69 81.142
75 23 13.966
75 23 10.46
75 23 61.456
75 23 49.575
75 23 91.09
75 23 87.564
75 23 88.769
75 23 36.696
75 23 17.659
75 41 63.293
75 43 52.823
75 43 75.646
75 43 6.093
75 43 21.553
75 43 75.374
75 43 99.147
75 43 6.068
75 43 93.708
75 59 66.852
75 59 20.975
75 59 92.636
75 59 92.193
75 59 2.84
75 59 12.756
76 30 20.739
76 30 71.745
76 30 91.227
76 30 13.025
76 30 5.73
76 43 1.488
76 43 20.076
76 43 64.272
76 51 42.799
76 13 3.048
76 13 29.642
76 13 13.125
76 13 89.094
76 13 54.087
76 13 12.55
76 13 11.185
76 13 67.727
76 13 94.622
76 13 4.275
76 42 29.517
76 42 29.38
76 42 9.901
76 42 5.675
76 42 47.208
76 0 76.961
76 0 98.163
76 0 30.445
76 0 74.321
76 65 27.434
76 65 20.783
76 65 52.894
76 32 35.797
76 32 1.338
76 32 92.285
76 32 11.882
76 32 85.928
76 32 3.191
76 32 47.852
77 21 64.718
77 61 6.27
77 61 79.533
77 61 15.738
77 61 39.218
77 61 13.373
77 61 92.201
77 61 0.036
77 61 49.945
77 61 18.297
77 18 72.389
77 18 26.571
77 1 20.714
77 1 91.593
77 1 22.176
77 1 37.487
77 1 92.874
77 1 54.691
77 1 22.447
77 1 68.171
77 20 8.866
77 20 33.798
77 20 48.245
77 20 44.161
77 20 94.316
77 20 62.364
77 50 76.017
77 50 13.172
77 50 27.466
77 50 75.375
77 50 70.668
77 50 97.708
77 50 28.536
77 38 92.76
77 38 30.458
77 38 23.739
77 38 75.509
77 38 94.819
77 38 32.586
77 38 56.933
77 38 99.78
77 26 47.462
77 26 11.329
77 26 91.697
77 26 80.704
77 26 5.696
77 26 32.689
77 26 41.299
77 26 84.647
77 26 17.672
78 8 4.393
78 8 64.821
78 8 96.12
78 8 79.237
78 51 50.254
78 51 74.334
78 51 96.884
78 51 25.439
78 51 33.952
78 51 58.104
78 51 71.497
78 5 57.696
78 5 59.276
78 5 85.205
78 5 47.775
78 5 15.363
78 5 96.736
78 5 22.457
78 5 23.7
78 5 10.347
78 5 21.718
78 10 21.771
78 10 99.619
78 10 25.238
78 10 91.254
78 10 47.02
78 10 11.071
78 10 43.558
78 10 65.526
78 10 79.81
78 10 47.795
78 17 61.143
78 17 98.39
78 25 6.601
78 25 62.424
78 25 16.726
78 25 59.691
78 72 30.332
78 72 83.176
78 12 46.534
78 12 27.196
79 42 61.845
79 7 27.975
79 7 78.153
79 7 19.87
79 7 4.162
79 7 65.532
79 7 0.029
79 7 78.58
79 7 15.537
79 7 21.267
79 55 58.155
79 55 32.339
79 55 69.542
79 55 57.959
79 55 37.915
79 55 11.456
79 55 80.365
79 55 18.851
79 55 12.335
79 55 16.483
79 34 76.322
79 34 55.96
79 34 85.068
79 34 28.253
79 12 5.69
79 12 88.223
79 12 8.176
79 12 63.409
79 12 61.368
79 12 72.179
79 12 49.222
79 8 13.855
79 8 71.457
79 8 89.666
79 8 24.475
79 8 16.908
79 8 82.082
79 35 28.954
79 35 16.813
79 35 59.649
79 30 64.82
79 30 23.743
79 30 89.888
79 30 96.45
79 30 62.032
80 76 73.114
80 76 82.347
80 76 56.257
80 76 85.722
80 76 17.435
80 76 20.387
80 76 2.316
80 76 54.506
80 76 5.78
80 76 63.846
80 37 89.514
80 37 76.536
80 37 32.637
80 37 43.009
80 37 53.436
80 37 88.891
80 37 53.031
80 37 8.47
80 37 63.844
80 54 26.712
80 54 28.996
80 54 28.369
80 54 53.586
80 56 67.496
80 56 94.688
80 55 86.1
80 55 6.841
80 55 42.461
80 55 37.965
80 55 36.556
80 55 67.118
80 55 41.505
80 55 36.733
80 55 19.957
80 25 45.906
80 25 74.24
80 25 85.443
80 25 75.429
80 25 30.712
80 75 48.872
80 75 99.418
80 75 30.778
80 75 70.437
80 49 6.532
80 49 55.688
81 25 42.857
81 25 95.376
81 25 2.79
81 25 3.33
81 0 96.012
81 0 27.099
81 0 20.056
81 0 44.358
81 0 39.405
81 0 26.158
81 62 46.371
81 62 66.249
81 62 55.012
81 62 59.816
81 62 32.102
81 62 83.909
81 62 19.308
81 62 38.745
81 30 91.116
81 30 99.738
81 30 3.884
81 44 95.512
81 44 27.091
81 44 24.199
81 44 0.211
81 44 47.433
81 44 80.33
81 44 1.178
81 9 25.207
81 9 8.853
81 9 55.577
81 9 15.267
81 9 29.29
81 9 19.5
81 9 36.603
81 9 86.815
81 9 31.65
81 33 79.533
81 33 35.547
81 33 93.779
81 40 54.482
81 40 20.451
81 40 60.705
81 40 55.464
81 40 96.159
81 40 21.957
82 68 26.252
82 68 90.494
82 68 97.682
82 68 79.211
82 68 1.826
82 68 85.866
82 17 5.348
82 17 13.803
82 17 0.19
82 17 84.407
82 17 97.863
82 17 4.511
82 17 79.671
82 62 32.186
82 62 53.277
82 62 13.137
82 62 36.596
82 62 62.435
82 74 44.63
82 74 89.057
82 74 15.617
82 74 11.368
82 74 77.176
82 74 16.678
82 74 35.143
82 74 73.219
82 25 0.578
82 79 76.205
82 79 7.208
82 79 56.611
82 11 80.52
82 11 8.768
82 11 54.049
82 73 55.603
82 73 92.647
82 73 37.452
82 73 37.229
82 73 30.952
82 73 44.548
83 63 40.277
83 12 65.262
83 12 50.136
83 12 3.097
83 12 50.365
83 12 57.95
83 12 34.868
83 12 75.436
83 12 58.713
83 12 89.128
83 12 75.83
83 75 53.45
83 75 98.871
83 75 95.12
83 75 55.371
83 75 75.245
83 75 3.946
83 75 12.757
83 75 67.03
83 20 88.636
83 66 39.637
83 66 77.696
83 66 8.176
83 66 8.392
83 66 49.431
83 66 89.998
83 37 68.081
83 37 88.4
83 13 66.013
83 13 70.895
83 13 68.158
83 13 63.979
83 13 95.279
83 13 99.661
83 52 14.098
84 17 53.359
84 17 28.679
84 24 74.143
84 82 63.491
84 82 58.068
84 82 79.278
84 82 89.227
84 82 99.053
84 82 68.011
84 82 36.998
84 60 76.496
84 60 53.052
84 60 68.772
84 60 52.699
84 60 23.939
84 60 94.127
84 60 89.981
84 60 19.071
84 60 26.219
84 79 57.319
84 23 34.427
84 23 8.721
84 23 32.493
84 23 44.506
84 23 71.506
84 23 25.449
84 23 50.436
84 63 31.578
84 63 86.563
84 63 39.167
84 63 82.148
84 63 66.933
84 63 71.7
84 63 41.011
84 46 33.43
84 46 31.814
84 46 24.302
84 46 29.079
84 46 43.312
84 46 63.996
84 46 78.3
85 24 49.863
85 24 13.481
85 24 49.823
85 24 29.631
85 24 46.401
85 20 29.85
85 60 1.486
85 60 80.996
85 60 61.264
85 60 68.418
85 60 53.047
85 60 84.34
85 60 71.968
85 60 3.633
85 60 59.518
85 60 19.461
85 60 22.941
85 60 3.169
85 60 86.591
85 60 92.563
85 30 78.931
85 30 85.069
85 30 8.324
85 30 74.95
85 30 56.347
85 30 95.433
85 30 55.793
85 30 41.506
85 30 69.66
85 30 13.69
85 33 51.533
85 33 72.284
85 33 21.669
85 33 50.026
85 46 62.228
85 46 31.04
85 46 98.347
85 31 7.309
85 31 44.807
85 31 51.05
85 31 96.098
85 31 90.568
85 31 40.605
85 31 48.246
86 74 27.966
86 74 53.977
86 74 79.736
86 74 40.461
86 74 8.445
86 74 29.811
86 14 83.649
86 14 1.346
86 14 94.12
86 14 1.874
86 14 11.675
86 14 87.306
86 14 64.582
86 21 51.327
86 21 93.408
86 21 70.35
86 21 95.099
86 21 79.962
86 10 78.176
86 10 75.419
86 10 31.214
86 79 64.402
86 79 42.446
86 79 37.402
86 79 11.202
86 79 81.307
86 79 92.957
86 1 41.853
86 1 95.672
86 1 4.58
86 1 67.307
86 1 86.931
86 1 10.898
86 1 99.251
86 1 19.57
86 1 76.116
86 1 83.947
86 18 52.503
86 18 20.381
86 18 6.609
86 18 6.959
86 18 65.047
86 18 60.476
86 18 53.111
86 21 21.518
86 21 12.727
86 21 2.612
86 21 67.106
86 21 79.127
86 21 57.958
86 21 67.613
87 15 70.328
87 15 84.295
87 81 47.069
87 81 79.533
87 81 89.026
87 81 16.899
87 81 58.625
87 81 8.332
87 81 10.667
87 81 70.886
87 81 44.775
87 26 7.839
87 26 22.377
87 26 88.478
87 26 98.171
87 26 76.561
87 26 78.54
87 26 60.432
87 26 77.546
87 26 56.378
87 26 38.946
87 26 1.549
87 26 55.613
87 26 32.941
87 26 35.243
87 26 38.086
87 86 98.339
87 72 44.474
87 72 69.749
87 72 67.338
87 18 27.856
87 18 42.418
87 18 8.645
87 18 13.234
87 59 49.252
87 59 61.797
87 59 95.71
88 65 68.957
88 81 85.61
88 81 85.782
88 81 43.667
88 81 66.084
88 81 24.525
88 81 9.018
88 81 91.108
88 81 71.817
88 81 59.723
88 75 70.169
88 75 52.468
88 29 33.932
88 29 4.768
88 29 46.659
88 29 5.303
88 12 24.732
88 18 64.227
88 18 21.574
88 18 24.986
88 18 2.533
88 18 80.946
88 18 61.682
88 86 40.585
88 86 44.418
88 86 51.901
88 86 28.821
88 86 52.379
88 6 75.616
88 6 93.905
88 6 27.971
88 6 32.598
88 6 32.559
88 6 98.503
88 6 2.554
89 37 78.246
89 37 25.272
89 37 85.83
89 37 71.644
89 37 19.201
89 57 83.185
89 57 37.319
89 57 18.892
89 58 99.912
89 58 86.435
89 58 48.841
89 58 47.376
89 58 77.921
89 62 9.92
89 62 14.303
89 62 16.997
89 62 34.717
89 62 87.94
89 62 76.445
89 62 29.818
89 62 63.93
89 62 60.055
89 62 52.163
89 62 61.647
89 21 51.521
89 21 61.865
89 21 62.166
89 21 77.253
89 21 90.4
89 75 51.726
89 75 66.212
89 75 55.128
89 75 90.956
89 75 93.57
89 75 59.727
89 75 90.794
89 75 38.823
89 75 60.83
89 82 58.987
89 82 96.457
89 82 63.378
89 82 8.401
89 82 53.756
89 82 84.877
90 19 77.587
90 19 30.656
90 19 68.577
90 19 35.93
90 19 14.533
90 0 43.072
90 88 14.545
90 88 6.626
90 84 52.618
90 84 10.04
90 84 63.722
90 84 20.018
90 84 15.683
90 84 32.953
90 84 42.746
90 84 52.604
90 84 78.914
90 84 71.81
90 86 7.097
90 86 1.491
90 86 39.194
90 86 38.255
90 86 70.915
90 57 92.4
90 57 10.861
90 57 11.106
90 57 75.99
90 57 3.871
90 57 30.359
90 57 80.579
90 86 44.459
90 86 73.663
90 86 14.819
90 86 28.989
90 86 37.792
90 86 11.602
90 25 92.048
90 25 39.283
90 25 47.802
90 25 6.287
90 25 34.228
90 25 13.171
90 25 35.862
90 25 43.697
90 25 99.405
91 74 9.91
91 74 17.496
91 74 40.359
91 74 14.66
91 74 15.24
91 18 72.844
91 18 5.216
91 18 81.582
91 18 28.101
91 18 77.768
91 18 59.203
91 18 49.697
91 18 90.691
91 18 71.53
91 39 44.899
91 30 18.664
91 23 2.033
91 23 32.184
91 23 84.725
91 23 34.359
91 23 38.909
91 23 56.312
91 23 25.588
91 9 97.055
91 9 82.086
91 9 48.092
91 9 35.869
91 9 14.3
91 9 32.213
91 9 37.775
91 9 54.968
91 9 41.978
91 9 97.881
91 59 54.808
91 59 62.242
91 59 46.863
91 59 38.323
91 59 44.875
91 59 12.447
91 45 90.647
91 45 1.358
91 45 51.939
92 69 92.197
92 86 53.333
92 86 3.821
92 86 67.343
92 86 22.8
92 86 42.717
92 86 33.873
92 54 45.562
92 54 27.686
92 54 21.304
92 54 79.186
92 54 81.885
92 54 16.905
92 64 55.845
92 64 24.177
92 64 94.745
92 64 95.203
92 64 47.545
92 64 70.292
92 64 14.702
92 64 97.577
92 14 65.637
92 14 25.811
92 14 7.471
92 14 77.004
92 14 2.66
92 14 31.766
92 14 17.365
92 29 1.422
92 66 62.052
92 66 64.831
92 66 86.535
92 66 90.096
92 66 11.32
92 66 4.052
92 66 44.271
92 57 53.624
92 57 56.167
92 57 94.833
92 57 24.97
92 57 1.811
92 57 10.282
92 57 64.648
92 57 59.614
92 57 38.653
93 20 40.037
93 20 8.194
93 20 6.191
93 20 8.914
93 20 51.734
93 20 80.961
93 20 50.625
93 20 56.67
93 20 74.876
93 23 85.24
93 23 21.52
93 23 19.138
93 8 71.808
93 8 61.143
93 8 75.267
93 77 57.376
93 77 92.857
93 77 23.292
93 77 34.307
93 77 95.695
93 77 81.266
93 77 42.064
93 77 27.533
93 77 48.678
93 80 58.284
93 70 6.516
93 70 47.025
93 70 42.061
93 70 98.727
93 70 36.587
93 70 3.234
93 70 27.839
93 83 37.86
93 83 43.48
93 83 36.721
93 83 15.581
93 83 33.061
93 83 54.706
93 83 59.194
93 83 85.699
93 83 40.927
93 3 37.855
94 34 94.113
94 34 26.641
94 34 87.288
94 34 67.226
94 34 92.406
94 34 96.776
94 34 66.652
94 34 29.141
94 34 54.342
94 25 43.013
94 25 86.515
94 25 40.212
94 25 30.091
94 25 14.57
94 25 93.315
94 66 65.397
94 66 24.395
94 66 28.979
94 66 49.033
94 66 53.17
94 66 3.182
94 66 88.924
94 66 69.952
94 66 20.369
94 66 66.236
94 33 47.698
94 33 55.449
94 33 50.418
94 23 35.075
94 23 34.993
94 23 8.853
94 3 27.203
94 3 23.262
94 3 60.886
94 3 25.736
94 3 60.446
94 3 33.777
94 3 89.345
94 31 30.211
94 31 8.156
94 31 16.766
94 31 18.216
94 31 59.937
94 31 89.826
94 31 85.046
94 31 69.234
94 31 21.558
94 31 43.085
94 82 55.594
94 82 50.426
94 82 55.177
94 82 18.285
94 82 32.264
94 82 97.885
94 82 22.315
94 82 35.365
94 82 34.785
95 39 76.405
95 20 64.984
95 20 40.726
95 20 48.982
95 20 77.959
95 20 70.408
95 20 4.499
95 20 65.595
95 20 45.812
95 20 56.891
95 20 9.692
95 41 76.085
95 41 13.123
95 41 36.938
95 18 69.927
95 18 55.358
95 18 69.254
95 18 54.076
95 18 69.651
95 18 60.557
95 18 67.792
95 18 63.891
95 18 54.533
95 18 50.365
95 56 44.82
95 56 48.177
95 56 94.096
95 56 51.157
95 40 60.491
95 40 17.507
95 40 24.188
95 40 95.194
95 76 78.886
95 76 27.56
95 76 31.443
95 76 5.519
95 76 78.158
95 76 91.032
95 76 16.39
95 76 1.91
95 76 8.997
95 76 64.164
95 19 71.745
95 19 3.948
95 19 58.67
95 19 75.866
95 19 62.29
95 19 34.759
95 19 55.012
95 19 33.261
96 79 61.529
96 79 41.118
96 79 88.881
96 79 71.649
96 79 97.381
96 79 84.979
96 79 83.596
96 79 9.014
96 79 34.285
96 71 91.329
96 78 1.681
96 78 30.366
96 78 99.788
96 78 3.176
96 78 10.548
96 78 99.713
96 78 3.197
96 78 23.625
96 2 51.365
96 2 62.779
96 2 68.121
96 28 49.053
96 28 95.743
96 40 75.475
96 40 90.827
96 40 66.598
96 40 51.654
96 40 6.293
96 66 75.803
96 66 43.957
96 66 66.34
96 66 70.289
96 66 61.67
96 66 51.559
96 66 30.009
96 66 53.323
96 66 73.371
96 66 30.858
96 86 98.309
96 86 25.571
96 86 61.156
96 86 39.628
96 86 25.013
96 86 93.803
96 86 34.067
96 86 58.921
96 86 95.891
97 86 7.848
97 95 79.878
97 95 29.466
97 95 27.942
97 95 27.823
97 95 74.888
97 95 12.551
97 95 28.677
97 95 48.473
97 95 55.485
97 95 79.678
97 20 67.897
97 20 49.618
97 20 2.316
97 20 65.397
97 20 18.676
97 20 44.491
97 80 99.53
97 80 10.647
97 80 63.08
97 47 86.421
97 47 24.688
97 47 73.2
97 47 1.362
97 47 83.338
97 47 10.554
97 47 97.372
97 47 1.531
97 47 40.374
97 47 99.777
97 80 63.547
97 80 90.161
97 80 45.276
97 80 30.742
97 80 54.061
97 80 67.946
97 80 88.346
97 80 47.731
97 80 44.607
97 80 68.426
97 34 15.944
97 34 74.271
97 34 52.571
97 34 47.754
97 34 69.564
97 34 27.687
97 65 76.853
97 65 81.769
97 65 41.775
97 65 74.401
97 65 41.938
97 65 4.65
97 65 73.306
98 52 62.345
98 81 15.537
98 28 96.542
98 28 34.503
98 28 32.08
98 28 22.762
98 28 70.45
98 28 12.118
98 28 13.286
98 28 72.979
98 95 90.544
98 95 15.368
98 95 15.801
98 95 3.578
98 95 3.417
98 95 29.2
98 95 77.524
98 95 90.092
98 94 48.051
98 94 31.058
98 94 25.161
98 71 39.285
98 71 12.589
98 71 45.078
98 71 97.517
98 71 36.555
98 71 12.244
98 71 2.757
98 60 49.067
98 60 51.167
98 60 45.041
98 60 31.562
98 60 34.872
98 25 66.282
98 25 16.208
98 25 27.809
98 25 70.751
98 25 88.318
99 97 51.682
99 97 73.703
99 97 46.739
99 97 44.246
99 97 33.88
99 71 25.205
99 71 42.271
99 76 20.319
99 76 44.973
99 41 88.944
99 41 44.419
99 41 60.254
99 41 13.888
99 41 75.113
99 41 62.515
99 41 22.745
99 41 68.373
99 41 11.458
99 53 23.25
99 19 91.039
99 19 45.438
99 19 20.765
99 19 34.022
99 19 74.558
99 19 45.157
99 19 18.693
99 19 14.092
99 19 19.063
99 52 55.159
99 52 30.426
99 52 85.237
99 52 50.328
99 52 81.821
99 74 19.312
99 74 14.86
99 74 9.659
99 74 58.793
99 74 21.185
99 74 48.28
99 74 84.053
99 74 59.441
99 74 5.202
0 0 88.818
1 1 84.061
1 1 41.159
2 2 97.045
2 2 3.25
3 3 71.902
3 3 4.656
4 4 47.767
4 4 62.19
4 4 77.801
5 5 80.964
6 6 19.845
6 6 27.327
7 7 12.757
7 7 67.222
7 7 32.694
8 8 76.083
8 8 93.736
9 9 4.049
9 9 64.668
10 10 16.524
10 10 41.02
10 10 19.008
11 11 57.148
12 12 41.436
13 13 48.588
14 14 77.291
15 15 7.539
15 15 17.473
16 16 96.597
16 16 5.39
16 16 58.24
17 17 89.283
17 17 19.842
18 18 28.371
18 18 3.977
19 19 51.688
19 19 80.993
20 20 59.249
21 21 90.899
22 22 80.172
22 22 27.151
22 22 91.625
23 23 88.008
23 23 45.444
23 23 68.169
24 24 27.438
24 24 92.645
24 24 70.509
25 25 46.474
25 25 8.53
26 26 50.803
27 27 22.99
27 27 70.997
28 28 78.841
28 28 97.492
29 29 23.36
29 29 51.174
30 30 28.051
30 30 35.381
30 30 90.66
31 31 57.281
32 32 17.882
32 32 88.655
33 33 47.743
33 33 5.733
34 34 88.019
34 34 25.105
35 35 90.013
35 35 49.384
35 35 46.497
36 36 47.864
37 37 82.037
37 37 72.203
37 37 70.876
38 38 55.501
38 38 54.427
39 39 77.542
39 39 1.076
40 40 63.559
40 40 9.289
41 41 35.596
41 41 71.769
41 41 63.303
42 42 58.248
42 42 31.213
42 42 91.46
43 43 34.708
44 44 63.362
44 44 91.591
44 44 22.239
45 45 84.671
45 45 91.361
45 45 39.673
46 46 31.791
46 46 44.222
46 46 32.589
47 47 3.895
48 48 37.965
48 48 6.866
48 48 77.834
49 49 83.652
50 50 43.595
51 51 88.913
52 52 91.551
52 52 21.18
53 53 50.827
54 54 75.996
55 55 15.551
55 55 76.064
56 56 52.108
56 56 78.235
56 56 87.601
57 57 28.789
57 57 30.457
57 57 49.196
58 58 54.164
58 58 46.593
59 59 93.254
59 59 65.474
60 60 59.707
60 60 40.13
61 61 64.314
61 61 21.451
62 62 91.462
62 62 42.326
63 63 97.879
63 63 3.948
63 63 71.011
64 64 68.692
64 64 64.038
65 65 99.692
66 66 17.715
67 67 78.671
67 67 72.085
68 68 45.728
68 68 67.78
69 69 39.487
69 69 88.712
69 69 74.131
70 70 11.823
70 70 51.372
70 70 41.822
71 71 60.606
71 71 15.237
72 72 77.928
73 73 98.99
73 73 82.121
73 73 20.726
74 74 88.435
74 74 84.372
74 74 20.815
75 75 30.631
75 75 9.459
76 76 24.863
76 76 72.498
76 76 38.32
77 77 76.485
78 78 5.384
79 79 99.651
79 79 79.236
79 79 1.381
80 80 39.746
80 80 70.278
80 80 62.458
81 81 67.679
81 81 19.006
82 82 33.579
83 83 91.46
84 84 26.15
84 84 17.057
84 84 98.909
85 85 73.927
85 85 79.939
85 85 78.442
86 86 40.709
86 86 85.455
86 86 47.286
87 87 71.992
87 87 94.227
88 88 14.431
89 89 99.104
89 89 6.454
90 90 77.598
91 91 22.081
91 91 60.709
92 92 28.645
93 93 53.583
93 93 77.463
93 93 0.708
94 94 73.397
94 94 56.099
94 94 5.43
95 95 95.097
95 95 33.51
95 95 50.124
96 96 45.535
97 97 44.842
97 97 19.23
97 97 95.129
98 98 55.991
98 98 30.284
98 98 27.095
99 99 98.841
99 99 55.886
