100
0 3 28.551
0 6 35.194
0 8 41.093
0 9 43.572
0 13 78.641
0 14 20.951
0 16 14.432
0 21 66.202
0 25 39.238
0 26 27.209
0 36 56.953
0 46 95.549
0 52 29.19
0 53 32.554
0 54 35.493
0 55 86.173
0 57 98.775
0 65 1.245
0 66 46.282
0 67 46.153
0 71 40.97
0 72 96.864
0 76 7.935
0 80 52.291
0 81 0.562
0 88 96.387
0 89 7.549
1 0 74.226
1 2 16.445
1 4 82.475
1 10 96.484
1 13 75.281
1 15 12.345
1 16 57.313
1 19 97.247
1 22 31.904
1 23 59.078
1 25 38.373
1 26 97.742
1 28 21.642
1 31 45.177
1 35 2.697
1 38 54.64
1 44 79.598
1 46 98.742
1 49 65.155
1 50 37.946
1 51 44.63
1 63 44.643
1 64 38.903
1 68 1.096
1 70 85.901
1 71 57.95
1 75 64.869
1 77 80.123
1 82 74.62
1 89 1.328
1 96 21.513
1 98 23.13
2 4 90.114
2 7 76.594
2 13 60.783
2 19 72.046
2 32 95.788
2 33 64.807
2 36 19.734
2 38 60.83
2 40 42.732
2 41 7.285
2 48 21.904
2 57 63.769
2 60 81.979
2 62 49.634
2 67 43.457
2 68 51.873
2 70 53.11
2 73 13.285
2 75 66.408
2 76 39.292
2 80 74.83
2 88 14.561
2 90 10.891
2 98 40.391
3 5 24.513
3 9 37.751
3 12 30.274
3 13 69.4
3 14 88.255
3 15 41.989
3 17 42.924
3 23 9.961
3 36 58.589
3 39 50.812
3 47 61.068
3 52 91.911
3 53 57.869
3 58 30.46
3 65 9.427
3 68 69.108
3 76 98.389
3 78 32.228
3 85 78.421
3 88 24.309
3 89 19.976
3 93 60.212
3 97 50.924
4 7 78.523
4 8 5.598
4 14 84.806
4 21 65.72
4 27 97.82
4 36 9.373
4 45 8.544
4 48 98.977
4 51 39.159
4 60 50.17
4 62 46.81
4 66 14.375
4 75 81.726
4 78 26.277
4 79 19.291
4 83 90.242
4 85 53.611
4 87 46.22
4 94 26.771
4 96 64.033
5 8 25.184
5 11 5.866
5 12 92.579
5 13 40.84
5 19 71.666
5 20 48.648
5 32 22.514
5 37 84.215
5 38 27.98
5 42 68.635
5 58 81.594
5 59 64.641
5 60 85.579
5 61 0.205
5 66 87.399
5 67 19.227
5 69 97.052
5 70 66.837
5 71 59.469
5 79 24.416
5 83 26.001
5 87 55.065
5 89 33.184
5 94 42.93
5 95 38.678
5 97 79.313
6 5 40.23
6 8 77.189
6 13 72.254
6 15 95.745
6 16 24.609
6 20 67.031
6 27 73.646
6 28 86.941
6 30 45.005
6 35 21.063
6 43 38.984
6 50 23.161
6 57 73.075
6 63 74.581
6 64 16.961
6 67 16.935
6 68 48.747
6 72 74.606
6 82 94.143
6 83 50.4
7 5 66.848
7 8 10.196
7 11 43.278
7 13 95.603
7 15 67.041
7 24 56.758
7 28 99.467
7 30 20.131
7 32 65.857
7 35 33.493
7 37 60.395
7 40 80.847
7 45 18.619
7 46 94.637
7 48 64.513
7 50 8.32
7 51 82.944
7 52 4.657
7 54 76.179
7 58 43.798
7 66 76.865
7 68 47.99
7 69 68.261
7 71 12.565
7 76 87.966
7 79 10.548
7 80 40.779
7 84 20.96
7 85 13.125
7 86 52.697
7 89 36.837
7 91 67.407
7 92 4.236
7 95 15.035
7 99 30.758
8 14 85.477
8 22 18.99
8 23 10.276
8 33 71.292
8 38 6.581
8 39 50.23
8 44 26.815
8 53 32.484
8 54 69.758
8 62 68.846
8 66 69.304
8 72 83.563
8 74 69.888
8 79 47.634
8 83 56.414
8 84 35.46
8 96 5.954
9 6 73.942
9 10 57.752
9 11 3.226
9 13 67.012
9 22 66.392
9 30 19.082
9 32 98.553
9 33 95.261
9 34 31.019
9 45 48.15
9 49 43.545
9 57 19.998
9 59 35.614
9 64 46.95
9 65 15.4
9 68 15.987
9 74 70.798
9 75 73.388
9 79 25.613
9 81 94.997
9 82 57.772
9 84 26.495
9 86 13.574
9 88 78.699
9 92 7.554
9 93 70.402
9 95 3.28
9 96 82.351
10 8 16.353
10 12 7.959
10 16 82.518
10 21 15.591
10 24 71.135
10 31 61.316
10 34 38.886
10 35 98.099
10 36 66.208
10 37 28.243
10 40 16.523
10 52 2.332
10 55 20.786
10 60 82.985
10 65 79.139
10 67 28.026
10 69 77.674
10 70 71.227
10 82 88.923
10 83 14.818
10 84 20.964
10 85 42.363
10 88 90.143
10 89 50.072
10 91 75.013
10 95 89.706
10 96 65.029
11 4 41.832
11 6 94.167
11 10 82.675
11 24 72.21
11 25 0.193
11 29 26.408
11 38 82.261
11 44 18.361
11 45 23.615
11 46 72.252
11 47 82.296
11 48 67.819
11 49 3.449
11 51 47.751
11 56 75.255
11 57 45.219
11 58 72.227
11 62 7.657
11 66 3.031
11 68 39.667
11 75 14.286
11 76 35.135
11 78 35.639
11 82 13.143
11 84 57.621
11 87 51.139
11 88 72.495
12 9 80.097
12 16 89.448
12 22 90.498
12 37 28.64
12 39 57.012
12 40 16.752
12 41 58.572
12 42 32.263
12 47 72.259
12 52 35.361
12 57 0.17
12 62 16.117
12 72 11.838
12 73 80.006
12 79 74.122
12 89 70.912
12 96 93.002
12 98 72.178
12 99 97.923
13 8 92.614
13 14 34.265
13 18 34.572
13 22 38.056
13 25 21.87
13 27 68.775
13 28 51.88
13 37 5.612
13 40 90.6
13 49 51.139
13 50 79.064
13 55 27.162
13 57 87.3
13 61 38.72
13 63 74.919
13 65 59.944
13 68 78.732
13 77 51.351
13 78 24.733
13 79 65.851
13 84 1.287
13 85 67.84
13 86 3.471
13 87 22.816
13 89 75.858
13 91 16.215
13 94 33.033
13 98 74.074
14 9 72.914
14 11 88.48
14 17 11.495
14 18 13.938
14 19 58.927
14 21 26.444
14 23 51.821
14 32 80.959
14 35 51.8
14 36 92.752
14 50 95.695
14 51 88.82
14 53 53.036
14 58 73.438
14 62 81.129
14 63 90.461
14 65 7.718
14 66 22.224
14 71 28.458
14 75 89.705
14 76 59.682
14 77 8.481
14 80 30.259
14 84 81.045
14 86 1.322
14 94 18.725
15 0 70.303
15 4 5.617
15 11 61.735
15 17 12.878
15 21 39.667
15 33 25.021
15 35 10.949
15 36 80.349
15 49 24.338
15 55 38.065
15 58 98.534
15 60 31.945
15 64 45.251
15 73 19.816
15 75 20.716
15 79 85.882
15 81 97.281
15 82 3.835
15 87 18.5
15 95 46.231
16 4 99.179
16 8 2.134
16 9 63.237
16 13 37.773
16 15 19.807
16 23 36.511
16 25 76.649
16 33 34.953
16 37 27.333
16 42 7.796
16 45 11.098
16 54 87.829
16 57 71.571
16 60 2.078
16 61 23.734
16 63 0.914
16 64 67.552
16 77 64.312
16 80 14.083
16 84 38.198
16 85 8.489
16 91 35.962
16 94 4.774
16 98 28.484
17 7 76.111
17 16 64.939
17 20 28.95
17 21 4.3
17 26 75.416
17 28 20.752
17 31 73.014
17 39 91.562
17 41 50.659
17 44 47.475
17 45 93.324
17 47 49.946
17 50 42.637
17 58 75.469
17 63 36.171
17 67 71.86
17 70 24.797
17 71 94.957
17 75 39.44
17 76 89.498
17 77 49.529
17 81 0.069
17 92 57.572
17 96 83.14
17 98 70.878
18 0 89.429
18 4 75.783
18 9 19.91
18 11 99.446
18 20 51.134
18 21 22.087
18 22 77.458
18 25 7.655
18 28 30.709
18 30 65.43
18 38 18.967
18 47 42.981
18 49 55.868
18 53 92.703
18 56 60.0
18 57 89.287
18 60 70.846
18 63 24.577
18 64 31.447
18 65 57.96
18 71 85.263
18 72 86.551
18 74 82.729
18 75 91.535
18 80 1.182
18 83 42.51
18 92 41.407
18 93 6.762
18 95 77.703
18 96 16.234
18 97 69.786
18 98 79.275
19 4 0.837
19 8 3.666
19 13 87.884
19 22 79.638
19 28 34.976
19 36 67.343
19 38 87.999
19 47 0.232
19 51 88.77
19 57 23.073
19 58 62.026
19 59 80.111
19 60 85.421
19 61 41.077
19 62 76.744
19 64 85.006
19 66 38.775
19 79 99.446
19 82 93.419
19 85 4.058
19 86 56.151
19 90 19.836
19 91 43.363
19 98 63.4
20 7 59.124
20 8 48.979
20 11 18.251
20 12 58.638
20 15 39.666
20 16 51.818
20 21 88.767
20 24 95.767
20 33 89.555
20 34 9.433
20 36 14.469
20 41 24.087
20 44 63.914
20 48 39.971
20 50 96.047
20 52 67.185
20 53 4.479
20 56 14.087
20 58 85.204
20 67 46.425
20 70 57.588
20 72 33.83
20 73 76.466
20 76 9.269
20 79 18.046
20 81 78.73
20 84 73.797
20 86 3.233
20 88 2.675
20 91 2.274
20 92 60.749
20 94 40.845
20 95 35.64
21 1 88.132
21 5 31.161
21 9 11.175
21 12 7.104
21 32 52.088
21 35 75.375
21 39 36.011
21 44 52.597
21 46 78.748
21 52 74.252
21 55 44.458
21 57 72.992
21 58 60.867
21 59 90.55
21 65 39.076
21 66 21.414
21 67 79.423
21 79 84.57
21 88 93.478
21 89 40.267
22 3 75.231
22 10 45.641
22 17 28.201
22 21 97.061
22 26 17.856
22 27 16.854
22 28 44.7
22 31 0.14
22 44 96.91
22 45 15.961
22 46 31.808
22 48 55.205
22 52 29.374
22 55 97.126
22 56 5.736
22 58 78.228
22 59 64.793
22 75 93.727
22 77 36.018
22 86 91.08
22 94 15.585
22 98 77.137
23 2 26.652
23 13 56.705
23 19 46.495
23 21 91.967
23 22 58.165
23 24 85.23
23 25 84.184
23 28 13.576
23 31 3.896
23 32 88.326
23 35 25.083
23 41 56.057
23 54 57.07
23 59 29.335
23 60 24.585
23 64 3.433
23 68 74.213
23 79 75.445
23 88 22.83
23 89 66.142
23 91 67.848
23 93 62.404
23 99 95.631
24 1 61.106
24 6 39.388
24 13 19.721
24 26 56.769
24 34 9.889
24 37 30.478
24 40 74.105
24 47 83.232
24 48 0.514
24 55 1.333
24 62 6.645
24 63 75.181
24 64 20.021
24 76 11.124
24 77 48.481
24 79 79.706
24 80 4.589
24 84 88.943
24 85 72.293
24 86 85.854
24 94 60.05
24 95 64.5
24 99 86.715
25 2 83.834
25 8 40.784
25 9 77.572
25 10 83.569
25 17 82.836
25 22 15.245
25 37 85.8
25 38 72.815
25 41 73.631
25 46 8.722
25 47 9.634
25 48 45.783
25 51 46.543
25 53 65.223
25 55 52.864
25 58 20.218
25 61 85.969
25 63 97.572
25 84 83.484
25 85 33.058
25 86 76.254
25 92 90.06
25 99 46.219
26 3 60.742
26 30 59.952
26 31 31.503
26 33 31.436
26 38 64.492
26 43 75.899
26 54 66.123
26 56 93.59
26 61 26.986
26 62 28.201
26 63 55.038
26 66 30.579
26 69 35.282
26 70 91.761
26 72 16.695
26 76 40.248
26 81 93.822
26 87 61.359
26 88 84.328
26 91 63.142
26 95 12.395
26 99 14.072
27 8 72.007
27 11 24.937
27 12 46.537
27 20 84.824
27 30 23.365
27 36 89.94
27 37 23.749
27 42 71.951
27 47 46.978
27 53 88.401
27 57 67.775
27 62 52.835
27 67 89.241
27 69 80.777
27 77 78.73
27 92 0.969
27 93 11.733
27 94 15.448
28 9 15.956
28 14 2.073
28 20 30.712
28 26 58.047
28 32 61.974
28 35 97.708
28 42 52.769
28 47 71.636
28 51 43.213
28 52 96.345
28 62 55.831
28 63 57.799
28 66 49.429
28 69 34.221
28 73 66.948
28 74 98.912
28 78 5.674
28 80 3.678
28 83 62.041
28 89 7.139
28 91 35.483
28 94 36.079
28 98 59.497
29 2 44.724
29 5 35.696
29 6 66.255
29 12 8.611
29 14 28.449
29 26 10.491
29 30 78.659
29 33 29.343
29 36 46.685
29 37 39.562
29 43 19.045
29 44 89.263
29 48 22.851
29 49 3.566
29 55 82.074
29 58 24.168
29 60 76.524
29 65 1.183
29 69 86.984
29 70 38.702
29 73 92.863
29 74 4.419
29 85 30.64
29 88 86.858
29 93 98.995
30 4 80.547
30 12 75.22
30 16 80.69
30 17 53.028
30 19 42.776
30 22 94.762
30 24 68.184
30 31 37.011
30 33 46.797
30 38 44.51
30 39 48.726
30 40 2.66
30 43 10.213
30 44 98.01
30 47 92.197
30 52 27.672
30 53 89.679
30 55 59.358
30 58 11.038
30 64 86.599
30 67 74.523
30 69 7.719
30 70 67.167
30 72 56.948
30 73 99.087
30 77 11.617
30 79 35.14
30 80 14.152
30 90 39.886
31 3 29.045
31 5 40.48
31 13 51.158
31 14 63.416
31 25 88.347
31 27 31.041
31 28 64.924
31 29 81.367
31 33 4.776
31 34 40.194
31 35 50.347
31 38 32.485
31 40 64.234
31 42 83.301
31 44 40.325
31 47 34.678
31 53 17.637
31 56 73.164
31 60 39.554
31 61 0.914
31 66 68.481
31 67 34.329
31 68 4.833
31 71 11.372
31 72 54.327
31 73 84.599
31 78 47.891
31 86 41.785
31 88 66.042
31 89 51.373
31 95 30.382
32 15 79.862
32 16 74.714
32 25 3.839
32 29 19.192
32 31 51.632
32 33 8.824
32 37 68.045
32 39 7.121
32 40 83.783
32 41 44.78
32 50 12.57
32 53 96.867
32 55 89.988
32 57 34.225
32 60 61.299
32 66 72.063
32 70 99.895
32 75 39.416
32 76 32.119
32 80 47.491
32 82 41.306
32 93 90.187
32 94 87.112
33 4 58.429
33 7 32.341
33 18 1.623
33 19 62.733
33 23 89.073
33 35 33.881
33 47 42.621
33 56 37.612
33 57 28.42
33 64 77.194
33 66 49.652
33 69 27.036
33 76 44.708
33 78 37.625
33 79 66.945
33 83 75.955
33 84 38.706
33 87 82.09
33 92 79.862
34 6 38.935
34 7 60.028
34 11 28.779
34 19 75.649
34 27 28.178
34 44 90.761
34 50 33.127
34 56 91.268
34 62 85.435
34 64 97.297
34 65 53.576
34 71 86.563
34 72 95.487
34 79 4.295
34 80 43.681
34 81 35.808
34 83 80.077
34 85 89.573
34 86 67.904
34 89 60.414
34 94 78.468
34 97 52.785
35 2 7.562
35 4 27.567
35 13 42.771
35 16 5.645
35 17 89.033
35 18 94.561
35 19 18.901
35 27 27.965
35 30 22.625
35 41 17.458
35 43 50.167
35 45 25.632
35 47 83.49
35 48 11.328
35 49 95.393
35 52 17.395
35 54 89.862
35 56 41.265
35 58 47.376
35 63 48.647
35 64 80.518
35 66 39.074
35 68 78.481
35 70 47.418
35 86 77.652
35 96 15.083
35 99 54.169
36 5 97.745
36 7 0.907
36 18 35.712
36 22 43.38
36 33 17.203
36 40 43.155
36 41 72.546
36 43 78.389
36 45 81.789
36 49 65.747
36 50 38.625
36 55 71.529
36 56 62.656
36 57 25.035
36 69 77.014
36 70 61.283
36 81 72.341
36 84 41.89
36 86 24.279
36 88 43.003
36 93 61.912
36 94 28.907
37 9 79.122
37 22 27.821
37 33 68.426
37 34 99.362
37 40 27.145
37 43 36.069
37 44 30.561
37 46 94.88
37 47 89.208
37 49 86.072
37 51 77.903
37 57 7.58
37 60 48.805
37 62 39.201
37 65 83.054
37 71 4.684
37 75 93.058
37 80 75.909
37 82 0.621
37 84 15.91
37 91 46.947
37 92 13.048
37 93 13.404
37 95 58.362
37 98 32.834
38 7 51.645
38 9 70.457
38 15 0.498
38 32 77.026
38 35 61.262
38 36 34.462
38 41 68.968
38 45 23.994
38 47 3.168
38 50 38.67
38 59 63.004
38 67 76.082
38 68 47.871
38 73 91.278
38 77 8.246
38 78 15.882
38 92 26.252
38 93 77.615
38 95 73.155
38 96 40.626
38 99 53.098
39 0 23.461
39 4 43.161
39 5 93.379
39 7 86.923
39 9 61.541
39 10 73.904
39 13 70.051
39 33 64.989
39 34 68.795
39 40 42.489
39 48 95.523
39 51 45.492
39 57 84.063
39 69 95.539
39 74 85.679
39 84 50.6
39 91 84.058
39 95 42.619
39 96 18.082
39 97 74.388
39 98 66.646
40 3 19.101
40 6 6.884
40 9 64.485
40 15 53.333
40 26 29.728
40 34 88.93
40 38 67.518
40 43 84.965
40 52 84.216
40 62 67.502
40 63 85.857
40 72 80.083
40 74 91.747
40 80 30.031
40 81 22.498
40 84 8.083
40 88 8.785
40 89 65.936
40 98 6.901
41 0 10.939
41 7 42.625
41 9 68.823
41 10 9.587
41 14 94.065
41 43 14.104
41 44 87.636
41 46 88.899
41 47 1.136
41 52 82.602
41 53 62.679
41 54 8.871
41 63 17.921
41 69 26.889
41 70 5.179
41 75 33.039
41 78 18.575
41 79 2.043
41 82 18.292
41 94 24.839
41 96 84.102
42 2 68.72
42 29 20.374
42 30 24.476
42 40 28.335
42 43 70.514
42 52 28.747
42 55 17.648
42 60 11.901
42 65 88.483
42 69 4.502
42 71 61.983
42 73 20.182
42 76 25.242
42 79 41.929
42 85 72.328
42 86 56.385
42 88 79.789
42 97 18.474
43 9 51.693
43 20 94.655
43 23 59.43
43 25 89.198
43 31 59.772
43 51 63.346
43 55 83.42
43 66 12.787
43 76 73.394
43 77 43.864
43 78 60.086
43 79 84.712
43 81 65.38
43 83 77.385
43 91 22.458
43 93 9.654
43 95 67.076
43 98 79.473
43 99 47.526
44 2 28.248
44 6 80.835
44 7 85.259
44 14 91.954
44 15 83.931
44 19 73.812
44 24 28.106
44 28 83.509
44 32 30.112
44 33 63.169
44 35 87.778
44 40 70.24
44 43 97.287
44 45 99.123
44 50 58.911
44 54 38.487
44 55 36.072
44 56 37.689
44 68 59.173
44 70 56.301
44 76 20.798
44 79 12.964
44 81 12.777
44 85 25.352
44 86 81.296
44 89 51.815
44 93 62.418
44 98 93.507
44 99 93.627
45 0 41.016
45 10 36.425
45 12 63.818
45 13 28.269
45 15 33.847
45 18 86.585
45 21 40.738
45 24 41.493
45 30 9.955
45 32 77.048
45 34 19.732
45 40 47.198
45 41 92.045
45 43 99.273
45 47 65.908
45 48 22.221
45 59 30.561
45 61 69.303
45 68 13.133
45 70 17.345
45 78 88.21
45 79 44.898
45 82 9.012
45 83 0.995
45 88 4.512
45 99 52.14
46 10 26.236
46 17 90.964
46 20 71.03
46 27 18.873
46 31 48.847
46 34 8.076
46 39 73.86
46 47 50.295
46 49 21.892
46 50 45.415
46 51 83.549
46 55 80.998
46 57 19.696
46 66 18.712
46 68 89.56
46 79 29.597
46 80 30.911
46 81 98.562
46 82 12.12
46 84 48.441
46 86 46.425
46 89 33.429
46 91 87.966
46 95 20.853
46 98 77.673
47 0 24.265
47 2 11.346
47 5 93.179
47 6 45.271
47 14 89.162
47 16 97.792
47 21 0.257
47 26 38.132
47 39 62.394
47 40 59.415
47 49 4.85
47 50 11.037
47 55 57.875
47 58 25.763
47 60 25.971
47 62 87.64
47 65 1.772
47 67 40.259
47 68 41.118
47 70 85.524
47 72 87.931
47 80 78.322
47 82 99.97
47 86 33.998
47 93 17.243
47 98 46.676
48 5 74.549
48 6 18.875
48 9 81.54
48 10 27.423
48 15 0.772
48 16 57.657
48 19 32.074
48 23 92.178
48 37 23.694
48 40 70.312
48 42 65.262
48 43 65.491
48 46 4.008
48 50 97.42
48 51 5.394
48 52 75.071
48 53 95.2
48 65 75.913
48 72 14.088
48 75 56.198
48 85 3.449
48 88 17.209
48 92 28.635
48 95 22.975
49 2 93.765
49 3 63.405
49 12 75.247
49 19 9.659
49 21 66.123
49 23 69.918
49 24 98.746
49 26 49.727
49 31 23.322
49 33 87.629
49 43 21.406
49 45 42.38
49 52 1.709
49 58 1.429
49 59 88.938
49 63 89.143
49 67 59.724
49 70 27.371
49 81 50.389
49 85 96.069
49 93 58.757
49 95 80.913
50 15 57.422
50 18 33.084
50 22 6.211
50 26 39.82
50 27 74.512
50 29 21.464
50 33 31.158
50 43 19.752
50 49 64.754
50 68 74.225
50 73 16.223
50 77 87.599
50 78 87.465
50 86 73.507
50 97 3.149
51 22 79.509
51 23 59.854
51 44 72.168
51 49 7.036
51 52 91.698
51 60 11.641
51 71 58.934
51 84 29.205
51 85 43.228
51 86 13.465
51 90 34.93
51 92 4.218
51 93 79.478
51 95 49.245
52 6 36.296
52 16 84.238
52 19 58.716
52 24 13.38
52 38 51.142
52 39 48.541
52 47 15.841
52 50 96.932
52 53 55.097
52 64 52.896
52 72 21.284
52 74 12.977
52 76 16.142
52 81 77.127
52 84 92.815
52 89 69.986
53 5 21.983
53 10 43.406
53 12 46.89
53 16 14.075
53 19 64.756
53 23 94.556
53 24 21.706
53 26 57.424
53 28 64.455
53 34 23.249
53 35 2.698
53 37 86.835
53 40 96.062
53 47 83.605
53 56 31.433
53 62 7.785
53 64 70.823
53 65 98.187
53 66 23.83
53 67 24.216
53 71 51.422
53 80 84.337
53 82 88.31
53 84 57.715
53 94 29.532
54 1 18.99
54 9 3.807
54 12 27.906
54 24 82.598
54 28 55.681
54 37 36.07
54 38 39.474
54 49 62.08
54 57 67.243
54 60 67.618
54 64 54.473
54 66 95.648
54 69 47.245
54 71 13.125
54 73 30.105
54 75 19.205
54 79 11.652
54 80 98.441
54 82 2.292
54 88 73.275
54 99 45.533
55 5 28.924
55 9 12.013
55 16 76.618
55 17 20.747
55 28 40.954
55 60 44.923
55 62 7.405
55 64 3.56
55 75 8.771
55 83 41.536
55 90 99.014
55 95 31.861
55 96 20.383
56 2 20.142
56 5 17.648
56 8 20.981
56 9 43.389
56 12 24.324
56 14 40.709
56 17 7.317
56 19 0.392
56 21 65.18
56 23 20.549
56 32 74.647
56 39 60.365
56 41 16.341
56 48 23.676
56 51 18.234
56 67 7.089
56 71 97.867
56 73 86.033
56 76 68.709
56 82 97.609
56 88 13.663
57 4 96.311
57 20 19.458
57 35 20.732
57 40 20.472
57 42 54.748
57 43 22.119
57 47 4.889
57 59 38.063
57 63 90.306
57 64 86.739
57 65 20.735
57 66 24.474
57 67 58.603
57 71 9.468
57 76 50.144
57 78 64.666
57 79 69.497
57 87 97.339
57 89 71.669
57 91 11.004
57 94 83.665
57 95 69.363
58 8 43.561
58 23 59.567
58 31 55.484
58 39 38.25
58 40 73.261
58 43 17.17
58 51 95.634
58 53 67.099
58 56 34.007
58 57 70.712
58 63 54.697
58 72 4.752
58 82 67.739
58 85 51.974
58 86 97.735
58 96 72.903
59 4 30.422
59 8 52.923
59 14 50.066
59 15 67.625
59 20 70.501
59 26 76.496
59 28 61.538
59 29 6.321
59 30 48.637
59 33 82.103
59 34 95.995
59 41 82.286
59 42 98.634
59 47 19.776
59 50 76.804
59 53 27.791
59 58 27.492
59 67 47.374
59 71 27.349
59 74 14.824
59 75 19.518
59 78 18.976
59 80 33.8
59 88 70.818
59 93 65.985
59 95 64.768
60 8 85.009
60 17 47.664
60 20 43.979
60 22 66.486
60 24 20.251
60 27 16.112
60 34 72.427
60 36 88.62
60 38 9.519
60 40 26.194
60 53 32.399
60 58 4.41
60 59 49.274
60 66 68.795
60 71 61.866
60 72 24.471
60 76 1.888
60 77 43.554
60 84 69.07
60 97 30.87
60 98 11.593
61 10 57.998
61 11 22.641
61 15 13.651
61 20 34.072
61 36 96.871
61 37 41.609
61 41 80.91
61 49 81.852
61 51 73.763
61 52 88.502
61 64 29.894
61 72 0.239
61 76 16.083
61 81 3.236
61 82 29.405
61 83 9.994
61 87 31.047
61 94 88.09
61 96 26.745
61 97 46.722
62 1 57.136
62 16 31.477
62 25 94.485
62 38 94.057
62 54 92.043
62 59 48.222
62 68 28.743
62 74 92.388
62 86 61.452
62 90 6.479
62 92 0.648
62 93 22.447
62 99 20.693
63 0 25.245
63 3 64.436
63 8 57.134
63 10 80.482
63 15 13.415
63 21 45.656
63 27 34.336
63 31 9.626
63 33 14.293
63 34 67.629
63 38 88.197
63 39 55.963
63 43 35.362
63 46 79.167
63 47 54.952
63 50 2.718
63 54 92.854
63 68 28.487
63 69 65.266
63 80 83.691
63 84 92.066
63 87 33.3
63 90 15.595
63 93 36.224
63 94 96.898
63 96 89.022
64 2 20.631
64 8 60.686
64 20 86.505
64 27 0.407
64 31 26.844
64 39 72.472
64 41 44.783
64 43 83.411
64 47 94.17
64 48 69.029
64 71 19.038
64 83 27.229
64 96 82.83
64 97 82.302
64 98 23.041
65 20 10.369
65 22 98.519
65 30 30.104
65 43 61.265
65 55 50.406
65 56 85.233
65 58 58.622
65 63 99.132
65 67 91.853
65 71 19.243
65 77 25.028
65 81 70.26
65 84 28.724
65 85 7.081
65 92 93.105
65 95 55.477
65 97 27.304
65 98 30.346
65 99 9.381
66 1 13.885
66 3 16.252
66 6 34.166
66 13 3.3
66 23 16.435
66 34 51.951
66 36 73.995
66 59 96.763
66 65 5.143
66 67 88.907
66 74 61.612
66 81 13.143
66 82 29.681
66 86 16.947
66 91 94.319
66 92 40.255
66 94 23.688
66 95 42.094
66 97 26.151
67 4 80.721
67 7 30.293
67 16 90.421
67 18 68.664
67 24 2.574
67 25 33.872
67 29 80.17
67 39 38.272
67 46 8.464
67 63 40.1
67 75 44.952
67 84 32.247
67 88 10.57
67 92 67.005
67 94 48.497
67 95 42.193
67 96 72.208
67 99 12.218
68 8 29.592
68 12 20.623
68 14 37.994
68 15 32.72
68 20 43.844
68 26 5.363
68 28 5.476
68 32 32.729
68 33 20.792
68 34 83.028
68 42 66.596
68 52 45.595
68 57 7.943
68 64 89.907
68 66 93.037
68 70 51.555
68 78 23.28
68 80 49.97
68 83 72.823
68 85 37.959
68 92 34.881
68 93 70.889
68 94 46.31
68 97 96.189
69 0 30.27
69 9 37.678
69 12 80.345
69 15 2.853
69 20 66.729
69 34 16.975
69 35 30.613
69 40 33.652
69 44 45.478
69 46 52.744
69 47 28.737
69 53 4.015
69 59 62.029
69 64 43.008
69 75 75.566
69 77 98.096
69 91 93.686
69 93 64.845
69 94 4.342
70 15 41.536
70 21 48.184
70 22 94.384
70 24 24.611
70 25 5.636
70 27 8.159
70 28 82.966
70 33 9.337
70 39 26.817
70 40 68.433
70 42 76.649
70 46 20.467
70 51 6.796
70 52 28.644
70 53 30.855
70 56 49.976
70 57 90.419
70 61 20.248
70 64 68.663
70 66 61.811
70 69 44.901
70 77 98.198
70 80 9.214
70 83 57.97
70 85 8.005
70 89 61.951
70 98 47.988
71 19 96.593
71 21 45.831
71 25 3.206
71 28 94.951
71 36 50.637
71 39 34.053
71 47 23.133
71 61 17.408
71 72 71.292
71 81 50.573
71 82 88.002
71 85 91.992
71 86 7.955
71 87 94.063
71 90 52.107
71 91 4.409
71 92 36.329
71 97 52.566
72 14 96.043
72 19 76.921
72 23 33.142
72 37 96.011
72 41 1.349
72 42 58.863
72 44 33.047
72 45 99.104
72 46 43.001
72 57 50.486
72 64 24.699
72 65 65.078
72 66 50.168
72 68 35.642
72 74 98.418
72 76 38.624
72 79 54.18
72 88 92.809
72 90 31.324
72 93 13.157
73 0 20.633
73 7 71.217
73 14 49.945
73 25 73.091
73 41 52.612
73 44 0.349
73 45 99.405
73 57 50.434
73 64 0.528
73 65 16.981
73 72 2.35
73 74 28.291
73 81 27.801
73 82 77.616
73 84 64.767
73 88 54.922
73 92 57.808
73 98 71.109
74 11 10.076
74 12 72.521
74 13 41.324
74 23 42.248
74 27 92.844
74 33 39.534
74 35 85.485
74 38 90.117
74 44 83.978
74 57 92.291
74 58 88.184
74 64 4.749
74 84 69.784
74 89 21.699
74 97 56.036
74 98 45.206
74 99 70.643
75 0 7.205
75 8 91.379
75 10 32.248
75 21 45.208
75 35 30.141
75 45 8.552
75 46 69.746
75 47 36.536
75 49 2.397
75 51 82.533
75 61 34.07
75 80 87.581
75 89 86.152
75 91 70.749
75 94 32.841
75 95 99.36
75 98 15.324
76 1 1.508
76 8 84.72
76 10 35.779
76 29 67.554
76 30 24.872
76 35 99.923
76 36 69.862
76 37 2.65
76 46 71.005
76 49 94.833
76 54 17.768
76 59 46.972
76 64 95.771
76 67 84.743
76 73 23.178
76 74 69.873
76 78 40.216
76 79 63.784
76 82 29.552
76 87 92.853
76 89 99.871
76 92 37.555
76 93 75.538
77 3 63.049
77 6 53.636
77 20 81.881
77 23 72.141
77 26 13.916
77 31 76.839
77 33 68.468
77 40 54.288
77 46 83.61
77 52 40.187
77 55 76.402
77 62 54.219
77 80 42.094
77 81 67.928
77 94 71.807
77 98 97.737
77 99 47.354
78 5 43.191
78 7 6.283
78 8 85.654
78 21 88.796
78 22 10.002
78 49 9.223
78 51 75.544
78 60 91.046
78 63 6.054
78 69 18.968
78 80 78.717
78 87 61.99
78 88 16.524
78 91 64.504
78 96 60.441
78 99 83.287
79 0 29.12
79 6 80.754
79 10 2.328
79 22 41.373
79 27 85.477
79 28 92.218
79 29 61.833
79 36 86.042
79 38 46.264
79 48 55.978
79 58 39.488
79 59 68.169
79 65 37.745
79 66 6.113
79 69 42.642
79 71 92.388
79 77 56.173
79 83 54.176
79 84 94.638
79 85 52.499
79 87 81.534
79 99 51.111
80 4 41.389
80 8 85.384
80 11 30.286
80 13 88.239
80 17 38.736
80 19 88.138
80 33 61.411
80 49 71.098
80 55 12.277
80 57 85.11
80 64 88.004
80 69 32.05
80 76 5.968
80 82 48.539
80 94 26.556
81 6 19.219
81 7 86.308
81 8 53.883
81 10 96.534
81 22 48.04
81 29 83.944
81 31 25.705
81 33 21.766
81 37 71.744
81 41 43.115
81 54 96.157
81 60 51.665
81 63 15.893
81 69 16.364
81 76 67.221
81 79 73.245
81 88 57.352
81 89 76.639
81 91 47.291
81 94 50.572
82 0 87.945
82 13 82.263
82 20 91.942
82 26 97.268
82 33 64.651
82 42 77.266
82 48 98.484
82 49 85.305
82 57 34.387
82 62 29.536
82 65 86.785
82 69 86.452
82 72 78.88
82 77 80.032
82 78 49.347
82 99 25.119
83 0 49.42
83 7 88.497
83 9 64.994
83 20 42.419
83 22 63.799
83 25 81.957
83 39 58.539
83 42 46.052
83 44 23.843
83 50 92.51
83 54 0.1
83 57 67.44
83 65 40.552
83 67 17.82
83 72 39.04
83 74 73.966
83 77 32.878
83 86 69.367
83 88 6.598
83 89 4.979
83 92 65.314
83 95 71.494
83 99 27.253
84 2 40.84
84 18 12.149
84 19 93.13
84 22 18.277
84 26 13.789
84 27 99.331
84 30 68.889
84 31 74.616
84 32 9.892
84 45 73.47
84 48 78.48
84 58 85.973
84 59 9.42
84 71 54.829
84 82 42.539
84 88 77.252
84 94 5.791
84 98 97.015
85 8 23.561
85 9 10.743
85 14 1.068
85 18 60.871
85 20 25.805
85 26 37.23
85 32 92.736
85 36 60.995
85 37 98.777
85 41 6.958
85 50 84.145
85 53 90.771
85 55 57.983
85 62 99.884
85 64 34.183
85 66 22.383
85 69 84.852
85 73 79.845
85 74 74.94
85 75 10.275
85 76 57.749
85 82 35.864
85 87 91.244
85 92 99.235
85 96 55.251
86 3 74.228
86 11 82.443
86 16 22.378
86 27 83.694
86 32 54.486
86 33 6.239
86 38 37.058
86 49 52.014
86 53 57.667
86 55 70.907
86 57 99.836
86 59 7.707
86 64 33.173
86 65 4.149
86 70 96.04
86 80 39.58
86 92 88.025
87 3 62.721
87 9 23.997
87 14 95.103
87 23 98.341
87 31 32.28
87 36 93.411
87 38 57.053
87 41 52.937
87 47 72.668
87 51 91.843
87 56 35.043
87 62 63.321
87 64 75.337
87 65 19.524
87 70 16.043
87 77 26.39
87 80 7.524
87 81 47.482
87 82 47.129
87 91 26.755
88 12 79.224
88 15 34.042
88 22 45.638
88 24 90.648
88 30 66.235
88 32 1.065
88 38 24.903
88 43 83.164
88 44 10.698
88 47 95.935
88 60 88.09
88 63 86.954
88 64 86.191
88 65 57.973
88 71 48.065
88 75 28.614
88 76 67.552
88 82 96.22
88 90 61.923
88 91 20.724
88 97 42.326
88 99 8.166
89 4 69.504
89 17 39.911
89 24 66.174
89 29 14.031
89 33 31.623
89 37 25.65
89 41 93.181
89 43 58.027
89 48 3.878
89 53 44.709
89 67 44.256
89 71 20.216
89 72 88.239
89 77 22.663
89 85 74.598
89 88 44.017
89 92 29.961
89 94 60.256
89 98 61.642
89 99 1.068
90 12 64.528
90 15 63.814
90 17 78.879
90 34 21.688
90 40 40.821
90 41 60.22
90 42 80.246
90 45 59.726
90 46 92.582
90 47 85.015
90 49 89.893
90 50 16.999
90 53 12.032
90 54 41.75
90 64 43.125
90 67 6.969
90 74 55.827
90 78 92.382
90 79 89.359
90 80 48.437
90 85 22.106
90 89 24.482
90 94 91.141
90 98 77.553
91 0 74.412
91 17 54.939
91 18 87.272
91 21 52.314
91 27 96.418
91 40 98.466
91 41 5.633
91 52 47.063
91 54 10.083
91 59 58.957
91 62 19.617
91 64 5.125
91 65 55.551
91 70 52.498
91 74 50.792
91 76 78.087
91 96 20.284
91 98 65.345
92 10 23.15
92 30 40.094
92 36 60.969
92 42 83.837
92 45 25.448
92 50 98.063
92 53 32.138
92 55 5.617
92 61 40.037
92 70 58.714
92 78 50.473
92 80 42.877
92 81 73.248
92 82 2.796
92 84 17.012
92 87 86.22
92 91 6.94
92 96 84.055
92 97 9.245
92 99 42.221
93 1 74.012
93 2 95.917
93 4 27.582
93 8 28.355
93 22 91.797
93 24 63.113
93 28 94.351
93 35 4.598
93 40 92.708
93 42 6.852
93 45 39.562
93 54 21.945
93 57 28.979
93 64 25.237
93 65 81.896
93 66 68.913
93 73 88.643
93 75 52.66
93 81 47.452
93 86 99.155
93 87 75.419
93 89 68.478
93 90 99.549
93 91 59.5
93 97 51.918
93 99 48.558
94 0 20.13
94 9 91.171
94 19 69.036
94 21 98.663
94 25 71.081
94 29 53.024
94 33 30.439
94 44 28.054
94 46 45.823
94 62 30.414
94 64 8.281
94 83 23.985
94 92 8.342
94 97 9.092
95 1 74.001
95 4 48.626
95 12 19.941
95 21 87.083
95 33 14.775
95 44 24.55
95 54 17.782
95 56 11.995
95 63 84.524
95 68 46.896
95 72 87.9
95 74 85.399
95 76 47.333
95 86 85.072
96 15 99.901
96 16 85.293
96 20 72.234
96 22 7.869
96 26 27.973
96 27 75.493
96 29 14.877
96 50 74.88
96 56 99.657
96 57 35.122
96 60 15.663
96 65 88.269
96 74 8.021
96 75 84.846
96 79 2.783
96 82 67.71
96 84 71.35
96 86 58.476
96 93 11.46
96 97 49.261
97 2 91.203
97 10 88.671
97 23 29.878
97 35 81.62
97 38 16.879
97 46 81.76
97 47 89.642
97 51 70.782
97 54 82.756
97 55 34.846
97 56 75.844
97 57 73.396
97 70 17.229
97 73 52.672
97 79 8.889
98 0 81.429
98 5 32.125
98 6 24.33
98 7 99.439
98 8 7.905
98 9 29.817
98 20 89.062
98 29 83.157
98 31 43.454
98 34 17.922
98 36 47.852
98 38 6.352
98 45 28.038
98 49 31.599
98 51 50.664
98 53 85.439
98 58 25.189
98 59 65.147
98 61 36.074
98 62 6.553
98 69 40.786
98 72 76.226
98 87 3.387
98 94 94.709
98 99 45.221
99 20 63.269
99 29 59.52
99 33 61.147
99 36 65.198
99 39 79.604
99 48 56.082
99 50 61.87
99 51 55.476
99 57 3.389
99 58 35.244
99 60 10.433
99 61 34.947
99 68 39.21
99 80 94.192
99 84 9.011
99 85 28.634
99 94 15.866
99 95 70.803
99 97 7.74
