100
0 78 34.094
0 57 42.787
0 95 87.189
0 68 35.418
0 55 53.615
1 34 31.145
1 24 12.101
1 54 6.288
1 84 76.907
1 10 50.583
1 66 1.874
2 90 12.914
2 30 24.409
2 5 37.876
2 37 71.565
2 65 44.862
2 92 21.816
2 80 56.660
3 8 34.332
3 7 34.029
3 18 20.871
3 52 63.465
3 37 54.052
4 15 94.880
4 31 79.647
4 39 73.763
4 69 55.868
5 77 82.439
5 29 12.403
5 84 37.251
5 12 77.427
5 58 58.273
5 75 52.263
6 20 36.762
6 66 9.999
6 33 21.932
6 74 65.269
6 69 53.996
6 7 6.037
6 73 39.160
7 68 75.061
7 44 60.137
8 47 20.470
9 95 25.584
9 14 75.981
9 65 54.451
10 92 44.896
10 16 62.820
10 48 94.135
10 12 73.268
11 16 15.257
11 84 58.515
11 28 85.369
12 33 95.357
12 86 96.509
12 64 32.841
12 30 61.798
13 19 63.632
13 35 49.453
13 68 10.401
14 56 9.141
14 45 67.008
15 73 74.358
16 85 30.096
17 79 89.851
17 65 18.736
17 28 45.772
18 48 86.850
18 28 59.630
18 80 52.672
18 71 59.672
19 74 77.254
19 92 83.408
20 99 62.605
21 75 70.679
21 92 20.361
21 43 10.190
21 26 0.308
21 59 10.114
22 93 82.224
22 40 20.777
22 48 16.201
22 78 53.665
23 86 36.566
23 52 24.272
23 90 76.733
24 62 42.081
24 65 22.626
25 26 40.563
25 79 64.866
25 82 16.512
25 78 20.238
25 91 77.934
26 64 21.901
26 51 11.328
26 66 87.893
26 30 34.686
27 72 19.917
27 38 6.168
27 31 61.000
27 62 52.810
28 72 91.075
29 39 3.634
29 71 83.959
30 99 97.584
30 50 65.333
31 91 32.142
32 44 78.769
32 77 39.351
32 87 73.277
32 95 55.942
33 46 78.465
33 88 76.121
33 80 24.845
33 57 62.817
34 88 89.165
34 77 59.685
34 71 58.308
35 43 9.888
36 54 53.189
36 48 19.707
36 75 45.098
36 81 41.661
37 38 91.035
37 57 17.196
39 96 21.449
40 85 31.124
40 48 50.667
41 63 48.311
41 88 10.956
42 94 17.195
42 80 64.482
42 48 55.735
42 44 62.780
43 98 37.029
43 53 96.252
44 85 89.064
45 59 63.098
45 46 84.724
47 62 3.137
49 52 49.045
49 76 63.874
50 67 98.325
50 61 92.183
50 95 5.933
50 66 46.541
50 78 37.496
51 91 0.390
51 69 14.540
52 90 82.117
52 87 59.644
52 74 48.263
53 57 26.169
53 59 78.461
53 84 31.366
53 69 51.196
54 56 58.231
54 60 99.805
54 76 52.415
55 66 42.791
55 87 26.506
55 80 70.252
57 77 66.252
57 85 36.345
58 81 66.605
58 83 86.388
58 75 8.013
60 71 59.317
60 75 54.643
61 81 59.499
61 79 17.170
61 86 61.364
63 78 87.749
63 98 18.781
64 69 45.674
64 73 33.917
65 94 33.191
65 76 63.517
67 84 49.681
68 95 54.554
70 96 42.815
70 89 78.839
70 85 33.592
71 87 63.314
73 82 39.755
74 89 31.413
74 81 20.753
76 93 44.993
80 97 71.917
80 89 63.424
81 86 62.459
82 98 18.123
82 84 98.803
83 92 94.454
84 86 21.852
84 87 10.865
85 93 11.695
88 95 42.364
89 99 48.165
90 97 59.497
