100
0 1 50.09
0 2 64.27
0 3 63.84
0 4 48.12
0 5 66.86
0 6 67.59
0 7 62.77
0 8 31.21
0 9 36.61
0 10 46.06
0 11 42.26
0 12 41.97
0 13 34.44
0 14 66.68
0 15 64.28
0 16 55.51
0 17 45.64
0 18 58.83
0 19 33.33
0 20 42.44
0 21 49.64
0 22 49.09
0 23 56.83
0 24 41.03
0 25 36.53
0 26 37.45
0 27 56.18
0 28 68.33
0 29 64.91
0 30 69.23
0 31 53.6
0 32 38.02
0 33 60.5
0 34 63.75
0 35 34.33
0 36 62.59
0 37 50.87
0 38 53.47
0 39 47.42
0 40 46.56
0 41 57.84
0 42 63.27
0 43 47.93
0 44 60.73
0 45 56.13
0 46 34.56
0 47 61.1
0 48 59.78
0 49 57.86
0 50 36.51
0 51 31.05
0 52 52.98
0 53 44.71
0 54 65.26
0 55 55.05
0 56 62.47
0 57 45.07
0 58 36.05
0 59 51.21
0 60 53.56
0 61 40.02
0 62 55.99
0 63 52.92
0 64 54.57
0 65 43.74
0 66 36.56
0 67 48.85
0 68 43.59
0 69 69.97
0 70 54.3
0 71 31.39
0 72 47.92
0 73 58.56
0 74 50.06
0 75 53.51
0 76 57.21
0 77 63.81
0 78 68.14
0 79 58.6
0 80 55.21
0 81 46.27
0 82 51.23
0 83 30.67
0 84 36.03
0 85 54.53
0 86 58.76
0 87 48.45
0 88 32.39
0 89 59.86
0 90 59.63
0 91 66.61
0 92 51.9
0 93 54.94
0 94 55.87
0 95 32.75
0 96 51.69
0 97 68.71
0 98 32.72
0 99 40.26
1 2 67.51
1 3 47.13
1 4 53.38
1 5 50.42
1 6 30.18
1 7 37.22
1 8 66.32
1 9 60.32
1 10 52.15
1 11 65.87
1 12 49.19
1 13 50.51
1 14 51.64
1 15 39.76
1 16 53.18
1 17 64.84
1 18 42.83
1 19 39.33
1 20 58.94
1 21 66.51
1 22 58.8
1 23 37.72
1 24 45.91
1 25 49.42
1 26 47.99
1 27 45.48
1 28 68.07
1 29 53.62
1 30 33.0
1 31 48.93
1 32 62.12
1 33 52.36
1 34 68.21
1 35 59.28
1 36 38.59
1 37 69.34
1 38 68.18
1 39 39.89
1 40 36.2
1 41 58.33
1 42 57.58
1 43 69.87
1 44 44.4
1 45 57.64
1 46 38.18
1 47 68.77
1 48 63.61
1 49 57.51
1 50 57.05
1 51 40.45
1 52 33.01
1 53 62.6
1 54 52.69
1 55 49.8
1 56 54.46
1 57 49.94
1 58 44.94
1 59 55.61
1 60 42.35
1 61 35.92
1 62 48.35
1 63 39.94
1 64 51.93
1 65 55.55
1 66 68.96
1 67 68.56
1 68 30.44
1 69 57.18
1 70 60.09
1 71 34.82
1 72 32.21
1 73 64.12
1 74 45.89
1 75 33.51
1 76 67.97
1 77 55.99
1 78 63.2
1 79 68.53
1 80 43.8
1 81 54.97
1 82 32.24
1 83 53.49
1 84 41.02
1 85 50.36
1 86 44.88
1 87 39.94
1 88 57.97
1 89 46.12
1 90 33.02
1 91 37.04
1 92 48.2
1 93 41.68
1 94 38.91
1 95 43.6
1 96 64.27
1 97 50.34
1 98 44.52
1 99 40.09
2 3 65.03
2 4 39.23
2 5 35.73
2 6 48.12
2 7 44.11
2 8 60.48
2 9 35.98
2 10 33.66
2 11 51.25
2 12 30.92
2 13 64.46
2 14 39.71
2 15 64.35
2 16 39.13
2 17 49.66
2 18 56.34
2 19 40.56
2 20 56.87
2 21 37.26
2 22 36.29
2 23 67.35
2 24 57.52
2 25 67.86
2 26 68.06
2 27 42.64
2 28 62.19
2 29 31.12
2 30 66.8
2 31 47.4
2 32 54.42
2 33 45.56
2 34 33.12
2 35 45.47
2 36 38.11
2 37 69.54
2 38 56.09
2 39 60.6
2 40 41.99
2 41 67.64
2 42 54.03
2 43 69.63
2 44 51.15
2 45 50.23
2 46 59.17
2 47 49.56
2 48 55.92
2 49 53.88
2 50 67.83
2 51 39.34
2 52 61.34
2 53 55.25
2 54 55.21
2 55 56.97
2 56 60.86
2 57 51.07
2 58 34.96
2 59 51.68
2 60 44.6
2 61 36.11
2 62 63.86
2 63 52.95
2 64 66.61
2 65 33.05
2 66 57.51
2 67 52.31
2 68 66.29
2 69 42.09
2 70 63.18
2 71 38.27
2 72 48.26
2 73 67.44
2 74 50.26
2 75 59.41
2 76 61.22
2 77 43.74
2 78 50.14
2 79 53.72
2 80 62.64
2 81 50.6
2 82 56.17
2 83 35.41
2 84 37.45
2 85 46.17
2 86 62.08
2 87 47.77
2 88 32.85
2 89 48.21
2 90 43.68
2 91 31.07
2 92 65.54
2 93 61.2
2 94 69.13
2 95 58.59
2 96 65.8
2 97 55.38
2 98 45.15
2 99 54.4
3 4 61.96
3 5 66.58
3 6 57.19
3 7 57.58
3 8 43.4
3 9 35.25
3 10 49.83
3 11 65.52
3 12 30.01
3 13 66.88
3 14 42.65
3 15 36.23
3 16 38.74
3 17 43.93
3 18 56.09
3 19 42.76
3 20 35.01
3 21 56.17
3 22 49.07
3 23 56.69
3 24 55.64
3 25 30.82
3 26 60.19
3 27 43.59
3 28 56.55
3 29 35.46
3 30 60.06
3 31 57.87
3 32 38.46
3 33 58.15
3 34 50.7
3 35 56.38
3 36 60.66
3 37 41.57
3 38 62.76
3 39 34.22
3 40 51.27
3 41 67.96
3 42 34.77
3 43 30.13
3 44 33.84
3 45 49.19
3 46 65.95
3 47 42.22
3 48 52.91
3 49 34.43
3 50 42.84
3 51 47.92
3 52 64.18
3 53 50.75
3 54 31.77
3 55 67.82
3 56 55.47
3 57 60.6
3 58 65.62
3 59 32.96
3 60 48.94
3 61 35.98
3 62 65.92
3 63 61.14
3 64 34.14
3 65 67.83
3 66 51.28
3 67 55.18
3 68 66.85
3 69 55.29
3 70 38.01
3 71 57.97
3 72 36.93
3 73 64.98
3 74 33.81
3 75 63.69
3 76 47.69
3 77 53.3
3 78 68.75
3 79 60.29
3 80 43.5
3 81 36.71
3 82 65.8
3 83 59.93
3 84 45.19
3 85 48.08
3 86 65.46
3 87 59.76
3 88 35.72
3 89 32.76
3 90 60.75
3 91 64.86
3 92 58.52
3 93 63.84
3 94 53.6
3 95 37.91
3 96 38.15
3 97 56.6
3 98 54.2
3 99 32.79
4 5 45.37
4 6 51.42
4 7 58.43
4 8 31.76
4 9 60.26
4 10 60.24
4 11 41.93
4 12 35.09
4 13 34.43
4 14 62.1
4 15 62.18
4 16 64.77
4 17 59.71
4 18 43.8
4 19 51.27
4 20 30.97
4 21 65.22
4 22 60.05
4 23 47.34
4 24 53.53
4 25 48.54
4 26 36.57
4 27 56.92
4 28 48.1
4 29 54.97
4 30 30.52
4 31 68.25
4 32 48.93
4 33 64.2
4 34 34.76
4 35 54.27
4 36 40.19
4 37 30.2
4 38 43.64
4 39 54.75
4 40 42.0
4 41 40.31
4 42 49.42
4 43 44.92
4 44 30.52
4 45 47.0
4 46 50.43
4 47 32.71
4 48 63.51
4 49 66.42
4 50 55.84
4 51 49.25
4 52 49.64
4 53 59.77
4 54 62.35
4 55 33.87
4 56 32.9
4 57 47.78
4 58 66.83
4 59 63.73
4 60 40.08
4 61 55.95
4 62 34.49
4 63 49.01
4 64 38.4
4 65 51.1
4 66 67.19
4 67 46.98
4 68 45.42
4 69 40.61
4 70 53.5
4 71 67.79
4 72 47.57
4 73 41.62
4 74 46.68
4 75 49.22
4 76 46.92
4 77 61.07
4 78 65.08
4 79 41.06
4 80 31.5
4 81 39.29
4 82 53.77
4 83 69.22
4 84 58.93
4 85 55.24
4 86 46.6
4 87 57.13
4 88 52.44
4 89 42.83
4 90 52.41
4 91 49.58
4 92 61.27
4 93 49.55
4 94 30.2
4 95 53.9
4 96 68.92
4 97 52.4
4 98 69.57
4 99 43.66
5 6 66.19
5 7 54.81
5 8 37.0
5 9 50.92
5 10 35.25
5 11 42.38
5 12 36.36
5 13 40.72
5 14 66.32
5 15 53.95
5 16 60.86
5 17 52.82
5 18 54.03
5 19 43.01
5 20 63.53
5 21 31.14
5 22 58.2
5 23 35.44
5 24 44.0
5 25 32.24
5 26 42.17
5 27 30.01
5 28 58.73
5 29 60.41
5 30 35.76
5 31 56.6
5 32 37.76
5 33 53.43
5 34 41.26
5 35 63.49
5 36 51.87
5 37 36.51
5 38 60.8
5 39 48.8
5 40 42.0
5 41 62.45
5 42 64.69
5 43 68.63
5 44 32.32
5 45 41.43
5 46 46.29
5 47 42.64
5 48 58.98
5 49 44.8
5 50 59.72
5 51 63.87
5 52 63.93
5 53 45.04
5 54 40.41
5 55 37.15
5 56 59.88
5 57 57.84
5 58 65.27
5 59 64.9
5 60 44.86
5 61 43.33
5 62 52.64
5 63 57.51
5 64 41.15
5 65 33.19
5 66 30.24
5 67 49.3
5 68 48.65
5 69 46.69
5 70 69.1
5 71 44.51
5 72 67.63
5 73 62.47
5 74 41.93
5 75 54.47
5 76 32.53
5 77 44.79
5 78 45.38
5 79 50.93
5 80 44.76
5 81 57.61
5 82 63.69
5 83 38.3
5 84 64.56
5 85 47.76
5 86 31.15
5 87 67.04
5 88 61.08
5 89 69.41
5 90 63.4
5 91 69.17
5 92 64.83
5 93 50.22
5 94 41.93
5 95 36.43
5 96 47.35
5 97 59.48
5 98 47.46
5 99 51.57
6 7 43.79
6 8 51.52
6 9 68.49
6 10 68.41
6 11 42.54
6 12 47.21
6 13 62.25
6 14 43.02
6 15 38.81
6 16 63.12
6 17 47.25
6 18 67.54
6 19 40.22
6 20 48.29
6 21 31.44
6 22 49.77
6 23 35.56
6 24 62.99
6 25 40.48
6 26 53.88
6 27 64.47
6 28 43.58
6 29 41.24
6 30 56.84
6 31 61.84
6 32 36.4
6 33 31.62
6 34 62.57
6 35 40.58
6 36 37.69
6 37 44.52
6 38 42.8
6 39 49.14
6 40 49.65
6 41 68.32
6 42 50.76
6 43 35.88
6 44 56.13
6 45 64.14
6 46 46.5
6 47 41.83
6 48 42.84
6 49 30.5
6 50 41.36
6 51 63.94
6 52 30.18
6 53 54.72
6 54 67.96
6 55 40.76
6 56 34.48
6 57 36.79
6 58 53.71
6 59 66.42
6 60 36.72
6 61 64.33
6 62 50.54
6 63 62.95
6 64 62.5
6 65 49.78
6 66 53.52
6 67 63.09
6 68 44.89
6 69 50.59
6 70 37.33
6 71 46.59
6 72 61.28
6 73 58.39
6 74 35.12
6 75 40.4
6 76 35.89
6 77 67.21
6 78 35.7
6 79 66.41
6 80 49.51
6 81 66.4
6 82 62.34
6 83 42.74
6 84 39.2
6 85 59.86
6 86 30.04
6 87 52.54
6 88 59.36
6 89 46.61
6 90 65.85
6 91 52.04
6 92 46.73
6 93 69.17
6 94 44.52
6 95 44.07
6 96 63.26
6 97 42.2
6 98 36.11
6 99 33.22
7 8 51.41
7 9 60.2
7 10 52.44
7 11 59.31
7 12 61.22
7 13 49.29
7 14 62.52
7 15 46.17
7 16 43.24
7 17 51.64
7 18 48.98
7 19 37.87
7 20 46.9
7 21 45.73
7 22 65.91
7 23 58.53
7 24 63.52
7 25 39.0
7 26 59.19
7 27 68.33
7 28 55.61
7 29 69.39
7 30 65.01
7 31 47.19
7 32 45.77
7 33 34.23
7 34 36.65
7 35 53.63
7 36 40.78
7 37 64.88
7 38 35.39
7 39 67.76
7 40 65.76
7 41 30.51
7 42 63.44
7 43 57.93
7 44 35.99
7 45 54.13
7 46 56.65
7 47 56.92
7 48 62.53
7 49 62.95
7 50 33.1
7 51 50.55
7 52 45.47
7 53 51.6
7 54 45.34
7 55 50.84
7 56 69.77
7 57 37.31
7 58 62.01
7 59 38.98
7 60 30.32
7 61 49.71
7 62 47.07
7 63 36.74
7 64 32.92
7 65 55.38
7 66 51.66
7 67 34.15
7 68 41.75
7 69 49.69
7 70 50.6
7 71 32.7
7 72 55.82
7 73 41.87
7 74 45.31
7 75 64.67
7 76 66.46
7 77 68.13
7 78 48.83
7 79 42.66
7 80 55.61
7 81 61.14
7 82 55.41
7 83 53.0
7 84 52.87
7 85 40.68
7 86 50.69
7 87 54.54
7 88 36.59
7 89 55.82
7 90 62.76
7 91 30.51
7 92 56.36
7 93 66.37
7 94 68.25
7 95 67.17
7 96 68.2
7 97 53.09
7 98 36.1
7 99 42.51
8 9 35.89
8 10 57.56
8 11 48.85
8 12 45.52
8 13 67.36
8 14 31.05
8 15 42.65
8 16 56.17
8 17 54.99
8 18 60.04
8 19 34.36
8 20 39.83
8 21 33.58
8 22 67.54
8 23 69.19
8 24 45.3
8 25 31.3
8 26 34.69
8 27 32.07
8 28 46.26
8 29 48.23
8 30 65.22
8 31 32.19
8 32 43.59
8 33 48.85
8 34 54.72
8 35 58.23
8 36 37.22
8 37 65.68
8 38 57.76
8 39 66.29
8 40 66.95
8 41 42.19
8 42 58.49
8 43 69.73
8 44 40.54
8 45 56.52
8 46 33.51
8 47 58.08
8 48 54.67
8 49 32.29
8 50 61.12
8 51 46.09
8 52 53.74
8 53 64.78
8 54 63.97
8 55 34.93
8 56 53.03
8 57 63.92
8 58 52.58
8 59 35.16
8 60 55.79
8 61 64.86
8 62 51.6
8 63 67.41
8 64 57.93
8 65 45.68
8 66 66.64
8 67 54.52
8 68 46.13
8 69 65.35
8 70 47.51
8 71 30.83
8 72 43.23
8 73 45.43
8 74 64.83
8 75 44.71
8 76 66.33
8 77 65.41
8 78 54.49
8 79 64.97
8 80 48.32
8 81 59.89
8 82 38.47
8 83 41.56
8 84 47.23
8 85 35.07
8 86 34.83
8 87 34.2
8 88 57.48
8 89 44.86
8 90 59.19
8 91 41.18
8 92 55.52
8 93 44.64
8 94 42.6
8 95 37.41
8 96 31.22
8 97 64.52
8 98 69.99
8 99 69.96
9 10 37.39
9 11 49.31
9 12 57.07
9 13 64.43
9 14 52.3
9 15 51.25
9 16 31.9
9 17 43.4
9 18 68.59
9 19 52.19
9 20 54.21
9 21 38.83
9 22 64.36
9 23 60.56
9 24 45.8
9 25 54.25
9 26 56.78
9 27 33.17
9 28 54.04
9 29 61.77
9 30 43.11
9 31 67.19
9 32 48.08
9 33 42.4
9 34 43.87
9 35 43.1
9 36 37.48
9 37 53.29
9 38 69.37
9 39 41.39
9 40 60.21
9 41 60.39
9 42 57.21
9 43 33.4
9 44 36.87
9 45 49.61
9 46 43.11
9 47 66.3
9 48 68.45
9 49 47.58
9 50 53.9
9 51 51.21
9 52 41.21
9 53 51.54
9 54 50.65
9 55 54.38
9 56 60.38
9 57 66.76
9 58 66.25
9 59 53.85
9 60 69.03
9 61 50.58
9 62 63.99
9 63 45.11
9 64 62.07
9 65 38.66
9 66 68.69
9 67 59.8
9 68 69.01
9 69 67.34
9 70 68.91
9 71 34.45
9 72 55.38
9 73 63.24
9 74 30.93
9 75 35.95
9 76 64.22
9 77 61.5
9 78 32.11
9 79 58.57
9 80 37.24
9 81 31.72
9 82 44.07
9 83 41.28
9 84 68.33
9 85 41.42
9 86 42.3
9 87 68.66
9 88 42.18
9 89 31.88
9 90 32.26
9 91 63.0
9 92 68.68
9 93 49.42
9 94 31.45
9 95 56.96
9 96 66.38
9 97 52.01
9 98 62.93
9 99 33.47
10 11 63.93
10 12 61.55
10 13 69.36
10 14 46.78
10 15 30.87
10 16 69.94
10 17 52.15
10 18 51.33
10 19 67.25
10 20 67.82
10 21 32.28
10 22 45.12
10 23 49.6
10 24 47.01
10 25 39.84
10 26 50.21
10 27 61.63
10 28 61.52
10 29 49.07
10 30 30.38
10 31 62.17
10 32 63.66
10 33 41.14
10 34 38.26
10 35 42.1
10 36 61.83
10 37 35.35
10 38 53.6
10 39 40.79
10 40 42.35
10 41 33.39
10 42 53.65
10 43 30.59
10 44 40.74
10 45 48.1
10 46 42.2
10 47 65.87
10 48 64.2
10 49 37.19
10 50 44.17
10 51 39.69
10 52 33.91
10 53 67.44
10 54 60.96
10 55 42.51
10 56 61.72
10 57 49.27
10 58 51.6
10 59 50.41
10 60 55.73
10 61 37.42
10 62 41.7
10 63 61.28
10 64 50.25
10 65 36.05
10 66 44.47
10 67 40.69
10 68 50.7
10 69 69.89
10 70 51.15
10 71 34.59
10 72 55.3
10 73 59.13
10 74 45.04
10 75 44.5
10 76 32.33
10 77 66.17
10 78 46.67
10 79 57.27
10 80 35.72
10 81 61.07
10 82 59.52
10 83 68.08
10 84 42.01
10 85 46.49
10 86 58.95
10 87 48.3
10 88 32.86
10 89 55.8
10 90 40.41
10 91 56.28
10 92 30.05
10 93 67.41
10 94 53.99
10 95 35.77
10 96 69.38
10 97 32.36
10 98 30.17
10 99 53.7
11 12 59.02
11 13 68.75
11 14 60.88
11 15 36.49
11 16 54.14
11 17 45.15
11 18 66.58
11 19 41.42
11 20 31.72
11 21 53.21
11 22 31.24
11 23 45.3
11 24 57.24
11 25 41.47
11 26 53.88
11 27 44.2
11 28 69.15
11 29 61.01
11 30 60.58
11 31 68.23
11 32 32.04
11 33 37.74
11 34 66.41
11 35 54.0
11 36 49.39
11 37 48.35
11 38 57.07
11 39 48.22
11 40 56.89
11 41 39.6
11 42 55.58
11 43 32.69
11 44 44.91
11 45 38.36
11 46 66.95
11 47 35.98
11 48 59.97
11 49 62.59
11 50 40.44
11 51 45.22
11 52 62.99
11 53 35.38
11 54 34.32
11 55 42.35
11 56 36.71
11 57 64.43
11 58 30.7
11 59 47.52
11 60 69.04
11 61 50.67
11 62 67.66
11 63 51.96
11 64 53.0
11 65 31.88
11 66 60.4
11 67 35.27
11 68 48.37
11 69 35.34
11 70 36.54
11 71 64.1
11 72 65.75
11 73 46.98
11 74 57.67
11 75 62.76
11 76 56.55
11 77 57.58
11 78 61.69
11 79 59.09
11 80 46.16
11 81 48.7
11 82 56.85
11 83 55.06
11 84 41.34
11 85 53.51
11 86 43.69
11 87 44.9
11 88 37.94
11 89 38.37
11 90 55.93
11 91 32.25
11 92 30.24
11 93 32.83
11 94 44.39
11 95 52.99
11 96 48.92
11 97 57.55
11 98 69.66
11 99 67.58
12 13 47.17
12 14 51.02
12 15 63.13
12 16 51.02
12 17 51.26
12 18 63.08
12 19 60.4
12 20 65.9
12 21 65.03
12 22 30.48
12 23 53.23
12 24 43.42
12 25 46.87
12 26 45.08
12 27 51.77
12 28 51.54
12 29 57.06
12 30 49.2
12 31 59.36
12 32 41.35
12 33 69.6
12 34 37.18
12 35 59.27
12 36 63.29
12 37 51.33
12 38 41.88
12 39 35.38
12 40 53.67
12 41 58.09
12 42 55.77
12 43 64.02
12 44 52.32
12 45 35.98
12 46 47.3
12 47 67.02
12 48 34.07
12 49 40.62
12 50 52.94
12 51 39.08
12 52 57.94
12 53 43.92
12 54 51.24
12 55 31.89
12 56 69.94
12 57 58.61
12 58 65.89
12 59 53.11
12 60 65.28
12 61 56.8
12 62 67.76
12 63 49.26
12 64 40.93
12 65 64.63
12 66 32.33
12 67 58.24
12 68 32.71
12 69 54.83
12 70 33.83
12 71 68.76
12 72 54.74
12 73 57.21
12 74 68.06
12 75 34.06
12 76 38.77
12 77 69.17
12 78 52.16
12 79 44.08
12 80 45.74
12 81 50.96
12 82 56.46
12 83 65.61
12 84 54.18
12 85 33.98
12 86 43.0
12 87 43.74
12 88 69.17
12 89 54.33
12 90 54.91
12 91 64.69
12 92 30.64
12 93 67.99
12 94 44.93
12 95 34.63
12 96 65.71
12 97 53.37
12 98 60.7
12 99 37.36
13 14 49.17
13 15 30.79
13 16 34.28
13 17 44.29
13 18 42.97
13 19 48.4
13 20 68.97
13 21 43.78
13 22 63.23
13 23 43.55
13 24 45.12
13 25 58.77
13 26 33.65
13 27 68.28
13 28 42.5
13 29 31.87
13 30 39.67
13 31 32.95
13 32 47.45
13 33 45.84
13 34 68.08
13 35 46.7
13 36 54.71
13 37 58.88
13 38 57.61
13 39 56.06
13 40 43.47
13 41 50.46
13 42 38.24
13 43 34.79
13 44 47.19
13 45 62.28
13 46 39.57
13 47 42.38
13 48 43.26
13 49 48.37
13 50 60.81
13 51 30.19
13 52 35.88
13 53 41.67
13 54 55.27
13 55 37.48
13 56 56.43
13 57 68.23
13 58 43.34
13 59 36.92
13 60 68.58
13 61 52.14
13 62 61.66
13 63 62.62
13 64 55.97
13 65 44.0
13 66 40.53
13 67 55.11
13 68 69.59
13 69 51.6
13 70 42.63
13 71 66.02
13 72 45.81
13 73 43.99
13 74 45.37
13 75 39.95
13 76 65.09
13 77 47.65
13 78 65.43
13 79 65.16
13 80 41.16
13 81 36.89
13 82 47.57
13 83 48.2
13 84 59.47
13 85 34.91
13 86 61.6
13 87 48.96
13 88 46.38
13 89 55.79
13 90 58.66
13 91 42.18
13 92 46.61
13 93 44.33
13 94 46.1
13 95 38.1
13 96 33.24
13 97 45.75
13 98 37.98
13 99 57.78
14 15 59.34
14 16 38.74
14 17 61.69
14 18 51.58
14 19 35.85
14 20 50.41
14 21 50.1
14 22 54.52
14 23 40.73
14 24 69.87
14 25 36.24
14 26 67.14
14 27 49.64
14 28 32.75
14 29 61.9
14 30 65.23
14 31 68.86
14 32 54.45
14 33 49.53
14 34 68.03
14 35 50.5
14 36 43.67
14 37 53.81
14 38 34.22
14 39 49.24
14 40 62.41
14 41 30.23
14 42 60.3
14 43 49.62
14 44 35.92
14 45 50.15
14 46 57.7
14 47 30.95
14 48 38.85
14 49 51.35
14 50 59.54
14 51 65.54
14 52 53.46
14 53 59.58
14 54 36.48
14 55 51.83
14 56 59.62
14 57 38.57
14 58 51.28
14 59 41.05
14 60 51.31
14 61 39.73
14 62 53.61
14 63 56.16
14 64 40.18
14 65 63.96
14 66 43.74
14 67 50.71
14 68 46.45
14 69 50.73
14 70 57.32
14 71 44.82
14 72 45.34
14 73 37.72
14 74 30.33
14 75 37.98
14 76 63.49
14 77 51.38
14 78 31.39
14 79 51.25
14 80 47.27
14 81 61.8
14 82 48.74
14 83 58.74
14 84 45.02
14 85 39.63
14 86 46.74
14 87 64.26
14 88 47.92
14 89 36.16
14 90 44.68
14 91 33.61
14 92 55.5
14 93 40.07
14 94 58.56
14 95 39.19
14 96 48.93
14 97 45.01
14 98 37.53
14 99 54.26
15 16 60.79
15 17 47.68
15 18 62.1
15 19 52.46
15 20 46.41
15 21 35.61
15 22 56.7
15 23 57.19
15 24 45.08
15 25 60.21
15 26 36.41
15 27 35.12
15 28 56.56
15 29 59.53
15 30 68.46
15 31 54.06
15 32 44.0
15 33 35.58
15 34 43.48
15 35 31.6
15 36 58.31
15 37 47.23
15 38 61.7
15 39 41.78
15 40 68.37
15 41 63.47
15 42 31.0
15 43 33.39
15 44 46.03
15 45 35.75
15 46 46.21
15 47 54.79
15 48 44.01
15 49 46.37
15 50 52.41
15 51 62.52
15 52 61.69
15 53 53.79
15 54 47.98
15 55 59.22
15 56 38.52
15 57 51.4
15 58 68.91
15 59 53.47
15 60 35.23
15 61 39.73
15 62 64.93
15 63 49.89
15 64 45.07
15 65 33.35
15 66 44.59
15 67 38.69
15 68 54.04
15 69 30.62
15 70 41.66
15 71 69.29
15 72 59.62
15 73 66.23
15 74 67.54
15 75 53.03
15 76 40.34
15 77 46.67
15 78 54.5
15 79 58.91
15 80 44.21
15 81 67.97
15 82 31.86
15 83 54.26
15 84 64.17
15 85 35.23
15 86 37.19
15 87 38.22
15 88 66.65
15 89 32.14
15 90 39.57
15 91 51.17
15 92 59.33
15 93 50.44
15 94 63.22
15 95 34.66
15 96 51.15
15 97 45.31
15 98 60.85
15 99 64.95
16 17 57.96
16 18 52.22
16 19 65.59
16 20 64.1
16 21 64.24
16 22 48.02
16 23 45.12
16 24 30.29
16 25 39.53
16 26 62.48
16 27 59.83
16 28 42.02
16 29 66.95
16 30 41.32
16 31 51.08
16 32 68.86
16 33 40.8
16 34 62.77
16 35 63.5
16 36 40.9
16 37 37.96
16 38 58.73
16 39 64.92
16 40 43.4
16 41 47.17
16 42 62.78
16 43 46.62
16 44 56.27
16 45 55.41
16 46 43.06
16 47 31.53
16 48 33.44
16 49 67.18
16 50 68.51
16 51 37.0
16 52 60.3
16 53 59.23
16 54 33.62
16 55 47.36
16 56 62.12
16 57 52.2
16 58 54.14
16 59 42.02
16 60 63.72
16 61 38.66
16 62 67.8
16 63 40.45
16 64 48.85
16 65 66.06
16 66 50.67
16 67 45.74
16 68 30.11
16 69 39.54
16 70 44.33
16 71 56.56
16 72 32.04
16 73 56.84
16 74 51.51
16 75 30.2
16 76 41.78
16 77 61.12
16 78 57.96
16 79 30.96
16 80 42.69
16 81 61.21
16 82 37.12
16 83 60.29
16 84 60.35
16 85 33.77
16 86 50.67
16 87 56.81
16 88 38.89
16 89 32.16
16 90 36.2
16 91 64.77
16 92 67.38
16 93 30.27
16 94 66.78
16 95 68.15
16 96 54.71
16 97 69.76
16 98 52.67
16 99 41.57
17 18 63.81
17 19 37.32
17 20 41.02
17 21 38.79
17 22 45.57
17 23 64.67
17 24 36.99
17 25 54.67
17 26 62.97
17 27 62.82
17 28 54.53
17 29 65.13
17 30 49.68
17 31 39.09
17 32 43.22
17 33 36.33
17 34 66.15
17 35 38.64
17 36 69.4
17 37 40.15
17 38 53.16
17 39 43.65
17 40 33.94
17 41 33.38
17 42 51.44
17 43 43.47
17 44 51.15
17 45 44.79
17 46 57.45
17 47 44.55
17 48 45.2
17 49 57.52
17 50 55.94
17 51 63.45
17 52 43.24
17 53 37.49
17 54 36.43
17 55 30.65
17 56 47.98
17 57 69.18
17 58 62.45
17 59 69.83
17 60 66.52
17 61 44.86
17 62 59.71
17 63 58.33
17 64 56.88
17 65 49.07
17 66 40.23
17 67 39.43
17 68 52.76
17 69 56.36
17 70 41.61
17 71 39.77
17 72 63.43
17 73 51.24
17 74 31.63
17 75 59.8
17 76 62.52
17 77 31.93
17 78 39.77
17 79 49.34
17 80 64.79
17 81 65.58
17 82 55.21
17 83 38.64
17 84 31.96
17 85 31.9
17 86 50.0
17 87 56.75
17 88 50.53
17 89 52.5
17 90 51.53
17 91 64.75
17 92 48.19
17 93 67.61
17 94 37.94
17 95 67.48
17 96 45.99
17 97 52.12
17 98 40.42
17 99 42.37
18 19 55.26
18 20 50.97
18 21 43.76
18 22 37.98
18 23 44.98
18 24 63.63
18 25 60.36
18 26 46.9
18 27 56.04
18 28 53.12
18 29 65.51
18 30 43.81
18 31 43.85
18 32 49.73
18 33 47.51
18 34 56.15
18 35 63.51
18 36 63.39
18 37 35.02
18 38 46.42
18 39 42.57
18 40 47.48
18 41 55.39
18 42 54.03
18 43 45.68
18 44 32.39
18 45 63.86
18 46 63.84
18 47 50.05
18 48 62.39
18 49 67.4
18 50 61.83
18 51 59.76
18 52 47.35
18 53 42.94
18 54 44.01
18 55 69.12
18 56 60.12
18 57 33.64
18 58 47.54
18 59 65.09
18 60 44.26
18 61 43.77
18 62 47.41
18 63 65.07
18 64 40.04
18 65 32.0
18 66 56.13
18 67 47.12
18 68 48.85
18 69 52.53
18 70 59.5
18 71 55.64
18 72 30.38
18 73 59.27
18 74 63.35
18 75 51.08
18 76 58.82
18 77 48.6
18 78 59.09
18 79 35.26
18 80 52.54
18 81 65.43
18 82 53.36
18 83 63.75
18 84 37.14
18 85 47.0
18 86 44.25
18 87 33.49
18 88 69.1
18 89 62.89
18 90 46.48
18 91 48.76
18 92 59.11
18 93 40.1
18 94 67.56
18 95 57.75
18 96 46.44
18 97 50.21
18 98 45.76
18 99 69.26
19 20 31.93
19 21 58.49
19 22 52.06
19 23 37.41
19 24 30.41
19 25 52.57
19 26 30.4
19 27 31.03
19 28 49.62
19 29 48.72
19 30 34.84
19 31 61.64
19 32 48.54
19 33 47.67
19 34 48.68
19 35 45.8
19 36 67.04
19 37 31.53
19 38 31.99
19 39 54.33
19 40 58.41
19 41 61.72
19 42 31.22
19 43 39.02
19 44 34.44
19 45 37.13
19 46 44.69
19 47 62.25
19 48 68.27
19 49 66.54
19 50 54.2
19 51 33.72
19 52 59.23
19 53 59.47
19 54 38.59
19 55 43.19
19 56 69.17
19 57 42.89
19 58 53.8
19 59 63.09
19 60 48.56
19 61 67.26
19 62 50.61
19 63 41.47
19 64 34.53
19 65 31.48
19 66 37.28
19 67 36.93
19 68 41.22
19 69 50.58
19 70 42.4
19 71 32.16
19 72 39.58
19 73 49.54
19 74 58.72
19 75 49.59
19 76 55.85
19 77 46.28
19 78 43.48
19 79 36.0
19 80 32.99
19 81 54.85
19 82 45.87
19 83 60.02
19 84 34.74
19 85 54.25
19 86 42.63
19 87 33.88
19 88 36.43
19 89 37.47
19 90 36.02
19 91 61.41
19 92 65.57
19 93 57.49
19 94 68.41
19 95 39.32
19 96 66.52
19 97 68.84
19 98 57.43
19 99 39.4
20 21 40.01
20 22 46.04
20 23 37.72
20 24 34.06
20 25 36.8
20 26 31.77
20 27 44.9
20 28 30.84
20 29 44.35
20 30 60.99
20 31 46.49
20 32 38.02
20 33 57.8
20 34 59.35
20 35 48.69
20 36 43.47
20 37 49.59
20 38 31.35
20 39 67.27
20 40 36.23
20 41 66.63
20 42 38.43
20 43 58.43
20 44 68.59
20 45 42.08
20 46 48.11
20 47 45.2
20 48 50.92
20 49 47.96
20 50 38.67
20 51 49.68
20 52 50.39
20 53 48.68
20 54 39.02
20 55 33.25
20 56 69.22
20 57 68.12
20 58 62.42
20 59 50.78
20 60 34.21
20 61 50.4
20 62 68.61
20 63 51.29
20 64 66.0
20 65 32.03
20 66 55.82
20 67 40.55
20 68 69.19
20 69 66.89
20 70 69.29
20 71 53.72
20 72 65.52
20 73 35.08
20 74 40.82
20 75 35.35
20 76 47.1
20 77 50.9
20 78 57.65
20 79 37.47
20 80 52.65
20 81 34.46
20 82 58.98
20 83 39.33
20 84 59.09
20 85 66.63
20 86 60.08
20 87 41.62
20 88 43.92
20 89 39.1
20 90 36.15
20 91 30.01
20 92 46.28
20 93 53.1
20 94 58.06
20 95 32.71
20 96 30.42
20 97 31.48
20 98 38.0
20 99 36.47
21 22 42.47
21 23 41.58
21 24 40.33
21 25 58.69
21 26 62.3
21 27 47.58
21 28 51.26
21 29 35.06
21 30 42.0
21 31 59.45
21 32 45.53
21 33 58.43
21 34 66.72
21 35 55.57
21 36 30.14
21 37 44.58
21 38 59.99
21 39 30.52
21 40 46.21
21 41 37.34
21 42 33.52
21 43 51.07
21 44 67.93
21 45 65.96
21 46 49.62
21 47 30.43
21 48 31.63
21 49 45.75
21 50 68.96
21 51 54.58
21 52 39.27
21 53 49.19
21 54 40.15
21 55 48.74
21 56 51.75
21 57 43.09
21 58 56.41
21 59 64.92
21 60 67.51
21 61 41.36
21 62 50.39
21 63 30.05
21 64 32.69
21 65 56.75
21 66 51.35
21 67 36.2
21 68 63.93
21 69 63.06
21 70 55.58
21 71 41.33
21 72 32.88
21 73 37.59
21 74 36.28
21 75 66.81
21 76 34.15
21 77 44.25
21 78 60.55
21 79 56.66
21 80 51.63
21 81 35.21
21 82 58.44
21 83 55.33
21 84 35.66
21 85 66.84
21 86 44.22
21 87 44.97
21 88 59.95
21 89 42.47
21 90 51.41
21 91 41.25
21 92 66.45
21 93 56.47
21 94 34.11
21 95 64.82
21 96 37.91
21 97 32.23
21 98 60.45
21 99 51.19
22 23 62.0
22 24 31.87
22 25 47.63
22 26 57.32
22 27 63.71
22 28 48.38
22 29 42.32
22 30 50.05
22 31 40.77
22 32 36.58
22 33 56.76
22 34 36.19
22 35 67.98
22 36 38.97
22 37 32.5
22 38 47.83
22 39 57.64
22 40 39.66
22 41 62.06
22 42 53.28
22 43 42.77
22 44 37.5
22 45 56.81
22 46 52.55
22 47 47.46
22 48 51.44
22 49 65.02
22 50 33.74
22 51 35.65
22 52 43.82
22 53 67.32
22 54 58.12
22 55 59.54
22 56 44.48
22 57 56.55
22 58 45.98
22 59 30.09
22 60 51.73
22 61 58.67
22 62 58.96
22 63 49.42
22 64 48.06
22 65 30.74
22 66 62.04
22 67 63.24
22 68 36.49
22 69 66.76
22 70 57.03
22 71 63.87
22 72 31.21
22 73 44.13
22 74 63.42
22 75 39.53
22 76 35.78
22 77 63.9
22 78 66.93
22 79 52.91
22 80 65.7
22 81 45.66
22 82 47.54
22 83 36.05
22 84 63.11
22 85 31.35
22 86 38.64
22 87 32.78
22 88 56.47
22 89 57.0
22 90 54.32
22 91 62.88
22 92 67.58
22 93 46.03
22 94 62.66
22 95 57.15
22 96 66.94
22 97 30.36
22 98 51.22
22 99 49.03
23 24 53.66
23 25 48.96
23 26 43.67
23 27 31.44
23 28 42.21
23 29 49.62
23 30 59.74
23 31 65.81
23 32 49.16
23 33 59.2
23 34 63.99
23 35 53.55
23 36 55.04
23 37 38.43
23 38 56.64
23 39 32.68
23 40 64.37
23 41 30.54
23 42 55.54
23 43 69.65
23 44 63.62
23 45 69.9
23 46 64.07
23 47 68.55
23 48 66.04
23 49 34.93
23 50 69.71
23 51 61.37
23 52 32.53
23 53 34.22
23 54 40.04
23 55 54.43
23 56 59.24
23 57 63.64
23 58 35.82
23 59 50.79
23 60 45.54
23 61 54.62
23 62 45.31
23 63 58.0
23 64 32.88
23 65 56.16
23 66 57.63
23 67 63.93
23 68 36.99
23 69 47.93
23 70 47.54
23 71 49.82
23 72 66.04
23 73 54.22
23 74 42.77
23 75 30.52
23 76 63.53
23 77 63.44
23 78 50.45
23 79 63.23
23 80 64.06
23 81 67.13
23 82 35.1
23 83 41.16
23 84 48.41
23 85 43.12
23 86 66.41
23 87 62.58
23 88 61.63
23 89 63.5
23 90 32.25
23 91 61.41
23 92 30.87
23 93 57.99
23 94 40.66
23 95 35.1
23 96 53.03
23 97 34.38
23 98 30.99
23 99 62.41
24 25 69.94
24 26 38.57
24 27 50.55
24 28 38.53
24 29 62.33
24 30 43.7
24 31 68.8
24 32 66.94
24 33 37.99
24 34 38.41
24 35 59.8
24 36 38.0
24 37 38.56
24 38 67.38
24 39 61.74
24 40 35.19
24 41 44.58
24 42 66.02
24 43 40.35
24 44 59.2
24 45 60.26
24 46 32.51
24 47 68.11
24 48 66.74
24 49 49.27
24 50 64.43
24 51 68.98
24 52 36.98
24 53 53.93
24 54 33.14
24 55 41.5
24 56 41.76
24 57 32.62
24 58 64.92
24 59 67.41
24 60 40.15
24 61 65.92
24 62 46.93
24 63 40.91
24 64 54.38
24 65 55.88
24 66 47.88
24 67 43.43
24 68 32.2
24 69 31.05
24 70 47.62
24 71 69.71
24 72 45.73
24 73 43.16
24 74 49.35
24 75 56.42
24 76 34.6
24 77 44.09
24 78 33.15
24 79 58.12
24 80 61.28
24 81 30.48
24 82 68.84
24 83 55.61
24 84 59.81
24 85 31.4
24 86 63.66
24 87 54.33
24 88 56.03
24 89 45.59
24 90 31.54
24 91 51.01
24 92 58.62
24 93 48.85
24 94 44.15
24 95 59.87
24 96 51.02
24 97 44.94
24 98 63.3
24 99 62.17
25 26 61.75
25 27 51.1
25 28 57.72
25 29 60.45
25 30 35.2
25 31 35.0
25 32 49.01
25 33 59.67
25 34 53.33
25 35 39.14
25 36 53.26
25 37 36.69
25 38 66.99
25 39 53.02
25 40 52.99
25 41 60.85
25 42 69.17
25 43 50.27
25 44 69.14
25 45 52.42
25 46 43.17
25 47 30.46
25 48 65.24
25 49 58.65
25 50 42.7
25 51 52.27
25 52 66.71
25 53 34.3
25 54 68.81
25 55 38.35
25 56 46.78
25 57 41.73
25 58 69.05
25 59 67.53
25 60 52.22
25 61 64.31
25 62 42.48
25 63 62.27
25 64 69.39
25 65 50.73
25 66 66.18
25 67 30.54
25 68 46.48
25 69 54.67
25 70 47.55
25 71 57.8
25 72 31.37
25 73 38.55
25 74 57.43
25 75 66.36
25 76 51.48
25 77 65.76
25 78 67.44
25 79 44.25
25 80 63.71
25 81 42.39
25 82 51.87
25 83 34.01
25 84 33.79
25 85 45.04
25 86 58.53
25 87 52.58
25 88 33.74
25 89 64.23
25 90 48.17
25 91 44.83
25 92 37.77
25 93 37.13
25 94 34.06
25 95 32.72
25 96 48.64
25 97 63.02
25 98 30.67
25 99 40.04
26 27 32.67
26 28 54.12
26 29 68.85
26 30 66.71
26 31 69.42
26 32 69.51
26 33 43.4
26 34 63.18
26 35 36.29
26 36 37.29
26 37 65.87
26 38 31.75
26 39 65.99
26 40 42.34
26 41 41.93
26 42 33.4
26 43 43.26
26 44 58.02
26 45 30.66
26 46 46.37
26 47 54.36
26 48 33.36
26 49 41.63
26 50 63.84
26 51 32.44
26 52 67.62
26 53 52.3
26 54 67.76
26 55 41.61
26 56 61.57
26 57 50.09
26 58 66.83
26 59 37.08
26 60 50.86
26 61 39.08
26 62 63.79
26 63 53.35
26 64 61.47
26 65 38.35
26 66 50.79
26 67 41.86
26 68 42.83
26 69 51.38
26 70 60.54
26 71 47.6
26 72 42.62
26 73 36.13
26 74 52.22
26 75 32.52
26 76 49.06
26 77 33.69
26 78 38.01
26 79 35.68
26 80 52.68
26 81 36.5
26 82 56.82
26 83 44.68
26 84 53.13
26 85 55.47
26 86 42.47
26 87 51.18
26 88 57.06
26 89 64.46
26 90 57.38
26 91 68.59
26 92 45.45
26 93 47.61
26 94 32.2
26 95 41.91
26 96 55.57
26 97 33.62
26 98 67.31
26 99 34.21
27 28 61.35
27 29 50.94
27 30 39.41
27 31 60.14
27 32 39.13
27 33 64.4
27 34 54.53
27 35 67.31
27 36 53.82
27 37 33.52
27 38 66.19
27 39 31.36
27 40 55.94
27 41 32.44
27 42 62.37
27 43 35.43
27 44 31.05
27 45 60.91
27 46 41.93
27 47 64.94
27 48 66.85
27 49 66.23
27 50 37.42
27 51 56.44
27 52 56.13
27 53 53.63
27 54 40.95
27 55 67.81
27 56 66.84
27 57 45.49
27 58 31.94
27 59 68.06
27 60 63.72
27 61 55.02
27 62 55.55
27 63 53.58
27 64 59.78
27 65 45.93
27 66 49.34
27 67 43.77
27 68 40.96
27 69 54.91
27 70 49.02
27 71 66.15
27 72 48.67
27 73 41.0
27 74 67.04
27 75 58.7
27 76 39.78
27 77 31.7
27 78 68.0
27 79 50.39
27 80 31.87
27 81 54.69
27 82 32.24
27 83 44.02
27 84 60.37
27 85 69.96
27 86 46.56
27 87 31.18
27 88 65.48
27 89 60.28
27 90 51.47
27 91 33.47
27 92 52.24
27 93 43.67
27 94 34.03
27 95 43.71
27 96 59.19
27 97 59.98
27 98 48.63
27 99 44.38
28 29 33.15
28 30 58.4
28 31 64.39
28 32 30.34
28 33 55.9
28 34 64.33
28 35 30.66
28 36 60.33
28 37 44.58
28 38 61.13
28 39 50.8
28 40 50.85
28 41 46.47
28 42 67.69
28 43 35.14
28 44 43.97
28 45 47.78
28 46 40.19
28 47 65.92
28 48 39.01
28 49 33.76
28 50 57.2
28 51 55.23
28 52 58.1
28 53 31.87
28 54 59.54
28 55 55.94
28 56 46.98
28 57 34.8
28 58 36.09
28 59 36.3
28 60 57.97
28 61 48.07
28 62 67.2
28 63 44.29
28 64 41.46
28 65 63.99
28 66 44.28
28 67 56.5
28 68 41.26
28 69 43.27
28 70 47.95
28 71 30.88
28 72 38.93
28 73 54.76
28 74 66.75
28 75 36.5
28 76 68.74
28 77 33.2
28 78 62.38
28 79 40.45
28 80 37.22
28 81 60.19
28 82 34.99
28 83 60.77
28 84 44.1
28 85 35.39
28 86 39.17
28 87 44.29
28 88 38.44
28 89 42.67
28 90 34.7
28 91 63.1
28 92 59.65
28 93 34.44
28 94 67.31
28 95 55.81
28 96 30.84
28 97 63.04
28 98 62.06
28 99 62.53
29 30 45.37
29 31 42.42
29 32 44.05
29 33 67.54
29 34 66.13
29 35 67.6
29 36 46.64
29 37 58.19
29 38 60.64
29 39 47.11
29 40 39.33
29 41 50.91
29 42 59.55
29 43 50.49
29 44 68.6
29 45 67.33
29 46 30.09
29 47 49.4
29 48 58.21
29 49 52.46
29 50 48.93
29 51 40.61
29 52 53.91
29 53 49.85
29 54 48.07
29 55 33.14
29 56 62.7
29 57 36.45
29 58 58.22
29 59 39.55
29 60 60.17
29 61 57.53
29 62 69.75
29 63 32.25
29 64 43.02
29 65 30.89
29 66 54.36
29 67 51.15
29 68 51.05
29 69 34.64
29 70 54.82
29 71 45.31
29 72 36.78
29 73 40.42
29 74 48.55
29 75 66.76
29 76 64.2
29 77 35.11
29 78 40.23
29 79 54.95
29 80 60.16
29 81 63.15
29 82 56.65
29 83 62.26
29 84 36.87
29 85 39.86
29 86 68.65
29 87 45.3
29 88 43.42
29 89 35.65
29 90 62.84
29 91 66.53
29 92 68.71
29 93 33.88
29 94 66.71
29 95 62.65
29 96 67.09
29 97 56.24
29 98 40.14
29 99 64.84
30 31 56.98
30 32 47.85
30 33 61.84
30 34 59.96
30 35 67.64
30 36 60.95
30 37 42.65
30 38 68.09
30 39 64.27
30 40 46.9
30 41 63.89
30 42 48.98
30 43 54.17
30 44 38.05
30 45 54.95
30 46 37.84
30 47 68.9
30 48 64.64
30 49 60.01
30 50 64.33
30 51 61.58
30 52 58.04
30 53 56.23
30 54 38.21
30 55 68.39
30 56 41.02
30 57 69.55
30 58 45.39
30 59 48.26
30 60 47.99
30 61 53.16
30 62 62.4
30 63 47.53
30 64 64.91
30 65 58.71
30 66 53.09
30 67 56.08
30 68 68.1
30 69 62.6
30 70 45.4
30 71 38.49
30 72 68.5
30 73 35.6
30 74 48.6
30 75 42.65
30 76 57.9
30 77 46.33
30 78 58.07
30 79 33.01
30 80 54.35
30 81 54.28
30 82 45.95
30 83 50.23
30 84 52.89
30 85 52.7
30 86 62.66
30 87 54.61
30 88 54.18
30 89 34.36
30 90 67.08
30 91 52.64
30 92 45.86
30 93 56.84
30 94 38.59
30 95 47.88
30 96 36.37
30 97 53.25
30 98 57.32
30 99 42.82
31 32 58.14
31 33 47.86
31 34 61.19
31 35 62.69
31 36 69.35
31 37 36.69
31 38 61.66
31 39 38.76
31 40 35.04
31 41 46.19
31 42 57.97
31 43 56.46
31 44 53.24
31 45 43.99
31 46 50.56
31 47 53.63
31 48 62.18
31 49 35.95
31 50 43.59
31 51 64.52
31 52 35.34
31 53 60.7
31 54 64.72
31 55 65.71
31 56 33.05
31 57 45.26
31 58 63.32
31 59 59.97
31 60 69.42
31 61 64.46
31 62 53.02
31 63 46.45
31 64 67.21
31 65 65.89
31 66 56.39
31 67 47.11
31 68 45.69
31 69 39.85
31 70 45.15
31 71 38.94
31 72 61.45
31 73 57.3
31 74 56.46
31 75 45.88
31 76 63.52
31 77 56.3
31 78 46.5
31 79 64.05
31 80 48.99
31 81 41.91
31 82 45.73
31 83 41.51
31 84 45.33
31 85 68.53
31 86 60.54
31 87 38.46
31 88 36.45
31 89 35.8
31 90 62.9
31 91 61.49
31 92 62.75
31 93 64.93
31 94 52.27
31 95 39.84
31 96 31.71
31 97 52.07
31 98 61.64
31 99 52.0
32 33 45.33
32 34 44.24
32 35 58.36
32 36 51.66
32 37 47.93
32 38 61.76
32 39 49.24
32 40 69.57
32 41 51.08
32 42 55.13
32 43 68.38
32 44 39.58
32 45 60.35
32 46 35.94
32 47 31.34
32 48 65.63
32 49 66.16
32 50 44.44
32 51 53.53
32 52 61.4
32 53 57.75
32 54 38.39
32 55 58.02
32 56 59.85
32 57 54.85
32 58 50.48
32 59 33.95
32 60 61.56
32 61 57.86
32 62 69.36
32 63 57.17
32 64 47.81
32 65 46.59
32 66 55.34
32 67 59.85
32 68 47.11
32 69 37.04
32 70 50.75
32 71 59.03
32 72 50.23
32 73 35.95
32 74 57.1
32 75 59.34
32 76 56.01
32 77 42.04
32 78 38.41
32 79 59.54
32 80 66.98
32 81 60.34
32 82 32.6
32 83 60.63
32 84 41.91
32 85 60.59
32 86 62.65
32 87 56.02
32 88 58.56
32 89 65.68
32 90 66.04
32 91 64.24
32 92 52.76
32 93 37.33
32 94 68.21
32 95 43.01
32 96 66.61
32 97 67.4
32 98 41.03
32 99 60.89
33 34 56.01
33 35 36.79
33 36 53.64
33 37 39.4
33 38 54.87
33 39 65.9
33 40 37.35
33 41 65.97
33 42 53.14
33 43 49.91
33 44 64.58
33 45 59.12
33 46 37.51
33 47 53.38
33 48 42.8
33 49 45.16
33 50 36.06
33 51 47.64
33 52 49.23
33 53 53.34
33 54 63.69
33 55 51.23
33 56 45.3
33 57 65.02
33 58 43.76
33 59 31.96
33 60 30.63
33 61 41.36
33 62 52.89
33 63 46.61
33 64 32.05
33 65 65.19
33 66 37.69
33 67 41.81
33 68 69.3
33 69 67.52
33 70 64.1
33 71 61.22
33 72 67.71
33 73 51.76
33 74 46.25
33 75 48.47
33 76 45.23
33 77 58.6
33 78 41.33
33 79 37.33
33 80 40.4
33 81 58.88
33 82 52.55
33 83 53.03
33 84 40.4
33 85 59.79
33 86 30.5
33 87 40.5
33 88 33.57
33 89 32.34
33 90 57.39
33 91 42.56
33 92 30.84
33 93 66.44
33 94 37.97
33 95 31.55
33 96 41.22
33 97 51.27
33 98 61.87
33 99 37.89
34 35 41.97
34 36 51.28
34 37 59.32
34 38 55.5
34 39 51.66
34 40 62.99
34 41 60.04
34 42 44.22
34 43 62.47
34 44 51.67
34 45 69.31
34 46 58.1
34 47 49.31
34 48 32.11
34 49 62.63
34 50 43.9
34 51 54.2
34 52 48.72
34 53 41.07
34 54 68.08
34 55 62.8
34 56 57.58
34 57 34.42
34 58 69.52
34 59 44.99
34 60 42.88
34 61 34.43
34 62 66.94
34 63 47.94
34 64 52.83
34 65 38.05
34 66 39.77
34 67 41.45
34 68 36.42
34 69 42.91
34 70 35.84
34 71 66.19
34 72 53.41
34 73 42.44
34 74 60.88
34 75 66.25
34 76 50.02
34 77 50.63
34 78 48.96
34 79 31.0
34 80 54.96
34 81 68.01
34 82 32.61
34 83 30.65
34 84 54.45
34 85 41.83
34 86 53.03
34 87 63.51
34 88 53.06
34 89 56.1
34 90 48.09
34 91 36.09
34 92 54.33
34 93 47.4
34 94 50.89
34 95 40.32
34 96 56.78
34 97 56.95
34 98 36.18
34 99 56.99
35 36 43.37
35 37 31.13
35 38 59.1
35 39 62.2
35 40 56.63
35 41 47.03
35 42 63.47
35 43 45.88
35 44 49.83
35 45 56.18
35 46 47.63
35 47 57.53
35 48 56.83
35 49 30.14
35 50 44.31
35 51 51.78
35 52 64.64
35 53 36.55
35 54 59.18
35 55 34.74
35 56 53.16
35 57 63.46
35 58 65.41
35 59 58.79
35 60 30.18
35 61 47.02
35 62 66.28
35 63 58.56
35 64 41.35
35 65 44.3
35 66 65.49
35 67 41.41
35 68 34.72
35 69 65.74
35 70 61.46
35 71 38.92
35 72 67.27
35 73 44.06
35 74 51.73
35 75 50.59
35 76 32.1
35 77 49.52
35 78 31.06
35 79 34.7
35 80 31.72
35 81 48.07
35 82 65.0
35 83 68.93
35 84 47.46
35 85 62.62
35 86 63.39
35 87 47.14
35 88 45.03
35 89 54.88
35 90 39.81
35 91 54.94
35 92 48.88
35 93 49.82
35 94 64.07
35 95 43.44
35 96 36.45
35 97 43.97
35 98 67.65
35 99 65.34
36 37 33.34
36 38 47.8
36 39 35.13
36 40 50.22
36 41 34.14
36 42 32.91
36 43 49.7
36 44 31.18
36 45 32.57
36 46 42.76
36 47 31.73
36 48 31.13
36 49 59.98
36 50 54.74
36 51 55.29
36 52 38.76
36 53 51.73
36 54 57.28
36 55 65.51
36 56 64.43
36 57 57.7
36 58 41.36
36 59 41.65
36 60 57.39
36 61 44.07
36 62 39.87
36 63 51.94
36 64 41.81
36 65 66.08
36 66 59.41
36 67 34.54
36 68 45.49
36 69 31.42
36 70 52.81
36 71 40.06
36 72 33.6
36 73 63.19
36 74 35.45
36 75 39.99
36 76 35.12
36 77 47.96
36 78 41.16
36 79 63.09
36 80 53.21
36 81 61.42
36 82 40.24
36 83 57.09
36 84 47.18
36 85 31.35
36 86 66.81
36 87 46.62
36 88 42.25
36 89 31.1
36 90 45.3
36 91 37.01
36 92 42.22
36 93 33.07
36 94 41.69
36 95 66.59
36 96 66.09
36 97 40.1
36 98 44.3
36 99 48.06
37 38 57.42
37 39 67.29
37 40 47.44
37 41 36.6
37 42 36.31
37 43 45.79
37 44 60.38
37 45 54.17
37 46 64.02
37 47 58.51
37 48 42.71
37 49 36.76
37 50 53.56
37 51 38.53
37 52 60.7
37 53 63.23
37 54 47.8
37 55 52.68
37 56 63.67
37 57 56.61
37 58 35.05
37 59 32.09
37 60 53.19
37 61 39.05
37 62 33.7
37 63 30.59
37 64 56.06
37 65 50.43
37 66 46.77
37 67 31.84
37 68 40.83
37 69 56.03
37 70 58.96
37 71 57.01
37 72 63.97
37 73 45.56
37 74 63.86
37 75 36.96
37 76 52.09
37 77 33.92
37 78 34.9
37 79 44.34
37 80 44.84
37 81 34.45
37 82 58.48
37 83 46.43
37 84 53.72
37 85 48.14
37 86 54.65
37 87 57.0
37 88 57.37
37 89 55.44
37 90 50.65
37 91 40.69
37 92 58.38
37 93 50.2
37 94 54.92
37 95 51.42
37 96 57.21
37 97 39.12
37 98 48.2
37 99 42.98
38 39 31.78
38 40 64.25
38 41 38.24
38 42 60.72
38 43 39.06
38 44 68.92
38 45 43.13
38 46 65.48
38 47 49.52
38 48 51.89
38 49 54.32
38 50 36.05
38 51 45.99
38 52 62.53
38 53 62.42
38 54 49.07
38 55 53.84
38 56 52.75
38 57 58.13
38 58 46.64
38 59 38.87
38 60 44.85
38 61 55.59
38 62 54.83
38 63 68.16
38 64 40.52
38 65 31.69
38 66 38.46
38 67 55.41
38 68 34.64
38 69 59.9
38 70 40.25
38 71 45.37
38 72 58.22
38 73 64.59
38 74 40.27
38 75 62.15
38 76 47.19
38 77 61.77
38 78 59.72
38 79 69.31
38 80 63.57
38 81 35.65
38 82 68.91
38 83 56.89
38 84 32.64
38 85 40.81
38 86 55.48
38 87 37.08
38 88 43.24
38 89 34.58
38 90 63.14
38 91 39.36
38 92 56.14
38 93 40.22
38 94 37.94
38 95 44.14
38 96 30.45
38 97 32.14
38 98 46.18
38 99 30.99
39 40 41.0
39 41 58.09
39 42 44.52
39 43 55.64
39 44 67.41
39 45 65.36
39 46 44.19
39 47 34.96
39 48 36.66
39 49 48.55
39 50 37.78
39 51 39.67
39 52 69.71
39 53 65.77
39 54 39.11
39 55 67.67
39 56 39.29
39 57 53.59
39 58 46.54
39 59 66.56
39 60 44.77
39 61 45.96
39 62 68.69
39 63 57.73
39 64 61.22
39 65 42.28
39 66 43.47
39 67 40.06
39 68 37.4
39 69 51.36
39 70 31.72
39 71 66.81
39 72 43.23
39 73 33.58
39 74 69.94
39 75 34.84
39 76 35.96
39 77 69.33
39 78 39.41
39 79 36.67
39 80 51.12
39 81 63.87
39 82 60.32
39 83 46.45
39 84 39.25
39 85 41.35
39 86 64.3
39 87 56.65
39 88 41.87
39 89 43.4
39 90 66.91
39 91 48.42
39 92 69.51
39 93 60.49
39 94 63.91
39 95 41.41
39 96 35.48
39 97 61.58
39 98 33.56
39 99 40.23
40 41 63.72
40 42 30.6
40 43 52.98
40 44 44.47
40 45 42.1
40 46 33.85
40 47 64.92
40 48 41.62
40 49 55.03
40 50 51.13
40 51 46.07
40 52 35.07
40 53 51.87
40 54 34.25
40 55 38.25
40 56 64.37
40 57 43.89
40 58 60.36
40 59 64.59
40 60 46.62
40 61 32.85
40 62 31.25
40 63 49.58
40 64 31.98
40 65 69.19
40 66 45.38
40 67 45.43
40 68 58.29
40 69 38.36
40 70 37.94
40 71 59.15
40 72 36.46
40 73 69.57
40 74 59.91
40 75 38.29
40 76 45.13
40 77 62.83
40 78 40.91
40 79 53.85
40 80 61.79
40 81 64.23
40 82 58.69
40 83 31.38
40 84 57.34
40 85 41.63
40 86 53.86
40 87 65.16
40 88 59.76
40 89 58.6
40 90 67.98
40 91 64.08
40 92 46.1
40 93 68.91
40 94 53.53
40 95 41.93
40 96 69.76
40 97 47.0
40 98 33.6
40 99 35.98
41 42 49.88
41 43 69.3
41 44 30.34
41 45 31.56
41 46 34.36
41 47 56.83
41 48 35.83
41 49 67.71
41 50 50.9
41 51 45.66
41 52 57.05
41 53 58.97
41 54 59.05
41 55 30.82
41 56 32.71
41 57 51.22
41 58 31.16
41 59 64.46
41 60 62.51
41 61 65.65
41 62 57.17
41 63 46.11
41 64 62.45
41 65 56.28
41 66 66.09
41 67 54.05
41 68 67.76
41 69 31.31
41 70 63.82
41 71 59.25
41 72 47.14
41 73 57.47
41 74 62.81
41 75 63.68
41 76 62.41
41 77 40.51
41 78 33.73
41 79 54.46
41 80 31.55
41 81 33.82
41 82 57.97
41 83 66.72
41 84 31.29
41 85 36.51
41 86 49.44
41 87 58.73
41 88 35.6
41 89 42.57
41 90 61.88
41 91 41.65
41 92 40.13
41 93 45.72
41 94 41.4
41 95 48.67
41 96 44.17
41 97 50.99
41 98 66.84
41 99 41.65
42 43 68.67
42 44 30.33
42 45 58.96
42 46 53.97
42 47 46.81
42 48 48.99
42 49 40.66
42 50 33.71
42 51 47.67
42 52 36.06
42 53 68.38
42 54 61.76
42 55 43.95
42 56 44.76
42 57 48.05
42 58 68.37
42 59 57.4
42 60 32.06
42 61 68.97
42 62 40.13
42 63 31.9
42 64 67.76
42 65 30.62
42 66 67.52
42 67 68.16
42 68 56.79
42 69 60.02
42 70 45.24
42 71 54.15
42 72 66.55
42 73 31.74
42 74 33.69
42 75 31.74
42 76 56.68
42 77 36.13
42 78 56.91
42 79 56.41
42 80 33.75
42 81 49.97
42 82 35.27
42 83 45.87
42 84 65.91
42 85 32.84
42 86 62.37
42 87 31.13
42 88 46.54
42 89 61.68
42 90 59.31
42 91 37.53
42 92 43.76
42 93 64.1
42 94 46.21
42 95 37.43
42 96 66.42
42 97 65.11
42 98 59.88
42 99 58.24
43 44 62.7
43 45 37.34
43 46 41.42
43 47 64.45
43 48 52.23
43 49 56.92
43 50 46.62
43 51 66.44
43 52 56.17
43 53 69.44
43 54 37.31
43 55 30.9
43 56 66.58
43 57 61.95
43 58 35.36
43 59 47.36
43 60 30.08
43 61 30.51
43 62 50.87
43 63 47.35
43 64 36.03
43 65 57.66
43 66 63.58
43 67 64.47
43 68 53.95
43 69 35.11
43 70 40.04
43 71 38.2
43 72 40.89
43 73 42.38
43 74 41.43
43 75 68.71
43 76 31.54
43 77 61.96
43 78 40.7
43 79 62.47
43 80 68.57
43 81 50.37
43 82 45.58
43 83 60.27
43 84 36.17
43 85 67.32
43 86 53.45
43 87 34.52
43 88 46.87
43 89 36.11
43 90 48.41
43 91 44.95
43 92 53.94
43 93 41.95
43 94 44.24
43 95 30.05
43 96 34.92
43 97 37.56
43 98 51.74
43 99 44.1
44 45 68.27
44 46 45.84
44 47 37.74
44 48 66.76
44 49 57.88
44 50 57.82
44 51 39.57
44 52 62.97
44 53 31.36
44 54 45.71
44 55 53.37
44 56 41.01
44 57 50.25
44 58 59.27
44 59 51.37
44 60 69.26
44 61 55.11
44 62 53.09
44 63 47.08
44 64 55.46
44 65 50.69
44 66 68.56
44 67 65.96
44 68 44.97
44 69 38.02
44 70 52.31
44 71 64.88
44 72 64.44
44 73 57.23
44 74 33.35
44 75 50.12
44 76 64.84
44 77 67.1
44 78 49.74
44 79 60.64
44 80 60.69
44 81 50.77
44 82 62.88
44 83 50.46
44 84 35.09
44 85 52.16
44 86 34.88
44 87 51.22
44 88 56.44
44 89 32.91
44 90 46.93
44 91 50.1
44 92 54.78
44 93 42.81
44 94 34.62
44 95 44.26
44 96 68.25
44 97 51.73
44 98 55.22
44 99 38.8
45 46 59.9
45 47 69.73
45 48 68.32
45 49 62.92
45 50 62.65
45 51 44.48
45 52 61.71
45 53 54.39
45 54 59.14
45 55 66.05
45 56 45.96
45 57 66.72
45 58 58.03
45 59 43.15
45 60 63.37
45 61 67.98
45 62 48.78
45 63 52.83
45 64 46.57
45 65 46.44
45 66 30.49
45 67 50.32
45 68 42.58
45 69 61.65
45 70 37.41
45 71 32.85
45 72 50.81
45 73 60.51
45 74 52.83
45 75 54.96
45 76 67.65
45 77 60.08
45 78 45.2
45 79 34.02
45 80 45.34
45 81 65.46
45 82 39.57
45 83 51.68
45 84 51.2
45 85 41.83
45 86 62.05
45 87 44.28
45 88 36.03
45 89 66.52
45 90 59.7
45 91 64.29
45 92 34.13
45 93 33.54
45 94 64.54
45 95 33.41
45 96 64.43
45 97 32.13
45 98 51.94
45 99 62.81
46 47 36.75
46 48 56.73
46 49 61.98
46 50 47.55
46 51 38.5
46 52 32.88
46 53 52.46
46 54 51.15
46 55 52.81
46 56 35.13
46 57 40.05
46 58 63.67
46 59 55.58
46 60 48.75
46 61 64.82
46 62 57.58
46 63 66.66
46 64 38.71
46 65 64.24
46 66 37.49
46 67 35.25
46 68 52.98
46 69 58.91
46 70 60.29
46 71 66.96
46 72 62.18
46 73 36.52
46 74 48.81
46 75 48.66
46 76 45.47
46 77 68.07
46 78 30.6
46 79 44.55
46 80 63.22
46 81 37.3
46 82 66.08
46 83 45.2
46 84 60.18
46 85 32.81
46 86 61.91
46 87 64.06
46 88 31.55
46 89 45.83
46 90 43.54
46 91 63.76
46 92 52.08
46 93 30.08
46 94 42.86
46 95 35.25
46 96 44.84
46 97 54.68
46 98 42.98
46 99 57.63
47 48 65.54
47 49 59.76
47 50 35.08
47 51 64.97
47 52 31.81
47 53 43.87
47 54 42.91
47 55 56.68
47 56 30.39
47 57 55.05
47 58 44.13
47 59 33.98
47 60 42.26
47 61 32.72
47 62 38.45
47 63 44.26
47 64 39.09
47 65 43.8
47 66 53.71
47 67 39.87
47 68 49.94
47 69 56.62
47 70 43.14
47 71 48.84
47 72 44.5
47 73 36.08
47 74 38.79
47 75 34.46
47 76 45.11
47 77 51.15
47 78 66.89
47 79 51.82
47 80 59.71
47 81 49.36
47 82 38.34
47 83 52.46
47 84 33.3
47 85 58.03
47 86 60.62
47 87 55.53
47 88 53.55
47 89 44.97
47 90 36.04
47 91 53.74
47 92 65.14
47 93 69.2
47 94 46.59
47 95 51.97
47 96 34.6
47 97 40.26
47 98 69.19
47 99 62.92
48 49 51.98
48 50 57.0
48 51 36.07
48 52 47.75
48 53 36.98
48 54 56.94
48 55 34.72
48 56 32.11
48 57 63.75
48 58 56.6
48 59 48.23
48 60 65.29
48 61 49.75
48 62 54.68
48 63 63.36
48 64 45.76
48 65 37.6
48 66 53.96
48 67 34.0
48 68 56.27
48 69 64.1
48 70 56.46
48 71 44.12
48 72 57.86
48 73 40.71
48 74 54.2
48 75 66.44
48 76 39.66
48 77 44.94
48 78 31.79
48 79 30.57
48 80 66.68
48 81 42.69
48 82 42.91
48 83 51.29
48 84 65.26
48 85 52.9
48 86 50.43
48 87 69.17
48 88 69.06
48 89 58.72
48 90 35.98
48 91 40.22
48 92 40.91
48 93 41.95
48 94 68.9
48 95 48.16
48 96 39.12
48 97 37.04
48 98 38.98
48 99 62.78
49 50 65.39
49 51 36.88
49 52 48.67
49 53 62.76
49 54 46.65
49 55 61.55
49 56 42.68
49 57 61.35
49 58 68.21
49 59 62.21
49 60 37.19
49 61 59.6
49 62 55.47
49 63 66.77
49 64 50.64
49 65 36.74
49 66 32.31
49 67 51.81
49 68 30.55
49 69 52.64
49 70 46.17
49 71 52.63
49 72 48.88
49 73 59.34
49 74 58.69
49 75 43.84
49 76 48.71
49 77 35.16
49 78 55.18
49 79 47.28
49 80 33.54
49 81 33.48
49 82 51.56
49 83 48.29
49 84 65.94
49 85 57.37
49 86 53.51
49 87 62.08
49 88 63.34
49 89 44.6
49 90 46.48
49 91 44.59
49 92 44.32
49 93 46.08
49 94 43.56
49 95 43.75
49 96 48.78
49 97 58.8
49 98 40.63
49 99 63.97
50 51 37.98
50 52 31.03
50 53 30.2
50 54 61.21
50 55 52.13
50 56 63.15
50 57 37.96
50 58 58.68
50 59 66.55
50 60 64.58
50 61 51.55
50 62 68.4
50 63 36.88
50 64 62.44
50 65 53.49
50 66 30.01
50 67 63.68
50 68 67.53
50 69 31.6
50 70 52.36
50 71 53.03
50 72 57.07
50 73 45.21
50 74 56.19
50 75 60.23
50 76 60.48
50 77 50.01
50 78 41.73
50 79 66.44
50 80 55.15
50 81 49.62
50 82 58.87
50 83 68.8
50 84 52.3
50 85 66.56
50 86 44.72
50 87 46.47
50 88 43.07
50 89 35.97
50 90 31.84
50 91 48.01
50 92 48.67
50 93 39.63
50 94 60.95
50 95 66.94
50 96 65.19
50 97 42.45
50 98 49.29
50 99 36.01
51 52 56.29
51 53 47.18
51 54 30.72
51 55 60.47
51 56 45.83
51 57 40.28
51 58 42.77
51 59 68.33
51 60 64.09
51 61 35.12
51 62 49.4
51 63 56.64
51 64 43.37
51 65 61.57
51 66 65.11
51 67 59.27
51 68 50.58
51 69 58.42
51 70 57.01
51 71 43.0
51 72 61.62
51 73 31.25
51 74 61.87
51 75 44.66
51 76 45.33
51 77 48.31
51 78 59.65
51 79 58.8
51 80 31.2
51 81 63.68
51 82 34.11
51 83 38.85
51 84 56.99
51 85 46.56
51 86 37.39
51 87 40.45
51 88 35.35
51 89 31.92
51 90 59.78
51 91 63.9
51 92 67.78
51 93 47.54
51 94 68.79
51 95 54.69
51 96 66.98
51 97 47.09
51 98 38.19
51 99 45.64
52 53 57.0
52 54 55.27
52 55 45.98
52 56 61.54
52 57 63.18
52 58 35.47
52 59 51.0
52 60 51.49
52 61 41.99
52 62 63.23
52 63 37.23
52 64 55.95
52 65 51.26
52 66 39.32
52 67 39.46
52 68 39.99
52 69 47.93
52 70 63.83
52 71 44.56
52 72 42.51
52 73 32.82
52 74 45.04
52 75 48.17
52 76 66.95
52 77 39.89
52 78 52.34
52 79 60.76
52 80 40.4
52 81 49.87
52 82 39.71
52 83 48.92
52 84 48.16
52 85 31.34
52 86 38.37
52 87 54.11
52 88 67.95
52 89 62.61
52 90 68.07
52 91 45.43
52 92 45.89
52 93 46.52
52 94 44.45
52 95 56.58
52 96 56.99
52 97 64.64
52 98 37.66
52 99 40.5
53 54 66.28
53 55 60.7
53 56 40.18
53 57 51.33
53 58 60.24
53 59 48.8
53 60 53.72
53 61 38.04
53 62 30.71
53 63 57.26
53 64 31.78
53 65 31.66
53 66 45.46
53 67 47.89
53 68 42.66
53 69 38.53
53 70 49.48
53 71 36.53
53 72 44.99
53 73 63.27
53 74 58.79
53 75 54.66
53 76 41.01
53 77 54.77
53 78 67.58
53 79 32.15
53 80 41.64
53 81 57.4
53 82 54.4
53 83 58.86
53 84 35.75
53 85 51.38
53 86 40.07
53 87 59.95
53 88 59.35
53 89 33.27
53 90 64.21
53 91 57.2
53 92 38.62
53 93 67.53
53 94 50.05
53 95 34.09
53 96 48.04
53 97 58.71
53 98 46.97
53 99 32.06
54 55 40.12
54 56 52.12
54 57 45.39
54 58 56.23
54 59 39.99
54 60 40.56
54 61 31.95
54 62 63.31
54 63 43.77
54 64 52.85
54 65 69.9
54 66 67.84
54 67 59.29
54 68 41.7
54 69 46.61
54 70 37.48
54 71 49.49
54 72 62.76
54 73 61.81
54 74 55.95
54 75 52.81
54 76 55.38
54 77 57.4
54 78 69.57
54 79 51.88
54 80 68.77
54 81 44.55
54 82 66.66
54 83 34.06
54 84 58.97
54 85 47.71
54 86 68.71
54 87 30.81
54 88 57.55
54 89 67.12
54 90 45.05
54 91 30.76
54 92 41.63
54 93 46.4
54 94 48.7
54 95 61.74
54 96 66.94
54 97 49.65
54 98 30.29
54 99 64.64
55 56 68.88
55 57 57.82
55 58 33.69
55 59 67.34
55 60 30.44
55 61 45.72
55 62 58.63
55 63 33.25
55 64 46.47
55 65 38.23
55 66 45.96
55 67 30.66
55 68 60.2
55 69 36.95
55 70 31.59
55 71 38.35
55 72 36.81
55 73 61.53
55 74 62.82
55 75 52.74
55 76 39.72
55 77 43.01
55 78 39.89
55 79 36.97
55 80 66.96
55 81 59.2
55 82 54.03
55 83 69.55
55 84 61.77
55 85 45.46
55 86 30.86
55 87 55.36
55 88 31.11
55 89 45.59
55 90 31.43
55 91 42.03
55 92 57.64
55 93 37.88
55 94 43.35
55 95 65.1
55 96 55.99
55 97 32.29
55 98 69.24
55 99 51.6
56 57 50.43
56 58 49.56
56 59 34.2
56 60 52.12
56 61 55.32
56 62 40.35
56 63 41.65
56 64 63.91
56 65 30.84
56 66 63.29
56 67 37.79
56 68 59.41
56 69 55.87
56 70 64.19
56 71 48.71
56 72 55.33
56 73 36.49
56 74 48.93
56 75 31.08
56 76 36.64
56 77 53.71
56 78 55.99
56 79 30.26
56 80 42.43
56 81 40.52
56 82 37.92
56 83 61.48
56 84 38.04
56 85 39.54
56 86 39.42
56 87 64.55
56 88 35.11
56 89 37.03
56 90 47.02
56 91 58.09
56 92 69.73
56 93 46.76
56 94 35.8
56 95 44.7
56 96 43.86
56 97 37.78
56 98 40.4
56 99 31.13
57 58 30.86
57 59 63.09
57 60 45.65
57 61 45.8
57 62 56.16
57 63 32.95
57 64 39.04
57 65 39.11
57 66 61.09
57 67 57.88
57 68 58.16
57 69 32.36
57 70 68.46
57 71 33.45
57 72 68.82
57 73 51.12
57 74 46.88
57 75 48.9
57 76 43.66
57 77 59.19
57 78 40.84
57 79 53.58
57 80 67.34
57 81 45.65
57 82 46.4
57 83 51.18
57 84 49.34
57 85 60.68
57 86 34.3
57 87 62.69
57 88 69.05
57 89 57.95
57 90 36.89
57 91 48.01
57 92 30.29
57 93 45.31
57 94 68.8
57 95 41.88
57 96 56.37
57 97 45.74
57 98 48.95
57 99 46.36
58 59 38.39
58 60 44.47
58 61 55.42
58 62 40.79
58 63 61.34
58 64 38.59
58 65 46.07
58 66 69.04
58 67 65.88
58 68 66.09
58 69 54.3
58 70 39.1
58 71 54.95
58 72 44.92
58 73 36.37
58 74 45.4
58 75 59.12
58 76 32.88
58 77 40.48
58 78 54.89
58 79 35.45
58 80 35.94
58 81 64.38
58 82 38.36
58 83 54.24
58 84 51.38
58 85 36.54
58 86 47.55
58 87 64.54
58 88 46.75
58 89 35.3
58 90 47.66
58 91 35.72
58 92 42.85
58 93 53.1
58 94 69.24
58 95 65.82
58 96 41.02
58 97 48.45
58 98 48.98
58 99 40.03
59 60 49.81
59 61 51.92
59 62 59.64
59 63 34.55
59 64 65.79
59 65 39.23
59 66 32.29
59 67 63.98
59 68 53.61
59 69 62.79
59 70 54.75
59 71 59.0
59 72 53.1
59 73 56.48
59 74 54.18
59 75 49.5
59 76 54.65
59 77 46.94
59 78 44.76
59 79 37.99
59 80 48.33
59 81 45.59
59 82 67.7
59 83 51.23
59 84 45.87
59 85 61.08
59 86 68.55
59 87 67.0
59 88 48.25
59 89 34.34
59 90 66.85
59 91 67.59
59 92 66.59
59 93 63.16
59 94 67.69
59 95 34.52
59 96 54.33
59 97 63.91
59 98 37.43
59 99 66.04
60 61 55.32
60 62 30.06
60 63 43.98
60 64 49.06
60 65 41.95
60 66 39.45
60 67 50.14
60 68 49.75
60 69 41.42
60 70 65.92
60 71 45.3
60 72 67.13
60 73 64.87
60 74 44.62
60 75 64.2
60 76 52.72
60 77 63.24
60 78 49.41
60 79 45.8
60 80 33.2
60 81 40.03
60 82 46.35
60 83 66.97
60 84 44.59
60 85 65.85
60 86 44.74
60 87 61.03
60 88 50.25
60 89 35.35
60 90 41.85
60 91 54.08
60 92 50.22
60 93 69.0
60 94 37.97
60 95 34.18
60 96 55.09
60 97 50.63
60 98 33.17
60 99 62.64
61 62 30.72
61 63 52.34
61 64 54.8
61 65 53.49
61 66 41.32
61 67 60.28
61 68 31.42
61 69 41.35
61 70 57.35
61 71 58.32
61 72 65.21
61 73 41.24
61 74 33.29
61 75 49.85
61 76 69.59
61 77 65.43
61 78 32.52
61 79 44.29
61 80 62.16
61 81 30.71
61 82 33.84
61 83 57.54
61 84 38.63
61 85 32.21
61 86 60.53
61 87 31.99
61 88 65.85
61 89 45.68
61 90 54.89
61 91 65.51
61 92 55.89
61 93 59.86
61 94 54.09
61 95 34.68
61 96 48.58
61 97 53.19
61 98 39.9
61 99 69.23
62 63 32.53
62 64 56.87
62 65 54.12
62 66 63.76
62 67 59.13
62 68 50.49
62 69 52.07
62 70 41.64
62 71 60.25
62 72 39.66
62 73 37.02
62 74 66.67
62 75 57.2
62 76 56.09
62 77 46.51
62 78 41.97
62 79 45.03
62 80 44.11
62 81 38.66
62 82 60.98
62 83 34.49
62 84 47.25
62 85 65.24
62 86 58.3
62 87 43.07
62 88 64.42
62 89 67.42
62 90 50.19
62 91 41.57
62 92 36.79
62 93 31.11
62 94 67.4
62 95 59.2
62 96 50.28
62 97 50.72
62 98 69.68
62 99 47.12
63 64 66.76
63 65 50.56
63 66 39.87
63 67 58.11
63 68 67.01
63 69 64.82
63 70 35.95
63 71 36.54
63 72 64.09
63 73 60.37
63 74 40.11
63 75 64.77
63 76 38.39
63 77 38.66
63 78 32.01
63 79 41.39
63 80 63.98
63 81 64.03
63 82 49.6
63 83 47.67
63 84 54.46
63 85 60.86
63 86 57.41
63 87 51.47
63 88 39.45
63 89 56.82
63 90 57.01
63 91 53.22
63 92 60.87
63 93 54.63
63 94 41.51
63 95 45.07
63 96 34.36
63 97 47.01
63 98 31.12
63 99 30.74
64 65 57.17
64 66 58.25
64 67 64.96
64 68 35.2
64 69 35.92
64 70 35.99
64 71 48.2
64 72 65.04
64 73 66.07
64 74 44.04
64 75 41.02
64 76 63.96
64 77 56.07
64 78 49.53
64 79 54.27
64 80 66.33
64 81 47.05
64 82 47.13
64 83 55.04
64 84 54.41
64 85 32.67
64 86 49.81
64 87 57.48
64 88 51.8
64 89 33.03
64 90 30.52
64 91 62.4
64 92 32.64
64 93 33.03
64 94 37.46
64 95 45.67
64 96 45.99
64 97 58.64
64 98 62.74
64 99 34.98
65 66 43.69
65 67 60.43
65 68 54.47
65 69 41.05
65 70 55.54
65 71 33.28
65 72 46.56
65 73 34.48
65 74 42.42
65 75 43.34
65 76 56.6
65 77 43.05
65 78 59.0
65 79 61.58
65 80 69.43
65 81 64.65
65 82 30.57
65 83 51.37
65 84 57.61
65 85 64.15
65 86 56.1
65 87 42.1
65 88 38.87
65 89 55.52
65 90 39.24
65 91 55.54
65 92 49.03
65 93 55.89
65 94 30.8
65 95 64.15
65 96 66.25
65 97 58.06
65 98 37.74
65 99 60.41
66 67 40.07
66 68 32.1
66 69 44.49
66 70 30.2
66 71 55.03
66 72 69.57
66 73 68.39
66 74 37.46
66 75 48.8
66 76 38.77
66 77 33.17
66 78 57.32
66 79 32.55
66 80 51.05
66 81 44.38
66 82 54.18
66 83 47.34
66 84 50.76
66 85 52.73
66 86 50.18
66 87 44.79
66 88 59.66
66 89 43.19
66 90 67.61
66 91 56.82
66 92 43.75
66 93 49.84
66 94 68.63
66 95 49.99
66 96 42.9
66 97 57.36
66 98 55.21
66 99 34.23
67 68 62.16
67 69 60.45
67 70 44.06
67 71 67.77
67 72 50.63
67 73 30.7
67 74 57.43
67 75 47.25
67 76 48.81
67 77 35.61
67 78 64.94
67 79 52.42
67 80 65.16
67 81 61.67
67 82 31.93
67 83 65.97
67 84 52.79
67 85 51.42
67 86 44.4
67 87 58.21
67 88 50.76
67 89 33.03
67 90 33.83
67 91 59.84
67 92 59.93
67 93 35.18
67 94 68.7
67 95 33.65
67 96 55.94
67 97 65.75
67 98 32.47
67 99 56.22
68 69 47.03
68 70 50.5
68 71 66.02
68 72 30.2
68 73 31.89
68 74 65.81
68 75 63.78
68 76 62.79
68 77 62.02
68 78 46.68
68 79 42.65
68 80 32.77
68 81 39.27
68 82 43.57
68 83 58.36
68 84 67.85
68 85 47.56
68 86 60.95
68 87 41.35
68 88 40.99
68 89 52.09
68 90 37.12
68 91 58.07
68 92 45.45
68 93 39.93
68 94 49.63
68 95 32.35
68 96 52.87
68 97 53.35
68 98 32.93
68 99 52.18
69 70 51.98
69 71 66.71
69 72 65.2
69 73 40.48
69 74 58.24
69 75 53.52
69 76 63.75
69 77 69.32
69 78 58.38
69 79 69.35
69 80 54.65
69 81 48.23
69 82 57.92
69 83 48.56
69 84 63.78
69 85 67.82
69 86 36.21
69 87 52.43
69 88 44.39
69 89 58.41
69 90 35.27
69 91 51.91
69 92 69.93
69 93 44.04
69 94 32.86
69 95 45.54
69 96 45.32
69 97 44.14
69 98 37.49
69 99 47.52
70 71 43.2
70 72 68.99
70 73 35.12
70 74 67.05
70 75 35.83
70 76 53.93
70 77 33.82
70 78 45.0
70 79 56.7
70 80 38.05
70 81 42.33
70 82 64.0
70 83 36.52
70 84 64.26
70 85 60.21
70 86 63.4
70 87 32.36
70 88 60.16
70 89 50.19
70 90 63.6
70 91 44.56
70 92 48.33
70 93 33.21
70 94 49.52
70 95 68.77
70 96 44.66
70 97 53.23
70 98 68.14
70 99 62.46
71 72 57.06
71 73 69.67
71 74 66.93
71 75 40.65
71 76 65.84
71 77 68.45
71 78 37.67
71 79 32.23
71 80 41.31
71 81 36.39
71 82 35.05
71 83 40.23
71 84 48.02
71 85 39.72
71 86 38.71
71 87 37.32
71 88 53.66
71 89 45.0
71 90 62.77
71 91 38.25
71 92 36.11
71 93 64.48
71 94 60.22
71 95 55.49
71 96 58.94
71 97 42.98
71 98 54.4
71 99 68.92
72 73 45.56
72 74 69.83
72 75 51.71
72 76 32.89
72 77 58.78
72 78 32.16
72 79 62.46
72 80 33.75
72 81 35.87
72 82 58.93
72 83 57.81
72 84 40.51
72 85 47.7
72 86 39.07
72 87 65.39
72 88 34.81
72 89 46.71
72 90 58.71
72 91 56.11
72 92 55.97
72 93 61.01
72 94 57.91
72 95 60.26
72 96 42.4
72 97 41.57
72 98 43.77
72 99 69.78
73 74 68.48
73 75 56.49
73 76 52.06
73 77 69.72
73 78 33.33
73 79 63.86
73 80 39.18
73 81 52.44
73 82 60.47
73 83 47.02
73 84 35.58
73 85 46.34
73 86 68.08
73 87 54.13
73 88 63.48
73 89 32.07
73 90 60.14
73 91 45.31
73 92 34.12
73 93 41.86
73 94 34.99
73 95 33.32
73 96 54.5
73 97 44.37
73 98 62.21
73 99 58.96
74 75 45.97
74 76 59.37
74 77 34.92
74 78 55.61
74 79 33.24
74 80 61.47
74 81 66.93
74 82 31.71
74 83 61.15
74 84 41.8
74 85 52.41
74 86 36.05
74 87 60.01
74 88 36.93
74 89 69.46
74 90 63.95
74 91 49.25
74 92 49.91
74 93 35.38
74 94 51.91
74 95 68.88
74 96 54.53
74 97 56.82
74 98 35.38
74 99 66.82
75 76 56.12
75 77 43.19
75 78 59.09
75 79 61.36
75 80 42.46
75 81 50.22
75 82 47.34
75 83 63.35
75 84 34.02
75 85 43.28
75 86 55.92
75 87 55.44
75 88 38.98
75 89 31.39
75 90 39.89
75 91 62.87
75 92 68.07
75 93 59.27
75 94 45.62
75 95 46.84
75 96 51.72
75 97 55.0
75 98 40.52
75 99 40.86
76 77 45.74
76 78 48.25
76 79 34.25
76 80 58.29
76 81 43.5
76 82 37.56
76 83 56.96
76 84 58.31
76 85 60.06
76 86 35.18
76 87 62.19
76 88 54.8
76 89 66.74
76 90 47.55
76 91 48.04
76 92 30.37
76 93 68.8
76 94 47.9
76 95 55.47
76 96 38.81
76 97 42.91
76 98 36.93
76 99 63.92
77 78 41.79
77 79 60.78
77 80 63.94
77 81 57.1
77 82 40.81
77 83 61.99
77 84 33.86
77 85 32.77
77 86 44.11
77 87 31.99
77 88 38.59
77 89 57.67
77 90 56.51
77 91 68.6
77 92 57.45
77 93 67.36
77 94 38.29
77 95 66.31
77 96 66.5
77 97 36.0
77 98 53.08
77 99 33.46
78 79 51.98
78 80 48.91
78 81 52.13
78 82 40.4
78 83 35.94
78 84 48.94
78 85 36.22
78 86 58.39
78 87 62.86
78 88 41.96
78 89 31.71
78 90 39.33
78 91 36.0
78 92 32.82
78 93 40.59
78 94 41.63
78 95 31.05
78 96 48.87
78 97 49.13
78 98 49.43
78 99 48.69
79 80 30.23
79 81 53.08
79 82 67.58
79 83 66.6
79 84 67.99
79 85 41.0
79 86 67.93
79 87 40.61
79 88 46.94
79 89 51.0
79 90 46.91
79 91 64.48
79 92 53.58
79 93 37.98
79 94 39.45
79 95 30.44
79 96 39.59
79 97 46.76
79 98 39.29
79 99 48.62
80 81 46.09
80 82 40.55
80 83 42.62
80 84 46.0
80 85 37.9
80 86 65.46
80 87 40.34
80 88 35.13
80 89 40.44
80 90 31.17
80 91 55.04
80 92 38.16
80 93 61.06
80 94 66.94
80 95 32.49
80 96 44.12
80 97 36.84
80 98 42.28
80 99 53.12
81 82 63.26
81 83 31.45
81 84 63.23
81 85 64.42
81 86 34.22
81 87 62.65
81 88 59.44
81 89 37.7
81 90 66.45
81 91 33.15
81 92 52.23
81 93 50.14
81 94 42.29
81 95 56.24
81 96 50.69
81 97 32.19
81 98 37.87
81 99 41.27
82 83 60.9
82 84 65.78
82 85 37.87
82 86 58.16
82 87 62.5
82 88 66.78
82 89 46.45
82 90 36.09
82 91 38.44
82 92 62.56
82 93 41.99
82 94 42.33
82 95 33.08
82 96 62.19
82 97 63.77
82 98 69.54
82 99 50.83
83 84 33.46
83 85 45.92
83 86 53.46
83 87 33.21
83 88 62.21
83 89 31.22
83 90 30.94
83 91 31.38
83 92 41.22
83 93 62.15
83 94 62.05
83 95 44.64
83 96 32.03
83 97 35.38
83 98 52.72
83 99 60.67
84 85 41.42
84 86 47.55
84 87 41.0
84 88 68.69
84 89 60.92
84 90 57.07
84 91 65.67
84 92 41.89
84 93 30.01
84 94 69.22
84 95 48.85
84 96 53.25
84 97 43.99
84 98 32.53
84 99 41.36
85 86 45.16
85 87 37.68
85 88 52.62
85 89 45.68
85 90 69.41
85 91 66.4
85 92 40.47
85 93 52.58
85 94 31.78
85 95 32.87
85 96 58.92
85 97 51.86
85 98 58.28
85 99 37.88
86 87 32.25
86 88 66.4
86 89 39.69
86 90 55.13
86 91 49.67
86 92 35.45
86 93 43.71
86 94 42.05
86 95 40.21
86 96 37.12
86 97 42.18
86 98 69.96
86 99 56.3
87 88 41.16
87 89 38.51
87 90 62.48
87 91 63.84
87 92 30.35
87 93 42.09
87 94 57.58
87 95 63.5
87 96 42.05
87 97 69.48
87 98 47.31
87 99 51.57
88 89 33.56
88 90 42.29
88 91 37.5
88 92 51.56
88 93 59.43
88 94 62.16
88 95 46.29
88 96 65.39
88 97 44.29
88 98 36.43
88 99 48.03
89 90 61.61
89 91 67.3
89 92 39.27
89 93 34.28
89 94 43.35
89 95 54.92
89 96 48.98
89 97 51.94
89 98 33.52
89 99 34.81
90 91 50.93
90 92 68.2
90 93 59.37
90 94 53.35
90 95 44.32
90 96 56.79
90 97 53.41
90 98 51.53
90 99 66.7
91 92 40.99
91 93 43.93
91 94 64.13
91 95 32.9
91 96 69.53
91 97 44.7
91 98 66.3
91 99 45.39
92 93 30.01
92 94 48.86
92 95 53.31
92 96 35.44
92 97 57.98
92 98 47.23
92 99 59.36
93 94 43.26
93 95 49.05
93 96 56.33
93 97 56.88
93 98 36.55
93 99 56.21
94 95 51.93
94 96 69.18
94 97 47.64
94 98 55.38
94 99 55.13
95 96 39.21
95 97 44.83
95 98 42.76
95 99 40.26
96 97 40.43
96 98 62.13
96 99 30.17
97 98 58.98
97 99 39.46
98 99 52.22