99
0 0 52.219
0 1 97.3
0 2 65.573
0 3 80.528
0 5 97.835
0 6 37.194
0 9 80.321
0 10 13.639
0 12 10.703
0 14 36.29
0 16 63.21
0 17 75.589
0 21 81.967
0 24 17.404
0 25 17.368
0 27 25.594
0 30 4.105
0 31 16.486
0 32 8.846
0 33 97.251
0 34 39.355
0 35 28.97
0 36 70.849
0 37 57.299
0 38 9.969
0 39 2.192
0 40 20.4
0 41 52.451
0 43 58.494
0 44 70.433
0 46 17.45
0 47 6.24
0 48 41.645
0 49 60.161
0 50 84.53
0 51 64.313
0 53 30.656
0 54 88.926
0 55 51.421
0 56 41.517
0 57 93.635
0 58 61.278
0 59 35.665
0 61 95.984
0 62 12.005
0 63 7.844
0 64 30.008
0 65 53.327
0 66 84.096
0 68 85.007
0 69 53.408
0 71 57.195
0 72 22.039
0 74 17.711
0 76 7.893
0 77 36.266
0 79 5.512
0 81 13.861
0 83 22.221
0 86 50.563
0 87 2.852
0 88 74.936
0 89 60.355
0 91 60.01
0 92 20.582
0 94 1.312
0 95 25.47
0 96 60.417
0 97 25.597
0 98 81.11
1 0 91.476
1 1 72.638
1 2 3.227
1 3 50.772
1 4 41.917
1 5 9.842
1 6 78.868
1 7 60.662
1 9 49.322
1 11 15.136
1 12 97.356
1 13 84.257
1 14 18.605
1 15 1.595
1 18 88.406
1 20 58.707
1 21 45.652
1 22 96.303
1 23 30.068
1 24 55.874
1 25 31.914
1 27 2.034
1 30 92.16
1 31 86.722
1 32 98.289
1 33 11.308
1 34 3.34
1 36 69.394
1 37 29.368
1 40 72.091
1 41 69.693
1 43 59.787
1 45 41.941
1 46 61.721
1 47 92.249
1 49 8.98
1 50 31.697
1 51 56.717
1 52 88.848
1 53 58.682
1 54 5.276
1 55 30.007
1 58 2.389
1 59 3.735
1 60 24.048
1 61 86.391
1 62 2.408
1 63 85.039
1 64 61.516
1 65 89.783
1 66 4.241
1 67 39.611
1 68 48.878
1 70 29.41
1 71 19.949
1 72 89.782
1 74 21.411
1 77 24.752
1 78 82.022
1 80 75.289
1 84 58.861
1 86 64.458
1 87 70.033
1 88 93.595
1 89 18.992
1 91 30.351
1 92 97.253
1 93 66.228
1 94 27.503
1 97 90.2
1 98 28.565
2 0 58.301
2 1 25.554
2 5 84.604
2 6 13.966
2 8 64.854
2 10 87.491
2 11 91.701
2 12 30.023
2 13 77.017
2 15 66.494
2 16 74.31
2 20 41.372
2 21 48.946
2 22 8.831
2 26 31.003
2 27 72.995
2 28 30.59
2 32 5.522
2 33 37.891
2 35 97.436
2 37 11.098
2 38 19.573
2 39 68.265
2 40 15.976
2 41 8.287
2 42 73.314
2 43 52.617
2 45 2.046
2 46 20.757
2 47 37.38
2 49 36.285
2 50 38.452
2 51 59.104
2 52 35.835
2 54 3.411
2 55 60.084
2 57 92.318
2 60 54.511
2 61 4.852
2 62 29.472
2 63 52.882
2 64 49.079
2 65 78.164
2 67 67.721
2 68 73.87
2 70 66.193
2 72 80.033
2 74 54.602
2 75 32.056
2 76 89.463
2 77 35.715
2 78 59.389
2 82 93.076
2 83 67.548
2 84 35.832
2 86 77.234
2 87 9.695
2 89 9.275
2 90 6.486
2 91 55.21
2 92 79.687
2 93 30.562
2 94 44.411
2 95 71.089
2 98 85.09
3 0 25.514
3 1 13.655
3 2 46.769
3 6 33.815
3 10 18.701
3 11 85.828
3 12 26.832
3 13 46.323
3 16 85.484
3 18 44.203
3 19 44.084
3 21 2.208
3 22 28.668
3 25 37.562
3 26 71.083
3 27 80.035
3 29 51.793
3 30 29.579
3 32 75.014
3 33 57.971
3 35 47.476
3 36 71.054
3 38 30.393
3 39 49.718
3 40 91.948
3 41 55.398
3 43 7.006
3 44 14.978
3 45 32.382
3 47 96.951
3 49 5.78
3 50 1.259
3 52 42.775
3 53 75.596
3 54 3.249
3 57 68.38
3 58 50.836
3 59 92.494
3 60 65.31
3 61 49.906
3 62 44.478
3 63 33.71
3 64 15.478
3 65 40.858
3 66 93.909
3 67 42.991
3 68 86.581
3 69 90.118
3 71 61.985
3 72 62.333
3 74 71.6
3 75 8.088
3 78 36.581
3 79 42.064
3 80 48.022
3 81 81.561
3 83 75.856
3 85 38.068
3 86 9.569
3 87 13.573
3 89 60.367
3 91 23.148
3 93 23.367
3 94 57.62
3 96 13.894
3 98 10.217
4 0 2.677
4 1 15.599
4 2 26.034
4 5 44.689
4 7 53.955
4 8 40.642
4 9 4.266
4 10 38.984
4 12 85.618
4 13 56.052
4 14 52.279
4 16 36.731
4 17 55.266
4 18 96.718
4 21 47.235
4 22 21.497
4 23 62.203
4 24 93.092
4 25 85.065
4 26 67.512
4 27 97.371
4 28 1.774
4 29 74.349
4 30 6.993
4 31 48.457
4 32 96.236
4 33 83.31
4 34 69.302
4 35 4.701
4 37 39.227
4 38 39.263
4 40 56.092
4 41 62.824
4 46 14.603
4 47 96.675
4 48 56.215
4 49 29.763
4 51 24.415
4 52 79.829
4 53 60.184
4 55 28.598
4 57 9.306
4 60 70.056
4 61 94.638
4 62 61.006
4 63 53.063
4 64 7.11
4 66 75.074
4 67 55.729
4 69 70.099
4 70 65.481
4 71 60.33
4 72 92.86
4 73 44.328
4 74 90.97
4 75 20.924
4 77 20.852
4 80 54.113
4 81 49.703
4 84 89.616
4 85 91.452
4 86 12.991
4 87 96.642
4 88 93.703
4 89 70.63
4 90 59.066
4 91 20.882
4 92 92.555
4 94 26.952
4 97 46.958
4 98 63.61
5 0 24.814
5 2 89.975
5 3 61.751
5 4 67.787
5 6 69.735
5 7 13.405
5 8 37.35
5 10 26.265
5 11 31.517
5 12 1.28
5 13 35.928
5 14 13.06
5 17 53.752
5 18 58.12
5 19 16.628
5 21 93.564
5 24 19.076
5 25 40.881
5 28 92.266
5 29 14.53
5 31 16.51
5 32 32.617
5 33 15.113
5 34 69.591
5 35 91.693
5 36 95.521
5 37 11.966
5 41 77.597
5 42 71.649
5 44 18.159
5 46 6.329
5 48 65.624
5 50 52.265
5 51 50.221
5 52 6.761
5 53 9.2
5 54 22.144
5 57 21.052
5 59 59.466
5 60 29.502
5 64 25.907
5 65 60.528
5 66 16.425
5 72 85.944
5 73 18.066
5 75 73.539
5 76 58.847
5 78 6.705
5 79 51.512
5 81 42.743
5 83 57.395
5 84 11.33
5 88 14.95
5 89 27.78
5 90 7.287
5 91 6.351
5 92 98.291
5 95 76.779
5 96 57.454
5 98 31.088
6 0 80.653
6 2 98.467
6 3 12.471
6 4 49.235
6 5 65.927
6 6 35.414
6 8 82.627
6 10 17.473
6 11 76.536
6 12 82.218
6 13 60.478
6 15 14.664
6 16 87.659
6 17 50.97
6 19 92.297
6 20 8.205
6 24 16.756
6 25 29.548
6 26 49.301
6 27 57.027
6 28 32.481
6 29 61.444
6 31 78.728
6 34 59.73
6 36 77.305
6 37 80.817
6 39 44.495
6 40 86.02
6 41 12.811
6 42 16.263
6 43 24.765
6 46 82.967
6 48 96.703
6 49 78.21
6 50 58.841
6 52 85.411
6 53 24.599
6 54 33.102
6 55 34.008
6 57 64.483
6 58 17.185
6 61 7.524
6 62 56.667
6 66 91.853
6 67 68.99
6 68 27.759
6 69 91.881
6 70 52.507
6 71 12.024
6 72 10.491
6 73 12.871
6 74 68.03
6 75 81.211
6 76 58.827
6 77 31.204
6 78 23.678
6 82 97.4
6 84 25.468
6 86 87.397
6 89 19.922
6 90 91.174
6 92 74.82
6 93 48.683
6 94 20.006
6 95 4.09
6 96 33.881
6 98 29.878
7 0 29.819
7 1 26.821
7 2 81.983
7 3 70.83
7 4 94.506
7 6 84.164
7 7 26.407
7 9 53.019
7 10 25.247
7 11 16.231
7 12 96.422
7 13 93.874
7 14 98.772
7 15 23.222
7 16 61.597
7 17 30.394
7 18 59.906
7 19 44.101
7 20 48.822
7 22 44.169
7 23 82.813
7 24 57.228
7 26 6.764
7 27 30.261
7 28 18.496
7 29 22.597
7 30 42.565
7 32 52.772
7 33 47.241
7 34 31.637
7 35 45.923
7 37 65.193
7 38 90.139
7 42 61.076
7 43 20.844
7 44 77.687
7 45 58.658
7 48 41.677
7 50 38.362
7 51 96.853
7 52 91.947
7 53 38.383
7 54 37.469
7 58 90.3
7 60 88.444
7 61 35.585
7 62 78.138
7 63 32.84
7 65 2.598
7 66 85.662
7 68 79.203
7 69 76.21
7 70 50.081
7 72 80.05
7 73 63.627
7 74 28.531
7 75 69.298
7 77 74.986
7 78 35.863
7 80 82.132
7 81 86.935
7 82 19.186
7 83 15.074
7 84 81.765
7 86 51.217
7 89 25.585
7 91 46.207
7 93 73.138
7 94 42.32
7 95 84.593
7 98 79.296
8 0 9.788
8 1 17.304
8 2 50.941
8 4 43.863
8 5 95.643
8 9 92.16
8 10 2.288
8 12 72.897
8 13 45.774
8 14 19.656
8 15 30.379
8 16 65.744
8 18 55.822
8 19 73.986
8 20 36.329
8 23 85.816
8 24 83.843
8 25 17.37
8 26 93.574
8 27 16.372
8 28 40.013
8 29 69.595
8 30 32.609
8 33 72.586
8 34 26.135
8 35 43.686
8 36 3.728
8 37 7.208
8 38 98.556
8 39 77.059
8 42 71.319
8 44 73.059
8 45 76.366
8 46 7.155
8 48 10.594
8 51 73.829
8 52 44.439
8 53 14.185
8 54 49.027
8 55 6.173
8 56 25.575
8 57 4.404
8 58 46.609
8 59 77.648
8 60 94.14
8 62 97.093
8 63 50.478
8 64 3.434
8 66 40.765
8 67 89.262
8 68 30.146
8 70 26.334
8 72 68.551
8 73 26.177
8 74 42.124
8 76 53.552
8 78 84.148
8 79 16.268
8 80 67.28
8 81 82.425
8 82 4.573
8 83 59.414
8 88 47.491
8 89 86.978
8 91 26.542
8 92 7.511
8 94 50.111
8 95 98.995
8 97 90.075
9 0 44.045
9 2 39.935
9 4 42.142
9 5 10.033
9 6 82.145
9 8 98.356
9 11 96.564
9 12 3.212
9 13 68.447
9 16 9.3
9 17 68.04
9 19 4.707
9 20 59.627
9 21 36.964
9 22 55.093
9 23 86.11
9 25 6.968
9 27 47.152
9 28 8.982
9 29 1.372
9 31 52.609
9 32 5.965
9 34 33.413
9 36 93.386
9 37 78.177
9 38 49.56
9 40 20.466
9 41 96.945
9 45 51.91
9 46 18.587
9 47 71.508
9 48 58.836
9 49 84.473
9 53 52.428
9 55 66.247
9 57 80.038
9 58 11.974
9 61 52.087
9 62 16.964
9 64 51.193
9 67 12.535
9 69 4.001
9 70 72.169
9 71 78.388
9 73 81.494
9 74 58.961
9 75 82.202
9 77 27.409
9 81 66.392
9 83 24.188
9 84 82.02
9 85 40.613
9 89 65.023
9 90 49.415
9 91 93.054
9 92 1.133
9 93 79.267
9 94 51.167
9 95 54.024
9 96 89.293
10 0 6.642
10 1 65.974
10 3 35.315
10 4 88.306
10 7 8.727
10 9 4.333
10 11 72.913
10 14 85.063
10 15 17.06
10 17 33.345
10 18 47.153
10 19 93.432
10 20 68.836
10 22 51.019
10 23 62.11
10 24 41.599
10 25 63.319
10 26 72.795
10 27 11.451
10 28 70.682
10 29 40.176
10 30 51.296
10 32 94.303
10 34 97.845
10 36 97.274
10 38 16.85
10 39 1.55
10 40 44.808
10 41 46.12
10 42 49.46
10 43 32.909
10 45 75.682
10 47 58.68
10 48 4.686
10 49 91.8
10 50 82.073
10 51 65.732
10 53 46.549
10 58 35.514
10 59 11.895
10 62 77.479
10 65 81.834
10 66 2.62
10 67 73.893
10 69 45.849
10 70 24.886
10 72 73.204
10 74 76.728
10 75 62.2
10 76 10.673
10 77 38.041
10 78 29.515
10 79 41.285
10 81 49.683
10 82 24.624
10 84 34.354
10 86 80.778
10 89 43.915
10 93 45.676
10 94 32.551
10 95 46.855
10 96 82.514
10 97 12.283
11 0 59.587
11 1 40.408
11 2 53.445
11 3 84.598
11 5 27.447
11 6 90.194
11 8 64.411
11 9 30.962
11 10 87.408
11 12 52.591
11 13 79.739
11 14 34.539
11 16 18.748
11 18 67.301
11 20 36.918
11 21 80.434
11 23 6.543
11 24 56.884
11 26 66.831
11 27 73.151
11 29 36.024
11 31 58.346
11 32 32.3
11 33 91.541
11 34 42.011
11 35 62.427
11 37 39.185
11 38 80.859
11 39 26.535
11 40 84.234
11 41 35.781
11 42 43.137
11 44 61.109
11 45 6.681
11 46 43.268
11 47 22.377
11 48 24.562
11 50 93.204
11 51 16.781
11 52 92.707
11 53 36.346
11 54 82.408
11 57 62.459
11 58 88.522
11 59 82.781
11 60 43.946
11 63 83.919
11 64 51.348
11 66 97.473
11 67 13.427
11 69 32.442
11 70 6.941
11 71 72.183
11 72 24.444
11 74 65.102
11 75 58.258
11 76 48.239
11 78 8.619
11 80 74.838
11 81 19.865
11 82 73.881
11 83 88.508
11 85 6.889
11 86 55.433
11 88 51.585
11 89 78.685
11 90 58.563
11 91 58.319
11 92 80.28
11 93 85.732
11 95 18.641
11 97 51.022
11 98 65.289
12 1 59.868
12 5 95.858
12 7 6.516
12 10 29.823
12 12 28.144
12 15 20.627
12 18 77.96
12 19 37.634
12 22 74.609
12 23 18.141
12 24 13.648
12 25 44.17
12 27 69.965
12 28 58.348
12 29 31.87
12 30 54.16
12 31 4.982
12 32 37.202
12 34 9.136
12 35 77.313
12 37 16.595
12 38 16.468
12 39 95.321
12 41 22.563
12 43 83.672
12 44 80.353
12 45 52.024
12 47 64.412
12 48 46.663
12 49 77.253
12 51 86.776
12 56 80.397
12 58 68.313
12 59 16.941
12 62 79.355
12 64 65.28
12 67 13.203
12 69 93.169
12 71 58.719
12 72 64.206
12 75 90.597
12 77 23.824
12 78 42.248
12 79 6.563
12 80 18.228
12 81 29.552
12 82 92.183
12 83 98.277
12 85 9.168
12 86 70.822
12 88 60.654
12 90 41.201
12 92 40.859
12 93 26.341
12 94 89.201
12 96 34.541
13 0 96.473
13 2 30.072
13 5 24.047
13 6 74.231
13 7 27.528
13 8 68.241
13 9 50.367
13 10 1.904
13 11 38.008
13 13 43.982
13 15 61.787
13 16 34.692
13 17 94.535
13 19 90.847
13 21 16.654
13 24 85.763
13 25 93.033
13 29 32.06
13 30 71.722
13 31 53.68
13 32 70.077
13 33 47.6
13 34 60.098
13 35 82.075
13 37 18.148
13 38 7.48
13 40 66.991
13 42 33.843
13 43 81.666
13 44 17.795
13 46 71.301
13 47 12.682
13 48 55.083
13 49 54.751
13 50 46.401
13 52 70.997
13 54 36.732
13 56 42.062
13 57 90.985
13 59 85.057
13 60 87.418
13 61 50.602
13 62 93.27
13 63 89.223
13 66 93.426
13 67 76.06
13 69 90.314
13 70 40.99
13 72 34.264
13 73 66.274
13 75 44.366
13 77 43.616
13 78 15.434
13 79 52.78
13 80 73.759
13 81 23.15
13 82 95.757
13 83 10.455
13 84 31.823
13 86 41.234
13 87 87.294
13 89 23.569
13 90 61.572
13 91 43.24
13 92 25.048
13 93 69.173
13 95 84.307
13 96 43.629
13 97 91.913
14 1 95.778
14 2 7.885
14 3 50.27
14 4 89.652
14 6 91.27
14 7 6.548
14 8 79.644
14 11 77.514
14 12 17.672
14 13 86.419
14 14 73.269
14 15 37.932
14 16 76.816
14 17 98.984
14 20 42.919
14 22 78.927
14 23 7.453
14 25 40.59
14 26 65.752
14 27 18.892
14 31 65.595
14 32 20.664
14 33 89.98
14 35 55.983
14 39 58.385
14 40 82.127
14 41 50.173
14 43 91.2
14 45 91.793
14 46 14.544
14 47 45.225
14 48 56.947
14 49 81.733
14 50 26.071
14 51 14.741
14 53 4.649
14 57 21.945
14 58 74.25
14 61 24.363
14 63 95.021
14 64 29.189
14 67 9.253
14 70 14.816
14 71 65.709
14 72 36.373
14 73 9.816
14 74 67.499
14 75 40.817
14 76 89.193
14 78 45.04
14 79 6.54
14 81 44.301
14 82 6.067
14 83 25.149
14 86 85.32
14 87 10.367
14 89 38.025
14 90 18.735
14 91 47.621
14 92 39.902
14 93 48.302
14 95 30.895
14 97 7.381
15 0 50.743
15 3 64.276
15 10 82.105
15 11 78.372
15 12 1.827
15 13 33.24
15 14 82.645
15 17 44.105
15 18 30.157
15 19 19.152
15 21 26.387
15 22 52.001
15 23 58.176
15 24 9.045
15 25 53.014
15 26 47.221
15 27 29.031
15 28 51.154
15 29 78.45
15 30 15.515
15 31 3.664
15 32 21.837
15 33 50.96
15 34 77.102
15 36 82.684
15 39 28.39
15 40 27.075
15 41 43.439
15 42 33.935
15 44 37.068
15 45 29.024
15 47 89.04
15 48 13.587
15 51 79.796
15 52 80.778
15 53 35.456
15 55 68.139
15 56 52.071
15 57 63.434
15 58 31.093
15 59 36.029
15 60 66.788
15 61 69.964
15 62 3.526
15 65 4.283
15 67 49.076
15 68 60.475
15 69 7.301
15 71 68.515
15 72 60.901
15 73 80.546
15 76 91.305
15 77 68.119
15 78 5.2
15 81 33.615
15 84 66.167
15 85 16.529
15 88 33.244
15 89 17.312
15 91 79.908
15 92 28.932
15 93 68.419
15 94 11.978
15 95 51.102
15 98 98.257
16 0 41.819
16 4 27.497
16 5 65.11
16 6 57.692
16 7 72.137
16 8 25.41
16 9 97.729
16 10 70.947
16 11 43.496
16 12 41.126
16 14 44.227
16 15 56.607
16 16 78.933
16 18 69.286
16 20 32.015
16 21 76.74
16 22 8.746
16 23 73.986
16 25 81.963
16 26 37.355
16 29 41.799
16 30 67.995
16 32 65.014
16 34 15.499
16 35 79.398
16 36 89.969
16 37 67.59
16 38 69.898
16 39 25.196
16 40 14.542
16 41 59.14
16 43 21.529
16 44 41.259
16 45 69.478
16 47 19.24
16 50 48.362
16 51 53.463
16 53 95.329
16 54 89.388
16 57 56.37
16 60 97.804
16 65 93.883
16 66 61.909
16 68 75.896
16 71 56.657
16 72 83.416
16 73 59.622
16 76 16.728
16 77 50.532
16 79 33.855
16 82 6.517
16 83 49.525
16 84 93.769
16 86 10.042
16 87 88.19
16 90 59.776
16 91 26.381
16 93 39.263
16 95 12.325
16 96 52.58
16 97 35.018
17 0 9.406
17 2 86.625
17 5 12.245
17 6 80.979
17 8 98.393
17 9 22.848
17 10 81.876
17 12 17.219
17 14 5.876
17 15 52.347
17 16 12.0
17 17 83.372
17 18 96.245
17 19 46.261
17 20 24.727
17 21 1.086
17 22 58.297
17 25 7.661
17 27 92.014
17 28 70.14
17 30 4.549
17 31 8.827
17 32 37.142
17 35 89.349
17 37 17.879
17 38 22.482
17 39 9.294
17 40 55.72
17 41 1.552
17 42 21.953
17 43 22.155
17 44 13.605
17 48 8.456
17 49 66.031
17 50 61.9
17 53 74.852
17 55 84.64
17 58 4.436
17 59 52.421
17 60 20.784
17 62 42.019
17 63 40.422
17 64 60.516
17 65 68.799
17 66 44.301
17 71 17.444
17 73 63.712
17 75 91.618
17 76 61.311
17 78 78.345
17 79 28.903
17 80 30.804
17 81 55.564
17 83 22.655
17 85 31.305
17 86 90.127
17 87 38.577
17 88 86.937
17 89 87.848
17 90 82.143
17 92 82.174
17 94 47.996
17 95 62.756
17 97 87.843
18 0 93.414
18 1 5.732
18 3 38.737
18 4 98.53
18 5 68.622
18 6 65.532
18 7 18.456
18 8 94.738
18 10 4.856
18 11 4.271
18 12 87.131
18 13 48.753
18 16 60.809
18 17 78.83
18 18 65.312
18 20 46.106
18 24 61.025
18 25 68.231
18 27 53.029
18 28 20.16
18 29 54.814
18 30 67.982
18 32 74.776
18 33 63.836
18 34 18.381
18 35 35.907
18 36 71.748
18 38 93.691
18 40 39.627
18 42 89.152
18 44 78.466
18 46 95.205
18 47 36.18
18 50 94.299
18 51 72.323
18 52 38.102
18 53 82.711
18 54 45.21
18 55 98.83
18 57 84.173
18 59 94.047
18 62 94.927
18 63 43.439
18 64 59.461
18 66 8.084
18 71 81.101
18 73 93.225
18 75 91.505
18 76 77.687
18 78 39.176
18 80 21.943
18 83 81.546
18 85 56.641
18 86 18.272
18 90 68.877
18 91 1.287
18 93 57.258
18 96 8.28
18 97 68.245
18 98 49.844
19 0 61.864
19 2 33.412
19 5 97.849
19 6 11.945
19 8 94.302
19 9 50.388
19 11 25.293
19 12 29.028
19 13 29.002
19 15 3.844
19 17 85.813
19 18 63.226
19 19 8.993
19 20 67.383
19 22 73.582
19 26 9.883
19 29 32.428
19 33 72.296
19 34 20.525
19 37 55.722
19 38 52.049
19 39 53.271
19 40 52.158
19 42 70.173
19 44 79.355
19 47 92.165
19 48 32.921
19 51 36.739
19 52 77.933
19 53 84.687
19 57 70.143
19 59 49.063
19 62 64.77
19 63 2.179
19 65 50.781
19 67 34.458
19 68 89.354
19 69 48.839
19 70 9.105
19 74 7.529
19 75 25.963
19 77 87.758
19 78 53.059
19 79 72.823
19 80 84.981
19 82 65.427
19 84 60.162
19 85 7.086
19 86 87.707
19 88 41.144
19 89 67.254
19 90 75.186
19 92 83.528
19 93 94.72
19 98 5.496
20 2 40.101
20 6 18.695
20 7 70.443
20 9 1.681
20 11 4.134
20 14 24.445
20 15 36.113
20 17 8.344
20 18 16.726
20 19 81.069
20 20 70.591
20 21 32.127
20 22 58.779
20 23 59.143
20 24 50.21
20 26 51.4
20 28 36.853
20 29 31.734
20 30 26.021
20 33 54.028
20 37 60.822
20 39 72.366
20 42 25.684
20 43 83.459
20 44 79.892
20 46 72.157
20 48 20.52
20 49 31.955
20 50 87.878
20 51 31.191
20 52 12.963
20 54 13.247
20 55 41.558
20 57 54.005
20 59 13.647
20 60 18.313
20 61 97.125
20 67 73.715
20 69 78.522
20 71 71.071
20 72 36.494
20 73 9.956
20 74 12.148
20 75 15.107
20 77 2.379
20 78 53.837
20 79 6.25
20 81 96.967
20 83 15.331
20 84 70.587
20 85 92.155
20 86 66.691
20 87 63.806
20 91 12.167
20 92 25.931
20 94 6.015
20 95 47.511
20 98 16.422
21 2 20.606
21 3 64.717
21 4 72.045
21 5 81.785
21 6 95.757
21 7 94.089
21 8 34.291
21 9 65.356
21 10 67.741
21 11 73.07
21 13 9.026
21 14 84.875
21 15 64.623
21 18 28.393
21 19 92.573
21 21 29.813
21 22 57.475
21 26 13.681
21 27 59.81
21 30 23.297
21 31 14.347
21 32 11.455
21 33 1.902
21 36 17.53
21 37 48.976
21 38 26.813
21 39 68.781
21 40 72.891
21 41 86.988
21 42 67.848
21 44 8.226
21 45 47.434
21 48 55.611
21 51 21.171
21 52 89.945
21 53 49.256
21 54 69.592
21 56 77.207
21 58 66.617
21 59 68.237
21 60 73.439
21 62 23.797
21 65 96.848
21 66 15.989
21 67 17.178
21 68 6.613
21 69 98.581
21 70 52.412
21 72 80.071
21 73 45.377
21 75 87.443
21 76 7.266
21 78 70.28
21 80 22.362
21 81 10.508
21 82 16.151
21 83 93.503
21 84 69.66
21 88 95.748
21 89 41.63
21 90 97.161
21 93 22.634
21 94 63.276
21 96 66.615
21 97 83.09
21 98 53.64
22 0 28.629
22 1 90.943
22 2 45.583
22 3 63.085
22 5 69.841
22 6 81.828
22 7 72.637
22 10 54.922
22 11 32.303
22 12 11.818
22 13 93.213
22 14 8.753
22 15 13.435
22 16 93.462
22 17 33.529
22 18 58.08
22 19 97.343
22 20 40.686
22 21 2.908
22 23 41.472
22 25 3.306
22 28 57.073
22 29 52.062
22 31 97.871
22 32 68.064
22 34 1.857
22 36 26.387
22 37 42.834
22 38 21.491
22 39 79.605
22 40 17.649
22 42 94.296
22 43 1.217
22 44 5.261
22 45 69.016
22 46 19.531
22 47 98.069
22 48 43.874
22 49 92.217
22 50 8.211
22 51 15.933
22 53 31.995
22 54 80.098
22 55 21.279
22 56 51.796
22 57 78.153
22 59 85.841
22 61 49.989
22 64 2.682
22 65 10.278
22 66 45.915
22 67 2.32
22 68 55.574
22 70 46.556
22 71 5.044
22 72 83.328
22 73 85.506
22 74 30.645
22 75 77.846
22 76 67.445
22 77 85.44
22 78 57.665
22 79 56.515
22 80 26.621
22 81 86.714
22 83 82.206
22 84 11.497
22 85 35.166
22 86 95.079
22 88 93.231
22 89 83.065
22 90 36.587
22 91 70.518
22 92 93.626
22 94 2.559
22 95 3.781
22 97 60.163
23 0 92.837
23 3 20.803
23 4 18.376
23 7 14.322
23 8 54.595
23 9 2.274
23 10 22.273
23 11 97.07
23 12 74.956
23 14 91.817
23 15 78.798
23 16 41.591
23 17 33.784
23 18 71.181
23 19 49.213
23 20 21.52
23 21 18.778
23 24 54.726
23 26 82.882
23 28 37.451
23 29 23.985
23 30 48.639
23 33 47.314
23 38 52.022
23 39 82.566
23 41 46.821
23 42 54.962
23 44 36.612
23 45 32.285
23 46 65.148
23 47 51.178
23 49 40.595
23 52 73.637
23 53 22.27
23 54 74.263
23 55 39.549
23 56 1.609
23 57 97.113
23 59 23.119
23 61 44.287
23 62 67.129
23 63 24.395
23 66 80.232
23 67 11.944
23 68 56.553
23 69 42.742
23 70 70.988
23 71 11.002
23 72 1.122
23 74 67.715
23 75 4.886
23 76 67.712
23 77 64.469
23 79 97.104
23 80 24.446
23 82 67.539
23 83 4.316
23 85 65.512
23 86 82.294
23 88 71.732
23 90 26.546
23 92 89.353
23 94 6.968
24 0 6.76
24 2 50.892
24 5 88.571
24 6 45.815
24 10 47.793
24 11 72.384
24 12 98.423
24 14 20.25
24 15 92.456
24 17 25.351
24 18 10.725
24 19 56.992
24 20 98.37
24 21 62.84
24 23 52.935
24 24 33.902
24 25 24.285
24 27 87.547
24 28 48.984
24 29 1.765
24 30 34.996
24 31 72.159
24 33 71.178
24 34 31.376
24 35 46.354
24 36 81.534
24 37 64.229
24 38 77.828
24 40 23.996
24 41 50.106
24 42 76.693
24 44 53.782
24 45 27.523
24 47 52.552
24 49 96.368
24 50 63.103
24 54 6.458
24 55 87.041
24 56 72.301
24 57 96.075
24 58 87.976
24 63 17.316
24 64 84.331
24 65 32.025
24 67 29.293
24 68 19.912
24 69 55.81
24 71 81.543
24 72 49.627
24 74 37.8
24 75 44.547
24 78 68.608
24 79 89.158
24 83 67.805
24 84 86.47
24 85 34.144
24 87 89.131
24 88 23.483
24 90 94.585
24 91 31.86
24 92 83.677
24 94 65.471
24 95 22.299
24 97 19.832
25 0 78.643
25 2 50.156
25 7 98.634
25 8 37.945
25 11 20.645
25 13 11.875
25 14 40.778
25 16 48.331
25 17 66.036
25 18 37.105
25 20 9.198
25 21 78.707
25 22 80.655
25 23 91.74
25 26 11.464
25 27 20.76
25 31 17.85
25 33 62.95
25 35 49.214
25 36 92.371
25 37 57.073
25 38 85.41
25 39 73.145
25 42 49.976
25 43 93.38
25 44 80.591
25 45 29.64
25 47 6.36
25 50 58.386
25 51 26.097
25 53 4.274
25 54 7.891
25 58 57.674
25 60 11.69
25 61 32.28
25 64 40.203
25 65 43.676
25 67 96.639
25 69 37.65
25 72 91.405
25 75 97.203
25 76 15.394
25 77 29.331
25 79 88.845
25 81 3.751
25 82 33.815
25 85 36.202
25 86 57.275
25 87 20.731
25 88 42.17
25 89 15.285
25 91 23.607
25 92 84.562
25 93 39.066
25 95 3.407
25 97 2.644
25 98 98.395
26 0 79.193
26 1 4.208
26 2 70.75
26 4 89.512
26 5 28.032
26 7 37.631
26 8 15.015
26 10 15.445
26 11 91.557
26 12 59.352
26 14 38.621
26 16 89.001
26 19 16.267
26 20 13.972
26 24 64.84
26 25 79.744
26 26 63.844
26 32 96.168
26 33 44.781
26 36 97.459
26 38 7.262
26 39 67.178
26 40 98.4
26 41 7.689
26 42 56.27
26 43 25.265
26 46 16.109
26 47 76.998
26 48 73.599
26 49 87.138
26 50 43.808
26 51 48.502
26 52 97.176
26 54 30.049
26 55 84.663
26 57 80.825
26 58 64.71
26 59 30.839
26 60 87.97
26 62 16.712
26 63 72.812
26 64 13.263
26 65 23.103
26 66 59.05
26 67 76.555
26 68 16.904
26 70 62.044
26 71 45.658
26 73 18.82
26 74 6.391
26 77 66.445
26 80 88.531
26 82 8.383
26 83 86.058
26 85 58.182
26 86 77.354
26 88 30.432
26 90 71.743
26 93 34.509
26 94 30.622
26 95 16.438
26 98 37.876
27 0 3.785
27 1 6.383
27 2 7.822
27 3 72.01
27 5 34.508
27 6 77.004
27 7 60.528
27 8 3.741
27 9 54.983
27 11 26.099
27 12 7.118
27 14 91.112
27 18 87.508
27 19 21.724
27 23 59.125
27 24 1.421
27 25 59.634
27 27 49.714
27 28 81.921
27 29 36.192
27 31 14.856
27 32 37.463
27 33 22.55
27 34 35.725
27 36 16.504
27 37 24.237
27 40 7.725
27 43 75.975
27 44 51.518
27 45 44.187
27 46 75.001
27 47 24.166
27 50 45.841
27 53 35.522
27 56 91.427
27 57 3.12
27 60 22.693
27 61 68.72
27 62 95.823
27 64 9.649
27 65 1.79
27 68 46.826
27 69 33.489
27 70 62.12
27 71 68.212
27 72 69.893
27 73 72.394
27 74 68.027
27 75 21.459
27 78 9.686
27 79 48.33
27 80 12.064
27 82 85.972
27 83 83.948
27 84 44.469
27 85 4.99
27 86 74.431
27 87 35.872
27 90 60.753
27 91 51.53
27 92 55.878
27 94 94.896
27 95 26.978
27 96 31.478
28 0 39.196
28 2 26.341
28 4 44.725
28 5 49.675
28 7 19.386
28 8 89.912
28 9 7.191
28 10 67.495
28 11 87.702
28 12 2.58
28 13 29.328
28 15 23.76
28 16 35.918
28 19 80.174
28 22 29.721
28 29 52.358
28 30 50.934
28 31 64.899
28 33 63.272
28 34 97.807
28 35 96.034
28 36 73.048
28 37 4.498
28 38 98.81
28 40 95.162
28 41 2.107
28 42 88.745
28 45 49.725
28 48 13.43
28 50 15.773
28 52 72.211
28 54 70.467
28 56 30.108
28 57 66.356
28 60 26.583
28 62 74.786
28 63 42.511
28 64 32.18
28 65 80.329
28 68 8.114
28 69 81.815
28 70 7.165
28 71 18.143
28 72 96.843
28 75 48.074
28 76 16.793
28 78 22.061
28 79 42.987
28 81 67.2
28 82 1.815
28 84 55.361
28 88 55.925
28 90 87.657
28 91 43.021
28 92 75.882
28 93 24.977
28 95 90.322
28 97 69.419
28 98 97.343
29 0 5.704
29 1 62.415
29 2 52.952
29 3 35.968
29 4 15.842
29 7 29.476
29 8 47.907
29 9 14.663
29 10 75.066
29 12 1.496
29 13 1.388
29 14 10.446
29 15 85.14
29 16 90.139
29 17 38.885
29 19 31.108
29 20 47.187
29 24 74.077
29 25 16.327
29 26 79.889
29 27 12.338
29 28 23.394
29 29 57.432
29 31 92.637
29 32 73.762
29 33 30.804
29 34 24.691
29 36 98.937
29 37 40.912
29 38 54.673
29 39 73.267
29 42 2.884
29 43 61.541
29 44 87.713
29 45 6.644
29 46 56.372
29 47 63.963
29 48 87.489
29 49 67.174
29 50 92.32
29 51 30.036
29 55 50.694
29 58 83.324
29 59 5.919
29 61 54.94
29 62 44.826
29 63 83.403
29 65 88.956
29 70 25.014
29 71 47.322
29 72 51.505
29 73 68.967
29 74 80.934
29 75 39.117
29 76 27.178
29 78 65.998
29 79 19.537
29 81 19.483
29 82 6.014
29 83 53.868
29 85 2.599
29 87 60.562
29 89 65.634
29 91 83.35
29 92 23.307
29 93 52.56
29 94 6.847
29 95 27.699
29 96 18.009
29 97 40.083
29 98 29.786
30 0 38.961
30 1 70.877
30 2 32.736
30 3 59.714
30 4 65.649
30 6 37.812
30 7 30.329
30 8 63.543
30 10 18.445
30 11 49.235
30 12 8.776
30 13 50.518
30 16 61.363
30 17 89.236
30 21 30.805
30 23 79.568
30 24 10.26
30 25 40.286
30 26 34.153
30 27 15.735
30 28 30.543
30 29 22.209
30 31 42.776
30 34 96.445
30 36 97.44
30 37 86.477
30 38 96.114
30 40 62.933
30 41 45.536
30 42 10.208
30 44 73.37
30 45 45.097
30 47 90.003
30 48 21.856
30 49 26.804
30 52 34.576
30 53 79.971
30 55 13.724
30 56 13.566
30 58 47.675
30 60 58.089
30 61 69.905
30 62 94.385
30 64 60.634
30 65 42.949
30 66 78.825
30 67 91.496
30 70 86.556
30 71 21.336
30 73 7.06
30 76 39.953
30 77 52.8
30 81 68.089
30 82 40.027
30 83 26.892
30 84 54.917
30 85 98.926
30 86 42.801
30 87 32.296
30 89 82.706
30 90 13.955
30 91 14.394
30 93 17.371
30 95 10.358
30 96 87.314
30 97 35.791
30 98 91.916
31 0 64.222
31 1 11.115
31 2 28.742
31 4 44.67
31 5 91.195
31 6 4.604
31 7 2.17
31 10 9.744
31 12 16.502
31 13 21.207
31 15 67.544
31 18 20.718
31 19 1.857
31 20 58.539
31 21 7.661
31 22 56.962
31 23 54.084
31 24 70.189
31 25 84.387
31 26 39.274
31 29 60.942
31 30 14.697
31 31 58.9
31 33 25.342
31 35 49.756
31 38 45.785
31 39 74.786
31 41 41.766
31 42 52.557
31 44 2.978
31 45 21.184
31 46 6.296
31 47 47.778
31 48 53.371
31 49 50.954
31 50 32.122
31 52 74.907
31 53 43.356
31 54 62.766
31 56 45.735
31 57 81.225
31 58 58.554
31 59 71.268
31 61 29.184
31 62 6.326
31 63 76.666
31 65 55.647
31 66 63.762
31 67 87.909
31 69 52.451
31 71 71.909
31 72 11.479
31 73 92.483
31 76 97.457
31 78 54.993
31 79 75.122
31 80 28.113
31 81 40.046
31 83 14.38
31 84 33.269
31 85 80.655
31 87 27.737
31 88 7.931
31 89 76.613
31 92 56.208
31 94 71.824
31 96 13.267
31 98 31.728
32 0 74.875
32 1 34.287
32 3 28.023
32 4 79.403
32 5 57.122
32 6 18.772
32 7 39.262
32 9 70.581
32 10 29.804
32 11 69.35
32 13 80.382
32 14 85.593
32 15 54.646
32 19 26.881
32 20 38.12
32 21 24.624
32 22 73.387
32 25 90.424
32 27 43.202
32 29 78.139
32 30 21.756
32 31 26.656
32 35 57.286
32 39 77.211
32 40 57.952
32 41 96.186
32 44 65.68
32 45 55.851
32 48 37.914
32 49 45.603
32 50 13.518
32 52 15.283
32 53 21.3
32 57 88.333
32 58 43.501
32 59 89.398
32 60 72.696
32 61 86.454
32 65 76.366
32 68 13.868
32 69 80.025
32 73 86.921
32 74 17.453
32 75 11.496
32 76 29.427
32 78 41.583
32 79 82.028
32 80 6.492
32 82 21.268
32 84 5.111
32 86 50.871
32 88 47.657
32 90 10.375
32 92 83.486
32 93 62.74
32 94 41.818
32 95 57.405
32 96 76.732
32 97 40.686
33 0 2.399
33 1 85.695
33 2 33.952
33 3 75.107
33 4 90.01
33 6 15.572
33 8 94.727
33 9 43.516
33 11 86.51
33 12 79.094
33 14 47.581
33 15 79.615
33 17 89.037
33 18 69.801
33 19 57.125
33 20 93.236
33 21 28.765
33 26 22.235
33 28 46.052
33 29 12.558
33 30 10.523
33 32 73.555
33 33 10.004
33 35 91.055
33 36 55.647
33 37 25.343
33 38 73.492
33 39 94.168
33 40 98.439
33 41 43.116
33 42 25.363
33 43 81.095
33 45 70.841
33 46 53.694
33 47 38.908
33 48 77.559
33 49 81.245
33 50 15.25
33 51 45.924
33 52 61.213
33 54 57.566
33 56 24.605
33 57 57.087
33 58 88.916
33 61 11.627
33 62 93.555
33 63 32.319
33 65 14.838
33 67 49.07
33 68 6.679
33 70 37.19
33 71 87.585
33 73 36.576
33 74 14.672
33 75 43.21
33 76 54.767
33 78 30.828
33 79 58.278
33 81 51.192
33 82 24.17
33 83 46.384
33 84 79.337
33 85 77.953
33 86 53.917
33 87 37.187
33 88 67.462
33 89 48.179
33 90 92.294
33 91 92.939
33 92 77.936
33 95 71.527
33 96 30.735
34 1 66.578
34 2 40.327
34 5 88.867
34 6 95.79
34 7 15.387
34 9 39.127
34 10 79.552
34 11 58.12
34 12 32.436
34 14 31.38
34 15 11.441
34 16 75.071
34 17 65.443
34 20 29.229
34 21 37.911
34 23 69.506
34 24 82.81
34 25 60.023
34 28 45.973
34 29 20.478
34 34 60.519
34 36 52.219
34 38 69.674
34 40 16.885
34 41 46.974
34 42 32.251
34 43 62.363
34 45 21.216
34 47 81.293
34 48 74.475
34 49 91.934
34 51 27.302
34 52 26.19
34 54 93.852
34 55 4.417
34 57 5.746
34 58 70.246
34 59 37.621
34 60 51.397
34 61 63.137
34 63 97.275
34 64 6.663
34 65 43.572
34 67 9.04
34 68 44.694
34 69 87.098
34 72 98.129
34 73 46.892
34 75 53.285
34 76 67.166
34 78 43.521
34 79 57.455
34 81 35.056
34 82 53.343
34 83 67.607
34 87 27.056
34 90 90.299
34 91 43.384
34 92 65.24
34 94 38.45
34 95 83.81
34 97 17.769
34 98 44.913
35 0 16.907
35 2 82.601
35 3 12.829
35 4 40.935
35 5 72.366
35 6 19.562
35 7 71.496
35 11 36.32
35 13 33.025
35 16 18.519
35 18 93.27
35 19 74.477
35 21 44.72
35 22 22.941
35 23 44.325
35 24 20.263
35 25 59.429
35 26 58.069
35 27 35.915
35 28 27.689
35 29 83.333
35 30 31.658
35 32 91.929
35 33 39.078
35 35 82.584
35 36 88.131
35 37 34.528
35 39 78.006
35 41 61.426
35 42 42.783
35 44 5.548
35 45 6.196
35 46 59.125
35 48 29.349
35 49 47.487
35 50 67.938
35 51 54.831
35 52 24.587
35 54 43.181
35 55 81.357
35 56 36.888
35 58 63.226
35 59 33.519
35 62 68.564
35 64 31.451
35 65 82.573
35 68 94.26
35 69 66.346
35 71 53.514
35 72 65.485
35 73 41.886
35 74 32.918
35 75 97.256
35 76 33.021
35 77 21.881
35 78 40.86
35 79 91.479
35 82 95.225
35 83 85.74
35 84 45.946
35 89 93.248
35 90 25.48
35 91 87.108
35 92 17.676
35 94 25.063
35 96 17.567
35 97 97.023
35 98 1.333
36 0 49.941
36 2 89.033
36 4 98.199
36 5 39.888
36 6 4.858
36 7 28.129
36 8 32.661
36 9 29.644
36 10 20.505
36 11 95.624
36 12 38.812
36 13 93.984
36 14 62.581
36 15 58.907
36 16 21.476
36 17 47.092
36 18 26.942
36 19 35.729
36 20 20.163
36 21 56.03
36 23 76.514
36 26 22.933
36 27 5.934
36 28 70.088
36 30 52.857
36 31 51.214
36 32 22.551
36 33 42.388
36 38 21.581
36 41 10.103
36 42 4.857
36 43 93.239
36 44 2.888
36 45 78.763
36 46 56.326
36 47 61.821
36 48 83.541
36 49 37.706
36 50 52.372
36 53 11.355
36 54 83.96
36 56 98.559
36 57 83.698
36 59 30.489
36 61 75.694
36 63 46.163
36 64 51.012
36 65 31.875
36 66 25.345
36 70 29.834
36 72 58.041
36 73 32.004
36 75 34.237
36 77 63.356
36 78 54.84
36 79 38.995
36 80 64.873
36 82 25.911
36 83 96.51
36 84 90.804
36 85 48.089
36 87 47.535
36 89 50.997
36 90 10.155
36 91 40.882
36 93 34.593
36 94 35.624
36 96 38.678
36 97 27.624
36 98 72.795
37 1 3.96
37 2 64.561
37 3 96.362
37 4 54.181
37 10 52.255
37 11 55.833
37 12 82.427
37 15 4.435
37 17 84.914
37 18 64.311
37 19 18.42
37 20 13.186
37 24 67.985
37 26 44.841
37 28 74.612
37 29 65.621
37 30 14.74
37 31 8.627
37 32 27.778
37 33 2.975
37 34 40.303
37 35 77.338
37 36 45.253
37 37 33.933
37 38 90.172
37 39 19.195
37 41 60.725
37 43 42.326
37 44 3.637
37 47 11.333
37 48 1.273
37 49 65.545
37 52 8.826
37 53 7.874
37 54 12.387
37 55 94.624
37 56 40.223
37 57 98.458
37 58 10.542
37 59 70.173
37 60 24.124
37 62 62.197
37 63 14.371
37 64 31.685
37 65 90.6
37 68 72.552
37 69 8.415
37 74 94.403
37 76 12.322
37 77 56.646
37 79 70.204
37 80 59.56
37 82 68.257
37 85 41.61
37 86 80.994
37 88 73.394
37 89 4.878
37 90 14.752
37 94 63.976
37 95 87.952
37 97 81.581
37 98 20.387
38 1 97.756
38 2 11.59
38 3 16.701
38 4 44.574
38 5 32.599
38 7 41.984
38 8 83.875
38 9 71.331
38 11 87.346
38 12 41.077
38 13 23.77
38 16 71.81
38 17 60.151
38 18 3.641
38 20 67.238
38 22 91.063
38 24 35.138
38 25 83.469
38 27 74.147
38 28 34.45
38 29 44.154
38 31 35.028
38 34 40.464
38 36 36.618
38 37 95.002
38 39 41.895
38 40 59.752
38 41 5.467
38 44 63.868
38 46 98.236
38 48 63.241
38 49 29.905
38 50 15.784
38 52 89.055
38 57 12.413
38 58 56.974
38 60 30.697
38 63 65.623
38 64 15.967
38 65 4.297
38 67 83.155
38 68 86.501
38 70 18.295
38 72 81.387
38 73 2.737
38 74 4.78
38 76 60.377
38 77 79.604
38 78 36.445
38 80 16.313
38 81 26.141
38 82 61.989
38 83 26.084
38 88 56.675
38 90 83.771
38 91 38.203
38 92 65.645
38 93 96.139
38 96 87.768
38 98 73.637
39 1 97.677
39 2 61.173
39 3 79.715
39 4 90.257
39 5 3.261
39 7 45.462
39 8 77.425
39 9 65.358
39 11 69.427
39 15 43.591
39 17 80.004
39 18 86.167
39 20 8.265
39 21 55.251
39 22 25.547
39 23 41.731
39 24 74.977
39 25 10.06
39 26 81.188
39 27 25.463
39 28 50.946
39 29 66.407
39 31 49.329
39 32 44.908
39 33 20.588
39 34 33.253
39 35 15.955
39 36 24.309
39 37 16.135
39 38 1.274
39 39 71.634
39 40 94.692
39 43 85.162
39 45 90.477
39 47 25.084
39 48 58.838
39 49 13.24
39 50 49.561
39 52 24.876
39 54 33.683
39 55 1.57
39 56 27.822
39 57 34.857
39 58 9.569
39 59 54.027
39 67 48.696
39 68 59.513
39 69 11.364
39 70 3.718
39 71 56.199
39 72 71.607
39 73 8.906
39 75 91.796
39 79 68.807
39 80 20.805
39 81 95.755
39 83 14.347
39 85 34.475
39 86 38.445
39 87 78.935
39 88 62.206
39 90 86.85
39 91 1.778
39 92 28.312
39 96 93.443
39 97 92.366
39 98 83.737
40 1 45.363
40 7 10.957
40 8 55.117
40 9 42.563
40 10 21.558
40 12 29.223
40 14 57.83
40 15 18.418
40 16 10.008
40 17 32.006
40 19 61.734
40 23 6.459
40 24 72.516
40 25 94.524
40 27 20.081
40 28 64.197
40 29 59.193
40 30 19.127
40 32 59.9
40 33 15.302
40 35 14.842
40 36 86.498
40 37 8.921
40 38 89.077
40 39 53.184
40 40 68.444
40 41 55.903
40 42 67.69
40 43 92.99
40 44 79.68
40 45 9.436
40 47 96.571
40 48 49.601
40 50 2.08
40 51 73.635
40 54 68.963
40 55 31.526
40 57 77.15
40 60 37.425
40 61 74.368
40 62 57.126
40 63 28.232
40 64 21.773
40 65 15.855
40 66 44.229
40 69 15.758
40 71 13.535
40 72 43.033
40 73 15.676
40 74 81.302
40 75 85.67
40 76 85.445
40 77 88.936
40 78 15.609
40 79 32.204
40 80 97.511
40 82 47.654
40 84 8.792
40 85 7.382
40 91 58.962
40 92 46.839
40 96 32.734
40 98 14.632
41 0 61.221
41 1 36.853
41 2 29.023
41 5 33.002
41 7 64.953
41 9 23.973
41 10 35.97
41 12 20.656
41 15 64.685
41 17 34.505
41 18 77.692
41 19 63.743
41 23 57.184
41 26 31.209
41 27 21.557
41 31 11.283
41 33 17.658
41 34 65.499
41 35 17.962
41 36 50.192
41 37 78.555
41 38 62.444
41 39 50.731
41 40 39.122
41 43 70.465
41 44 95.669
41 45 6.059
41 46 95.337
41 47 30.813
41 48 2.193
41 49 78.384
41 50 36.64
41 51 56.391
41 52 29.552
41 53 59.829
41 55 49.741
41 56 46.922
41 57 60.377
41 58 29.141
41 59 44.498
41 61 62.849
41 62 1.594
41 64 72.152
41 65 81.229
41 67 69.419
41 71 21.456
41 72 42.371
41 73 27.929
41 75 10.452
41 76 85.068
41 77 92.865
41 79 64.061
41 80 22.275
41 81 46.129
41 83 58.185
41 84 81.465
41 85 2.387
41 87 66.742
41 88 73.007
41 89 7.026
41 92 22.289
41 93 90.263
41 94 98.33
41 95 46.765
41 96 36.76
41 97 37.845
41 98 62.462
42 0 39.981
42 1 95.29
42 2 78.837
42 3 21.084
42 4 52.17
42 8 32.377
42 9 46.775
42 11 80.959
42 12 98.936
42 13 83.139
42 14 46.096
42 16 69.562
42 17 4.521
42 18 69.928
42 19 20.887
42 20 10.084
42 22 45.977
42 23 77.619
42 25 27.805
42 26 59.338
42 27 6.593
42 28 69.06
42 29 67.884
42 30 26.632
42 31 82.618
42 32 59.181
42 35 51.64
42 38 8.455
42 39 2.935
42 40 72.22
42 41 53.272
42 43 53.036
42 44 78.563
42 46 46.506
42 48 18.279
42 49 85.788
42 50 57.445
42 51 34.954
42 52 76.128
42 53 5.021
42 54 8.617
42 56 96.463
42 57 26.396
42 58 31.258
42 60 43.151
42 61 98.597
42 63 71.94
42 64 92.549
42 65 74.384
42 66 74.543
42 68 19.225
42 71 94.38
42 72 41.405
42 73 47.257
42 77 82.113
42 79 18.874
42 80 11.387
42 81 28.296
42 83 37.072
42 85 49.849
42 86 41.87
42 87 57.315
42 88 90.09
42 89 66.459
42 91 56.698
42 93 26.426
43 0 51.01
43 2 34.409
43 3 74.949
43 5 27.258
43 8 92.411
43 9 70.137
43 12 79.793
43 13 34.329
43 16 69.6
43 18 19.801
43 20 30.43
43 22 28.64
43 23 45.326
43 24 83.696
43 25 93.237
43 26 70.825
43 27 92.611
43 29 44.1
43 32 22.888
43 34 41.559
43 36 80.37
43 37 39.153
43 38 38.004
43 39 85.767
43 40 44.774
43 41 94.311
43 43 64.358
43 44 10.213
43 46 78.367
43 47 33.657
43 48 33.213
43 49 34.748
43 50 7.645
43 53 72.794
43 54 89.089
43 56 93.723
43 57 83.184
43 58 82.624
43 59 85.654
43 63 49.632
43 64 83.672
43 65 78.233
43 68 57.961
43 69 57.01
43 70 96.194
43 71 23.41
43 75 76.382
43 76 58.638
43 77 77.769
43 78 72.344
43 79 52.898
43 82 6.634
43 83 2.323
43 87 41.764
43 89 37.057
43 90 89.101
43 91 65.751
43 92 86.375
43 94 26.022
43 95 81.586
43 97 34.331
43 98 43.463
44 0 74.808
44 1 84.581
44 2 10.706
44 4 19.556
44 5 80.582
44 6 46.454
44 7 3.213
44 8 31.349
44 9 43.118
44 11 47.35
44 12 35.347
44 13 19.793
44 14 61.319
44 15 17.307
44 16 79.978
44 20 10.071
44 21 36.022
44 22 91.102
44 25 72.559
44 27 87.596
44 28 77.98
44 30 48.56
44 31 47.808
44 32 40.425
44 33 90.89
44 34 74.523
44 35 37.042
44 37 63.649
44 39 6.897
44 40 83.858
44 43 39.647
44 44 87.524
44 45 77.405
44 47 35.566
44 48 44.421
44 49 43.901
44 50 54.024
44 51 12.324
44 52 58.808
44 53 18.058
44 55 11.264
44 57 72.219
44 58 84.244
44 60 19.905
44 61 52.676
44 63 48.163
44 64 19.598
44 65 97.273
44 66 28.222
44 67 96.43
44 69 11.334
44 72 10.57
44 73 42.564
44 75 34.913
44 76 98.582
44 77 26.117
44 78 87.437
44 81 69.199
44 82 40.148
44 85 8.829
44 86 36.344
44 87 26.907
44 88 38.813
44 89 78.849
44 90 18.889
44 91 80.76
44 93 28.853
44 97 66.185
44 98 7.121
45 0 52.462
45 2 13.844
45 4 10.375
45 7 87.232
45 9 31.858
45 11 72.045
45 12 66.09
45 13 76.17
45 14 53.324
45 15 38.201
45 17 79.932
45 18 84.062
45 20 54.127
45 21 15.743
45 23 82.353
45 26 26.846
45 28 75.11
45 30 85.525
45 31 56.253
45 32 53.041
45 33 66.761
45 35 40.738
45 37 15.339
45 38 72.194
45 39 43.776
45 41 46.623
45 42 8.626
45 43 2.842
45 44 74.239
45 45 42.08
45 46 79.78
45 47 68.813
45 48 17.275
45 49 93.464
45 53 29.607
45 56 86.966
45 57 63.787
45 58 52.618
45 59 28.525
45 60 4.618
45 61 73.885
45 65 34.854
45 66 87.13
45 68 1.961
45 69 67.08
45 70 18.885
45 72 97.703
45 73 47.086
45 74 83.862
45 75 19.097
45 77 17.432
45 78 80.059
45 80 4.99
45 81 13.592
45 83 11.534
45 85 19.401
45 87 5.455
45 88 62.485
45 89 49.211
45 91 40.388
45 92 31.714
45 93 97.155
45 94 57.966
45 96 41.565
45 97 33.693
46 0 84.872
46 2 19.132
46 3 38.053
46 4 18.381
46 6 61.614
46 7 37.736
46 8 29.455
46 9 53.207
46 11 80.679
46 12 94.933
46 13 23.871
46 14 32.307
46 15 93.507
46 19 64.827
46 20 12.755
46 21 4.917
46 22 35.281
46 23 87.444
46 26 52.709
46 27 49.107
46 28 8.705
46 29 88.116
46 31 88.598
46 32 8.845
46 33 33.685
46 34 63.104
46 35 68.055
46 37 74.596
46 38 80.576
46 39 12.121
46 42 12.987
46 43 41.084
46 44 21.118
46 45 80.622
46 47 15.583
46 48 8.597
46 52 64.216
46 54 44.183
46 55 38.878
46 56 8.528
46 57 96.813
46 58 60.798
46 59 50.287
46 60 98.801
46 62 97.413
46 65 42.038
46 66 69.36
46 67 69.213
46 68 36.218
46 69 83.915
46 71 76.209
46 73 97.066
46 74 18.949
46 76 89.207
46 77 69.322
46 78 10.116
46 79 14.163
46 80 76.749
46 82 32.557
46 83 26.403
46 85 95.465
46 87 83.742
46 90 55.076
46 91 62.418
46 92 45.84
46 93 98.445
46 94 28.425
46 95 64.512
46 96 81.438
46 97 25.951
46 98 83.877
47 0 28.945
47 1 47.796
47 2 26.808
47 3 82.268
47 5 17.974
47 6 7.45
47 7 58.975
47 8 26.686
47 9 56.757
47 10 69.631
47 11 47.772
47 12 20.149
47 14 45.234
47 15 56.834
47 16 83.183
47 17 66.958
47 18 90.367
47 20 86.284
47 22 6.764
47 26 24.051
47 27 15.051
47 29 39.104
47 30 50.082
47 31 14.04
47 32 3.467
47 33 83.833
47 34 38.992
47 37 38.17
47 38 25.729
47 39 47.619
47 42 20.452
47 46 45.449
47 47 16.489
47 48 75.641
47 49 6.574
47 50 94.891
47 52 93.753
47 53 51.558
47 55 74.211
47 56 57.479
47 57 61.95
47 58 72.586
47 59 52.722
47 61 5.586
47 62 90.087
47 63 67.372
47 64 58.401
47 65 18.968
47 66 77.531
47 67 47.364
47 68 54.487
47 69 77.706
47 71 52.124
47 72 76.132
47 73 38.109
47 74 83.953
47 76 20.617
47 77 20.302
47 78 31.791
47 79 70.109
47 80 93.752
47 81 44.616
47 82 71.78
47 83 25.354
47 85 84.632
47 86 86.229
47 87 54.117
47 88 18.266
47 89 1.827
47 91 56.128
47 92 49.607
47 93 71.692
47 94 39.441
47 96 75.488
47 98 26.731
48 1 89.661
48 3 7.832
48 6 60.227
48 7 1.665
48 9 29.437
48 11 38.588
48 13 14.757
48 15 29.173
48 18 78.909
48 21 2.04
48 22 12.088
48 25 87.161
48 28 25.805
48 29 51.424
48 30 26.063
48 33 44.132
48 34 81.332
48 35 68.777
48 36 76.735
48 37 9.02
48 38 98.338
48 40 89.3
48 41 17.28
48 42 73.797
48 43 38.856
48 45 55.246
48 48 20.495
48 50 68.277
48 51 2.271
48 52 53.175
48 53 58.237
48 54 47.93
48 55 63.518
48 56 92.855
48 57 40.967
48 58 63.302
48 61 28.738
48 62 69.214
48 63 39.529
48 64 49.692
48 66 65.548
48 70 5.977
48 71 45.058
48 74 83.68
48 75 78.798
48 76 74.643
48 78 93.521
48 79 7.142
48 80 28.757
48 81 79.869
48 82 9.239
48 85 29.031
48 86 13.763
48 87 42.136
48 88 61.844
48 89 24.122
48 90 10.417
48 91 40.477
48 92 85.77
48 94 40.167
48 96 98.06
49 0 12.054
49 1 56.812
49 2 3.239
49 3 73.214
49 4 67.203
49 6 89.083
49 8 91.031
49 9 21.599
49 10 98.452
49 11 35.663
49 13 36.847
49 14 33.719
49 17 29.685
49 18 35.195
49 19 69.123
49 20 66.641
49 21 76.785
49 22 60.707
49 23 24.431
49 24 31.96
49 25 78.569
49 26 19.853
49 27 15.502
49 28 27.09
49 29 95.037
49 30 55.536
49 31 55.902
49 33 19.554
49 34 54.2
49 36 34.786
49 37 11.52
49 38 66.661
49 39 83.469
49 40 34.033
49 41 44.933
49 42 96.57
49 43 54.94
49 44 66.909
49 45 67.235
49 46 21.981
49 50 44.787
49 51 86.234
49 52 72.152
49 53 4.083
49 54 63.835
49 55 60.862
49 56 93.625
49 59 43.488
49 60 59.853
49 62 44.204
49 64 59.861
49 65 18.533
49 66 18.113
49 67 38.618
49 68 74.544
49 69 27.905
49 70 35.057
49 72 83.374
49 73 3.579
49 75 53.78
49 77 71.128
49 78 35.302
49 79 7.623
49 80 19.395
49 81 33.151
49 82 73.821
49 83 25.616
49 84 97.86
49 85 2.152
49 86 2.578
49 88 39.531
49 89 65.634
49 92 77.323
49 93 80.887
49 94 10.748
49 98 98.566
50 1 5.459
50 3 69.083
50 5 91.09
50 6 58.123
50 7 66.265
50 8 27.683
50 10 46.033
50 11 55.921
50 14 52.908
50 16 50.348
50 18 67.048
50 19 55.055
50 21 65.849
50 22 76.418
50 23 92.133
50 25 25.978
50 26 58.262
50 29 26.299
50 30 87.66
50 31 74.088
50 32 96.298
50 34 24.096
50 35 55.005
50 36 13.784
50 40 47.259
50 41 74.057
50 42 43.761
50 44 80.279
50 45 69.073
50 46 13.725
50 49 76.412
50 51 53.196
50 52 77.143
50 54 92.725
50 55 63.844
50 56 70.862
50 57 93.311
50 58 10.032
50 59 96.729
50 61 87.08
50 62 59.843
50 63 77.871
50 64 64.599
50 66 82.871
50 67 97.509
50 68 79.673
50 69 53.147
50 70 79.924
50 72 59.737
50 73 4.49
50 74 59.199
50 76 63.241
50 79 18.131
50 80 64.265
50 82 41.465
50 83 31.914
50 85 90.51
50 86 38.976
50 87 30.723
50 88 23.665
50 90 68.257
50 91 87.75
50 92 34.303
50 95 76.41
50 96 74.109
50 97 82.707
50 98 3.312
51 0 22.554
51 1 36.144
51 2 79.219
51 4 9.652
51 5 47.879
51 6 66.81
51 9 35.273
51 10 76.53
51 11 71.93
51 12 67.078
51 13 76.896
51 15 14.993
51 17 28.986
51 18 17.455
51 19 22.601
51 21 47.185
51 22 2.27
51 23 3.296
51 28 48.36
51 31 49.198
51 34 39.707
51 38 15.624
51 41 94.324
51 42 2.772
51 45 59.788
51 46 77.743
51 47 50.186
51 48 4.687
51 49 36.866
51 50 16.565
51 51 13.829
51 53 54.587
51 55 10.83
51 56 89.731
51 57 62.647
51 58 6.454
51 59 65.809
51 61 89.583
51 62 75.785
51 63 31.06
51 64 64.422
51 65 58.184
51 66 12.167
51 69 22.804
51 70 30.619
51 71 89.065
51 73 97.143
51 74 87.0
51 75 53.63
51 76 52.754
51 77 4.773
51 79 88.14
51 80 55.077
51 81 29.91
51 82 57.154
51 84 32.571
51 85 80.743
51 86 77.218
51 87 19.644
51 88 39.952
51 90 1.823
51 92 88.065
51 93 81.056
51 94 22.189
51 95 35.526
51 96 8.019
52 1 64.738
52 2 51.557
52 3 88.631
52 4 27.94
52 7 65.031
52 8 96.727
52 9 78.455
52 10 35.112
52 11 26.989
52 12 16.124
52 14 35.563
52 16 67.149
52 18 73.991
52 19 75.855
52 20 50.279
52 21 65.746
52 22 63.299
52 24 52.139
52 26 85.205
52 28 83.022
52 29 92.754
52 30 38.965
52 32 56.899
52 33 77.255
52 35 23.375
52 37 69.801
52 38 59.577
52 39 76.867
52 42 89.447
52 44 39.675
52 45 15.902
52 47 29.315
52 49 97.625
52 51 27.703
52 52 71.543
52 55 82.677
52 56 95.252
52 59 86.588
52 60 55.004
52 61 62.307
52 63 84.346
52 64 75.307
52 65 68.798
52 67 43.57
52 69 87.396
52 70 78.086
52 73 41.69
52 74 19.865
52 75 3.728
52 76 65.358
52 77 48.104
52 78 80.812
52 79 34.833
52 80 18.785
52 81 75.638
52 82 1.676
52 85 64.616
52 86 43.882
52 87 61.992
52 88 17.634
52 90 48.788
52 92 31.471
52 93 21.643
52 95 50.37
52 97 21.123
52 98 22.239
53 1 12.548
53 3 60.226
53 4 97.278
53 5 73.311
53 6 22.78
53 7 31.861
53 13 96.594
53 16 67.766
53 17 52.992
53 18 2.173
53 19 66.295
53 20 73.464
53 21 55.048
53 22 5.435
53 24 1.244
53 25 11.319
53 26 90.042
53 29 84.916
53 32 26.995
53 34 60.003
53 35 81.534
53 37 75.092
53 38 91.605
53 39 64.004
53 41 37.538
53 42 82.053
53 44 14.409
53 46 36.269
53 47 80.04
53 48 45.386
53 49 18.943
53 50 56.695
53 51 62.966
53 54 42.824
53 55 80.121
53 56 58.639
53 57 56.237
53 59 61.427
53 61 58.811
53 64 63.768
53 65 89.838
53 67 70.486
53 69 82.728
53 70 96.318
53 72 64.499
53 74 96.559
53 75 24.031
53 76 88.081
53 77 69.372
53 78 9.64
53 79 83.487
53 82 32.011
53 83 23.405
53 84 48.793
53 86 30.684
53 87 16.48
53 93 49.803
53 94 18.467
53 95 31.633
53 96 91.83
53 98 90.835
54 0 10.558
54 1 11.684
54 2 67.7
54 5 39.033
54 6 55.451
54 8 81.884
54 11 19.784
54 12 40.129
54 13 96.485
54 16 25.05
54 18 78.479
54 19 43.628
54 20 45.448
54 21 31.205
54 22 73.841
54 23 13.513
54 24 9.36
54 26 39.783
54 28 45.668
54 29 96.377
54 31 95.03
54 33 59.132
54 34 89.99
54 35 92.543
54 37 33.477
54 38 12.709
54 39 18.623
54 40 47.59
54 41 2.784
54 42 5.891
54 43 11.559
54 44 61.098
54 45 60.774
54 46 95.028
54 47 8.667
54 48 80.478
54 49 73.299
54 51 11.942
54 52 71.75
54 53 43.988
54 54 82.324
54 55 54.757
54 56 89.335
54 59 44.273
54 60 13.914
54 61 57.664
54 65 37.963
54 66 41.297
54 67 88.806
54 69 37.216
54 70 48.232
54 73 84.498
54 74 3.072
54 75 36.104
54 76 84.696
54 77 92.394
54 78 41.665
54 80 69.797
54 81 60.675
54 82 84.462
54 83 1.254
54 84 16.146
54 87 17.514
54 89 33.722
54 90 93.719
54 92 35.626
54 93 28.344
54 95 17.955
54 96 53.921
54 98 32.95
55 0 2.932
55 1 31.34
55 3 96.473
55 5 39.333
55 6 48.318
55 7 4.227
55 8 3.948
55 9 43.28
55 12 88.397
55 13 44.934
55 14 39.93
55 15 91.027
55 16 86.58
55 17 35.034
55 18 88.321
55 19 55.983
55 24 85.148
55 26 39.985
55 27 66.459
55 28 39.882
55 30 93.09
55 32 57.801
55 33 88.364
55 34 52.824
55 36 31.008
55 37 16.488
55 38 78.768
55 39 66.38
55 41 12.089
55 42 6.37
55 44 14.003
55 45 47.692
55 46 18.009
55 47 92.915
55 48 37.346
55 49 84.709
55 51 48.482
55 52 96.55
55 54 37.796
55 55 49.151
55 56 78.318
55 57 77.039
55 58 91.362
55 59 74.869
55 61 31.092
55 62 53.343
55 63 69.415
55 66 82.175
55 68 93.071
55 69 30.662
55 71 12.691
55 72 81.899
55 74 41.412
55 75 4.239
55 76 51.857
55 77 15.804
55 78 6.156
55 79 57.982
55 81 64.465
55 83 8.794
55 84 44.479
55 85 35.079
55 88 72.787
55 89 85.32
55 91 40.782
55 92 12.866
55 93 31.737
55 94 38.192
55 96 47.0
55 97 70.741
55 98 55.843
56 0 57.582
56 1 98.904
56 3 83.332
56 4 87.952
56 5 56.601
56 6 37.083
56 7 47.546
56 8 80.124
56 9 85.826
56 11 37.056
56 12 77.192
56 14 39.09
56 15 43.112
56 16 29.58
56 17 33.513
56 18 72.241
56 19 57.594
56 20 91.004
56 21 44.456
56 22 15.255
56 23 3.302
56 24 47.714
56 25 24.365
56 26 96.286
56 28 34.279
56 29 62.552
56 30 66.805
56 32 87.537
56 33 7.399
56 35 13.144
56 36 14.284
56 37 26.425
56 38 17.177
56 39 21.921
56 41 91.719
56 42 1.523
56 44 39.27
56 46 92.033
56 47 83.781
56 48 17.04
56 49 4.281
56 52 83.862
56 53 52.759
56 54 69.504
56 56 14.003
56 57 68.717
56 58 82.36
56 59 61.251
56 63 82.69
56 64 6.276
56 65 35.519
56 66 53.138
56 67 27.247
56 69 8.571
56 72 68.83
56 73 72.537
56 75 77.473
56 77 13.317
56 78 77.43
56 79 66.794
56 80 37.066
56 81 76.295
56 82 19.332
56 84 26.314
56 86 67.356
56 87 90.55
56 89 66.724
56 92 91.294
56 94 31.138
56 95 41.941
56 96 39.386
57 0 20.899
57 1 71.927
57 2 51.748
57 5 63.367
57 6 79.9
57 8 97.596
57 9 79.187
57 10 78.967
57 12 21.849
57 13 5.105
57 16 35.022
57 17 15.156
57 18 72.011
57 19 24.514
57 25 74.5
57 26 25.968
57 27 73.295
57 28 53.985
57 30 23.675
57 31 17.865
57 33 82.337
57 34 43.592
57 37 77.246
57 40 32.34
57 42 59.554
57 43 24.804
57 44 74.079
57 45 67.601
57 46 32.993
57 47 92.789
57 49 43.596
57 50 98.371
57 51 17.173
57 52 22.021
57 53 51.197
57 54 92.303
57 56 98.758
57 57 27.44
57 58 41.703
57 60 20.864
57 61 29.68
57 63 40.485
57 64 88.19
57 65 46.805
57 66 47.066
57 67 11.136
57 68 69.756
57 69 45.546
57 70 4.637
57 71 60.013
57 72 96.28
57 73 4.976
57 75 29.179
57 78 85.007
57 79 10.303
57 81 85.232
57 82 23.263
57 86 81.596
57 87 17.98
57 90 2.566
57 91 64.633
57 93 77.785
57 94 77.061
57 95 36.151
57 97 63.561
57 98 27.056
58 1 44.789
58 2 18.497
58 4 80.549
58 5 44.065
58 6 4.846
58 7 62.668
58 8 11.496
58 9 72.465
58 10 55.952
58 11 47.174
58 12 40.906
58 14 28.176
58 16 1.782
58 17 15.233
58 18 67.236
58 19 33.832
58 20 95.922
58 22 12.553
58 27 61.101
58 28 35.592
58 32 71.435
58 33 13.324
58 36 43.552
58 38 71.836
58 40 55.762
58 41 21.219
58 42 71.896
58 43 62.726
58 45 94.95
58 46 95.343
58 47 8.131
58 48 95.911
58 50 89.622
58 51 19.668
58 53 7.299
58 54 75.87
58 55 1.198
58 56 88.499
58 57 94.173
58 58 6.166
58 59 28.303
58 61 5.832
58 62 77.481
58 64 61.915
58 69 58.465
58 70 53.951
58 71 14.646
58 72 51.283
58 73 6.94
58 74 86.195
58 76 47.923
58 78 49.026
58 79 88.122
58 80 55.674
58 81 69.422
58 84 67.904
58 85 2.754
58 86 25.894
58 87 75.662
58 89 22.605
58 90 17.207
58 91 25.736
58 92 40.546
58 95 2.634
58 96 25.978
58 97 2.612
58 98 76.262
59 0 50.439
59 1 9.533
59 3 50.073
59 4 45.197
59 5 76.65
59 6 92.305
59 7 47.625
59 8 38.555
59 9 80.392
59 10 98.562
59 12 32.3
59 13 86.068
59 15 31.387
59 16 63.8
59 17 64.068
59 18 43.084
59 20 81.548
59 23 54.527
59 24 90.29
59 26 8.857
59 27 93.779
59 28 85.444
59 30 20.347
59 33 52.894
59 34 51.43
59 35 68.353
59 36 92.626
59 37 30.834
59 38 52.166
59 39 45.683
59 40 4.033
59 41 42.287
59 42 10.515
59 44 5.067
59 45 24.258
59 47 92.894
59 48 19.239
59 49 20.327
59 50 93.761
59 52 70.33
59 55 63.08
59 56 72.461
59 57 43.63
59 58 9.951
59 60 2.948
59 61 42.876
59 62 76.007
59 64 63.231
59 65 2.008
59 67 92.573
59 68 61.075
59 69 21.671
59 70 35.703
59 71 35.745
59 75 29.459
59 77 92.879
59 79 87.542
59 80 87.486
59 81 37.681
59 83 44.572
59 84 83.439
59 85 35.444
59 86 89.999
59 88 50.225
59 90 5.792
59 91 61.241
59 92 10.23
59 93 40.754
59 94 57.866
59 97 90.322
59 98 35.476
60 1 81.584
60 3 62.124
60 4 60.34
60 6 6.519
60 7 93.112
60 8 88.125
60 9 70.485
60 10 49.723
60 13 9.751
60 14 19.917
60 16 20.54
60 17 28.88
60 18 89.943
60 19 6.247
60 22 73.49
60 23 2.492
60 24 66.614
60 26 98.975
60 28 67.84
60 29 1.85
60 31 25.24
60 34 69.405
60 35 91.787
60 37 32.467
60 38 85.788
60 40 11.931
60 41 14.905
60 42 58.894
60 46 61.39
60 47 25.553
60 49 23.782
60 52 45.29
60 53 41.923
60 56 53.502
60 57 96.403
60 58 47.473
60 60 26.25
60 65 93.175
60 66 8.24
60 70 98.591
60 74 73.637
60 75 68.071
60 76 44.427
60 77 65.133
60 78 98.507
60 79 74.518
60 81 6.398
60 83 57.356
60 85 55.976
60 86 79.475
60 88 18.057
60 89 27.5
60 90 12.467
60 91 2.028
60 92 54.631
60 93 4.25
60 95 16.959
60 97 49.807
60 98 5.153
61 0 55.475
61 1 62.688
61 2 60.156
61 4 4.045
61 5 11.828
61 6 60.809
61 7 33.811
61 8 23.977
61 10 25.602
61 11 58.998
61 12 4.234
61 13 84.337
61 15 64.52
61 16 34.735
61 17 77.525
61 18 76.708
61 19 57.534
61 21 71.031
61 23 38.259
61 24 66.938
61 26 85.599
61 30 33.967
61 31 74.26
61 32 69.327
61 33 29.693
61 34 8.526
61 35 80.624
61 37 16.977
61 38 74.881
61 39 32.714
61 41 73.638
61 43 97.924
61 44 91.492
61 45 91.287
61 46 36.228
61 50 97.44
61 51 1.368
61 54 16.734
61 55 91.047
61 56 98.679
61 59 42.036
61 60 37.658
61 64 28.975
61 65 79.731
61 66 39.109
61 67 7.81
61 68 20.575
61 69 48.221
61 70 35.939
61 72 18.754
61 73 43.963
61 74 62.248
61 76 82.164
61 77 5.024
61 80 64.173
61 82 73.715
61 83 74.833
61 85 49.125
61 86 27.644
61 87 3.317
61 88 89.855
61 89 19.843
61 90 54.956
61 91 95.453
61 92 20.334
61 97 49.881
61 98 31.627
62 2 94.078
62 3 63.612
62 6 45.336
62 7 74.136
62 8 1.286
62 11 84.063
62 15 93.785
62 16 45.81
62 17 5.709
62 18 69.245
62 19 59.386
62 24 73.152
62 27 28.706
62 28 98.923
62 29 91.165
62 30 72.404
62 32 96.764
62 33 27.101
62 34 77.956
62 35 9.106
62 36 46.899
62 37 21.006
62 38 58.56
62 39 54.277
62 40 33.951
62 42 46.779
62 44 76.166
62 45 38.465
62 48 78.449
62 49 46.09
62 50 14.244
62 51 97.506
62 52 98.241
62 53 51.121
62 54 32.63
62 58 28.304
62 61 63.444
62 62 20.088
62 63 65.443
62 64 93.357
62 65 95.248
62 66 17.158
62 67 86.75
62 70 37.286
62 71 77.061
62 72 61.998
62 73 82.035
62 74 36.957
62 75 2.434
62 76 88.403
62 79 60.704
62 80 48.426
62 82 7.225
62 83 2.916
62 84 3.966
62 86 38.999
62 87 51.242
62 88 91.008
62 89 58.456
62 91 78.946
62 93 18.714
62 98 25.46
63 2 55.823
63 3 2.094
63 4 23.889
63 7 34.706
63 9 12.863
63 10 51.426
63 11 39.259
63 13 34.149
63 14 86.371
63 15 85.715
63 17 87.886
63 18 98.924
63 21 96.773
63 22 47.421
63 23 91.323
63 24 80.115
63 25 85.955
63 28 57.776
63 29 37.979
63 31 26.114
63 32 18.649
63 33 27.444
63 34 81.474
63 37 3.468
63 38 53.862
63 41 81.391
63 43 71.376
63 48 61.958
63 50 49.068
63 53 94.644
63 54 77.331
63 55 17.43
63 56 9.336
63 57 73.037
63 58 83.992
63 59 76.203
63 63 67.332
63 64 24.886
63 65 11.843
63 66 7.555
63 67 53.363
63 68 12.361
63 69 85.166
63 70 41.757
63 71 86.747
63 72 26.42
63 73 52.83
63 74 52.097
63 75 52.133
63 76 24.089
63 77 35.721
63 79 82.142
63 81 59.206
63 82 71.535
63 83 21.078
63 84 55.285
63 87 50.243
63 88 13.088
63 90 59.904
63 91 78.877
63 92 89.129
63 93 58.482
63 94 7.06
63 96 45.262
63 97 2.888
64 0 15.508
64 1 33.212
64 2 2.492
64 4 29.632
64 7 52.532
64 8 33.671
64 11 8.702
64 13 92.09
64 15 39.862
64 16 67.39
64 18 36.171
64 19 57.79
64 20 21.978
64 21 96.652
64 25 97.117
64 26 31.196
64 28 41.572
64 30 87.793
64 31 10.836
64 33 21.888
64 35 18.307
64 37 40.296
64 38 39.228
64 39 14.078
64 40 62.233
64 43 28.992
64 44 86.596
64 45 58.407
64 47 75.95
64 49 61.591
64 50 58.844
64 51 45.705
64 54 61.845
64 55 97.977
64 57 97.174
64 58 61.1
64 59 38.537
64 61 83.307
64 62 63.509
64 63 66.753
64 64 57.299
64 69 3.093
64 70 4.101
64 71 55.216
64 72 75.307
64 73 95.835
64 74 75.746
64 75 10.941
64 76 93.592
64 78 98.861
64 79 14.681
64 80 92.601
64 81 20.848
64 82 32.241
64 85 6.494
64 86 84.949
64 87 21.032
64 88 11.713
64 89 75.136
64 90 93.529
64 91 92.84
64 94 45.167
64 96 84.539
64 97 46.501
64 98 61.604
65 1 93.369
65 2 68.485
65 3 72.487
65 4 24.724
65 5 28.381
65 6 49.082
65 7 95.07
65 8 36.518
65 9 83.031
65 10 16.883
65 11 68.939
65 12 68.07
65 14 78.954
65 15 54.535
65 18 9.559
65 19 25.144
65 21 63.588
65 22 53.105
65 24 20.125
65 26 43.897
65 27 64.001
65 29 4.855
65 30 21.798
65 31 12.075
65 32 75.455
65 33 95.39
65 34 64.037
65 36 10.977
65 37 51.503
65 39 71.846
65 40 68.472
65 42 59.424
65 45 17.313
65 47 26.549
65 48 54.221
65 49 87.432
65 53 56.24
65 54 10.31
65 55 30.811
65 56 42.695
65 57 89.983
65 58 12.186
65 59 15.969
65 60 13.328
65 61 54.99
65 63 91.284
65 64 93.483
65 65 87.991
65 67 37.507
65 68 56.303
65 69 66.222
65 70 66.838
65 71 54.085
65 74 23.259
65 78 86.857
65 80 61.86
65 81 2.492
65 83 64.336
65 88 30.226
65 89 2.548
65 91 36.947
65 95 90.45
65 96 21.202
66 1 30.851
66 2 53.637
66 3 24.116
66 4 20.826
66 6 41.53
66 7 57.548
66 13 77.801
66 14 94.471
66 15 65.921
66 16 52.627
66 17 29.334
66 18 82.928
66 19 79.699
66 20 80.192
66 21 90.79
66 26 16.673
66 27 67.9
66 28 6.786
66 32 43.676
66 33 20.713
66 34 58.936
66 36 15.819
66 43 98.082
66 44 62.651
66 46 29.932
66 47 84.767
66 50 92.631
66 52 67.418
66 53 55.807
66 54 30.481
66 55 7.056
66 56 78.751
66 57 77.328
66 59 27.806
66 60 80.169
66 65 75.198
66 66 79.111
66 74 63.218
66 77 14.337
66 79 27.341
66 81 61.696
66 85 73.362
66 88 88.675
66 89 67.576
66 90 31.754
66 93 83.705
66 96 50.504
66 97 22.786
66 98 96.431
67 0 23.287
67 1 18.316
67 2 50.895
67 3 6.741
67 5 91.968
67 6 80.497
67 7 65.308
67 8 40.127
67 10 44.033
67 11 87.288
67 12 85.323
67 14 76.732
67 15 25.505
67 16 63.612
67 17 90.749
67 20 3.832
67 22 35.375
67 23 5.53
67 24 2.905
67 25 23.492
67 26 54.117
67 27 17.033
67 28 19.042
67 29 66.073
67 30 56.51
67 31 65.81
67 32 7.315
67 33 9.059
67 34 19.472
67 35 61.973
67 36 1.994
67 37 55.977
67 39 9.134
67 40 14.079
67 41 43.019
67 44 61.268
67 45 16.857
67 46 22.402
67 49 59.118
67 52 44.431
67 53 17.386
67 55 45.008
67 56 20.802
67 57 5.671
67 59 91.673
67 62 5.205
67 65 91.403
67 66 53.608
67 68 59.34
67 69 2.942
67 71 76.148
67 72 73.491
67 74 38.945
67 75 7.039
67 76 12.008
67 80 24.425
67 81 28.327
67 82 89.797
67 83 39.048
67 85 52.457
67 86 89.657
67 87 88.567
67 88 24.717
67 89 54.001
67 90 10.332
67 91 47.706
67 92 66.077
67 93 32.324
67 94 53.135
67 95 77.754
67 96 70.417
67 97 86.626
67 98 27.624
68 0 27.251
68 1 23.827
68 3 54.087
68 5 34.128
68 6 74.808
68 7 15.366
68 13 87.857
68 14 85.309
68 15 34.223
68 16 37.049
68 18 1.135
68 19 74.405
68 20 61.494
68 21 52.112
68 22 80.061
68 23 65.092
68 28 7.54
68 29 22.406
68 30 44.014
68 32 83.291
68 33 24.468
68 34 18.866
68 36 36.851
68 37 9.179
68 38 70.317
68 39 33.463
68 41 14.039
68 42 29.369
68 43 50.888
68 45 47.966
68 46 72.269
68 47 73.547
68 48 42.188
68 49 85.641
68 50 52.232
68 51 53.16
68 52 71.323
68 53 73.845
68 54 47.109
68 55 12.174
68 56 83.466
68 57 1.889
68 58 97.874
68 59 98.091
68 60 20.1
68 61 92.76
68 63 6.679
68 64 7.981
68 66 65.907
68 67 91.972
68 68 64.212
68 69 73.251
68 70 83.661
68 71 96.145
68 72 15.084
68 73 39.107
68 74 77.953
68 75 48.682
68 76 75.431
68 77 66.448
68 78 43.456
68 79 92.481
68 80 5.839
68 83 61.035
68 84 49.225
68 85 12.362
68 86 73.34
68 87 61.071
68 88 3.255
68 89 27.717
68 90 10.962
68 91 40.35
68 93 84.227
68 94 11.137
68 96 89.79
68 98 87.327
69 1 8.667
69 2 93.718
69 3 20.925
69 5 43.878
69 7 42.398
69 8 4.957
69 10 43.692
69 11 46.981
69 12 35.081
69 14 53.533
69 15 95.173
69 16 96.354
69 17 71.389
69 21 59.934
69 23 15.422
69 24 31.163
69 25 77.373
69 26 87.241
69 27 4.573
69 28 5.244
69 29 52.238
69 30 60.629
69 31 33.188
69 32 90.459
69 33 9.103
69 36 46.716
69 38 73.41
69 39 96.322
69 40 15.18
69 41 15.294
69 43 4.326
69 45 26.179
69 47 42.253
69 48 25.475
69 49 15.578
69 50 40.919
69 53 32.126
69 58 53.785
69 59 38.533
69 60 86.063
69 61 21.819
69 62 33.641
69 63 29.23
69 64 6.652
69 65 71.547
69 67 73.948
69 68 64.687
69 69 29.635
69 70 33.8
69 71 53.357
69 72 3.794
69 73 73.876
69 74 87.36
69 76 98.992
69 78 45.268
69 79 30.451
69 80 61.082
69 81 88.641
69 82 92.578
69 85 66.46
69 86 32.612
69 87 76.614
69 88 68.441
69 89 20.319
69 92 34.152
69 93 26.862
69 95 13.605
69 96 30.053
69 98 4.878
70 0 72.205
70 2 40.756
70 3 58.827
70 4 40.393
70 5 76.334
70 6 54.901
70 8 61.155
70 9 7.906
70 11 69.243
70 12 71.701
70 16 92.953
70 17 24.53
70 18 52.679
70 19 57.898
70 20 85.553
70 21 24.508
70 22 15.943
70 23 10.924
70 24 81.975
70 25 22.343
70 27 36.275
70 28 55.095
70 29 14.462
70 31 82.475
70 33 30.268
70 34 56.14
70 35 88.038
70 36 19.246
70 37 4.018
70 38 14.9
70 39 66.217
70 40 96.671
70 41 45.85
70 44 31.363
70 46 14.191
70 47 96.998
70 50 73.687
70 51 31.495
70 53 81.875
70 57 79.664
70 58 67.817
70 59 15.401
70 60 16.001
70 61 18.484
70 62 80.246
70 63 12.589
70 64 75.989
70 65 72.328
70 66 4.438
70 67 30.269
70 68 35.868
70 69 40.095
70 70 76.349
70 71 72.045
70 73 65.65
70 77 97.505
70 79 78.488
70 81 56.287
70 84 48.282
70 85 56.318
70 88 8.356
70 91 13.914
70 92 54.455
70 93 68.127
70 94 62.513
70 98 86.481
71 0 92.15
71 2 86.931
71 3 39.331
71 5 86.427
71 7 38.456
71 10 66.792
71 11 75.728
71 12 42.448
71 13 88.156
71 14 30.298
71 15 21.015
71 18 92.999
71 19 82.794
71 20 52.403
71 22 29.704
71 23 61.473
71 24 50.338
71 28 96.609
71 29 20.346
71 32 52.608
71 35 34.51
71 36 7.095
71 37 28.549
71 40 44.488
71 42 55.122
71 43 61.794
71 44 13.942
71 45 47.718
71 47 36.704
71 49 66.711
71 50 38.034
71 51 6.864
71 53 14.804
71 54 67.508
71 55 32.419
71 56 15.328
71 59 8.794
71 63 32.206
71 65 49.504
71 66 97.397
71 67 20.989
71 69 1.537
71 70 65.395
71 71 3.455
71 72 66.91
71 75 46.357
71 78 66.238
71 79 52.88
71 80 18.101
71 81 57.401
71 82 71.127
71 83 64.116
71 85 76.651
71 87 3.621
71 88 23.133
71 92 16.511
71 93 46.567
71 95 5.068
71 97 20.88
71 98 46.04
72 1 42.584
72 2 34.412
72 3 62.916
72 4 72.666
72 7 69.639
72 10 2.436
72 11 14.877
72 12 96.766
72 14 96.716
72 16 7.78
72 18 63.866
72 19 75.256
72 20 58.887
72 22 21.564
72 24 57.52
72 25 62.771
72 26 19.516
72 27 74.779
72 28 55.96
72 30 32.09
72 31 54.789
72 32 75.236
72 33 64.025
72 36 79.229
72 38 89.439
72 39 21.776
72 40 26.973
72 41 4.216
72 43 71.964
72 44 75.415
72 45 14.558
72 46 25.76
72 47 85.545
72 48 6.355
72 49 86.214
72 50 64.255
72 51 71.672
72 52 78.666
72 54 68.01
72 55 70.811
72 56 95.261
72 57 2.099
72 58 79.507
72 59 66.516
72 60 87.266
72 63 6.807
72 65 30.183
72 67 70.789
72 72 7.365
72 73 17.857
72 75 74.4
72 77 28.22
72 78 5.639
72 80 42.157
72 82 91.317
72 83 27.065
72 85 92.259
72 86 1.781
72 87 3.713
72 88 6.265
72 89 15.692
72 90 47.606
72 91 47.653
72 92 10.175
72 93 32.233
72 94 38.161
72 95 62.806
72 96 49.557
72 97 60.329
73 0 93.283
73 2 56.692
73 4 38.698
73 5 64.639
73 6 32.391
73 7 33.644
73 8 28.426
73 9 55.341
73 10 49.027
73 11 35.582
73 13 93.429
73 15 37.535
73 18 12.106
73 19 93.419
73 20 31.506
73 21 33.917
73 22 93.961
73 23 52.044
73 24 84.991
73 27 16.663
73 28 58.069
73 29 43.312
73 30 74.0
73 31 17.414
73 34 96.898
73 35 53.811
73 37 80.737
73 38 90.364
73 39 96.872
73 40 18.517
73 41 52.824
73 42 63.937
73 43 73.638
73 49 94.091
73 51 2.227
73 52 59.31
73 54 31.365
73 55 63.193
73 56 6.734
73 58 41.488
73 59 9.318
73 61 90.574
73 62 76.631
73 63 78.275
73 64 52.403
73 66 22.191
73 67 75.781
73 70 11.743
73 72 80.965
73 73 54.698
73 74 78.162
73 75 22.183
73 77 75.978
73 78 43.537
73 79 91.14
73 80 62.488
73 82 13.34
73 85 46.608
73 86 49.293
73 87 61.495
73 88 46.758
73 89 22.883
73 90 54.565
73 91 86.691
73 93 13.234
73 94 92.53
73 97 91.926
73 98 46.057
74 2 80.253
74 3 29.347
74 4 18.66
74 5 67.628
74 6 48.644
74 7 75.975
74 10 37.705
74 12 61.518
74 13 68.143
74 15 89.216
74 19 11.611
74 20 51.599
74 21 46.287
74 24 35.428
74 25 66.696
74 27 32.968
74 28 42.358
74 29 45.828
74 30 14.226
74 34 72.6
74 35 16.562
74 37 55.841
74 38 32.41
74 39 20.779
74 41 20.03
74 42 32.21
74 44 33.646
74 48 43.487
74 49 15.837
74 51 98.159
74 53 92.859
74 55 73.389
74 56 29.125
74 57 17.641
74 60 57.75
74 61 53.833
74 62 95.863
74 64 47.744
74 65 23.652
74 66 28.438
74 68 69.069
74 69 82.062
74 70 85.622
74 71 77.198
74 72 35.439
74 73 36.626
74 74 90.448
74 75 44.003
74 76 36.99
74 77 34.858
74 79 12.674
74 80 55.891
74 81 19.319
74 82 8.207
74 83 68.274
74 84 65.444
74 85 63.581
74 86 40.958
74 88 71.394
74 89 73.164
74 90 74.104
74 91 56.172
74 92 48.624
74 93 27.474
74 94 48.696
74 95 97.396
74 96 25.678
75 1 73.701
75 2 29.237
75 3 43.242
75 4 94.867
75 5 64.282
75 7 91.017
75 8 66.529
75 9 27.93
75 10 66.042
75 11 68.248
75 14 85.433
75 16 31.866
75 19 34.331
75 20 30.238
75 22 49.134
75 24 80.994
75 25 90.54
75 26 32.758
75 28 43.258
75 30 83.611
75 31 42.377
75 32 84.54
75 33 53.181
75 34 60.468
75 37 82.114
75 39 56.487
75 40 12.648
75 41 41.647
75 42 96.271
75 44 30.497
75 47 82.877
75 48 29.537
75 49 96.913
75 50 52.197
75 52 20.974
75 53 38.601
75 57 31.439
75 58 65.843
75 59 33.491
75 60 18.415
75 61 37.782
75 62 24.997
75 63 74.733
75 65 79.323
75 67 77.808
75 69 49.332
75 71 91.311
75 73 77.4
75 77 14.869
75 78 34.606
75 80 57.006
75 82 27.972
75 83 98.007
75 85 21.136
75 86 3.694
75 88 47.151
75 91 45.176
75 92 31.606
75 93 55.32
75 94 20.087
75 95 7.189
75 98 41.469
76 1 66.731
76 2 18.876
76 3 37.892
76 4 11.977
76 5 85.726
76 6 16.877
76 9 45.929
76 10 62.014
76 11 84.92
76 12 46.47
76 16 34.855
76 17 40.746
76 19 87.551
76 20 13.725
76 22 59.48
76 23 17.61
76 24 3.769
76 25 14.653
76 28 38.142
76 31 7.234
76 32 49.84
76 33 48.861
76 34 67.07
76 35 88.599
76 36 48.944
76 37 41.149
76 40 76.739
76 41 25.446
76 42 30.371
76 43 25.162
76 44 69.797
76 45 82.42
76 46 2.506
76 47 97.759
76 48 47.809
76 49 42.946
76 50 77.344
76 51 91.189
76 52 15.29
76 54 93.16
76 55 71.752
76 56 76.487
76 57 11.9
76 59 66.175
76 60 86.097
76 63 31.397
76 64 3.91
76 66 43.386
76 67 51.103
76 68 21.34
76 70 82.699
76 71 5.969
76 72 33.039
76 73 31.07
76 74 7.222
76 75 30.734
76 78 98.466
76 79 78.597
76 80 45.869
76 86 97.811
76 87 27.689
76 89 58.083
76 92 22.023
76 93 6.758
76 94 97.815
76 96 61.414
76 98 63.461
77 3 1.276
77 5 75.153
77 6 84.768
77 7 63.441
77 10 2.443
77 11 26.915
77 12 5.725
77 14 75.259
77 16 71.52
77 17 92.087
77 18 92.299
77 20 64.824
77 21 62.044
77 22 15.486
77 23 26.128
77 24 53.756
77 26 51.313
77 27 89.42
77 30 81.307
77 31 95.171
77 32 74.255
77 33 59.447
77 34 25.501
77 39 71.394
77 40 59.915
77 42 51.938
77 44 49.652
77 45 93.939
77 48 66.285
77 49 82.173
77 50 46.611
77 51 23.256
77 55 37.959
77 57 87.355
77 58 98.079
77 59 95.163
77 60 89.222
77 61 5.626
77 65 6.703
77 66 68.263
77 67 28.159
77 68 55.491
77 70 98.332
77 73 5.929
77 74 69.311
77 77 14.727
77 78 90.526
77 80 54.164
77 81 35.699
77 82 63.95
77 83 6.975
77 84 42.017
77 85 92.636
77 87 56.633
77 88 83.055
77 89 29.495
77 91 29.66
77 92 59.4
77 93 33.226
77 94 68.348
77 96 91.324
77 98 74.662
78 0 81.028
78 1 41.027
78 4 76.509
78 5 8.224
78 6 38.504
78 8 76.799
78 14 90.488
78 15 82.68
78 16 43.24
78 17 85.739
78 18 3.028
78 21 47.988
78 22 22.004
78 23 98.667
78 25 15.137
78 26 22.342
78 29 58.979
78 30 12.357
78 31 83.348
78 32 44.034
78 34 96.25
78 35 72.504
78 36 49.973
78 37 23.093
78 38 85.084
78 39 21.661
78 40 39.197
78 41 63.021
78 42 66.66
78 44 86.289
78 45 68.056
78 47 23.084
78 48 13.03
78 49 21.307
78 50 95.597
78 51 44.362
78 52 9.134
78 54 80.889
78 56 77.148
78 57 34.81
78 58 37.474
78 59 15.319
78 62 56.728
78 63 77.133
78 64 62.048
78 66 97.422
78 67 84.019
78 72 89.412
78 77 6.308
78 79 12.087
78 80 25.519
78 81 67.532
78 82 44.394
78 83 17.192
78 85 90.436
78 86 64.92
78 88 90.032
78 90 1.588
78 93 13.464
78 94 68.175
78 96 62.683
78 97 11.399
78 98 75.21
79 0 11.13
79 2 47.279
79 3 85.243
79 4 60.628
79 5 40.144
79 7 77.877
79 8 30.91
79 9 87.844
79 10 89.289
79 11 48.301
79 13 8.02
79 15 61.763
79 16 39.642
79 17 49.522
79 19 63.178
79 20 83.135
79 21 87.733
79 22 15.412
79 23 8.611
79 24 35.863
79 25 6.344
79 26 41.764
79 28 50.693
79 29 61.765
79 31 87.776
79 32 93.006
79 33 87.109
79 34 7.239
79 36 69.883
79 37 62.449
79 38 12.85
79 40 82.685
79 41 96.511
79 42 94.197
79 43 44.823
79 44 80.495
79 47 46.729
79 49 16.008
79 50 71.515
79 51 81.301
79 52 24.348
79 53 19.006
79 54 64.615
79 56 52.787
79 57 10.707
79 58 6.827
79 59 43.925
79 60 32.673
79 61 79.443
79 63 92.07
79 66 85.276
79 67 22.523
79 68 23.934
79 70 4.807
79 71 47.233
79 75 80.423
79 76 49.621
79 77 81.262
79 78 96.129
79 79 6.304
79 81 5.059
79 83 30.838
79 85 3.2
79 86 85.155
79 87 10.627
79 90 58.822
79 91 46.42
79 92 86.803
79 93 38.922
79 94 21.237
79 96 21.228
79 97 37.834
79 98 23.652
80 2 52.986
80 3 56.361
80 4 12.138
80 5 73.228
80 6 10.088
80 8 21.635
80 10 20.673
80 11 44.635
80 13 2.932
80 14 50.609
80 15 95.152
80 17 14.038
80 20 37.884
80 22 51.904
80 23 49.275
80 25 90.18
80 26 69.879
80 27 90.606
80 28 74.078
80 29 19.501
80 31 98.798
80 36 67.721
80 37 86.902
80 38 77.007
80 39 68.63
80 41 5.698
80 42 75.923
80 44 45.345
80 46 24.051
80 48 39.528
80 50 50.725
80 53 82.861
80 54 50.086
80 55 19.051
80 56 79.44
80 58 47.166
80 59 30.764
80 60 84.739
80 63 54.182
80 64 91.539
80 65 21.133
80 66 70.006
80 67 95.098
80 69 34.765
80 70 52.972
80 71 92.928
80 72 45.696
80 73 32.162
80 74 26.109
80 76 79.166
80 80 29.755
80 82 8.577
80 83 90.384
80 84 49.492
80 85 91.001
80 86 60.404
80 87 27.735
80 88 47.045
80 90 3.356
80 91 43.341
80 92 70.964
80 94 49.515
80 95 42.001
80 96 32.637
80 98 64.455
81 1 57.339
81 2 26.757
81 3 47.559
81 4 85.411
81 5 45.856
81 7 94.588
81 8 31.704
81 10 55.725
81 12 16.971
81 15 31.934
81 16 96.267
81 17 75.997
81 20 53.726
81 21 35.956
81 22 30.251
81 23 13.871
81 25 3.082
81 26 15.597
81 27 54.83
81 29 40.269
81 31 7.778
81 32 7.22
81 34 31.53
81 36 36.347
81 37 88.43
81 38 66.221
81 39 11.76
81 40 64.405
81 41 52.62
81 45 56.912
81 47 16.444
81 49 94.936
81 50 75.877
81 51 87.754
81 52 72.617
81 53 44.58
81 55 86.42
81 56 30.719
81 59 57.708
81 60 67.289
81 63 92.15
81 66 61.166
81 68 12.721
81 69 62.422
81 70 79.14
81 71 93.334
81 72 90.143
81 73 37.394
81 74 55.397
81 77 60.412
81 78 86.187
81 82 1.84
81 83 7.75
81 84 92.349
81 87 23.035
81 88 6.634
81 92 23.805
81 93 33.932
81 94 79.203
81 95 35.733
81 96 15.023
81 97 14.252
81 98 46.142
82 0 64.553
82 1 90.981
82 2 72.1
82 3 98.876
82 5 81.844
82 6 15.264
82 7 7.674
82 9 96.912
82 11 55.79
82 12 45.443
82 13 17.282
82 14 46.123
82 16 65.512
82 17 87.565
82 19 57.487
82 20 60.286
82 21 17.57
82 23 52.098
82 24 39.077
82 25 86.307
82 26 32.391
82 27 66.808
82 30 61.242
82 31 63.637
82 32 37.772
82 35 8.528
82 36 57.052
82 40 79.471
82 42 56.841
82 44 79.406
82 46 52.54
82 48 46.995
82 49 92.1
82 50 8.971
82 51 72.171
82 52 72.183
82 57 76.097
82 58 55.543
82 59 92.991
82 62 45.09
82 63 89.058
82 66 50.988
82 67 63.194
82 68 75.751
82 69 32.669
82 70 11.385
82 71 85.757
82 72 14.729
82 74 12.338
82 75 16.579
82 78 60.961
82 80 63.802
82 82 38.052
82 83 38.238
82 85 42.189
82 86 96.132
82 87 92.078
82 88 2.468
82 89 76.251
82 91 25.987
82 94 27.769
82 97 63.118
82 98 80.435
83 0 80.176
83 2 80.595
83 3 22.616
83 5 91.897
83 6 45.232
83 7 53.681
83 8 80.596
83 9 82.318
83 10 79.761
83 11 97.738
83 14 3.463
83 15 93.116
83 19 42.682
83 20 64.99
83 24 47.904
83 25 37.331
83 29 52.963
83 34 29.03
83 35 98.782
83 36 45.975
83 37 58.862
83 38 88.957
83 39 83.558
83 40 8.023
83 41 18.349
83 42 85.333
83 43 61.999
83 44 1.65
83 45 91.916
83 46 79.661
83 47 35.192
83 52 70.519
83 53 71.821
83 55 13.24
83 56 42.241
83 58 74.887
83 60 80.451
83 61 16.607
83 62 83.299
83 63 84.748
83 64 62.451
83 67 8.511
83 68 55.108
83 69 84.803
83 74 91.119
83 75 4.947
83 76 61.832
83 78 88.563
83 79 21.033
83 80 67.928
83 81 97.82
83 84 58.734
83 85 11.167
83 86 35.0
83 87 70.043
83 88 52.239
83 89 62.555
83 90 89.176
83 94 5.078
83 96 96.89
83 97 42.447
83 98 34.07
84 0 13.901
84 1 3.206
84 2 3.389
84 5 35.838
84 6 68.279
84 7 57.615
84 8 59.585
84 9 83.186
84 11 14.688
84 12 56.565
84 16 74.214
84 17 68.146
84 20 4.821
84 21 56.547
84 22 46.732
84 24 65.208
84 25 50.8
84 27 32.617
84 33 73.879
84 39 56.393
84 40 47.503
84 41 46.039
84 42 22.846
84 43 10.974
84 45 36.047
84 47 66.649
84 49 89.161
84 53 18.505
84 55 72.814
84 56 57.095
84 60 81.018
84 62 53.749
84 63 82.699
84 64 56.819
84 65 82.009
84 67 62.949
84 68 60.193
84 69 54.835
84 70 39.133
84 73 82.771
84 74 87.186
84 75 34.065
84 79 39.53
84 80 18.016
84 81 28.417
84 83 21.762
84 84 93.467
84 85 80.145
84 86 44.193
84 88 70.886
84 89 38.653
84 90 49.014
84 91 25.401
84 92 65.377
84 93 18.978
84 94 79.405
84 95 17.783
84 96 43.33
84 97 66.114
84 98 17.804
85 3 33.498
85 4 55.732
85 7 32.329
85 8 72.058
85 10 44.103
85 11 68.147
85 13 43.051
85 15 62.449
85 16 49.485
85 17 39.256
85 18 55.096
85 19 2.103
85 20 30.976
85 21 30.78
85 22 86.599
85 24 35.62
85 25 15.856
85 26 8.653
85 27 20.501
85 28 84.455
85 31 56.302
85 32 65.144
85 33 4.495
85 34 84.68
85 35 67.383
85 36 74.994
85 37 64.633
85 40 94.514
85 43 11.083
85 44 65.212
85 45 22.722
85 47 22.424
85 49 54.303
85 50 57.744
85 51 18.503
85 52 49.151
85 54 90.602
85 55 16.795
85 57 1.837
85 58 18.871
85 59 50.798
85 60 91.911
85 61 90.177
85 62 75.966
85 63 40.791
85 64 49.549
85 66 35.924
85 67 19.235
85 68 63.55
85 70 8.06
85 71 84.562
85 72 83.484
85 73 55.884
85 74 49.921
85 77 88.664
85 78 35.052
85 80 19.893
85 81 51.426
85 82 58.074
85 83 11.614
85 85 71.663
85 86 28.462
85 87 20.807
85 89 58.171
85 91 43.033
85 92 77.557
85 93 78.385
85 94 65.264
85 95 57.074
86 0 74.501
86 1 64.899
86 2 12.152
86 3 67.791
86 4 52.09
86 7 60.402
86 8 83.608
86 12 67.214
86 14 23.174
86 18 67.534
86 19 90.069
86 20 89.588
86 21 44.161
86 23 61.095
86 24 23.092
86 25 14.015
86 26 72.235
86 27 46.894
86 29 25.046
86 30 15.222
86 32 60.647
86 34 39.395
86 36 1.517
86 40 95.553
86 41 86.333
86 42 5.267
86 43 43.125
86 45 73.384
86 46 89.064
86 47 48.208
86 48 61.775
86 49 27.126
86 51 92.89
86 52 46.801
86 54 37.561
86 55 17.189
86 57 42.385
86 58 59.268
86 59 92.01
86 60 23.621
86 62 71.088
86 63 53.818
86 64 79.181
86 65 1.496
86 68 47.022
86 69 49.477
86 70 82.124
86 71 23.82
86 72 66.378
86 73 41.081
86 74 51.348
86 75 80.483
86 77 73.347
86 78 52.14
86 79 93.037
86 80 57.772
86 81 72.924
86 82 17.634
86 83 57.76
86 84 53.219
86 85 96.383
86 86 11.788
86 88 92.335
86 89 62.669
86 90 36.189
86 93 4.524
86 94 45.136
86 95 31.725
86 97 10.424
86 98 85.209
87 0 44.64
87 2 87.292
87 4 30.042
87 5 80.576
87 6 24.301
87 7 34.4
87 11 57.402
87 12 27.114
87 15 91.57
87 17 37.041
87 19 52.282
87 20 21.004
87 21 9.887
87 22 80.402
87 23 68.723
87 24 81.416
87 25 67.753
87 27 9.098
87 29 91.822
87 33 52.271
87 34 25.494
87 36 24.661
87 37 75.932
87 38 11.078
87 40 53.239
87 41 87.547
87 42 44.656
87 44 62.752
87 45 87.966
87 46 11.06
87 47 5.69
87 48 12.428
87 49 62.64
87 51 48.626
87 52 16.057
87 53 61.337
87 54 62.904
87 55 77.767
87 56 78.967
87 58 45.169
87 59 94.263
87 60 33.644
87 61 89.506
87 64 32.37
87 65 33.887
87 66 79.51
87 74 17.075
87 75 59.211
87 76 60.246
87 77 15.125
87 78 26.383
87 79 50.374
87 81 27.172
87 82 61.478
87 84 79.754
87 86 42.575
87 87 79.445
87 88 84.111
87 89 50.75
87 92 89.842
87 93 95.351
87 95 47.56
87 96 91.159
87 97 90.49
87 98 43.028
88 0 35.862
88 3 37.425
88 4 87.404
88 5 85.785
88 6 19.514
88 7 18.297
88 8 19.904
88 11 81.409
88 13 92.565
88 14 7.034
88 15 60.309
88 18 35.595
88 19 72.794
88 21 27.422
88 22 45.646
88 23 26.885
88 25 40.976
88 27 66.017
88 28 51.853
88 29 66.151
88 30 1.556
88 31 25.597
88 33 19.758
88 34 42.283
88 35 37.079
88 36 6.974
88 37 63.04
88 39 39.995
88 40 95.892
88 41 75.878
88 42 8.838
88 43 40.685
88 44 56.812
88 45 34.817
88 46 84.038
88 47 24.726
88 48 20.693
88 50 8.85
88 52 87.62
88 53 38.597
88 54 34.048
88 55 69.521
88 57 65.963
88 59 97.57
88 60 58.008
88 61 18.292
88 62 45.564
88 64 38.813
88 65 97.189
88 66 24.982
88 68 64.945
88 69 85.153
88 70 9.456
88 72 97.736
88 73 15.069
88 77 54.237
88 78 53.687
88 79 2.239
88 80 49.702
88 81 89.416
88 83 80.179
88 84 84.434
88 85 14.529
88 86 67.575
88 87 63.204
88 88 53.774
88 89 50.738
88 90 77.547
88 91 43.35
88 93 83.893
88 95 26.218
88 97 83.458
89 0 80.589
89 1 72.657
89 2 22.087
89 6 19.839
89 8 62.59
89 9 57.882
89 10 51.761
89 14 58.624
89 16 70.879
89 18 4.017
89 19 9.888
89 22 57.777
89 25 84.918
89 29 65.69
89 30 94.127
89 31 36.807
89 32 95.272
89 33 8.34
89 34 8.05
89 36 54.844
89 37 15.532
89 38 91.171
89 39 21.528
89 40 68.898
89 42 67.338
89 45 67.8
89 47 91.187
89 48 46.333
89 49 74.053
89 50 31.144
89 54 87.573
89 55 91.12
89 56 44.971
89 57 95.36
89 59 60.569
89 60 8.446
89 63 24.344
89 65 9.625
89 67 32.325
89 68 81.785
89 69 7.225
89 70 97.217
89 71 56.267
89 72 97.483
89 73 30.69
89 75 3.466
89 76 79.908
89 77 52.999
89 78 5.791
89 80 46.202
89 81 13.993
89 83 13.408
89 85 55.597
89 87 71.601
89 88 30.149
89 89 32.204
89 93 14.354
89 94 71.8
90 0 32.598
90 2 90.183
90 4 65.703
90 5 18.492
90 7 20.568
90 8 18.42
90 9 90.316
90 10 20.212
90 11 25.964
90 14 49.236
90 15 44.685
90 16 39.514
90 17 10.144
90 19 97.198
90 20 24.049
90 21 96.297
90 25 67.091
90 26 73.603
90 27 91.449
90 29 98.815
90 30 39.548
90 31 91.044
90 32 72.639
90 33 27.597
90 35 25.697
90 36 87.439
90 37 75.209
90 39 74.012
90 40 98.498
90 41 91.664
90 44 15.207
90 45 51.133
90 46 55.189
90 47 47.978
90 51 90.181
90 53 46.579
90 56 58.747
90 59 91.233
90 60 32.625
90 62 72.738
90 63 38.762
90 65 36.915
90 66 3.053
90 67 98.211
90 68 79.964
90 69 24.801
90 70 49.868
90 71 24.24
90 72 28.134
90 73 20.093
90 74 18.142
90 76 13.692
90 77 98.067
90 78 35.165
90 80 12.188
90 83 18.984
90 84 52.376
90 85 54.37
90 88 18.66
90 89 43.246
90 90 43.242
90 92 3.897
90 93 73.659
90 94 15.421
90 95 52.1
90 98 56.255
91 0 51.928
91 1 55.313
91 2 60.469
91 5 43.051
91 6 68.6
91 7 27.952
91 8 74.004
91 9 68.767
91 11 66.931
91 14 19.839
91 15 89.975
91 16 35.055
91 17 81.736
91 18 90.102
91 19 59.507
91 20 89.136
91 21 41.437
91 23 90.272
91 24 91.747
91 25 95.829
91 26 11.995
91 27 15.523
91 29 66.981
91 31 81.09
91 32 71.379
91 33 45.159
91 34 69.984
91 35 92.028
91 36 64.052
91 37 58.104
91 38 88.199
91 39 9.63
91 40 25.084
91 43 43.259
91 45 37.022
91 48 65.608
91 49 86.463
91 50 83.255
91 52 29.7
91 53 2.751
91 55 45.913
91 57 46.719
91 58 45.607
91 60 97.122
91 61 56.686
91 69 38.38
91 70 18.534
91 71 85.887
91 72 94.717
91 73 63.148
91 74 40.747
91 75 53.344
91 77 25.178
91 78 33.091
91 79 18.726
91 81 63.828
91 82 7.231
91 84 95.192
91 85 88.572
91 86 35.542
91 87 74.37
91 88 66.586
91 89 91.185
91 90 25.938
91 92 30.526
91 93 56.52
91 96 51.587
91 98 75.189
92 1 95.171
92 3 29.988
92 4 73.749
92 6 78.272
92 12 42.052
92 14 77.76
92 17 13.865
92 18 9.596
92 20 50.115
92 21 66.243
92 22 23.991
92 23 55.861
92 25 81.124
92 27 51.585
92 28 26.322
92 29 19.668
92 30 56.894
92 31 60.498
92 33 57.219
92 34 21.608
92 35 92.338
92 36 68.212
92 37 62.582
92 38 9.222
92 40 44.007
92 41 26.162
92 42 70.679
92 43 83.035
92 44 91.551
92 45 35.592
92 46 46.661
92 49 53.466
92 50 45.413
92 53 87.204
92 54 76.56
92 55 52.693
92 56 85.481
92 57 17.291
92 61 23.366
92 62 56.192
92 63 58.802
92 65 66.188
92 68 60.084
92 70 24.535
92 72 61.692
92 74 17.998
92 77 82.613
92 78 28.181
92 79 28.026
92 80 62.97
92 81 97.515
92 82 39.345
92 84 4.419
92 85 60.408
92 86 33.416
92 88 36.486
92 89 94.165
92 91 59.641
92 95 84.404
92 96 6.079
92 97 47.367
92 98 34.518
93 0 85.607
93 1 97.651
93 2 61.665
93 4 42.508
93 5 42.243
93 6 51.927
93 7 5.907
93 10 14.068
93 13 13.685
93 15 26.699
93 17 30.901
93 18 42.658
93 20 98.725
93 22 52.479
93 23 54.181
93 28 88.282
93 31 26.532
93 33 56.695
93 37 24.515
93 38 60.684
93 39 8.337
93 41 95.312
93 44 47.528
93 45 1.921
93 47 84.488
93 48 47.562
93 52 71.115
93 53 75.138
93 54 84.074
93 55 90.191
93 57 6.201
93 59 40.415
93 62 4.126
93 65 51.281
93 67 56.674
93 69 66.371
93 70 86.569
93 71 91.161
93 72 51.354
93 73 46.436
93 74 2.814
93 75 62.507
93 76 84.039
93 78 27.745
93 79 88.663
93 80 53.133
93 84 53.509
93 85 62.655
93 86 2.146
93 88 13.56
93 89 39.102
93 90 84.785
93 91 29.987
93 92 68.256
93 94 73.155
93 95 36.773
93 97 93.568
94 1 44.96
94 3 2.905
94 4 62.879
94 5 8.438
94 6 64.064
94 8 58.231
94 9 75.676
94 10 87.928
94 11 25.782
94 12 60.863
94 14 54.282
94 15 46.655
94 16 43.153
94 17 55.283
94 18 3.014
94 21 76.937
94 23 14.517
94 24 2.069
94 25 46.468
94 26 77.606
94 28 92.176
94 29 33.778
94 30 56.352
94 31 63.871
94 33 3.441
94 34 23.815
94 37 71.531
94 38 85.431
94 42 11.373
94 43 73.535
94 44 94.58
94 45 22.477
94 46 80.948
94 48 64.383
94 49 9.154
94 52 33.913
94 53 62.298
94 55 97.914
94 57 2.612
94 58 25.55
94 59 43.076
94 60 39.207
94 61 88.17
94 62 61.687
94 64 29.939
94 65 74.856
94 69 65.642
94 70 12.998
94 72 68.456
94 74 27.483
94 75 10.963
94 76 37.384
94 77 89.112
94 78 30.966
94 79 27.799
94 80 70.938
94 82 86.901
94 83 18.839
94 85 21.268
94 86 6.833
94 87 75.756
94 89 26.969
94 91 48.981
94 94 17.707
94 95 80.658
94 96 69.23
94 97 41.328
95 0 82.598
95 5 46.359
95 6 90.249
95 7 74.879
95 9 46.146
95 11 72.81
95 12 61.445
95 13 20.309
95 19 9.73
95 20 20.691
95 21 41.947
95 22 36.701
95 23 50.732
95 24 10.678
95 26 10.023
95 29 44.928
95 31 76.82
95 33 71.914
95 34 59.506
95 35 2.276
95 36 58.654
95 37 98.786
95 38 27.57
95 39 8.358
95 40 29.736
95 42 35.459
95 43 75.756
95 45 15.885
95 46 74.564
95 47 62.78
95 49 97.095
95 50 1.611
95 51 51.396
95 54 26.04
95 55 4.434
95 56 59.848
95 57 79.282
95 58 85.524
95 59 67.048
95 61 44.342
95 62 55.327
95 63 95.054
95 64 14.864
95 65 90.203
95 67 82.131
95 68 43.401
95 69 5.404
95 70 33.091
95 71 2.827
95 73 1.085
95 74 9.387
95 75 57.47
95 77 8.564
95 78 84.575
95 79 6.535
95 80 59.874
95 81 31.519
95 84 15.883
95 86 68.898
95 87 34.968
95 88 83.623
95 89 96.051
95 90 19.588
95 91 72.636
95 92 18.93
95 93 66.081
95 94 39.732
95 95 53.21
95 96 19.293
96 0 40.741
96 3 86.653
96 10 19.397
96 11 53.907
96 12 31.387
96 13 55.614
96 14 56.931
96 16 53.342
96 17 88.236
96 19 6.302
96 21 48.181
96 22 78.631
96 23 91.717
96 24 86.936
96 28 68.966
96 29 92.969
96 30 81.881
96 33 10.045
96 34 92.826
96 35 3.932
96 36 55.723
96 37 62.663
96 38 68.191
96 39 84.106
96 40 57.914
96 42 40.443
96 46 67.793
96 47 30.385
96 49 53.021
96 50 79.257
96 52 46.372
96 53 48.532
96 54 54.089
96 55 84.607
96 56 8.151
96 57 78.495
96 58 86.171
96 61 81.714
96 62 81.348
96 63 98.041
96 65 16.205
96 67 12.045
96 68 35.021
96 70 66.215
96 72 97.05
96 73 12.744
96 74 97.476
96 75 14.344
96 76 11.774
96 77 24.677
96 78 3.811
96 79 26.238
96 80 77.614
96 82 84.769
96 83 76.78
96 84 80.447
96 85 89.484
96 86 71.949
96 88 31.046
96 89 31.474
96 92 4.545
96 93 6.172
96 94 30.541
96 95 82.138
96 96 31.839
96 97 75.339
97 3 42.312
97 4 70.574
97 5 55.072
97 6 25.605
97 8 59.599
97 11 60.942
97 13 16.272
97 14 61.509
97 16 2.547
97 17 39.316
97 18 35.481
97 20 89.143
97 22 64.556
97 23 23.569
97 24 88.747
97 26 5.15
97 28 97.284
97 29 91.595
97 30 65.457
97 31 38.716
97 32 61.597
97 33 27.65
97 36 4.391
97 37 48.703
97 39 84.618
97 41 23.522
97 42 37.463
97 43 61.533
97 44 32.639
97 45 36.201
97 46 81.278
97 50 65.815
97 51 13.161
97 52 79.156
97 54 58.136
97 55 13.527
97 58 53.912
97 60 43.569
97 62 37.245
97 63 37.242
97 64 96.23
97 65 58.249
97 67 68.107
97 68 37.419
97 70 64.988
97 71 74.159
97 72 92.27
97 75 28.686
97 76 61.293
97 79 85.875
97 80 44.61
97 81 54.188
97 82 49.813
97 83 58.953
97 85 26.496
97 86 4.433
97 89 68.002
97 90 24.28
97 91 56.144
97 92 56.998
97 93 31.637
97 95 73.562
97 98 14.373
98 0 37.971
98 2 47.734
98 3 8.657
98 5 48.96
98 9 66.467
98 10 26.672
98 11 57.646
98 12 65.625
98 13 31.085
98 20 53.462
98 21 40.442
98 22 1.786
98 23 13.655
98 24 89.791
98 26 17.746
98 27 31.218
98 28 26.293
98 30 85.45
98 31 1.919
98 32 98.871
98 34 9.246
98 35 54.037
98 36 90.242
98 37 9.432
98 38 67.543
98 39 93.259
98 40 97.052
98 41 92.509
98 42 16.866
98 43 64.001
98 44 48.512
98 46 24.703
98 48 60.747
98 50 82.476
98 53 59.952
98 54 25.134
98 55 28.066
98 56 91.454
98 57 65.329
98 58 22.322
98 59 22.47
98 60 2.458
98 62 96.054
98 63 7.129
98 64 18.285
98 67 59.76
98 69 10.997
98 71 83.289
98 74 20.369
98 75 88.797
98 77 55.863
98 80 40.053
98 81 80.475
98 82 11.678
98 86 12.876
98 87 7.091
98 89 21.193
98 90 57.217
98 91 18.406
98 92 96.082
98 93 67.448
98 94 42.696
98 95 66.093
98 96 54.504
98 98 85.174
