100
0 1 0.5
0 7 1.25
1 3 0.55
2 9 1.15
2 31 1.15
3 5 0.8
3 14 3.25
4 13 3.05
5 20 4.15
6 7 0.75
7 8 0.75
8 16 4.25
8 32 1.25
9 17 3.5
10 13 0.5
10 15 0.6
11 12 0.8
11 33 1.15
12 15 0.75
13 18 3.5
13 51 0.85
14 24 2.7
15 21 2.75
15 22 3.35
16 21 2.8
16 37 1.15
16 43 0.2
17 21 0.65
17 43 2.7
18 25 2.6
18 51 2.05
19 23 2.9
19 24 0.5
20 23 1.15
20 27 2.6
21 28 2.75
21 29 0.75
22 28 2.75
23 24 2.4
25 54 2.5
26 27 0.5
27 61 3.5
28 57 0.3
30 43 2.95
30 44 3.55
30 58 0.6
30 80 2.7
32 35 3.2
33 37 3.33
34 35 0.75
34 40 2.9
35 38 0.3
36 39 2.7
36 40 2.9
38 43 3.45
38 48 4.05
38 50 3.55
40 41 0.7
40 42 1.15
40 45 1.25
41 45 0.5
42 44 1.05
42 46 1.15
45 52 2.3
47 48 0.65
47 49 0.7
47 82 0.87
48 49 0.95
49 73 0.9
52 80 3.15
53 56 0.7
54 55 2.5
54 63 2.9
56 57 0.6
56 62 2.75
57 58 0.65
58 59 0.45
58 74 3.1
59 60 0.5
60 61 2.6
60 64 3.3
60 69 2.7
60 72 1.5
63 65 0.9
64 66 0.8
64 88 2.5
65 67 2.4
66 89 2.2
66 91 2.8
67 71 2.3
68 69 1.0
69 90 2.6
70 97 2.9
71 74 2.9
72 76 2.9
72 80 3.1
74 79 0.6
75 84 0.9
76 77 0.35
76 91 3.5
77 86 1.0
77 93 0.9
77 94 2.7
78 80 3.6
78 87 1.3
81 82 0.7
81 83 0.75
81 84 2.7
85 87 0.95
87 95 3.2
88 99 1.2
89 99 1.45
90 92 3.6
90 97 1.1
90 98 1.1
93 96 1.5