99
0 1 5.047
0 2 4.676
0 3 3.634
0 4 5.621
0 5 4.358
0 6 4.502
0 7 4.825
0 8 3.448
0 9 4.394
0 10 5.782
0 11 5.041
0 12 5.66
0 13 5.65
0 14 4.315
0 15 6.191
0 16 5.378
0 17 5.914
0 18 5.36
0 19 5.267
0 20 5.302
0 21 4.719
0 22 6.774
0 23 3.49
0 24 2.826
0 25 5.399
0 26 5.587
0 27 4.987
0 28 6.649
0 29 5.874
0 30 3.068
0 31 5.188
0 32 4.464
0 33 1.564
0 34 1.444
1 2 5.454
1 3 5.656
1 4 5.24
1 5 4.751
1 6 5.464
1 7 4.117
1 8 6.103
1 9 6.401
1 10 5.211
1 11 3.847
1 12 5.479
1 13 5.521
1 14 4.124
1 15 3.202
1 16 4.261
1 17 5.254
1 18 3.275
1 19 5.261
1 20 4.33
1 21 3.011
1 22 6.341
1 23 5.938
1 24 5.174
1 25 5.072
1 26 3.718
1 27 6.724
1 28 3.558
1 29 6.88
1 30 4.237
1 31 5.676
1 32 5.765
1 35 2.944
1 36 3.697
2 3 7.929
2 4 5.166
2 5 4.331
2 6 6.396
2 7 4.688
2 8 4.461
2 9 2.894
2 10 4.456
2 11 5.45
2 12 5.66
2 13 4.24
2 14 4.833
2 15 5.581
2 16 4.524
2 17 5.279
2 18 4.141
2 19 4.796
2 20 3.794
2 21 3.721
2 22 3.896
2 23 6.713
2 24 6.718
2 25 5.859
2 26 5.275
2 27 4.741
2 28 5.572
2 29 5.615
2 30 4.876
2 31 4.028
2 32 5.154
2 37 2.474
2 38 0.971
3 4 4.767
3 5 5.459
3 6 4.757
3 7 5.343
3 8 3.325
3 9 6.071
3 10 3.217
3 11 5.78
3 12 5.593
3 13 5.11
3 14 6.278
3 15 4.771
3 16 5.274
3 17 6.381
3 18 7.13
3 19 4.431
3 20 5.857
3 21 3.253
3 22 5.756
3 23 5.205
3 24 6.001
3 25 6.385
3 26 4.474
3 27 5.649
3 28 4.016
3 29 3.398
3 30 5.295
3 31 4.984
3 32 6.699
3 39 3.058
3 40 3.463
4 5 4.809
4 6 3.674
4 7 4.189
4 8 6.467
4 9 5.464
4 10 5.126
4 11 5.282
4 12 5.883
4 13 4.426
4 14 3.803
4 15 5.523
4 16 4.136
4 17 5.114
4 18 4.976
4 19 5.98
4 20 3.388
4 21 5.301
4 22 4.982
4 23 4.698
4 24 4.595
4 25 3.81
4 26 6.419
4 27 4.232
4 28 5.636
4 29 6.364
4 30 3.966
4 31 5.602
4 32 4.929
4 41 2.72
4 42 2.981
5 6 4.221
5 7 3.98
5 8 5.297
5 9 3.983
5 10 5.105
5 11 6.014
5 12 3.93
5 13 7.393
5 14 5.54
5 15 5.697
5 16 4.693
5 17 5.072
5 18 5.29
5 19 5.484
5 20 7.005
5 21 5.797
5 22 4.012
5 23 5.308
5 24 3.927
5 25 5.235
5 26 7.301
5 27 5.402
5 28 6.849
5 29 5.574
5 30 5.831
5 31 5.836
5 32 5.172
5 43 3.05
5 44 4.35
6 7 3.523
6 8 4.5
6 9 4.385
6 10 4.899
6 11 4.345
6 12 5.302
6 13 5.094
6 14 5.033
6 15 5.404
6 16 5.247
6 17 6.26
6 18 3.486
6 19 3.668
6 20 3.871
6 21 6.176
6 22 4.404
6 23 3.37
6 24 5.372
6 25 5.676
6 26 6.839
6 27 4.733
6 28 6.625
6 29 5.266
6 30 6.024
6 31 4.405
6 32 5.928
6 45 3.682
6 46 1.167
7 8 4.13
7 9 5.044
7 10 3.923
7 11 4.637
7 12 4.12
7 13 4.566
7 14 4.9
7 15 4.489
7 16 5.405
7 17 3.054
7 18 5.667
7 19 4.894
7 20 5.216
7 21 4.228
7 22 4.591
7 23 5.037
7 24 4.941
7 25 3.602
7 26 5.064
7 27 5.201
7 28 4.459
7 29 3.226
7 30 3.476
7 31 4.625
7 32 5.806
7 47 2.721
7 48 3.355
8 9 4.458
8 10 5.181
8 11 5.066
8 12 5.384
8 13 3.855
8 14 7.023
8 15 2.614
8 16 7.306
8 17 6.651
8 18 5.034
8 19 2.65
8 20 3.312
8 21 4.176
8 22 4.799
8 23 4.101
8 24 4.714
8 25 5.372
8 26 5.275
8 27 4.44
8 28 4.898
8 29 5.002
8 30 5.413
8 31 4.767
8 32 4.267
8 49 2.044
8 50 2.407
9 10 5.382
9 11 5.343
9 12 4.725
9 13 3.826
9 14 4.503
9 15 6.63
9 16 5.444
9 17 4.589
9 18 5.449
9 19 5.967
9 20 4.81
9 21 4.059
9 22 6.863
9 23 5.586
9 24 4.445
9 25 5.57
9 26 6.342
9 27 4.443
9 28 4.624
9 29 5.684
9 30 5.21
9 31 5.716
9 32 6.36
9 51 3.248
9 52 3.257
10 11 5.998
10 12 6.487
10 13 8.106
10 14 5.668
10 15 6.178
10 16 6.035
10 17 4.223
10 18 5.499
10 19 4.971
10 20 5.097
10 21 6.852
10 22 4.188
10 23 7.288
10 24 3.651
10 25 4.168
10 26 5.197
10 27 5.684
10 28 5.115
10 29 3.528
10 30 3.142
10 31 5.596
10 32 6.57
10 53 1.679
10 54 2.476
11 12 3.52
11 13 4.432
11 14 4.329
11 15 5.665
11 16 5.492
11 17 6.665
11 18 3.36
11 19 4.983
11 20 5.842
11 21 2.789
11 22 3.792
11 23 5.424
11 24 4.623
11 25 5.139
11 26 7.336
11 27 4.551
11 28 6.426
11 29 3.78
11 30 3.496
11 31 5.884
11 32 4.608
11 55 2.442
11 56 4.426
12 13 6.657
12 14 3.989
12 15 3.777
12 16 5.092
12 17 3.557
12 18 6.36
12 19 5.727
12 20 4.888
12 21 5.049
12 22 4.466
12 23 6.239
12 24 5.308
12 25 4.603
12 26 6.21
12 27 3.214
12 28 4.455
12 29 3.734
12 30 6.304
12 31 5.597
12 32 2.851
12 57 3.5
12 58 0.484
13 14 6.104
13 15 4.114
13 16 3.826
13 17 3.291
13 18 4.617
13 19 4.911
13 20 4.625
13 21 4.222
13 22 4.27
13 23 3.235
13 24 6.074
13 25 4.894
13 26 4.521
13 27 4.528
13 28 6.104
13 29 6.116
13 30 5.537
13 31 4.37
13 32 5.884
13 59 0.597
13 60 3.513
14 15 4.162
14 16 6.324
14 17 4.192
14 18 4.984
14 19 6.203
14 20 4.971
14 21 5.965
14 22 3.961
14 23 4.29
14 24 4.157
14 25 5.388
14 26 4.218
14 27 5.565
14 28 5.681
14 29 3.854
14 30 3.969
14 31 4.297
14 32 4.905
14 61 3.109
14 62 4.165
15 16 4.156
15 17 5.06
15 18 5.322
15 19 4.042
15 20 5.285
15 21 5.07
15 22 3.911
15 23 5.389
15 24 6.362
15 25 5.736
15 26 4.738
15 27 5.016
15 28 5.595
15 29 6.246
15 30 4.517
15 31 6.027
15 32 5.626
15 63 1.771
15 64 2.973
16 17 5.801
16 18 4.189
16 19 4.918
16 20 5.751
16 21 3.393
16 22 6.206
16 23 5.798
16 24 4.888
16 25 4.154
16 26 4.707
16 27 5.563
16 28 4.596
16 29 4.736
16 30 3.816
16 31 5.743
16 32 5.538
16 65 4.065
16 66 3.069
17 18 5.824
17 19 6.186
17 20 5.106
17 21 3.799
17 22 6.363
17 23 5.501
17 24 6.924
17 25 6.351
17 26 2.747
17 27 4.872
17 28 5.799
17 29 5.015
17 30 3.897
17 31 2.165
17 32 5.347
17 67 1.7
17 68 2.93
18 19 4.596
18 20 5.257
18 21 3.629
18 22 3.483
18 23 3.284
18 24 5.965
18 25 5.368
18 26 4.459
18 27 3.832
18 28 4.988
18 29 4.333
18 30 4.694
18 31 4.289
18 32 6.053
18 69 2.165
18 70 1.959
19 20 4.024
19 21 5.859
19 22 5.204
19 23 5.184
19 24 5.974
19 25 5.734
19 26 4.944
19 27 3.333
19 28 4.337
19 29 6.313
19 30 3.923
19 31 4.561
19 32 6.628
19 71 2.581
19 72 3.418
20 21 2.827
20 22 4.699
20 23 3.673
20 24 4.498
20 25 4.092
20 26 7.346
20 27 5.434
20 28 7.207
20 29 5.009
20 30 5.365
20 31 5.968
20 32 3.98
20 73 0.87
20 74 3.666
21 22 3.785
21 23 4.679
21 24 5.094
21 25 3.767
21 26 5.004
21 27 3.234
21 28 4.66
21 29 5.89
21 30 4.19
21 31 4.876
21 32 4.678
21 75 1.967
21 76 3.538
22 23 6.342
22 24 4.27
22 25 6.609
22 26 6.406
22 27 4.734
22 28 3.582
22 29 5.49
22 30 5.698
22 31 5.099
22 32 4.223
22 77 3.329
22 78 2.948
23 24 4.483
23 25 3.804
23 26 5.176
23 27 4.859
23 28 4.62
23 29 3.798
23 30 3.734
23 31 4.197
23 32 5.82
23 79 2.089
23 80 3.037
24 25 4.457
24 26 6.177
24 27 6.463
24 28 6.309
24 29 3.849
24 30 7.101
24 31 5.143
24 32 3.529
24 81 3.92
24 82 2.249
25 26 5.83
25 27 4.64
25 28 3.984
25 29 6.901
25 30 5.755
25 31 6.9
25 32 3.964
25 83 1.58
25 84 2.41
26 27 5.557
26 28 6.409
26 29 6.166
26 30 4.113
26 31 4.449
26 32 4.838
26 85 2.794
26 86 3.611
27 28 4.504
27 29 3.923
27 30 3.548
27 31 4.017
27 32 4.979
27 87 5.963
27 88 4.355
28 29 6.327
28 30 6.76
28 31 5.818
28 32 6.019
28 89 4.134
28 90 4.254
29 30 4.494
29 31 5.152
29 32 5.337
29 91 2.179
29 92 2.877
30 31 6.241
30 32 6.49
30 93 1.648
30 94 3.071
31 32 5.377
31 95 2.88
31 96 3.51
32 97 2.794
32 98 3.132
33 35 2.741
34 36 3.982
37 39 3.425
38 40 2.382
41 43 2.783
42 44 2.48
45 47 1.571
46 48 2.084
49 51 4.082
50 52 3.394
53 55 1.494
54 56 2.963
57 59 2.626
58 60 2.545
61 63 4.12
62 64 3.936
65 67 3.49
66 68 2.817
69 71 3.533
70 72 1.929
73 75 2.098
74 76 3.364
77 79 1.111
78 80 5.872
81 83 3.517
82 84 3.571
85 87 2.115
86 88 1.908
89 91 2.146
90 92 3.439
93 95 3.216
94 96 1.98