99
0 1 6.384
0 2 4.649
0 3 6.574
0 4 5.918
0 5 6.68
0 6 3.889
0 7 7.338
0 8 4.142
0 9 5.419
0 10 3.927
0 11 4.596
0 12 4.869
0 13 4.883
0 14 4.2
0 15 5.484
0 16 4.005
0 17 3.366
0 18 3.883
0 19 5.636
0 20 5.078
0 21 5.206
0 22 5.171
0 23 5.084
0 24 6.016
0 25 5.87
0 26 4.856
0 27 4.901
0 28 5.309
0 29 6.698
0 30 5.278
0 31 5.602
0 32 5.649
0 33 2.4
0 34 3.71
1 2 4.219
1 3 5.527
1 4 5.141
1 5 5.71
1 6 4.115
1 7 5.714
1 8 5.89
1 9 6.441
1 10 4.571
1 11 5.837
1 12 5.241
1 13 4.562
1 14 6.018
1 15 6.312
1 16 6.862
1 17 4.436
1 18 6.337
1 19 5.197
1 20 3.584
1 21 5.215
1 22 4.32
1 23 5.427
1 24 3.873
1 25 5.85
1 26 3.338
1 27 4.783
1 28 3.954
1 29 3.33
1 30 4.357
1 31 5.87
1 32 4.915
1 35 6.066
1 36 3.798
2 3 4.578
2 4 6.279
2 5 3.748
2 6 4.899
2 7 5.606
2 8 4.856
2 9 5.152
2 10 4.711
2 11 5.897
2 12 4.134
2 13 5.041
2 14 5.145
2 15 4.898
2 16 4.917
2 17 3.704
2 18 6.76
2 19 5.604
2 20 4.768
2 21 4.417
2 22 5.019
2 23 5.12
2 24 4.428
2 25 3.864
2 26 4.588
2 27 4.279
2 28 4.014
2 29 4.728
2 30 5.325
2 31 5.23
2 32 6.009
2 37 4.449
2 38 3.461
3 4 5.018
3 5 5.226
3 6 5.939
3 7 4.22
3 8 4.682
3 9 5.815
3 10 4.297
3 11 6.412
3 12 3.353
3 13 4.463
3 14 4.464
3 15 4.26
3 16 4.324
3 17 5.237
3 18 3.328
3 19 5.287
3 20 4.925
3 21 6.0
3 22 5.206
3 23 4.843
3 24 4.594
3 25 4.989
3 26 5.581
3 27 4.492
3 28 5.686
3 29 4.592
3 30 7.141
3 31 3.718
3 32 7.212
3 39 2.563
3 40 3.694
4 5 5.228
4 6 6.313
4 7 2.618
4 8 5.331
4 9 5.098
4 10 6.394
4 11 4.166
4 12 3.772
4 13 5.595
4 14 4.04
4 15 5.468
4 16 6.862
4 17 5.955
4 18 5.119
4 19 4.82
4 20 4.679
4 21 4.056
4 22 7.394
4 23 4.817
4 24 4.903
4 25 7.193
4 26 3.878
4 27 5.127
4 28 7.28
4 29 5.791
4 30 5.501
4 31 4.712
4 32 4.823
4 41 4.315
4 42 2.02
5 6 4.43
5 7 4.061
5 8 5.916
5 9 4.669
5 10 4.68
5 11 5.253
5 12 3.891
5 13 4.264
5 14 4.655
5 15 4.5
5 16 2.545
5 17 4.407
5 18 5.002
5 19 5.33
5 20 4.914
5 21 5.014
5 22 5.323
5 23 5.778
5 24 3.215
5 25 5.018
5 26 6.161
5 27 4.586
5 28 6.043
5 29 7.04
5 30 3.651
5 31 3.339
5 32 5.057
5 43 2.472
5 44 2.164
6 7 4.956
6 8 4.548
6 9 5.088
6 10 4.477
6 11 5.94
6 12 5.968
6 13 5.264
6 14 5.703
6 15 3.417
6 16 5.416
6 17 6.784
6 18 5.144
6 19 5.612
6 20 4.679
6 21 4.425
6 22 3.269
6 23 6.948
6 24 5.761
6 25 4.756
6 26 5.357
6 27 4.398
6 28 5.307
6 29 5.729
6 30 5.04
6 31 6.354
6 32 4.305
6 45 4.954
6 46 3.14
7 8 4.035
7 9 4.969
7 10 6.004
7 11 4.187
7 12 6.302
7 13 4.79
7 14 6.161
7 15 5.45
7 16 4.664
7 17 5.759
7 18 4.586
7 19 6.782
7 20 4.353
7 21 6.323
7 22 5.932
7 23 5.075
7 24 5.844
7 25 6.577
7 26 3.823
7 27 5.114
7 28 3.047
7 29 4.349
7 30 4.207
7 31 7.067
7 32 5.66
7 47 3.246
7 48 2.422
8 9 5.39
8 10 5.362
8 11 5.177
8 12 5.045
8 13 3.233
8 14 3.722
8 15 5.908
8 16 5.442
8 17 3.143
8 18 4.888
8 19 5.051
8 20 5.77
8 21 5.583
8 22 5.322
8 23 5.741
8 24 5.972
8 25 4.786
8 26 3.757
8 27 5.136
8 28 6.094
8 29 6.29
8 30 5.229
8 31 5.334
8 32 5.954
8 49 3.286
8 50 1.85
9 10 2.762
9 11 6.408
9 12 3.617
9 13 7.437
9 14 4.457
9 15 3.845
9 16 5.186
9 17 5.31
9 18 4.659
9 19 6.103
9 20 5.197
9 21 5.302
9 22 3.476
9 23 5.627
9 24 7.405
9 25 6.295
9 26 5.495
9 27 4.283
9 28 4.002
9 29 6.078
9 30 4.562
9 31 5.218
9 32 5.258
9 51 1.893
9 52 3.056
10 11 5.212
10 12 3.295
10 13 5.019
10 14 6.365
10 15 5.831
10 16 5.004
10 17 6.475
10 18 5.18
10 19 4.39
10 20 6.047
10 21 3.554
10 22 3.975
10 23 5.479
10 24 5.021
10 25 5.619
10 26 3.017
10 27 4.943
10 28 4.429
10 29 3.277
10 30 6.62
10 31 5.019
10 32 4.21
10 53 0.315
10 54 0.538
11 12 4.6
11 13 5.521
11 14 3.807
11 15 3.186
11 16 6.224
11 17 5.205
11 18 2.153
11 19 5.786
11 20 4.241
11 21 5.227
11 22 4.611
11 23 5.259
11 24 3.633
11 25 6.235
11 26 4.952
11 27 5.027
11 28 3.537
11 29 5.663
11 30 6.03
11 31 6.303
11 32 4.825
11 55 5.151
11 56 3.682
12 13 5.14
12 14 4.512
12 15 3.554
12 16 3.657
12 17 5.065
12 18 5.088
12 19 3.488
12 20 5.813
12 21 5.147
12 22 5.17
12 23 4.867
12 24 6.137
12 25 4.247
12 26 3.375
12 27 5.428
12 28 6.008
12 29 4.157
12 30 5.51
12 31 6.049
12 32 6.112
12 57 2.787
12 58 2.819
13 14 5.176
13 15 6.368
13 16 5.273
13 17 5.276
13 18 4.476
13 19 4.434
13 20 4.928
13 21 3.864
13 22 4.925
13 23 5.441
13 24 4.89
13 25 3.652
13 26 5.118
13 27 4.884
13 28 5.137
13 29 4.342
13 30 5.862
13 31 4.303
13 32 5.807
13 59 2.382
13 60 1.9
14 15 4.832
14 16 5.27
14 17 4.777
14 18 6.372
14 19 5.079
14 20 6.562
14 21 6.435
14 22 5.845
14 23 4.919
14 24 5.034
14 25 6.076
14 26 6.436
14 27 5.286
14 28 6.383
14 29 5.95
14 30 5.076
14 31 5.403
14 32 5.456
14 61 4.799
14 62 2.311
15 16 6.989
15 17 3.6
15 18 4.794
15 19 4.771
15 20 4.523
15 21 3.826
15 22 5.931
15 23 6.136
15 24 5.21
15 25 5.087
15 26 3.386
15 27 6.055
15 28 4.98
15 29 5.44
15 30 5.808
15 31 5.778
15 32 4.098
15 63 3.992
15 64 3.987
16 17 7.442
16 18 5.721
16 19 4.9
16 20 3.556
16 21 4.571
16 22 4.904
16 23 4.737
16 24 3.443
16 25 6.376
16 26 4.976
16 27 6.313
16 28 5.257
16 29 7.634
16 30 4.98
16 31 4.012
16 32 3.875
16 65 2.187
16 66 3.835
17 18 4.768
17 19 4.811
17 20 4.486
17 21 5.295
17 22 5.441
17 23 6.471
17 24 5.215
17 25 6.621
17 26 7.0
17 27 5.321
17 28 5.583
17 29 4.582
17 30 3.361
17 31 4.295
17 32 4.293
17 67 1.912
17 68 3.471
18 19 4.936
18 20 3.936
18 21 3.223
18 22 4.207
18 23 3.681
18 24 5.53
18 25 3.542
18 26 4.712
18 27 5.235
18 28 5.265
18 29 6.173
18 30 4.567
18 31 4.355
18 32 6.647
18 69 2.738
18 70 3.169
19 20 4.01
19 21 5.776
19 22 5.107
19 23 4.319
19 24 4.353
19 25 4.947
19 26 4.583
19 27 4.606
19 28 4.792
19 29 4.98
19 30 4.199
19 31 3.379
19 32 6.474
19 71 3.329
19 72 3.192
20 21 6.264
20 22 4.37
20 23 5.074
20 24 2.715
20 25 4.757
20 26 5.791
20 27 6.346
20 28 3.63
20 29 4.518
20 30 3.384
20 31 5.244
20 32 4.587
20 73 1.412
20 74 3.838
21 22 4.731
21 23 5.497
21 24 4.673
21 25 6.511
21 26 7.245
21 27 6.098
21 28 4.306
21 29 5.595
21 30 4.809
21 31 3.879
21 32 4.041
21 75 5.172
21 76 1.966
22 23 5.827
22 24 4.604
22 25 4.649
22 26 4.691
22 27 4.225
22 28 4.539
22 29 3.504
22 30 5.456
22 31 3.991
22 32 5.695
22 77 4.309
22 78 1.245
23 24 3.069
23 25 5.683
23 26 5.02
23 27 7.025
23 28 5.585
23 29 4.502
23 30 6.635
23 31 4.553
23 32 4.185
23 79 1.935
23 80 2.146
24 25 4.202
24 26 4.492
24 27 5.357
24 28 4.374
24 29 5.425
24 30 4.75
24 31 4.117
24 32 4.838
24 81 3.438
24 82 2.613
25 26 6.466
25 27 5.379
25 28 5.945
25 29 4.786
25 30 4.884
25 31 5.443
25 32 5.186
25 83 3.66
25 84 2.268
26 27 5.204
26 28 6.136
26 29 5.313
26 30 6.426
26 31 4.305
26 32 3.678
26 85 3.489
26 86 1.459
27 28 1.668
27 29 6.82
27 30 4.889
27 31 4.651
27 32 5.081
27 87 1.535
27 88 2.654
28 29 4.953
28 30 4.665
28 31 5.016
28 32 5.101
28 89 3.626
28 90 1.783
29 30 5.831
29 31 4.16
29 32 5.46
29 91 2.458
29 92 3.253
30 31 5.514
30 32 3.196
30 93 4.31
30 94 4.07
31 32 5.322
31 95 2.287
31 96 3.48
32 97 1.642
32 98 2.78
33 35 2.508
34 36 2.992
37 39 3.941
38 40 3.06
41 43 2.841
42 44 2.861
45 47 3.298
46 48 2.813
49 51 5.248
50 52 1.606
53 55 3.005
54 56 3.499
57 59 3.564
58 60 2.624
61 63 2.687
62 64 3.405
65 67 3.375
66 68 4.45
69 71 3.809
70 72 1.5
73 75 5.031
74 76 2.072
77 79 3.426
78 80 3.598
81 83 3.772
82 84 3.79
85 87 4.227
86 88 3.486
89 91 3.924
90 92 3.465
93 95 0.824
94 96 2.08