100
0 14 9.887
0 22 7.853
0 62 11.242
0 63 13.495
0 64 10.598
0 65 10.851
0 66 11.502
0 67 13.725
0 68 14.385
0 69 10.315
0 70 14.82
0 71 16.338
0 72 12.151
0 73 11.435
0 74 10.82
0 75 13.702
0 76 13.202
0 77 12.113
0 78 13.045
0 79 11.213
0 80 10.286
0 81 9.214
0 82 12.749
0 83 12.367
0 84 13.639
0 85 11.256
0 86 13.971
0 87 11.144
0 88 10.207
0 89 7.74
0 90 7.24
0 91 8.354
0 92 13.465
0 93 10.408
0 94 11.919
0 95 13.083
0 96 12.65
0 97 13.322
0 98 13.237
0 99 11.253
1 25 5.798
1 62 12.19
2 40 9.488
2 63 8.842
3 48 9.224
3 44 7.28
3 64 16.953
4 38 4.751
4 65 13.441
5 15 5.875
5 39 2.537
5 52 4.219
5 25 10.345
5 7 7.301
5 66 10.494
6 28 5.787
6 29 3.46
6 25 6.229
7 18 8.042
7 31 7.151
7 61 6.757
7 67 10.406
8 42 5.404
8 31 7.056
8 68 11.854
9 10 6.862
9 61 8.109
9 69 9.965
10 43 8.751
10 70 12.088
11 40 6.366
11 51 10.208
12 59 3.138
12 71 12.65
13 30 3.819
13 72 12.185
14 38 6.605
14 54 2.619
14 34 7.119
14 73 14.799
16 45 6.05
16 74 11.493
17 38 9.025
17 75 10.295
18 76 8.856
19 47 10.385
20 50 6.42
20 77 8.904
21 40 6.781
21 78 11.269
22 53 7.169
22 79 9.423
23 53 7.179
23 80 9.628
24 51 5.781
24 57 10.296
24 33 8.057
24 43 7.322
24 81 11.352
25 36 6.685
25 50 4.307
25 55 6.967
26 46 5.633
27 29 5.209
28 82 13.017
29 83 13.879
30 37 7.485
30 84 15.572
31 44 8.254
31 85 15.82
32 41 5.186
32 86 15.717
33 58 5.163
33 87 14.068
34 59 6.197
34 88 9.733
35 37 8.501
35 47 5.844
35 44 5.019
35 89 13.169
36 90 12.757
37 91 11.603
40 92 10.014
41 48 9.377
41 93 10.228
42 94 6.476
43 95 10.131
44 53 5.006
44 96 13.421
45 60 6.33
45 97 14.474
46 58 9.082
46 98 14.038
47 99 9.108
48 56 5.138
49 60 5.711
56 60 7.728