100
0 14 81
0 53 21
0 61 43
0 71 63
0 84 92
0 86 44
1 6 2
1 8 33
1 13 34
1 62 77
1 93 48
1 96 86
1 99 29
2 4 89
2 5 29
2 11 7
2 22 22
2 25 29
2 28 25
2 56 9
2 59 87
2 63 65
2 76 1
2 84 45
2 92 1
2 95 35
2 96 9
2 98 67
3 4 45
3 14 68
3 28 68
3 33 50
3 34 54
3 39 59
3 59 73
3 75 7
3 81 28
3 86 96
4 5 76
4 24 44
4 26 26
4 40 41
4 50 45
4 59 42
4 68 61
4 83 29
4 87 90
4 89 96
5 6 87
5 29 9
5 40 12
5 44 87
5 61 88
5 62 53
5 65 91
5 67 71
5 83 42
5 93 26
6 7 59
6 8 69
6 32 94
6 36 24
6 46 14
6 50 99
6 51 90
6 75 21
6 79 95
6 99 15
7 14 37
7 15 41
7 29 26
7 35 13
7 36 39
7 43 95
7 46 28
7 50 38
7 71 33
7 88 41
7 96 44
8 9 16
8 12 94
8 18 78
8 24 22
8 44 18
8 86 19
8 88 15
8 97 17
9 19 95
9 26 99
9 47 87
9 58 6
9 59 44
9 61 42
9 64 83
9 70 59
9 81 12
9 84 98
9 87 33
10 41 72
10 55 84
10 61 19
10 71 10
10 77 96
10 80 72
11 20 12
11 28 24
11 30 34
11 33 89
11 60 16
11 61 71
11 63 62
11 68 7
11 70 58
11 71 8
11 73 82
11 78 48
11 91 50
11 97 25
12 27 52
12 37 51
12 46 95
12 47 61
12 55 38
12 62 49
12 63 51
12 74 60
12 93 23
12 98 33
13 27 67
13 35 79
13 36 41
13 42 75
13 43 89
13 48 15
13 68 54
13 70 51
14 18 8
14 48 87
14 53 14
14 71 9
14 74 35
14 82 28
15 20 98
15 37 47
15 47 22
15 83 36
16 22 31
16 26 57
16 34 80
16 39 72
16 44 11
16 46 69
16 66 34
16 81 51
16 93 22
17 20 41
17 22 13
17 30 95
17 33 26
17 54 2
17 72 2
17 74 18
17 85 93
18 22 99
18 28 99
18 37 85
18 40 53
18 43 14
18 58 97
18 71 6
18 84 36
18 92 54
19 34 96
19 35 73
19 40 86
19 42 55
19 49 5
19 67 87
19 83 59
19 86 49
19 95 56
20 21 97
20 33 72
20 67 55
20 68 15
20 71 88
20 92 4
21 40 28
21 42 69
21 46 45
21 56 78
21 69 50
21 77 61
21 81 96
21 83 89
22 35 81
22 41 38
22 53 2
22 84 15
22 93 67
23 36 16
23 38 57
23 61 27
23 68 12
23 71 23
23 78 94
23 89 98
23 95 76
24 29 38
24 30 15
24 38 97
24 56 22
24 63 63
24 74 19
24 81 35
24 91 81
24 93 93
24 96 26
24 99 10
25 30 56
25 48 56
25 58 23
25 73 54
25 84 85
25 90 94
26 35 77
26 46 53
26 49 42
26 56 89
26 70 72
26 83 29
26 90 67
27 46 29
27 55 27
27 56 65
27 57 88
27 61 68
27 66 16
27 70 51
27 77 28
27 91 45
27 96 19
27 99 25
28 42 5
28 45 59
28 48 22
28 68 82
28 86 79
28 90 76
29 30 14
29 39 90
29 41 52
29 43 74
29 44 23
29 47 4
29 52 28
29 53 95
29 58 33
29 64 47
29 76 60
29 87 58
30 57 74
30 61 41
30 64 79
30 75 14
30 78 64
30 87 42
30 91 4
31 47 51
31 69 57
31 86 80
31 92 7
31 93 47
31 97 14
31 99 61
32 42 16
32 49 31
32 52 96
32 67 84
32 82 63
32 87 8
32 90 5
32 92 51
33 39 62
33 58 57
33 59 70
33 89 33
34 63 74
34 64 86
34 69 65
34 74 59
35 38 99
35 51 42
35 56 80
35 59 88
35 62 28
35 74 99
35 79 81
35 92 28
35 97 92
36 47 89
36 52 69
36 60 99
36 71 75
36 73 70
37 67 60
37 73 61
37 75 22
37 91 79
38 41 47
38 50 59
39 69 55
39 84 89
39 85 48
39 94 62
40 44 28
40 48 58
41 50 42
41 53 13
41 54 95
41 65 6
41 68 74
42 48 11
42 52 48
42 62 46
42 91 4
42 93 69
43 74 15
43 91 71
43 96 32
44 85 30
44 90 33
45 49 45
45 84 4
46 54 36
46 56 18
46 75 22
46 91 22
46 98 90
47 53 29
47 67 13
47 73 80
47 82 40
47 85 90
47 86 30
48 66 52
48 86 42
48 94 82
49 77 76
49 82 35
49 84 47
49 88 85
49 94 5
50 51 22
50 54 52
50 64 30
50 78 6
50 86 20
50 87 44
50 92 26
51 70 49
51 79 40
51 85 93
51 87 82
51 93 81
52 53 87
52 58 85
52 73 97
52 82 76
52 92 83
52 99 35
53 69 82
53 90 44
53 92 63
54 59 55
54 61 24
54 63 84
54 64 99
54 72 34
54 77 54
54 81 93
54 82 11
54 88 12
54 98 35
55 72 64
55 76 69
55 80 58
55 94 51
56 64 57
56 96 54
57 65 70
57 66 45
57 91 54
57 92 51
57 96 30
57 97 24
58 64 95
58 71 65
58 76 2
58 78 6
59 61 31
59 66 58
59 90 92
59 94 46
60 62 15
60 63 19
60 74 19
60 79 88
60 84 22
60 88 13
60 93 82
60 95 92
60 96 3
61 65 32
61 71 55
61 73 80
61 83 94
61 99 39
62 71 80
62 74 46
63 73 87
63 82 40
63 98 93
64 71 67
64 88 22
64 97 34
65 77 65
65 84 63
66 76 21
66 81 36
67 73 93
67 74 43
67 79 21
67 85 19
67 96 23
68 80 26
68 82 58
68 95 89
69 75 4
69 84 82
69 86 61
70 73 82
70 78 97
70 86 58
70 93 91
70 97 83
71 75 29
71 86 36
71 90 6
72 87 79
72 94 99
73 94 1
74 82 84
74 89 16
74 94 12
75 82 4
75 83 64
75 89 53
75 95 4
76 81 31
76 84 47
76 88 16
76 97 54
77 78 62
77 87 64
77 99 32
78 90 36
78 96 50
79 84 66
79 87 61
79 94 77
79 95 99
80 82 48
80 96 18
81 85 31
82 88 13
82 94 10
83 90 7
84 93 1
84 99 38
85 89 67
86 90 38
86 91 23
86 95 67
87 88 95
88 91 64
88 97 65
88 98 49
88 99 56
89 91 99
89 92 19
89 95 53
90 91 70
90 95 21
90 97 45
91 95 35
92 97 49
94 95 47
94 98 13
95 98 56
