100
0 22 88.09
0 27 97.99
0 34 7.84
0 36 80.27
0 91 66.72
1 4 61.44
1 11 79.98
1 35 72.38
1 56 41.99
1 82 7.91
1 86 38.03
1 93 13.4
1 96 18.41
2 8 2.62
2 78 48.09
2 83 45.11
2 87 87.7
3 19 7.72
3 29 69.1
3 64 40.5
3 69 59.34
3 88 64.8
3 96 20.62
4 12 30.07
4 35 71.39
4 43 47.3
4 77 91.74
4 83 98.23
5 6 46.82
5 13 0.22
5 42 67.39
5 70 4.74
5 85 44.9
6 13 69.79
6 51 23.83
6 62 8.54
6 63 81.58
6 64 36.44
6 90 49.81
7 25 77.57
7 30 84.78
7 52 28.6
7 87 35.69
8 9 7.51
8 23 49.64
8 68 91.07
8 90 20.24
8 96 92.39
9 22 54.7
9 64 39.87
9 76 75.16
10 29 61.46
10 42 59.21
10 52 6.06
10 80 51.25
10 85 72.95
10 92 93.17
11 15 39.82
11 23 53.74
11 28 19.36
11 46 90.32
11 60 89.31
11 61 3.7
11 75 65.89
11 95 2.03
12 13 93.72
12 14 65.2
12 38 47.89
12 67 99.13
13 27 56.85
13 38 25.03
13 45 89.33
14 18 46.13
14 28 83.48
14 45 24.97
14 61 88.77
14 76 14.17
15 16 1.6
15 29 77.15
15 47 88.13
15 77 56.12
15 95 41.24
15 97 76.5
16 25 79.7
16 39 33.6
16 41 51.41
16 49 6.55
16 59 21.96
16 63 51.95
16 86 80.51
16 97 18.93
17 31 53.26
17 34 32.63
17 55 23.51
17 64 45.54
17 72 22.91
17 84 44.0
18 58 4.98
18 69 30.27
18 96 39.02
19 28 2.36
19 60 24.66
19 65 75.48
19 75 39.47
19 99 64.1
20 48 1.85
20 72 89.13
20 96 26.27
20 98 46.35
21 39 57.47
21 52 80.16
21 54 87.57
21 66 38.87
21 69 85.31
21 72 23.52
21 76 4.18
21 98 0.51
22 38 90.68
22 42 57.76
22 57 71.5
22 61 87.77
22 87 26.32
23 28 10.09
23 64 61.63
23 70 6.1
23 90 61.4
23 91 2.79
23 96 10.77
24 70 18.88
25 39 47.32
25 61 16.78
25 69 65.45
25 82 0.09
26 49 28.54
26 53 7.85
26 54 53.42
26 90 85.45
26 91 86.64
27 51 88.86
28 36 65.04
28 53 50.48
28 57 44.57
29 30 73.08
29 37 49.68
29 43 95.95
29 56 8.35
30 36 27.96
30 58 80.55
31 60 84.16
31 69 88.98
32 40 98.77
32 42 3.29
32 70 60.54
32 71 46.42
33 55 25.27
33 72 5.99
33 96 77.77
34 42 1.14
34 63 85.42
34 64 68.69
34 67 39.34
34 85 30.99
34 93 73.54
35 71 40.73
35 73 88.1
35 80 79.99
35 99 47.48
36 73 11.87
36 74 46.61
37 51 86.45
37 79 35.49
38 46 22.6
38 52 82.57
38 58 35.96
38 73 35.33
39 51 29.03
39 61 98.96
39 80 14.11
40 68 15.83
41 48 10.32
41 56 26.31
41 58 95.01
41 66 38.11
42 81 15.09
42 83 48.98
42 92 44.92
42 99 31.61
43 53 23.75
43 63 93.82
43 67 86.13
43 94 58.18
44 60 45.52
45 94 45.01
46 54 52.16
46 90 93.41
47 65 12.18
47 78 27.26
47 86 53.56
48 52 79.78
48 64 11.27
49 86 18.86
49 96 40.12
50 67 69.8
50 99 68.51
53 62 92.47
53 88 16.1
53 96 74.44
54 67 68.14
54 68 24.52
54 71 71.43
54 88 53.32
54 92 83.95
55 69 67.13
56 65 29.7
56 73 85.44
57 95 20.05
58 59 49.36
58 78 44.03
58 94 12.27
59 96 74.15
59 97 84.24
60 69 4.34
60 77 37.79
61 74 79.34
61 80 78.17
62 72 28.04
62 87 16.2
62 88 15.83
63 78 99.05
64 76 22.97
64 97 17.3
65 87 94.17
67 80 13.57
67 89 87.67
69 72 9.34
69 83 2.84
69 89 10.45
69 94 82.46
71 86 94.63
71 92 29.82
73 76 40.98
73 88 43.78
76 97 94.13
78 85 8.68
79 82 97.71
79 95 18.8
83 95 94.3
83 96 47.38
85 87 39.33
85 89 36.1
86 98 37.71
87 91 57.64
87 93 56.72
87 94 85.26
87 98 93.75
88 98 81.11
91 92 32.27
93 96 56.48
