100
0 6 74.506
0 9 80.039
0 33 34.041
0 39 68.915
0 41 42.572
0 52 94.467
0 58 8.789
0 68 71.137
0 81 32.525
0 84 95.506
0 87 5.844
0 89 9.510
1 2 38.294
1 21 89.875
1 44 63.444
1 47 28.515
1 67 9.343
1 70 26.591
1 71 85.000
1 78 85.266
1 88 8.679
1 98 48.367
2 6 61.814
2 17 66.204
2 28 3.198
2 32 10.611
2 37 52.899
2 47 4.207
2 48 57.106
2 52 85.555
2 57 7.534
2 71 52.739
3 28 52.543
3 30 81.901
3 68 2.142
3 85 78.666
3 96 48.098
4 8 7.308
4 17 7.071
4 24 37.355
4 27 36.534
4 28 24.378
4 47 34.727
4 48 87.064
4 57 61.449
4 69 44.652
4 78 93.382
4 80 55.084
5 25 46.621
5 47 13.899
5 53 55.210
5 65 61.604
5 70 75.289
5 71 16.786
5 77 73.910
5 80 4.998
5 89 36.545
5 91 64.547
5 92 75.172
6 16 84.991
6 20 9.002
6 22 80.260
6 34 20.352
6 40 23.688
7 11 48.855
7 50 97.167
7 52 32.495
7 68 65.471
7 70 79.681
7 92 66.287
8 12 30.702
8 14 95.985
8 37 10.917
8 38 99.637
8 43 68.733
8 53 13.507
8 60 59.681
8 77 8.216
8 82 93.269
8 91 64.937
8 92 24.824
9 24 42.789
9 26 94.362
9 27 72.422
9 43 24.933
9 52 67.089
9 55 6.021
9 83 52.509
9 94 65.984
10 16 72.683
10 31 58.397
10 48 59.090
10 49 12.560
10 70 73.167
10 78 57.302
10 83 93.809
10 89 39.698
11 22 28.268
11 25 82.144
11 26 23.312
11 28 68.544
11 32 39.642
11 33 25.470
11 36 78.158
11 46 80.867
11 47 39.479
11 54 95.360
11 58 45.621
11 59 91.421
11 65 23.694
11 75 67.484
11 83 66.242
11 93 39.761
12 18 80.911
12 34 11.105
12 43 81.041
12 47 82.942
12 52 9.115
12 69 20.421
12 70 26.964
12 74 62.230
12 86 62.006
12 87 34.963
12 93 50.357
13 18 3.200
13 22 27.274
13 33 66.829
13 35 26.218
13 43 57.743
13 69 52.325
13 70 84.458
13 74 30.953
13 92 82.563
13 99 51.575
14 23 9.868
14 24 4.317
14 47 98.781
14 80 41.757
14 92 74.812
15 26 28.250
15 33 65.306
15 36 59.731
15 38 91.192
15 39 38.526
15 44 67.124
15 62 68.988
15 77 90.963
15 87 20.745
15 89 26.398
15 97 66.103
15 98 18.702
16 29 75.264
16 40 25.443
16 42 48.939
16 44 98.553
16 51 71.329
16 62 31.898
16 63 57.611
16 83 13.152
17 20 92.335
17 55 34.474
17 58 45.807
17 66 47.176
17 90 77.932
17 91 22.742
17 98 69.087
18 29 57.576
18 37 57.746
18 39 12.433
18 44 67.230
18 48 22.650
18 51 59.708
18 69 98.138
18 90 18.137
18 91 85.077
18 98 8.388
19 28 88.232
19 46 41.513
19 51 85.743
19 75 8.232
19 83 99.631
19 88 44.889
19 89 26.092
19 98 57.290
20 47 57.362
20 54 40.994
20 56 13.956
20 69 96.225
20 79 4.069
20 83 27.795
20 93 60.975
21 25 83.499
21 46 14.653
21 76 77.187
21 88 7.414
21 89 22.931
21 90 16.654
22 45 67.171
22 57 51.636
22 62 44.975
22 64 71.191
22 87 14.156
22 88 8.690
22 91 39.902
22 93 33.653
22 99 83.190
23 31 55.616
23 33 52.803
23 43 80.979
23 48 79.033
23 54 74.324
23 57 23.016
23 68 76.803
23 72 65.137
23 99 64.234
24 29 53.856
24 30 39.152
24 42 48.206
24 52 59.984
24 56 80.852
24 61 48.026
24 67 78.899
24 74 11.427
24 84 37.556
25 29 30.473
25 40 32.356
25 42 35.173
25 43 40.910
25 44 64.235
25 52 39.619
25 63 75.131
25 82 87.748
25 83 82.216
25 89 48.723
26 29 23.703
26 79 99.380
26 98 62.444
27 28 60.396
27 32 63.777
27 36 56.566
27 41 77.746
27 46 19.659
27 68 49.543
27 69 35.935
27 73 30.241
27 84 2.438
27 96 72.441
28 29 65.895
28 45 51.384
28 46 71.955
28 54 15.425
28 60 9.719
28 66 51.266
28 67 94.706
29 31 67.208
29 34 82.105
29 49 71.129
29 50 28.085
29 55 86.082
29 58 83.025
29 66 73.613
29 70 62.205
29 86 45.903
29 88 36.976
30 34 20.186
30 37 15.327
30 56 23.836
30 61 93.562
30 62 8.450
30 71 41.376
30 83 75.012
30 96 33.456
30 98 40.694
31 33 70.085
31 35 6.580
31 55 31.390
31 57 74.294
31 71 94.768
31 73 24.842
31 86 17.754
31 88 75.169
31 89 91.442
32 33 98.063
32 41 40.846
32 54 3.650
32 58 73.431
32 66 57.670
32 72 17.768
32 85 95.142
32 94 96.205
33 36 66.367
33 42 84.185
33 43 9.774
33 60 1.777
33 75 58.002
34 45 3.167
34 53 59.142
34 61 90.001
34 65 28.021
34 68 95.574
34 71 20.389
34 72 18.088
34 77 25.307
35 40 26.919
35 56 19.591
35 66 51.258
35 71 69.557
35 85 22.416
35 86 50.057
35 88 70.406
35 89 83.405
36 43 9.301
36 44 3.540
36 48 78.584
36 50 49.377
36 83 72.712
36 90 11.569
36 93 93.729
37 45 1.810
37 63 54.845
37 69 50.473
37 73 33.761
37 77 48.000
37 80 27.668
37 81 67.177
38 44 27.254
38 52 67.223
38 63 16.731
38 65 5.579
38 76 36.245
38 78 24.806
38 80 34.916
38 82 18.856
39 43 26.697
39 48 34.491
39 57 21.890
39 90 65.165
39 95 38.823
40 43 78.061
40 58 45.056
40 60 2.705
40 65 29.645
40 71 50.254
40 72 79.378
40 76 71.533
40 85 39.696
41 80 88.328
41 81 34.276
41 87 88.870
41 94 21.186
41 96 47.624
42 50 24.122
42 65 43.899
42 66 95.095
42 69 86.490
42 71 6.670
42 74 33.497
42 77 51.492
42 83 13.475
43 51 50.367
43 54 66.616
43 57 95.378
43 62 84.104
43 64 52.505
43 65 11.451
43 78 80.918
43 82 73.145
43 86 85.550
43 98 64.428
43 99 96.666
44 73 80.173
44 77 39.735
44 94 69.920
44 99 63.235
45 49 31.222
45 53 43.354
45 76 9.001
45 86 1.262
46 49 63.353
46 66 56.942
46 93 8.380
46 94 30.907
46 95 98.009
46 97 14.334
47 49 21.431
47 58 29.588
47 71 94.647
47 81 30.696
47 95 82.969
48 59 52.635
48 61 93.663
48 69 19.515
48 75 50.430
48 87 55.403
48 92 82.706
49 59 60.789
49 78 51.128
49 99 17.032
50 55 63.515
50 69 16.889
50 70 9.385
50 84 44.510
50 86 67.788
50 91 36.302
50 92 42.812
51 58 55.018
51 69 31.913
51 85 22.916
51 87 57.294
51 92 93.354
51 97 45.562
51 98 1.168
51 99 22.678
52 56 48.933
52 59 94.971
52 62 16.177
52 64 52.424
52 68 51.778
52 72 90.585
52 74 18.965
52 79 34.150
53 54 95.141
53 65 23.608
53 68 56.565
53 69 30.615
53 75 27.592
53 76 47.023
53 80 73.441
53 85 98.278
53 91 17.582
53 94 96.349
53 95 76.741
53 96 50.690
54 58 3.357
54 62 65.787
54 67 82.091
54 96 36.996
54 97 69.238
55 80 26.666
55 82 94.093
55 90 77.992
55 91 61.674
56 66 15.808
56 81 30.707
56 86 21.733
56 90 17.499
56 91 3.816
56 93 67.533
56 94 92.035
57 60 13.014
57 69 25.034
57 73 36.651
57 81 50.137
58 88 2.276
58 89 24.682
59 61 36.426
59 78 93.772
59 88 99.516
59 91 63.226
60 70 36.812
60 84 25.771
60 87 34.232
60 99 89.653
61 67 8.510
61 74 31.643
61 77 94.678
61 78 39.938
61 93 60.878
62 70 93.080
62 91 83.444
63 66 65.030
63 79 55.244
63 85 18.632
63 90 88.174
63 91 75.371
64 65 27.421
64 81 88.595
64 88 25.421
65 66 59.133
65 67 49.426
65 81 44.379
65 82 55.766
65 87 13.870
66 80 24.494
66 81 50.583
67 71 88.573
67 78 13.221
67 92 88.363
68 70 69.358
68 72 96.783
68 75 65.787
68 83 44.379
68 87 39.282
68 95 97.023
69 79 5.004
69 86 78.556
69 87 74.381
70 71 77.431
70 73 44.014
70 75 85.412
70 77 67.712
70 79 2.786
70 96 9.876
70 99 75.981
71 73 22.491
71 81 9.121
71 87 79.022
71 90 10.937
72 74 23.057
72 79 30.623
73 89 64.837
73 97 30.020
74 77 41.725
74 79 98.014
74 84 9.101
74 85 11.236
74 92 31.731
74 94 48.228
75 78 60.137
75 79 11.637
77 82 92.572
77 83 74.038
77 84 2.165
77 86 93.738
77 87 92.526
78 91 99.716
79 86 30.157
79 88 48.811
79 91 43.050
79 93 53.060
80 84 46.373
80 88 11.092
80 93 79.355
81 85 31.450
81 88 92.706
81 89 43.631
81 90 29.230
81 94 39.868
82 87 93.644
83 91 98.013
83 96 85.529
84 85 66.234
84 94 1.571
84 96 33.462
85 86 18.249
85 87 13.115
85 94 53.917
86 88 59.241
89 90 88.767
89 91 38.352
89 95 80.304
92 95 66.581
92 99 52.210
93 94 48.374
93 95 95.116
93 96 61.523
93 97 52.524
94 95 73.888
95 97 95.100
