52
0 1 0.5
1 2 0.4
0 3 0.6
1 4 0.2
4 3 0.1
4 5 0.1
5 6 0.5
6 7 0.4
5 8 0.6
6 9 0.2
9 8 0.1
9 10 0.2
10 11 0.5
11 12 0.4
10 13 0.6
11 14 0.2
14 13 0.1
14 15 0.3
15 16 0.5
16 17 0.4
15 18 0.6
16 19 0.2
19 18 0.1
19 20 0.4
20 21 0.5
21 22 0.4
20 23 0.6
21 24 0.2
24 23 0.1
24 25 0.5
26 13 0.9
8 27 0.777
25 26 0.5
26 27 0.4
25 28 0.6
26 29 0.2
29 28 0.1
29 30 0.1
30 31 0.5
31 32 0.4
32 33 0.6
31 34 0.2
34 33 0.1
34 35 0.2
35 36 0.5
36 37 0.4
35 38 0.6
36 39 0.2
39 38 0.1
39 40 0.1
40 41 0.5
41 42 0.4
42 43 0.6
41 44 0.2
44 43 0.1
44 45 0.2
45 46 0.5
46 47 0.4
45 48 0.6
46 49 0.2
49 48 0.1
49 50 0.1
51 18 0.981
