100
0 1 15
0 10 10
1 2 15
2 3 15
3 4 15
4 5 15
5 6 15
5 14 2
6 7 15
7 8 15
8 9 15
9 19 10
10 11 7.6
10 20 10
11 12 7.6
12 13 7.6
13 14 7.6
14 15 70
15 16 7.6
15 27 13
16 17 7.6
17 18 7.6
18 19 7.6
19 29 10
20 21 22.8
20 30 10
21 22 22.8
22 23 22.8
22 31 22
23 24 22.8
24 25 22.8
25 26 22.8
26 27 22.8
27 28 22.8
28 29 22.8
29 39 10
30 31 27.4
30 40 10
31 32 27.4
32 33 27.4
34 35 27.4
35 36 27.4
36 37 27.4
36 49 99
37 38 27.4
38 39 27.4
39 49 10
40 41 9.5
40 50 10
41 42 9.5
42 43 9.5
43 44 9.5
44 45 9.5
45 46 9.5
45 51 5
46 47 9.5
47 48 9.5
48 49 9.5
49 59 10
50 51 13.6
50 60 10
51 52 13.6
52 53 13.6
53 54 13.6
54 55 13.6
55 56 13.6
55 65 73.124
56 57 13.6
57 58 13.6
58 59 13.6
59 69 10
60 61 22.9
60 70 10
61 62 22.9
62 63 22.9
63 64 22.9
64 65 22.9
65 66 22.9
66 67 22.9
66 77 12
67 68 22.9
68 69 22.9
69 79 10
70 71 54.3
70 80 10
71 72 54.3
72 73 54.3
73 74 54.3
73 80 65
75 76 54.3
76 77 54.3
77 78 54.3
78 79 54.3
79 89 10
80 81 10
80 90 10
81 82 10
82 83 10
83 84 10
84 85 10
85 86 10
86 87 10
86 99 12
87 88 10
88 89 10
89 99 10
90 91 7.001
91 92 7.001
92 93 7.001
93 94 7.001
94 95 7.001
95 96 7.001
96 97 7.001
97 98 7.001
98 99 7.001