100
0 14 54.539
0 5 64.212
0 8 63.323
0 25 8.163
0 26 5.444
0 27 0.05
1 15 56.141
1 4 52.362
1 28 8.814
1 29 4.132
1 30 10.036
2 3 63.824
2 31 15.067
2 32 6.433
2 33 1.2
3 12 69.589
3 34 6.025
3 35 11.142
3 36 3.417
4 23 61.284
4 37 17.488
4 38 11.875
4 39 4.481
5 17 57.469
5 40 11.026
5 41 9.46
5 42 7.344
6 12 64.163
6 19 61.127
6 10 52.855
6 43 4.966
6 44 1.967
6 45 10.795
7 11 52.379
7 20 55.986
7 46 22.324
7 47 6.686
7 48 12.235
8 13 60.761
8 16 67.416
8 49 10.666
8 50 11.338
8 51 13.973
9 21 57.265
9 52 10.011
9 53 5.831
9 54 12.105
10 17 64.212
10 55 13.087
10 56 10.791
10 57 9.82
11 21 57.272
11 58 7.97
11 59 5.65
11 60 12.225
12 61 9.84
12 62 0.961
12 63 3.857
13 64 12.309
13 65 10.642
13 66 8.155
14 20 67.453
14 67 14.564
14 68 9.884
14 69 14.665
15 70 14.262
15 71 15.93
15 72 8.664
16 18 54.34
16 24 60.92
16 73 4.175
16 74 3.095
16 75 13.108
17 76 12.704
17 77 20.568
17 78 12.951
18 79 11.271
18 80 12.47
18 81 12.597
19 23 56.368
19 82 2.69
19 83 10.397
19 84 12.976
20 85 12.85
20 86 12.639
20 87 7.873
21 88 11.597
21 89 5.964
21 90 9.513
22 24 63.714
22 91 7.282
22 92 10.523
22 93 12.735
23 94 7.604
23 95 11.886
23 96 8.42
24 97 11.441
24 98 0.656
24 99 11.82
25 27 24.739
25 45 18.678
25 69 26.66
25 76 12.072
25 88 33.579
26 55 19.287
26 98 21.192
28 73 18.731
28 46 39.574
29 43 25.808
29 68 22.897
30 45 14.593
31 92 26.715
32 64 15.117
32 81 14.487
32 37 22.988
33 47 20.072
34 59 17.663
34 74 26.539
34 54 21.496
35 44 20.887
35 82 16.986
35 59 30.397
36 38 14.253
36 69 15.411
37 54 22.609
39 47 18.426
39 52 19.608
40 57 25.289
40 97 14.111
41 61 21.286
42 80 20.705
45 67 21.049
46 56 14.66
46 72 25.788
47 68 24.638
48 53 15.695
49 92 29.764
49 90 26.082
50 93 22.048
51 90 14.067
51 77 16.104
52 85 28.474
52 94 21.587
53 93 34.703
53 55 19.672
54 92 8.343
56 61 18.098
57 89 31.329
58 75 24.463
59 71 25.872
60 71 21.625
62 98 23.142
62 74 9.975
63 68 15.841
64 65 20.505
66 90 25.749
70 96 14.328
72 99 21.343
73 94 16.148
73 77 23.428
75 84 19.391
75 96 19.431
75 76 20.026
78 80 25.514
78 79 27.21
78 83 17.57
79 97 27.305
83 99 11.967
86 91 20.976
86 95 22.587
86 90 9.871
87 91 22.941
88 97 16.588