100
0 79 4.25
1 61 79.27
1 44 73.66
1 79 16.82
1 60 51.97
1 31 23.36
1 21 34.1
1 64 57.84
1 73 91.95
1 33 50.55
1 92 32.08
1 56 95.81
1 93 98.21
1 52 86.86
1 39 98.38
1 59 15.57
1 32 29.04
1 98 10.73
1 6 95.53
1 48 14.01
1 28 22.93
1 65 3.36
1 94 7.61
1 49 61.92
1 90 88.57
1 86 26.92
1 22 62.3
1 16 77.24
1 74 80.36
1 10 11.18
1 26 51.69
1 53 75.76
1 55 49.36
1 81 97.93
1 37 74.92
1 77 44.67
1 46 4.26
1 88 15.33
1 76 77.63
1 67 98.93
2 34 40.51
2 70 9.86
2 97 6.68
2 31 86.14
2 85 21.76
2 3 37.2
2 99 8.2
2 8 76.88
2 13 54.11
2 4 54.1
2 46 30.84
2 87 81.26
2 78 5.86
2 54 98.42
2 82 24.03
2 81 94.24
2 86 84.88
2 57 50.69
2 42 50.26
2 29 43.3
2 6 81.87
2 71 8.39
2 15 3.46
2 77 16.66
2 53 62.2
2 67 74.04
2 58 89.71
2 50 4.02
2 24 25.87
2 44 79.1
2 47 58.1
2 84 13.77
2 69 60.67
2 25 83.67
2 76 13.55
2 21 1.87
2 36 18.37
3 80 8.98
3 91 39.42
3 21 99.5
3 71 49.32
3 47 67.43
3 62 78.67
3 38 42.45
3 96 46.14
3 66 81.36
3 40 66.98
3 27 99.64
3 59 48.25
3 18 72.22
3 97 30.16
3 9 89.2
3 68 27.82
3 10 64.38
3 44 38.53
3 46 61.52
3 24 53.69
3 69 36.28
3 7 19.51
3 37 75.77
3 19 5.52
3 17 57.77
3 43 29.88
3 41 61.67
3 31 62.92
3 85 23.08
3 67 82.68
3 23 40.28
3 61 54.25
3 81 24.92
3 36 79.73
3 48 33.21
3 77 85.98
3 26 64.88
3 15 29.62
3 51 91.82
3 45 12.16
3 52 2.76
3 78 83.36
3 83 68.44
4 36 77.52
4 52 0.22
4 10 75.56
4 38 22.38
4 77 6.12
4 65 4.5
4 67 58.67
4 80 56.35
4 17 21.92
4 39 33.95
4 90 30.82
4 53 81.03
4 15 35.05
4 44 18.07
4 19 29.51
4 11 31.2
4 18 8.19
4 41 58.56
4 29 10.76
4 31 4.14
4 6 91.11
4 82 20.2
4 72 26.32
4 42 74.9
4 7 45.54
4 79 84.33
4 58 9.06
4 28 71.46
4 32 82.26
4 47 52.4
4 99 20.06
4 88 79.77
4 97 14.24
4 23 71.23
4 76 83.22
4 24 68.42
4 89 84.07
5 12 78.6
5 11 65.49
5 26 38.34
5 77 48.18
5 78 80.54
5 53 72.27
5 8 81.54
5 86 93.11
5 74 16.08
5 62 94.76
5 98 49.77
5 39 89.25
5 69 28.85
5 54 49.0
5 55 12.33
5 42 44.25
5 37 4.15
5 25 54.53
5 56 68.03
5 88 39.98
5 31 17.91
5 46 9.32
5 76 28.43
5 51 7.89
5 15 77.43
5 30 15.02
5 47 45.62
5 33 73.02
5 49 0.14
5 82 6.06
5 84 47.74
5 92 77.36
5 65 35.1
5 16 56.68
5 75 79.32
5 14 94.77
5 10 37.8
5 41 15.63
6 14 40.24
6 16 85.51
6 28 83.07
6 48 7.74
6 24 24.03
6 11 60.56
6 68 64.85
6 33 62.07
6 82 24.79
6 57 98.4
6 25 58.38
6 23 15.99
6 34 94.97
6 26 71.93
6 78 73.93
6 15 39.13
6 46 3.15
6 86 68.23
6 40 15.77
6 17 92.46
6 53 34.12
6 22 71.41
6 66 72.23
6 9 5.42
6 30 28.6
6 61 87.73
6 52 81.61
6 63 32.18
6 79 87.33
6 60 93.98
6 35 62.69
6 45 60.0
6 65 15.35
6 91 27.99
6 13 6.82
7 51 91.69
7 49 62.9
7 32 88.22
7 29 34.79
7 72 86.34
7 65 52.58
7 58 50.62
7 12 60.25
7 83 55.55
7 19 20.43
7 68 37.59
7 86 80.13
7 41 42.8
7 50 22.12
7 96 68.36
7 99 41.12
7 26 28.66
7 85 77.45
7 38 54.66
7 28 62.67
7 73 50.46
7 56 83.24
7 78 54.51
7 9 70.78
7 39 97.68
7 59 97.53
7 21 55.19
7 17 19.65
7 89 23.35
7 84 40.09
7 31 43.54
7 66 50.49
7 61 40.45
7 88 93.17
7 46 52.21
7 97 24.74
7 90 67.89
7 69 24.1
7 37 7.85
7 60 40.7
8 79 87.43
8 23 51.0
8 48 97.68
8 72 4.15
8 81 25.64
8 70 44.73
8 88 97.07
8 19 34.54
8 62 56.85
8 49 16.77
8 29 12.77
8 96 49.36
8 43 29.02
8 76 11.15
8 60 7.55
8 67 70.74
8 80 15.4
8 50 83.73
8 13 3.22
8 25 88.16
8 56 11.21
8 45 85.97
8 77 81.67
8 40 12.04
8 38 90.69
8 24 41.83
8 92 73.55
8 61 43.91
8 53 96.65
8 64 60.36
8 52 79.99
8 97 35.54
9 37 94.31
9 80 27.86
9 68 68.52
9 45 40.09
9 87 2.57
9 42 0.49
9 18 5.03
9 16 83.74
9 76 44.09
9 19 69.12
9 85 98.75
9 77 57.5
9 50 28.36
9 81 48.7
9 65 23.43
9 73 99.63
9 46 90.8
9 30 76.71
9 94 70.88
9 39 87.72
9 66 54.07
9 88 48.48
9 79 54.89
9 64 74.8
10 20 97.2
10 83 40.29
10 86 47.24
10 17 4.32
10 30 31.7
10 47 12.67
10 40 66.44
10 56 87.11
10 19 63.72
10 25 58.99
10 80 47.7
10 27 49.01
10 13 51.8
10 55 23.94
10 11 91.58
10 23 35.71
10 68 98.28
10 93 83.18
10 77 40.17
10 82 30.38
10 84 56.63
10 69 52.03
10 71 48.47
10 39 42.55
10 94 64.98
10 53 12.71
10 26 84.29
10 97 99.65
10 35 3.5
10 48 71.25
10 43 9.7
10 96 56.81
10 72 20.49
10 79 15.44
10 87 89.23
10 28 48.81
10 64 20.32
10 91 70.9
10 15 19.0
10 34 86.92
11 25 82.85
11 60 62.65
11 55 9.67
11 95 66.55
11 12 86.77
11 23 49.96
11 80 89.54
11 58 59.18
11 14 2.05
11 31 96.4
11 26 59.3
11 78 70.61
11 30 33.32
11 97 79.43
11 18 20.86
11 24 3.29
11 41 84.61
11 64 50.38
11 79 20.66
11 67 90.09
11 77 34.95
11 83 7.1
11 34 42.62
11 46 2.45
11 21 31.96
11 50 83.28
11 65 12.38
11 82 66.8
11 99 74.98
11 94 79.21
11 45 7.1
11 53 56.12
11 92 93.1
11 36 72.7
11 62 1.23
11 17 25.35
11 15 21.79
11 43 42.0
11 32 40.81
11 54 18.34
11 35 32.91
11 13 66.32
11 59 94.42
12 62 21.61
12 86 57.79
12 80 18.4
12 45 59.01
12 20 69.84
12 52 64.63
12 84 99.75
12 98 71.26
12 30 55.56
12 39 40.49
12 49 4.95
12 47 62.08
12 83 39.19
12 27 24.44
12 69 64.74
12 16 82.59
12 68 32.52
12 59 21.24
12 19 31.8
12 74 45.21
12 88 79.24
12 90 21.48
12 81 68.65
12 97 3.39
12 67 79.68
12 66 80.85
12 26 70.03
12 51 45.84
12 33 17.28
12 91 76.41
12 89 79.13
12 25 7.06
12 34 68.96
12 43 23.49
12 46 94.49
12 57 47.09
12 95 19.53
12 79 4.89
12 76 52.07
12 21 41.53
13 53 31.76
13 17 19.04
13 19 54.82
13 88 96.42
13 77 43.04
13 21 46.52
13 36 63.82
13 69 49.63
13 95 56.98
13 58 89.96
13 16 13.74
13 71 12.52
13 44 87.44
13 98 15.39
13 49 83.66
13 62 70.34
13 38 30.37
13 47 16.13
13 73 79.34
13 25 9.56
13 51 36.32
13 26 48.88
13 80 58.54
13 34 10.31
13 74 55.94
13 72 18.85
13 65 43.68
13 93 98.7
13 66 16.92
13 81 22.96
13 90 45.73
13 35 29.74
13 37 10.12
13 39 30.86
13 76 99.43
14 73 51.2
14 61 81.06
14 77 51.35
14 48 25.74
14 30 28.47
14 44 94.63
14 19 66.1
14 69 36.44
14 31 71.35
14 22 1.42
14 34 22.36
14 79 30.52
14 41 88.68
14 96 15.96
14 86 15.06
14 72 86.73
14 40 96.2
14 58 80.34
14 63 99.97
14 29 92.97
14 93 61.13
14 16 40.27
14 83 52.47
14 60 34.61
14 95 22.23
14 53 36.18
14 66 89.01
14 52 72.72
14 18 49.39
14 81 48.0
14 70 42.27
14 54 16.79
14 26 39.02
14 15 45.61
14 75 45.86
14 88 25.15
14 25 38.26
14 59 12.48
14 68 28.0
14 17 95.73
15 96 45.63
15 64 63.1
15 60 4.01
15 48 55.02
15 97 26.36
15 20 92.96
15 93 26.99
15 89 72.0
15 99 13.46
15 63 31.45
15 77 20.4
15 72 94.35
15 27 13.76
15 70 18.98
15 56 18.54
15 51 64.1
15 22 56.71
15 38 94.79
15 75 33.43
15 43 35.27
15 84 39.68
15 24 7.77
15 26 29.66
15 36 53.13
15 47 26.94
15 71 3.19
15 94 75.74
15 31 78.92
15 98 93.78
15 40 55.64
15 83 54.96
15 25 94.75
15 34 4.2
15 35 62.89
15 54 59.98
16 47 7.2
16 25 43.36
16 35 85.06
16 30 56.85
16 23 93.94
16 36 8.66
16 54 72.44
16 46 52.33
16 59 56.64
16 83 90.54
16 78 86.2
16 26 40.04
16 64 47.8
16 86 23.25
16 87 69.71
16 77 31.6
16 29 42.64
16 41 92.83
16 90 65.95
16 91 40.71
16 69 60.52
16 33 56.63
16 79 37.44
16 82 44.21
16 39 7.29
16 58 79.25
16 18 85.94
16 89 13.54
16 21 81.27
16 57 26.68
16 85 62.74
16 52 80.73
16 74 88.14
16 95 24.79
17 72 37.49
17 56 89.02
17 51 35.8
17 90 91.15
17 86 38.58
17 42 15.59
17 29 8.22
17 50 37.79
17 74 29.63
17 89 6.87
17 60 93.97
17 92 61.32
17 65 80.98
17 96 38.43
17 78 65.23
17 97 35.76
17 21 38.35
17 70 41.09
17 27 75.25
17 22 11.58
17 91 20.3
17 46 87.99
17 19 27.82
17 59 22.85
17 52 76.75
17 73 93.65
17 28 36.99
17 39 74.13
17 45 57.94
17 77 20.5
17 94 2.39
17 95 81.59
17 68 9.55
17 76 17.46
17 31 66.07
17 20 75.74
17 41 80.49
17 84 55.3
18 31 19.78
18 34 84.29
18 96 41.89
18 42 92.77
18 29 97.07
18 90 88.28
18 83 17.42
18 55 64.17
18 57 27.08
18 30 43.29
18 28 41.67
18 40 97.58
18 60 78.9
18 80 13.28
18 56 49.87
18 94 62.53
18 79 43.98
18 48 64.92
18 58 1.95
18 54 58.15
18 70 85.71
18 67 27.19
18 89 66.58
18 82 25.29
18 85 50.07
18 59 7.06
18 52 22.77
18 84 66.36
18 50 75.66
19 70 0.84
19 89 5.28
19 36 69.05
19 52 25.52
19 58 40.94
19 75 58.11
19 40 82.16
19 67 9.19
19 45 52.93
19 34 47.77
19 93 42.26
19 26 51.56
19 87 2.6
19 51 27.41
19 50 16.6
19 20 24.31
19 27 77.26
19 56 43.73
19 54 46.46
19 73 60.7
19 48 30.25
19 69 30.84
19 86 69.32
19 61 42.54
19 49 80.9
19 65 69.68
19 91 18.95
19 94 57.88
19 60 94.08
19 95 21.49
19 47 98.39
19 74 9.24
19 76 37.45
19 25 97.75
19 79 14.71
20 94 75.35
20 26 59.75
20 48 85.82
20 90 66.21
20 89 86.37
20 93 24.89
20 96 51.34
20 36 60.33
20 64 48.53
20 99 33.76
20 84 69.39
20 35 14.02
20 81 7.47
20 30 44.87
20 43 58.77
20 42 91.69
20 61 7.34
20 67 99.52
20 56 61.87
20 82 64.11
20 41 49.29
20 34 3.16
20 79 50.56
20 70 90.63
20 27 3.07
20 83 19.75
20 46 10.29
20 22 86.53
20 73 24.45
20 31 97.38
20 85 97.02
20 37 46.03
20 87 84.55
20 50 43.7
20 49 4.7
21 26 74.47
21 41 19.53
21 51 80.85
21 22 22.43
21 95 30.89
21 30 38.14
21 28 7.16
21 65 66.72
21 32 92.11
21 47 43.35
21 40 47.18
21 70 41.53
21 48 45.11
21 77 75.13
21 60 65.05
21 79 26.14
21 82 59.79
21 42 42.89
21 85 86.79
21 96 65.28
21 81 92.84
21 73 77.89
21 68 26.44
21 71 99.85
21 52 54.94
21 35 86.72
21 63 10.33
21 45 45.51
21 37 12.48
21 67 59.5
22 30 38.71
22 46 92.23
22 33 79.23
22 80 6.87
22 23 25.38
22 38 25.59
22 44 40.55
22 53 96.23
22 72 84.27
22 88 3.7
22 41 28.38
22 68 20.22
22 54 83.11
22 55 40.95
22 61 60.49
22 43 38.98
22 47 1.82
22 99 28.74
22 82 91.35
22 96 50.41
22 71 96.54
22 39 27.75
22 27 93.28
22 63 87.16
22 89 89.56
22 56 72.88
22 79 40.1
22 93 79.0
22 35 57.86
22 91 72.6
22 66 45.96
22 65 34.48
22 87 43.23
22 85 31.99
22 75 88.13
22 90 12.55
22 34 69.08
22 42 63.18
23 95 79.43
23 31 71.47
23 28 94.82
23 63 25.56
23 33 79.07
23 60 37.98
23 98 86.98
23 40 87.02
23 82 93.47
23 35 21.61
23 75 3.38
23 74 99.92
23 39 98.61
23 26 90.03
23 56 62.87
23 25 12.03
23 66 35.36
23 34 12.57
23 47 46.33
23 51 70.2
23 45 97.09
23 58 61.93
23 61 42.52
23 65 97.41
23 78 23.06
24 69 96.86
24 50 18.48
24 55 98.93
24 59 62.94
24 87 9.76
24 46 19.41
24 77 37.33
24 83 79.43
24 44 48.96
24 92 53.67
24 70 29.21
24 84 11.76
24 80 25.53
24 58 30.76
24 32 7.65
24 30 0.39
24 54 13.29
24 27 72.07
24 74 32.43
24 47 63.58
24 39 2.55
24 82 90.13
24 91 11.87
24 98 96.64
24 76 76.63
24 65 88.85
24 95 34.71
24 68 52.76
24 29 22.01
24 93 98.34
24 48 96.25
24 71 88.16
24 97 17.05
24 75 79.92
24 72 58.79
24 78 18.94
25 72 74.57
25 58 64.86
25 31 3.33
25 34 21.95
25 85 32.27
25 62 8.21
25 37 24.29
25 76 14.32
25 39 59.06
25 89 39.72
25 47 18.92
25 45 60.34
25 73 79.19
25 53 89.43
25 41 42.19
25 44 29.09
25 87 54.64
25 52 79.92
25 59 92.22
25 64 57.79
25 93 4.23
25 51 51.87
25 78 19.35
25 91 60.82
25 77 10.28
25 42 4.57
25 99 43.04
26 32 32.27
26 66 92.58
26 82 0.28
26 37 81.87
26 73 35.34
26 28 39.36
26 44 7.51
26 39 24.8
26 50 93.03
26 43 40.9
26 87 82.78
26 47 79.44
26 46 99.65
26 31 79.51
26 76 29.31
26 57 85.11
26 93 97.1
26 89 27.75
26 59 1.16
26 90 37.95
26 74 69.3
26 60 23.27
26 80 46.52
26 70 58.61
26 67 76.59
26 98 74.77
26 72 42.5
26 49 13.08
27 56 61.51
27 94 85.91
27 97 91.84
27 28 88.2
27 68 76.68
27 57 74.29
27 99 7.43
27 34 97.26
27 58 52.86
27 31 52.53
27 46 53.62
27 32 8.32
27 82 11.94
27 33 54.69
27 65 17.39
27 78 31.37
27 75 70.41
27 72 94.43
27 48 15.25
27 69 76.99
27 71 41.73
27 60 94.98
27 62 2.86
27 81 80.83
27 50 58.55
27 40 25.39
27 96 16.43
27 42 85.51
27 54 89.3
27 92 34.88
27 95 18.74
27 51 9.76
27 76 5.52
27 86 86.14
27 85 46.66
27 84 52.47
27 44 45.28
28 29 60.53
28 59 99.41
28 95 71.83
28 80 4.62
28 63 59.8
28 73 84.85
28 54 65.42
28 32 62.47
28 51 71.88
28 58 92.63
28 38 41.09
28 82 22.72
28 43 91.78
28 91 36.97
28 47 18.5
28 60 86.85
28 33 56.13
28 81 86.07
28 66 75.05
28 56 27.04
28 98 54.56
28 74 4.2
28 79 49.92
28 61 91.94
28 76 85.68
28 34 88.33
28 64 19.62
28 83 51.53
28 40 2.09
28 45 93.14
28 36 77.52
28 49 83.86
28 31 79.34
29 32 62.47
29 89 88.7
29 54 88.34
29 30 81.61
29 82 5.07
29 79 46.63
29 49 98.0
29 90 98.05
29 63 2.03
29 97 69.35
29 56 98.3
29 47 89.52
29 80 48.8
29 60 93.07
29 39 87.12
29 55 35.9
29 48 93.4
29 66 9.19
29 88 45.49
29 57 64.04
29 95 85.26
29 33 38.82
29 76 60.19
29 71 66.3
29 91 49.05
29 81 79.62
29 86 13.15
29 58 56.28
29 61 22.58
29 35 42.97
30 65 67.43
30 41 49.13
30 86 89.28
30 68 27.33
30 53 20.37
30 87 4.94
30 39 75.49
30 63 20.02
30 34 37.76
30 77 96.23
30 54 57.68
30 46 28.51
30 64 61.99
30 88 99.35
30 66 23.62
30 95 51.25
30 72 14.56
30 94 16.67
30 37 78.29
30 35 14.87
30 36 78.05
30 49 77.28
30 38 12.64
31 89 13.68
31 76 15.0
31 86 19.92
31 75 34.03
31 44 93.15
31 92 70.3
31 91 97.93
31 69 28.06
31 52 99.89
31 55 21.76
31 36 89.85
31 97 92.27
31 84 31.36
31 67 4.07
31 74 10.5
31 53 50.84
31 48 27.13
31 51 63.65
31 87 93.36
31 41 93.03
31 90 76.94
31 47 82.5
31 61 25.13
31 35 54.63
31 81 9.03
32 41 51.44
32 39 62.75
32 97 31.55
32 92 14.89
32 69 49.09
32 66 5.01
32 82 61.4
32 36 69.33
32 62 42.08
32 50 27.35
32 45 23.86
32 79 9.27
32 87 20.09
32 98 43.75
32 76 12.99
32 44 36.68
32 84 41.88
32 54 84.6
32 33 15.01
32 52 34.19
32 47 93.82
32 42 80.98
32 64 23.1
32 88 89.87
32 75 91.65
32 61 96.66
32 49 33.7
32 35 90.59
32 94 27.15
32 51 19.96
32 56 38.52
32 53 67.93
32 60 27.93
33 99 81.95
33 80 35.81
33 82 85.78
33 47 29.58
33 75 29.15
33 67 49.4
33 59 27.12
33 49 99.24
33 86 2.15
33 87 45.89
33 74 47.56
33 71 18.95
33 97 9.08
33 84 66.12
33 98 24.58
33 70 49.17
33 58 59.53
33 90 94.09
33 92 70.58
33 45 61.87
33 37 31.3
33 66 88.02
33 60 83.38
33 53 26.7
33 77 45.35
33 54 37.65
33 61 29.82
33 48 2.66
33 85 34.71
33 46 22.96
33 55 57.73
34 90 91.05
34 79 92.35
34 66 24.02
34 62 53.66
34 81 26.7
34 35 25.19
34 50 76.95
34 55 52.76
34 57 59.95
34 65 32.12
34 67 72.87
34 60 22.5
34 97 58.45
34 78 32.04
34 42 70.61
34 38 41.29
34 75 88.51
34 80 84.05
34 96 20.99
34 72 37.49
34 59 64.34
34 45 40.84
34 94 39.09
34 49 3.67
34 46 13.26
34 91 0.08
34 39 1.41
35 75 1.56
35 54 2.77
35 45 28.74
35 80 73.41
35 85 93.01
35 50 83.61
35 44 6.19
35 47 16.33
35 62 24.76
35 91 39.96
35 41 54.8
35 79 86.74
35 52 96.52
35 46 2.03
35 40 50.64
35 61 40.37
35 42 39.74
35 76 99.05
35 68 17.47
35 60 79.07
35 39 78.84
35 89 38.75
35 69 27.87
35 93 99.55
35 58 6.59
36 42 93.86
36 90 24.19
36 93 27.44
36 65 66.58
36 80 75.3
36 98 7.5
36 68 40.76
36 45 89.02
36 92 74.54
36 75 46.31
36 97 94.0
36 37 24.81
36 94 33.91
36 69 16.23
36 47 65.54
36 41 3.55
36 91 63.93
36 61 42.34
36 78 22.61
36 62 64.72
36 46 28.99
36 39 14.3
36 53 0.3
37 85 36.51
37 66 36.27
37 99 38.47
37 74 16.37
37 89 80.25
37 38 30.09
37 58 19.68
37 87 4.84
37 42 24.55
37 91 54.84
37 57 69.4
37 49 75.08
37 82 6.27
37 88 27.66
37 41 6.61
37 55 64.98
37 46 60.67
37 47 6.9
37 56 71.97
37 97 65.01
37 76 85.04
37 72 25.0
37 90 10.35
37 64 29.6
37 45 97.79
37 78 45.51
37 96 89.91
37 80 87.46
37 59 45.39
37 69 90.08
37 40 40.21
38 40 48.05
38 80 85.2
38 43 48.4
38 55 9.39
38 66 48.34
38 83 9.83
38 84 6.31
38 57 15.21
38 41 72.52
38 67 0.15
38 63 11.25
38 44 44.26
38 77 60.31
38 58 89.61
38 92 22.23
38 47 81.22
38 62 52.43
38 82 82.6
38 98 44.64
38 97 30.37
38 60 69.45
38 87 65.56
38 71 46.57
38 78 28.03
38 89 61.08
38 79 82.38
38 69 5.11
38 81 9.09
38 39 30.3
39 98 2.47
39 41 45.6
39 79 46.22
39 93 35.64
39 74 26.32
39 76 34.31
39 87 54.36
39 99 36.0
39 81 77.09
39 48 40.17
39 60 4.79
39 53 46.71
39 73 37.27
39 88 54.12
39 62 31.3
39 94 1.7
39 54 37.26
39 97 18.9
39 77 66.02
39 82 61.18
39 66 99.97
40 82 8.69
40 94 58.05
40 81 29.65
40 46 30.95
40 80 40.05
40 78 89.63
40 68 26.31
40 98 42.58
40 71 10.26
40 88 55.59
40 87 72.89
40 44 49.81
40 47 43.64
40 92 90.08
40 59 89.74
40 76 28.45
40 83 96.46
40 63 79.49
40 93 71.0
40 89 2.24
40 45 86.25
40 43 28.27
40 66 54.91
40 57 89.09
41 42 66.82
41 52 88.58
41 51 96.34
41 84 50.8
41 47 44.9
41 55 46.62
41 75 74.83
41 78 27.3
41 60 52.83
41 97 27.03
41 86 42.31
41 66 76.28
41 57 19.87
41 93 78.66
41 46 7.48
41 74 73.87
41 81 73.29
41 54 68.92
41 98 87.29
41 82 74.21
41 99 89.27
41 71 99.77
42 64 85.35
42 71 46.61
42 76 82.72
42 86 71.99
42 44 92.74
42 87 1.05
42 88 64.38
42 57 97.17
42 82 51.0
42 83 87.09
42 80 54.24
42 68 38.64
42 56 30.29
42 59 49.29
42 95 79.59
42 61 5.58
42 67 1.14
42 72 19.33
42 48 22.32
42 65 93.91
42 50 31.45
42 96 70.19
42 55 16.68
42 49 83.98
42 46 97.24
42 58 83.73
42 43 36.77
43 91 72.16
43 79 73.32
43 97 39.47
43 50 12.01
43 85 10.33
43 58 91.6
43 53 81.66
43 49 54.83
43 96 87.75
43 74 42.24
43 81 13.25
43 48 75.21
43 88 94.86
43 89 22.85
43 65 87.23
43 59 63.61
43 71 65.24
43 87 59.59
43 84 28.37
43 64 25.64
43 75 85.71
43 82 40.48
44 63 84.98
44 69 87.45
44 89 17.78
44 99 55.45
44 68 54.01
44 50 25.85
44 92 24.77
44 48 97.1
44 46 74.76
44 87 35.88
44 59 98.72
44 88 91.71
44 98 15.55
44 45 90.38
44 97 61.63
44 76 68.54
44 57 47.62
44 86 88.83
44 67 31.53
44 61 95.74
44 94 70.03
44 72 70.58
44 49 72.93
44 55 16.73
44 58 63.85
45 57 46.89
45 51 15.63
45 81 75.21
45 46 69.26
45 73 59.42
45 74 83.48
45 89 94.54
45 85 59.03
45 79 4.15
45 58 98.65
45 56 75.46
45 63 53.79
45 84 52.18
45 50 49.0
45 66 29.12
45 72 61.22
45 76 8.01
45 99 93.1
46 70 32.39
46 49 88.19
46 74 92.61
46 67 84.8
46 51 69.16
46 64 88.24
46 68 1.46
46 72 41.4
46 55 33.18
46 50 59.08
46 77 80.13
46 99 49.39
46 85 45.26
46 84 6.77
46 92 9.42
46 63 21.79
46 71 18.47
46 58 64.43
46 86 96.48
46 53 18.36
47 68 82.5
47 54 11.42
47 92 63.66
47 72 99.87
47 67 53.78
47 85 98.42
47 78 45.68
47 59 41.26
47 53 98.18
47 87 97.66
47 96 26.97
47 55 21.91
47 88 20.9
47 49 76.49
47 57 18.98
47 63 79.06
47 97 70.24
47 98 23.92
47 90 64.63
47 89 95.27
47 95 66.67
47 61 0.69
48 69 85.18
48 83 3.48
48 64 55.75
48 98 94.79
48 54 20.1
48 89 39.78
48 88 70.71
48 68 93.54
48 63 76.47
48 85 92.46
48 72 25.59
48 49 87.78
48 78 81.08
48 93 0.2
48 84 40.22
48 71 55.28
48 87 3.99
48 51 42.22
48 50 84.1
48 91 36.05
48 77 77.57
48 59 14.86
48 94 40.24
48 99 58.8
48 58 12.01
49 74 25.88
49 84 69.12
49 50 30.68
49 80 22.87
49 76 10.01
49 78 73.15
49 59 40.86
49 63 52.25
49 96 23.64
49 57 77.85
49 87 54.72
49 75 94.19
49 82 75.99
49 65 32.29
49 97 69.23
49 60 10.8
49 68 83.34
49 94 23.8
49 62 18.19
49 81 77.11
50 96 0.59
50 61 18.96
50 85 63.69
50 83 17.02
50 81 37.48
50 57 10.16
50 80 64.22
50 79 43.48
50 98 4.41
50 65 48.43
50 93 27.15
50 52 25.08
50 78 60.95
50 74 57.54
50 88 84.72
50 90 17.9
50 77 46.92
50 86 60.07
50 94 95.91
50 99 77.23
51 77 88.58
51 63 26.54
51 56 3.74
51 69 46.01
51 68 78.33
51 98 5.21
51 72 74.14
51 52 72.34
51 59 39.49
51 88 66.3
51 96 48.3
51 79 73.28
51 90 85.66
51 57 3.6
52 80 53.58
52 99 87.82
52 65 51.48
52 78 65.96
52 66 31.53
52 59 66.41
52 67 57.56
52 61 95.33
52 63 94.2
52 53 97.18
52 92 3.17
52 75 32.5
52 54 38.54
52 73 61.24
52 77 34.22
53 78 57.65
53 79 3.16
53 86 93.82
53 84 90.83
53 68 56.41
53 58 93.13
53 77 94.45
53 73 13.6
53 60 44.52
53 76 23.45
53 97 38.01
53 85 60.35
53 66 46.42
53 91 57.04
53 83 30.42
53 56 56.32
53 96 8.58
53 93 24.64
53 99 11.05
54 63 30.32
54 85 26.97
54 88 62.62
54 81 32.65
54 84 98.27
54 69 91.39
54 76 97.54
54 74 18.36
54 91 83.95
54 78 93.2
54 87 14.23
54 67 2.83
54 79 9.39
54 57 22.32
54 80 72.8
54 70 86.87
55 75 66.2
55 62 95.58
55 60 90.91
55 61 36.15
55 96 27.68
55 84 59.86
55 92 71.08
55 98 66.68
55 63 27.3
55 78 73.7
55 93 87.42
55 73 51.78
55 83 77.43
55 89 30.75
55 90 56.81
55 69 45.88
55 64 75.76
55 82 88.96
55 70 15.53
55 72 7.52
56 74 45.33
56 60 67.67
56 88 93.03
56 99 45.96
56 73 87.36
56 82 61.92
56 86 91.71
56 85 25.59
56 63 98.1
56 92 62.64
56 66 82.56
56 76 85.23
56 64 95.77
56 78 95.31
56 80 23.02
56 59 82.58
56 95 66.32
56 68 74.89
57 88 72.37
57 90 23.0
57 70 14.95
57 65 43.99
57 79 73.78
57 68 74.31
57 58 8.35
57 84 57.23
57 86 38.5
57 85 62.34
57 81 71.77
57 94 37.3
57 59 90.52
57 66 93.22
57 97 58.44
58 81 70.45
58 99 8.5
58 73 42.11
58 68 87.52
58 80 72.79
58 93 58.21
58 62 50.65
58 96 42.62
58 77 67.04
58 76 98.79
58 91 80.81
58 89 9.4
58 69 7.05
58 88 77.79
58 97 48.68
58 90 78.62
58 67 23.96
58 85 26.55
58 75 83.56
58 65 87.74
59 91 7.41
59 93 79.58
59 88 55.18
59 71 95.71
59 73 92.03
59 90 90.56
59 66 58.09
59 69 89.49
59 84 33.43
59 60 46.33
59 61 42.52
59 92 28.24
59 67 80.7
59 83 44.52
60 90 15.14
60 74 87.38
60 75 43.99
60 78 48.95
60 81 59.06
60 99 3.09
60 70 57.54
60 86 51.51
60 85 64.02
60 88 41.33
60 98 69.89
60 71 64.62
60 77 52.83
61 63 6.61
61 99 21.0
61 93 19.14
61 86 15.56
61 77 92.78
61 95 89.95
61 81 14.31
61 79 85.14
61 66 50.66
61 83 77.42
61 74 98.44
61 70 45.11
61 89 83.44
61 84 78.54
62 91 19.96
62 88 94.1
62 87 15.84
62 70 59.56
62 98 9.33
62 77 55.92
62 69 75.44
62 76 60.61
62 93 53.58
62 80 38.56
62 74 2.4
62 63 38.35
62 65 27.59
62 86 93.15
63 83 49.6
63 97 62.03
63 88 14.68
63 94 76.66
63 84 28.33
63 99 76.9
63 67 71.3
63 72 61.73
63 93 50.24
63 77 6.43
63 76 67.42
63 68 57.82
63 64 60.31
64 97 99.6
64 66 87.24
64 67 84.53
64 95 60.69
64 71 54.57
64 94 49.93
64 68 24.72
64 96 30.64
64 91 58.89
64 80 15.51
64 70 5.34
64 75 64.06
64 87 18.99
64 69 45.79
64 76 43.61
64 78 90.44
64 99 83.02
64 93 4.68
64 77 35.7
65 81 0.63
65 78 28.66
65 94 53.71
65 82 93.28
65 97 10.61
65 70 3.26
65 67 76.71
65 98 6.16
65 92 77.6
65 89 2.49
65 69 31.76
65 83 53.83
65 75 7.86
66 77 4.04
66 74 8.54
66 96 24.03
66 95 87.14
66 78 75.91
66 85 56.94
66 82 89.99
66 86 28.4
66 89 59.71
66 94 63.57
66 81 72.38
66 93 72.6
66 67 36.3
66 90 23.39
66 70 52.64
66 73 31.64
66 75 73.36
66 87 78.23
66 97 90.47
66 80 98.75
66 76 79.91
67 87 52.33
67 91 65.51
67 92 73.98
67 89 9.03
67 88 17.12
67 96 5.08
67 80 46.27
67 73 44.55
67 81 96.6
68 99 15.71
68 96 49.11
68 71 39.4
68 83 66.72
68 69 90.61
68 82 9.19
68 88 38.6
68 85 45.16
68 87 10.52
68 94 21.55
68 97 83.9
69 93 55.08
69 98 94.44
69 84 77.43
69 89 26.22
69 94 45.55
69 79 23.6
69 90 34.42
69 85 83.52
69 72 83.08
69 86 76.67
70 93 81.61
70 80 91.35
70 83 68.59
70 74 80.95
70 77 6.02
70 72 36.01
70 84 80.16
70 75 67.0
70 79 87.82
71 78 91.81
71 83 88.97
71 76 4.45
71 93 23.57
71 84 56.83
71 86 15.77
71 96 26.52
71 72 13.7
71 88 26.5
72 85 29.98
72 93 71.94
72 94 20.52
72 74 68.39
72 95 53.19
72 82 52.46
72 73 10.03
72 77 78.38
72 97 81.59
72 89 67.53
73 93 10.44
73 76 98.47
73 82 95.13
73 80 49.1
73 74 9.89
73 99 6.17
73 85 53.19
73 89 5.77
73 90 36.71
73 96 60.1
73 94 9.15
74 87 58.38
74 85 93.59
74 99 23.18
74 96 15.33
74 83 54.39
74 92 46.55
74 78 1.1
74 88 51.32
74 90 87.68
74 91 56.24
74 89 17.66
74 79 99.41
75 92 39.47
75 94 0.14
75 80 93.93
75 77 33.32
75 88 62.52
75 85 68.53
75 93 62.75
75 82 78.78
75 99 93.42
76 96 8.93
76 86 98.41
76 82 10.61
76 80 8.63
76 91 57.16
76 92 3.66
76 94 25.06
76 85 40.86
76 89 44.44
76 99 72.32
76 77 79.88
76 97 26.68
76 90 63.98
76 93 25.21
76 83 74.4
76 88 58.62
77 85 28.48
77 90 13.31
77 96 82.52
77 78 23.12
77 82 53.44
77 79 88.51
77 81 74.82
77 87 26.01
77 83 9.12
77 89 91.75
78 81 22.61
78 80 5.49
78 88 99.76
78 90 63.62
78 97 51.72
78 87 24.56
78 79 95.57
78 91 36.42
78 96 10.97
79 99 7.67
79 97 39.09
79 93 4.9
79 81 74.26
79 94 0.23
79 98 51.46
79 84 70.65
79 87 85.96
79 86 31.71
79 89 52.93
79 91 24.42
79 90 50.96
80 92 8.79
80 84 44.94
80 96 50.69
80 89 20.25
80 93 90.29
80 81 99.68
80 86 36.97
81 94 45.58
81 85 32.98
81 86 29.76
81 89 48.24
81 96 0.6
81 97 43.96
81 84 47.37
81 93 21.3
82 98 12.23
82 93 63.55
82 84 63.89
82 94 30.26
82 89 62.81
83 96 34.05
83 86 67.35
83 93 90.57
84 88 83.1
84 90 51.83
84 98 5.69
84 86 49.21
84 85 9.51
84 96 7.53
84 95 35.57
85 97 1.39
85 95 15.11
85 93 74.05
85 91 48.57
85 96 49.97
85 86 90.97
85 94 75.03
85 98 68.63
86 97 69.58
86 98 75.68
86 96 94.15
86 95 52.06
86 88 0.74
87 93 50.57
87 99 15.96
87 90 45.95
87 92 20.76
87 98 89.6
88 90 94.16
88 99 53.2
88 98 22.1
88 92 73.27
88 97 35.49
88 91 96.9
88 93 78.46
89 96 85.42
89 91 62.26
89 90 28.28
89 94 4.36
90 95 88.96
90 97 66.2
90 91 44.33
90 93 89.9
90 94 6.11
90 99 54.89
91 94 5.27
91 93 53.94
91 98 18.87
91 96 69.78
91 95 26.38
92 98 21.62
92 96 62.78
93 95 56.18
95 97 11.47
96 99 21.8
96 98 56.92
97 99 32.58
98 99 47.15
