100
0 3 2.39
0 4 48.144
0 10 41.85
0 17 22.556
0 18 56.807
0 23 30.509
0 28 4.552
0 33 98.057
0 47 86.629
0 66 39.813
0 72 6.17
1 3 72.515
1 4 47.486
1 5 7.05
1 7 36.161
1 10 40.676
1 11 50.64
1 15 22.179
1 17 9.181
1 20 21.542
1 25 92.939
1 42 38.768
1 52 15.465
1 69 20.812
1 89 3.708
2 3 82.145
2 15 18.167
2 20 23.022
2 34 74.999
3 4 67.695
3 5 38.27
3 6 48.542
3 8 42.508
3 12 71.145
3 13 34.874
3 16 41.513
3 31 89.393
3 34 89.36
3 37 88.666
3 38 52.669
3 43 44.451
3 44 44.266
3 45 34.064
3 48 11.045
3 52 97.509
3 53 80.14
3 55 93.472
3 59 4.131
3 64 79.704
3 70 66.369
3 72 86.177
3 75 19.882
3 82 73.727
3 95 79.781
4 5 46.629
4 6 75.036
4 7 27.879
4 8 82.982
4 9 38.947
4 12 88.497
4 13 62.951
4 18 19.974
4 21 13.112
4 24 63.185
4 42 42.879
4 53 94.419
4 56 34.483
4 67 37.768
4 71 95.108
4 72 95.367
4 91 90.932
4 93 9.734
5 6 79.049
5 7 49.434
5 8 67.084
5 9 80.676
5 10 56.957
5 11 50.328
5 12 80.712
5 14 13.372
5 16 19.399
5 17 77.747
5 19 21.193
5 22 24.672
5 23 87.64
5 27 89.81
5 28 47.468
5 30 47.601
5 36 77.364
5 39 88.269
5 41 37.229
5 43 94.376
5 49 95.442
5 51 22.374
5 58 3.808
5 83 97.175
6 9 69.89
6 28 22.116
6 39 62.622
6 40 73.941
6 73 28.434
7 23 98.084
7 37 53.371
7 75 61.209
7 85 92.69
8 11 95.538
8 18 73.575
8 24 72.855
8 71 26.028
8 88 58.003
8 95 35.44
8 99 29.106
9 13 83.336
9 16 67.184
9 22 58.238
9 24 81.904
9 27 70.849
9 29 95.82
9 47 32.572
9 64 64.761
9 69 21.452
9 74 81.085
9 97 19.366
10 29 91.024
10 35 84.851
10 71 49.497
10 92 31.589
10 95 46.948
11 14 18.473
11 15 6.487
11 19 72.312
11 21 2.663
11 33 61.143
11 34 19.778
11 49 52.292
11 57 74.159
11 59 57.184
11 68 77.15
12 20 0.709
12 29 68.076
12 31 22.216
12 33 16.575
12 76 28.658
13 14 74.71
13 25 70.939
13 26 66.591
13 39 41.608
13 44 16.043
13 65 22.961
13 66 30.071
13 88 97.064
13 89 53.269
14 22 69.943
14 30 81.739
14 32 60.221
14 43 72.726
14 46 54.915
14 53 89.306
14 58 27.47
14 60 61.231
14 63 72.205
14 66 51.293
14 69 51.22
14 76 73.548
14 77 2.959
14 78 46.009
14 87 72.323
14 90 90.293
14 91 68.571
14 98 51.817
14 99 7.377
15 25 50.314
15 30 38.443
15 65 54.353
16 31 82.43
17 78 66.353
18 19 99.187
18 27 75.135
18 32 74.545
18 50 55.434
18 54 40.639
18 61 63.735
18 68 74.97
18 76 82.116
18 82 10.125
19 67 30.444
19 84 97.34
19 96 63.066
20 21 7.658
20 26 88.762
21 54 64.111
21 70 6.091
21 74 54.159
21 89 40.387
21 93 68.025
22 94 70.021
23 41 51.598
23 51 31.655
23 81 82.273
25 26 46.922
25 36 48.771
25 40 93.454
26 32 79.462
26 87 32.518
26 97 20.894
27 35 27.333
27 37 11.232
27 40 68.616
27 41 18.775
27 44 0.98
27 48 80.076
27 62 27.495
27 65 96.173
27 98 6.889
28 35 54.739
28 38 47.457
28 42 48.245
28 55 78.278
28 59 98.227
28 78 55.522
28 79 2.255
28 83 47.542
28 93 60.49
28 94 59.13
29 36 48.084
29 38 87.165
29 46 56.647
29 73 69.725
30 45 87.453
31 50 69.067
32 61 78.082
33 58 1.374
34 52 43.056
36 49 97.282
36 56 0.651
36 60 66.504
36 73 91.089
36 87 0.261
37 46 13.151
37 51 90.285
37 55 25.737
37 57 74.905
37 60 89.84
37 81 2.793
37 83 65.815
37 91 23.862
37 92 10.226
38 45 77.774
38 64 41.596
39 61 19.743
39 80 94.981
39 92 73.213
41 48 86.945
41 50 79.721
41 54 44.442
42 84 70.366
45 57 67.566
45 90 0.016
46 47 12.882
46 75 73.096
46 85 46.906
46 86 26.175
47 56 52.566
47 63 90.504
47 81 75.211
48 85 72.741
50 67 65.72
50 86 49.954
51 79 29.705
52 79 79.551
53 62 86.043
53 63 18.673
54 80 79.837
54 88 91.284
56 62 63.34
56 80 19.111
57 77 29.109
59 82 21.551
65 99 6.613
66 68 24.619
67 97 58.706
69 70 12.492
69 90 18.792
70 86 54.307
71 74 64.301
72 98 13.598
73 77 8.185
77 96 77.234
80 84 12.262
82 94 96.496
82 96 54.44