100
0 87 1.0
0 59 1.0
0 51 1.0
0 77 1.0
0 38 1.0
0 70 1.0
0 63 1.0
0 64 1.0
0 18 1.0
59 54 1.0
59 48 1.0
59 27 1.0
59 70 1.0
59 80 1.0
59 79 1.0
59 64 1.0
59 63 1.0
59 13 1.0
51 35 1.0
51 28 1.0
51 30 1.0
51 36 1.0
51 81 1.0
51 31 1.0
51 21 1.0
51 90 1.0
51 45 1.0
77 99 1.0
77 43 1.0
77 92 1.0
77 12 1.0
77 3 1.0
77 69 1.0
77 11 1.0
77 86 1.0
77 1 1.0
38 96 1.0
38 12 1.0
38 35 1.0
38 55 1.0
38 86 1.0
38 4 1.0
38 2 1.0
38 20 1.0
38 32 1.0
70 97 1.0
70 65 1.0
70 1 1.0
70 96 1.0
70 93 1.0
70 60 1.0
70 89 1.0
70 57 1.0
63 21 1.0
63 97 1.0
63 94 1.0
63 41 1.0
63 7 1.0
63 60 1.0
63 48 1.0
63 47 1.0
64 87 1.0
64 74 1.0
64 46 1.0
64 62 1.0
64 90 1.0
64 49 1.0
64 10 1.0
64 9 1.0
64 76 1.0
18 14 1.0
18 41 1.0
18 60 1.0
18 34 1.0
18 8 1.0
18 54 1.0
18 55 1.0
18 28 1.0
18 69 1.0
19 87 1.0
19 67 1.0
19 54 1.0
19 85 1.0
19 83 1.0
19 24 1.0
19 90 1.0
19 43 1.0
19 37 1.0
67 33 1.0
67 25 1.0
67 88 1.0
67 76 1.0
67 92 1.0
67 81 1.0
67 40 1.0
67 30 1.0
67 5 1.0
54 78 1.0
54 3 1.0
54 98 1.0
54 69 1.0
54 44 1.0
54 92 1.0
54 79 1.0
85 58 1.0
85 24 1.0
85 76 1.0
85 4 1.0
85 26 1.0
85 34 1.0
85 81 1.0
85 39 1.0
85 71 1.0
83 34 1.0
83 80 1.0
83 9 1.0
83 93 1.0
83 48 1.0
83 94 1.0
83 73 1.0
83 7 1.0
83 46 1.0
24 10 1.0
24 68 1.0
24 73 1.0
24 65 1.0
24 5 1.0
24 76 1.0
24 8 1.0
24 30 1.0
90 1 1.0
90 23 1.0
90 29 1.0
90 71 1.0
90 74 1.0
90 22 1.0
90 12 1.0
43 12 1.0
43 11 1.0
43 20 1.0
43 50 1.0
43 98 1.0
43 80 1.0
43 91 1.0
43 21 1.0
37 94 1.0
37 89 1.0
37 28 1.0
37 33 1.0
37 66 1.0
37 25 1.0
37 9 1.0
37 3 1.0
37 82 1.0
17 87 1.0
17 48 1.0
17 99 1.0
17 28 1.0
17 41 1.0
17 32 1.0
17 74 1.0
17 81 1.0
17 30 1.0
48 55 1.0
48 49 1.0
48 25 1.0
48 33 1.0
48 11 1.0
48 35 1.0
99 74 1.0
99 8 1.0
99 47 1.0
99 41 1.0
99 96 1.0
99 88 1.0
99 10 1.0
99 36 1.0
28 69 1.0
28 7 1.0
28 36 1.0
28 8 1.0
28 86 1.0
28 66 1.0
41 86 1.0
41 47 1.0
41 91 1.0
41 10 1.0
41 40 1.0
41 14 1.0
32 5 1.0
32 81 1.0
32 7 1.0
32 40 1.0
32 94 1.0
32 50 1.0
32 71 1.0
32 84 1.0
74 73 1.0
74 14 1.0
74 30 1.0
74 92 1.0
74 55 1.0
74 4 1.0
81 66 1.0
81 95 1.0
81 61 1.0
81 34 1.0
81 96 1.0
30 98 1.0
30 84 1.0
30 44 1.0
30 2 1.0
30 8 1.0
15 87 1.0
15 29 1.0
15 2 1.0
15 47 1.0
15 40 1.0
15 50 1.0
15 5 1.0
15 62 1.0
15 73 1.0
29 23 1.0
29 21 1.0
29 79 1.0
29 62 1.0
29 78 1.0
29 12 1.0
29 33 1.0
29 11 1.0
2 25 1.0
2 95 1.0
2 61 1.0
2 46 1.0
2 16 1.0
2 50 1.0
2 88 1.0
47 91 1.0
47 31 1.0
47 44 1.0
47 82 1.0
47 95 1.0
47 1 1.0
40 26 1.0
40 62 1.0
40 86 1.0
40 61 1.0
40 76 1.0
40 23 1.0
50 79 1.0
50 71 1.0
50 31 1.0
50 10 1.0
50 33 1.0
50 60 1.0
5 36 1.0
5 45 1.0
5 80 1.0
5 4 1.0
5 7 1.0
5 14 1.0
62 20 1.0
62 84 1.0
62 13 1.0
62 61 1.0
62 93 1.0
62 27 1.0
73 65 1.0
73 58 1.0
73 31 1.0
73 26 1.0
73 80 1.0
73 92 1.0
42 87 1.0
42 55 1.0
42 60 1.0
42 11 1.0
42 35 1.0
42 98 1.0
42 93 1.0
42 9 1.0
42 23 1.0
55 26 1.0
55 80 1.0
55 46 1.0
55 23 1.0
55 78 1.0
60 45 1.0
60 22 1.0
60 78 1.0
60 97 1.0
60 46 1.0
11 8 1.0
11 10 1.0
11 69 1.0
11 68 1.0
11 84 1.0
35 44 1.0
35 45 1.0
35 57 1.0
35 21 1.0
35 49 1.0
35 98 1.0
98 87 1.0
98 9 1.0
98 97 1.0
98 91 1.0
98 65 1.0
98 89 1.0
93 87 1.0
93 3 1.0
93 61 1.0
93 66 1.0
93 88 1.0
93 46 1.0
93 94 1.0
9 71 1.0
9 97 1.0
9 76 1.0
9 68 1.0
9 10 1.0
23 20 1.0
23 96 1.0
23 45 1.0
23 69 1.0
23 26 1.0
6 87 1.0
6 1 1.0
6 80 1.0
6 44 1.0
6 82 1.0
6 95 1.0
6 8 1.0
6 16 1.0
6 66 1.0
1 39 1.0
1 16 1.0
1 27 1.0
1 12 1.0
1 66 1.0
80 87 1.0
80 57 1.0
80 61 1.0
80 34 1.0
44 49 1.0
44 89 1.0
44 92 1.0
44 88 1.0
44 31 1.0
82 36 1.0
82 7 1.0
82 96 1.0
82 39 1.0
82 95 1.0
82 26 1.0
82 25 1.0
95 39 1.0
95 31 1.0
95 3 1.0
95 21 1.0
95 20 1.0
8 13 1.0
8 26 1.0
8 61 1.0
16 22 1.0
16 20 1.0
16 21 1.0
16 71 1.0
16 58 1.0
16 57 1.0
16 86 1.0
66 87 1.0
66 92 1.0
66 22 1.0
66 97 1.0
66 71 1.0
56 87 1.0
56 76 1.0
56 36 1.0
56 97 1.0
56 34 1.0
56 46 1.0
56 14 1.0
56 89 1.0
56 91 1.0
76 87 1.0
76 27 1.0
76 57 1.0
76 22 1.0
36 25 1.0
36 20 1.0
36 31 1.0
36 13 1.0
97 87 1.0
97 20 1.0
97 79 1.0
97 58 1.0
34 45 1.0
34 79 1.0
34 20 1.0
34 3 1.0
46 78 1.0
46 71 1.0
46 57 1.0
14 69 1.0
14 12 1.0
14 58 1.0
14 89 1.0
14 79 1.0
89 87 1.0
89 7 1.0
89 13 1.0
89 79 1.0
89 91 1.0
91 3 1.0
91 10 1.0
91 58 1.0
91 7 1.0
75 87 1.0
75 4 1.0
75 92 1.0
75 27 1.0
75 26 1.0
75 49 1.0
75 68 1.0
75 33 1.0
75 39 1.0
4 84 1.0
4 79 1.0
4 58 1.0
4 94 1.0
4 69 1.0
92 61 1.0
92 27 1.0
27 86 1.0
27 49 1.0
27 96 1.0
27 12 1.0
26 78 1.0
26 25 1.0
49 96 1.0
49 68 1.0
49 61 1.0
49 22 1.0
68 87 1.0
68 88 1.0
68 94 1.0
68 39 1.0
68 96 1.0
68 84 1.0
33 88 1.0
33 22 1.0
33 84 1.0
33 39 1.0
39 57 1.0
39 22 1.0
39 88 1.0
53 87 1.0
53 57 1.0
53 25 1.0
53 84 1.0
53 69 1.0
53 96 1.0
53 7 1.0
53 20 1.0
53 13 1.0
57 71 1.0
57 84 1.0
25 78 1.0
25 13 1.0
84 13 1.0
69 87 1.0
69 65 1.0
7 22 1.0
13 31 1.0
13 12 1.0
52 87 1.0
52 71 1.0
52 78 1.0
52 10 1.0
52 88 1.0
52 61 1.0
52 58 1.0
52 86 1.0
52 94 1.0
78 45 1.0
78 58 1.0
10 21 1.0
88 65 1.0
58 86 1.0
86 3 1.0
94 21 1.0
94 45 1.0
72 87 1.0
72 22 1.0
72 12 1.0
72 45 1.0
72 21 1.0
72 65 1.0
72 3 1.0
72 79 1.0
72 31 1.0
45 65 1.0
65 31 1.0
65 3 1.0
31 87 1.0
