100
22 87 87.878
87 47 93.942
87 89 95.183
38 22 73.149
22 97 43.397
87 5 19.126
87 33 69.881
34 87 61.265
27 22 20.645
22 61 26.409
96 22 46.516
7 87 80.033
59 87 28.029
22 80 7.854
9 87 59.996
81 87 13.052
93 87 36.406
87 14 84.785
87 71 73.782
22 74 1.62
42 87 49.773
28 22 13.416
87 83 62.317
87 16 88.28
18 22 56.544
2 22 22.074
87 15 87.623
87 51 87.613
87 68 63.531
87 49 33.223
87 17 21.816
66 87 78.58
76 22 1.831
45 22 95.547
57 87 96.775
87 78 38.543
69 87 56.945
40 87 19.426
12 87 94.695
22 23 88.892
77 87 45.803
22 32 21.698
65 87 12.567
56 87 65.82
1 87 72.176
22 62 17.001
87 39 31.263
19 87 77.446
41 87 74.407
64 87 58.351
87 85 22.306
36 22 46.761
22 25 5.365
0 87 10.834
87 24 1.293
87 99 17.177
87 35 12.058
75 87 47.441
87 82 19.011
52 87 19.327
87 88 97.961
44 87 28.168
87 58 22.137
22 91 56.333
87 86 68.112
87 37 45.318
13 87 24.387
87 10 36.089
87 95 55.092
87 26 31.576
50 87 30.758
55 87 2.37
87 73 83.764
22 53 52.221
22 30 34.431
87 98 93.114
67 87 69.201
87 79 70.636
6 87 23.618
87 8 8.029
46 87 15.148
94 87 54.848
87 92 62.96
31 22 42.591
22 84 79.084
22 70 13.347
4 87 46.262
48 87 72.332
87 21 18.562
87 11 32.275
63 87 72.401
87 60 31.259
29 87 69.405
22 54 70.929
72 87 69.018
20 22 89.889
43 87 60.088
87 3 66.591
90 87 33.839
79 20 42.276
82 40 10.24
92 70 15.948
66 92 65.332
88 3 58.552
