100
0 4 41.35
0 12 54.7
0 1 57.35
0 18 75.57
0 19 40.85
0 37 75.97
0 9 26.0
0 43 41.48
0 36 30.86
0 14 61.29
0 33 95.75
0 20 55.2
0 31 27.78
0 3 20.95
0 25 9.04
0 13 55.36
0 49 65.87
0 45 42.36
0 39 26.78
0 6 16.95
0 57 98.98
0 46 7.45
0 41 1.05
0 24 0.89
0 29 95.06
0 54 73.46
0 28 86.42
0 47 20.68
0 55 38.53
0 48 68.65
0 88 49.2
0 83 47.63
0 89 67.04
0 86 22.17
0 75 86.81
0 74 63.31
0 80 37.63
0 67 82.46
0 81 73.02
0 87 77.98
0 66 37.09
0 99 24.08
0 53 24.94
0 85 85.11
0 82 71.5
1 23 38.21
1 19 61.85
1 2 21.48
1 12 42.04
1 6 12.46
1 26 86.85
1 10 96.8
1 32 50.95
1 9 33.95
1 16 54.45
1 22 50.92
1 14 84.94
1 3 49.42
1 28 22.55
1 27 72.96
1 24 81.18
1 30 35.04
1 41 62.93
1 25 93.28
1 65 25.33
1 45 42.02
1 60 90.22
1 57 62.71
1 37 5.35
1 35 66.37
1 72 22.04
1 76 36.34
1 40 76.77
1 33 16.08
1 56 61.65
1 44 69.93
1 51 17.26
1 46 32.55
1 61 16.33
1 89 59.05
1 69 4.73
1 52 59.47
1 66 6.87
1 84 60.68
1 87 8.15
1 88 94.07
1 80 40.59
2 0 60.35
2 9 47.16
2 11 0.08
2 10 27.11
2 18 54.04
2 27 69.16
2 5 17.62
2 25 55.16
2 43 40.68
2 17 95.81
2 23 83.81
2 13 18.76
2 20 52.94
2 24 97.57
2 28 56.41
2 49 70.39
2 38 8.62
2 54 22.03
2 45 99.88
2 26 81.73
2 31 49.71
2 36 66.23
2 72 75.12
2 39 41.23
2 29 41.34
2 62 92.22
2 52 78.96
2 42 44.9
2 70 7.2
2 48 38.47
2 59 73.28
2 47 37.33
2 86 42.26
2 65 22.62
2 85 72.75
2 64 2.88
2 46 50.68
2 95 21.23
2 93 13.52
2 96 9.19
2 88 91.88
3 11 34.99
3 19 79.31
3 14 59.42
3 7 85.39
3 15 48.45
3 5 87.29
3 16 97.57
3 39 91.43
3 10 19.14
3 29 69.42
3 2 51.78
3 44 30.64
3 63 25.79
3 18 46.37
3 34 11.56
3 49 0.05
3 57 20.21
3 58 81.51
3 33 83.67
3 6 4.62
3 46 66.15
3 43 86.39
3 59 63.83
3 21 78.76
3 48 71.52
3 42 44.59
3 35 81.38
3 61 73.65
3 50 33.89
3 54 23.04
3 55 91.28
3 53 94.89
3 67 66.42
3 60 46.54
3 87 86.62
3 82 37.79
3 83 7.64
3 74 50.66
3 47 87.78
3 52 17.75
3 71 80.78
3 77 64.06
3 72 30.7
3 84 25.63
3 76 9.92
4 10 37.07
4 6 1.73
4 3 34.02
4 22 35.28
4 18 12.55
4 33 97.77
4 44 12.03
4 1 18.77
4 17 76.51
4 50 93.54
4 16 44.13
4 38 27.02
4 2 7.96
4 7 66.91
4 46 85.48
4 54 99.86
4 76 80.19
4 40 32.53
4 58 94.84
4 41 24.25
4 36 80.8
4 15 76.72
4 35 30.28
4 55 87.6
4 51 25.79
4 56 49.22
4 27 39.0
4 53 18.82
4 8 3.36
4 52 27.63
4 67 7.66
4 28 10.7
4 64 35.59
4 84 66.57
4 60 33.45
4 92 35.88
4 75 79.1
4 59 18.0
4 86 39.24
4 71 54.25
4 85 64.58
4 81 23.0
4 79 71.8
4 88 24.68
4 87 86.14
4 65 68.24
4 89 25.69
5 8 97.36
5 27 10.48
5 26 55.11
5 34 59.83
5 0 66.73
5 1 83.07
5 41 50.01
5 22 63.8
5 10 68.69
5 31 51.88
5 37 37.55
5 4 55.92
5 20 33.98
5 21 61.11
5 40 93.08
5 38 61.22
5 17 99.58
5 28 72.48
5 39 0.99
5 45 9.79
5 33 3.58
5 23 64.52
5 25 56.89
5 53 63.39
5 71 26.55
5 74 45.65
5 36 1.64
5 51 37.18
5 61 51.49
5 82 82.12
5 78 98.96
5 56 3.85
5 86 37.19
5 55 12.68
5 62 46.07
5 64 49.58
5 76 26.86
5 92 6.49
5 72 2.7
5 90 4.71
5 80 89.33
5 69 23.57
5 94 31.73
5 81 8.09
5 97 1.26
5 67 9.92
5 89 46.99
5 93 44.1
5 84 0.47
5 87 1.91
5 75 54.93
6 2 9.82
6 41 71.14
6 9 49.97
6 44 93.93
6 8 43.71
6 12 73.57
6 19 30.45
6 5 81.37
6 32 84.71
6 48 12.14
6 36 80.85
6 26 80.19
6 50 81.82
6 18 52.18
6 67 5.03
6 34 4.56
6 31 87.27
6 46 33.9
6 27 25.06
6 28 52.5
6 37 73.49
6 66 52.84
6 33 50.61
6 54 10.1
6 42 48.24
6 47 11.46
6 81 13.85
6 59 53.99
6 78 10.31
6 63 37.86
6 57 38.53
6 64 27.62
6 68 69.57
6 69 48.82
6 73 60.13
6 82 26.65
6 39 9.62
6 35 92.48
6 79 32.44
6 71 5.02
6 92 89.79
6 91 66.95
6 80 47.17
6 90 63.73
7 10 27.37
7 6 0.46
7 5 56.53
7 1 65.42
7 29 54.51
7 26 67.67
7 19 30.62
7 28 49.49
7 27 68.82
7 2 70.63
7 21 22.31
7 39 53.82
7 90 9.74
7 50 48.02
7 32 86.64
7 0 97.49
7 37 51.17
7 42 43.22
7 40 10.42
7 13 71.03
7 41 23.09
7 58 62.38
7 47 79.7
7 36 87.55
7 25 76.82
7 33 14.14
7 56 28.6
7 52 62.25
7 44 23.66
7 45 77.13
7 65 84.48
7 68 2.63
7 83 17.77
7 78 74.1
7 73 1.12
7 66 23.13
7 79 66.29
7 53 30.73
7 69 7.34
7 91 31.44
7 71 66.92
7 93 82.89
7 77 30.86
7 92 1.36
7 60 80.76
8 0 59.43
8 7 55.21
8 1 52.27
8 53 88.84
8 12 75.5
8 3 68.14
8 9 28.24
8 26 79.71
8 2 58.38
8 27 59.86
8 72 67.67
8 29 72.68
8 11 17.48
8 43 33.87
8 18 61.9
8 54 79.25
8 49 16.86
8 51 34.38
8 78 45.17
8 42 85.96
8 23 48.07
8 48 33.57
8 32 52.31
8 40 45.74
8 36 88.33
8 58 45.7
8 62 47.04
8 55 80.59
8 64 31.94
8 44 89.76
8 68 9.05
8 47 16.32
8 52 23.15
8 76 64.58
8 34 22.95
8 74 45.86
8 70 91.95
8 83 88.61
8 31 30.62
8 81 61.27
8 92 20.56
9 3 59.49
9 20 80.42
9 5 28.76
9 15 10.85
9 16 3.42
9 7 28.38
9 4 11.09
9 27 84.46
9 25 13.67
9 12 48.76
9 23 22.95
9 44 99.88
9 43 51.74
9 24 32.93
9 31 98.87
9 47 90.13
9 10 59.0
9 63 39.59
9 37 40.81
9 13 24.59
9 68 41.14
9 60 20.58
9 51 29.98
9 66 98.15
9 30 80.35
9 58 27.93
9 73 83.58
9 57 53.17
9 36 70.5
9 55 29.0
9 59 82.11
9 76 55.58
9 64 18.44
9 54 79.66
9 62 35.99
9 53 22.3
9 70 32.97
9 82 43.36
9 78 6.1
9 75 87.41
9 72 17.8
9 69 51.81
9 65 11.19
9 95 76.71
9 86 67.15
9 87 43.1
10 0 90.22
10 13 38.17
10 21 39.75
10 17 95.56
10 16 94.32
10 8 80.32
10 14 4.59
10 15 46.43
10 6 42.95
10 19 28.12
10 53 10.68
10 45 14.71
10 52 50.44
10 40 11.57
10 22 32.06
10 18 8.29
10 38 68.52
10 57 2.26
10 33 58.35
10 31 85.9
10 47 5.39
10 43 28.89
10 50 89.81
10 36 71.05
10 62 70.26
10 27 34.89
10 34 69.4
10 56 56.0
10 61 10.15
10 67 83.8
10 66 49.47
10 46 90.96
10 64 88.44
10 90 37.51
10 54 58.47
10 63 55.81
10 76 98.59
10 75 92.37
10 70 23.47
10 95 76.15
10 58 45.93
10 69 20.7
10 93 28.82
10 65 86.38
10 77 78.83
11 1 67.1
11 10 81.69
11 0 32.02
11 9 40.26
11 21 75.25
11 7 61.73
11 6 69.77
11 44 79.3
11 19 65.15
11 5 78.97
11 17 31.59
11 4 46.87
11 34 59.51
11 29 32.35
11 20 16.73
11 58 26.71
11 48 86.5
11 39 27.49
11 31 98.38
11 43 88.59
11 41 85.67
11 57 80.55
11 55 79.26
11 32 3.82
11 73 1.95
11 52 61.48
11 61 69.42
11 97 53.7
11 68 93.82
11 63 49.31
11 45 47.23
11 60 31.61
11 59 16.77
11 71 1.96
11 79 58.51
11 84 15.24
11 51 11.67
11 83 6.34
11 42 47.76
11 90 26.83
11 56 29.83
11 46 80.59
11 95 88.77
11 64 10.13
11 70 10.24
12 4 39.83
12 24 18.79
12 30 67.33
12 31 17.49
12 5 70.78
12 11 43.7
12 19 45.35
12 3 91.42
12 18 90.97
12 10 78.14
12 22 42.67
12 36 92.77
12 2 58.17
12 37 46.99
12 35 14.04
12 7 52.37
12 25 10.51
12 15 55.12
12 20 64.0
12 51 74.4
12 21 8.12
12 48 42.71
12 13 1.43
12 52 80.57
12 40 88.25
12 62 61.08
12 60 92.46
12 43 68.23
12 86 11.11
12 46 87.8
12 61 68.46
12 69 51.72
12 63 65.81
12 65 61.93
12 59 26.06
12 68 81.03
12 82 30.65
12 85 85.71
12 91 5.41
12 77 94.82
12 74 35.14
12 84 55.23
12 47 5.67
12 72 75.62
13 4 17.29
13 11 68.57
13 3 18.75
13 8 98.99
13 15 1.76
13 24 50.96
13 6 42.74
13 1 50.09
13 22 27.68
13 25 51.36
13 17 86.35
13 35 50.67
13 5 30.39
13 28 77.61
13 59 61.83
13 30 48.46
13 39 62.4
13 33 19.28
13 23 15.54
13 32 85.61
13 81 78.56
13 50 83.18
13 64 95.34
13 70 9.1
13 61 24.68
13 58 79.37
13 46 16.41
13 63 44.03
13 54 77.04
13 94 60.08
13 60 53.46
13 74 99.02
13 86 15.88
13 68 2.98
13 71 0.82
13 99 81.84
13 75 45.56
13 83 13.6
13 55 76.1
13 77 48.22
13 93 15.58
13 91 5.54
13 84 16.46
14 7 53.79
14 12 44.11
14 9 28.08
14 2 79.1
14 23 94.27
14 29 45.66
14 5 12.79
14 8 18.99
14 24 65.78
14 6 95.81
14 36 6.82
14 4 68.18
14 38 70.22
14 48 26.09
14 11 82.1
14 77 66.29
14 27 94.62
14 25 29.53
14 17 31.73
14 65 56.8
14 70 71.36
14 78 79.1
14 44 35.34
14 59 1.81
14 13 89.09
14 50 18.3
14 42 70.95
14 41 54.9
14 73 49.58
14 57 24.51
14 60 89.35
14 67 62.23
14 55 20.79
14 97 33.68
14 58 26.73
14 85 13.48
14 62 8.17
14 68 6.56
14 63 77.07
14 87 50.14
14 37 44.92
14 31 36.85
15 1 61.01
15 11 94.46
15 0 83.64
15 21 53.32
15 14 23.23
15 5 24.99
15 41 86.62
15 20 17.54
15 7 5.86
15 2 0.58
15 33 24.39
15 8 79.77
15 43 59.25
15 22 59.78
15 28 48.07
15 44 40.43
15 38 24.24
15 30 33.8
15 48 23.09
15 31 64.95
15 32 96.37
15 6 47.69
15 77 32.86
15 56 26.35
15 45 36.88
15 34 39.39
15 71 44.33
15 49 83.72
15 64 29.6
15 59 11.69
15 73 29.63
15 63 79.42
15 51 27.01
15 42 25.18
15 91 99.71
15 81 38.84
15 93 81.91
15 79 61.59
15 69 36.34
15 82 33.15
15 84 68.2
15 62 63.37
15 70 54.04
15 60 11.52
16 6 89.22
16 7 91.12
16 23 53.43
16 0 99.74
16 11 33.91
16 2 20.63
16 13 85.12
16 12 8.45
16 15 42.9
16 18 70.8
16 17 54.8
16 5 0.77
16 14 15.98
16 34 32.77
16 8 3.01
16 30 58.65
16 40 30.87
16 25 54.6
16 31 24.62
16 41 6.99
16 28 43.61
16 72 91.44
16 36 57.79
16 51 69.37
16 59 98.37
16 39 27.55
16 52 94.61
16 38 33.46
16 78 85.06
16 81 0.83
16 69 77.2
16 45 66.84
16 46 28.03
16 67 42.12
16 68 90.65
16 66 33.43
16 73 93.6
16 79 58.77
16 60 71.84
16 92 70.3
16 95 81.68
16 82 29.53
17 3 0.28
17 1 51.71
17 0 67.12
17 9 20.98
17 32 46.64
17 15 36.81
17 6 64.61
17 24 91.72
17 12 22.76
17 8 62.18
17 22 39.27
17 49 87.25
17 29 81.93
17 43 6.32
17 42 45.1
17 23 87.63
17 65 98.21
17 7 87.21
17 20 65.34
17 28 57.68
17 35 70.76
17 48 95.76
17 68 49.44
17 41 87.82
17 62 0.88
17 50 34.63
17 33 39.73
17 44 24.63
17 51 72.61
17 45 0.31
17 18 22.52
17 89 90.11
17 73 64.56
17 90 63.69
17 57 62.74
17 78 46.85
17 37 4.9
17 75 97.91
17 91 13.45
17 77 84.44
17 74 80.13
17 82 84.24
17 88 4.68
17 69 57.12
18 14 9.79
18 27 55.3
18 9 48.3
18 1 61.65
18 13 3.28
18 20 35.64
18 7 34.35
18 11 76.13
18 29 23.68
18 34 15.39
18 19 68.56
18 30 20.42
18 33 7.65
18 24 33.78
18 25 45.23
18 45 72.39
18 37 68.65
18 42 64.8
18 5 67.19
18 40 42.71
18 21 6.42
18 15 81.18
18 26 92.16
18 58 48.97
18 35 54.05
18 50 23.12
18 52 26.58
18 54 45.5
18 80 90.7
18 56 67.58
18 90 24.75
18 66 21.44
18 51 71.13
18 78 20.0
18 81 21.21
18 62 11.54
18 82 8.97
18 79 20.48
18 57 13.58
18 59 81.29
18 65 92.97
19 17 47.7
19 2 91.46
19 4 66.38
19 30 78.4
19 16 86.85
19 8 40.92
19 5 31.36
19 9 90.9
19 29 34.77
19 14 59.28
19 25 36.81
19 22 49.88
19 38 2.37
19 15 95.49
19 27 57.46
19 37 90.39
19 40 29.27
19 20 97.82
19 13 15.77
19 60 90.8
19 31 15.19
19 36 7.03
19 53 32.81
19 88 66.1
19 50 16.25
19 72 15.64
19 34 12.41
19 83 33.06
19 80 47.71
19 81 46.11
19 96 79.98
19 63 77.7
19 65 26.91
19 89 73.14
19 26 15.93
19 82 74.63
19 97 93.62
19 76 95.08
19 85 55.49
19 91 4.43
19 70 79.46
19 90 42.33
19 52 86.04
19 78 77.24
19 79 0.04
19 58 57.21
20 10 6.26
20 4 8.84
20 1 40.46
20 8 7.57
20 16 57.37
20 3 22.87
20 21 90.42
20 7 78.41
20 30 47.39
20 6 70.51
20 14 70.52
20 24 66.34
20 13 5.84
20 48 94.06
20 37 79.33
20 54 7.4
20 63 30.53
20 60 71.66
20 39 90.05
20 67 70.03
20 33 27.34
20 51 4.45
20 47 83.07
20 38 54.06
20 55 71.42
20 56 46.26
20 50 73.43
20 28 34.14
20 72 22.65
20 26 85.87
20 73 9.27
20 66 94.48
20 49 73.49
20 61 55.37
20 79 60.96
20 44 54.93
20 78 6.43
20 91 8.43
20 95 18.09
20 59 57.45
20 64 25.13
20 42 3.88
21 1 37.68
21 14 75.59
21 2 27.54
21 0 9.43
21 16 21.63
21 9 52.81
21 13 91.32
21 27 60.72
21 4 7.0
21 33 55.0
21 17 4.9
21 73 37.27
21 25 67.4
21 38 36.46
21 8 62.17
21 57 46.16
21 6 81.22
21 55 15.58
21 24 80.25
21 34 26.14
21 51 34.51
21 37 41.91
21 50 99.54
21 19 87.28
21 43 67.43
21 63 49.12
21 76 80.58
21 90 53.3
21 64 58.46
21 42 98.4
21 41 65.48
21 81 2.25
21 85 78.72
21 60 50.41
21 32 6.7
21 84 49.13
21 92 67.37
21 69 92.22
21 97 41.4
21 70 8.03
21 68 55.67
21 44 91.55
22 21 66.8
22 16 1.53
22 8 10.57
22 7 81.87
22 20 48.1
22 2 10.23
22 6 12.4
22 18 93.09
22 9 25.13
22 11 42.43
22 25 18.84
22 3 50.04
22 29 74.9
22 14 79.01
22 0 29.0
22 26 69.0
22 47 82.72
22 45 86.28
22 30 19.24
22 43 28.17
22 42 90.62
22 41 36.38
22 77 91.67
22 63 35.73
22 65 27.02
22 46 77.78
22 80 17.31
22 81 51.86
22 53 46.27
22 66 59.13
22 56 86.65
22 51 53.86
22 54 78.86
22 88 3.24
22 50 2.29
22 71 85.31
22 69 57.8
22 57 75.18
22 74 99.53
22 55 13.78
22 79 93.73
22 68 21.61
22 93 48.92
22 89 2.53
22 62 30.35
23 0 69.69
23 10 76.85
23 4 71.93
23 22 44.44
23 6 18.81
23 7 3.61
23 11 16.65
23 30 89.17
23 19 69.59
23 20 53.67
23 26 58.78
23 15 20.56
23 12 7.38
23 3 60.47
23 35 45.27
23 39 20.76
23 21 55.78
23 18 30.1
23 37 59.06
23 44 66.67
23 34 32.82
23 43 73.97
23 66 41.37
23 55 19.26
23 38 46.7
23 49 17.32
23 50 4.03
23 69 40.06
23 59 19.09
23 53 16.56
23 52 5.73
23 65 36.99
23 83 97.5
23 81 4.81
23 97 98.09
23 54 31.31
23 60 30.17
23 78 47.67
23 75 63.58
23 87 70.57
23 80 36.05
23 67 54.73
23 63 98.76
23 58 37.61
24 3 63.41
24 37 78.74
24 5 51.56
24 16 36.35
24 23 31.71
24 10 36.77
24 7 71.44
24 4 38.93
24 19 3.91
24 8 3.35
24 41 69.87
24 15 0.31
24 32 50.99
24 31 59.28
24 11 7.11
24 34 86.79
24 22 28.63
24 6 52.23
24 57 92.15
24 28 17.72
24 48 14.66
24 65 74.08
24 87 47.65
24 82 64.43
24 49 31.07
24 56 36.03
24 72 62.23
24 75 21.54
24 40 3.93
24 26 21.54
24 53 45.35
24 59 14.68
24 67 9.62
24 52 3.19
24 70 95.53
24 69 57.11
24 45 83.28
24 76 71.78
24 46 63.72
24 81 1.01
24 88 90.05
24 51 75.43
25 17 26.65
25 26 88.05
25 15 23.83
25 3 87.98
25 39 96.45
25 10 22.98
25 35 58.16
25 42 79.61
25 23 88.65
25 6 12.62
25 4 72.27
25 48 40.51
25 36 46.46
25 8 83.8
25 29 5.04
25 11 84.26
25 20 9.61
25 30 47.75
25 51 17.12
25 40 61.12
25 24 31.34
25 65 84.14
25 53 69.26
25 55 1.51
25 38 88.46
25 41 74.05
25 70 15.25
25 68 0.31
25 60 86.25
25 61 9.21
25 74 77.26
25 90 82.96
25 57 30.49
25 76 17.28
25 77 35.41
25 96 27.09
25 92 86.18
25 79 4.6
25 71 55.23
25 54 12.17
25 72 57.56
26 21 11.01
26 28 34.38
26 9 0.48
26 12 18.6
26 0 96.65
26 11 17.35
26 4 23.26
26 10 79.54
26 13 28.48
26 42 70.12
26 3 19.0
26 60 49.11
26 16 64.13
26 32 1.39
26 14 41.19
26 40 63.04
26 15 90.6
26 45 17.68
26 63 55.11
26 17 76.35
26 43 26.0
26 50 3.97
26 56 84.95
26 31 9.97
26 64 6.99
26 53 54.29
26 51 19.77
26 55 19.79
26 66 32.95
26 65 3.59
26 38 86.7
26 73 60.93
26 81 90.87
26 82 19.52
26 97 73.37
26 78 41.48
26 68 23.07
26 67 59.97
26 88 28.47
26 69 75.32
26 35 28.5
26 39 47.29
27 3 33.39
27 16 90.47
27 17 20.15
27 11 0.85
27 0 81.72
27 12 40.36
27 32 65.5
27 25 7.95
27 13 27.57
27 23 8.18
27 52 18.32
27 34 36.35
27 28 88.2
27 26 15.85
27 37 25.06
27 39 93.09
27 22 14.31
27 46 72.16
27 15 3.72
27 49 67.79
27 40 94.96
27 20 29.83
27 38 90.91
27 24 84.82
27 29 6.72
27 35 4.77
27 44 18.81
27 85 44.09
27 88 20.6
27 61 10.37
27 84 37.27
27 62 60.89
27 67 42.33
27 45 83.99
27 81 2.09
27 82 35.21
27 79 80.26
27 70 88.68
27 93 15.8
27 76 49.29
27 74 31.45
27 73 70.01
27 87 18.57
27 58 40.02
28 11 33.89
28 10 43.24
28 8 64.1
28 12 28.4
28 21 49.05
28 18 9.8
28 36 3.55
28 9 64.14
28 35 81.35
28 3 37.78
28 31 34.53
28 25 17.46
28 23 87.14
28 14 13.48
28 19 21.73
28 29 68.16
28 52 36.4
28 61 40.7
28 42 42.24
28 22 15.36
28 45 25.09
28 49 28.99
28 54 73.18
28 44 44.21
28 78 77.29
28 64 52.52
28 62 87.88
28 73 39.28
28 43 28.45
28 58 82.53
28 67 65.61
28 39 79.67
28 79 72.32
28 48 84.28
28 57 59.52
28 76 16.6
28 56 96.77
28 80 76.9
28 55 34.67
29 5 82.51
29 9 0.67
29 21 18.04
29 16 11.83
29 32 86.0
29 12 58.84
29 26 6.01
29 20 81.08
29 46 59.32
29 10 33.69
29 38 15.12
29 42 11.45
29 1 31.08
29 6 61.87
29 4 75.57
29 23 26.92
29 45 65.33
29 40 1.1
29 13 10.04
29 24 42.49
29 15 95.87
29 52 20.28
29 47 59.78
29 43 17.87
29 35 53.9
29 67 66.48
29 58 26.4
29 50 12.59
29 59 72.83
29 39 48.24
29 99 60.4
29 64 54.64
29 72 50.74
29 75 14.21
29 62 89.17
29 68 10.58
29 96 92.34
29 78 53.0
29 85 84.85
29 83 40.58
29 84 73.13
29 81 85.43
29 89 76.01
29 79 13.28
29 87 90.72
29 86 79.19
30 2 23.06
30 0 33.31
30 26 25.02
30 5 1.33
30 32 56.14
30 11 35.23
30 7 94.76
30 10 73.71
30 6 94.73
30 21 49.37
30 27 78.05
30 4 49.68
30 14 11.81
30 8 83.25
30 3 71.59
30 17 36.15
30 24 93.23
30 28 13.75
30 40 43.17
30 49 81.69
30 50 36.55
30 39 96.79
30 93 24.26
30 44 97.9
30 56 41.5
30 54 52.88
30 61 74.11
30 65 53.52
30 62 85.45
30 72 85.77
30 60 49.94
30 97 7.42
30 69 70.73
30 92 85.14
30 66 37.77
30 73 49.37
30 83 49.95
30 38 60.02
30 59 73.79
30 47 93.27
30 29 8.21
31 33 6.78
31 23 48.23
31 27 49.38
31 22 87.95
31 13 66.55
31 4 75.1
31 45 33.48
31 7 51.77
31 66 21.62
31 21 50.36
31 17 44.47
31 3 44.18
31 20 41.03
31 35 1.92
31 38 27.64
31 25 34.93
31 29 77.21
31 1 19.19
31 18 33.31
31 60 73.47
31 85 38.09
31 36 28.56
31 34 60.88
31 56 65.45
31 41 22.66
31 47 54.15
31 39 8.38
31 52 34.66
31 30 3.31
31 58 91.16
31 65 40.43
31 80 6.44
31 53 21.69
31 77 31.24
31 46 38.77
31 84 96.79
31 71 99.45
31 91 75.68
31 81 79.08
31 89 5.03
31 69 33.9
31 74 99.47
31 90 19.37
31 78 20.26
31 50 34.2
31 88 93.4
31 32 65.55
32 18 95.14
32 19 4.6
32 14 16.33
32 12 51.66
32 0 74.12
32 4 64.11
32 5 80.14
32 9 99.2
32 2 44.16
32 3 71.9
32 10 3.73
32 38 77.12
32 16 37.99
32 23 90.51
32 25 6.77
32 22 46.75
32 20 44.72
32 41 99.77
32 28 30.46
32 37 28.89
32 61 71.91
32 52 35.82
32 70 60.76
32 74 72.04
32 48 41.83
32 50 67.66
32 68 89.7
32 72 95.6
32 46 95.89
32 82 51.52
32 67 22.0
32 92 87.12
32 93 89.87
32 88 76.12
32 64 97.11
32 66 52.0
32 76 78.06
32 80 97.6
32 53 40.05
32 60 17.22
32 55 11.44
32 89 76.79
33 8 18.07
33 2 92.59
33 11 77.24
33 30 42.97
33 32 39.83
33 14 25.56
33 12 32.86
33 27 93.59
33 19 55.14
33 25 1.9
33 16 22.77
33 34 76.59
33 29 53.27
33 23 22.43
33 24 17.73
33 28 91.63
33 40 76.99
33 22 91.01
33 26 20.44
33 58 84.96
33 9 15.79
33 44 92.69
33 53 97.38
33 78 88.43
33 77 15.48
33 51 26.94
33 39 57.32
33 54 72.51
33 42 59.28
33 49 79.55
33 85 58.04
33 65 71.51
33 92 53.49
33 57 36.83
33 62 24.77
33 43 63.2
33 88 90.98
33 84 73.44
33 87 48.0
33 82 44.71
33 64 77.1
34 1 18.22
34 9 41.45
34 0 59.34
34 2 33.42
34 20 88.5
34 12 85.01
34 30 98.36
34 48 5.16
34 22 73.04
34 25 91.62
34 36 21.79
34 13 52.83
34 7 85.21
34 32 67.29
34 14 18.01
34 44 72.86
34 4 28.67
34 43 15.11
34 17 36.28
34 37 52.28
34 61 47.49
34 56 77.21
34 67 93.94
34 29 93.48
34 51 14.09
34 47 15.2
34 28 68.17
34 66 87.43
34 81 62.41
34 57 55.86
34 26 32.97
34 84 95.27
34 93 73.25
34 92 3.17
34 90 64.95
34 85 90.17
34 64 24.79
34 72 66.15
34 55 39.64
34 87 55.93
34 60 7.6
35 0 0.73
35 2 43.95
35 62 49.34
35 11 91.85
35 5 75.05
35 16 68.51
35 14 94.63
35 20 24.23
35 8 56.42
35 15 82.83
35 9 99.3
35 43 20.56
35 10 88.62
35 24 25.56
35 19 87.38
35 33 60.06
35 21 31.24
35 36 34.3
35 22 94.67
35 47 11.48
35 71 2.49
35 61 93.4
35 32 74.18
35 34 33.17
35 51 72.9
35 57 27.4
35 30 75.61
35 60 1.16
35 76 31.27
35 75 83.06
35 65 28.17
35 85 78.64
35 81 20.69
35 79 7.22
35 95 26.48
35 59 55.04
35 87 53.07
35 63 95.59
35 83 93.87
35 89 31.2
35 72 31.0
35 42 77.63
35 86 73.86
35 44 87.37
35 7 23.05
36 3 52.52
36 21 66.13
36 22 65.36
36 11 2.72
36 29 72.51
36 32 66.71
36 27 54.69
36 18 33.87
36 30 79.52
36 17 57.52
36 15 54.93
36 23 65.49
36 49 67.21
36 38 60.73
36 1 66.44
36 20 50.86
36 40 80.02
36 53 34.25
36 33 28.02
36 46 41.1
36 26 49.27
36 43 86.79
36 13 15.28
36 41 1.57
36 52 57.43
36 47 29.26
36 24 27.55
36 76 42.77
36 65 22.81
36 45 22.39
36 78 84.58
36 71 33.38
36 72 71.51
36 50 50.31
36 70 11.64
36 82 47.42
36 56 6.79
36 59 49.34
36 74 33.51
36 92 54.85
36 97 49.48
37 10 91.55
37 15 54.73
37 16 39.02
37 3 27.34
37 30 98.43
37 4 6.31
37 35 99.28
37 2 40.24
37 13 20.27
37 8 43.74
37 11 42.17
37 31 57.09
37 40 66.14
37 22 72.42
37 36 73.85
37 29 40.05
37 25 39.11
37 28 61.46
37 39 86.1
37 26 95.06
37 53 37.9
37 45 64.92
37 33 52.61
37 46 2.27
37 57 71.62
37 71 74.82
37 79 31.6
37 77 60.3
37 65 38.85
37 69 19.19
37 50 4.61
37 43 53.65
37 58 70.59
37 90 44.0
37 56 95.65
37 44 83.3
37 66 82.99
37 87 20.6
37 59 68.6
37 54 89.35
37 81 68.3
37 64 38.86
37 68 33.48
37 49 2.36
37 94 50.51
38 3 93.92
38 12 43.4
38 9 61.39
38 0 17.81
38 13 68.09
38 8 48.86
38 6 37.32
38 11 50.2
38 1 96.92
38 28 51.06
38 17 25.75
38 24 20.7
38 7 87.14
38 42 2.96
38 35 15.08
38 37 78.74
38 18 43.72
38 47 93.74
38 33 35.95
38 22 85.16
38 87 66.67
38 44 18.6
38 70 34.01
38 66 18.47
38 72 93.97
38 60 4.06
38 57 31.51
38 78 49.22
38 68 29.95
38 96 21.12
38 92 41.41
38 81 9.61
38 59 56.01
38 51 31.56
38 46 53.18
38 69 73.77
38 84 88.89
38 55 91.05
38 34 81.96
38 58 50.44
38 54 84.22
39 19 78.86
39 15 37.69
39 14 5.66
39 1 86.76
39 4 43.18
39 9 45.15
39 21 4.99
39 8 77.37
39 18 15.42
39 32 51.96
39 10 88.03
39 12 12.53
39 36 13.36
39 78 42.75
39 47 44.82
39 38 65.06
39 17 78.15
39 24 17.39
39 22 68.34
39 83 36.38
39 66 53.52
39 53 42.28
39 58 32.67
39 41 5.72
39 44 80.36
39 34 68.88
39 49 91.67
39 72 92.74
39 52 49.76
39 67 82.9
39 64 3.83
39 87 26.34
39 61 87.64
39 92 80.43
39 50 42.84
39 35 64.81
39 59 86.81
40 6 9.99
40 9 41.73
40 0 14.17
40 15 28.63
40 21 51.3
40 2 92.6
40 59 29.96
40 28 46.59
40 14 73.21
40 23 11.74
40 35 15.57
40 34 49.04
40 20 59.44
40 3 5.31
40 22 72.28
40 42 43.4
40 31 86.59
40 13 97.43
40 55 87.62
40 46 29.91
40 11 19.4
40 39 98.95
40 32 77.01
40 17 69.41
40 38 21.66
40 51 69.11
40 58 87.03
40 92 15.24
40 80 94.59
40 91 68.6
40 96 7.69
40 81 54.66
40 83 35.2
40 95 86.06
40 63 14.39
40 97 16.22
40 86 63.05
40 52 18.48
40 66 89.06
40 89 71.83
40 74 73.62
40 76 70.1
40 71 65.17
40 65 33.53
40 75 2.48
41 42 76.95
41 10 6.98
41 30 24.95
41 18 94.43
41 29 38.22
41 19 58.4
41 3 37.9
41 23 73.79
41 26 24.75
41 12 45.01
41 13 42.75
41 9 16.87
41 37 42.97
41 40 18.93
41 20 0.78
41 2 64.22
41 34 18.49
41 33 20.32
41 8 65.68
41 48 54.64
41 50 52.27
41 43 10.63
41 35 60.79
41 28 94.89
41 27 60.27
41 72 63.72
41 53 70.7
41 80 99.6
41 57 19.29
41 62 71.4
41 91 37.92
41 85 96.38
41 83 37.68
41 56 51.6
41 71 85.94
41 58 66.71
41 97 94.24
41 70 4.95
41 67 58.66
41 64 37.05
41 65 78.94
41 73 77.24
41 38 77.6
42 13 78.59
42 1 5.14
42 16 58.05
42 4 84.84
42 19 34.93
42 27 29.72
42 9 63.43
42 12 69.24
42 31 32.54
42 0 26.62
42 56 3.19
42 34 34.45
42 5 93.24
42 30 19.26
42 50 24.83
42 37 40.65
42 39 58.84
42 46 25.48
42 61 1.63
42 64 51.05
42 52 85.32
42 23 50.36
42 47 65.59
42 24 19.46
42 73 26.67
42 49 84.83
42 44 76.6
42 62 19.82
42 77 7.32
42 82 25.91
42 58 5.51
42 70 29.96
42 78 9.88
42 51 72.31
42 53 52.17
42 87 76.75
42 57 49.29
42 66 90.72
42 97 66.2
42 74 15.54
42 36 86.04
42 32 25.87
42 10 25.03
43 13 6.89
43 25 67.25
43 32 78.13
43 4 36.16
43 18 0.22
43 6 15.87
43 27 54.47
43 19 49.98
43 14 46.19
43 1 25.81
43 7 93.99
43 5 19.62
43 16 27.81
43 44 29.53
43 24 45.73
43 40 84.92
43 46 89.39
43 48 69.3
43 38 0.54
43 66 55.17
43 54 26.15
43 30 16.96
43 47 26.25
43 73 77.15
43 20 68.4
43 42 22.06
43 31 72.28
43 61 7.77
43 51 23.55
43 62 42.68
43 59 50.41
43 84 80.38
43 80 41.84
43 63 45.45
43 75 47.38
43 69 33.11
43 93 54.15
43 65 60.15
43 72 74.81
43 71 71.71
43 39 98.5
43 83 29.2
43 64 89.07
44 10 38.1
44 2 67.16
44 16 75.21
44 0 91.12
44 12 59.41
44 5 20.56
44 24 30.21
44 31 8.75
44 29 92.28
44 25 24.36
44 49 99.49
44 32 15.42
44 22 1.05
44 40 97.21
44 46 85.59
44 19 70.27
44 41 32.37
44 18 1.39
44 26 70.1
44 36 59.69
44 67 71.17
44 64 49.39
44 76 95.34
44 59 32.86
44 77 64.37
44 68 31.97
44 57 69.54
44 88 94.14
44 81 72.94
44 52 59.47
44 58 75.52
44 71 79.67
44 78 97.13
44 73 93.12
44 51 76.38
44 56 56.34
44 85 72.62
44 50 46.01
44 83 91.75
44 13 18.81
44 45 22.4
44 53 19.58
45 8 79.46
45 32 56.33
45 12 25.05
45 6 67.28
45 4 92.24
45 30 29.59
45 40 25.89
45 41 93.23
45 3 65.79
45 35 48.68
45 14 83.02
45 20 66.06
45 23 0.11
45 21 45.67
45 9 96.13
45 33 39.99
45 78 39.35
45 42 63.49
45 43 48.42
45 47 96.04
45 53 25.3
45 34 86.12
45 52 17.75
45 59 25.31
45 76 10.25
45 80 56.86
45 91 6.47
45 71 28.35
45 73 87.23
45 66 35.49
45 85 82.03
45 48 61.89
45 60 46.93
45 46 92.93
45 61 8.98
45 55 35.29
45 97 35.09
45 51 50.63
45 39 27.85
45 77 73.88
45 83 84.21
45 38 42.37
45 90 23.77
45 69 23.44
45 13 44.15
45 25 79.07
45 19 86.15
46 17 13.02
46 7 33.24
46 14 51.85
46 9 33.6
46 5 0.47
46 35 12.62
46 25 89.95
46 41 19.89
46 19 87.0
46 8 28.77
46 33 27.33
46 20 79.2
46 15 86.96
46 30 0.47
46 59 49.02
46 23 74.98
46 48 25.74
46 18 13.75
46 34 98.28
46 65 52.27
46 21 31.42
46 66 15.16
46 39 42.33
46 72 53.87
46 60 98.01
46 62 52.09
46 57 22.33
46 82 69.11
46 53 84.74
46 52 87.53
46 90 22.49
46 58 57.52
46 26 67.99
46 67 89.77
46 73 36.16
46 74 14.3
46 83 0.83
46 78 49.9
46 28 72.01
46 55 8.61
47 1 52.76
47 4 15.24
47 5 70.3
47 19 15.61
47 18 21.18
47 23 51.66
47 11 99.22
47 21 50.98
47 14 7.87
47 15 20.97
47 27 73.91
47 17 95.12
47 64 43.46
47 13 86.42
47 24 85.47
47 59 45.23
47 28 92.07
47 26 25.56
47 46 54.81
47 62 1.39
47 16 19.6
47 33 79.76
47 32 3.75
47 54 9.99
47 25 49.15
47 84 88.92
47 41 56.91
47 80 35.1
47 79 67.91
47 69 9.54
47 97 87.69
47 81 58.18
47 73 24.15
47 37 88.51
47 78 48.28
47 70 9.17
47 77 98.41
47 83 23.65
47 61 81.2
47 88 87.45
47 99 11.32
47 53 1.08
47 44 48.26
47 56 92.88
47 55 96.8
47 57 13.61
47 60 98.61
47 63 88.48
47 86 90.47
47 40 11.9
48 16 33.57
48 10 71.52
48 7 67.84
48 1 63.56
48 9 13.83
48 19 55.29
48 4 56.28
48 5 53.34
48 27 24.94
48 30 38.03
48 31 23.36
48 18 69.25
48 13 54.98
48 29 92.76
48 33 91.44
48 23 74.79
48 21 17.47
48 26 72.41
48 22 84.95
48 38 4.18
48 47 38.48
48 36 87.65
48 40 53.8
48 58 38.25
48 49 62.27
48 42 26.2
48 53 56.04
48 57 53.46
48 81 98.89
48 62 93.79
48 72 43.97
48 70 54.07
48 68 53.28
48 69 95.38
48 63 91.09
48 90 84.17
48 39 7.89
48 87 92.46
48 44 31.03
48 61 9.13
48 75 67.15
48 80 42.36
48 37 32.72
48 35 5.65
49 14 52.95
49 1 76.81
49 12 84.66
49 5 66.94
49 26 95.48
49 9 71.3
49 11 18.61
49 41 68.02
49 13 37.74
49 29 85.73
49 4 17.96
49 47 53.63
49 16 20.72
49 19 57.85
49 21 52.11
49 6 29.74
49 25 33.04
49 10 35.77
49 34 43.44
49 18 63.94
49 55 25.6
49 59 71.58
49 60 24.34
49 62 16.88
49 82 18.75
49 85 21.26
49 31 19.59
49 88 74.79
49 58 15.49
49 78 31.89
49 52 64.21
49 64 33.71
49 65 8.55
49 32 87.16
49 69 21.06
49 53 44.18
49 56 11.35
49 38 13.24
49 43 58.38
49 46 95.43
49 40 88.6
49 22 60.58
49 7 75.04
49 35 45.3
50 1 35.9
50 5 31.78
50 2 9.34
50 15 87.11
50 57 70.68
50 24 95.78
50 12 64.89
50 25 63.14
50 28 29.31
50 77 68.78
50 11 38.11
50 16 97.51
50 0 4.26
50 40 2.67
50 34 71.71
50 43 10.84
50 35 86.26
50 33 26.26
50 27 20.41
50 49 43.26
50 58 64.82
50 45 62.08
50 48 96.57
50 76 50.98
50 91 29.75
50 62 90.56
50 97 7.44
50 81 36.86
50 93 27.2
50 70 54.5
50 47 12.14
50 53 73.0
50 65 82.17
50 52 4.94
50 38 76.93
50 59 81.57
50 80 55.31
50 73 70.8
50 71 33.32
50 82 68.83
50 74 69.57
50 54 63.47
50 9 17.71
50 46 79.92
50 72 0.97
50 68 67.91
50 69 36.91
50 8 91.28
51 10 33.17
51 19 41.98
51 2 83.46
51 0 69.16
51 3 28.31
51 36 75.35
51 7 34.79
51 14 89.0
51 27 28.55
51 6 55.91
51 53 4.9
51 13 66.84
51 28 71.3
51 31 97.72
51 23 63.62
51 48 94.1
51 29 92.1
51 58 73.22
51 41 89.79
51 32 46.69
51 66 86.58
51 37 71.9
51 84 32.63
51 79 41.56
51 60 88.39
51 62 63.75
51 57 67.14
51 68 29.06
51 49 94.35
51 55 61.33
51 71 40.41
51 46 46.8
51 39 77.29
51 73 99.64
51 50 60.45
51 77 16.35
51 63 13.74
51 30 57.42
51 47 39.31
52 0 29.52
52 15 77.39
52 26 15.47
52 9 34.74
52 6 21.09
52 21 18.15
52 17 5.42
52 5 68.72
52 13 27.64
52 34 58.48
52 43 82.14
52 33 73.72
52 14 74.44
52 47 57.3
52 37 71.58
52 22 61.59
52 57 83.02
52 25 46.7
52 38 66.47
52 41 41.5
52 30 76.67
52 48 28.06
52 76 55.93
52 79 56.87
52 77 71.49
52 63 96.24
52 60 53.38
52 85 7.7
52 92 29.89
52 83 92.5
52 20 53.25
52 51 61.73
52 58 63.94
52 84 48.84
52 61 29.55
52 53 34.55
52 73 56.93
52 56 85.32
52 93 97.33
52 82 51.58
52 54 75.92
52 35 92.03
52 67 56.98
53 6 53.21
53 1 52.18
53 27 5.62
53 11 3.1
53 16 10.24
53 20 52.05
53 13 46.9
53 15 95.85
53 12 21.61
53 17 60.78
53 14 18.71
53 43 16.24
53 35 65.54
53 30 83.46
53 34 61.01
53 18 6.13
53 29 68.19
53 40 87.74
53 73 71.48
53 21 57.05
53 28 69.54
53 61 30.27
53 81 37.69
53 67 76.66
53 72 72.74
53 85 54.57
53 65 76.08
53 59 78.26
53 66 65.29
53 38 4.34
53 87 32.59
53 2 31.76
54 16 88.84
54 1 73.73
54 7 58.77
54 11 81.35
54 29 42.28
54 15 58.43
54 14 61.85
54 5 31.4
54 19 4.18
54 40 59.1
54 12 92.43
54 24 90.55
54 27 58.86
54 39 94.41
54 34 17.99
54 36 97.0
54 42 7.06
54 17 40.27
54 57 89.53
54 72 73.6
54 60 95.99
54 44 74.75
54 49 94.57
54 76 31.24
54 74 77.65
54 53 71.77
54 81 56.27
54 71 45.42
54 41 68.83
54 62 73.07
54 68 92.91
54 66 35.03
54 86 15.65
54 61 47.63
54 46 95.7
54 51 21.06
54 75 18.13
54 31 78.83
54 21 87.47
54 58 22.59
54 32 67.35
54 97 4.12
54 26 70.9
54 45 42.07
54 48 78.16
55 65 80.13
55 7 78.32
55 16 7.54
55 17 9.27
55 2 77.46
55 12 2.1
55 19 30.37
55 18 75.77
55 35 67.69
55 10 60.27
55 27 13.6
55 48 91.71
55 43 56.94
55 31 12.57
55 15 42.97
55 39 7.05
55 33 16.88
55 53 77.44
55 57 8.99
55 30 43.98
55 79 53.67
55 37 20.46
55 61 5.55
55 78 1.14
55 42 62.07
55 44 11.96
55 41 64.44
55 68 58.28
55 95 98.64
55 64 47.32
55 83 45.87
55 82 27.13
55 75 5.09
55 24 56.65
55 70 82.12
55 74 94.9
55 52 96.37
55 56 12.71
55 50 89.95
55 36 32.28
55 54 6.14
55 29 80.03
55 67 87.14
55 1 98.78
55 6 31.57
56 0 18.04
56 17 93.24
56 6 27.83
56 12 35.37
56 3 40.6
56 9 86.06
56 19 38.57
56 16 29.59
56 48 43.66
56 8 54.68
56 23 81.83
56 21 40.22
56 14 50.88
56 13 13.65
56 35 62.25
56 25 10.29
56 84 7.9
56 57 77.75
56 39 62.38
56 79 4.25
56 80 60.77
56 77 36.49
56 62 81.88
56 45 20.53
56 32 4.15
56 82 11.47
56 81 96.77
56 58 81.2
56 66 83.21
56 92 67.89
56 91 87.69
56 88 51.7
56 74 74.1
56 60 33.45
56 51 37.71
56 27 57.53
56 33 34.38
56 54 64.4
56 69 41.66
56 64 0.49
56 38 61.06
56 97 57.06
56 50 65.44
56 78 5.77
56 73 98.79
56 46 19.23
56 63 11.69
56 43 64.56
56 53 57.42
56 29 75.87
56 40 2.2
56 2 45.38
57 8 70.99
57 5 11.5
57 19 38.52
57 26 32.6
57 4 21.62
57 2 59.49
57 15 52.5
57 7 8.79
57 31 3.29
57 20 0.83
57 16 7.86
57 12 79.84
57 27 22.25
57 39 5.03
57 32 29.89
57 53 95.29
57 36 60.21
57 68 33.92
57 49 40.87
57 30 62.2
57 23 56.19
57 29 41.07
57 60 81.72
57 81 20.24
57 82 68.66
57 78 65.19
57 61 89.08
57 74 87.27
57 88 58.91
57 90 16.58
57 58 99.33
57 45 69.6
57 40 90.63
57 43 26.39
57 13 16.84
58 0 87.72
58 16 63.65
58 12 60.15
58 2 74.32
58 1 95.27
58 5 98.53
58 15 35.12
58 6 78.29
58 20 9.75
58 26 29.46
58 21 84.95
58 24 43.0
58 17 17.47
58 47 80.08
58 22 41.46
58 45 73.5
58 25 93.06
58 43 46.67
58 71 8.75
58 36 99.19
58 60 1.35
58 34 46.51
58 62 66.09
58 66 35.55
58 81 67.34
58 68 39.74
58 32 14.18
58 67 98.97
58 90 89.43
58 79 32.92
58 73 10.24
58 82 28.07
58 80 58.65
58 78 70.75
58 86 72.54
58 30 21.0
58 97 25.8
58 61 29.18
58 55 67.01
58 53 96.56
59 19 6.58
59 48 55.39
59 1 39.09
59 27 22.34
59 5 63.38
59 22 65.29
59 10 34.69
59 7 75.13
59 0 35.78
59 8 82.67
59 26 89.24
59 25 82.06
59 28 26.9
59 21 87.52
59 31 88.75
59 34 81.07
59 17 64.09
59 41 35.37
59 68 11.31
59 60 56.1
59 33 54.79
59 66 52.09
59 77 5.58
59 81 86.44
59 85 96.45
59 57 16.63
59 72 0.46
59 54 87.61
59 83 70.01
59 65 28.76
59 56 56.36
59 51 30.19
59 42 24.28
59 64 68.08
59 52 17.07
59 70 42.97
59 55 20.08
59 89 88.06
59 32 80.18
60 2 58.27
60 0 76.65
60 10 92.98
60 17 45.13
60 27 23.0
60 18 53.42
60 8 40.17
60 33 57.81
60 5 43.34
60 6 17.44
60 29 64.53
60 22 34.44
60 24 55.73
60 42 0.21
60 55 2.89
60 48 72.6
60 77 46.02
60 72 4.21
60 41 1.3
60 44 84.75
60 39 49.55
60 75 87.5
60 79 61.47
60 67 33.27
60 36 10.25
60 37 46.44
60 71 48.05
60 70 99.17
60 50 61.61
60 80 38.28
60 73 80.55
60 87 17.81
60 61 27.75
60 53 27.12
60 63 8.78
60 43 55.07
60 40 97.01
60 28 97.45
60 65 48.45
61 16 33.53
61 23 87.78
61 21 71.35
61 9 90.59
61 8 87.26
61 4 60.66
61 31 43.19
61 0 40.75
61 6 29.55
61 24 0.17
61 17 40.59
61 18 80.72
61 50 78.57
61 19 41.2
61 49 9.41
61 22 51.82
61 2 99.93
61 7 87.34
61 72 37.92
61 84 84.48
61 79 95.62
61 41 80.67
61 77 43.01
61 71 12.54
61 36 25.1
61 51 28.41
61 40 27.99
61 69 64.49
61 59 78.72
61 64 32.05
61 44 92.38
61 46 70.12
61 29 95.47
61 90 19.12
61 26 60.17
61 56 81.78
61 73 16.21
61 38 67.63
61 37 16.85
61 14 52.41
61 15 82.4
61 33 2.22
62 3 60.02
62 4 59.98
62 0 49.89
62 34 4.91
62 16 86.5
62 7 6.45
62 11 11.83
62 20 32.32
62 36 84.09
62 37 28.87
62 44 33.22
62 23 85.7
62 45 4.87
62 31 73.17
62 24 1.1
62 77 37.62
62 60 95.3
62 39 56.4
62 79 66.15
62 91 11.09
62 57 87.95
62 84 30.81
62 68 71.84
62 69 98.31
62 65 86.63
62 26 47.21
62 19 45.41
62 61 49.16
62 25 16.83
62 82 65.15
62 6 21.27
62 53 97.67
62 40 52.48
62 81 65.09
62 38 76.3
62 92 60.0
62 55 60.85
62 13 23.37
62 32 76.54
62 1 34.5
63 7 64.5
63 5 76.74
63 33 96.37
63 8 33.21
63 4 78.84
63 2 23.56
63 17 6.52
63 18 79.28
63 1 54.21
63 29 19.62
63 24 6.65
63 46 27.85
63 54 36.79
63 53 98.05
63 30 77.41
63 62 72.04
63 49 81.49
63 55 15.04
63 81 24.56
63 79 99.05
63 44 31.75
63 92 18.51
63 57 13.72
63 45 38.35
63 36 56.35
63 97 20.95
63 71 33.18
63 91 10.61
63 37 66.0
63 34 26.79
63 31 96.53
63 64 0.54
63 58 11.78
63 32 86.61
63 67 60.0
63 88 59.31
63 83 72.66
63 28 98.39
63 69 53.35
63 42 44.85
63 87 3.46
63 70 94.99
63 90 59.05
63 86 62.87
63 66 79.13
63 38 38.13
63 50 92.35
63 85 80.36
63 25 80.27
63 61 43.22
63 16 79.24
63 59 7.2
63 74 6.35
63 41 3.31
63 39 91.47
63 77 57.31
63 27 55.52
63 0 68.28
64 0 49.79
64 3 79.93
64 1 32.8
64 7 20.77
64 16 16.76
64 14 53.04
64 12 71.73
64 36 97.26
64 27 24.0
64 19 25.69
64 24 86.45
64 31 49.89
64 17 87.88
64 40 69.46
64 51 61.56
64 25 96.7
64 48 3.5
64 54 83.61
64 76 84.68
64 57 69.79
64 62 32.54
64 45 17.39
64 53 33.44
64 71 51.83
64 67 17.75
64 73 52.54
64 58 31.5
64 65 22.62
64 83 7.62
64 87 33.31
64 46 79.14
64 50 13.02
64 88 78.0
64 35 19.3
64 22 20.86
64 93 89.14
64 78 44.64
64 38 42.49
64 66 63.43
64 23 22.48
64 60 56.76
64 30 78.49
64 18 10.87
65 3 81.98
65 0 36.57
65 16 61.14
65 8 38.56
65 11 5.93
65 44 40.59
65 5 26.94
65 45 15.7
65 6 82.59
65 29 76.66
65 13 44.05
65 48 38.74
65 21 57.89
65 20 82.6
65 15 63.75
65 38 94.89
65 28 20.54
65 42 38.48
65 77 34.0
65 57 37.48
65 54 14.93
65 61 71.89
65 39 84.15
65 63 24.58
65 75 60.76
65 88 60.98
65 71 35.58
65 51 51.33
65 67 4.85
65 81 68.57
65 27 50.99
65 56 35.46
65 47 49.34
65 80 48.49
65 79 1.29
65 52 70.45
65 94 95.02
65 58 89.79
65 34 70.98
65 32 40.36
66 4 69.54
66 3 88.27
66 17 21.54
66 13 19.47
66 2 84.2
66 5 5.32
66 50 98.05
66 36 86.56
66 11 48.8
66 8 91.9
66 33 88.75
66 49 40.73
66 29 64.8
66 19 16.61
66 15 61.54
66 12 90.45
66 35 58.43
66 28 22.94
66 21 52.2
66 47 35.91
66 57 90.47
66 84 63.72
66 72 85.71
66 61 47.04
66 60 67.2
66 68 27.33
66 55 18.77
66 65 64.27
66 92 79.6
66 52 16.61
66 71 30.29
66 85 67.09
66 91 54.73
66 24 96.6
66 73 19.49
66 25 67.55
66 44 73.41
66 88 46.4
66 62 44.63
66 95 68.91
66 27 89.77
66 77 31.23
66 41 99.23
66 14 89.68
66 48 5.17
67 21 65.54
67 18 9.23
67 2 58.54
67 1 74.2
67 13 9.84
67 19 75.0
67 9 85.0
67 11 98.55
67 15 20.93
67 35 47.47
67 31 58.92
67 22 52.48
67 25 15.56
67 48 38.91
67 57 90.56
67 30 79.54
67 59 17.55
67 81 84.83
67 77 19.56
67 91 15.79
67 54 29.31
67 80 57.01
67 36 66.62
67 37 15.86
67 66 32.2
67 40 84.35
67 45 55.52
67 90 28.28
67 85 14.9
67 50 93.29
67 51 50.23
67 42 69.25
67 62 58.28
67 71 41.96
67 99 86.8
67 47 62.94
67 38 62.33
67 83 80.6
67 49 25.48
67 82 16.49
67 69 97.75
67 76 5.42
67 61 31.95
67 17 48.55
67 33 94.59
67 56 35.02
67 7 91.2
67 8 80.67
67 12 59.75
67 43 89.66
68 1 77.71
68 2 34.77
68 5 40.41
68 18 67.53
68 4 84.41
68 10 60.57
68 0 72.17
68 20 32.4
68 36 67.81
68 24 51.62
68 43 82.68
68 27 72.94
68 15 84.75
68 35 58.11
68 53 67.07
68 60 29.0
68 30 55.89
68 74 91.57
68 63 46.28
68 31 44.71
68 34 41.03
68 81 17.45
68 82 61.81
68 73 77.96
68 28 47.16
68 40 29.37
68 45 14.2
68 83 0.45
68 65 64.22
68 67 44.11
68 64 48.6
68 46 13.54
68 61 28.5
68 19 18.64
68 47 64.16
68 90 35.92
68 49 16.19
68 52 80.02
68 56 30.12
68 84 32.39
68 23 25.84
68 41 13.28
68 77 79.84
68 33 45.41
68 3 56.0
68 78 54.41
69 0 23.03
69 4 77.85
69 42 86.91
69 3 33.91
69 13 94.07
69 2 77.97
69 14 3.54
69 19 49.92
69 34 86.8
69 11 37.96
69 60 24.14
69 54 23.99
69 80 46.07
69 57 43.58
69 97 19.07
69 71 26.39
69 51 89.08
69 58 42.03
69 68 63.68
69 72 8.93
69 81 26.21
69 28 95.32
69 64 33.27
69 65 97.38
69 25 73.49
69 35 14.44
69 29 90.35
69 36 11.78
69 46 66.25
69 66 59.69
69 59 65.22
69 90 28.97
69 33 89.99
69 39 5.78
69 89 26.04
69 70 75.04
69 93 46.34
69 27 1.46
69 86 5.98
69 82 6.75
69 44 98.78
69 18 82.94
69 53 93.56
69 40 57.86
69 20 94.05
69 8 99.67
69 74 58.74
69 52 36.62
69 32 33.51
69 41 92.63
69 55 65.14
70 7 1.13
70 4 17.04
70 5 68.39
70 23 92.27
70 0 58.41
70 17 74.21
70 3 68.4
70 26 49.53
70 29 70.47
70 6 67.07
70 72 28.81
70 49 33.45
70 53 15.64
70 74 78.64
70 57 78.92
70 46 25.28
70 31 68.08
70 68 57.3
70 77 24.14
70 65 79.44
70 34 41.77
70 81 63.07
70 66 56.83
70 85 31.91
70 93 74.54
70 58 71.73
70 39 65.68
70 61 82.71
70 35 50.06
70 44 38.73
70 67 94.89
70 16 93.7
70 78 25.59
70 64 63.63
70 95 91.49
70 71 98.5
70 51 28.58
70 22 70.95
70 54 16.97
70 80 57.69
70 62 95.7
70 45 46.08
70 37 81.2
70 1 99.37
70 28 85.35
70 43 94.84
70 52 88.94
70 56 38.5
70 33 55.35
70 12 78.0
70 20 83.34
70 40 37.68
71 1 27.13
71 20 57.64
71 23 8.3
71 9 82.99
71 8 24.39
71 17 3.43
71 10 14.76
71 27 53.25
71 18 3.89
71 21 39.16
71 14 76.09
71 12 40.21
71 2 14.53
71 72 95.04
71 57 63.66
71 42 73.76
71 24 21.14
71 39 97.33
71 77 19.75
71 47 64.7
71 62 16.41
71 68 14.78
71 55 4.87
71 34 4.71
71 78 58.29
71 81 91.8
71 38 16.21
71 49 41.46
71 52 45.18
71 59 9.57
71 46 0.78
71 26 65.8
71 32 27.22
71 16 31.82
71 33 37.13
71 48 71.98
71 19 3.02
71 56 3.04
71 29 86.02
71 30 81.46
71 0 94.34
71 28 64.76
72 0 99.38
72 6 17.86
72 22 41.94
72 4 5.52
72 17 87.26
72 10 2.83
72 18 63.96
72 14 34.19
72 7 91.59
72 13 34.81
72 31 71.9
72 28 53.15
72 21 25.8
72 55 17.94
72 62 29.71
72 81 65.71
72 65 16.87
72 82 64.32
72 76 83.56
72 63 89.6
72 93 59.63
72 15 78.28
72 58 3.79
72 27 25.51
72 68 95.79
72 57 40.39
72 86 83.54
72 67 25.72
72 26 93.81
72 78 72.85
72 56 42.12
72 23 10.12
72 80 29.95
72 89 60.95
72 47 2.96
72 49 30.47
72 52 48.6
72 44 14.8
72 96 27.29
72 45 49.75
72 64 37.78
72 97 77.45
72 51 23.6
72 42 51.02
72 40 2.97
72 11 94.21
72 77 85.13
72 33 65.25
72 37 37.36
73 12 49.55
73 5 48.37
73 2 5.88
73 37 98.08
73 10 3.51
73 23 57.11
73 25 21.75
73 0 38.61
73 39 21.78
73 3 0.89
73 29 47.06
73 36 48.21
73 13 26.43
73 33 61.68
73 77 52.8
73 57 4.5
73 62 97.73
73 69 50.65
73 91 69.22
73 78 75.44
73 40 81.38
73 71 19.97
73 72 26.02
73 48 77.1
73 67 0.68
73 85 72.61
73 81 9.54
73 88 88.79
73 65 25.74
73 49 4.04
73 59 37.87
73 87 73.86
73 35 99.83
73 31 86.85
73 8 95.63
73 79 87.02
73 24 6.5
73 63 5.42
73 18 78.59
73 19 22.96
73 22 73.35
73 34 73.8
73 32 68.29
73 4 82.97
73 55 8.74
73 54 18.74
73 1 19.07
74 6 71.03
74 20 97.09
74 7 31.31
74 11 48.01
74 10 20.94
74 30 17.81
74 15 51.43
74 4 62.09
74 72 93.4
74 28 45.96
74 44 17.08
74 59 78.08
74 39 12.95
74 26 69.72
74 79 36.76
74 76 89.01
74 49 38.43
74 45 12.34
74 41 2.84
74 34 53.8
74 81 10.04
74 21 95.71
74 58 13.75
74 51 34.07
74 48 98.41
74 97 61.36
74 95 75.6
74 19 51.03
74 47 67.78
74 61 85.99
74 33 37.28
74 84 31.23
74 73 87.62
74 90 69.56
74 64 63.86
74 80 92.15
74 37 34.47
74 66 63.22
74 60 51.92
74 24 46.96
74 62 49.41
74 1 7.44
74 43 62.76
74 23 49.48
74 18 51.87
74 9 32.04
74 2 32.98
74 65 20.47
74 38 26.45
74 29 12.62
74 14 53.63
74 16 70.77
75 7 38.8
75 26 44.47
75 1 46.22
75 8 66.21
75 20 77.57
75 16 78.56
75 57 31.11
75 72 36.64
75 28 81.91
75 68 79.2
75 76 48.28
75 39 73.82
75 59 0.05
75 74 75.18
75 63 97.44
75 12 12.34
75 38 72.41
75 53 9.65
75 34 87.76
75 85 18.39
75 58 66.0
75 51 4.18
75 18 90.95
75 69 68.67
75 61 98.27
75 41 39.95
75 99 34.9
75 31 48.05
75 52 28.43
75 66 60.64
75 36 27.86
75 15 81.16
75 64 37.05
75 49 18.34
75 70 68.68
75 19 16.05
75 79 58.01
75 11 16.82
75 14 0.63
75 22 32.97
75 46 92.72
75 84 42.12
75 73 92.22
75 90 53.32
75 96 38.92
75 32 90.86
75 50 66.44
75 62 29.53
75 44 7.9
75 25 12.43
75 2 37.11
75 56 36.14
75 42 41.13
75 83 69.46
75 3 75.09
75 37 78.2
75 6 66.79
75 33 5.81
75 21 97.9
75 45 45.5
75 27 5.62
76 0 37.75
76 2 83.69
76 13 75.18
76 6 61.22
76 11 2.81
76 7 61.15
76 43 27.94
76 12 16.62
76 14 17.17
76 31 63.92
76 46 74.19
76 57 0.95
76 29 11.17
76 23 87.49
76 48 3.52
76 61 97.58
76 60 56.08
76 42 83.02
76 30 47.87
76 68 91.2
76 63 45.69
76 41 75.45
76 81 72.13
76 37 96.99
76 73 79.08
76 33 47.09
76 55 58.81
76 53 21.49
76 58 98.1
76 69 77.99
76 47 57.45
76 38 39.52
76 17 26.76
76 65 86.11
76 56 70.97
76 22 77.34
76 70 93.06
76 80 27.99
76 34 83.97
76 16 29.89
76 51 62.24
76 71 23.99
76 20 85.2
76 59 42.23
76 26 57.22
76 15 45.48
76 39 81.54
76 66 12.66
76 49 76.78
76 62 43.06
76 18 67.99
77 5 0.95
77 0 77.56
77 9 65.23
77 1 52.65
77 53 14.58
77 23 6.01
77 18 52.72
77 43 43.61
77 28 1.78
77 84 30.94
77 48 81.69
77 30 44.68
77 24 62.8
77 39 80.03
77 26 39.8
77 74 4.7
77 34 35.52
77 97 57.63
77 79 87.73
77 93 55.61
77 64 18.02
77 40 74.85
77 36 53.51
77 38 87.86
77 75 2.12
77 49 9.56
77 32 3.61
77 90 59.68
77 21 4.68
77 57 84.44
77 41 81.42
77 82 43.8
77 54 10.56
77 69 50.01
77 55 52.18
77 88 60.52
77 11 88.82
77 29 53.09
77 20 47.62
77 78 35.35
77 16 8.8
77 27 36.73
77 46 29.62
77 19 41.2
77 2 21.34
77 8 84.71
77 4 7.21
78 1 6.11
78 2 5.79
78 10 53.09
78 0 61.83
78 30 79.08
78 3 93.87
78 13 47.79
78 37 93.25
78 11 5.43
78 15 49.66
78 4 6.78
78 22 65.28
78 21 55.07
78 43 55.19
78 75 85.08
78 41 16.07
78 34 89.54
78 84 5.08
78 66 61.82
78 51 96.96
78 32 65.67
78 61 68.37
78 24 5.68
78 59 18.52
78 65 66.75
78 62 95.25
78 52 96.2
78 48 89.15
78 63 27.64
78 53 5.46
78 67 55.68
78 74 66.03
78 79 38.12
78 94 76.22
78 69 60.93
78 90 57.58
78 40 75.05
78 50 39.19
78 54 8.24
78 35 3.71
78 25 21.14
78 12 12.5
78 27 17.54
79 3 29.78
79 5 92.38
79 9 86.21
79 10 55.58
79 1 64.72
79 48 20.34
79 17 26.91
79 39 33.2
79 57 96.21
79 54 67.03
79 44 88.24
79 59 33.89
79 49 30.34
79 76 12.46
79 31 16.86
79 92 87.74
79 80 90.15
79 71 65.22
79 85 50.22
79 40 29.7
79 68 49.84
79 24 12.3
79 42 69.97
79 32 99.82
79 12 2.49
79 34 88.87
79 64 71.02
79 67 6.01
79 26 98.54
79 21 86.81
79 53 4.49
79 14 15.35
79 41 82.28
79 69 62.11
79 66 7.88
79 38 22.96
79 70 52.93
79 46 15.37
79 36 31.89
79 45 69.78
79 50 94.11
79 8 24.21
79 13 95.7
79 30 98.0
79 23 88.27
79 72 64.25
79 33 89.97
79 0 70.18
79 2 84.29
80 16 23.9
80 4 43.66
80 10 70.66
80 11 23.9
80 26 11.49
80 24 68.76
80 15 64.55
80 21 58.61
80 84 77.36
80 54 16.65
80 57 40.37
80 39 1.13
80 30 28.12
80 53 43.05
80 91 67.75
80 46 68.94
80 68 63.38
80 81 50.99
80 33 51.9
80 66 42.56
80 35 70.45
80 85 84.17
80 42 22.98
80 77 38.74
80 49 34.42
80 59 98.23
80 64 14.19
80 44 99.07
80 34 19.54
80 27 25.62
80 62 45.69
80 52 8.48
80 75 73.98
80 29 31.49
80 63 12.25
80 71 70.79
80 8 49.42
80 51 97.64
80 13 23.21
80 9 21.55
80 14 70.14
80 73 51.31
80 38 26.76
80 20 78.08
80 25 49.35
80 37 48.97
80 86 86.7
80 17 62.41
80 78 31.74
80 2 76.45
80 7 45.71
80 36 25.0
80 12 47.81
81 1 0.19
81 3 35.19
81 9 79.72
81 64 57.99
81 11 71.72
81 41 90.04
81 30 12.79
81 7 51.97
81 28 60.83
81 20 40.73
81 17 48.07
81 51 37.43
81 43 59.34
81 52 8.16
81 84 98.85
81 60 77.88
81 61 81.23
81 33 12.46
81 46 77.53
81 55 60.09
81 82 29.95
81 77 31.6
81 32 36.04
81 45 46.97
81 78 80.89
81 25 93.35
81 39 94.63
81 12 75.26
81 36 17.97
81 49 61.13
81 10 97.25
81 14 31.37
81 83 11.38
81 66 5.14
81 2 45.57
81 94 24.52
81 42 0.64
82 8 2.89
82 1 61.48
82 11 89.27
82 10 9.88
82 23 65.82
82 28 2.88
82 7 72.42
82 41 9.19
82 79 1.08
82 60 40.87
82 91 40.01
82 65 50.91
82 66 23.19
82 93 72.73
82 43 91.01
82 64 90.44
82 45 87.92
82 54 53.98
82 85 26.9
82 59 31.19
82 44 45.53
82 21 36.53
82 30 43.62
82 71 33.07
82 51 72.35
82 38 66.09
82 83 69.09
82 86 11.12
82 87 40.39
82 53 40.9
82 75 24.71
82 90 77.64
82 13 48.04
82 47 32.08
82 34 64.58
82 22 32.91
82 20 22.06
82 35 82.07
82 61 81.81
82 40 9.64
82 48 21.81
82 37 41.94
82 63 50.42
82 14 93.87
82 25 32.18
82 2 54.75
82 29 20.61
82 31 83.16
82 78 32.3
82 4 11.23
82 39 81.22
83 6 7.27
83 20 63.05
83 22 89.66
83 16 57.29
83 5 30.31
83 32 69.53
83 2 9.76
83 33 90.44
83 24 87.43
83 60 57.9
83 57 44.2
83 49 63.07
83 34 79.3
83 28 60.26
83 15 60.67
83 74 14.58
83 17 85.86
83 77 48.56
83 42 49.16
83 18 71.88
83 97 99.99
83 73 5.97
83 48 23.13
83 58 19.63
83 50 58.27
83 96 75.11
83 93 31.13
83 71 36.72
83 70 80.5
83 54 39.39
83 51 10.3
83 78 14.69
83 36 88.91
83 62 9.0
83 79 99.71
83 10 26.5
83 27 42.92
83 38 49.88
83 12 30.91
83 66 54.34
83 53 51.13
83 21 49.63
83 56 42.62
83 69 29.56
83 37 85.46
83 14 53.89
83 9 5.38
83 26 14.34
83 61 71.0
83 25 43.85
83 1 32.85
83 4 9.96
83 65 25.26
83 72 22.85
83 76 54.47
84 9 30.26
84 41 51.19
84 17 88.31
84 10 33.54
84 6 31.02
84 23 77.28
84 72 45.69
84 57 15.18
84 49 68.04
84 39 66.28
84 79 15.93
84 25 7.11
84 24 49.83
84 45 77.7
84 71 42.01
84 2 2.45
84 7 70.86
84 22 45.52
84 35 90.0
84 42 5.05
84 65 34.17
84 44 69.71
84 59 74.15
84 40 91.76
84 53 52.76
84 63 69.0
84 14 61.58
84 67 75.42
84 18 77.63
84 64 74.12
84 30 59.65
84 28 35.15
84 89 9.19
84 16 18.36
84 26 1.44
84 69 71.72
84 19 88.95
84 46 18.59
84 48 1.46
84 55 14.76
84 20 29.85
84 86 50.82
84 83 24.14
84 85 56.28
84 60 9.13
84 37 16.55
84 70 13.56
84 32 2.54
84 0 91.7
84 36 24.56
84 54 83.92
84 76 72.27
84 8 46.82
85 11 98.68
85 5 46.82
85 6 17.03
85 7 45.23
85 8 91.46
85 22 31.56
85 10 95.28
85 3 48.79
85 23 98.06
85 46 13.24
85 30 58.56
85 65 91.44
85 76 62.25
85 15 24.58
85 42 62.59
85 81 86.79
85 77 1.57
85 48 10.04
85 69 54.18
85 17 37.74
85 78 79.83
85 32 92.93
85 40 72.2
85 61 74.08
85 64 69.13
85 58 10.46
85 57 34.8
85 25 12.17
85 60 0.43
85 47 9.6
85 37 12.74
85 39 16.48
85 24 77.66
85 38 41.51
85 87 44.25
85 20 3.79
85 51 5.32
85 26 18.61
85 83 80.12
85 56 12.4
85 74 82.06
85 18 47.13
85 43 80.72
85 9 95.55
85 16 18.98
85 50 73.33
85 13 53.01
85 88 15.05
85 55 2.91
85 28 95.49
85 1 33.56
85 54 8.81
85 36 13.61
85 62 3.65
86 31 12.6
86 8 41.06
86 15 35.96
86 6 5.04
86 3 78.32
86 1 35.06
86 21 58.55
86 61 81.09
86 55 39.53
86 28 79.67
86 39 56.49
86 79 60.77
86 25 97.85
86 14 26.71
86 16 62.31
86 60 73.68
86 62 53.24
86 71 60.57
86 66 7.62
86 48 21.09
86 50 9.02
86 45 2.92
86 78 94.31
86 85 76.7
86 93 45.0
86 22 72.96
86 74 81.3
86 43 4.78
86 20 94.06
86 44 66.74
86 36 36.23
86 27 3.73
86 56 70.35
86 67 78.94
86 46 32.19
86 68 66.88
86 57 82.93
86 42 77.85
86 59 29.65
86 87 43.37
86 7 92.29
86 73 75.22
86 30 1.96
86 32 67.68
86 18 70.45
86 89 37.45
86 17 96.77
86 37 27.16
86 11 37.07
86 81 54.6
86 33 84.31
86 53 54.53
86 19 21.6
86 41 35.74
86 49 87.12
86 38 52.75
86 77 37.65
86 24 18.81
86 34 1.31
86 23 69.27
86 10 76.92
87 16 88.53
87 8 6.49
87 11 48.45
87 7 27.52
87 28 78.74
87 30 15.81
87 72 56.54
87 44 94.78
87 55 75.67
87 80 80.64
87 92 76.99
87 59 67.42
87 46 88.95
87 49 18.61
87 31 89.06
87 32 34.31
87 77 30.23
87 84 42.08
87 78 29.07
87 51 44.4
87 50 68.7
87 15 64.32
87 81 2.54
87 45 88.07
87 54 36.14
87 74 36.23
87 91 58.01
87 93 37.65
87 71 83.69
87 58 43.69
87 89 39.37
87 22 51.41
87 65 76.1
87 21 9.33
87 62 13.62
87 47 5.07
87 13 94.69
87 19 47.24
87 18 76.81
87 67 20.58
87 26 36.2
87 17 57.1
87 76 24.12
87 66 50.63
87 36 24.2
87 69 70.76
87 43 70.02
87 10 56.28
87 12 82.27
87 52 67.48
87 20 0.25
87 40 51.93
87 41 46.24
87 88 36.51
87 2 73.49
87 57 3.73
87 6 63.31
87 25 79.17
88 5 30.88
88 3 11.97
88 8 24.22
88 11 15.94
88 14 78.53
88 23 13.57
88 21 19.87
88 84 18.54
88 30 1.1
88 79 8.26
88 69 36.64
88 16 40.32
88 18 67.27
88 37 67.68
88 12 87.93
88 67 64.94
88 81 34.76
88 15 27.47
88 58 65.07
88 43 57.73
88 35 28.46
88 53 85.59
88 62 20.84
88 71 85.76
88 29 50.94
88 48 53.85
88 39 39.81
88 40 42.53
88 51 77.63
88 34 81.56
88 45 61.66
88 25 61.76
88 54 62.1
88 61 1.19
88 36 64.33
88 75 37.01
88 41 72.15
88 46 1.45
88 28 29.05
88 20 42.07
88 82 99.88
88 78 3.71
88 74 37.23
88 83 23.26
88 50 21.95
88 38 73.66
88 90 96.87
88 9 88.38
88 59 57.28
88 6 71.38
88 72 72.51
88 10 98.04
88 55 5.42
88 13 94.54
88 52 60.33
88 7 97.08
88 42 72.75
89 16 7.31
89 36 22.91
89 6 83.29
89 7 6.29
89 3 35.57
89 77 0.86
89 53 72.48
89 60 92.5
89 33 73.55
89 76 50.54
89 49 4.08
89 81 88.4
89 52 66.25
89 28 87.42
89 57 85.75
89 11 83.49
89 25 60.16
89 24 35.46
89 41 30.73
89 13 0.95
89 79 46.91
89 58 89.68
89 71 8.08
89 68 72.68
89 43 44.12
89 23 70.84
89 42 53.93
89 70 28.62
89 64 90.4
89 74 17.08
89 27 18.93
89 67 96.18
89 56 96.08
89 73 97.77
89 39 11.56
89 38 27.27
89 47 76.83
89 45 13.23
89 82 10.06
89 34 12.37
89 63 0.35
89 75 82.18
89 55 86.44
89 30 99.73
89 48 12.59
89 10 20.43
89 51 40.77
89 54 47.52
89 85 36.62
89 66 75.35
89 8 17.84
89 9 10.77
89 12 22.53
89 15 39.41
89 26 16.87
89 50 72.63
89 78 54.22
89 83 87.23
89 14 39.54
89 18 46.34
89 21 25.68
89 44 70.36
89 20 98.95
89 37 92.28
89 65 87.95
89 2 56.1
90 2 99.79
90 3 19.09
90 0 31.4
90 27 0.61
90 24 55.1
90 66 65.02
90 12 98.76
90 4 33.02
90 65 45.17
90 44 60.76
90 49 28.71
90 59 39.78
90 76 42.46
90 28 86.39
90 41 3.12
90 80 60.99
90 52 9.5
90 36 96.29
90 97 87.03
90 84 40.58
90 60 51.31
90 15 13.69
90 43 69.62
90 51 12.14
90 50 69.85
90 40 72.72
90 14 62.88
90 93 47.59
90 42 64.28
90 47 43.76
90 81 9.03
90 30 73.29
90 56 63.85
90 35 41.07
90 54 51.95
90 73 82.07
90 53 91.9
90 86 83.52
90 8 94.89
90 72 49.54
90 79 51.43
90 64 23.08
90 22 14.61
90 33 77.59
90 38 11.82
90 70 66.14
90 39 82.33
90 1 57.55
90 23 25.23
90 29 3.74
90 9 14.81
90 85 86.25
90 89 52.73
90 62 32.85
90 13 11.51
90 20 19.62
90 16 72.17
91 5 96.18
91 2 59.2
91 10 73.36
91 22 95.16
91 72 97.93
91 57 34.77
91 61 9.37
91 42 53.76
91 59 83.53
91 68 85.53
91 14 22.7
91 23 40.96
91 51 24.49
91 81 91.67
91 85 23.71
91 65 58.98
91 38 31.2
91 70 39.75
91 58 3.75
91 39 51.98
91 47 37.83
91 90 22.07
91 4 97.31
91 18 62.44
91 1 10.86
91 88 54.89
91 44 31.33
91 71 75.78
91 52 23.52
91 99 61.72
91 24 67.38
91 26 52.92
91 29 3.75
91 78 7.54
91 27 53.96
91 89 2.95
91 3 9.94
91 76 89.89
91 77 46.37
91 46 52.94
91 48 40.9
91 64 13.65
91 92 6.55
91 11 54.37
91 9 11.23
91 16 48.58
91 34 44.05
91 0 89.18
91 28 89.11
91 25 13.31
91 33 29.37
91 8 28.12
91 35 15.67
91 43 10.28
91 60 23.79
91 21 86.72
91 36 85.19
91 32 25.03
91 54 15.49
91 30 97.08
91 53 8.64
91 37 10.77
92 9 18.97
92 18 91.72
92 12 94.4
92 17 35.76
92 57 29.2
92 23 38.31
92 44 62.95
92 24 83.08
92 49 46.54
92 76 40.03
92 41 2.83
92 54 60.35
92 81 21.76
92 88 27.22
92 77 12.53
92 71 17.65
92 73 54.18
92 45 96.15
92 68 77.35
92 93 90.06
92 31 34.25
92 29 67.45
92 58 86.73
92 48 9.35
92 83 24.22
92 3 69.09
92 43 7.14
92 20 13.48
92 22 68.99
92 27 40.3
92 42 81.08
92 13 85.42
92 82 1.17
92 69 61.93
92 90 48.55
92 72 35.61
92 19 20.06
92 51 93.62
92 28 56.2
92 59 66.5
92 35 29.46
92 61 90.44
92 10 24.8
92 14 80.02
92 47 73.87
92 80 62.08
92 67 59.31
92 15 40.49
92 75 61.67
92 74 51.95
92 78 58.17
92 50 44.65
92 86 38.05
92 26 98.58
92 37 12.49
92 1 8.43
92 2 11.48
92 55 68.43
92 65 41.17
92 60 96.05
92 0 52.91
92 11 56.33
93 14 24.28
93 3 45.51
93 0 19.43
93 41 85.17
93 23 6.71
93 28 95.75
93 59 28.73
93 39 81.77
93 79 18.76
93 68 98.74
93 42 65.77
93 36 20.19
93 78 55.28
93 71 28.22
93 40 78.74
93 67 36.43
93 85 38.29
93 45 70.27
93 65 11.37
93 35 82.08
93 54 37.92
93 26 40.2
93 47 57.82
93 66 91.42
93 38 94.9
93 75 27.85
93 6 57.5
93 97 9.77
93 99 26.59
93 73 9.68
93 56 94.91
93 11 41.83
93 1 1.75
93 51 11.12
93 16 47.66
93 8 87.22
93 63 7.77
93 53 37.42
93 37 92.39
93 62 31.39
93 20 14.98
93 9 50.19
93 80 99.78
93 19 73.31
93 60 98.01
93 44 96.68
93 29 88.93
93 24 63.78
93 61 30.66
93 18 20.08
93 25 41.87
93 55 78.52
93 17 35.89
93 33 26.01
93 31 59.66
93 12 64.01
93 46 13.08
93 49 94.95
93 4 39.34
94 10 81.74
94 19 98.81
94 54 7.28
94 30 39.76
94 53 49.84
94 26 46.36
94 31 77.22
94 79 65.97
94 17 94.74
94 68 22.48
94 11 24.94
94 62 87.8
94 28 6.5
94 84 20.6
94 34 81.58
94 40 45.92
94 71 61.61
94 2 68.64
94 58 2.06
94 85 70.57
94 8 23.65
94 18 87.57
94 14 34.52
94 3 89.55
94 77 61.94
94 20 33.88
94 61 41.67
94 56 83.23
94 27 96.28
94 46 23.65
94 21 85.89
94 99 35.47
94 24 83.41
94 38 55.46
94 47 41.24
94 87 76.5
94 29 96.96
94 82 14.01
94 67 79.84
94 72 50.1
94 35 31.1
94 44 65.18
94 70 66.61
94 0 17.13
94 48 80.34
94 43 1.24
94 50 63.3
94 59 74.85
94 73 23.41
94 33 53.56
94 83 99.36
94 66 75.76
94 41 29.24
94 75 13.62
94 4 28.68
94 92 41.78
94 60 13.56
94 6 18.62
94 9 88.69
94 89 8.54
94 88 23.32
94 1 91.01
94 49 13.7
94 23 83.65
94 52 16.42
94 16 15.53
94 7 59.18
94 15 13.95
94 51 84.91
94 57 22.34
94 45 28.05
94 36 47.69
94 25 94.35
94 90 21.32
94 32 97.08
94 12 78.89
95 4 58.89
95 33 11.75
95 21 98.77
95 57 51.1
95 42 27.48
95 76 0.93
95 79 33.42
95 15 27.9
95 77 5.59
95 68 95.54
95 47 72.96
95 80 78.48
95 27 71.89
95 81 84.25
95 51 25.39
95 84 29.73
95 24 77.42
95 17 92.75
95 13 26.9
95 28 69.73
95 58 81.98
95 32 48.56
95 23 50.9
95 78 21.66
95 85 14.98
95 22 74.96
95 25 24.44
95 88 74.49
95 89 0.99
95 49 67.46
95 36 50.56
95 61 85.77
95 65 2.72
95 54 60.07
95 73 20.16
95 14 77.37
95 31 17.03
95 39 48.29
95 62 18.71
95 29 34.79
95 83 15.27
95 87 75.2
95 53 97.09
95 67 42.71
95 26 25.71
95 90 73.54
95 7 23.82
95 5 46.57
95 41 78.35
95 6 34.18
95 94 65.99
95 46 50.29
95 69 91.02
95 86 71.18
95 3 70.35
95 63 50.81
95 38 25.3
95 64 41.32
95 60 17.94
95 19 31.34
95 43 33.42
95 34 16.35
95 50 0.11
95 30 97.15
95 1 69.84
95 45 8.87
95 52 17.38
95 59 85.05
95 48 49.66
95 37 7.47
95 0 23.97
95 12 81.72
95 8 10.13
95 72 14.79
96 3 52.94
96 14 24.12
96 23 47.63
96 68 91.6
96 49 80.18
96 30 17.3
96 79 46.98
96 76 40.66
96 7 19.55
96 11 39.88
96 62 14.18
96 52 42.15
96 43 29.98
96 57 60.16
96 71 30.86
96 67 52.66
96 73 26.93
96 66 71.19
96 51 63.52
96 45 96.84
96 41 16.38
96 85 15.3
96 70 47.58
96 58 7.45
96 47 64.42
96 93 0.42
96 24 19.57
96 50 12.01
96 44 49.76
96 61 47.67
96 56 26.93
96 21 5.33
96 17 36.49
96 31 56.37
96 64 55.68
96 13 84.27
96 6 8.9
96 15 86.69
96 55 93.71
96 69 88.79
96 46 44.62
96 8 35.77
96 28 29.92
96 74 95.2
96 0 27.09
96 60 26.74
96 53 79.9
96 54 75.27
96 37 96.53
96 26 45.25
96 20 62.28
96 33 99.84
96 80 69.4
96 86 2.7
96 90 72.49
96 5 66.85
96 16 14.03
96 32 31.7
96 4 70.28
96 22 71.08
96 42 15.53
96 27 35.43
96 59 70.28
96 34 31.29
96 81 35.89
96 48 9.75
96 10 2.4
96 36 76.54
96 1 92.29
96 9 20.95
96 35 16.98
96 18 55.35
96 12 34.34
97 10 20.66
97 20 60.73
97 31 8.73
97 7 80.81
97 57 20.91
97 55 13.24
97 76 61.71
97 81 37.04
97 65 95.05
97 22 58.57
97 17 49.31
97 52 28.05
97 53 82.59
97 2 94.18
97 73 42.13
97 85 51.74
97 91 37.04
97 24 77.09
97 49 20.99
97 34 73.66
97 28 92.83
97 78 82.79
97 71 23.31
97 43 84.55
97 61 0.76
97 92 22.21
97 64 81.49
97 48 37.74
97 33 61.74
97 59 25.56
97 25 72.95
97 67 95.83
97 37 3.5
97 68 18.79
97 29 17.46
97 66 35.14
97 87 35.4
97 27 16.69
97 79 12.72
97 9 79.58
97 51 4.44
97 88 29.68
97 39 81.8
97 89 22.94
97 38 60.43
97 35 88.39
97 6 69.75
97 44 98.6
97 0 60.19
97 70 14.19
97 46 2.42
97 8 25.55
97 3 6.29
97 1 57.48
97 80 22.23
97 18 80.85
97 15 29.22
97 13 5.5
97 32 89.77
97 62 68.61
97 16 1.92
97 4 83.83
97 60 89.43
97 12 18.77
98 13 6.72
98 77 41.87
98 57 16.43
98 28 96.54
98 59 96.13
98 49 6.15
98 44 12.46
98 68 13.56
98 15 86.23
98 69 69.98
98 11 22.55
98 54 63.63
98 41 43.87
98 53 13.1
98 21 87.88
98 27 99.78
98 43 44.67
98 71 2.32
98 97 31.56
98 67 22.86
98 85 11.09
98 24 72.0
98 14 31.5
98 20 49.09
98 31 54.71
98 65 1.25
98 81 13.72
98 58 20.84
98 93 43.98
98 5 82.91
98 22 9.93
98 51 2.6
98 56 15.36
98 4 52.0
98 37 21.89
98 52 99.19
98 99 98.34
98 26 44.63
98 42 88.71
98 12 19.33
98 39 16.33
98 18 40.07
98 61 21.08
98 23 12.51
98 34 70.7
98 2 18.84
98 7 38.07
98 73 90.93
98 66 23.32
98 1 30.42
98 79 73.7
98 47 69.4
98 10 97.21
98 60 39.9
98 63 87.46
98 80 79.45
98 0 2.86
98 32 17.1
98 35 3.36
98 40 89.19
98 75 15.25
98 55 44.8
98 9 72.43
98 86 12.43
98 19 76.09
98 36 54.38
98 88 83.03
98 16 33.19
98 29 44.08
98 25 80.92
98 48 30.48
98 17 48.05
98 78 66.9
98 8 93.52
98 72 1.14
98 38 81.03
98 6 50.36
98 3 91.1
99 14 64.41
99 7 85.23
99 21 62.46
99 48 72.72
99 54 28.04
99 55 88.65
99 41 40.51
99 65 42.15
99 80 9.31
99 15 39.63
99 43 60.49
99 66 88.12
99 45 64.84
99 97 60.12
99 37 21.22
99 81 25.55
99 79 34.0
99 35 61.19
99 32 37.91
99 68 28.5
99 62 71.2
99 31 29.09
99 72 14.17
99 59 4.42
99 28 49.65
99 36 2.64
99 51 30.49
99 33 79.26
99 71 93.08
99 24 65.61
99 52 23.74
99 27 12.73
99 53 27.42
99 63 15.16
99 4 3.27
99 86 21.84
99 87 27.9
99 42 29.28
99 26 22.5
99 76 63.41
99 8 8.07
99 70 61.82
99 10 66.92
99 16 87.16
99 46 58.51
99 11 8.08
99 23 31.73
99 19 33.06
99 40 26.84
99 20 75.07
99 90 82.26
99 49 90.57
99 5 50.9
99 64 63.56
99 25 55.58
99 78 95.06
99 22 17.16
99 89 87.38
99 38 70.81
99 34 71.01
99 12 19.63
99 73 72.29
99 57 10.06
99 18 70.72
99 60 10.5
99 6 21.15
99 17 24.15
99 1 0.2
99 3 77.7
99 58 85.43
99 2 93.24
99 44 17.62
99 9 30.16
