100
0 8 80.6
0 17 23.9
0 24 62.5
0 30 70.3
0 78 70.0
0 86 17.0
0 91 60.4
1 13 71.2
1 16 83.7
1 29 11.3
1 33 52.0
1 50 26.4
1 57 40.1
1 75 56.0
1 83 35.9
1 85 1.8
1 96 10.8
2 16 36.4
2 41 46.4
2 49 62.6
2 83 66.3
2 94 6.8
3 18 51.4
3 34 4.5
3 73 81.6
4 46 96.2
4 57 63.0
4 76 76.2
5 49 59.9
5 98 76.2
6 29 76.8
6 69 76.7
6 72 47.3
6 77 41.7
6 82 48.4
7 22 2.6
7 42 49.0
7 78 35.3
8 19 51.5
8 23 6.0
8 73 19.3
8 94 63.5
8 96 58.0
9 49 37.5
9 60 44.5
10 12 93.7
10 25 18.5
10 29 10.7
10 38 66.0
10 40 5.0
10 58 22.7
10 59 54.2
10 60 87.7
10 74 41.1
10 80 87.0
10 94 8.6
11 27 23.8
12 34 4.8
12 36 25.6
12 53 3.3
12 89 66.8
13 18 34.8
13 25 76.5
13 38 9.4
13 95 2.0
14 41 28.1
14 42 72.5
14 55 59.8
14 87 70.5
14 89 35.8
15 36 16.0
15 42 48.3
15 90 70.5
15 96 76.6
16 30 55.1
16 39 99.0
16 49 3.3
16 75 48.9
17 23 31.2
17 55 66.9
17 57 7.6
18 22 9.0
18 72 61.5
18 92 31.8
19 42 36.8
19 53 55.29
19 61 13.6
19 80 41.0
19 91 70.4
20 28 74.0
20 40 76.8
20 69 82.4
20 88 42.7
20 92 35.7
21 36 83.3
21 65 40.4
21 78 86.6
21 95 21.6
22 39 71.3
22 54 80.5
22 74 86.9
22 78 94.1
22 79 68.7
22 91 49.2
23 32 45.2
23 33 33.9
23 42 69.5
23 48 45.3
23 49 97.2
23 60 20.9
24 36 92.7
24 37 67.5
24 44 33.8
24 57 59.3
24 62 5.0
24 93 90.8
25 31 82.0
25 40 68.0
25 95 74.2
26 39 62.9
26 63 88.6
26 76 2.5
27 29 10.3
27 34 53.0
27 55 71.7
27 65 61.9
28 56 29.7
28 61 42.2
28 63 21.3
28 85 70.2
28 95 19.1
29 66 44.2
29 69 42.7
29 74 58.9
29 85 29.3
29 99 51.3
30 63 4.2
30 94 65.4
31 34 55.6
31 74 79.1
31 92 49.6
31 98 13.9
32 37 44.2
32 72 35.7
33 68 50.8
33 82 28.1
33 87 55.6
34 41 52.8
34 67 76.2
34 87 79.9
34 88 99.3
34 91 28.9
34 92 59.0
35 57 42.4
35 67 35.2
36 45 20.5
36 54 17.3
36 89 79.1
37 49 18.1
37 59 69.4
37 64 51.0
37 65 33.0
38 43 72.1
38 50 33.6
38 53 79.4
39 45 34.0
39 47 65.3
39 51 34.4
39 80 48.3
40 49 86.9
40 73 25.2
40 81 88.2
41 56 28.5
41 77 64.5
41 79 14.3
41 96 47.2
42 54 54.2
42 87 62.5
42 96 43.3
43 47 34.0
43 61 1.8
43 94 27.1
44 97 22.8
44 99 44.5
45 49 12.8
45 74 86.3
46 48 62.7
47 55 97.9
47 61 88.8
48 88 28.9
49 88 27.5
49 96 74.7
49 97 40.2
50 69 42.3
50 70 87.1
50 81 81.5
51 64 2.3
51 72 35.2
51 99 32.4
52 78 16.8
52 97 51.3
53 83 62.9
53 88 55.0
53 89 1.3
54 83 24.6
54 92 95.2
55 74 54.6
55 77 62.5
55 82 88.8
55 91 42.0
55 98 43.7
56 57 45.2
56 85 16.4
57 61 70.6
57 90 70.3
57 96 70.5
58 80 90.2
58 87 71.7
59 60 58.3
59 83 69.5
60 95 22.5
62 91 63.2
63 70 22.1
63 82 83.1
64 78 76.5
65 75 40.7
65 95 44.8
67 70 66.7
67 90 63.2
68 79 65.7
68 88 48.6
69 71 69.7
69 98 11.0
70 73 51.0
70 92 29.9
71 98 60.4
72 82 48.1
72 93 76.9
73 84 55.4
75 91 49.2
75 95 96.0
76 84 68.2
76 90 97.9
78 80 8.7
79 96 29.3
79 99 17.8
83 84 80.0
84 89 63.1
84 94 59.2
84 98 49.4
85 87 73.6
85 90 27.9
85 98 89.1
88 96 11.9
89 94 85.0
89 97 42.3
90 98 64.4
91 92 66.5
95 97 10.4
98 99 70.9