75
1 0 10.0
2 0 10.0
3 0 20.0
4 0 20.0
5 0 20.0
6 0 20.0
7 0 20.0
8 0 20.0
9 0 20.0
10 0 20.0
11 0 20.0
12 0 20.0
13 0 20.0
14 0 20.0
15 0 20.0
16 0 20.0
17 0 20.0
18 0 20.0
19 0 20.0
20 0 20.0
21 0 20.0
22 0 20.0
23 0 20.0
24 0 20.5
25 0 20.0
26 0 20.0
27 0 20.0
28 0 20.0
29 0 20.0
30 0 20.0
31 14 20.0
32 11 20.0
33 24 20.0
34 3 13.4
35 3 71.0
36 1 10.0
37 35 20.1
38 0 20.0
39 1 10.1
40 29 20.0
41 3 11.0
42 11 20.0
43 24 20.0
44 3 13.4
45 3 71.0
46 1 10.0
47 35 20.1
48 0 20.0
49 1 10.1
50 29 20.0
51 14 20.0
52 11 20.0
53 24 20.0
54 3 13.4
55 3 71.0
56 1 10.0
57 35 20.1
58 0 20.0
59 1 10.1
60 29 20.0
61 14 20.0
62 11 20.0
63 24 20.0
64 3 13.4
65 3 71.0
66 1 10.0
67 35 20.1
68 0 20.0
69 1 10.1
70 29 20.0
71 3 10.5
72 3 12.0
73 3 13.0
74 3 40.0
