99
0 1 5.224
0 2 6.923
0 3 5.952
0 4 4.65
0 5 5.222
0 6 4.452
0 7 5.808
0 8 3.849
0 9 5.061
0 10 4.236
0 11 3.013
0 12 3.76
0 13 4.547
0 14 5.18
0 15 3.717
0 16 4.653
0 17 4.957
0 18 5.04
0 19 3.354
0 20 6.528
0 21 3.816
0 22 4.438
0 23 3.597
0 24 4.639
0 25 4.569
0 26 4.362
0 27 4.33
0 28 4.287
0 29 4.405
0 30 5.752
0 31 4.737
0 32 4.07
0 33 1.801
0 34 3.06
1 2 5.873
1 3 3.751
1 4 4.716
1 5 5.991
1 6 5.613
1 7 5.38
1 8 3.625
1 9 4.471
1 10 4.616
1 11 5.288
1 12 5.415
1 13 4.169
1 14 4.039
1 15 6.007
1 16 6.01
1 17 4.937
1 18 3.221
1 19 5.575
1 20 5.086
1 21 4.922
1 22 3.728
1 23 4.687
1 24 5.855
1 25 4.743
1 26 4.015
1 27 6.816
1 28 5.585
1 29 4.403
1 30 3.869
1 31 4.843
1 32 3.984
1 35 3.977
1 36 3.4
2 3 5.472
2 4 4.986
2 5 6.174
2 6 4.814
2 7 5.824
2 8 4.188
2 9 4.538
2 10 4.433
2 11 6.028
2 12 2.545
2 13 4.674
2 14 4.013
2 15 4.146
2 16 4.521
2 17 6.108
2 18 4.662
2 19 6.048
2 20 5.799
2 21 4.094
2 22 4.295
2 23 5.613
2 24 4.324
2 25 4.488
2 26 5.304
2 27 3.88
2 28 5.186
2 29 3.118
2 30 6.449
2 31 2.216
2 32 5.2
2 37 3.748
2 38 4.213
3 4 7.542
3 5 3.991
3 6 5.118
3 7 5.939
3 8 3.616
3 9 3.879
3 10 4.06
3 11 3.442
3 12 4.191
3 13 3.276
3 14 6.032
3 15 3.398
3 16 4.509
3 17 2.997
3 18 5.115
3 19 7.152
3 20 4.262
3 21 5.505
3 22 5.714
3 23 4.432
3 24 4.295
3 25 3.82
3 26 5.175
3 27 2.88
3 28 3.697
3 29 3.904
3 30 4.189
3 31 5.978
3 32 3.103
3 39 1.972
3 40 2.18
4 5 4.467
4 6 6.557
4 7 3.542
4 8 5.314
4 9 3.766
4 10 4.511
4 11 4.398
4 12 4.802
4 13 6.405
4 14 4.557
4 15 5.095
4 16 5.669
4 17 5.442
4 18 5.429
4 19 4.5
4 20 4.91
4 21 6.332
4 22 3.872
4 23 3.651
4 24 6.337
4 25 4.981
4 26 6.731
4 27 4.887
4 28 6.262
4 29 5.067
4 30 5.011
4 31 5.511
4 32 3.409
4 41 3.58
4 42 3.799
5 6 6.131
5 7 6.472
5 8 5.528
5 9 3.693
5 10 5.757
5 11 5.139
5 12 3.901
5 13 4.593
5 14 6.145
5 15 5.612
5 16 5.772
5 17 5.47
5 18 5.016
5 19 3.588
5 20 5.264
5 21 4.975
5 22 5.777
5 23 5.435
5 24 4.424
5 25 4.613
5 26 4.624
5 27 5.779
5 28 4.128
5 29 3.682
5 30 2.924
5 31 4.27
5 32 4.806
5 43 4.352
5 44 2.347
6 7 6.321
6 8 4.909
6 9 4.228
6 10 6.734
6 11 4.363
6 12 5.08
6 13 5.224
6 14 3.622
6 15 5.474
6 16 4.729
6 17 4.498
6 18 3.876
6 19 5.233
6 20 4.7
6 21 2.71
6 22 7.106
6 23 3.868
6 24 4.433
6 25 4.958
6 26 5.268
6 27 4.468
6 28 4.377
6 29 5.685
6 30 3.723
6 31 6.414
6 32 6.736
6 45 2.532
6 46 3.882
7 8 4.552
7 9 6.2
7 10 3.945
7 11 5.324
7 12 4.99
7 13 5.422
7 14 5.048
7 15 5.664
7 16 5.204
7 17 5.069
7 18 4.814
7 19 4.541
7 20 3.757
7 21 4.308
7 22 5.492
7 23 5.728
7 24 5.776
7 25 4.511
7 26 5.422
7 27 2.521
7 28 4.823
7 29 4.998
7 30 4.785
7 31 4.994
7 32 5.266
7 47 4.61
7 48 3.189
8 9 5.147
8 10 5.184
8 11 4.629
8 12 5.297
8 13 4.246
8 14 4.644
8 15 5.205
8 16 3.841
8 17 5.615
8 18 5.643
8 19 5.171
8 20 4.407
8 21 5.753
8 22 3.901
8 23 4.658
8 24 3.924
8 25 4.395
8 26 5.886
8 27 4.55
8 28 5.127
8 29 4.21
8 30 4.899
8 31 4.598
8 32 4.998
8 49 2.79
8 50 4.708
9 10 5.284
9 11 3.012
9 12 2.666
9 13 4.622
9 14 3.803
9 15 4.239
9 16 5.743
9 17 6.74
9 18 4.791
9 19 3.554
9 20 4.88
9 21 6.235
9 22 4.439
9 23 2.968
9 24 4.486
9 25 5.43
9 26 4.555
9 27 4.987
9 28 4.458
9 29 3.945
9 30 3.93
9 31 5.65
9 32 4.654
9 51 1.155
9 52 3.688
10 11 4.04
10 12 3.193
10 13 5.036
10 14 4.469
10 15 5.452
10 16 2.961
10 17 3.595
10 18 7.23
10 19 4.333
10 20 6.473
10 21 6.425
10 22 4.373
10 23 4.578
10 24 5.88
10 25 4.556
10 26 3.979
10 27 6.049
10 28 4.027
10 29 5.359
10 30 5.514
10 31 4.727
10 32 3.114
10 53 4.623
10 54 3.252
11 12 3.98
11 13 3.831
11 14 4.39
11 15 5.692
11 16 4.465
11 17 4.396
11 18 5.919
11 19 4.928
11 20 7.083
11 21 4.608
11 22 6.126
11 23 4.011
11 24 4.825
11 25 4.882
11 26 3.748
11 27 4.736
11 28 5.004
11 29 5.167
11 30 4.372
11 31 6.995
11 32 4.818
11 55 1.628
11 56 3.353
12 13 5.641
12 14 4.444
12 15 5.219
12 16 4.361
12 17 6.555
12 18 3.125
12 19 5.97
12 20 5.422
12 21 4.612
12 22 4.237
12 23 5.737
12 24 4.865
12 25 4.315
12 26 6.14
12 27 4.23
12 28 5.474
12 29 4.805
12 30 4.884
12 31 5.001
12 32 4.404
12 57 2.032
12 58 2.246
13 14 4.796
13 15 4.709
13 16 2.223
13 17 5.243
13 18 5.359
13 19 3.78
13 20 4.126
13 21 6.223
13 22 3.888
13 23 5.127
13 24 6.217
13 25 6.572
13 26 4.853
13 27 6.116
13 28 4.175
13 29 5.437
13 30 4.752
13 31 5.197
13 32 6.024
13 59 1.4
13 60 3.313
14 15 5.315
14 16 4.919
14 17 4.774
14 18 6.712
14 19 5.231
14 20 4.263
14 21 5.71
14 22 5.42
14 23 5.474
14 24 5.148
14 25 3.404
14 26 4.627
14 27 5.761
14 28 5.758
14 29 5.414
14 30 4.81
14 31 4.495
14 32 6.946
14 61 3.615
14 62 1.987
15 16 4.959
15 17 5.231
15 18 3.634
15 19 5.064
15 20 4.815
15 21 5.059
15 22 5.073
15 23 7.424
15 24 6.499
15 25 4.291
15 26 4.479
15 27 5.162
15 28 4.929
15 29 3.412
15 30 4.554
15 31 4.075
15 32 4.979
15 63 2.373
15 64 3.224
16 17 4.019
16 18 4.454
16 19 3.283
16 20 7.032
16 21 4.418
16 22 4.998
16 23 4.848
16 24 5.131
16 25 6.545
16 26 4.086
16 27 4.389
16 28 4.356
16 29 4.308
16 30 4.982
16 31 5.228
16 32 5.052
16 65 3.179
16 66 3.461
17 18 5.434
17 19 4.98
17 20 4.977
17 21 4.275
17 22 5.41
17 23 4.539
17 24 4.643
17 25 3.956
17 26 4.795
17 27 3.871
17 28 5.627
17 29 3.257
17 30 5.023
17 31 5.228
17 32 4.504
17 67 2.599
17 68 4.534
18 19 4.308
18 20 5.657
18 21 5.504
18 22 6.314
18 23 4.06
18 24 6.342
18 25 5.748
18 26 5.564
18 27 5.528
18 28 6.015
18 29 4.751
18 30 4.934
18 31 5.419
18 32 5.248
18 69 2.201
18 70 3.798
19 20 6.005
19 21 5.41
19 22 3.804
19 23 4.354
19 24 5.184
19 25 4.714
19 26 6.046
19 27 4.636
19 28 3.288
19 29 5.106
19 30 5.474
19 31 5.438
19 32 5.714
19 71 2.352
19 72 3.37
20 21 5.67
20 22 5.21
20 23 4.507
20 24 6.12
20 25 5.676
20 26 5.093
20 27 3.109
20 28 5.36
20 29 3.706
20 30 5.861
20 31 5.91
20 32 4.311
20 73 5.45
20 74 3.967
21 22 7.618
21 23 5.589
21 24 4.346
21 25 4.311
21 26 6.075
21 27 5.857
21 28 6.359
21 29 4.767
21 30 6.451
21 31 3.887
21 32 3.755
21 75 2.288
21 76 2.409
22 23 5.589
22 24 6.095
22 25 5.618
22 26 4.494
22 27 5.067
22 28 5.894
22 29 5.93
22 30 3.915
22 31 6.534
22 32 5.845
22 77 2.96
22 78 4.378
23 24 4.894
23 25 4.173
23 26 5.293
23 27 6.265
23 28 6.049
23 29 4.259
23 30 6.105
23 31 4.802
23 32 5.705
23 79 4.518
23 80 2.897
24 25 3.842
24 26 3.655
24 27 5.973
24 28 5.322
24 29 4.093
24 30 4.255
24 31 5.913
24 32 5.778
24 81 1.396
24 82 2.526
25 26 5.008
25 27 3.818
25 28 5.843
25 29 4.416
25 30 5.503
25 31 5.779
25 32 5.288
25 83 3.561
25 84 2.709
26 27 4.954
26 28 4.344
26 29 4.026
26 30 5.524
26 31 4.492
26 32 5.414
26 85 2.577
26 86 3.016
27 28 4.659
27 29 3.528
27 30 4.9
27 31 3.855
27 32 5.572
27 87 1.826
27 88 2.564
28 29 5.122
28 30 5.453
28 31 5.005
28 32 5.858
28 89 4.398
28 90 3.413
29 30 5.42
29 31 3.321
29 32 4.343
29 91 1.3
29 92 2.69
30 31 4.964
30 32 5.02
30 93 3.355
30 94 3.364
31 32 5.959
31 95 2.242
31 96 2.422
32 97 4.496
32 98 2.558
33 35 3.129
34 36 1.655
37 39 3.05
38 40 3.244
41 43 2.519
42 44 1.733
45 47 3.617
46 48 2.821
49 51 4.188
50 52 1.326
53 55 5.817
54 56 2.642
57 59 4.341
58 60 2.808
61 63 1.512
62 64 3.204
65 67 2.245
66 68 0.854
69 71 2.854
70 72 3.111
73 75 4.584
74 76 3.16
77 79 2.333
78 80 3.241
81 83 3.064
82 84 2.651
85 87 1.795
86 88 4.288
89 91 3.153
90 92 1.722
93 95 3.99
94 96 3.28