100
33 95 86.039
95 79 73.991
95 19 85.289
79 19 1.372
45 2 76.376
45 37 26.078
2 70 21.712
2 43 85.499
37 49 1.150
37 1 78.704
19 10 93.381
10 82 92.082
10 23 84.004
82 23 24.277
82 60 20.121
23 60 5.360
60 83 23.544
76 71 93.648
71 69 41.615
71 61 89.903
69 61 24.087
83 19 47.733
65 1 83.803
1 34 90.081
1 20 92.853
34 20 8.109
34 99 20.775
20 99 5.149
99 23 17.519
39 67 87.048
67 53 77.489
67 49 76.345
53 49 18.394
53 95 18.259
49 95 8.346
32 68 72.908
16 43 84.469
43 73 30.014
43 30 95.682
73 30 16.032
51 19 77.442
19 56 67.571
19 28 78.093
56 28 19.507
0 66 95.082
0 37 11.163
68 76 90.579
76 51 92.570
76 94 89.318
51 94 5.076
51 28 1.522
94 28 5.914
52 70 79.391
70 31 79.332
70 18 79.537
31 18 12.214
31 63 2.238
18 63 18.465
63 17 21.611
51 64 80.470
51 55 73.108
64 9 22.776
64 77 87.382
55 45 6.674
55 56 92.733
47 54 91.508
54 23 80.380
54 75 95.403
23 75 8.777
23 9 19.345
75 9 8.403
7 70 82.759
70 67 17.255
70 9 14.916
70 51 24.979
67 9 1.175
67 51 6.721
9 51 24.759
40 44 80.255
40 70 10.016
87 10 76.889
87 73 20.034
64 42 95.710
42 9 84.662
42 44 79.311
9 44 11.497
44 67 23.898
65 72 94.395
65 17 50.624
72 3 3.825
72 46 91.227
17 2 2.930
17 82 99.708
11 13 30.339
64 8 79.722
8 87 34.371
8 15 89.843
87 15 12.938
39 53 75.755
39 66 24.287
67 10 87.032
10 21 17.474
10 44 98.315
51 2 10.908
51 43 85.842
17 74 98.139
74 53 93.402
74 32 85.986
53 32 15.401
53 64 18.855
32 64 2.544
24 95 81.630
95 26 84.131
95 98 81.077
26 98 21.734
26 96 0.633
98 96 1.051
96 63 6.331
89 75 88.919
75 33 91.260
75 39 78.955
33 39 20.977
33 56 24.933
39 56 14.468
56 59 3.986
94 70 79.590
70 12 86.077
70 45 86.695
12 45 10.751
12 80 4.383
45 80 4.028
42 58 95.246
58 71 77.626
58 96 91.301
71 96 20.977
71 47 4.815
96 47 9.235
47 52 11.570
72 17 93.649
17 90 80.464
17 35 91.735
90 35 5.924
90 31 5.144
35 31 2.123
31 50 0.459
84 20 90.095
20 13 78.167
20 50 92.216
13 50 6.747
13 95 2.418
50 95 9.996
95 63 1.665
20 10 94.404
10 93 97.480
10 33 75.420
93 33 23.703
93 52 0.855
33 52 17.573
52 66 17.127
11 22 95.206
22 8 96.493
22 28 86.056
8 28 5.888
8 54 23.536
28 54 4.487
54 35 14.304
13 44 96.358
13 68 31.776
44 72 1.813
44 3 92.368
68 63 4.543
68 23 83.509
68 66 10.158
54 26 78.499
54 73 13.090
69 8 81.310
69 43 22.438
11 17 75.068
17 58 79.397
17 94 78.942
58 94 5.010
58 77 0.424
94 77 11.420
77 2 5.541
70 64 87.909
64 27 70.454
64 26 85.863
27 26 8.545
84 45 95.911
45 24 42.902
45 29 84.082
24 29 16.635
17 30 91.135
17 84 36.343
30 39 4.946
30 63 94.982
84 37 7.070
84 32 84.563
70 80 98.831
70 58 19.809
33 47 89.992
33 16 62.476
47 36 4.556
47 68 98.669
16 90 12.574
16 22 76.001
67 61 87.152
61 48 67.930
61 81 83.426
48 81 22.003
76 42 83.195
76 82 8.657
33 68 77.454
68 45 31.086
68 75 98.931
45 75 15.328
21 56 86.253
56 76 86.857
56 77 87.975
76 77 9.303
76 39 2.156
77 39 16.383
39 37 12.758
31 17 85.601
17 14 85.153
90 14 17.528
47 98 9.559
67 3 35.282
54 58 82.415
58 40 82.656
77 40 16.204
93 74 71.560
30 35 97.078
35 82 94.004
35 64 80.172
82 64 22.946
82 95 1.169
64 95 4.035
95 99 2.460
4 23 83.556
4 71 16.193
49 11 90.626
11 27 54.005
11 84 84.256
27 84 8.298
72 24 78.694
24 58 99.231
58 95 19.774
58 11 15.981
95 11 1.277
88 71 97.278
88 4 17.441
31 14 84.724
31 99 11.728
11 50 85.927
89 69 95.581
89 42 28.968
69 33 19.675
69 64 97.610
42 39 18.305
42 63 94.377
85 72 78.648
72 47 95.822
72 33 91.040
47 93 12.786
63 20 48.564
5 29 28.336
86 99 98.313
86 29 41.790
99 58 14.164
99 38 92.052
29 52 4.978
29 65 91.902
47 5 76.077
5 97 97.599
5 23 85.036
97 23 21.927
97 76 24.901
23 76 24.422
76 67 17.287
25 78 97.094
78 11 92.152
78 90 81.074
11 90 15.440
11 94 13.641
90 94 1.159
32 65 85.361
32 81 36.614
65 14 20.771
65 6 96.529
81 39 15.642
81 88 93.629
15 63 90.675
63 12 87.634
63 27 93.343
12 27 1.394
12 37 16.780
27 37 4.095
79 39 79.858
39 69 13.564
39 1 0.424
39 92 6.443
69 1 13.151
69 92 14.178
1 92 6.476
90 53 81.721
53 33 28.716
53 40 84.575
33 40 11.216
38 52 75.451
38 59 10.166
64 23 75.185
23 83 75.122
23 61 79.313
83 61 18.845
83 53 6.883
61 53 1.827
57 47 75.782
47 77 94.571
47 79 88.916
77 79 4.177
77 53 2.340
79 53 7.027
31 44 95.411
31 7 30.945
44 37 9.815
44 75 96.971
7 98 9.057
7 1 87.082
25 33 99.352
25 44 68.020
33 15 22.791
44 20 15.378
44 96 99.004
17 29 92.539
29 48 84.732
29 31 95.887
48 31 10.262
48 88 16.836
31 88 8.952
57 70 27.779
56 25 86.538
25 42 93.338
25 18 88.687
42 18 4.791
42 86 15.705
18 86 21.909
86 64 23.890
23 84 91.500
59 49 78.409
59 16 37.720
49 74 4.308
49 96 78.420
16 48 24.208
16 12 87.592
68 90 93.636
68 20 47.602
90 66 23.206
90 76 75.251
20 48 13.758
20 73 92.281
40 2 96.148
2 3 5.770
2 23 18.528
2 1 0.925
3 23 0.353
3 1 6.080
23 1 16.250
88 56 26.023
97 39 79.606
39 50 81.104
81 50 20.555
81 21 19.202
50 21 4.678
21 4 8.414
12 35 95.876
35 3 44.474
3 17 4.174
71 81 94.744
81 87 97.811
81 83 98.064
87 83 11.516
87 49 0.950
83 49 6.667
49 27 5.513
30 98 25.343
12 91 83.259
12 1 32.468
91 48 5.064
91 16 75.245
1 0 23.739
1 55 87.870
68 36 94.185
36 97 20.029
36 87 10.294
36 17 18.939
97 87 11.869
97 17 4.703
87 17 9.398
52 87 98.397
52 64 62.451
87 91 7.392
87 48 87.740
64 83 4.967
64 34 92.882
68 57 80.268
68 67 49.265
57 44 5.122
57 26 75.262
67 69 21.474
67 28 83.166
22 3 91.343
22 10 20.716
94 32 88.025
32 8 23.301
32 40 13.345
53 8 23.889
8 40 21.978
60 43 87.638
60 29 58.683
43 33 8.001
43 57 87.592
29 20 17.185
29 34 97.841
81 13 81.962
81 91 34.990
13 30 4.639
13 73 76.274
91 27 1.198
91 55 85.975
11 85 81.123
85 20 5.892
85 62 75.472
94 64 2.604
94 95 96.569
99 73 82.253
73 17 70.967
73 14 93.416
94 30 78.380
30 53 75.362
98 53 21.132
98 35 2.243
53 35 17.768
35 5 3.067
52 84 93.962
84 60 6.196
84 28 11.673
84 34 6.461
60 28 17.205
60 34 22.334
28 34 18.822
88 5 30.183
67 33 91.432
33 29 87.242
33 79 82.332
29 79 5.687
29 13 0.644
79 13 16.279
34 61 95.784
61 15 3.268
61 52 4.272
15 52 17.596
15 67 18.457
52 67 19.797
44 52 92.843
44 38 19.591
60 74 94.696
60 47 28.976
74 92 16.122
74 99 88.175
47 8 77.613
62 0 53.138
32 49 88.448
32 52 37.027
49 40 10.583
49 14 77.833
52 91 8.019
52 68 83.897
27 42 76.879
42 50 56.549
42 16 85.859
50 16 16.199
26 67 82.461
67 85 42.201
67 29 84.151
85 29 15.350
69 21 99.883
21 54 75.780
21 32 94.214
54 32 6.331
54 93 21.753
32 93 11.374
93 42 12.189
3 49 34.924
90 7 96.039
90 3 4.538
28 57 90.900
57 31 76.363
57 78 96.069
31 78 23.392
31 67 6.568
78 67 21.534
67 19 14.652
36 20 84.154
36 16 73.629
20 62 6.410
20 17 77.265
16 53 0.572
16 6 84.790
72 84 88.698
36 74 75.732
74 14 33.220
74 19 88.716
14 19 10.515
74 59 92.621
59 76 72.897
59 14 86.718
76 14 19.201
88 66 81.897
66 9 84.370
66 4 88.292
9 4 8.966
9 1 7.867
4 1 18.702
1 85 20.729
24 79 92.092
24 10 49.486
79 60 20.200
79 74 81.831
10 45 7.358
42 94 98.250
94 7 83.888
94 75 90.864
7 75 7.413
7 81 1.689
75 81 20.482
81 23 6.905
17 62 83.832
62 11 89.394
62 71 88.486
11 71 10.689
11 48 2.605
71 48 23.211
69 35 99.652
69 31 65.044
35 77 18.740
35 93 97.453
31 58 97.814
34 57 70.340
78 76 76.304
76 35 89.772
76 92 86.257
35 92 21.253
35 29 18.204
92 29 5.624
29 3 13.286
17 21 81.512
21 66 87.679
21 86 92.869
66 86 10.332
66 93 9.565
86 93 5.910
93 92 9.799
83 46 99.259
46 45 79.412
46 51 99.850
45 51 15.499
45 25 12.036
51 25 5.833
51 36 90.845
51 87 11.883
38 48 95.284
48 8 6.235
48 25 0.239
48 79 21.405
8 25 19.889
8 79 12.683
25 79 17.174
92 6 77.413
92 72 4.840
85 24 84.977
85 12 11.381
29 30 94.831
30 91 48.845
30 47 91.047
91 47 10.437
92 85 81.860
92 96 51.820
85 86 7.228
96 37 23.556
96 42 83.028
59 28 85.254
59 58 33.608
28 9 2.853
28 40 91.565
58 62 10.705
58 25 92.107
63 58 93.798
58 43 20.344
58 2 9.761
58 73 0.067
2 73 18.022
62 23 85.056
23 57 27.175
23 21 92.036
57 21 23.047
97 71 76.079
71 82 75.825
71 86 88.891
82 86 6.108
82 47 22.993
86 47 15.071
47 14 11.314
89 47 89.556
89 90 98.722
47 90 16.429
47 13 22.437
90 13 14.027
13 8 20.043
28 91 95.001
91 69 4.470
91 33 3.633
91 46 20.545
69 46 20.515
33 46 15.219
57 83 89.657
57 58 76.949
83 58 13.447
83 52 9.084
58 52 22.171
52 12 10.967
68 95 76.460
95 22 76.502
95 59 85.310
22 59 4.063
22 41 1.353
59 41 2.044
