100
0 26 2.30
0 88 97.30
0 20 18.39
0 30 22.01
0 33 78.08
0 74 23.07
0 36 72.19
0 76 34.92
0 80 1.06
0 83 25.80
0 34 11.09
0 24 20.03
0 41 32.04
0 89 38.32
0 86 42.14
0 55 15.34
0 45 29.09
0 64 71.28
0 56 92.19
0 18 21.99
0 10 13.69
0 43 30.21
0 9 58.55
0 98 31.15
0 4 53.20
0 66 85.00
0 71 11.46
0 79 68.55
0 22 9.41
0 73 85.70
0 72 23.58
0 81 64.48
0 91 53.67
0 29 52.07
0 6 69.58
0 7 4.37
0 87 76.70
0 59 62.15
0 99 10.63
0 62 25.53
0 65 63.61
0 52 78.67
0 75 65.86
0 39 51.13
0 69 75.94
0 77 76.10
0 23 20.52
0 25 91.31
0 11 63.02
0 14 45.08
0 47 95.28
0 1 17.72
0 32 64.87
0 70 99.43
0 8 95.31
0 96 94.01
0 21 64.64
0 16 16.10
0 3 73.46
0 63 92.72
0 12 61.83
0 13 99.91
0 31 12.63
0 94 52.28
0 53 0.40
0 5 52.02
0 60 90.23
0 54 13.06
0 48 20.11
0 57 29.73
0 38 53.63
0 51 77.40
0 28 27.52
0 78 75.63
0 93 39.77
0 84 7.97
0 50 86.75
0 61 64.65
0 58 35.36
0 19 35.18
0 37 90.73
1 43 84.52
1 28 66.96
1 5 79.36
1 37 68.01
1 70 24.07
1 59 32.59
1 98 18.35
1 30 42.14
1 85 84.57
1 14 33.38
1 13 30.66
1 51 29.54
1 11 54.53
1 72 65.10
1 53 19.53
1 3 6.06
1 31 4.61
1 80 93.92
1 35 18.52
1 91 39.92
1 47 98.16
1 48 20.95
1 78 94.24
1 10 35.79
1 36 69.61
1 63 27.22
1 50 65.94
1 21 73.12
1 22 19.08
1 27 81.46
1 99 93.66
1 65 88.62
1 69 20.44
1 60 5.57
1 88 32.06
1 46 98.08
1 73 41.96
1 90 29.54
1 40 5.77
1 8 8.01
1 71 17.76
1 45 32.06
1 20 73.83
1 58 92.91
1 89 22.62
1 15 60.15
1 55 86.40
1 76 58.08
2 0 93.80
2 33 82.67
2 34 53.33
2 19 29.28
2 65 3.44
2 92 20.15
2 47 45.22
2 97 35.25
2 54 45.46
2 89 26.92
2 39 93.57
2 53 30.86
2 41 15.68
2 85 15.42
2 8 39.14
2 49 79.29
2 81 26.97
2 7 65.15
2 23 47.56
2 71 4.54
2 93 35.28
2 76 65.28
2 66 35.55
2 21 35.03
2 96 58.17
2 82 62.74
2 3 73.98
2 31 74.74
2 44 24.63
2 87 79.25
2 46 53.61
2 42 42.43
2 27 35.45
2 24 41.65
2 67 3.96
2 18 35.58
2 32 74.84
2 11 59.28
2 64 92.68
2 74 50.72
2 4 74.02
2 50 22.41
2 77 12.32
2 80 42.19
2 22 18.35
2 40 93.17
2 37 11.76
2 13 69.09
2 78 68.45
2 68 61.17
2 88 94.39
2 29 39.67
2 10 44.78
2 28 21.16
2 84 34.77
2 56 15.15
2 52 84.36
2 17 22.25
2 48 22.40
2 12 22.54
2 20 63.92
2 35 17.52
2 1 99.85
2 61 19.43
2 43 55.40
2 51 2.75
2 95 86.62
2 57 10.92
2 70 97.16
2 30 49.99
2 99 91.01
2 63 39.79
2 59 67.95
2 62 70.86
2 94 0.31
2 55 58.30
2 83 2.02
2 98 9.79
2 5 89.03
2 75 77.30
2 45 30.87
2 90 26.77
2 69 28.90
2 15 63.87
2 86 12.00
2 58 51.71
2 79 24.60
2 91 72.09
2 25 30.44
2 26 76.07
2 38 72.40
2 14 87.69
3 72 52.23
3 38 9.84
3 31 71.18
3 6 97.97
4 92 37.71
4 36 48.91
4 85 86.16
4 96 13.63
4 56 75.08
4 63 82.22
4 18 85.78
4 65 79.27
4 23 98.85
4 64 3.86
4 31 13.69
4 17 33.31
4 58 58.23
4 73 34.25
4 70 21.49
4 68 99.73
4 77 23.25
4 16 37.17
4 62 28.81
4 49 46.51
4 48 39.38
4 14 52.51
4 86 48.08
4 79 92.95
4 7 29.18
4 89 44.97
4 46 48.89
4 15 15.71
4 61 49.82
4 30 74.20
4 8 92.63
4 57 54.17
4 42 64.67
4 84 98.88
4 34 99.10
4 27 18.90
4 9 67.27
4 19 17.74
4 60 85.50
4 95 20.18
4 69 64.61
4 38 95.25
4 44 49.11
4 91 31.67
4 87 59.44
4 22 53.31
4 75 75.40
4 97 39.97
4 94 14.65
4 83 64.68
4 67 68.97
4 11 88.71
4 3 98.95
4 29 14.36
4 90 52.96
4 99 73.37
4 25 53.06
4 59 85.90
4 13 57.05
4 26 44.41
4 51 46.11
4 55 77.46
4 74 27.90
4 39 25.30
4 10 55.28
4 88 3.37
4 20 0.37
4 50 49.76
4 37 82.17
4 81 51.50
5 56 90.16
5 59 49.51
5 50 53.91
5 43 72.82
5 21 28.23
5 57 77.41
5 41 90.11
5 77 66.70
5 58 79.57
5 69 17.64
5 96 99.10
5 93 85.99
5 16 9.78
5 35 54.63
5 44 47.56
5 99 40.84
5 60 58.98
5 40 27.11
5 71 88.94
5 92 89.40
5 8 16.87
5 55 34.64
5 6 93.62
5 11 23.76
5 67 93.46
5 86 82.79
5 22 67.09
5 95 3.10
5 29 82.42
5 20 16.22
5 7 85.61
5 70 7.21
5 75 54.89
5 98 74.99
5 25 87.15
5 73 86.36
5 64 29.92
5 52 71.27
5 13 36.30
5 91 93.88
5 74 3.28
5 62 19.18
5 54 73.53
5 37 45.55
5 39 37.89
5 10 39.99
5 61 60.43
5 9 18.23
5 46 7.16
5 85 98.25
5 53 37.76
5 30 76.86
5 88 74.61
5 38 21.72
5 36 40.11
5 78 0.52
5 83 77.34
5 65 55.96
5 12 67.02
5 14 12.12
5 87 37.21
5 19 92.35
5 82 38.74
5 33 6.38
5 4 89.71
5 81 43.75
5 26 78.19
5 63 36.25
5 66 89.54
5 34 20.64
5 68 94.99
5 24 58.89
5 3 91.67
5 72 80.02
5 90 43.25
5 76 3.95
5 31 86.20
5 32 77.22
5 17 39.07
5 15 88.31
5 49 66.16
5 42 35.09
5 28 6.15
5 51 58.34
6 87 8.35
6 39 1.84
6 66 19.11
6 20 92.82
6 54 23.45
6 97 62.51
6 8 29.37
6 60 24.60
6 82 11.87
6 75 98.24
6 30 56.44
6 99 92.68
6 18 50.64
6 41 55.08
6 90 74.62
6 37 54.39
6 76 71.86
6 56 35.65
6 64 66.75
6 15 35.52
6 85 61.02
6 61 25.33
6 7 22.76
6 57 33.46
6 22 60.30
6 77 49.47
6 62 75.16
6 83 33.67
6 72 1.94
6 2 8.87
6 65 47.05
6 86 21.74
6 80 63.62
6 58 97.48
6 48 17.10
6 55 18.20
6 78 53.07
6 59 2.08
6 19 2.72
6 73 35.10
6 17 38.70
6 29 83.12
6 50 13.09
6 94 36.05
6 96 16.80
6 4 88.44
6 14 85.64
6 31 29.98
6 44 79.46
6 25 47.60
6 23 54.00
6 69 59.09
6 46 8.70
6 93 78.83
6 53 30.92
6 26 20.55
6 36 61.11
6 88 70.90
6 71 76.08
6 89 65.88
6 67 89.67
6 63 92.15
6 38 47.62
6 81 62.97
6 91 51.99
6 40 64.45
6 34 81.76
7 20 18.05
7 73 58.92
7 45 53.91
7 65 24.86
7 23 89.66
7 99 22.70
7 29 68.62
7 25 86.70
7 62 69.90
7 30 26.82
7 87 2.10
7 28 51.48
7 3 23.22
7 21 38.73
7 58 73.72
7 69 94.13
7 34 38.30
8 37 88.05
8 71 12.38
8 94 55.13
8 22 89.29
8 62 84.45
8 97 59.18
8 86 22.90
8 50 77.73
8 9 43.74
8 53 47.12
8 74 73.62
8 31 41.19
8 96 36.49
8 18 49.68
8 24 13.75
8 70 17.97
8 65 64.20
8 36 61.65
8 93 10.03
8 57 17.53
8 15 27.57
8 25 91.02
8 83 28.09
8 63 10.38
8 16 53.54
8 58 66.80
8 51 34.51
8 45 16.29
8 79 18.53
8 75 87.66
8 78 52.61
8 41 59.28
8 28 13.77
8 43 63.92
8 73 75.19
8 80 85.71
8 67 68.78
8 30 6.28
8 23 96.29
8 34 35.87
8 33 0.33
8 89 89.26
8 92 49.51
8 87 43.06
8 26 41.24
8 99 31.49
8 88 33.17
8 76 26.62
8 7 31.61
8 3 57.58
8 46 43.71
8 17 67.90
8 20 90.25
8 82 76.69
8 39 33.89
8 13 41.65
8 84 24.96
8 42 58.55
8 91 39.90
8 32 67.56
8 44 79.08
8 27 62.12
8 47 33.21
8 64 7.75
8 35 11.75
8 55 54.26
8 66 86.86
8 69 9.03
8 48 68.79
8 21 63.82
8 77 90.13
8 54 9.72
8 61 5.46
8 29 80.97
8 95 51.04
8 38 56.77
8 98 71.80
8 68 9.27
8 90 63.73
8 59 95.67
8 72 1.37
8 60 90.49
8 11 17.32
8 52 67.40
8 56 16.77
8 19 93.80
8 10 39.13
8 12 78.52
8 40 25.27
8 85 83.75
8 81 45.00
8 49 62.93
9 47 80.14
9 66 31.99
9 71 38.03
9 7 97.71
9 32 46.34
9 10 13.63
9 57 2.85
9 98 61.16
9 87 32.16
9 29 95.75
9 43 4.19
9 49 15.41
9 77 54.07
9 73 89.59
9 3 6.70
9 41 99.12
9 45 26.78
9 16 56.43
9 51 23.61
9 20 50.82
9 67 29.53
9 27 58.32
9 28 69.07
9 2 69.04
9 74 34.05
9 62 68.22
9 33 7.73
9 19 5.43
10 34 1.78
10 25 64.27
10 83 30.43
11 92 32.83
11 90 39.34
11 68 99.06
11 19 47.08
11 56 51.44
11 40 13.38
11 12 1.77
11 50 78.55
11 9 71.97
11 66 24.97
11 24 34.87
11 60 77.36
11 71 76.00
11 87 34.00
11 17 96.36
11 62 63.58
11 97 95.63
11 72 84.62
11 67 35.44
11 6 17.31
11 93 2.26
11 18 27.87
11 76 51.81
11 3 71.68
11 10 86.63
11 61 47.49
11 74 82.78
11 73 96.39
11 36 52.43
11 77 64.36
11 21 66.57
11 69 26.80
11 79 49.93
11 98 95.32
11 84 37.07
11 29 26.40
11 25 45.39
11 39 91.94
11 34 82.54
11 30 9.29
11 15 0.67
11 23 12.16
11 63 94.83
11 26 64.55
11 35 97.70
11 88 45.87
11 32 32.17
11 70 26.96
11 31 47.01
11 95 81.85
11 53 25.74
11 54 13.97
11 91 99.58
11 28 2.81
11 89 52.11
11 7 47.55
11 37 37.61
11 65 77.98
11 33 5.87
11 82 77.68
11 16 55.86
11 51 34.91
11 80 12.42
11 78 34.81
11 96 34.13
11 55 38.47
11 57 14.74
12 44 67.98
12 75 50.76
12 28 18.30
12 7 89.16
12 90 8.73
12 47 63.55
12 42 19.86
12 34 17.06
12 68 76.90
12 81 29.21
12 65 47.80
12 62 82.55
12 64 88.33
12 74 31.39
12 89 46.49
12 72 28.00
12 9 89.08
12 40 54.11
12 31 54.25
12 84 17.47
12 56 86.89
13 56 6.63
13 9 38.06
13 28 17.70
13 74 65.13
13 73 53.15
13 30 56.71
13 85 72.78
13 34 88.56
14 34 33.85
14 37 10.49
14 63 87.11
14 74 45.62
14 73 55.01
14 85 36.46
14 84 97.26
14 3 21.04
14 62 35.03
14 80 61.43
14 94 66.00
14 44 3.78
14 13 50.90
14 11 89.16
14 31 97.51
14 86 37.52
14 16 33.82
14 8 15.12
14 52 68.70
14 36 38.14
14 89 17.25
14 59 79.92
14 64 19.41
14 25 62.38
15 98 3.06
15 81 14.17
15 42 97.13
15 89 68.66
15 87 58.49
15 39 55.08
15 20 19.14
15 77 40.58
15 3 55.25
15 76 98.24
15 36 42.88
15 97 71.65
15 44 74.78
15 9 97.02
15 94 9.06
15 91 98.47
15 28 79.65
15 52 28.44
15 37 79.28
15 90 25.69
15 29 35.22
15 72 3.91
15 32 83.97
15 18 8.63
15 61 62.22
15 73 86.89
15 43 64.04
15 93 75.88
15 40 29.12
15 82 88.30
15 67 28.88
15 56 87.74
15 47 86.15
15 35 12.50
15 68 8.36
15 57 48.50
15 83 74.00
15 74 33.97
15 12 62.17
15 33 64.22
15 54 99.64
15 30 10.09
16 25 2.39
16 57 45.85
16 36 8.51
16 53 11.70
16 90 24.92
16 70 52.98
16 73 56.43
16 31 90.48
16 17 47.23
16 24 1.22
16 30 53.56
16 65 63.99
16 98 67.89
16 10 41.41
16 61 0.23
16 40 71.90
16 20 42.15
16 52 3.02
16 18 95.66
16 32 88.80
16 99 38.82
16 29 18.78
16 74 78.08
16 76 10.96
16 38 8.63
16 54 30.24
16 63 96.12
16 22 83.59
16 26 63.54
16 51 26.12
16 95 88.86
16 77 15.01
16 35 5.78
16 86 43.61
16 80 57.06
16 67 65.32
16 1 35.66
16 50 9.80
16 45 95.35
16 19 67.70
16 46 1.35
16 13 78.38
16 82 42.56
16 94 20.79
16 68 50.21
16 91 60.15
16 62 64.76
16 58 66.42
16 47 61.01
16 43 11.02
16 64 30.75
16 87 17.96
16 12 18.56
16 93 96.46
16 27 61.56
16 71 66.31
16 84 43.06
16 7 95.50
16 96 2.71
16 15 24.87
16 28 55.20
16 21 68.12
16 85 86.53
16 79 39.05
16 75 75.15
16 55 66.42
16 42 98.01
16 34 86.36
16 48 51.20
16 78 29.87
16 89 27.20
16 6 53.98
16 88 53.96
16 59 10.73
16 49 47.59
17 30 27.63
17 52 55.05
17 23 55.96
17 50 20.39
17 86 74.76
17 14 49.73
17 21 78.98
17 72 60.46
17 31 62.97
17 83 97.83
17 56 48.35
17 43 65.72
17 88 83.15
17 10 49.41
17 38 97.06
17 36 79.74
17 41 66.22
17 57 32.88
17 95 23.05
17 81 75.73
17 92 68.56
17 74 60.54
17 51 37.77
17 32 49.30
17 44 78.01
17 84 2.19
17 24 13.62
17 96 46.76
17 60 67.01
17 63 23.97
17 27 92.15
17 78 24.89
17 13 21.61
17 46 50.05
17 71 85.66
17 82 83.38
17 76 28.02
17 93 65.73
17 35 83.79
17 87 92.20
17 99 81.65
17 9 1.56
17 19 63.91
17 48 10.80
17 54 23.45
17 59 52.89
17 69 76.58
17 62 18.39
17 61 36.22
17 90 9.39
17 45 87.24
17 75 73.98
17 26 1.82
17 66 35.13
17 49 86.40
17 77 20.72
17 25 9.97
17 12 18.70
17 3 19.48
17 70 66.65
17 20 79.39
17 98 89.13
17 7 88.94
17 39 76.51
17 79 80.38
17 73 26.35
17 89 79.99
17 33 8.75
17 34 49.76
17 55 29.55
17 67 29.88
17 18 3.19
17 85 50.10
17 94 85.98
17 80 18.63
18 61 44.72
18 1 56.15
18 33 8.68
18 5 28.56
18 94 36.19
18 86 43.57
18 71 65.49
18 28 11.58
18 89 77.18
18 60 82.36
18 55 61.74
18 93 57.69
18 48 32.77
18 73 67.37
18 32 38.47
18 65 82.13
18 99 77.17
18 40 81.16
18 19 71.69
18 46 29.39
18 23 77.73
18 85 76.85
18 45 5.18
18 74 73.57
18 62 29.89
18 21 43.69
18 10 12.10
18 72 52.06
18 20 34.18
18 77 29.10
18 64 38.12
18 34 54.57
18 27 3.23
18 25 0.49
18 96 13.94
18 84 57.54
18 97 0.54
18 42 9.09
18 63 39.29
18 35 23.79
18 13 8.25
18 12 16.03
18 75 21.26
18 51 5.33
18 87 79.99
18 81 64.70
18 59 71.00
19 49 15.46
19 84 98.33
19 83 69.37
19 39 3.41
19 77 51.33
19 40 50.19
19 25 69.48
19 14 38.99
19 28 37.62
19 30 62.26
19 89 12.99
19 81 59.64
19 51 5.11
19 21 33.37
19 43 27.82
19 85 42.92
19 92 37.02
19 46 60.11
19 95 35.19
19 96 51.14
19 29 21.71
19 78 0.17
19 23 48.79
20 94 33.30
20 62 11.61
20 39 27.30
20 82 26.97
20 48 49.97
20 23 60.09
20 89 82.43
20 45 82.51
20 51 31.16
20 28 94.40
20 77 31.42
20 99 46.99
20 80 95.10
20 72 26.43
20 37 7.50
20 88 39.73
20 53 20.03
20 67 16.72
20 56 28.55
20 35 44.06
20 11 95.22
20 21 54.73
20 73 32.75
20 74 11.79
20 25 56.06
20 13 72.65
20 85 59.54
20 57 43.29
20 68 20.60
20 58 58.39
20 49 32.85
20 41 67.61
20 86 84.98
20 12 63.97
20 33 14.88
20 60 45.30
20 78 28.70
20 92 35.42
20 66 61.54
20 65 16.87
20 50 57.27
20 90 21.21
20 96 15.83
20 81 39.22
20 46 76.78
20 83 46.86
20 97 36.94
20 19 63.38
20 10 13.75
20 3 81.29
20 43 43.05
20 79 1.56
20 30 73.65
20 38 46.30
20 14 90.13
20 32 21.77
20 55 89.92
20 36 70.07
21 4 56.41
21 66 66.55
21 58 31.57
21 50 93.23
21 38 67.04
22 95 48.25
22 41 45.96
22 64 7.06
22 92 55.70
22 76 28.78
22 66 41.43
22 53 79.58
22 68 62.29
22 51 14.15
22 15 47.98
22 98 3.89
22 74 5.97
22 3 32.34
22 28 84.18
22 99 92.61
22 52 25.79
22 67 35.56
22 90 66.11
22 20 27.46
22 49 36.79
22 35 44.15
22 23 21.22
22 43 34.82
22 36 38.72
22 48 49.03
22 40 54.37
22 59 11.45
22 7 31.88
22 45 45.62
22 55 13.39
22 65 63.10
22 77 64.32
22 78 42.52
22 81 2.00
22 11 76.94
22 38 5.32
22 50 54.67
22 33 23.67
22 79 56.64
22 93 0.65
22 83 84.50
23 74 81.26
23 72 44.69
23 87 97.50
23 34 52.69
23 1 68.99
23 92 43.12
23 28 87.82
23 60 97.80
23 37 41.78
23 99 84.72
23 24 15.79
23 21 2.45
23 66 66.98
23 70 9.87
23 65 89.51
23 69 79.09
23 95 48.66
23 10 28.25
23 31 98.41
23 53 96.48
23 78 59.37
23 55 49.75
23 63 49.15
23 64 85.88
23 86 46.40
23 93 16.95
23 43 65.73
23 25 36.70
23 3 6.34
23 91 27.82
23 79 5.10
23 89 44.09
23 51 29.84
23 56 12.75
23 52 4.51
23 5 79.88
23 46 89.77
23 54 2.72
23 36 60.58
23 88 5.40
23 13 36.12
23 44 31.68
23 77 96.09
23 67 87.09
23 16 52.07
23 98 54.45
23 57 40.85
23 33 51.07
23 59 74.39
23 75 15.62
23 68 73.64
23 80 13.81
23 85 2.01
23 26 95.33
23 40 61.70
23 45 21.12
23 9 0.53
23 71 38.74
23 83 47.65
23 35 95.92
23 76 64.07
23 32 27.20
23 81 49.94
24 3 78.87
24 63 83.56
24 39 54.44
24 26 6.23
24 81 49.91
24 37 10.97
24 78 61.48
25 63 17.46
25 46 66.46
25 24 67.51
25 57 47.77
25 84 34.05
25 70 48.95
25 36 55.65
25 76 85.13
25 47 85.97
25 27 85.65
25 62 56.75
25 75 68.54
25 51 68.86
25 45 12.09
25 29 9.83
25 37 10.49
25 41 53.49
25 99 2.15
25 87 17.02
25 96 43.52
25 34 38.78
25 80 57.15
25 48 57.28
25 60 7.75
25 28 6.53
25 93 77.79
25 38 72.12
25 78 25.63
25 53 3.30
25 98 35.70
25 64 31.65
25 49 74.63
25 31 5.85
25 92 5.14
25 26 73.23
25 52 24.77
25 44 37.55
25 94 58.57
25 72 97.77
25 30 71.67
25 33 92.40
25 54 8.64
25 43 1.32
25 40 24.94
25 97 42.73
25 69 68.41
25 85 4.05
25 86 59.63
26 14 84.50
26 32 14.24
26 19 62.17
26 51 85.13
26 54 44.95
26 66 7.43
26 84 40.73
26 83 4.05
26 92 43.44
26 33 38.39
26 81 59.93
26 78 52.99
26 80 16.00
26 38 34.90
26 15 81.36
26 36 30.19
26 95 88.60
26 96 75.02
26 82 14.86
26 34 13.06
26 94 4.14
26 72 51.85
26 90 22.20
26 63 36.05
26 79 89.32
26 74 60.19
26 46 2.33
26 77 4.79
26 88 80.34
26 75 54.48
26 89 42.92
26 61 33.35
26 67 62.60
26 53 54.14
26 45 9.22
26 43 13.98
26 71 95.01
26 12 67.16
26 58 25.45
26 20 22.10
26 60 5.02
26 97 47.77
26 30 16.00
26 22 79.51
26 47 88.49
26 29 32.93
26 86 73.88
26 73 12.99
26 10 60.71
26 21 98.63
26 50 41.39
26 98 45.94
26 69 44.58
26 35 63.09
26 87 54.58
26 7 96.49
26 48 61.48
26 13 45.47
26 65 30.80
26 44 92.30
26 70 21.08
26 18 52.16
26 28 90.91
26 42 83.14
26 1 92.35
26 3 38.18
26 59 61.87
26 99 53.34
26 57 72.28
26 41 75.00
26 27 29.03
26 40 10.45
26 55 32.32
26 91 44.24
26 49 60.04
26 52 97.29
26 37 6.52
26 85 99.72
27 70 98.04
27 41 76.86
27 78 71.37
27 22 98.07
27 40 51.12
27 55 89.11
27 73 5.62
27 46 41.34
27 30 42.15
27 91 58.47
27 92 33.96
27 95 16.24
27 15 28.82
27 35 30.34
27 28 76.21
27 87 15.36
27 63 89.07
27 89 49.46
27 20 64.70
27 42 72.43
27 96 85.99
27 60 68.69
27 66 47.54
27 97 48.73
27 86 0.98
27 58 61.48
27 68 12.92
27 76 31.47
27 14 74.06
27 6 90.35
27 19 87.96
27 72 30.09
27 69 50.92
27 7 45.45
27 81 76.74
27 21 91.71
27 38 7.77
27 64 84.48
27 59 24.92
27 33 4.47
27 54 50.43
27 13 55.82
27 39 2.21
27 34 35.65
27 74 18.06
27 93 89.32
27 94 26.80
27 57 87.78
27 99 77.79
27 67 85.01
27 62 80.40
27 37 21.83
27 53 44.54
27 49 43.21
27 50 64.21
27 44 24.06
27 80 49.39
27 77 49.43
27 52 0.43
27 51 57.64
27 90 51.48
27 31 23.07
27 11 98.61
27 88 43.70
27 23 72.00
27 12 53.60
28 46 45.86
28 82 0.81
28 51 70.60
28 39 68.84
28 34 45.78
28 44 68.50
28 3 17.78
28 50 19.24
28 71 33.88
28 72 37.39
28 21 58.43
28 40 80.18
28 29 35.42
28 30 5.05
28 48 86.34
28 41 66.41
28 94 63.37
28 63 51.25
28 42 53.84
28 31 22.81
28 35 70.25
28 43 97.39
29 59 72.28
29 69 93.15
29 79 95.26
29 60 5.83
29 78 99.70
29 53 95.72
29 93 88.89
29 77 96.60
29 54 6.79
29 22 13.63
29 51 57.54
29 48 66.59
29 73 72.09
29 86 49.56
29 3 77.81
29 70 72.37
29 82 13.92
29 38 43.41
29 58 63.68
29 14 64.97
29 98 12.42
29 97 21.57
29 47 46.42
29 89 21.28
29 99 87.29
29 81 82.56
29 83 90.74
29 92 82.83
29 96 86.74
29 90 45.71
29 62 46.13
29 27 77.72
29 35 65.57
29 84 20.79
29 10 61.17
29 91 73.57
29 37 18.20
29 33 33.70
29 30 37.88
29 50 83.37
29 94 0.34
29 75 38.79
29 21 29.84
29 72 16.92
29 66 55.46
29 1 68.09
30 10 81.78
30 83 97.41
31 53 21.49
31 21 67.80
31 77 68.06
31 91 36.49
31 44 49.94
31 82 79.86
31 15 23.40
31 95 75.36
31 64 3.49
31 60 78.63
31 35 87.06
31 40 35.13
31 38 41.60
31 74 95.19
31 22 59.80
31 83 74.61
31 76 57.21
31 63 22.00
31 90 68.73
31 67 1.33
31 48 88.23
31 52 57.41
31 18 11.41
31 13 45.18
31 24 1.86
31 19 64.37
31 94 72.91
31 85 72.30
31 92 71.23
31 79 73.03
31 61 17.97
31 98 13.79
31 55 48.60
31 36 90.56
31 84 86.31
31 86 58.60
31 96 81.61
31 78 43.45
31 39 18.34
31 56 74.44
32 6 81.87
32 60 51.31
32 47 39.94
32 57 97.20
32 44 40.20
32 70 82.43
32 38 22.85
32 52 58.22
32 37 88.47
32 94 64.18
32 40 14.17
32 19 12.01
32 28 26.39
32 30 9.93
32 33 25.50
32 35 34.55
32 49 27.86
32 45 75.57
32 95 95.64
32 64 30.94
32 93 16.73
32 83 17.24
32 81 98.23
32 59 90.32
32 75 73.57
32 42 87.67
32 24 90.35
32 1 12.15
32 21 82.31
32 71 7.65
32 53 71.02
32 43 55.30
32 66 76.46
32 72 60.68
32 46 59.68
32 39 60.94
32 62 53.77
32 63 54.92
32 90 86.31
32 13 84.50
32 69 6.64
32 27 13.63
32 4 75.22
32 25 49.89
32 51 62.12
32 50 5.11
32 91 88.21
32 78 38.31
32 98 94.16
32 10 29.56
32 34 29.26
32 80 76.43
32 3 57.63
32 88 33.64
32 74 39.23
32 55 20.22
32 56 49.98
32 82 24.04
32 99 78.05
32 65 36.22
32 86 17.51
32 76 31.48
32 41 79.12
32 12 71.32
32 87 52.42
32 58 2.41
32 29 63.27
32 77 24.08
32 68 88.76
32 96 39.31
32 54 62.95
33 48 30.50
33 31 11.64
33 4 31.54
33 50 88.89
33 53 42.02
33 52 14.89
33 19 33.50
33 14 58.87
33 77 98.45
33 79 90.80
33 65 85.61
33 28 1.24
33 1 71.47
33 38 60.00
33 66 20.97
33 84 91.63
33 58 52.90
33 81 75.59
33 72 50.51
33 71 75.10
33 39 32.22
33 41 28.17
33 83 73.67
33 73 88.36
33 97 9.35
34 77 50.02
34 91 88.48
34 51 48.14
34 43 58.88
34 96 16.74
34 94 18.18
34 61 32.30
34 56 48.63
34 3 43.03
34 63 57.05
34 69 50.88
34 44 27.74
34 47 61.11
34 83 30.06
34 60 47.91
34 22 83.98
34 53 34.41
34 55 16.15
34 78 5.56
34 19 24.10
34 92 87.76
34 31 20.39
34 99 20.55
34 52 72.41
34 15 36.73
34 39 91.76
34 20 96.83
34 79 76.61
34 89 93.94
34 82 85.75
34 76 95.96
34 21 23.87
34 68 55.06
34 50 24.02
35 4 55.72
35 38 10.49
35 54 83.49
35 98 78.19
35 94 51.26
35 25 70.41
35 65 56.56
35 46 66.01
35 24 69.57
35 88 36.29
35 48 51.80
35 57 23.05
35 77 99.47
35 91 11.23
35 95 79.84
35 39 21.15
35 6 29.73
35 49 22.79
35 0 65.65
35 41 79.81
36 44 57.95
36 9 76.87
36 46 46.89
36 52 97.32
36 21 13.47
36 71 91.64
36 49 20.99
36 7 59.18
36 68 27.30
36 81 91.72
36 73 69.86
36 57 57.58
36 13 27.09
37 34 74.18
37 99 99.02
37 90 70.77
37 77 92.82
37 76 17.56
37 53 95.80
37 78 69.17
37 48 81.44
37 54 27.97
37 65 51.53
37 66 93.25
37 59 30.25
37 72 34.32
37 61 57.73
37 10 64.82
37 39 95.88
37 86 41.85
37 93 89.03
37 44 79.00
37 85 69.85
37 88 27.56
37 22 24.16
37 70 97.70
37 12 28.65
37 7 10.24
37 79 72.47
37 63 89.93
37 49 72.35
37 67 60.47
37 3 52.00
37 92 61.05
37 64 7.83
37 91 20.06
37 30 31.14
37 80 34.35
37 95 51.87
37 19 20.21
37 69 5.67
37 51 71.26
37 36 24.82
37 38 53.36
37 56 37.23
37 74 11.21
37 84 66.04
37 21 6.47
37 33 91.13
37 31 89.87
37 46 6.73
37 57 92.13
37 16 6.36
37 89 70.56
37 13 0.62
37 28 35.33
38 68 41.71
38 80 56.57
38 78 54.17
38 47 97.74
38 11 61.64
38 93 99.37
38 83 99.24
38 60 86.37
38 24 57.19
39 76 87.35
39 95 97.81
39 9 43.12
39 73 57.91
39 53 25.10
39 57 22.86
39 89 43.55
39 45 90.89
39 62 29.03
39 52 10.27
39 61 44.35
39 91 33.95
39 38 95.03
39 79 56.22
39 12 46.94
39 70 64.00
39 71 1.23
39 13 94.56
39 90 35.73
39 82 28.28
39 30 33.06
39 36 2.19
39 44 5.38
39 86 75.86
39 98 47.57
39 10 64.95
39 78 44.86
39 18 17.96
39 97 1.83
39 74 55.03
39 77 62.90
39 92 52.35
39 26 81.53
39 7 19.98
39 48 94.44
39 56 35.27
39 63 76.10
39 58 9.22
39 42 45.91
39 41 40.16
39 84 19.84
39 83 23.19
39 96 94.12
39 25 51.68
39 72 88.80
39 64 53.84
39 16 4.58
39 85 39.57
39 69 7.83
39 68 94.31
39 23 95.19
39 87 19.89
39 51 95.94
39 50 33.27
39 29 34.11
39 93 36.64
39 43 29.56
39 99 52.27
39 46 70.09
39 67 7.15
39 47 37.80
39 40 77.40
40 50 59.94
40 53 32.89
40 79 27.61
40 57 59.64
40 82 82.48
40 88 76.97
40 43 78.83
40 38 24.30
40 98 96.37
41 96 56.58
41 45 27.05
41 67 56.06
41 68 47.32
41 85 10.09
41 79 80.69
41 61 54.49
41 1 43.37
41 44 19.15
41 63 94.61
41 14 31.67
41 64 99.07
41 89 55.95
41 52 94.41
41 30 36.99
41 86 65.60
41 62 49.19
41 12 93.22
41 77 55.66
41 3 77.89
41 69 67.95
41 80 78.52
41 57 75.58
41 11 53.93
41 40 67.08
41 93 63.87
41 65 22.87
41 42 47.52
41 70 23.04
41 55 43.53
41 73 23.14
41 75 93.40
41 66 20.25
41 76 95.88
41 37 39.24
41 60 80.41
41 98 94.55
41 49 10.98
41 43 0.18
41 15 42.77
41 34 65.72
41 24 58.63
41 10 8.36
41 90 28.71
41 38 56.88
41 18 57.20
41 56 0.28
41 58 31.26
41 87 62.10
41 95 16.99
41 72 31.87
41 54 46.04
41 81 24.98
41 71 74.64
41 50 33.58
41 59 15.50
42 9 35.37
42 63 28.14
42 10 43.42
42 17 62.26
42 30 30.63
42 45 94.53
42 47 84.25
42 81 70.48
42 87 30.55
42 22 94.37
42 64 15.92
42 1 56.64
42 78 42.53
42 40 30.56
42 67 9.29
42 11 46.31
42 77 6.84
42 76 8.47
42 20 22.86
42 69 74.72
42 83 17.58
42 35 52.19
42 34 78.43
42 90 35.06
42 74 17.18
42 86 95.96
42 36 83.98
42 98 96.81
42 60 23.71
42 29 6.41
42 51 96.98
42 70 57.25
42 43 16.63
42 37 93.70
42 82 80.72
42 52 74.92
42 71 62.19
42 57 36.51
42 61 79.91
42 84 17.15
42 93 38.26
42 68 69.32
42 49 53.77
42 73 61.14
42 97 64.15
42 56 85.06
42 91 61.32
42 44 78.53
42 3 15.24
42 19 56.68
42 75 42.31
42 72 74.58
42 38 95.68
42 55 57.53
42 33 99.15
42 62 45.67
42 54 45.02
42 31 97.76
42 58 77.93
42 88 14.94
42 14 66.66
42 0 29.93
42 24 36.94
42 48 59.24
42 80 70.54
42 79 53.73
42 50 84.56
42 13 18.20
42 46 43.89
42 59 9.11
42 99 48.31
42 66 77.01
43 64 88.31
43 51 12.87
43 96 3.63
43 79 88.79
43 78 58.39
43 75 39.22
43 44 99.05
43 13 20.00
43 48 57.59
43 57 77.31
43 66 55.49
43 46 90.82
43 29 72.63
43 77 94.31
43 7 55.88
43 3 82.02
43 11 57.96
43 60 7.80
43 62 41.96
43 85 38.05
43 12 68.22
43 88 30.99
43 93 82.10
43 72 79.56
43 69 13.42
43 95 94.62
43 35 39.09
43 94 23.41
43 27 96.88
43 90 28.72
43 67 2.02
43 63 94.69
43 92 46.92
43 10 69.09
43 76 82.02
43 82 78.12
43 68 56.69
43 80 98.49
43 84 10.51
43 97 75.15
43 98 4.61
43 65 95.53
43 37 81.84
43 33 15.76
43 54 53.32
43 81 90.33
43 31 15.29
43 49 5.39
43 70 86.18
43 38 21.25
43 89 2.56
43 87 81.93
43 74 36.51
43 30 71.37
43 61 55.00
43 53 63.19
43 55 38.23
43 50 53.68
43 45 59.85
43 71 89.35
43 91 67.13
43 86 14.91
43 56 57.29
43 73 57.69
43 52 23.62
43 83 57.26
43 21 25.80
43 58 91.79
43 36 36.87
43 47 99.83
43 4 2.11
43 18 8.34
43 99 99.52
44 45 41.19
44 65 45.76
44 83 97.39
44 1 83.33
44 67 35.34
44 63 16.24
44 18 33.91
44 81 11.76
44 86 51.61
44 69 21.56
44 71 57.91
44 75 12.63
44 85 35.63
44 53 67.79
44 68 86.60
44 77 25.72
44 30 42.28
44 88 31.48
44 38 36.07
44 13 76.69
44 74 92.55
44 97 15.16
44 21 27.86
44 49 34.67
44 99 18.30
44 70 70.10
44 90 89.18
44 64 0.80
44 56 95.14
44 33 21.71
44 96 0.39
44 3 4.99
45 64 39.32
45 80 3.49
45 56 29.63
45 94 78.81
45 87 23.27
45 74 60.24
45 73 70.89
45 65 77.98
45 37 92.43
45 51 68.43
45 15 19.98
45 67 3.05
45 12 47.55
45 85 9.84
45 52 14.87
45 27 1.32
45 3 86.99
45 92 59.23
45 4 40.52
45 76 16.09
45 31 33.45
45 91 45.20
46 50 72.35
46 73 56.85
46 55 96.17
46 67 11.20
46 54 65.29
46 91 67.90
46 89 3.95
46 57 63.81
46 11 81.21
46 96 87.02
46 92 73.67
46 53 13.55
46 78 66.60
46 87 40.45
46 99 82.26
46 0 29.44
46 38 46.78
46 48 97.10
46 98 99.34
46 41 29.95
46 24 76.49
46 83 59.32
46 44 77.14
46 33 3.56
46 85 60.36
46 51 69.67
46 52 39.84
46 59 38.18
46 74 93.59
46 65 42.92
46 30 51.46
46 13 58.39
46 90 97.14
46 34 51.16
46 29 73.83
46 40 75.91
46 95 1.96
46 75 9.36
46 62 42.38
46 47 98.48
46 70 9.42
46 21 30.32
46 12 72.23
46 97 84.29
46 56 93.92
46 22 23.00
46 80 20.31
46 7 95.21
46 3 9.56
46 31 64.80
46 9 40.69
46 60 33.81
46 14 44.08
46 82 78.55
46 79 66.93
46 10 86.75
46 66 46.23
46 93 26.48
46 64 14.07
46 58 62.36
46 68 13.63
46 69 30.57
47 22 86.60
47 95 69.66
47 27 2.51
47 30 7.39
47 66 10.78
47 4 70.35
47 20 20.52
47 83 82.82
47 6 15.11
47 55 14.02
47 63 30.08
47 65 47.93
48 87 5.35
48 69 74.64
48 32 49.14
48 11 92.66
48 52 74.14
48 24 80.90
48 63 10.07
48 51 31.99
48 84 92.62
48 98 65.75
48 78 50.97
48 67 58.63
48 95 75.00
48 23 35.23
48 71 29.45
48 21 20.45
48 79 44.25
48 81 75.35
48 19 74.58
48 97 70.44
48 10 22.07
48 9 74.63
48 72 77.35
48 64 53.20
48 47 77.39
48 58 16.88
48 15 29.43
48 94 26.29
48 96 93.10
48 59 35.60
48 70 72.99
48 57 36.41
48 82 64.72
48 75 54.53
48 88 78.84
48 38 78.24
48 45 28.32
48 62 49.15
48 61 22.65
48 41 71.35
48 85 15.47
48 76 7.14
48 40 35.60
48 65 97.31
48 99 86.24
48 93 97.55
48 13 6.32
48 90 94.50
48 68 14.64
48 49 66.07
48 77 64.31
48 53 86.80
48 80 16.15
48 54 49.63
48 27 36.29
48 60 81.29
48 73 47.14
48 44 48.30
49 23 90.16
49 94 14.74
49 87 42.67
49 79 26.49
49 90 67.57
49 56 41.07
49 82 66.90
49 93 74.99
49 65 47.69
49 51 43.36
49 91 61.13
49 12 97.52
49 57 5.38
49 33 41.68
49 46 93.74
49 58 48.80
49 38 24.85
49 76 15.52
49 78 77.02
49 1 78.09
49 92 77.94
49 13 43.86
49 21 79.28
49 80 57.27
49 60 51.44
49 98 15.76
49 6 65.23
49 72 69.18
49 7 42.23
49 50 11.16
49 15 82.55
49 28 82.09
49 66 9.06
49 96 64.52
49 18 40.21
49 68 17.92
49 67 14.17
49 86 5.64
49 63 9.54
49 89 85.25
49 45 98.16
49 97 60.86
49 77 42.27
49 55 31.84
49 11 99.82
49 95 79.90
49 54 47.24
49 10 17.41
49 3 19.56
49 73 66.08
49 88 90.04
49 71 74.29
49 75 16.62
49 39 14.56
50 73 76.58
51 71 51.89
51 50 38.35
51 93 99.25
51 35 25.22
51 78 5.76
51 52 36.45
51 59 47.88
51 79 84.70
51 53 69.31
51 55 32.52
51 10 5.04
51 77 19.91
51 84 50.14
51 95 35.56
51 96 11.54
51 69 92.91
51 58 32.90
51 99 0.99
51 65 10.86
51 31 79.61
51 68 78.86
51 36 46.95
51 47 68.59
51 30 21.72
51 6 0.72
51 90 32.98
51 38 55.31
51 62 50.12
51 56 30.70
51 60 89.77
51 41 5.81
51 87 12.75
51 91 27.12
51 33 96.06
51 54 94.21
51 61 25.13
51 80 45.34
51 72 47.86
51 7 96.30
51 24 51.62
51 98 15.89
51 75 99.92
51 63 98.80
51 57 94.27
51 76 11.91
51 13 62.02
51 64 37.51
51 86 48.07
51 3 22.67
51 74 66.52
51 15 9.13
51 21 94.44
51 12 61.29
51 66 36.88
51 82 61.82
51 97 9.15
51 81 82.21
51 14 73.46
51 89 42.07
51 73 90.47
51 92 9.11
51 67 12.56
51 83 39.00
51 85 60.87
51 70 16.16
51 88 41.88
51 44 2.37
52 70 86.96
52 12 50.24
52 19 20.36
52 97 86.74
52 47 20.02
52 65 77.89
52 67 28.97
52 54 50.04
52 28 24.71
52 93 31.95
52 53 21.58
52 77 43.47
52 92 42.05
52 38 98.84
52 61 7.57
52 35 94.79
52 11 69.19
52 81 85.80
52 62 79.33
52 90 17.46
52 69 24.98
52 72 43.73
52 37 86.88
52 7 79.73
52 95 94.56
52 66 41.53
52 91 16.85
52 9 32.99
52 76 37.58
52 1 89.57
52 30 18.48
52 88 68.86
52 56 55.76
52 18 62.43
52 4 62.38
53 47 75.02
53 86 32.62
53 76 38.69
53 24 33.48
53 94 49.51
53 54 31.88
54 76 82.22
54 28 64.04
54 9 83.12
54 24 38.30
54 30 78.44
54 90 70.65
54 50 32.33
54 69 90.09
54 58 94.72
54 61 47.45
54 3 75.67
54 70 26.75
54 72 65.10
54 81 95.90
54 60 73.28
54 92 70.44
54 10 4.83
54 75 1.60
54 85 99.49
55 68 88.62
55 69 66.63
55 65 75.90
55 10 90.21
55 60 47.76
55 83 73.42
55 74 1.62
55 75 92.59
55 44 76.96
55 90 18.56
55 62 39.54
55 63 48.45
55 67 31.49
55 89 92.66
55 54 26.26
55 96 98.11
55 93 4.94
55 50 44.30
55 12 94.51
55 87 84.41
55 98 13.56
55 86 46.40
55 82 99.83
55 9 35.51
55 72 47.24
55 78 90.20
55 37 15.35
55 79 67.45
55 24 98.20
55 99 50.03
55 38 4.77
55 58 7.87
55 15 37.40
55 7 41.31
55 56 23.80
55 45 80.92
55 91 84.71
55 3 7.37
55 88 4.93
55 85 65.05
55 21 19.84
55 95 41.90
55 29 17.83
55 61 99.47
55 19 0.08
55 48 63.54
55 80 71.81
55 13 62.74
55 92 93.30
55 35 75.09
55 71 25.07
55 14 22.99
55 76 71.65
55 73 81.20
55 25 57.38
55 57 29.81
55 36 44.45
55 53 94.41
55 94 41.70
55 52 68.98
55 59 91.76
55 97 37.16
55 40 3.59
55 28 8.90
55 64 78.52
55 81 14.09
55 33 80.67
55 66 62.91
55 70 74.74
55 39 99.37
56 40 40.18
56 76 45.40
56 53 44.15
56 93 21.19
57 34 62.87
58 88 97.05
58 65 70.65
58 84 77.29
58 68 75.58
58 80 3.03
58 52 87.90
58 82 50.43
58 35 85.73
58 94 35.40
58 83 84.44
58 73 6.23
58 92 30.66
58 86 82.53
58 15 79.10
58 77 23.93
58 93 53.77
58 17 33.03
58 90 43.85
58 3 66.81
58 61 18.21
58 9 10.83
58 45 57.56
58 11 24.19
58 87 95.36
58 85 98.74
58 38 45.96
58 96 29.33
58 56 70.73
58 91 59.56
58 10 59.14
58 59 62.89
58 95 61.61
58 89 6.85
58 14 29.83
58 57 58.04
58 28 72.94
58 53 21.60
58 22 37.39
58 69 90.91
58 99 43.01
58 71 22.54
58 31 37.52
58 97 82.13
58 12 12.06
58 67 60.94
58 79 13.37
58 25 60.97
58 44 36.26
58 81 45.76
58 75 49.80
58 76 9.18
58 30 22.53
58 37 62.60
58 13 83.60
58 98 83.89
58 47 88.88
59 67 37.29
59 97 89.75
59 88 36.93
59 10 23.18
59 60 49.12
59 40 24.92
59 62 44.48
59 9 16.88
59 91 31.40
59 15 54.85
59 99 53.32
59 76 73.18
59 70 98.51
59 82 7.31
59 63 49.41
59 77 40.51
59 81 37.95
59 90 45.83
59 49 76.80
59 35 67.40
59 84 41.29
59 66 17.60
59 89 7.55
59 94 49.82
59 56 46.59
59 78 3.65
59 30 37.33
59 24 44.33
59 44 57.19
59 33 74.77
59 86 88.46
59 13 62.83
59 72 85.72
59 19 79.48
59 73 68.43
59 3 48.24
59 96 40.80
59 69 44.20
59 52 22.71
59 71 26.12
59 54 54.32
59 79 5.54
59 11 86.16
59 21 31.07
59 47 36.33
59 98 2.51
59 20 32.40
59 64 91.10
59 36 68.75
59 93 22.79
59 92 32.40
59 83 12.82
59 31 16.53
59 75 73.22
59 65 36.20
59 43 78.32
59 12 50.87
59 39 64.00
59 80 30.93
59 7 41.47
59 74 58.01
59 57 60.05
59 85 35.44
59 50 2.08
59 61 23.72
59 53 22.38
59 45 48.92
59 28 52.27
59 95 20.73
59 34 92.58
60 91 33.57
60 53 87.23
60 13 55.22
60 37 40.93
60 57 94.09
60 15 18.70
60 75 97.94
60 66 32.34
60 92 74.06
60 30 47.69
60 19 99.54
60 72 40.05
60 90 57.09
60 99 97.24
60 85 31.94
60 97 5.26
61 45 21.89
61 56 51.57
61 30 31.73
61 20 23.34
61 87 12.73
61 85 35.85
61 67 47.32
61 99 9.71
61 32 81.53
61 63 26.01
61 92 93.42
61 77 96.73
61 10 35.24
61 69 71.65
61 14 71.51
61 28 61.58
61 36 62.79
61 7 95.08
61 97 16.93
61 73 47.04
61 90 59.25
61 29 48.12
61 13 5.22
61 49 62.44
61 12 71.87
61 82 12.89
61 66 29.03
61 79 88.21
61 80 79.09
61 25 69.16
61 33 15.96
61 72 63.02
61 44 27.08
61 64 28.59
61 65 20.95
61 19 72.71
61 1 39.01
61 98 74.21
62 15 16.34
62 57 79.68
62 87 51.37
62 31 30.01
62 83 29.93
62 50 36.43
62 85 85.63
62 95 98.72
62 65 98.94
62 66 82.51
62 38 80.77
62 61 65.00
62 84 4.60
62 90 14.86
62 78 50.50
62 81 72.90
62 30 91.72
62 36 60.43
62 67 15.55
62 47 66.39
62 44 35.21
62 35 73.68
62 28 31.16
62 63 12.73
63 87 10.95
63 68 1.64
63 82 35.24
63 73 91.73
63 54 65.10
63 89 82.80
63 40 84.51
63 45 65.43
63 33 57.72
63 97 76.49
63 21 14.88
63 98 56.71
63 22 76.82
63 56 75.09
63 50 75.29
63 15 58.51
63 79 26.97
63 20 92.26
63 74 26.28
63 36 26.97
63 95 61.42
63 80 78.60
63 85 34.13
63 3 75.70
63 75 36.37
63 7 3.42
63 19 17.11
63 53 64.38
63 69 17.35
63 60 16.78
63 94 56.94
63 52 0.25
63 71 95.70
63 65 60.82
63 57 16.76
63 77 80.31
63 88 35.57
63 64 40.37
63 92 46.12
63 81 77.75
63 91 66.71
63 66 43.48
63 84 75.32
63 78 40.56
64 66 52.34
64 85 45.83
64 20 92.93
64 78 63.06
64 82 19.07
64 54 82.36
64 98 72.80
64 24 62.18
64 21 73.71
64 96 75.85
64 74 85.44
64 68 85.32
64 19 5.51
64 79 90.71
64 28 11.21
64 17 37.77
64 3 20.22
64 89 83.43
64 29 33.11
64 92 60.41
64 81 75.74
64 77 6.37
64 52 17.34
64 94 67.17
64 7 12.34
64 35 23.01
64 76 11.04
64 95 4.14
64 99 45.21
64 60 79.40
64 75 29.65
64 84 33.63
64 34 37.27
64 93 91.03
64 53 32.19
64 86 90.72
64 83 22.97
64 80 92.15
64 9 68.75
64 73 69.63
64 36 5.65
64 67 79.48
65 13 17.76
65 76 5.40
65 14 24.08
65 42 1.45
65 69 28.24
65 86 71.77
65 99 15.62
65 82 34.27
66 1 18.16
66 92 90.35
66 30 71.77
66 78 51.40
66 16 55.10
66 98 12.54
66 58 87.14
66 35 88.89
66 74 99.97
66 84 3.25
66 40 2.16
66 88 52.45
66 93 41.51
66 25 1.72
67 93 25.49
67 38 3.51
67 72 49.55
67 70 35.52
67 68 33.91
67 90 53.90
67 30 75.54
67 19 23.17
67 63 50.97
67 28 86.26
67 47 49.13
67 95 64.93
67 54 14.13
67 86 37.94
67 97 61.69
67 73 90.53
67 83 50.84
67 75 31.17
67 12 69.99
67 85 65.89
67 25 21.62
67 40 28.39
67 82 58.53
67 50 50.84
67 53 49.98
67 3 68.44
67 7 57.40
67 91 26.59
67 98 41.33
67 32 88.98
67 0 78.51
67 56 42.83
67 71 65.76
67 76 71.56
67 78 38.09
67 74 25.16
67 14 65.88
67 65 87.34
67 69 27.16
67 35 48.08
67 1 94.78
67 33 56.66
67 18 50.92
68 37 0.07
68 94 72.79
68 30 86.30
68 17 16.88
68 59 86.86
68 81 88.37
68 29 50.11
68 60 50.60
68 28 3.34
68 98 33.94
68 95 36.72
68 73 11.44
68 96 20.54
68 35 47.16
68 80 97.61
68 3 99.68
68 78 26.13
68 82 34.94
68 56 83.10
68 25 15.57
68 33 51.71
68 75 69.89
68 45 68.43
68 1 5.40
68 76 48.19
68 9 74.80
68 7 18.66
68 19 72.35
68 40 10.55
68 89 20.87
68 86 12.84
68 79 6.30
68 54 15.79
68 74 58.65
68 72 57.11
68 99 27.07
68 65 25.17
68 24 63.10
68 57 13.48
68 70 49.75
68 93 75.34
68 91 41.22
68 87 15.04
68 69 23.88
68 61 63.43
68 18 63.00
68 53 8.69
68 14 54.99
68 90 76.61
68 88 79.03
68 84 23.82
68 13 72.85
68 83 74.65
68 66 47.10
68 6 66.97
68 10 16.72
68 26 18.64
68 85 36.28
69 72 24.17
69 76 81.09
69 31 77.77
69 83 99.95
69 86 98.78
69 88 8.73
69 73 38.21
69 13 27.04
69 18 74.88
69 57 90.10
69 3 73.88
69 62 58.59
69 33 49.09
69 98 4.20
69 16 67.68
69 84 14.25
69 60 28.41
69 12 75.63
69 71 63.50
69 78 73.83
69 93 33.37
69 45 77.26
69 10 69.68
69 9 60.27
69 89 74.27
69 79 99.60
69 80 16.35
69 15 92.95
69 20 72.47
69 64 87.66
69 50 17.83
69 87 36.66
69 85 10.02
69 40 67.35
69 82 32.98
69 30 64.73
69 94 88.94
69 35 23.42
69 36 97.51
69 95 55.24
69 92 98.10
69 38 52.22
69 24 31.12
69 53 60.49
69 91 99.09
69 14 16.84
69 66 35.88
70 36 65.41
70 98 32.91
70 24 63.42
70 57 44.16
70 20 94.86
70 61 23.62
70 10 39.71
70 92 89.30
70 89 70.14
70 13 58.35
70 66 34.51
70 47 12.47
70 64 64.29
70 80 9.68
70 93 11.92
70 35 14.30
70 12 28.17
70 31 48.85
70 97 27.30
70 33 70.30
70 63 7.80
70 76 80.93
70 30 39.07
71 22 93.35
71 15 65.18
71 94 59.39
71 79 25.37
71 83 84.71
71 78 24.01
71 35 53.83
71 96 41.56
71 57 82.41
71 62 43.65
71 98 18.97
71 21 34.30
71 72 18.76
71 30 31.00
71 91 82.13
71 56 68.13
71 20 43.26
71 76 40.09
71 85 47.17
71 89 74.66
71 70 38.52
71 86 82.87
71 7 92.64
71 12 30.98
71 52 62.68
71 80 84.90
71 90 20.09
71 64 83.55
71 46 54.50
71 99 25.74
71 60 1.89
71 68 96.42
71 4 57.22
71 88 46.91
71 73 21.53
71 53 45.91
71 24 16.72
71 97 79.24
71 3 76.31
71 75 93.88
71 54 68.05
71 81 16.29
71 38 0.88
71 50 86.50
71 27 25.33
71 61 78.60
71 31 39.28
71 92 20.25
71 14 17.78
71 40 63.93
71 25 63.87
71 82 23.81
71 65 6.53
71 77 6.40
71 66 60.02
71 87 8.89
71 34 34.88
72 81 7.44
72 98 40.69
72 45 72.10
72 87 9.41
72 34 90.90
72 16 44.75
72 2 25.31
72 65 56.64
72 13 97.13
72 77 7.11
73 24 43.63
73 19 97.14
73 56 37.27
73 88 4.54
73 76 9.64
73 87 61.11
73 3 12.10
73 85 53.16
73 90 71.78
73 78 25.30
73 25 70.59
73 83 21.22
73 97 97.93
73 77 26.23
73 93 12.31
73 89 75.21
73 2 69.20
73 31 48.96
73 53 46.41
73 37 4.91
73 74 79.93
73 86 63.12
73 12 97.61
73 80 78.23
73 32 9.55
73 79 41.59
73 65 68.61
73 34 0.28
73 70 70.36
74 83 22.52
74 99 90.00
74 19 26.25
74 30 7.76
74 25 4.29
74 75 50.08
74 62 14.67
74 95 44.95
74 6 25.66
74 36 38.96
74 77 59.19
74 24 95.11
74 85 16.44
74 80 63.41
74 48 61.09
74 84 84.22
74 47 19.86
74 58 26.64
74 72 47.21
74 53 16.92
74 98 33.99
74 89 1.17
74 35 96.58
74 90 12.56
74 70 34.05
74 87 22.32
74 50 89.44
74 34 3.83
74 92 69.66
74 33 9.04
74 88 30.88
74 71 27.29
74 79 78.21
74 86 54.43
74 3 93.60
74 69 95.67
74 61 95.78
74 40 89.80
74 94 31.14
74 7 87.23
74 21 72.53
74 49 82.89
74 52 65.43
74 28 55.00
75 38 79.82
75 53 5.35
75 80 33.01
75 73 58.74
75 47 47.90
75 56 27.62
75 39 9.16
75 24 84.42
75 61 54.07
75 69 71.73
75 88 60.05
75 10 12.93
75 52 0.72
75 11 28.43
75 14 31.92
75 83 51.71
75 92 10.59
75 1 28.49
75 86 20.51
75 35 67.23
75 82 82.97
75 3 84.95
75 15 2.01
75 65 86.10
75 27 61.05
75 91 54.54
75 99 61.76
75 93 85.15
75 78 8.21
75 22 68.78
75 66 39.51
75 37 53.20
75 21 70.75
75 77 66.61
75 36 55.61
76 81 85.71
76 97 48.30
76 3 96.03
76 72 12.38
76 10 16.19
76 91 78.66
76 60 53.60
76 92 89.69
76 96 32.93
76 94 28.52
76 88 18.43
76 4 90.31
76 85 66.56
76 36 0.45
76 29 25.60
76 93 16.04
76 63 54.00
76 84 4.51
76 89 68.08
76 87 93.55
76 95 98.49
76 19 11.47
76 47 51.02
76 18 21.24
76 78 85.79
76 20 58.37
76 9 40.61
76 35 35.21
76 86 69.33
76 61 81.31
76 30 62.14
76 24 6.65
76 7 21.93
76 12 32.23
76 13 42.48
76 28 23.50
76 50 22.05
76 90 97.00
76 57 60.63
76 38 50.56
77 66 71.29
77 55 8.92
77 12 63.04
77 45 50.73
77 60 91.61
77 83 46.64
77 98 8.02
77 25 33.17
77 89 54.33
77 93 29.15
77 82 66.12
77 79 66.66
77 70 47.91
77 69 35.27
77 24 20.15
77 81 74.26
77 36 25.57
77 62 81.02
77 13 83.96
77 80 81.84
78 44 48.98
78 45 60.30
78 88 35.56
78 61 48.09
78 95 77.49
78 3 69.71
78 90 18.71
78 10 5.21
78 99 40.24
78 96 82.65
78 58 79.14
78 84 90.12
78 47 0.95
78 53 53.44
78 98 65.39
78 82 75.98
78 9 38.18
78 81 28.40
78 35 52.84
78 86 8.54
78 56 36.28
78 94 21.03
78 57 63.94
78 50 0.77
78 80 51.31
78 52 34.55
78 18 78.05
78 30 51.25
78 4 72.08
78 60 96.39
78 74 36.17
78 40 86.61
78 65 50.83
78 79 26.86
78 70 38.78
78 77 17.78
78 92 40.03
78 93 75.16
78 87 42.05
78 97 72.45
78 28 2.64
78 21 56.27
78 36 42.18
78 13 33.26
78 33 88.87
78 72 52.46
78 89 3.71
78 54 36.41
78 41 62.18
79 57 14.03
79 9 51.83
79 98 95.70
79 75 61.53
80 53 62.47
80 60 72.11
80 35 29.89
80 88 41.21
80 34 97.34
80 66 94.48
80 19 6.79
80 87 20.58
80 86 36.59
80 98 86.74
80 99 78.43
80 18 90.11
80 39 18.01
80 90 88.52
80 89 74.15
80 65 25.73
80 15 70.52
80 3 57.58
80 54 61.50
80 95 93.61
80 83 19.23
80 24 7.47
81 60 34.10
81 69 32.27
81 30 90.46
81 34 72.11
81 28 70.99
81 1 53.52
81 10 92.01
81 95 25.12
81 9 16.31
81 86 37.65
81 93 12.96
81 57 5.68
81 66 56.96
81 70 4.88
81 14 30.78
81 47 81.36
81 35 35.53
81 74 10.81
81 56 61.22
81 50 77.93
81 45 24.65
81 46 28.74
81 13 90.08
81 31 21.84
81 87 33.35
81 84 61.91
81 38 72.80
81 90 67.99
81 67 8.98
81 73 46.03
81 96 63.73
81 61 27.52
81 49 58.04
81 53 91.05
81 91 57.27
81 85 3.40
81 7 55.31
81 92 54.81
81 89 17.75
81 99 27.26
81 75 22.44
81 11 69.43
82 89 42.18
82 21 63.80
82 30 66.43
82 3 22.44
82 25 98.13
82 94 92.10
82 7 26.68
82 53 53.92
83 72 82.81
83 49 63.53
83 11 8.66
83 90 20.08
83 14 1.55
83 37 78.49
83 41 2.92
83 89 18.51
83 66 63.60
83 92 42.58
83 25 31.09
83 87 10.29
83 81 89.38
83 91 58.89
83 70 0.38
83 12 63.04
83 95 42.66
83 13 29.36
83 21 51.38
83 54 81.14
83 57 12.45
83 18 60.70
83 82 29.76
83 99 65.19
83 48 41.49
83 27 62.36
83 86 67.80
83 7 3.66
83 52 85.88
83 96 0.38
83 63 23.63
83 9 66.33
84 55 88.05
84 20 71.61
84 27 89.14
84 38 18.77
84 73 10.86
84 80 7.92
84 61 99.89
84 35 98.75
84 50 35.32
84 10 25.57
84 44 25.53
84 67 42.24
84 60 47.14
84 6 16.06
84 53 43.88
84 79 30.59
84 5 89.35
84 1 40.64
84 71 29.78
84 46 52.03
84 22 23.42
84 87 35.99
84 98 59.04
84 41 52.23
84 56 47.88
84 86 68.65
84 90 71.50
84 95 14.77
84 36 34.14
84 88 65.40
84 30 13.78
84 24 79.72
84 70 62.66
84 94 98.19
84 96 20.84
84 23 72.51
84 45 7.66
84 52 75.16
84 91 8.92
84 15 70.26
84 93 91.52
84 83 13.53
84 21 55.40
84 28 86.60
84 82 3.82
84 77 82.24
84 92 63.96
84 57 71.32
84 47 22.31
84 89 65.35
84 7 21.22
84 49 94.16
84 40 42.16
84 32 98.63
85 7 31.31
85 89 54.45
85 70 15.49
85 15 48.94
85 49 7.23
85 12 30.27
85 33 33.52
85 50 10.54
85 99 14.03
85 11 88.63
85 84 54.97
85 34 12.67
85 0 90.51
85 9 97.31
85 72 62.90
85 92 18.14
85 52 77.14
85 93 91.96
85 36 87.60
85 82 27.61
85 83 56.59
85 78 89.51
85 38 55.78
85 87 2.33
85 96 70.07
85 90 45.88
85 22 79.18
85 80 10.36
85 57 30.95
85 29 20.69
85 47 8.71
85 21 58.89
86 90 81.60
86 82 65.28
86 89 9.51
86 98 39.60
86 48 14.19
86 33 19.90
86 96 41.20
86 7 54.28
86 30 87.02
86 9 17.62
86 28 41.71
86 61 78.29
86 52 45.18
86 35 64.84
86 36 53.97
86 85 97.96
86 70 34.55
86 94 59.09
86 24 22.14
86 79 14.58
86 45 65.83
86 77 10.23
86 21 35.91
86 47 75.56
86 95 1.29
86 56 88.86
86 46 45.71
86 1 61.37
86 10 5.67
86 3 37.20
86 72 19.24
86 62 13.71
86 38 58.68
86 99 11.34
86 97 70.86
86 19 45.34
87 60 63.67
87 92 18.99
87 36 78.28
87 38 80.21
87 66 3.37
87 21 64.35
87 22 0.51
87 34 31.01
87 53 62.74
87 88 74.29
87 57 78.47
88 25 62.96
88 92 81.65
88 93 41.43
88 9 48.69
88 86 17.71
88 41 30.20
88 46 56.25
88 83 4.91
88 36 9.68
88 60 66.58
88 7 6.99
88 12 74.51
88 47 90.87
88 13 66.52
88 77 10.58
88 85 24.22
88 64 95.67
88 22 29.35
88 96 7.01
88 38 93.56
88 54 2.07
88 94 0.37
88 62 70.96
88 70 91.14
88 30 34.03
88 97 38.00
88 57 97.83
88 65 85.66
88 19 57.41
88 98 45.40
88 45 12.56
88 31 70.45
88 81 49.90
89 57 19.47
89 47 43.23
89 24 73.03
89 40 29.93
89 22 36.96
89 36 80.19
89 93 15.09
89 88 17.27
89 13 4.94
90 64 62.10
90 21 53.90
91 62 62.58
91 41 61.59
91 9 78.40
91 78 18.68
91 56 22.57
91 89 50.30
91 38 36.78
91 86 22.36
91 57 62.43
91 98 2.35
91 12 48.00
91 40 84.04
91 90 6.02
91 33 69.23
91 88 99.20
91 66 34.45
91 95 76.26
92 38 24.27
92 93 70.16
92 91 14.21
92 33 22.41
92 21 53.35
92 12 18.27
92 40 9.03
92 94 61.28
92 57 24.67
92 68 93.80
92 77 42.05
92 67 73.85
92 73 88.17
92 89 63.30
92 7 97.99
92 95 94.44
92 32 41.12
92 82 93.18
92 44 31.50
92 15 68.44
92 90 43.57
92 99 29.13
92 41 48.81
92 62 59.39
92 6 38.92
92 9 16.81
92 30 97.05
92 3 30.80
92 1 16.25
92 79 42.05
92 86 38.29
92 36 89.30
92 53 94.71
92 48 79.88
92 13 10.38
92 10 15.77
92 28 38.55
92 98 62.07
92 24 29.75
92 0 32.02
92 65 67.86
92 56 72.60
92 35 19.66
92 96 67.95
92 80 50.18
92 18 23.53
92 14 70.84
92 97 23.93
92 50 67.35
92 16 69.12
93 57 52.10
93 90 40.45
93 1 27.40
93 9 83.08
93 72 60.30
93 3 56.81
93 30 92.46
93 82 30.07
93 94 13.46
93 79 16.69
93 20 13.90
93 74 84.31
94 30 74.34
94 24 23.66
94 51 96.69
94 41 65.81
94 89 25.19
94 36 80.59
94 19 21.41
94 38 5.84
94 73 57.98
94 96 42.95
94 65 50.57
94 11 65.29
94 10 12.05
94 83 3.28
94 5 40.40
94 56 26.01
94 1 71.11
94 42 6.31
94 77 81.84
94 66 95.92
94 60 14.58
94 39 80.07
94 97 62.90
94 81 13.18
94 98 34.84
94 54 47.90
94 47 66.09
94 12 12.36
94 57 40.80
94 50 19.40
94 62 68.45
94 91 27.35
94 46 47.58
94 13 48.72
94 3 18.08
94 70 40.18
94 79 45.17
94 7 13.64
94 9 44.96
94 23 31.77
94 72 41.75
94 67 61.94
94 95 23.68
94 44 76.84
94 33 74.35
94 90 4.33
94 52 54.12
94 22 68.40
94 61 2.95
94 99 54.05
94 75 39.06
94 85 89.86
94 21 23.00
94 40 75.87
94 87 75.35
95 72 91.67
95 88 10.21
95 89 22.15
95 28 83.80
95 9 81.16
95 13 16.58
95 99 99.29
95 96 36.97
95 85 15.06
95 24 83.57
95 40 79.91
95 38 87.73
95 79 36.55
95 12 31.76
95 93 44.89
95 6 24.73
95 1 51.55
95 60 76.85
95 53 39.13
95 90 30.34
95 97 17.85
95 66 72.19
95 29 45.15
95 50 28.80
95 0 2.34
95 42 72.46
95 21 68.05
95 20 36.15
95 70 22.83
95 57 78.52
95 33 40.79
95 87 43.34
95 98 61.00
95 73 37.59
95 77 14.90
95 30 33.49
95 25 1.38
95 15 80.45
95 71 11.08
95 45 14.74
95 18 26.24
95 36 30.24
95 61 10.38
95 82 19.16
95 7 14.09
95 3 62.07
95 14 12.78
95 10 19.66
95 56 72.32
95 65 36.47
95 54 29.15
95 75 47.85
95 44 50.50
96 54 28.38
96 30 63.02
96 79 28.70
96 72 93.13
96 14 6.41
96 22 58.15
96 73 61.60
96 13 60.94
96 97 53.59
96 35 8.93
96 80 78.97
96 36 20.37
96 1 73.13
96 77 89.69
96 40 10.90
96 47 97.65
96 56 6.78
96 70 64.00
96 60 87.90
96 91 81.40
96 99 71.59
96 63 29.86
96 90 96.46
96 23 99.57
96 89 60.98
96 7 35.35
97 12 60.89
97 38 88.11
97 37 19.77
97 47 26.50
97 84 94.81
97 54 88.18
97 36 86.00
97 83 86.90
97 30 3.30
97 65 5.69
97 56 91.16
97 72 7.10
97 34 98.59
97 14 74.83
97 5 77.89
97 82 92.65
97 80 94.85
97 99 94.97
97 68 1.27
97 10 45.56
97 50 59.42
97 57 83.04
97 0 75.72
97 32 43.55
97 21 67.76
98 3 38.69
98 44 49.20
98 50 86.40
98 21 38.25
98 54 79.86
98 97 72.00
98 7 91.71
98 89 61.49
98 18 83.54
98 99 94.42
98 73 51.77
98 57 28.82
98 33 33.73
98 14 94.14
98 19 1.22
98 90 53.99
98 30 59.62
98 83 58.48
98 82 58.42
98 47 23.27
98 12 67.27
98 28 8.87
98 96 33.92
98 81 14.83
98 27 83.28
98 45 82.00
98 20 98.95
99 90 41.53
99 84 54.54
99 24 87.78
99 91 24.37
99 40 63.47
99 12 91.85
99 33 27.15
99 38 63.88
99 28 38.71
99 10 47.95
99 93 84.97
99 52 83.65
99 87 37.90
99 79 39.03
99 70 13.52
99 9 58.45
99 3 74.64
99 41 59.17
