100
0 21 55.344
0 25 11.068
0 26 11.024
0 27 9.942
1 6 51.21
1 28 15.085
1 29 15.584
1 30 18.17
2 15 63.352
2 20 62.962
2 14 58.792
2 31 13.442
2 32 6.969
2 33 18.809
3 10 57.897
3 34 8.27
3 35 7.775
3 36 4.534
4 13 59.516
4 9 64.493
4 37 17.322
4 38 5.234
4 39 5.782
5 21 65.411
5 8 55.7
5 40 13.242
5 41 7.853
5 42 12.762
6 17 63.008
6 9 58.593
6 43 6.52
6 44 8.411
6 45 7.187
7 11 51.366
7 46 4.075
7 47 6.14
7 48 12.799
8 17 62.546
8 49 8.466
8 50 11.8
8 51 15.003
9 20 58.81
9 52 5.665
9 53 13.805
9 54 13.863
10 12 60.79
10 55 0.734
10 56 19.358
10 57 3.064
11 12 58.234
11 58 10.181
11 59 14.708
11 60 8.485
12 21 60.549
12 61 16.478
12 62 10.673
12 63 12.139
13 22 63.486
13 23 65.365
13 64 11.806
13 65 11.95
13 66 8.56
14 24 62.288
14 67 0.24
14 68 20.719
14 69 13.389
15 18 50.998
15 70 4.833
15 71 6.794
15 72 9.339
16 23 53.311
16 73 3.316
16 74 8.221
16 75 13.841
17 76 9.663
17 77 6.143
17 78 9.522
18 19 63.505
18 79 15.478
18 80 15.053
18 81 2.138
19 82 3.234
19 83 16.167
19 84 15.792
20 85 8.66
20 86 10.739
20 87 12.274
21 88 13.376
21 89 0.727
21 90 15.573
22 91 13.09
22 92 17.862
22 93 15.671
23 94 5.736
23 95 16.999
23 96 9.29
24 97 8.55
24 98 10.536
24 99 5.92
25 26 14.668
25 89 10.803
26 37 32.889
27 32 15.163
28 39 15.704
28 48 13.715
29 96 14.288
30 94 16.494
30 74 29.473
31 77 13.317
32 60 19.248
32 33 25.247
32 55 22.884
33 53 15.649
34 41 22.367
34 63 22.209
35 89 15.824
35 97 25.06
35 81 11.93
35 83 20.41
36 39 19.159
38 54 24.973
40 48 19.948
42 65 16.198
42 62 17.788
42 54 30.908
43 65 15.831
44 82 15.872
44 81 22.73
45 52 20.597
45 96 25.264
45 56 8.727
45 91 32.016
46 48 30.737
47 99 20.017
48 67 20.626
48 78 19.556
49 67 20.206
50 80 13.637
51 98 23.636
51 53 22.291
52 79 18.946
54 73 18.62
55 75 19.661
55 86 27.535
55 93 15.596
56 93 13.652
57 73 18.386
58 85 20.701
59 95 15.651
61 78 22.854
61 82 18.008
62 92 21.59
63 81 18.082
64 79 11.743
66 87 21.35
67 69 14.917
68 71 14.206
68 87 16.794
70 98 24.939
71 95 16.196
72 84 19.873
73 77 21.761
73 82 4.975
74 87 22.437
74 83 24.662
76 90 24.938
80 99 23.692
81 91 13.609
83 88 12.496
83 99 9.238
84 90 19.71
85 95 16.019
90 93 10.041