100
0 6 6.621
0 5 44.032
0 9 16.944
0 2 74.589
0 14 12.083
0 17 63.868
0 11 23.916
0 10 81.876
0 15 40.559
0 23 60.472
0 20 25.49
0 26 88.607
0 25 91.325
0 37 5.113
0 31 80.224
0 34 94.235
0 32 66.161
0 33 18.476
0 42 58.593
0 40 18.944
0 47 4.067
0 41 88.442
0 54 70.833
0 56 98.102
0 50 36.16
0 59 24.172
0 53 46.804
0 60 81.163
0 62 81.186
0 63 36.381
0 68 26.531
0 69 64.306
0 71 52.096
0 76 43.72
0 79 48.438
0 72 91.143
0 74 35.725
0 89 39.476
0 86 57.656
0 87 80.512
0 84 85.094
0 85 15.321
0 98 23.121
0 97 33.076
0 94 35.292
0 99 3.058
1 5 29.225
1 9 4.364
1 12 92.84
1 21 93.301
1 31 37.431
1 52 46.512
1 67 34.103
1 60 37.76
1 62 90.492
1 85 23.381
1 90 76.795
2 6 85.687
2 9 99.409
2 13 38.845
2 10 26.747
2 23 60.161
2 21 47.055
2 36 35.101
2 37 33.156
2 45 84.914
2 69 62.15
2 72 44.894
2 75 6.521
2 83 39.549
2 98 39.075
3 5 64.939
3 7 72.256
3 9 19.042
3 15 18.332
3 12 88.591
3 34 13.295
3 67 1.304
3 60 18.706
3 74 28.646
3 88 58.983
3 82 30.679
3 80 1.225
3 85 11.808
3 90 52.196
4 6 41.737
4 7 7.707
4 8 57.231
4 10 71.125
4 31 25.376
4 30 56.086
4 52 96.685
4 54 90.645
4 68 55.753
4 66 78.276
4 69 12.65
4 78 58.918
4 85 91.33
5 16 45.767
5 23 91.561
5 31 48.423
5 36 85.75
5 45 89.898
5 43 34.169
5 59 25.274
5 54 60.344
5 66 54.111
5 69 38.623
5 78 37.558
5 83 69.22
5 81 5.163
5 98 19.145
6 17 84.286
6 28 52.454
6 38 73.889
6 49 62.639
6 54 58.227
6 67 11.597
6 70 40.132
6 97 46.754
7 18 2.416
7 22 14.469
7 24 53.361
7 49 23.212
7 47 11.038
7 48 7.17
7 56 3.8
7 61 92.403
7 84 73.431
7 89 31.583
7 85 29.393
7 98 33.052
8 28 91.466
8 21 5.109
8 69 84.361
8 78 68.009
8 71 82.064
8 96 96.474
9 40 69.164
9 43 7.079
9 54 48.543
9 55 13.842
9 62 85.759
9 61 99.74
9 72 81.85
9 82 67.104
9 98 27.978
10 11 42.099
10 12 49.997
10 14 60.356
10 15 82.516
10 16 69.599
10 17 35.33
10 61 62.082
10 87 8.702
10 89 21.465
10 86 44.438
10 97 54.025
11 12 16.441
11 13 91.55
11 14 65.224
11 15 93.471
11 16 43.431
11 18 25.886
11 19 64.66
11 39 0.887
11 32 27.814
11 42 87.508
11 50 88.132
11 67 35.284
11 70 15.767
11 73 20.221
11 86 71.371
11 91 85.755
12 13 78.527
12 14 45.422
12 15 87.629
12 17 66.525
12 18 89.92
12 19 17.071
12 25 94.392
12 39 58.295
12 44 50.751
12 43 52.235
12 54 33.807
12 52 40.722
12 60 60.404
12 67 49.66
12 69 82.595
12 70 75.062
12 79 60.32
12 80 93.498
12 85 37.111
12 90 8.444
12 91 32.246
13 14 31.674
13 15 30.638
13 16 43.869
13 18 68.842
13 19 86.899
13 20 25.692
13 31 89.523
13 57 73.589
13 54 93.782
13 65 79.027
13 62 7.733
13 78 68.669
13 86 27.606
13 85 77.755
14 15 29.194
14 16 14.252
14 17 6.038
14 19 77.752
14 33 99.417
14 45 25.466
14 59 37.945
14 61 53.851
14 69 4.686
14 71 55.755
14 82 88.387
14 93 57.52
15 18 39.005
15 19 12.897
15 39 62.625
15 31 97.905
15 57 40.106
15 62 6.051
15 66 93.297
15 97 56.205
16 17 79.323
16 18 16.137
16 19 68.374
16 29 88.768
16 27 46.784
16 35 38.526
16 59 32.991
16 63 80.074
16 66 81.834
16 77 97.745
16 74 9.05
16 88 39.926
17 18 70.629
17 19 78.543
17 25 36.303
17 20 65.951
17 29 9.042
17 45 47.217
17 40 88.042
17 67 83.446
17 78 71.062
17 96 55.728
17 90 39.217
17 98 35.099
17 95 94.49
18 19 47.876
18 44 68.976
18 46 57.179
18 66 33.257
18 69 26.315
18 74 49.66
18 83 67.809
19 22 49.637
19 34 51.489
19 41 48.714
19 53 12.492
19 66 28.643
19 69 25.167
19 85 44.001
20 22 53.985
20 24 5.514
20 27 91.255
20 33 69.259
20 43 65.769
20 48 70.712
20 45 88.208
20 61 24.129
20 95 44.964
21 22 84.099
21 23 67.49
21 28 71.132
21 42 90.761
21 68 37.187
21 87 79.747
21 88 1.274
21 94 78.401
21 93 54.238
22 23 64.61
22 24 4.518
22 27 31.389
22 29 28.098
22 39 87.563
22 47 5.831
22 53 93.999
22 54 64.351
22 60 76.344
22 67 13.327
22 69 45.39
22 72 94.877
22 80 97.877
22 85 69.183
22 97 81.816
23 27 68.869
23 37 1.799
23 42 69.633
23 40 27.222
23 69 60.376
23 92 51.841
23 98 24.619
24 25 47.371
24 26 21.32
24 54 8.924
24 56 42.925
24 64 71.634
24 67 28.653
24 79 41.962
24 94 40.759
25 26 39.196
25 27 1.784
25 28 62.498
25 29 94.829
25 51 56.022
25 63 29.864
25 61 20.785
25 68 87.46
25 72 54.559
25 81 62.634
25 89 78.247
25 87 93.599
26 29 47.024
26 37 79.759
26 36 58.574
26 31 48.982
26 43 59.408
26 57 94.68
26 65 99.659
26 70 41.604
26 85 4.282
27 28 87.923
27 47 92.037
27 58 82.716
27 65 12.614
27 61 17.291
27 69 54.866
27 79 24.37
27 85 25.196
28 35 77.834
28 34 24.316
28 42 49.068
28 57 90.13
28 53 53.362
28 65 2.771
28 81 21.186
28 85 99.717
28 99 38.325
29 38 93.278
29 50 41.426
29 69 92.581
29 74 59.061
29 73 27.89
29 89 35.907
29 93 35.363
29 96 75.34
30 31 87.832
30 32 54.197
30 33 68.998
30 34 6.492
30 35 53.945
30 37 42.262
30 38 43.987
30 47 99.199
30 51 46.713
30 65 29.891
30 82 27.703
30 88 30.995
30 85 77.613
30 93 69.305
31 32 47.057
31 33 39.064
31 34 78.946
31 36 88.049
31 37 34.795
31 47 43.921
31 40 4.947
31 55 90.941
31 70 77.73
31 85 69.099
31 98 62.328
32 33 55.62
32 34 19.141
32 35 69.579
32 36 79.353
32 38 22.029
32 59 7.032
32 52 98.262
32 66 66.633
32 69 66.47
32 76 72.687
32 83 46.787
32 82 28.901
32 95 38.422
32 90 55.537
32 94 95.054
33 34 83.512
33 36 76.883
33 37 10.306
33 38 68.111
33 39 23.982
33 65 72.559
33 61 13.776
33 69 56.894
33 72 76.863
33 79 88.01
33 88 92.716
33 87 28.852
33 83 71.189
33 86 8.668
33 85 84.532
34 36 15.464
34 37 58.573
34 38 17.626
34 39 18.794
34 66 3.753
34 69 22.778
35 36 69.076
35 37 53.772
35 41 51.365
35 48 8.762
35 52 43.782
35 59 53.423
35 55 70.745
35 65 73.491
35 70 51.774
35 71 99.88
35 82 94.582
35 94 83.821
36 37 3.341
36 38 68.424
36 43 26.584
36 50 48.62
36 64 45.916
36 67 10.866
36 61 17.911
36 85 23.118
36 95 55.604
37 54 73.468
37 64 22.795
37 85 28.249
38 39 2.42
38 50 74.198
38 60 23.852
38 69 34.279
38 72 4.981
38 78 45.272
38 98 33.428
38 90 29.827
39 44 91.23
39 68 36.989
39 74 30.197
39 79 12.151
39 94 24.779
40 43 8.885
40 47 36.663
40 59 51.833
40 60 3.399
40 67 25.644
40 64 62.417
40 61 76.305
40 74 67.786
40 72 14.34
40 85 79.721
40 96 13.983
41 43 54.547
41 45 5.914
41 46 43.572
41 47 35.403
41 69 32.368
41 89 31.686
41 85 54.77
41 91 90.83
42 43 63.474
42 45 74.173
42 48 46.711
42 58 51.036
42 83 60.198
42 97 44.29
42 93 2.205
43 46 26.186
43 48 84.384
43 58 30.663
43 69 17.955
43 80 7.982
44 45 56.867
44 46 64.609
44 47 19.932
44 49 17.602
44 51 95.592
44 67 74.117
44 74 6.671
44 79 39.606
44 85 6.001
45 48 0.04
45 49 24.621
45 68 21.172
45 66 99.821
45 69 99.68
45 71 12.976
45 72 88.121
45 88 95.08
45 83 64.499
45 84 28.505
46 47 79.496
46 49 50.115
46 53 1.443
46 66 35.327
46 77 96.961
46 72 22.388
46 99 69.163
47 59 5.558
47 64 5.286
47 66 76.106
47 74 77.608
47 81 37.314
47 94 57.072
47 91 54.615
48 55 8.063
48 63 27.457
48 67 66.831
48 64 8.838
48 83 23.042
48 97 60.387
49 58 1.72
49 54 83.814
49 61 93.29
49 77 59.964
49 82 53.722
49 85 25.381
49 99 39.038
49 94 31.23
50 52 35.736
50 54 85.565
50 55 1.922
50 56 34.243
50 58 13.374
50 59 12.308
50 63 8.103
50 61 74.635
50 68 50.884
50 69 12.308
50 82 0.731
50 85 21.344
51 52 7.746
51 54 67.545
51 55 37.917
51 57 85.359
51 59 51.152
51 61 96.288
51 69 38.02
51 75 37.876
51 86 82.668
51 97 58.85
52 53 46.135
52 54 5.327
52 56 47.169
52 57 44.258
52 80 76.816
53 54 57.129
53 55 19.97
53 56 48.077
53 59 55.218
53 69 86.789
53 83 60.867
53 88 52.32
53 94 59.79
54 55 21.315
54 56 54.326
54 57 31.452
54 58 83.975
54 59 33.275
54 63 14.601
54 69 15.683
54 71 23.725
54 70 48.865
54 84 12.182
54 81 5.621
54 92 53.407
55 57 76.63
55 58 84.841
55 59 19.191
55 62 71.273
55 67 81.647
55 63 75.773
55 70 85.831
55 77 92.354
55 97 94.211
55 95 67.716
55 98 67.504
56 57 33.492
56 64 73.618
56 61 99.513
56 70 40.357
56 78 92.297
56 93 72.97
57 58 12.189
57 59 41.178
57 61 9.353
57 69 24.209
57 73 80.407
57 81 85.964
57 85 71.939
57 90 30.436
58 62 3.081
58 68 85.72
58 78 79.562
58 76 46.251
58 85 40.635
59 86 32.591
59 85 48.613
59 99 70.601
60 62 53.569
60 63 91.947
60 68 29.533
60 77 43.428
60 73 41.915
60 74 75.978
60 85 52.158
60 92 84.775
61 66 90.137
61 68 63.618
61 69 36.338
61 76 55.598
61 89 53.276
61 87 38.568
61 84 8.303
61 93 92.279
61 95 17.267
62 64 98.313
62 65 20.296
62 68 7.043
62 69 63.073
62 75 76.289
62 88 1.103
62 86 12.861
62 96 24.346
62 99 11.106
62 97 82.558
63 65 78.499
63 68 28.739
63 86 11.117
64 67 74.208
64 72 51.472
64 83 73.892
64 85 94.202
64 92 8.961
65 69 7.269
65 73 55.309
65 84 26.711
65 80 40.691
65 93 74.66
65 98 30.082
65 96 92.17
66 67 54.432
66 69 38.061
66 76 96.971
66 72 99.074
66 77 47.259
66 88 80.057
66 87 66.228
66 85 96.832
66 94 87.006
67 77 40.126
67 87 10.401
68 72 16.19
68 79 9.643
68 80 27.799
68 85 40.576
68 93 24.532
68 98 80.878
69 79 71.449
69 72 80.536
69 78 46.52
69 87 95.377
69 89 86.464
69 83 5.733
69 84 77.314
69 85 98.502
69 93 31.605
69 91 36.532
69 90 46.797
69 95 99.599
70 72 85.497
70 74 6.381
70 75 41.098
70 76 38.313
70 77 98.474
70 79 23.357
70 89 88.426
71 73 91.907
71 75 2.222
71 76 7.543
71 78 13.364
71 79 60.791
71 84 28.943
71 85 13.034
71 93 33.703
71 95 80.365
72 73 17.12
72 74 5.4
72 75 25.789
72 76 43.727
72 79 10.414
72 80 63.048
72 81 28.628
73 74 5.933
73 76 78.822
73 77 97.664
73 78 56.183
73 79 81.832
73 95 51.175
73 90 66.661
74 75 93.221
74 76 81.862
74 77 21.738
74 78 76.943
74 79 87.831
74 84 98.812
74 88 36.188
74 85 14.467
74 96 49.709
75 76 62.383
75 77 86.322
75 78 19.384
75 79 82.755
75 92 96.543
76 78 61.1
76 79 36.86
76 81 41.746
76 98 80.027
77 78 8.454
77 82 95.666
77 84 84.886
77 85 19.31
77 93 43.887
78 91 27.668
79 85 1.002
79 95 7.548
80 82 4.314
80 83 63.731
80 84 58.439
80 88 98.234
81 86 34.753
81 87 64.765
81 88 2.419
81 85 18.768
81 92 73.265
82 97 3.106
83 87 27.548
83 85 99.268
83 91 28.754
83 96 98.454
84 86 12.581
84 87 19.93
84 88 27.877
84 89 38.651
85 87 1.67
85 89 28.519
85 88 4.486
85 94 28.562
85 92 52.764
85 90 34.071
85 91 63.594
86 87 34.52
86 95 18.361
87 88 40.237
87 89 7.597
87 91 10.221
87 92 58.318
87 98 67.401
88 94 2.144
90 93 60.902
90 96 95.42
90 97 31.739
90 99 74.859
91 92 80.379
91 93 62.955
91 94 17.293
91 95 88.715
91 96 9.717
91 97 76.583
91 98 4.433
91 99 24.38
92 93 25.512
92 94 65.099
92 95 60.18
92 96 96.586
92 99 8.897
93 94 54.572
93 95 24.636
93 96 41.179
93 99 31.405
94 96 14.271
94 98 90.64
95 97 58.959
95 98 81.215
95 99 66.062
96 97 36.281
97 98 73.168
97 99 23.47
98 99 99.938