100
0 1 16.801
0 2 56.215
0 3 44.014
0 4 29.648
0 5 80.236
0 6 72.219
0 7 60.937
0 8 76.057
0 9 47.566
0 10 38.247
0 11 62.067
0 12 15.532
0 13 36.215
0 14 42.898
0 15 86.636
0 16 35.555
0 17 46.42
0 18 55.929
0 19 61.515
0 20 13.806
0 21 95.516
0 22 5.06
0 23 82.856
0 24 98.596
0 25 6.72
0 26 67.562
0 27 98.079
0 28 54.73
0 29 7.039
0 30 36.407
0 31 39.076
0 32 8.567
0 33 40.321
0 34 80.769
0 35 95.962
0 36 69.558
0 37 43.384
0 38 38.833
0 39 17.291
0 40 80.604
0 41 88.171
0 42 34.652
0 43 2.513
0 44 21.08
0 45 81.154
0 46 63.558
0 47 10.42
0 48 52.59
0 49 65.378
0 50 3.512
0 51 88.119
0 52 4.666
0 53 87.703
0 54 15.638
0 55 36.281
0 56 18.314
0 57 17.228
0 58 94.497
0 59 16.081
0 60 10.675
0 61 33.179
0 62 51.057
0 63 33.195
0 64 81.09
0 65 8.63
0 66 63.112
0 67 11.423
0 68 63.636
0 69 30.019
0 70 29.285
0 71 32.426
0 72 97.401
0 73 13.943
0 74 69.677
0 75 10.521
0 76 84.148
0 77 3.605
0 78 55.369
0 79 9.046
0 80 65.506
0 81 3.158
0 82 24.282
0 83 19.508
0 84 7.144
0 85 58.766
0 86 54.134
0 87 6.413
0 88 37.057
0 89 49.997
0 90 15.321
0 91 19.285
0 92 48.984
0 93 53.81
0 94 55.114
0 95 8.874
0 96 68.117
0 97 19.709
0 98 52.947
0 99 50.867
1 2 69.506
1 3 15.114
1 4 83.293
1 5 85.523
1 6 36.745
1 7 8.684
1 8 91.958
1 9 27.778
1 10 95.656
1 11 2.202
1 12 90.633
1 13 46.885
1 14 81.589
1 15 14.03
1 16 46.893
1 17 60.529
1 18 37.287
1 19 93.353
1 20 47.852
1 21 93.812
1 22 99.644
1 23 27.159
1 24 68.503
1 25 25.282
1 26 32.737
1 27 67.738
1 28 97.861
1 29 96.233
1 30 33.083
1 31 0.301
1 32 14.078
1 33 55.617
1 34 95.256
1 35 35.12
1 36 35.043
1 37 25.266
1 38 58.29
1 39 91.336
1 40 96.783
1 41 1.08
1 42 89.107
1 43 52.085
1 44 58.46
1 45 48.532
1 46 71.755
1 47 45.743
1 48 39.921
1 49 84.385
1 50 60.369
1 51 27.042
1 52 15.002
1 53 88.886
1 54 40.175
1 55 15.446
1 56 30.434
1 57 86.676
1 58 7.249
1 59 59.526
1 60 73.075
1 61 92.632
1 62 80.104
1 63 13.312
1 64 11.884
1 65 49.345
1 66 73.441
1 67 18.833
1 68 79.791
1 69 47.283
1 70 12.669
1 71 57.342
1 72 51.163
1 73 11.299
1 74 46.573
1 75 39.682
1 76 63.469
1 77 56.975
1 78 43.712
1 79 17.806
1 80 0.651
1 81 11.578
1 82 36.853
1 83 94.546
1 84 27.315
1 85 27.993
1 86 39.552
1 87 33.543
1 88 97.942
1 89 39.581
1 90 32.551
1 91 22.859
1 92 15.463
1 93 8.559
1 94 32.149
1 95 78.847
1 96 21.248
1 97 74.218
1 98 8.102
1 99 74.817
2 3 13.563
2 4 79.887
2 5 30.972
2 6 62.847
2 7 14.286
2 8 4.531
2 9 61.245
2 10 76.303
2 11 65.224
2 12 26.656
2 13 95.596
2 14 77.308
2 15 33.543
2 16 54.983
2 17 88.766
2 18 42.788
2 19 96.11
2 20 35.642
2 21 88.614
2 22 59.408
2 23 49.992
2 24 13.845
2 25 13.468
2 26 41.342
2 27 68.542
2 28 60.963
2 29 36.268
2 30 32.471
2 31 53.547
2 32 98.923
2 33 70.913
2 34 41.844
2 35 5.667
2 36 84.466
2 37 84.489
2 38 19.453
2 39 3.598
2 40 48.158
2 41 80.76
2 42 71.253
2 43 65.924
2 44 5.243
2 45 44.118
2 46 37.655
2 47 80.933
2 48 55.981
2 49 47.112
2 50 48.065
2 51 72.069
2 52 52.886
2 53 82.542
2 54 25.191
2 55 11.266
2 56 43.844
2 57 70.638
2 58 64.945
2 59 21.999
2 60 71.483
2 61 4.737
2 62 27.745
2 63 67.715
2 64 55.991
2 65 4.025
2 66 12.126
2 67 88.639
2 68 84.081
2 69 20.224
2 70 65.541
2 71 67.869
2 72 75.869
2 73 31.008
2 74 31.658
2 75 42.904
2 76 2.235
2 77 35.682
2 78 7.757
2 79 82.836
2 80 42.039
2 81 52.187
2 82 18.141
2 83 82.307
2 84 60.821
2 85 16.685
2 86 70.157
2 87 60.439
2 88 14.371
2 89 64.054
2 90 38.535
2 91 28.201
2 92 99.272
2 93 31.535
2 94 52.495
2 95 64.032
2 96 74.934
2 97 1.12
2 98 40.745
2 99 99.373
3 4 23.018
3 5 35.123
3 6 86.923
3 7 27.384
3 8 88.565
3 9 43.487
3 10 96.898
3 11 71.298
3 12 27.708
3 13 26.22
3 14 77.623
3 15 95.409
3 16 1.272
3 17 35.472
3 18 61.788
3 19 14.173
3 20 21.557
3 21 55.992
3 22 99.9
3 23 92.052
3 24 76.796
3 25 57.975
3 26 83.613
3 27 18.942
3 28 80.299
3 29 32.808
3 30 67.193
3 31 67.123
3 32 36.126
3 33 76.093
3 34 3.68
3 35 11.34
3 36 59.51
3 37 97.309
3 38 64.941
3 39 63.04
3 40 32.282
3 41 26.302
3 42 1.344
3 43 9.775
3 44 56.541
3 45 32.041
3 46 77.263
3 47 67.751
3 48 40.148
3 49 92.481
3 50 24.115
3 51 81.609
3 52 91.282
3 53 39.962
3 54 65.098
3 55 68.198
3 56 10.319
3 57 25.66
3 58 26.898
3 59 32.027
3 60 94.614
3 61 9.274
3 62 99.973
3 63 23.59
3 64 25.886
3 65 64.464
3 66 71.639
3 67 51.347
3 68 6.242
3 69 38.621
3 70 15.213
3 71 60.607
3 72 75.656
3 73 14.775
3 74 76.04
3 75 54.483
3 76 24.183
3 77 25.385
3 78 53.003
3 79 28.964
3 80 63.615
3 81 38.429
3 82 33.811
3 83 11.523
3 84 89.045
3 85 30.952
3 86 10.691
3 87 64.908
3 88 5.377
3 89 41.4
3 90 54.64
3 91 99.545
3 92 30.341
3 93 98.291
3 94 16.492
3 95 8.452
3 96 64.982
3 97 38.444
3 98 19.582
3 99 39.668
4 5 79.412
4 6 13.009
4 7 34.846
4 8 67.223
4 9 77.827
4 10 0.701
4 11 13.026
4 12 44.742
4 13 38.322
4 14 37.156
4 15 37.68
4 16 37.144
4 17 15.232
4 18 70.953
4 19 99.439
4 20 8.842
4 21 1.225
4 22 12.447
4 23 36.013
4 24 3.351
4 25 18.347
4 26 99.101
4 27 82.168
4 28 81.304
4 29 93.582
4 30 86.46
4 31 90.362
4 32 40.641
4 33 41.06
4 34 99.834
4 35 41.48
4 36 14.453
4 37 84.344
4 38 84.184
4 39 19.049
4 40 88.293
4 41 41.026
4 42 62.842
4 43 15.937
4 44 82.172
4 45 93.337
4 46 67.166
4 47 26.418
4 48 15.823
4 49 23.206
4 50 29.542
4 51 2.127
4 52 89.159
4 53 54.469
4 54 28.891
4 55 88.693
4 56 18.624
4 57 76.21
4 58 46.733
4 59 14.77
4 60 20.461
4 61 13.361
4 62 64.381
4 63 88.192
4 64 87.639
4 65 23.479
4 66 8.254
4 67 26.681
4 68 62.826
4 69 47.404
4 70 71.986
4 71 45.535
4 72 43.827
4 73 16.325
4 74 15.861
4 75 29.096
4 76 8.322
4 77 45.146
4 78 54.171
4 79 33.249
4 80 5.729
4 81 38.664
4 82 31.947
4 83 44.725
4 84 94.395
4 85 59.001
4 86 44.579
4 87 82.113
4 88 3.379
4 89 22.76
4 90 97.913
4 91 43.382
4 92 87.994
4 93 23.718
4 94 96.656
4 95 16.922
4 96 57.262
4 97 25.885
4 98 22.072
4 99 78.786
5 6 61.145
5 7 74.565
5 8 36.046
5 9 56.892
5 10 15.78
5 11 33.134
5 12 80.319
5 13 2.684
5 14 86.456
5 15 29.301
5 16 38.277
5 17 86.342
5 18 60.898
5 19 72.866
5 20 49.502
5 21 18.261
5 22 10.008
5 23 60.327
5 24 46.697
5 25 43.555
5 26 70.911
5 27 39.53
5 28 1.819
5 29 78.708
5 30 87.365
5 31 89.883
5 32 10.974
5 33 96.021
5 34 51.705
5 35 48.707
5 36 95.735
5 37 30.947
5 38 2.745
5 39 16.046
5 40 44.945
5 41 56.135
5 42 11.507
5 43 89.883
5 44 47.534
5 45 11.024
5 46 49.156
5 47 87.612
5 48 38.132
5 49 63.893
5 50 45.431
5 51 50.36
5 52 61.096
5 53 8.963
5 54 26.809
5 55 67.37
5 56 1.203
5 57 47.147
5 58 75.346
5 59 99.621
5 60 17.133
5 61 24.523
5 62 52.154
5 63 95.447
5 64 25.901
5 65 59.418
5 66 32.011
5 67 98.866
5 68 79.079
5 69 50.995
5 70 87.993
5 71 54.725
5 72 48.528
5 73 67.437
5 74 68.625
5 75 6.744
5 76 33.453
5 77 50.229
5 78 60.692
5 79 2.005
5 80 19.017
5 81 8.553
5 82 72.795
5 83 64.482
5 84 78.91
5 85 85.325
5 86 5.622
5 87 0.226
5 88 10.102
5 89 36.416
5 90 31.098
5 91 92.0
5 92 47.351
5 93 98.832
5 94 80.252
5 95 53.812
5 96 49.92
5 97 39.121
5 98 20.057
5 99 19.092
6 7 48.657
6 8 73.165
6 9 70.332
6 10 47.951
6 11 50.168
6 12 71.515
6 13 21.536
6 14 59.842
6 15 91.342
6 16 3.413
6 17 27.102
6 18 74.7
6 19 4.484
6 20 66.296
6 21 34.354
6 22 31.019
6 23 86.629
6 24 15.414
6 25 58.691
6 26 46.01
6 27 69.365
6 28 68.992
6 29 88.311
6 30 20.409
6 31 97.651
6 32 68.646
6 33 20.43
6 34 97.102
6 35 98.904
6 36 77.314
6 37 38.888
6 38 37.87
6 39 72.796
6 40 34.73
6 41 76.035
6 42 97.099
6 43 17.283
6 44 9.799
6 45 87.859
6 46 23.24
6 47 61.239
6 48 1.829
6 49 56.986
6 50 95.705
6 51 79.52
6 52 79.81
6 53 77.248
6 54 52.562
6 55 51.444
6 56 2.584
6 57 46.887
6 58 9.245
6 59 21.857
6 60 35.453
6 61 54.923
6 62 58.434
6 63 72.541
6 64 72.709
6 65 26.483
6 66 30.908
6 67 37.155
6 68 36.943
6 69 18.251
6 70 48.705
6 71 52.652
6 72 17.11
6 73 72.684
6 74 87.878
6 75 25.59
6 76 25.06
6 77 0.483
6 78 25.738
6 79 62.498
6 80 18.261
6 81 50.459
6 82 33.402
6 83 89.02
6 84 80.045
6 85 0.089
6 86 18.879
6 87 5.103
6 88 91.941
6 89 87.851
6 90 9.114
6 91 78.454
6 92 52.187
6 93 34.285
6 94 21.825
6 95 54.044
6 96 58.363
6 97 97.516
6 98 27.948
6 99 92.875
7 8 31.598
7 9 86.851
7 10 18.713
7 11 81.11
7 12 30.203
7 13 78.85
7 14 28.868
7 15 62.928
7 16 79.908
7 17 21.525
7 18 20.106
7 19 69.174
7 20 30.625
7 21 90.461
7 22 32.874
7 23 54.868
7 24 62.367
7 25 21.887
7 26 25.803
7 27 39.587
7 28 7.564
7 29 74.67
7 30 58.15
7 31 83.693
7 32 69.175
7 33 82.738
7 34 93.126
7 35 89.745
7 36 73.314
7 37 28.14
7 38 90.482
7 39 68.326
7 40 9.876
7 41 38.524
7 42 9.257
7 43 85.087
7 44 66.409
7 45 29.126
7 46 7.209
7 47 83.044
7 48 53.789
7 49 9.287
7 50 16.06
7 51 18.646
7 52 49.424
7 53 87.277
7 54 31.819
7 55 31.566
7 56 16.001
7 57 38.666
7 58 17.758
7 59 42.027
7 60 31.21
7 61 92.55
7 62 37.898
7 63 64.311
7 64 19.71
7 65 21.177
7 66 24.08
7 67 39.381
7 68 27.126
7 69 4.764
7 70 61.658
7 71 50.038
7 72 49.931
7 73 65.821
7 74 60.246
7 75 38.584
7 76 60.428
7 77 69.133
7 78 17.039
7 79 90.399
7 80 34.441
7 81 55.07
7 82 90.352
7 83 18.321
7 84 31.38
7 85 12.75
7 86 48.735
7 87 77.833
7 88 35.75
7 89 59.348
7 90 34.802
7 91 90.036
7 92 73.27
7 93 0.303
7 94 15.608
7 95 45.713
7 96 22.806
7 97 65.917
7 98 47.447
7 99 7.344
8 9 91.056
8 10 1.713
8 11 19.081
8 12 4.763
8 13 25.242
8 14 3.571
8 15 57.834
8 16 63.436
8 17 82.326
8 18 24.58
8 19 54.406
8 20 43.657
8 21 16.105
8 22 47.313
8 23 9.14
8 24 55.483
8 25 15.491
8 26 37.548
8 27 42.177
8 28 22.74
8 29 97.102
8 30 60.893
8 31 66.663
8 32 78.882
8 33 47.117
8 34 99.835
8 35 87.201
8 36 91.407
8 37 4.999
8 38 25.049
8 39 21.287
8 40 53.484
8 41 45.451
8 42 41.031
8 43 55.491
8 44 80.257
8 45 50.162
8 46 41.163
8 47 38.892
8 48 31.015
8 49 95.847
8 50 75.929
8 51 18.004
8 52 59.264
8 53 14.138
8 54 65.401
8 55 39.218
8 56 46.343
8 57 11.434
8 58 18.011
8 59 88.837
8 60 14.863
8 61 8.446
8 62 34.872
8 63 61.174
8 64 95.929
8 65 64.749
8 66 30.686
8 67 25.808
8 68 88.736
8 69 22.168
8 70 85.819
8 71 79.007
8 72 36.252
8 73 27.654
8 74 44.97
8 75 6.424
8 76 79.862
8 77 98.915
8 78 3.209
8 79 21.466
8 80 78.919
8 81 23.048
8 82 94.999
8 83 79.456
8 84 78.016
8 85 53.636
8 86 36.966
8 87 83.636
8 88 94.901
8 89 76.951
8 90 9.188
8 91 53.819
8 92 24.886
8 93 16.201
8 94 41.863
8 95 87.526
8 96 72.616
8 97 72.054
8 98 74.149
8 99 38.419
9 10 81.891
9 11 60.315
9 12 90.621
9 13 99.563
9 14 16.969
9 15 72.913
9 16 57.108
9 17 44.72
9 18 63.386
9 19 9.521
9 20 23.084
9 21 62.358
9 22 13.168
9 23 1.448
9 24 11.058
9 25 63.431
9 26 27.832
9 27 62.059
9 28 36.221
9 29 16.126
9 30 22.826
9 31 66.149
9 32 45.879
9 33 78.993
9 34 95.818
9 35 42.682
9 36 0.598
9 37 14.422
9 38 41.381
9 39 18.808
9 40 5.197
9 41 75.264
9 42 41.9
9 43 21.09
9 44 90.621
9 45 39.619
9 46 59.425
9 47 72.237
9 48 20.736
9 49 98.039
9 50 77.988
9 51 90.408
9 52 98.159
9 53 31.534
9 54 14.771
9 55 95.476
9 56 96.044
9 57 58.903
9 58 12.832
9 59 39.517
9 60 46.916
9 61 86.902
9 62 61.985
9 63 13.471
9 64 36.209
9 65 99.973
9 66 86.204
9 67 26.37
9 68 12.588
9 69 15.391
9 70 5.656
9 71 24.543
9 72 73.851
9 73 89.724
9 74 84.368
9 75 83.934
9 76 41.824
9 77 33.984
9 78 83.323
9 79 24.145
9 80 1.305
9 81 5.49
9 82 61.329
9 83 34.235
9 84 38.54
9 85 2.035
9 86 54.808
9 87 73.56
9 88 54.921
9 89 86.805
9 90 82.495
9 91 99.622
9 92 94.852
9 93 41.121
9 94 99.602
9 95 0.722
9 96 22.104
9 97 72.741
9 98 65.295
9 99 16.339
10 11 34.821
10 12 90.53
10 13 7.867
10 14 11.638
10 15 84.047
10 16 58.98
10 17 45.874
10 18 21.045
10 19 38.592
10 20 67.919
10 21 61.586
10 22 47.92
10 23 64.338
10 24 31.686
10 25 64.874
10 26 23.637
10 27 55.133
10 28 58.065
10 29 68.881
10 30 95.451
10 31 67.975
10 32 24.731
10 33 54.395
10 34 85.93
10 35 65.3
10 36 25.256
10 37 34.966
10 38 51.337
10 39 77.331
10 40 90.135
10 41 69.205
10 42 5.388
10 43 49.387
10 44 7.27
10 45 22.256
10 46 98.566
10 47 94.352
10 48 59.896
10 49 42.056
10 50 60.042
10 51 42.974
10 52 72.418
10 53 67.208
10 54 93.642
10 55 19.075
10 56 14.274
10 57 24.263
10 58 52.171
10 59 18.192
10 60 50.438
10 61 17.195
10 62 5.625
10 63 53.374
10 64 86.451
10 65 97.398
10 66 10.836
10 67 15.829
10 68 18.823
10 69 35.888
10 70 94.27
10 71 39.859
10 72 0.74
10 73 53.291
10 74 40.969
10 75 75.23
10 76 30.037
10 77 81.626
10 78 95.031
10 79 46.816
10 80 96.969
10 81 69.597
10 82 40.456
10 83 60.098
10 84 45.165
10 85 16.402
10 86 77.899
10 87 90.011
10 88 81.071
10 89 35.674
10 90 52.048
10 91 96.736
10 92 47.563
10 93 61.783
10 94 14.234
10 95 60.62
10 96 11.982
10 97 46.319
10 98 80.517
10 99 43.137
11 12 14.214
11 13 55.869
11 14 27.164
11 15 89.287
11 16 72.001
11 17 2.213
11 18 41.126
11 19 67.253
11 20 91.71
11 21 86.908
11 22 27.352
11 23 73.762
11 24 44.041
11 25 23.212
11 26 97.646
11 27 63.777
11 28 35.029
11 29 11.532
11 30 34.408
11 31 88.102
11 32 89.995
11 33 6.36
11 34 66.537
11 35 40.868
11 36 78.159
11 37 57.472
11 38 75.328
11 39 50.195
11 40 75.141
11 41 48.609
11 42 2.344
11 43 81.107
11 44 86.356
11 45 67.954
11 46 26.962
11 47 87.613
11 48 90.014
11 49 85.49
11 50 25.439
11 51 56.944
11 52 36.811
11 53 67.376
11 54 51.922
11 55 31.987
11 56 59.562
11 57 73.263
11 58 96.861
11 59 42.127
11 60 39.93
11 61 63.224
11 62 15.572
11 63 29.622
11 64 96.052
11 65 40.03
11 66 17.842
11 67 95.662
11 68 42.767
11 69 82.504
11 70 59.582
11 71 63.657
11 72 40.444
11 73 77.866
11 74 91.798
11 75 76.107
11 76 19.539
11 77 89.483
11 78 13.949
11 79 30.414
11 80 94.842
11 81 36.236
11 82 54.551
11 83 46.642
11 84 48.938
11 85 42.052
11 86 42.082
11 87 74.143
11 88 17.494
11 89 78.043
11 90 93.3
11 91 43.869
11 92 11.579
11 93 16.164
11 94 88.609
11 95 84.904
11 96 19.154
11 97 57.399
11 98 75.663
11 99 84.689
12 13 87.068
12 14 73.718
12 15 11.882
12 16 12.171
12 17 91.143
12 18 12.625
12 19 57.932
12 20 33.674
12 21 9.866
12 22 86.793
12 23 23.76
12 24 46.991
12 25 93.166
12 26 11.946
12 27 31.905
12 28 75.006
12 29 68.151
12 30 89.715
12 31 28.666
12 32 73.93
12 33 97.768
12 34 44.696
12 35 35.308
12 36 91.198
12 37 33.126
12 38 18.139
12 39 80.96
12 40 34.664
12 41 28.523
12 42 7.764
12 43 35.771
12 44 6.384
12 45 22.674
12 46 24.707
12 47 46.739
12 48 0.599
12 49 78.478
12 50 81.338
12 51 78.095
12 52 86.098
12 53 11.977
12 54 93.635
12 55 52.774
12 56 36.079
12 57 85.576
12 58 75.242
12 59 96.551
12 60 87.785
12 61 35.341
12 62 99.502
12 63 40.01
12 64 86.602
12 65 90.526
12 66 68.205
12 67 71.133
12 68 6.017
12 69 47.79
12 70 36.024
12 71 16.144
12 72 39.161
12 73 91.187
12 74 21.119
12 75 43.498
12 76 82.59
12 77 4.742
12 78 41.806
12 79 8.037
12 80 96.592
12 81 70.693
12 82 58.784
12 83 49.268
12 84 65.005
12 85 27.735
12 86 8.037
12 87 71.362
12 88 87.282
12 89 73.724
12 90 29.755
12 91 5.596
12 92 64.258
12 93 83.437
12 94 59.902
12 95 4.429
12 96 78.541
12 97 33.124
12 98 25.719
12 99 81.628
13 14 91.004
13 15 63.145
13 16 6.664
13 17 34.593
13 18 92.769
13 19 13.475
13 20 40.327
13 21 92.973
13 22 28.607
13 23 4.388
13 24 23.749
13 25 42.372
13 26 99.364
13 27 97.994
13 28 38.204
13 29 51.228
13 30 62.318
13 31 69.769
13 32 77.428
13 33 78.838
13 34 22.615
13 35 65.933
13 36 30.98
13 37 98.104
13 38 69.181
13 39 69.678
13 40 82.419
13 41 0.472
13 42 47.2
13 43 34.911
13 44 30.889
13 45 95.713
13 46 4.597
13 47 1.82
13 48 83.542
13 49 16.24
13 50 48.436
13 51 49.929
13 52 76.097
13 53 26.321
13 54 2.813
13 55 86.223
13 56 17.496
13 57 17.602
13 58 10.567
13 59 49.055
13 60 65.827
13 61 95.68
13 62 74.281
13 63 87.572
13 64 95.157
13 65 2.239
13 66 18.092
13 67 85.607
13 68 93.637
13 69 53.401
13 70 98.203
13 71 53.886
13 72 17.274
13 73 23.317
13 74 84.707
13 75 22.312
13 76 16.249
13 77 91.541
13 78 34.924
13 79 19.187
13 80 45.63
13 81 67.518
13 82 90.607
13 83 66.052
13 84 91.974
13 85 39.213
13 86 77.0
13 87 64.122
13 88 5.632
13 89 68.795
13 90 38.495
13 91 68.739
13 92 42.649
13 93 60.07
13 94 84.519
13 95 15.901
13 96 23.234
13 97 92.036
13 98 66.155
13 99 21.173
14 15 45.459
14 16 70.123
14 17 1.88
14 18 62.647
14 19 76.833
14 20 85.631
14 21 2.008
14 22 81.064
14 23 13.301
14 24 62.533
14 25 95.894
14 26 66.784
14 27 73.976
14 28 8.28
14 29 28.072
14 30 24.329
14 31 5.815
14 32 30.635
14 33 45.723
14 34 75.414
14 35 83.589
14 36 10.064
14 37 98.082
14 38 11.867
14 39 5.641
14 40 54.603
14 41 25.225
14 42 40.593
14 43 52.023
14 44 82.5
14 45 37.968
14 46 17.995
14 47 47.186
14 48 39.696
14 49 58.351
14 50 6.428
14 51 81.548
14 52 52.352
14 53 23.347
14 54 7.309
14 55 81.185
14 56 56.539
14 57 62.143
14 58 26.444
14 59 6.922
14 60 78.891
14 61 31.008
14 62 22.778
14 63 38.868
14 64 9.399
14 65 10.801
14 66 93.102
14 67 91.31
14 68 26.878
14 69 22.535
14 70 80.627
14 71 1.335
14 72 21.786
14 73 67.447
14 74 11.323
14 75 0.987
14 76 20.632
14 77 7.841
14 78 14.893
14 79 15.603
14 80 45.859
14 81 68.37
14 82 60.86
14 83 13.984
14 84 38.852
14 85 70.635
14 86 84.921
14 87 71.658
14 88 14.637
14 89 62.65
14 90 47.563
14 91 43.93
14 92 77.779
14 93 98.244
14 94 92.735
14 95 13.258
14 96 67.799
14 97 93.477
14 98 24.031
14 99 6.381
15 16 33.342
15 17 40.845
15 18 87.071
15 19 92.923
15 20 32.808
15 21 89.798
15 22 82.942
15 23 39.137
15 24 24.282
15 25 5.748
15 26 9.941
15 27 39.673
15 28 97.88
15 29 10.721
15 30 82.814
15 31 89.65
15 32 49.801
15 33 86.699
15 34 89.247
15 35 40.974
15 36 59.307
15 37 11.39
15 38 76.622
15 39 94.211
15 40 10.385
15 41 4.499
15 42 96.093
15 43 58.929
15 44 49.265
15 45 11.054
15 46 82.696
15 47 83.874
15 48 62.422
15 49 54.512
15 50 33.569
15 51 31.829
15 52 52.557
15 53 56.694
15 54 29.512
15 55 92.575
15 56 79.014
15 57 63.679
15 58 37.273
15 59 83.613
15 60 16.02
15 61 43.939
15 62 28.024
15 63 83.441
15 64 37.615
15 65 26.091
15 66 44.946
15 67 62.535
15 68 15.465
15 69 40.123
15 70 25.253
15 71 98.456
15 72 92.546
15 73 17.747
15 74 12.742
15 75 33.142
15 76 66.746
15 77 83.285
15 78 25.443
15 79 42.768
15 80 57.881
15 81 73.319
15 82 52.751
15 83 44.607
15 84 97.444
15 85 85.876
15 86 64.997
15 87 33.407
15 88 3.595
15 89 92.877
15 90 96.576
15 91 19.409
15 92 98.459
15 93 76.968
15 94 3.073
15 95 91.334
15 96 35.429
15 97 75.307
15 98 8.622
15 99 72.192
16 17 67.411
16 18 6.761
16 19 14.257
16 20 17.87
16 21 52.488
16 22 65.488
16 23 25.805
16 24 12.373
16 25 10.408
16 26 55.435
16 27 48.637
16 28 29.419
16 29 70.569
16 30 57.412
16 31 33.817
16 32 3.911
16 33 23.757
16 34 75.575
16 35 37.844
16 36 55.513
16 37 92.798
16 38 64.398
16 39 39.26
16 40 1.847
16 41 81.478
16 42 73.546
16 43 23.097
16 44 78.398
16 45 11.097
16 46 74.561
16 47 29.778
16 48 3.442
16 49 87.85
16 50 65.97
16 51 49.76
16 52 62.545
16 53 35.972
16 54 3.244
16 55 11.744
16 56 45.353
16 57 36.396
16 58 84.88
16 59 71.191
16 60 24.66
16 61 5.681
16 62 7.433
16 63 39.423
16 64 35.932
16 65 23.598
16 66 69.23
16 67 22.72
16 68 52.739
16 69 28.175
16 70 3.775
16 71 21.604
16 72 28.279
16 73 72.952
16 74 32.658
16 75 51.705
16 76 10.458
16 77 40.852
16 78 86.849
16 79 19.55
16 80 62.458
16 81 60.222
16 82 86.378
16 83 51.078
16 84 81.081
16 85 99.124
16 86 94.765
16 87 79.639
16 88 94.62
16 89 33.652
16 90 78.946
16 91 85.756
16 92 61.121
16 93 92.051
16 94 96.217
16 95 87.937
16 96 97.364
16 97 61.156
16 98 46.123
16 99 93.592
17 18 75.307
17 19 48.989
17 20 86.325
17 21 24.754
17 22 85.206
17 23 87.6
17 24 85.236
17 25 17.298
17 26 27.166
17 27 20.374
17 28 64.886
17 29 63.885
17 30 21.07
17 31 39.227
17 32 5.015
17 33 60.178
17 34 23.982
17 35 69.323
17 36 82.629
17 37 9.294
17 38 49.031
17 39 25.919
17 40 91.003
17 41 33.457
17 42 91.623
17 43 21.823
17 44 28.853
17 45 8.617
17 46 30.281
17 47 39.352
17 48 62.702
17 49 64.419
17 50 64.676
17 51 54.727
17 52 83.354
17 53 21.044
17 54 15.848
17 55 74.175
17 56 55.506
17 57 13.187
17 58 91.073
17 59 77.937
17 60 41.404
17 61 88.251
17 62 26.544
17 63 54.682
17 64 94.629
17 65 70.049
17 66 12.688
17 67 10.437
17 68 39.958
17 69 56.42
17 70 66.284
17 71 43.0
17 72 19.23
17 73 13.933
17 74 67.248
17 75 74.557
17 76 76.501
17 77 17.605
17 78 18.93
17 79 33.297
17 80 10.779
17 81 41.84
17 82 32.392
17 83 55.723
17 84 79.68
17 85 16.677
17 86 55.14
17 87 25.027
17 88 48.224
17 89 87.959
17 90 50.206
17 91 29.637
17 92 66.284
17 93 24.629
17 94 64.314
17 95 98.884
17 96 60.4
17 97 94.664
17 98 99.358
17 99 17.71
18 19 11.372
18 20 50.251
18 21 72.285
18 22 90.929
18 23 67.682
18 24 15.979
18 25 23.832
18 26 3.653
18 27 94.39
18 28 75.057
18 29 95.185
18 30 98.879
18 31 74.42
18 32 60.426
18 33 27.981
18 34 12.308
18 35 2.195
18 36 78.942
18 37 18.895
18 38 12.741
18 39 50.589
18 40 29.334
18 41 61.76
18 42 87.869
18 43 40.169
18 44 41.502
18 45 77.447
18 46 7.357
18 47 57.157
18 48 6.915
18 49 86.832
18 50 99.257
18 51 3.588
18 52 73.061
18 53 6.241
18 54 32.286
18 55 86.375
18 56 28.176
18 57 95.032
18 58 57.276
18 59 97.425
18 60 58.082
18 61 67.201
18 62 66.025
18 63 35.635
18 64 47.774
18 65 48.192
18 66 8.682
18 67 39.339
18 68 51.367
18 69 8.915
18 70 66.529
18 71 48.352
18 72 52.03
18 73 16.516
18 74 24.93
18 75 22.72
18 76 13.418
18 77 29.685
18 78 57.25
18 79 37.594
18 80 86.225
18 81 20.855
18 82 88.702
18 83 86.321
18 84 77.311
18 85 45.241
18 86 8.695
18 87 38.239
18 88 33.26
18 89 22.468
18 90 71.618
18 91 9.82
18 92 70.626
18 93 3.187
18 94 43.848
18 95 28.604
18 96 32.377
18 97 43.121
18 98 69.276
18 99 37.227
19 20 48.851
19 21 43.951
19 22 62.719
19 23 88.166
19 24 18.567
19 25 6.211
19 26 89.173
19 27 69.741
19 28 90.813
19 29 33.715
19 30 68.129
19 31 20.73
19 32 13.21
19 33 35.176
19 34 28.959
19 35 63.152
19 36 38.508
19 37 44.537
19 38 22.212
19 39 94.707
19 40 9.344
19 41 18.652
19 42 63.099
19 43 91.012
19 44 6.784
19 45 12.044
19 46 56.104
19 47 69.546
19 48 13.856
19 49 75.636
19 50 73.949
19 51 99.164
19 52 80.153
19 53 12.771
19 54 69.475
19 55 97.456
19 56 17.512
19 57 61.683
19 58 19.334
19 59 20.334
19 60 54.099
19 61 7.194
19 62 71.339
19 63 78.307
19 64 76.294
19 65 37.379
19 66 53.857
19 67 94.333
19 68 72.458
19 69 59.432
19 70 28.286
19 71 51.869
19 72 32.934
19 73 6.351
19 74 64.979
19 75 49.153
19 76 80.279
19 77 70.395
19 78 40.25
19 79 83.531
19 80 68.011
19 81 57.41
19 82 72.142
19 83 70.57
19 84 13.733
19 85 75.683
19 86 96.645
19 87 56.122
19 88 92.616
19 89 5.575
19 90 12.906
19 91 51.948
19 92 76.486
19 93 78.899
19 94 29.703
19 95 45.607
19 96 30.559
19 97 60.434
19 98 42.266
19 99 81.519
20 21 78.139
20 22 93.732
20 23 44.414
20 24 99.689
20 25 9.328
20 26 25.444
20 27 65.446
20 28 27.538
20 29 17.477
20 30 88.154
20 31 10.242
20 32 54.406
20 33 1.753
20 34 72.638
20 35 50.874
20 36 87.163
20 37 88.43
20 38 44.514
20 39 12.393
20 40 22.759
20 41 6.831
20 42 22.624
20 43 60.157
20 44 71.482
20 45 22.335
20 46 30.295
20 47 6.071
20 48 64.418
20 49 28.96
20 50 59.689
20 51 41.51
20 52 49.502
20 53 77.38
20 54 53.082
20 55 36.585
20 56 68.25
20 57 77.19
20 58 67.31
20 59 23.882
20 60 53.741
20 61 66.223
20 62 26.388
20 63 88.593
20 64 27.427
20 65 52.715
20 66 41.271
20 67 67.308
20 68 91.423
20 69 20.883
20 70 78.931
20 71 95.326
20 72 12.523
20 73 63.886
20 74 65.853
20 75 88.956
20 76 90.503
20 77 2.62
20 78 66.893
20 79 67.662
20 80 61.997
20 81 51.124
20 82 74.145
20 83 69.872
20 84 76.233
20 85 70.674
20 86 70.841
20 87 48.888
20 88 99.956
20 89 62.677
20 90 59.209
20 91 55.545
20 92 15.829
20 93 7.938
20 94 52.73
20 95 44.993
20 96 0.646
20 97 13.983
20 98 56.254
20 99 70.578
21 22 95.825
21 23 69.602
21 24 88.367
21 25 10.703
21 26 45.318
21 27 30.415
21 28 28.263
21 29 50.933
21 30 88.897
21 31 59.215
21 32 53.261
21 33 19.164
21 34 66.185
21 35 63.746
21 36 2.927
21 37 14.18
21 38 76.948
21 39 48.388
21 40 40.487
21 41 95.122
21 42 77.279
21 43 85.214
21 44 62.917
21 45 39.326
21 46 81.597
21 47 49.465
21 48 5.916
21 49 70.588
21 50 79.092
21 51 55.908
21 52 27.213
21 53 52.091
21 54 62.138
21 55 92.112
21 56 16.63
21 57 36.577
21 58 34.871
21 59 54.169
21 60 62.734
21 61 13.984
21 62 57.446
21 63 37.107
21 64 45.089
21 65 87.978
21 66 71.161
21 67 77.765
21 68 51.172
21 69 33.859
21 70 64.722
21 71 44.948
21 72 52.25
21 73 90.994
21 74 36.544
21 75 72.476
21 76 78.089
21 77 90.713
21 78 90.104
21 79 67.61
21 80 25.644
21 81 9.101
21 82 60.466
21 83 16.156
21 84 83.45
21 85 64.309
21 86 43.284
21 87 20.836
21 88 89.548
21 89 5.447
21 90 64.694
21 91 30.366
21 92 78.705
21 93 14.911
21 94 91.274
21 95 97.958
21 96 24.645
21 97 3.697
21 98 38.114
21 99 80.01
22 23 84.675
22 24 24.949
22 25 46.508
22 26 56.303
22 27 69.302
22 28 91.839
22 29 96.948
22 30 48.876
22 31 53.001
22 32 24.005
22 33 84.986
22 34 44.066
22 35 86.715
22 36 89.219
22 37 11.483
22 38 62.604
22 39 32.322
22 40 26.039
22 41 36.619
22 42 32.453
22 43 78.238
22 44 32.911
22 45 34.625
22 46 29.237
22 47 10.17
22 48 60.275
22 49 15.013
22 50 43.478
22 51 34.6
22 52 25.776
22 53 40.008
22 54 53.221
22 55 1.063
22 56 44.793
22 57 56.691
22 58 62.117
22 59 98.789
22 60 64.077
22 61 58.511
22 62 48.818
22 63 97.803
22 64 43.43
22 65 37.138
22 66 34.205
22 67 47.305
22 68 34.078
22 69 99.986
22 70 98.182
22 71 95.317
22 72 72.069
22 73 85.944
22 74 54.429
22 75 92.811
22 76 73.584
22 77 73.248
22 78 43.892
22 79 25.978
22 80 60.97
22 81 59.085
22 82 3.248
22 83 39.526
22 84 68.098
22 85 45.9
22 86 1.557
22 87 11.709
22 88 46.359
22 89 52.98
22 90 74.089
22 91 24.381
22 92 33.041
22 93 10.648
22 94 67.544
22 95 25.055
22 96 7.638
22 97 44.237
22 98 98.798
22 99 77.247
23 24 32.274
23 25 50.992
23 26 77.195
23 27 84.745
23 28 74.562
23 29 38.094
23 30 63.629
23 31 19.116
23 32 89.04
23 33 98.804
23 34 72.125
23 35 47.165
23 36 80.149
23 37 40.623
23 38 74.27
23 39 95.044
23 40 50.768
23 41 3.015
23 42 96.746
23 43 51.513
23 44 53.198
23 45 46.082
23 46 91.03
23 47 87.345
23 48 8.29
23 49 25.28
23 50 3.356
23 51 38.335
23 52 16.052
23 53 1.032
23 54 42.397
23 55 7.249
23 56 13.326
23 57 68.331
23 58 19.131
23 59 41.273
23 60 16.988
23 61 60.387
23 62 0.875
23 63 72.694
23 64 26.171
23 65 83.473
23 66 64.483
23 67 68.16
23 68 53.67
23 69 68.435
23 70 84.448
23 71 40.963
23 72 15.23
23 73 24.048
23 74 77.693
23 75 77.549
23 76 83.476
23 77 62.734
23 78 38.008
23 79 25.841
23 80 54.184
23 81 83.269
23 82 41.35
23 83 62.525
23 84 77.71
23 85 68.072
23 86 47.937
23 87 93.513
23 88 1.734
23 89 71.265
23 90 83.898
23 91 79.821
23 92 50.726
23 93 20.327
23 94 14.474
23 95 3.09
23 96 55.861
23 97 35.259
23 98 58.133
23 99 18.054
24 25 30.797
24 26 14.814
24 27 54.961
24 28 49.806
24 29 36.976
24 30 95.034
24 31 66.928
24 32 98.448
24 33 36.41
24 34 41.4
24 35 0.921
24 36 55.399
24 37 0.883
24 38 62.278
24 39 85.719
24 40 67.763
24 41 16.451
24 42 76.899
24 43 50.275
24 44 43.423
24 45 36.84
24 46 92.036
24 47 10.474
24 48 58.044
24 49 22.116
24 50 68.252
24 51 62.423
24 52 83.542
24 53 89.698
24 54 18.68
24 55 82.177
24 56 66.816
24 57 84.928
24 58 41.696
24 59 20.405
24 60 46.663
24 61 33.394
24 62 69.621
24 63 37.891
24 64 64.886
24 65 96.436
24 66 21.144
24 67 34.487
24 68 56.777
24 69 48.647
24 70 86.692
24 71 27.898
24 72 40.035
24 73 29.159
24 74 99.455
24 75 61.032
24 76 95.862
24 77 84.101
24 78 50.995
24 79 12.207
24 80 63.901
24 81 59.755
24 82 46.952
24 83 24.329
24 84 17.76
24 85 29.612
24 86 10.162
24 87 47.383
24 88 91.917
24 89 52.495
24 90 79.945
24 91 96.088
24 92 60.302
24 93 18.857
24 94 16.395
24 95 13.985
24 96 43.42
24 97 11.735
24 98 64.305
24 99 71.997
25 26 79.856
25 27 18.915
25 28 20.741
25 29 70.384
25 30 23.314
25 31 48.03
25 32 82.405
25 33 52.04
25 34 32.225
25 35 28.593
25 36 54.039
25 37 38.556
25 38 10.324
25 39 85.034
25 40 23.177
25 41 55.361
25 42 39.611
25 43 3.477
25 44 95.641
25 45 50.164
25 46 22.467
25 47 55.386
25 48 32.966
25 49 15.822
25 50 76.953
25 51 71.621
25 52 23.043
25 53 11.477
25 54 35.019
25 55 85.735
25 56 19.559
25 57 78.45
25 58 39.054
25 59 77.94
25 60 70.274
25 61 9.551
25 62 59.566
25 63 65.282
25 64 52.677
25 65 96.954
25 66 16.999
25 67 1.703
25 68 0.936
25 69 8.043
25 70 87.31
25 71 71.317
25 72 70.278
25 73 54.74
25 74 23.687
25 75 77.455
25 76 78.815
25 77 90.12
25 78 87.006
25 79 97.521
25 80 48.483
25 81 78.669
25 82 94.004
25 83 95.754
25 84 31.959
25 85 0.944
25 86 79.1
25 87 9.551
25 88 57.178
25 89 52.99
25 90 75.41
25 91 89.34
25 92 0.215
25 93 93.508
25 94 44.462
25 95 11.807
25 96 11.318
25 97 98.646
25 98 46.415
25 99 16.663
26 27 43.821
26 28 65.602
26 29 15.961
26 30 47.15
26 31 31.389
26 32 8.638
26 33 96.309
26 34 37.019
26 35 47.608
26 36 54.366
26 37 7.4
26 38 51.538
26 39 96.329
26 40 58.235
26 41 8.419
26 42 52.015
26 43 34.866
26 44 81.118
26 45 15.646
26 46 13.618
26 47 0.737
26 48 73.629
26 49 94.093
26 50 50.731
26 51 73.011
26 52 7.628
26 53 83.459
26 54 98.875
26 55 17.046
26 56 58.061
26 57 73.955
26 58 83.842
26 59 46.419
26 60 24.245
26 61 99.293
26 62 84.065
26 63 63.089
26 64 76.199
26 65 99.747
26 66 18.255
26 67 72.519
26 68 71.484
26 69 63.623
26 70 79.677
26 71 83.524
26 72 76.451
26 73 95.908
26 74 12.719
26 75 54.569
26 76 30.471
26 77 42.498
26 78 81.347
26 79 7.331
26 80 46.159
26 81 44.057
26 82 67.429
26 83 55.557
26 84 8.33
26 85 78.729
26 86 18.973
26 87 51.345
26 88 37.113
26 89 40.822
26 90 13.349
26 91 77.498
26 92 36.606
26 93 92.524
26 94 89.524
26 95 33.943
26 96 42.842
26 97 50.145
26 98 4.944
26 99 21.962
27 28 90.61
27 29 91.777
27 30 42.489
27 31 43.681
27 32 22.165
27 33 37.324
27 34 35.139
27 35 35.102
27 36 52.447
27 37 79.274
27 38 48.041
27 39 85.278
27 40 34.281
27 41 35.26
27 42 93.875
27 43 55.495
27 44 17.331
27 45 23.314
27 46 10.497
27 47 19.617
27 48 64.511
27 49 68.041
27 50 16.541
27 51 7.487
27 52 78.424
27 53 92.798
27 54 90.559
27 55 66.31
27 56 63.736
27 57 81.006
27 58 53.767
27 59 28.054
27 60 75.506
27 61 39.002
27 62 0.478
27 63 0.82
27 64 99.47
27 65 10.459
27 66 90.87
27 67 53.512
27 68 93.23
27 69 7.836
27 70 12.143
27 71 32.638
27 72 79.518
27 73 38.321
27 74 56.347
27 75 48.221
27 76 2.923
27 77 21.212
27 78 69.096
27 79 4.138
27 80 42.435
27 81 73.962
27 82 7.051
27 83 92.914
27 84 52.893
27 85 33.129
27 86 22.617
27 87 57.748
27 88 57.067
27 89 64.764
27 90 49.51
27 91 27.663
27 92 91.728
27 93 61.313
27 94 51.681
27 95 10.318
27 96 66.979
27 97 10.511
27 98 98.897
27 99 30.272
28 29 10.428
28 30 84.426
28 31 25.272
28 32 29.64
28 33 61.156
28 34 51.963
28 35 55.324
28 36 67.178
28 37 52.821
28 38 37.262
28 39 28.372
28 40 76.139
28 41 42.249
28 42 40.21
28 43 76.52
28 44 21.935
28 45 30.047
28 46 40.066
28 47 47.686
28 48 85.508
28 49 66.307
28 50 16.391
28 51 9.22
28 52 79.621
28 53 98.126
28 54 36.422
28 55 36.291
28 56 10.853
28 57 35.432
28 58 25.274
28 59 99.999
28 60 88.95
28 61 85.014
28 62 51.502
28 63 67.376
28 64 28.613
28 65 92.129
28 66 11.402
28 67 80.551
28 68 45.901
28 69 7.883
28 70 63.871
28 71 28.073
28 72 1.304
28 73 66.975
28 74 86.831
28 75 55.599
28 76 54.568
28 77 96.945
28 78 24.302
28 79 10.108
28 80 2.817
28 81 19.328
28 82 8.041
28 83 97.566
28 84 33.927
28 85 84.418
28 86 86.097
28 87 69.231
28 88 71.838
28 89 75.02
28 90 58.357
28 91 2.318
28 92 69.025
28 93 30.147
28 94 5.197
28 95 43.949
28 96 87.676
28 97 35.241
28 98 87.069
28 99 48.354
29 30 70.891
29 31 23.204
29 32 26.032
29 33 6.389
29 34 31.78
29 35 76.094
29 36 56.921
29 37 43.598
29 38 48.995
29 39 2.903
29 40 86.468
29 41 69.985
29 42 95.622
29 43 15.22
29 44 30.87
29 45 74.401
29 46 51.921
29 47 5.006
29 48 74.757
29 49 87.285
29 50 61.721
29 51 22.471
29 52 93.766
29 53 12.595
29 54 6.246
29 55 25.168
29 56 9.577
29 57 31.799
29 58 73.715
29 59 34.565
29 60 92.486
29 61 74.726
29 62 84.328
29 63 48.127
29 64 82.792
29 65 84.763
29 66 5.692
29 67 60.386
29 68 68.798
29 69 58.812
29 70 27.579
29 71 0.937
29 72 68.656
29 73 9.443
29 74 69.219
29 75 73.45
29 76 34.961
29 77 46.6
29 78 32.756
29 79 4.592
29 80 26.209
29 81 31.386
29 82 84.001
29 83 83.25
29 84 16.026
29 85 0.324
29 86 48.793
29 87 83.662
29 88 1.862
29 89 46.913
29 90 28.754
29 91 75.25
29 92 38.658
29 93 84.415
29 94 98.627
29 95 26.56
29 96 59.361
29 97 62.496
29 98 17.588
29 99 9.094
30 31 26.768
30 32 72.691
30 33 38.073
30 34 16.719
30 35 13.449
30 36 53.44
30 37 7.372
30 38 83.799
30 39 45.699
30 40 2.9
30 41 32.668
30 42 91.031
30 43 3.795
30 44 29.355
30 45 28.298
30 46 58.839
30 47 31.069
30 48 56.95
30 49 33.677
30 50 59.594
30 51 90.362
30 52 91.914
30 53 87.63
30 54 64.641
30 55 42.564
30 56 58.208
30 57 63.727
30 58 13.757
30 59 66.191
30 60 76.853
30 61 98.154
30 62 43.207
30 63 36.816
30 64 72.26
30 65 39.131
30 66 7.697
30 67 8.476
30 68 27.226
30 69 50.715
30 70 87.102
30 71 5.02
30 72 45.869
30 73 64.989
30 74 86.498
30 75 70.22
30 76 49.73
30 77 18.521
30 78 97.285
30 79 58.747
30 80 94.135
30 81 12.858
30 82 78.862
30 83 24.187
30 84 66.54
30 85 43.188
30 86 90.799
30 87 75.701
30 88 89.618
30 89 9.328
30 90 64.448
30 91 53.877
30 92 17.191
30 93 68.69
30 94 95.026
30 95 75.462
30 96 84.638
30 97 69.849
30 98 97.066
30 99 71.672
31 32 71.003
31 33 15.3
31 34 38.796
31 35 24.554
31 36 7.756
31 37 46.916
31 38 54.404
31 39 83.242
31 40 82.418
31 41 4.378
31 42 32.647
31 43 87.39
31 44 17.951
31 45 25.386
31 46 90.493
31 47 96.902
31 48 60.866
31 49 11.812
31 50 5.269
31 51 28.796
31 52 86.658
31 53 77.596
31 54 11.516
31 55 82.987
31 56 15.251
31 57 35.356
31 58 65.008
31 59 88.297
31 60 36.74
31 61 10.165
31 62 45.526
31 63 57.35
31 64 91.808
31 65 65.503
31 66 55.949
31 67 46.438
31 68 11.29
31 69 74.085
31 70 17.266
31 71 92.246
31 72 36.346
31 73 71.223
31 74 69.653
31 75 87.685
31 76 69.762
31 77 3.711
31 78 31.627
31 79 98.457
31 80 20.666
31 81 82.282
31 82 79.779
31 83 58.137
31 84 42.824
31 85 16.704
31 86 96.18
31 87 25.008
31 88 54.359
31 89 0.972
31 90 25.779
31 91 95.211
31 92 45.503
31 93 87.224
31 94 39.003
31 95 87.572
31 96 10.65
31 97 5.951
31 98 76.089
31 99 22.953
32 33 6.876
32 34 80.861
32 35 72.552
32 36 51.533
32 37 57.755
32 38 7.312
32 39 76.456
32 40 37.851
32 41 10.266
32 42 58.388
32 43 48.3
32 44 74.519
32 45 90.427
32 46 92.678
32 47 31.944
32 48 33.126
32 49 81.212
32 50 92.737
32 51 49.298
32 52 13.949
32 53 53.946
32 54 57.794
32 55 27.77
32 56 42.232
32 57 28.368
32 58 92.46
32 59 21.083
32 60 16.97
32 61 68.289
32 62 36.97
32 63 66.647
32 64 84.337
32 65 83.616
32 66 31.807
32 67 94.632
32 68 88.928
32 69 56.486
32 70 26.557
32 71 53.751
32 72 42.568
32 73 55.411
32 74 56.211
32 75 30.938
32 76 47.803
32 77 32.895
32 78 8.767
32 79 78.955
32 80 68.594
32 81 69.24
32 82 19.001
32 83 82.38
32 84 12.03
32 85 89.971
32 86 80.838
32 87 1.146
32 88 51.222
32 89 95.946
32 90 37.268
32 91 68.684
32 92 67.657
32 93 1.864
32 94 49.315
32 95 62.629
32 96 95.504
32 97 95.534
32 98 44.519
32 99 25.915
33 34 30.424
33 35 33.196
33 36 11.445
33 37 9.565
33 38 12.77
33 39 0.074
33 40 79.017
33 41 53.961
33 42 44.262
33 43 72.834
33 44 53.255
33 45 98.712
33 46 17.386
33 47 22.967
33 48 45.374
33 49 93.26
33 50 82.048
33 51 88.703
33 52 31.002
33 53 4.98
33 54 9.509
33 55 9.052
33 56 22.618
33 57 56.203
33 58 18.781
33 59 57.201
33 60 4.203
33 61 49.049
33 62 61.12
33 63 86.394
33 64 39.713
33 65 87.235
33 66 26.568
33 67 31.924
33 68 87.922
33 69 4.365
33 70 81.282
33 71 1.075
33 72 61.06
33 73 17.509
33 74 18.44
33 75 4.811
33 76 4.227
33 77 89.953
33 78 43.275
33 79 64.581
33 80 62.865
33 81 40.232
33 82 73.812
33 83 23.723
33 84 68.65
33 85 53.448
33 86 10.043
33 87 3.94
33 88 37.986
33 89 43.926
33 90 50.602
33 91 9.366
33 92 58.612
33 93 25.326
33 94 48.724
33 95 51.967
33 96 25.825
33 97 16.998
33 98 52.912
33 99 80.079
34 35 35.905
34 36 39.132
34 37 17.097
34 38 33.348
34 39 2.013
34 40 78.051
34 41 42.844
34 42 44.361
34 43 76.201
34 44 25.154
34 45 80.885
34 46 6.179
34 47 10.977
34 48 65.774
34 49 48.969
34 50 16.303
34 51 3.167
34 52 18.169
34 53 71.902
34 54 78.963
34 55 4.033
34 56 19.698
34 57 9.385
34 58 14.279
34 59 58.903
34 60 78.5
34 61 98.043
34 62 25.712
34 63 60.618
34 64 6.559
34 65 76.44
34 66 47.899
34 67 18.155
34 68 57.053
34 69 81.393
34 70 13.059
34 71 73.352
34 72 66.259
34 73 45.153
34 74 57.836
34 75 31.453
34 76 9.721
34 77 93.494
34 78 25.738
34 79 36.63
34 80 32.586
34 81 85.47
34 82 87.311
34 83 57.033
34 84 84.561
34 85 69.526
34 86 7.319
34 87 83.265
34 88 26.484
34 89 33.676
34 90 68.031
34 91 71.388
34 92 87.887
34 93 7.52
34 94 88.399
34 95 89.967
34 96 48.75
34 97 36.095
34 98 61.303
34 99 56.963
35 36 66.735
35 37 42.027
35 38 95.321
35 39 55.434
35 40 3.838
35 41 64.426
35 42 89.378
35 43 83.588
35 44 88.533
35 45 17.117
35 46 29.402
35 47 49.31
35 48 37.69
35 49 61.78
35 50 16.635
35 51 44.285
35 52 21.199
35 53 65.519
35 54 12.622
35 55 13.453
35 56 74.06
35 57 99.44
35 58 34.48
35 59 54.098
35 60 54.543
35 61 73.644
35 62 63.033
35 63 76.724
35 64 2.71
35 65 46.998
35 66 43.146
35 67 26.136
35 68 90.69
35 69 22.871
35 70 88.486
35 71 16.824
35 72 45.161
35 73 69.236
35 74 76.243
35 75 14.588
35 76 31.252
35 77 31.371
35 78 91.777
35 79 87.464
35 80 10.9
35 81 46.419
35 82 99.97
35 83 87.893
35 84 7.135
35 85 14.842
35 86 3.636
35 87 80.57
35 88 97.764
35 89 64.073
35 90 97.89
35 91 47.342
35 92 47.423
35 93 11.244
35 94 77.626
35 95 49.993
35 96 0.942
35 97 64.683
35 98 2.154
35 99 53.09
36 37 29.114
36 38 23.366
36 39 72.338
36 40 28.029
36 41 23.254
36 42 49.724
36 43 1.114
36 44 73.362
36 45 59.684
36 46 41.707
36 47 36.812
36 48 60.69
36 49 25.669
36 50 33.787
36 51 18.987
36 52 18.04
36 53 4.991
36 54 30.763
36 55 34.804
36 56 22.994
36 57 64.652
36 58 94.507
36 59 37.325
36 60 68.157
36 61 61.747
36 62 5.198
36 63 38.888
36 64 65.722
36 65 20.021
36 66 11.006
36 67 79.637
36 68 29.084
36 69 64.369
36 70 37.554
36 71 97.286
36 72 32.982
36 73 97.499
36 74 26.335
36 75 87.568
36 76 32.679
36 77 46.999
36 78 18.354
36 79 69.434
36 80 89.323
36 81 60.829
36 82 20.737
36 83 51.587
36 84 96.227
36 85 77.394
36 86 2.451
36 87 24.643
36 88 0.131
36 89 93.814
36 90 83.613
36 91 64.203
36 92 4.107
36 93 65.403
36 94 4.681
36 95 66.349
36 96 13.39
36 97 93.181
36 98 41.729
36 99 90.544
37 38 44.324
37 39 78.909
37 40 51.642
37 41 68.6
37 42 81.063
37 43 56.771
37 44 90.173
37 45 42.175
37 46 18.54
37 47 29.5
37 48 25.629
37 49 47.207
37 50 63.706
37 51 24.474
37 52 15.267
37 53 16.892
37 54 68.735
37 55 82.438
37 56 10.223
37 57 45.775
37 58 48.129
37 59 86.18
37 60 51.916
37 61 94.37
37 62 80.811
37 63 28.089
37 64 49.041
37 65 64.441
37 66 82.956
37 67 35.867
37 68 87.154
37 69 54.209
37 70 19.533
37 71 49.977
37 72 15.178
37 73 88.876
37 74 58.804
37 75 69.018
37 76 67.231
37 77 11.209
37 78 49.472
37 79 23.176
37 80 21.32
37 81 75.386
37 82 84.445
37 83 76.37
37 84 36.501
37 85 19.845
37 86 84.127
37 87 46.548
37 88 29.445
37 89 54.555
37 90 27.085
37 91 22.407
37 92 28.086
37 93 59.289
37 94 90.841
37 95 96.371
37 96 62.903
37 97 48.252
37 98 96.837
37 99 5.911
38 39 27.423
38 40 6.277
38 41 95.144
38 42 73.622
38 43 44.835
38 44 58.601
38 45 3.439
38 46 63.135
38 47 23.757
38 48 98.705
38 49 74.671
38 50 92.942
38 51 94.129
38 52 33.954
38 53 98.063
38 54 14.372
38 55 41.478
38 56 16.969
38 57 39.795
38 58 67.145
38 59 6.981
38 60 22.087
38 61 32.915
38 62 64.674
38 63 20.431
38 64 21.133
38 65 98.907
38 66 25.133
38 67 45.912
38 68 50.711
38 69 44.1
38 70 18.692
38 71 15.715
38 72 9.866
38 73 79.007
38 74 74.422
38 75 12.793
38 76 35.888
38 77 65.82
38 78 39.262
38 79 56.932
38 80 44.642
38 81 42.553
38 82 50.01
38 83 59.021
38 84 6.436
38 85 68.202
38 86 74.086
38 87 15.882
38 88 81.853
38 89 12.335
38 90 14.514
38 91 9.583
38 92 60.363
38 93 42.957
38 94 92.742
38 95 95.647
38 96 34.054
38 97 8.308
38 98 68.168
38 99 93.109
39 40 10.776
39 41 73.317
39 42 47.238
39 43 22.328
39 44 61.219
39 45 27.192
39 46 0.717
39 47 30.599
39 48 51.864
39 49 6.065
39 50 93.588
39 51 79.777
39 52 9.429
39 53 69.337
39 54 69.952
39 55 96.127
39 56 11.533
39 57 95.477
39 58 15.998
39 59 50.853
39 60 34.223
39 61 6.632
39 62 66.108
39 63 72.534
39 64 68.565
39 65 47.943
39 66 79.983
39 67 71.55
39 68 9.361
39 69 23.199
39 70 92.792
39 71 26.521
39 72 33.436
39 73 68.409
39 74 25.025
39 75 27.715
39 76 61.783
39 77 53.08
39 78 82.646
39 79 88.62
39 80 71.766
39 81 74.538
39 82 75.026
39 83 70.502
39 84 49.744
39 85 94.529
39 86 92.71
39 87 62.475
39 88 67.838
39 89 73.818
39 90 98.839
39 91 82.674
39 92 5.561
39 93 91.801
39 94 88.559
39 95 62.219
39 96 15.173
39 97 77.377
39 98 3.249
39 99 93.524
40 41 9.158
40 42 29.37
40 43 99.727
40 44 33.381
40 45 97.428
40 46 36.888
40 47 24.788
40 48 48.027
40 49 7.505
40 50 65.559
40 51 69.476
40 52 8.134
40 53 87.423
40 54 50.299
40 55 62.046
40 56 2.77
40 57 98.09
40 58 43.95
40 59 81.193
40 60 40.115
40 61 10.852
40 62 77.948
40 63 44.384
40 64 67.402
40 65 27.637
40 66 27.68
40 67 71.284
40 68 29.646
40 69 26.666
40 70 50.213
40 71 71.431
40 72 51.94
40 73 41.789
40 74 64.1
40 75 13.544
40 76 1.612
40 77 63.757
40 78 24.223
40 79 77.786
40 80 88.037
40 81 70.745
40 82 89.129
40 83 45.314
40 84 15.957
40 85 5.513
40 86 72.442
40 87 20.282
40 88 19.422
40 89 33.76
40 90 47.344
40 91 64.959
40 92 83.167
40 93 71.807
40 94 72.922
40 95 73.839
40 96 6.75
40 97 49.292
40 98 33.345
40 99 52.878
41 42 35.269
41 43 18.81
41 44 77.828
41 45 9.844
41 46 31.999
41 47 52.937
41 48 63.001
41 49 47.753
41 50 27.918
41 51 57.466
41 52 30.945
41 53 10.414
41 54 9.609
41 55 15.41
41 56 12.882
41 57 1.883
41 58 20.876
41 59 21.303
41 60 62.781
41 61 33.866
41 62 33.777
41 63 87.938
41 64 74.601
41 65 39.108
41 66 23.971
41 67 77.995
41 68 69.613
41 69 45.954
41 70 91.663
41 71 85.636
41 72 36.29
41 73 45.443
41 74 93.614
41 75 69.021
41 76 60.576
41 77 31.604
41 78 74.406
41 79 92.357
41 80 29.273
41 81 0.443
41 82 99.953
41 83 43.999
41 84 96.003
41 85 23.514
41 86 16.848
41 87 2.302
41 88 92.597
41 89 33.746
41 90 65.808
41 91 29.019
41 92 14.794
41 93 70.154
41 94 75.64
41 95 91.712
41 96 72.207
41 97 63.329
41 98 27.572
41 99 18.463
42 43 37.345
42 44 69.313
42 45 61.078
42 46 19.271
42 47 56.459
42 48 20.031
42 49 46.068
42 50 46.306
42 51 60.935
42 52 10.776
42 53 46.097
42 54 0.473
42 55 11.393
42 56 48.318
42 57 73.781
42 58 57.263
42 59 26.515
42 60 42.544
42 61 75.668
42 62 38.882
42 63 38.251
42 64 10.319
42 65 44.766
42 66 19.946
42 67 63.051
42 68 42.505
42 69 34.363
42 70 76.824
42 71 38.162
42 72 65.883
42 73 83.646
42 74 41.272
42 75 76.556
42 76 15.252
42 77 78.628
42 78 67.182
42 79 48.106
42 80 8.402
42 81 24.889
42 82 12.241
42 83 0.552
42 84 72.054
42 85 56.819
42 86 6.742
42 87 0.632
42 88 50.393
42 89 85.07
42 90 55.134
42 91 63.523
42 92 14.713
42 93 21.38
42 94 51.675
42 95 52.712
42 96 1.883
42 97 40.606
42 98 11.437
42 99 28.446
43 44 57.941
43 45 71.685
43 46 31.848
43 47 34.631
43 48 62.686
43 49 66.74
43 50 75.475
43 51 94.079
43 52 94.656
43 53 53.18
43 54 42.798
43 55 88.64
43 56 9.274
43 57 34.935
43 58 28.76
43 59 80.787
43 60 16.535
43 61 18.684
43 62 13.64
43 63 34.253
43 64 83.347
43 65 65.808
43 66 88.54
43 67 95.872
43 68 45.715
43 69 14.863
43 70 8.283
43 71 81.622
43 72 43.182
43 73 6.529
43 74 0.289
43 75 30.284
43 76 78.001
43 77 53.818
43 78 39.014
43 79 48.62
43 80 16.165
43 81 82.246
43 82 95.03
43 83 84.056
43 84 75.027
43 85 52.669
43 86 70.648
43 87 30.782
43 88 38.97
43 89 34.857
43 90 4.509
43 91 72.54
43 92 70.816
43 93 75.287
43 94 26.393
43 95 54.494
43 96 40.382
43 97 46.972
43 98 57.529
43 99 56.999
44 45 85.249
44 46 93.82
44 47 45.659
44 48 16.533
44 49 56.593
44 50 85.227
44 51 26.818
44 52 10.391
44 53 59.025
44 54 1.246
44 55 90.45
44 56 8.412
44 57 5.901
44 58 16.157
44 59 17.215
44 60 87.98
44 61 3.733
44 62 37.417
44 63 4.822
44 64 58.761
44 65 12.997
44 66 62.878
44 67 90.506
44 68 61.533
44 69 72.698
44 70 25.431
44 71 37.615
44 72 55.968
44 73 26.798
44 74 8.354
44 75 41.703
44 76 35.118
44 77 9.44
44 78 84.794
44 79 42.101
44 80 45.343
44 81 30.413
44 82 45.653
44 83 23.626
44 84 39.635
44 85 36.813
44 86 27.134
44 87 67.672
44 88 92.703
44 89 0.162
44 90 76.856
44 91 21.447
44 92 40.344
44 93 98.825
44 94 59.455
44 95 96.008
44 96 63.654
44 97 29.974
44 98 29.147
44 99 41.289
45 46 50.595
45 47 58.808
45 48 40.353
45 49 45.701
45 50 11.956
45 51 85.6
45 52 40.652
45 53 58.362
45 54 20.33
45 55 55.035
45 56 22.68
45 57 23.289
45 58 3.068
45 59 0.781
45 60 92.789
45 61 29.153
45 62 34.832
45 63 36.875
45 64 69.654
45 65 41.777
45 66 54.625
45 67 0.765
45 68 7.138
45 69 31.541
45 70 45.021
45 71 58.944
45 72 81.839
45 73 8.531
45 74 84.972
45 75 84.349
45 76 78.104
45 77 0.281
45 78 52.813
45 79 18.763
45 80 54.877
45 81 75.603
45 82 76.839
45 83 80.719
45 84 5.176
45 85 72.241
45 86 34.975
45 87 54.983
45 88 37.575
45 89 27.768
45 90 7.594
45 91 64.014
45 92 6.866
45 93 15.341
45 94 80.636
45 95 39.927
45 96 35.987
45 97 69.616
45 98 32.594
45 99 68.424
46 47 3.992
46 48 10.428
46 49 87.165
46 50 3.039
46 51 84.958
46 52 18.491
46 53 79.91
46 54 82.119
46 55 66.626
46 56 5.767
46 57 48.45
46 58 82.367
46 59 35.25
46 60 23.45
46 61 6.791
46 62 82.971
46 63 32.573
46 64 33.098
46 65 36.81
46 66 62.045
46 67 35.043
46 68 92.45
46 69 6.338
46 70 28.364
46 71 48.522
46 72 96.487
46 73 98.96
46 74 73.128
46 75 31.224
46 76 90.775
46 77 2.686
46 78 19.507
46 79 0.17
46 80 6.741
46 81 17.69
46 82 52.036
46 83 89.156
46 84 62.023
46 85 1.029
46 86 1.195
46 87 6.013
46 88 42.741
46 89 97.279
46 90 66.12
46 91 12.248
46 92 64.098
46 93 29.1
46 94 53.458
46 95 13.892
46 96 89.771
46 97 76.135
46 98 49.046
46 99 83.374
47 48 0.928
47 49 94.735
47 50 16.959
47 51 42.72
47 52 89.711
47 53 40.286
47 54 68.639
47 55 73.356
47 56 38.027
47 57 52.922
47 58 38.2
47 59 81.203
47 60 30.742
47 61 33.016
47 62 14.755
47 63 36.831
47 64 96.412
47 65 84.951
47 66 88.429
47 67 5.187
47 68 51.915
47 69 99.012
47 70 68.091
47 71 82.627
47 72 16.49
47 73 92.923
47 74 25.27
47 75 26.69
47 76 98.453
47 77 74.089
47 78 6.627
47 79 78.153
47 80 85.032
47 81 30.604
47 82 73.574
47 83 68.301
47 84 87.968
47 85 28.8
47 86 28.343
47 87 69.114
47 88 21.181
47 89 12.589
47 90 44.473
47 91 24.824
47 92 85.468
47 93 34.862
47 94 79.21
47 95 68.887
47 96 62.323
47 97 5.484
47 98 20.896
47 99 47.453
48 49 15.277
48 50 69.934
48 51 1.996
48 52 52.263
48 53 11.388
48 54 43.635
48 55 3.873
48 56 4.671
48 57 29.531
48 58 54.022
48 59 25.565
48 60 42.972
48 61 19.411
48 62 81.857
48 63 49.402
48 64 79.702
48 65 91.519
48 66 46.397
48 67 74.319
48 68 48.196
48 69 79.781
48 70 39.244
48 71 3.306
48 72 5.146
48 73 60.4
48 74 68.773
48 75 78.594
48 76 89.812
48 77 93.691
48 78 41.402
48 79 91.841
48 80 10.324
48 81 96.395
48 82 98.101
48 83 37.817
48 84 46.99
48 85 98.074
48 86 19.517
48 87 82.768
48 88 65.012
48 89 80.338
48 90 73.252
48 91 98.175
48 92 69.733
48 93 81.734
48 94 62.608
48 95 40.547
48 96 74.91
48 97 34.032
48 98 34.128
48 99 15.637
49 50 8.272
49 51 33.61
49 52 69.32
49 53 19.1
49 54 72.374
49 55 8.688
49 56 19.931
49 57 53.547
49 58 81.642
49 59 46.187
49 60 44.508
49 61 63.765
49 62 1.23
49 63 24.861
49 64 25.323
49 65 54.497
49 66 41.381
49 67 9.838
49 68 76.593
49 69 36.837
49 70 6.667
49 71 53.106
49 72 79.484
49 73 7.501
49 74 25.72
49 75 55.23
49 76 78.257
49 77 6.787
49 78 68.838
49 79 43.621
49 80 84.607
49 81 22.65
49 82 3.799
49 83 94.494
49 84 45.55
49 85 53.499
49 86 46.548
49 87 45.16
49 88 42.468
49 89 35.761
49 90 86.92
49 91 83.472
49 92 72.817
49 93 75.279
49 94 62.062
49 95 51.675
49 96 61.531
49 97 62.967
49 98 43.806
49 99 45.069
50 51 67.625
50 52 87.908
50 53 9.405
50 54 85.635
50 55 38.302
50 56 36.714
50 57 41.271
50 58 18.523
50 59 2.3
50 60 4.166
50 61 98.008
50 62 77.6
50 63 82.748
50 64 94.883
50 65 54.083
50 66 37.639
50 67 35.839
50 68 33.657
50 69 23.883
50 70 28.851
50 71 30.447
50 72 91.264
50 73 48.722
50 74 58.833
50 75 57.981
50 76 38.056
50 77 5.224
50 78 28.465
50 79 67.567
50 80 6.692
50 81 93.877
50 82 20.615
50 83 66.696
50 84 44.808
50 85 86.447
50 86 54.369
50 87 48.148
50 88 8.457
50 89 60.413
50 90 27.112
50 91 56.328
50 92 69.222
50 93 48.073
50 94 50.312
50 95 49.507
50 96 31.53
50 97 69.409
50 98 0.763
50 99 94.224
51 52 71.274
51 53 46.624
51 54 69.233
51 55 70.738
51 56 78.41
51 57 43.863
51 58 11.685
51 59 63.321
51 60 11.424
51 61 30.223
51 62 31.522
51 63 29.829
51 64 17.167
51 65 73.285
51 66 23.43
51 67 75.741
51 68 81.74
51 69 94.826
51 70 74.42
51 71 76.45
51 72 76.579
51 73 48.492
51 74 35.18
51 75 63.971
51 76 62.144
51 77 86.819
51 78 95.754
51 79 97.872
51 80 11.868
51 81 80.41
51 82 93.094
51 83 79.809
51 84 77.925
51 85 71.637
51 86 38.913
51 87 92.504
51 88 24.012
51 89 67.863
51 90 26.294
51 91 53.58
51 92 62.675
51 93 41.811
51 94 40.446
51 95 3.17
51 96 89.933
51 97 11.823
51 98 16.08
51 99 35.354
52 53 45.404
52 54 12.991
52 55 57.81
52 56 88.625
52 57 93.063
52 58 63.649
52 59 89.054
52 60 21.653
52 61 91.113
52 62 33.676
52 63 71.632
52 64 10.795
52 65 98.291
52 66 53.547
52 67 15.976
52 68 4.575
52 69 10.008
52 70 8.468
52 71 70.273
52 72 1.93
52 73 16.241
52 74 59.093
52 75 32.715
52 76 19.592
52 77 37.566
52 78 3.969
52 79 25.459
52 80 95.96
52 81 18.316
52 82 19.87
52 83 92.779
52 84 39.311
52 85 90.105
52 86 29.571
52 87 90.69
52 88 5.154
52 89 27.445
52 90 3.069
52 91 58.183
52 92 6.067
52 93 97.67
52 94 9.75
52 95 6.904
52 96 28.561
52 97 1.151
52 98 75.466
52 99 86.289
53 54 43.344
53 55 42.922
53 56 91.985
53 57 73.439
53 58 71.407
53 59 10.356
53 60 2.32
53 61 6.021
53 62 0.309
53 63 17.63
53 64 88.024
53 65 44.277
53 66 25.992
53 67 48.393
53 68 88.162
53 69 72.361
53 70 52.629
53 71 74.701
53 72 55.357
53 73 53.173
53 74 45.731
53 75 89.789
53 76 1.948
53 77 65.731
53 78 48.104
53 79 94.914
53 80 46.151
53 81 13.83
53 82 16.788
53 83 5.888
53 84 51.094
53 85 68.607
53 86 60.473
53 87 7.89
53 88 92.258
53 89 63.89
53 90 84.782
53 91 23.972
53 92 76.442
53 93 79.803
53 94 50.689
53 95 84.315
53 96 42.538
53 97 75.11
53 98 3.745
53 99 55.553
54 55 91.684
54 56 61.159
54 57 34.861
54 58 98.654
54 59 9.461
54 60 35.746
54 61 43.531
54 62 89.774
54 63 31.134
54 64 49.6
54 65 77.851
54 66 54.149
54 67 14.896
54 68 62.095
54 69 13.024
54 70 45.901
54 71 57.958
54 72 79.038
54 73 65.167
54 74 49.238
54 75 42.767
54 76 26.359
54 77 86.982
54 78 32.966
54 79 48.916
54 80 89.819
54 81 36.789
54 82 49.891
54 83 59.02
54 84 61.452
54 85 3.999
54 86 95.095
54 87 50.499
54 88 56.594
54 89 1.382
54 90 44.007
54 91 52.342
54 92 60.785
54 93 73.25
54 94 25.346
54 95 7.223
54 96 24.956
54 97 32.91
54 98 62.333
54 99 3.294
55 56 57.278
55 57 24.488
55 58 6.639
55 59 73.92
55 60 77.906
55 61 56.093
55 62 47.307
55 63 45.881
55 64 46.125
55 65 24.386
55 66 44.359
55 67 99.103
55 68 16.052
55 69 49.378
55 70 69.557
55 71 74.073
55 72 86.944
55 73 60.482
55 74 50.572
55 75 93.153
55 76 46.92
55 77 21.924
55 78 75.835
55 79 18.957
55 80 10.211
55 81 63.194
55 82 56.929
55 83 43.149
55 84 35.295
55 85 30.99
55 86 83.77
55 87 28.607
55 88 27.533
55 89 7.87
55 90 95.54
55 91 75.073
55 92 31.613
55 93 89.091
55 94 19.907
55 95 76.178
55 96 31.253
55 97 46.068
55 98 63.498
55 99 92.402
56 57 42.679
56 58 77.098
56 59 81.652
56 60 57.956
56 61 96.979
56 62 68.243
56 63 69.532
56 64 84.246
56 65 25.326
56 66 54.501
56 67 93.238
56 68 43.326
56 69 77.941
56 70 64.898
56 71 76.231
56 72 7.978
56 73 48.753
56 74 91.019
56 75 51.403
56 76 69.385
56 77 87.119
56 78 43.021
56 79 12.035
56 80 21.918
56 81 82.127
56 82 30.546
56 83 19.621
56 84 45.091
56 85 69.762
56 86 94.659
56 87 8.488
56 88 54.273
56 89 69.692
56 90 10.436
56 91 14.026
56 92 28.389
56 93 77.139
56 94 98.389
56 95 49.858
56 96 69.027
56 97 44.298
56 98 12.17
56 99 29.141
57 58 21.152
57 59 90.699
57 60 92.98
57 61 66.601
57 62 4.753
57 63 15.055
57 64 82.419
57 65 98.681
57 66 50.841
57 67 51.291
57 68 78.073
57 69 29.945
57 70 12.454
57 71 78.922
57 72 77.346
57 73 11.161
57 74 42.226
57 75 1.437
57 76 99.505
57 77 46.29
57 78 26.939
57 79 12.555
57 80 51.823
57 81 56.568
57 82 46.29
57 83 22.872
57 84 9.889
57 85 54.212
57 86 82.94
57 87 32.795
57 88 95.841
57 89 98.548
57 90 29.973
57 91 29.071
57 92 38.504
57 93 71.795
57 94 87.35
57 95 43.082
57 96 92.814
57 97 5.428
57 98 7.04
57 99 87.923
58 59 67.839
58 60 68.317
58 61 29.806
58 62 7.19
58 63 23.54
58 64 15.157
58 65 88.946
58 66 64.297
58 67 28.622
58 68 84.158
58 69 52.301
58 70 34.055
58 71 82.258
58 72 68.434
58 73 96.862
58 74 5.85
58 75 98.401
58 76 60.048
58 77 91.438
58 78 53.032
58 79 49.388
58 80 99.519
58 81 44.993
58 82 93.288
58 83 18.191
58 84 38.496
58 85 11.748
58 86 52.961
58 87 11.003
58 88 86.581
58 89 0.376
58 90 23.048
58 91 36.989
58 92 25.365
58 93 39.016
58 94 60.291
58 95 19.209
58 96 98.172
58 97 27.697
58 98 14.243
58 99 66.319
59 60 47.683
59 61 59.956
59 62 84.818
59 63 10.766
59 64 15.631
59 65 19.058
59 66 36.023
59 67 51.383
59 68 70.048
59 69 37.225
59 70 8.759
59 71 32.903
59 72 87.152
59 73 74.44
59 74 88.975
59 75 86.246
59 76 62.993
59 77 44.681
59 78 91.444
59 79 81.877
59 80 9.376
59 81 38.004
59 82 75.472
59 83 98.418
59 84 15.816
59 85 3.53
59 86 13.258
59 87 15.063
59 88 76.848
59 89 48.225
59 90 24.813
59 91 3.534
59 92 93.687
59 93 88.037
59 94 4.019
59 95 66.045
59 96 11.037
59 97 56.544
59 98 59.902
59 99 85.077
60 61 76.692
60 62 62.625
60 63 68.438
60 64 28.043
60 65 31.403
60 66 42.813
60 67 68.127
60 68 93.258
60 69 97.637
60 70 22.735
60 71 53.717
60 72 64.714
60 73 14.094
60 74 92.772
60 75 58.72
60 76 34.081
60 77 35.994
60 78 10.805
60 79 18.862
60 80 43.985
60 81 26.452
60 82 84.41
60 83 33.511
60 84 59.772
60 85 38.697
60 86 28.87
60 87 45.322
60 88 26.597
60 89 89.875
60 90 40.509
60 91 84.938
60 92 58.799
60 93 15.448
60 94 79.991
60 95 76.325
60 96 11.764
60 97 83.362
60 98 32.178
60 99 34.67
61 62 6.428
61 63 82.44
61 64 64.372
61 65 5.125
61 66 97.683
61 67 39.513
61 68 61.503
61 69 69.228
61 70 86.854
61 71 58.02
61 72 93.288
61 73 72.826
61 74 18.985
61 75 60.704
61 76 59.271
61 77 30.117
61 78 82.564
61 79 45.285
61 80 10.331
61 81 76.328
61 82 1.025
61 83 6.302
61 84 32.179
61 85 61.914
61 86 55.271
61 87 27.262
61 88 68.343
61 89 7.861
61 90 98.444
61 91 3.075
61 92 23.301
61 93 63.513
61 94 67.815
61 95 55.663
61 96 50.99
61 97 61.162
61 98 48.746
61 99 94.864
62 63 30.458
62 64 1.244
62 65 18.839
62 66 75.972
62 67 55.14
62 68 92.813
62 69 79.023
62 70 12.3
62 71 11.927
62 72 29.872
62 73 69.373
62 74 8.295
62 75 82.043
62 76 60.51
62 77 49.8
62 78 93.345
62 79 41.124
62 80 58.98
62 81 51.064
62 82 6.508
62 83 25.808
62 84 13.921
62 85 27.436
62 86 27.779
62 87 24.732
62 88 60.67
62 89 65.21
62 90 48.108
62 91 52.776
62 92 39.13
62 93 34.211
62 94 3.471
62 95 85.401
62 96 88.634
62 97 20.16
62 98 15.936
62 99 83.381
63 64 16.197
63 65 59.359
63 66 81.149
63 67 37.543
63 68 54.316
63 69 70.682
63 70 92.05
63 71 41.204
63 72 51.197
63 73 87.404
63 74 82.881
63 75 14.454
63 76 69.736
63 77 29.975
63 78 98.76
63 79 33.334
63 80 90.426
63 81 14.506
63 82 38.147
63 83 93.431
63 84 11.403
63 85 60.46
63 86 67.426
63 87 11.955
63 88 12.598
63 89 90.505
63 90 51.098
63 91 88.055
63 92 25.439
63 93 20.305
63 94 11.645
63 95 45.311
63 96 2.668
63 97 82.155
63 98 70.148
63 99 28.0
64 65 7.114
64 66 48.525
64 67 22.182
64 68 93.986
64 69 12.377
64 70 36.98
64 71 25.772
64 72 26.202
64 73 90.838
64 74 5.374
64 75 16.036
64 76 95.535
64 77 33.859
64 78 2.012
64 79 14.449
64 80 78.139
64 81 99.785
64 82 46.082
64 83 86.655
64 84 61.034
64 85 84.354
64 86 73.534
64 87 19.298
64 88 27.099
64 89 85.257
64 90 83.028
64 91 25.073
64 92 44.192
64 93 31.017
64 94 22.184
64 95 1.09
64 96 36.215
64 97 55.972
64 98 36.558
64 99 94.321
65 66 93.503
65 67 18.609
65 68 62.479
65 69 30.469
65 70 70.782
65 71 80.591
65 72 80.836
65 73 61.064
65 74 62.886
65 75 64.119
65 76 3.957
65 77 57.477
65 78 75.686
65 79 46.753
65 80 9.822
65 81 61.737
65 82 31.083
65 83 10.848
65 84 75.03
65 85 9.99
65 86 1.864
65 87 83.119
65 88 63.17
65 89 49.274
65 90 86.523
65 91 83.435
65 92 77.081
65 93 60.517
65 94 39.985
65 95 10.763
65 96 60.892
65 97 45.513
65 98 37.645
65 99 28.439
66 67 67.932
66 68 11.147
66 69 52.191
66 70 1.61
66 71 52.764
66 72 12.083
66 73 53.367
66 74 22.892
66 75 89.134
66 76 84.407
66 77 43.415
66 78 85.323
66 79 59.186
66 80 91.228
66 81 18.166
66 82 92.974
66 83 25.656
66 84 84.549
66 85 66.507
66 86 0.609
66 87 73.519
66 88 62.886
66 89 30.697
66 90 5.336
66 91 69.366
66 92 25.983
66 93 9.126
66 94 88.6
66 95 8.769
66 96 97.919
66 97 99.951
66 98 86.812
66 99 58.526
67 68 59.768
67 69 94.521
67 70 24.507
67 71 81.932
67 72 21.321
67 73 97.901
67 74 78.097
67 75 36.658
67 76 35.772
67 77 41.748
67 78 20.826
67 79 13.557
67 80 51.45
67 81 52.038
67 82 67.065
67 83 26.9
67 84 45.595
67 85 40.423
67 86 23.33
67 87 27.34
67 88 97.11
67 89 4.235
67 90 14.525
67 91 97.513
67 92 66.945
67 93 0.612
67 94 29.569
67 95 96.163
67 96 82.151
67 97 62.877
67 98 60.53
67 99 24.76
68 69 74.316
68 70 45.396
68 71 0.375
68 72 35.843
68 73 25.739
68 74 98.289
68 75 42.229
68 76 52.994
68 77 48.183
68 78 13.152
68 79 4.069
68 80 64.376
68 81 71.332
68 82 52.471
68 83 24.763
68 84 74.183
68 85 3.905
68 86 4.279
68 87 81.092
68 88 16.287
68 89 8.393
68 90 50.867
68 91 29.735
68 92 58.648
68 93 48.939
68 94 44.956
68 95 22.872
68 96 5.4
68 97 51.412
68 98 65.097
68 99 58.623
69 70 32.426
69 71 22.354
69 72 33.627
69 73 71.69
69 74 86.557
69 75 53.007
69 76 74.575
69 77 78.26
69 78 62.638
69 79 97.303
69 80 33.874
69 81 59.498
69 82 18.782
69 83 11.999
69 84 55.503
69 85 45.076
69 86 71.503
69 87 31.99
69 88 14.141
69 89 85.318
69 90 50.59
69 91 26.569
69 92 23.099
69 93 62.366
69 94 1.435
69 95 93.521
69 96 51.976
69 97 93.694
69 98 60.115
69 99 20.25
70 71 44.595
70 72 76.091
70 73 38.68
70 74 39.872
70 75 50.74
70 76 72.535
70 77 93.141
70 78 98.38
70 79 66.264
70 80 22.117
70 81 28.256
70 82 21.107
70 83 25.113
70 84 71.31
70 85 70.49
70 86 77.369
70 87 77.119
70 88 69.47
70 89 55.061
70 90 20.588
70 91 44.791
70 92 14.979
70 93 78.931
70 94 13.713
70 95 61.067
70 96 20.882
70 97 32.934
70 98 16.519
70 99 51.017
71 72 98.469
71 73 93.6
71 74 46.906
71 75 87.907
71 76 91.887
71 77 78.532
71 78 76.135
71 79 19.268
71 80 36.354
71 81 97.05
71 82 73.253
71 83 64.248
71 84 76.83
71 85 38.789
71 86 20.287
71 87 18.809
71 88 51.239
71 89 66.721
71 90 79.571
71 91 60.45
71 92 43.322
71 93 82.992
71 94 53.983
71 95 44.724
71 96 93.587
71 97 47.173
71 98 28.578
71 99 12.32
72 73 14.845
72 74 43.973
72 75 39.665
72 76 8.002
72 77 5.64
72 78 45.575
72 79 81.612
72 80 9.002
72 81 36.711
72 82 12.363
72 83 0.308
72 84 75.524
72 85 16.032
72 86 96.567
72 87 33.654
72 88 25.077
72 89 41.249
72 90 36.772
72 91 38.934
72 92 16.962
72 93 25.852
72 94 94.558
72 95 19.416
72 96 82.816
72 97 49.878
72 98 92.916
72 99 84.534
73 74 21.142
73 75 4.019
73 76 76.384
73 77 26.934
73 78 4.759
73 79 76.426
73 80 13.746
73 81 23.845
73 82 70.343
73 83 88.635
73 84 45.15
73 85 41.2
73 86 6.282
73 87 89.597
73 88 30.795
73 89 22.769
73 90 35.081
73 91 5.179
73 92 45.607
73 93 83.433
73 94 27.724
73 95 31.71
73 96 57.396
73 97 32.911
73 98 16.642
73 99 42.338
74 75 66.366
74 76 56.745
74 77 61.766
74 78 89.115
74 79 59.389
74 80 36.889
74 81 28.263
74 82 48.116
74 83 56.015
74 84 3.97
74 85 19.945
74 86 36.265
74 87 50.457
74 88 55.489
74 89 28.538
74 90 89.766
74 91 61.276
74 92 9.544
74 93 66.582
74 94 29.435
74 95 57.451
74 96 65.99
74 97 2.848
74 98 49.507
74 99 93.98
75 76 47.982
75 77 27.981
75 78 86.876
75 79 49.985
75 80 63.939
75 81 79.65
75 82 48.698
75 83 32.724
75 84 88.814
75 85 26.977
75 86 10.42
75 87 71.839
75 88 85.999
75 89 69.666
75 90 37.139
75 91 26.281
75 92 59.605
75 93 3.713
75 94 22.764
75 95 43.858
75 96 22.287
75 97 79.55
75 98 96.682
75 99 57.826
76 77 91.41
76 78 80.585
76 79 60.426
76 80 79.548
76 81 26.887
76 82 12.843
76 83 89.829
76 84 98.427
76 85 79.269
76 86 1.706
76 87 93.186
76 88 75.982
76 89 26.305
76 90 54.721
76 91 28.103
76 92 54.514
76 93 89.809
76 94 87.52
76 95 17.51
76 96 70.256
76 97 99.693
76 98 90.579
76 99 30.239
77 78 18.39
77 79 10.879
77 80 61.809
77 81 31.339
77 82 94.743
77 83 20.356
77 84 27.898
77 85 80.039
77 86 55.847
77 87 80.54
77 88 67.283
77 89 58.39
77 90 96.043
77 91 63.479
77 92 89.867
77 93 56.291
77 94 87.779
77 95 5.718
77 96 26.665
77 97 66.212
77 98 36.359
77 99 29.784
78 79 12.019
78 80 83.138
78 81 92.084
78 82 32.454
78 83 79.913
78 84 12.681
78 85 20.878
78 86 48.74
78 87 16.24
78 88 44.522
78 89 11.216
78 90 29.975
78 91 66.36
78 92 67.552
78 93 27.622
78 94 30.593
78 95 32.83
78 96 13.513
78 97 19.306
78 98 34.759
78 99 27.349
79 80 30.922
79 81 3.272
79 82 68.307
79 83 92.79
79 84 52.988
79 85 88.564
79 86 79.56
79 87 50.005
79 88 94.084
79 89 67.205
79 90 2.079
79 91 78.241
79 92 87.168
79 93 13.162
79 94 23.611
79 95 34.56
79 96 68.882
79 97 4.783
79 98 57.759
79 99 92.251
80 81 38.4
80 82 55.795
80 83 78.744
80 84 77.533
80 85 24.217
80 86 52.929
80 87 92.139
80 88 56.229
80 89 77.739
80 90 69.191
80 91 36.075
80 92 33.582
80 93 92.855
80 94 94.484
80 95 68.09
80 96 7.639
80 97 92.019
80 98 47.025
80 99 65.113
81 82 44.078
81 83 27.135
81 84 28.49
81 85 38.876
81 86 59.489
81 87 8.666
81 88 53.873
81 89 38.126
81 90 7.28
81 91 32.429
81 92 51.424
81 93 73.007
81 94 47.906
81 95 88.266
81 96 81.001
81 97 42.409
81 98 22.078
81 99 38.279
82 83 17.052
82 84 38.738
82 85 16.576
82 86 82.912
82 87 71.413
82 88 49.891
82 89 13.5
82 90 91.316
82 91 57.603
82 92 76.4
82 93 8.364
82 94 51.588
82 95 54.081
82 96 60.796
82 97 19.356
82 98 50.988
82 99 5.117
83 84 50.57
83 85 70.228
83 86 90.427
83 87 25.229
83 88 89.772
83 89 96.53
83 90 38.414
83 91 16.439
83 92 87.307
83 93 34.75
83 94 20.086
83 95 12.806
83 96 95.348
83 97 39.532
83 98 0.898
83 99 76.88
84 85 17.188
84 86 2.9
84 87 6.223
84 88 15.738
84 89 69.148
84 90 72.067
84 91 27.304
84 92 85.367
84 93 49.086
84 94 81.463
84 95 99.587
84 96 38.165
84 97 6.403
84 98 26.431
84 99 57.172
85 86 23.946
85 87 82.553
85 88 37.201
85 89 68.106
85 90 85.908
85 91 18.392
85 92 38.859
85 93 35.555
85 94 21.252
85 95 27.494
85 96 69.499
85 97 50.766
85 98 64.152
85 99 12.21
86 87 19.284
86 88 65.999
86 89 28.069
86 90 50.04
86 91 24.131
86 92 69.367
86 93 18.36
86 94 3.437
86 95 17.023
86 96 38.522
86 97 78.038
86 98 15.771
86 99 88.149
87 88 94.387
87 89 46.078
87 90 17.657
87 91 76.803
87 92 34.374
87 93 68.241
87 94 18.852
87 95 61.298
87 96 24.772
87 97 28.74
87 98 63.072
87 99 90.316
88 89 76.748
88 90 44.593
88 91 71.994
88 92 10.461
88 93 86.805
88 94 28.103
88 95 65.276
88 96 19.772
88 97 93.487
88 98 45.233
88 99 25.393
89 90 65.639
89 91 60.407
89 92 79.288
89 93 4.008
89 94 20.359
89 95 41.347
89 96 34.671
89 97 66.515
89 98 59.542
89 99 42.819
90 91 69.241
90 92 36.794
90 93 30.543
90 94 45.265
90 95 46.026
90 96 30.356
90 97 89.252
90 98 9.079
90 99 53.994
91 92 97.56
91 93 64.63
91 94 23.261
91 95 26.427
91 96 67.335
91 97 30.325
91 98 40.119
91 99 53.48
92 93 88.97
92 94 54.672
92 95 90.983
92 96 83.232
92 97 15.03
92 98 41.858
92 99 17.037
93 94 67.473
93 95 33.498
93 96 7.25
93 97 42.939
93 98 10.323
93 99 90.167
94 95 91.087
94 96 69.306
94 97 61.025
94 98 45.751
94 99 80.522
95 96 76.742
95 97 99.16
95 98 35.086
95 99 78.535
96 97 86.481
96 98 34.355
96 99 11.998
97 98 63.476
97 99 93.534
98 99 74.463