60
0 1 0.25
1 2 0.5
2 0 0.75
2 3 1.5
3 4 0.25
4 5 0.25
5 6 0.5
6 4 0.75
6 7 1.5
7 8 0.25
8 9 0.25
9 10 0.5
10 8 0.75
10 11 1.5
11 12 0.25
12 13 0.25
13 14 0.5
14 12 0.75
14 15 1.5
15 16 0.25
16 17 0.25
17 18 0.5
18 16 0.75
18 19 1.5
19 20 0.25
20 21 0.25
21 22 0.5
22 20 0.75
22 23 1.5
23 24 0.25
24 25 0.25
25 26 0.5
26 24 0.75
26 27 1.5
27 28 0.25
28 29 0.25
29 30 0.5
30 28 0.75
30 31 1.5
31 32 0.25
32 33 0.25
33 34 0.5
34 32 0.75
34 35 1.5
35 36 0.25
36 37 0.25
37 38 0.5
38 36 0.75
38 39 1.5
39 40 0.25
40 41 0.25
41 42 0.5
42 40 0.75
42 43 1.5
43 44 0.25
44 45 0.25
45 46 0.5
46 44 0.75
46 47 1.5
47 48 0.25
48 49 0.25
49 50 0.5
50 48 0.75
50 51 1.5
51 52 0.25
52 53 0.25
53 54 0.5
54 52 0.75
54 55 1.5
55 56 0.25
56 57 0.25
57 58 0.5
58 56 0.75
58 59 1.5
