99
0 70 97.69
70 28 7.463
28 0 89.02
28 51 95.472
51 13 60.191
13 8 16.481
8 74 64.721
74 36 14.204
36 47 69.062
47 7 55.958
7 26 18.447
26 2 38.409
2 64 47.329
64 66 85.36
66 42 48.979
42 87 18.293
87 20 34.48
20 92 28.234
92 34 51.837
34 18 75.481
18 80 8.898
80 98 33.195
98 49 20.396
49 26 56.787
49 66 49.33
49 43 0.423
43 8 92.818
43 57 26.689
57 65 11.345
65 87 91.66
65 31 31.649
31 46 19.645
46 24 99.936
24 42 0.615
24 79 42.636
79 12 41.285
12 84 67.487
84 36 6.994
84 55 77.914
55 43 20.148
55 56 15.541
56 42 23.233
56 36 6.199
56 11 34.241
11 50 67.849
50 21 87.904
21 13 98.425
21 74 37.143
21 3 91.724
3 94 81.693
94 20 49.497
94 41 66.099
41 9 12.247
9 11 55.022
9 36 0.288
9 60 38.57
60 30 59.894
30 14 79.971
14 82 14.577
82 98 86.619
82 27 33.125
27 40 90.144
40 77 46.612
77 61 83.396
61 92 94.293
61 31 90.243
61 62 22.839
62 59 67.035
59 61 27.942
59 27 4.494
59 58 73.778
58 48 78.783
48 80 68.291
48 46 11.506
48 52 59.309
52 64 7.358
52 29 5.606
29 33 40.735
33 85 84.553
85 21 2.913
85 14 33.365
85 27 88.897
85 73 54.92
73 50 14.531
73 86 12.191
86 35 62.97
35 91 61.118
91 71 62.124
71 45 69.952
45 67 70.872
67 53 76.567
53 68 3.261
68 61 83.861
68 67 19.301
68 94 5.161
68 62 63.112
68 32 55.85
32 96 27.069
96 58 73.78
96 43 62.793
96 10 46.225
10 58 62.052
10 13 62.25
10 93 2.775
93 29 52.482
93 91 91.251
93 66 45.093
93 0 74.375
93 94 33.661
93 25 36.736
25 91 56.425
25 55 68.732
25 76 7.312
76 91 89.746
76 32 65.046
76 72 67.804
72 7 66.027
72 11 10.367
72 60 99.48
72 35 76.89
72 3 44.1
72 56 98.81
72 97 6.015
97 39 56.063
39 33 75.026
39 56 42.478
39 41 5.17
39 72 57.197
39 36 49.96
39 58 17.522
39 86 41.887
39 76 22.449
39 90 63.838
90 77 31.07
90 87 52.865
90 36 87.808
90 29 7.264
90 83 75.29
83 14 7.77
83 76 46.17
83 98 57.319
83 13 4.783
83 18 93.279
83 3 72.85
83 80 69.788
83 30 59.3
83 38 1.677
38 90 84.942
38 88 30.019
88 25 81.031
88 16 71.107
16 91 70.875
16 71 59.376
16 81 42.065
81 43 13.387
81 3 99.594
81 25 73.658
81 6 97.189
6 48 49.804
6 61 48.567
6 24 14.872
6 16 72.293
6 8 48.119
6 14 7.751
6 20 19.049
6 95 23.479
95 61 96.397
95 77 28.979
95 56 70.222
95 82 85.983
95 55 39.154
95 44 29.34
44 3 56.52
44 81 87.961
44 90 69.881
44 32 17.554
44 43 25.103
44 89 37.812
89 97 87.086
89 40 62.854
89 31 85.775
89 90 66.623
89 26 35.229
89 41 51.751
89 5 1.62
5 22 92.699
22 66 86.419
22 41 29.697
22 63 82.496
63 48 74.209
63 86 92.209
63 62 93.168
63 7 75.474
63 39 39.325
63 9 91.536
63 97 38.726
63 15 78.149
15 94 38.028
15 37 79.818
37 0 23.636
37 79 78.881
37 40 98.409
37 39 78.312
37 14 26.486
37 7 66.441
37 73 93.006
37 19 17.161
19 55 62.906
19 5 52.702
19 81 11.372
19 2 26.962
19 90 9.368
19 67 55.508
19 75 69.33
75 43 22.617
75 72 20.041
75 96 38.205
75 36 31.648
75 53 68.854
75 1 18.456
1 56 70.965
1 38 18.819
1 95 26.44
1 91 93.523
1 19 36.413
1 3 28.097
1 94 3.134
1 13 63.808
1 90 41.861
1 52 92.102
1 32 61.224
1 96 56.888
1 69 96.102
69 27 63.526
69 67 67.357
69 81 52.28
69 18 56.216
69 65 91.299
69 15 13.547
69 39 45.678
69 60 57.415
69 97 27.392
69 71 65.291
69 77 17.673
69 17 24.081
17 97 45.508
17 27 96.381
17 34 78.235
17 89 92.015
17 10 39.08
17 94 86.984
17 86 9.721
17 13 96.961
17 28 88.101
17 92 1.52
17 14 41.653
17 24 23.329
17 3 9.544
17 43 69.289
17 59 68.226
17 6 12.145
17 47 63.632
17 60 28.21
17 77 99.325
17 51 78.946
17 53 81.849
17 50 35.622
17 15 39.647
17 54 49.281
54 66 79.348
54 41 55.491
54 30 27.41
54 4 87.4
4 17 94.644
4 59 16.571
4 90 55.045
4 27 69.135
4 16 37.578
4 9 2.268
4 5 82.807
4 15 60.607
4 24 50.915
4 72 91.671
4 84 96.582
4 44 27.803
4 65 54.884
4 10 91.231
4 57 50.483
4 74 18.628
4 50 34.684
4 87 25.809
4 26 69.916
4 6 58.362
4 98 71.547
4 69 52.672
4 1 22.879
4 7 37.41
4 70 38.923
4 88 12.836
4 60 16.437
4 31 77.225
4 49 47.852
4 52 52.529
4 36 5.499
4 76 64.125
4 75 78.671
4 47 67.004
4 73 52.411
4 20 86.126
4 23 75.989
23 25 6.339
23 89 75.569
23 38 11.378
23 60 82.894
23 40 76.331
23 75 6.582
23 49 90.689
23 30 82.762
23 98 95.297
23 32 65.331
23 62 85.678
23 51 6.992
23 67 55.37
23 80 67.602
23 95 10.428
23 76 86.845
23 85 3.493
23 33 39.276
23 7 66.29
23 77 44.36
23 90 37.598
23 96 96.446
23 16 12.556
23 79 91.159
23 43 90.664
23 13 16.364
23 42 55.494
23 59 98.465
23 88 12.378
23 70 18.175
23 36 0.98
23 26 70.808
23 81 36.219
23 48 0.288
23 17 21.431
23 39 60.069
23 83 91.275
23 34 43.928
23 20 51.6
23 44 27.095
23 82 52.084
23 93 85.145
23 0 80.544
23 37 34.377
23 24 73.371
23 2 39.517
23 91 71.861
23 27 57.08
23 72 50.851
23 58 45.186
23 52 51.015
23 15 15.73
23 66 36.903
23 28 12.662
23 6 2.786
23 64 18.382
23 92 39.061
23 55 1.766
23 54 8.087
23 50 82.88
23 86 27.813
23 14 21.099
23 29 96.976
23 19 48.531
23 8 16.618
23 11 64.163
23 94 35.091
23 46 14.685
23 45 68.113
23 1 33.531
23 22 54.12
23 69 55.218
23 68 80.93
23 53 29.627
23 74 53.72
23 41 27.887
23 31 88.385
23 10 24.305
23 9 38.47
23 78 45.282