100
0 57 4.513
0 74 9.568
0 75 8.973
0 76 11.575
0 77 12.91
0 78 14.302
0 79 12.403
0 80 15.407
0 81 10.859
0 82 10.678
0 83 14.376
0 84 11.711
0 85 9.522
0 86 14.323
0 87 9.882
0 88 11.154
0 89 8.798
0 90 12.017
0 91 12.701
0 92 12.04
0 93 12.746
0 94 10.063
0 95 11.618
0 96 12.846
0 97 8.103
0 98 12.778
0 99 15.275
1 52 8.473
1 41 9.661
1 62 7.314
1 74 10.404
2 58 6.839
2 24 5.048
2 75 9.743
3 25 4.459
3 4 3.875
3 76 12.93
4 36 5.19
4 61 5.928
4 45 8.029
4 46 7.613
4 77 13.254
5 72 11.975
5 73 9.337
6 71 4.617
6 78 12.5
7 23 8.489
7 72 7.571
7 79 15.073
8 35 8.198
8 48 6.54
8 66 5.464
8 62 8.618
8 80 10.309
9 46 7.481
9 15 7.849
9 81 11.84
10 27 8.296
10 24 3.196
10 42 10.964
10 82 15.053
11 43 5.929
11 83 11.778
12 19 5.638
12 72 5.22
13 32 9.88
13 34 5.573
13 70 6.74
13 84 9.273
14 19 4.602
14 85 12.608
15 71 7.362
15 86 13.627
16 51 7.228
16 37 8.274
16 60 7.203
16 41 6.756
16 87 12.526
17 40 9.24
17 88 11.973
18 31 7.047
18 89 10.15
19 90 9.409
20 40 4.626
20 91 11.485
21 52 6.352
21 92 12.616
22 37 6.28
22 93 12.3
23 56 4.755
23 94 14.259
24 95 15.498
25 40 10.023
25 96 11.598
26 57 8.47
27 97 11.696
28 58 8.386
29 38 8.085
29 62 8.548
29 69 6.324
29 98 14.33
30 55 7.954
30 37 9.247
31 57 7.15
31 40 4.368
31 99 11.888
32 59 11.621
33 44 4.964
34 67 7.895
39 58 6.502
40 43 7.941
40 64 8.045
42 66 9.536
43 50 6.838
44 61 6.292
45 54 6.558
47 58 6.455
49 71 5.775
53 63 7.726
53 67 9.378
54 65 8.313
56 69 8.381
68 71 7.467
69 70 3.738
70 71 3.714