100
69 48 2.60
56 2 0.63
15 33 0.12
70 18 1.47
47 22 0.82
86 24 0.49
0 93 0.76
55 31 3.15
86 1 1.06
97 82 0.76
61 37 0.60
52 19 1.52
31 17 0.85
99 26 1.23
65 10 0.46
85 69 1.83
88 25 2.13
86 7 1.05
15 8 1.08
64 51 0.66
46 29 1.36
45 37 0.88
25 85 0.43
32 0 0.60
70 26 0.43
69 46 2.63
73 32 1.61
92 26 3.29
85 23 0.43
7 81 0.83
85 66 2.73
69 26 0.23
17 63 0.55
63 37 2.04
52 45 1.63
26 15 0.86
68 84 0.61
35 60 0.62
78 30 0.78
68 1 0.45
99 78 0.68
19 85 0.21
10 39 0.57
98 33 2.31
32 38 0.42
98 35 0.99
98 82 2.80
9 85 0.13
57 72 0.97
17 18 1.96
76 40 2.38
61 40 0.24
87 62 0.78
96 37 1.08
38 16 1.26
41 1 2.22
75 35 0.46
67 3 1.75
39 11 0.93
60 25 1.36
63 88 2.18
37 76 3.00
99 94 0.57
25 18 1.08
15 91 1.04
88 16 0.31
42 5 0.73
65 63 1.06
2 8 2.90
27 32 0.26
63 15 0.90
75 40 0.29
89 65 0.71
41 11 0.64
61 23 0.24
91 55 0.80
63 43 1.37
83 95 0.18
12 4 0.36
24 97 0.64
94 22 0.30
23 9 0.36
64 97 0.33
29 77 2.78
33 43 0.56
93 18 0.95
83 71 0.58
95 24 1.01
71 76 0.60
54 47 2.59
63 31 2.50
99 42 0.64
87 94 0.94
94 15 0.85
34 86 2.78
47 27 2.06
70 43 1.52
68 66 0.34
71 53 3.21
23 13 0.79
38 97 0.30
51 34 1.72
50 17 1.67
94 19 3.09
52 49 0.10
99 65 0.43
80 48 2.21
52 97 0.67
39 95 0.82
53 84 0.77
51 33 2.45
10 56 0.20
86 25 0.59
54 70 0.91
74 27 0.41
72 91 1.86
79 26 3.18
17 43 2.04
30 23 1.94
81 67 1.00
87 38 0.29
32 31 0.56
21 90 0.73
55 41 0.89
72 14 1.05
50 22 3.08
24 8 0.31
75 97 2.02
93 58 1.61
33 23 1.94
39 46 0.38
54 91 0.37
62 57 1.19
26 59 1.93
46 10 0.59
4 13 0.41
14 2 3.14
79 65 0.41
19 17 0.73
87 11 2.62
85 72 1.66
64 21 3.16
20 10 2.98
94 37 2.80
29 90 2.11
93 77 2.74
27 16 1.23
65 47 0.35
75 49 0.93
8 18 0.77
57 37 1.58
47 12 2.45
67 33 0.59
86 83 0.72
15 40 0.26
11 91 0.62
84 79 1.29
21 67 1.25
77 39 0.31
91 45 0.57
89 56 0.86
25 21 2.88
76 58 0.19
38 36 1.84
61 11 0.28
83 76 0.95
34 35 3.01
46 4 0.99
95 94 2.20
88 58 0.35
88 72 2.90
55 51 0.64
12 63 0.78
93 48 0.76
19 10 0.77
60 48 2.84
6 27 0.47
49 23 0.93
63 33 0.29
51 22 2.46
97 70 1.00
92 61 0.39
43 21 0.34
19 16 0.14
66 52 1.01
14 1 0.26
39 1 0.61
1 56 0.92
15 99 0.58
31 69 2.47
77 70 0.87
48 75 0.99
24 81 0.63
73 72 0.78
35 27 0.81
92 19 0.52
50 33 0.45
93 46 0.39
68 80 2.36
35 12 1.90
65 41 0.82
65 61 0.21
93 70 0.88
75 29 3.26
44 2 0.94
65 83 2.61
21 58 2.99
86 58 0.14
74 18 3.26
29 17 0.91
87 52 0.44
97 33 1.02
0 11 2.78
32 47 0.58
9 10 0.35
25 20 0.45
92 40 2.10
89 66 2.40
77 25 0.65
46 7 1.00
13 83 0.83
87 83 1.38
33 29 2.57
43 0 3.16
14 45 0.65
49 10 0.69
58 5 0.88
8 79 2.23
83 53 2.55
7 41 2.02
52 74 2.16
17 10 1.52
54 5 0.46
0 15 3.18
49 5 0.67
29 37 1.30
99 59 2.09
58 74 1.19
52 47 0.49
51 15 0.53
62 98 0.79
73 57 0.97
52 58 2.39
98 83 1.31
72 40 0.58
97 66 0.40
76 26 3.28
58 63 2.91
55 49 0.19
79 73 1.19
85 22 0.43
16 2 0.14
30 35 2.86
62 41 2.76
9 4 0.26
19 22 1.46
70 65 0.78
88 44 0.82
75 27 2.99
3 97 0.80
95 85 0.40
0 59 1.03
5 71 3.03
5 87 0.78
84 29 0.88
95 23 2.36
59 47 1.65
79 45 0.36
93 69 2.02
91 41 2.65
7 37 0.77
34 26 0.76
50 54 1.97
92 33 1.89
43 81 0.78
44 56 2.13
97 53 0.12
43 16 0.11
1 91 1.01
61 5 0.77
63 44 1.21
83 58 0.44
84 39 2.27
24 5 0.93
3 7 0.50
22 90 2.39
44 9 0.78
71 48 1.45
98 74 1.14
68 93 0.51
28 80 0.45
96 24 1.29
58 29 2.16
40 99 2.31
25 54 3.04
8 80 0.81
41 24 1.70
7 77 0.30
69 17 0.16
99 73 2.34
53 33 2.11
80 89 0.58
51 30 3.24
90 85 0.49
20 63 1.79
94 75 1.03
63 36 1.62
75 67 0.78
92 48 0.59
85 45 2.81
18 19 0.52
46 34 0.37
31 20 2.55
51 39 2.95
50 43 2.41
72 66 0.37
32 81 0.86
73 85 0.25
46 21 2.85
55 85 1.66
81 71 2.27
65 85 0.42
38 26 0.43
82 87 0.97
69 58 1.04
73 36 0.47
52 7 2.50
76 72 0.69
36 37 0.50
98 71 3.04
65 53 0.23
21 99 1.57
93 66 3.12
99 58 1.27
96 68 0.70
96 75 0.96
95 34 2.49
90 79 0.96
75 12 0.15
30 25 0.42
40 86 2.15
48 53 1.90
23 25 2.82
48 25 0.96
25 72 0.39
86 20 2.98
12 7 0.70
90 78 2.85
90 40 1.78
49 50 0.53
94 5 2.34
91 2 0.23
70 67 1.66
85 52 3.23
55 4 2.72
52 33 0.76
82 25 0.60
56 12 0.85
87 18 2.37
51 66 0.36
93 61 3.19
67 41 0.74
61 18 1.00
60 46 0.14
81 13 2.85
36 1 1.15
49 48 0.25
28 9 2.12
36 12 0.83
88 23 1.36
79 86 2.40
66 78 0.52
39 33 2.94
47 78 0.72
78 72 2.51
94 25 0.59
85 68 0.26
65 87 0.18
83 91 0.15
66 18 0.24
87 32 0.51
30 97 0.13
5 1 0.48
20 23 2.59
94 42 1.82
20 46 2.49
75 39 1.10
6 94 2.72
57 74 2.99
86 98 0.81
9 88 1.65
66 30 0.78
69 3 0.81
78 45 2.70
18 54 0.24
54 57 3.19
4 66 0.50
59 10 0.58
62 27 0.36
75 31 0.81
56 42 0.59
45 97 2.22
61 46 0.12
52 11 0.81
35 32 0.32
55 43 0.60
21 14 1.45
21 11 3.27
19 12 1.44
6 45 0.47
66 57 1.81
48 30 0.32
59 68 1.04
92 39 0.82
88 89 3.15
75 74 2.31
11 6 2.99
88 61 0.68
75 33 3.13
94 78 0.65
54 59 0.41
74 11 0.17
14 13 0.76
63 98 1.00
20 9 0.51
88 30 0.49
17 46 2.91
9 8 0.80
60 41 0.45
3 28 1.90
28 90 0.12
76 35 2.68
75 55 1.31
62 17 0.67
59 19 2.57
16 32 0.49
35 17 3.29
48 35 1.05
38 20 0.63
37 17 0.73
62 59 1.07
61 72 2.37
84 78 2.62
41 8 1.48
42 32 1.09
36 35 0.22
52 46 0.39
14 17 0.35
81 28 1.03
67 52 1.10
81 62 1.60
78 50 0.45
67 35 1.02
74 54 0.53
53 38 2.76
72 15 1.73
90 58 0.71
54 31 1.97
84 82 1.65
54 88 0.73
26 9 2.13
81 39 3.28
72 53 3.28
33 34 2.22
17 81 1.78
24 1 0.60
41 36 0.16
45 40 1.87
30 29 1.04
0 45 1.23
25 73 3.18
66 65 0.80
34 27 0.13
61 35 0.25
65 29 1.03
39 15 1.01
42 64 0.13
57 17 1.67
76 2 0.13
68 73 0.84
41 37 0.18
61 41 0.97
89 71 2.29
22 80 0.15
75 6 2.64
65 91 1.40
74 55 0.84
56 80 0.47
91 79 1.92
94 49 1.63
52 95 0.71
63 46 0.45
47 44 0.25
34 52 1.26
89 84 0.64
9 34 0.46
59 40 1.10
49 32 2.80
62 10 2.31
83 2 0.85
94 45 1.21
34 56 1.43
91 35 0.64
82 95 0.79
24 17 1.80
16 91 0.14
47 37 0.30
87 76 1.03
28 99 0.56
41 6 0.67
26 30 1.06
17 73 0.11
18 60 1.44
55 66 0.12
31 28 0.51
67 57 0.85
16 46 0.89
47 2 0.39
87 71 0.93
40 37 0.18
16 86 0.90
50 8 0.95
57 42 0.18
65 43 0.97
41 52 2.19
82 22 2.11
35 41 0.61
3 16 0.99
67 4 0.65
56 50 0.74
85 17 2.49
32 20 0.35
3 63 0.35
80 46 2.76
49 80 0.75
90 76 0.29
97 73 0.29
23 84 0.40
91 53 0.82
96 1 2.61
79 85 2.58
93 81 0.25
27 49 0.27
69 37 2.04
41 94 2.33
75 22 0.41
84 32 1.04
47 11 0.29
80 61 0.99
97 85 0.48
69 20 1.06
57 14 1.12
84 2 1.08
74 68 0.30
7 65 0.86
5 3 1.57
72 97 0.95
22 14 0.95
23 75 1.89
79 35 1.02
72 48 0.94
26 8 1.08
71 85 0.93
73 4 0.74
89 32 0.35
84 62 0.50
4 6 1.93
73 29 0.99
3 43 2.09
51 9 3.28
6 34 0.91
25 3 0.83
86 89 0.19
45 73 1.13
70 1 0.50
27 57 1.08
88 55 0.31
26 93 0.22
37 78 0.30
94 11 2.32
73 56 0.22
7 20 0.93
81 57 0.48
86 69 0.64
76 16 2.44
73 55 0.85
86 14 1.74
50 76 3.12
31 95 0.84
31 6 2.93
95 51 0.50
8 38 0.95
95 74 0.80
58 79 0.31
71 69 1.97
23 44 3.02
27 72 0.72
87 73 0.56
92 72 0.72
34 40 1.41
52 65 0.79
81 60 0.37
8 84 3.09
84 33 0.80
9 11 0.91
40 9 0.92
76 15 0.80
68 92 1.22
36 8 1.41
82 72 0.10
61 4 2.26
88 45 0.25
83 96 1.53
69 72 0.22
83 11 0.65
50 84 0.89
19 48 1.09
30 21 2.20
80 67 1.93
22 27 2.01
56 64 2.34
96 74 1.05
99 24 0.92
91 61 0.39
16 11 0.76
59 41 1.95
61 34 2.95
49 37 0.99
48 14 1.76
39 41 2.77
64 95 0.38
82 64 1.91
43 14 0.29
25 36 0.74
42 54 1.99
40 16 1.00
99 52 2.64
60 13 0.69
94 32 0.62
44 41 0.92
5 4 1.07
32 1 0.95
77 14 1.45
38 77 1.03
40 14 0.88
99 31 1.06
89 14 2.35
58 68 1.44
0 91 0.31
74 47 0.12
39 18 0.53
20 8 2.66
97 25 1.06
70 11 2.27
37 2 1.30
87 17 1.58
9 72 0.62
96 85 0.66
98 99 0.86
68 28 0.62
69 61 3.20
59 57 0.89
47 18 1.18
71 39 0.30
96 22 0.38
47 45 0.62
42 22 0.66
99 77 3.21
36 70 1.98
64 39 2.23
71 27 0.69
94 84 1.02
47 69 3.06
46 83 1.07
71 37 0.38
94 18 0.56
17 5 0.78
8 87 0.89
92 43 0.12
28 24 2.88
55 97 2.87
8 70 1.53
36 32 0.22
92 58 0.91
50 15 0.10
30 31 0.51
36 56 0.74
86 77 3.19
28 27 0.92
25 52 2.48
45 20 1.26
67 0 1.00
45 66 0.19
87 12 0.84
29 1 1.89
26 1 1.37
76 67 0.60
87 29 3.11
42 61 1.88
59 56 1.76
21 38 0.27
12 64 0.36
78 27 0.74
37 70 0.76
36 81 0.67
74 15 1.24
69 13 0.51
13 54 1.02
58 30 2.53
53 2 2.95
84 26 0.73
18 10 1.58
52 21 0.93
59 5 1.07
92 42 1.05
42 95 0.19
53 42 0.64
96 38 2.99
93 55 1.45
58 6 0.34
19 99 1.07
60 91 0.62
37 55 1.42
64 10 0.39
64 60 0.91
69 75 1.04
90 4 2.97
78 65 2.39
67 89 0.30
64 77 0.16
6 0 2.03
16 89 1.06
91 50 0.77
48 81 2.22
68 46 3.05
78 49 0.76
63 61 2.39
71 1 0.95
33 79 2.01
5 21 0.56
83 59 1.54
1 25 0.34
46 55 1.69
68 44 0.69
74 79 0.33
68 15 1.04
5 7 0.56
54 39 0.77
37 68 0.49
44 12 0.64
44 22 0.31
90 91 0.87
99 14 0.76
33 16 1.29
36 26 0.81
1 99 2.64
19 11 0.61
25 12 0.46
9 81 0.20
65 34 0.82
69 6 0.45
88 11 0.28
24 3 0.56
60 7 3.08
89 43 0.74
44 53 1.05
79 18 1.66
96 31 0.72
31 14 1.74
70 69 0.59
12 58 0.35
94 70 0.89
79 34 0.51
98 54 3.22
3 61 2.19
97 86 0.95
18 37 0.94
61 38 1.06
8 31 0.90
78 39 2.69
68 8 1.20
69 79 0.80
68 99 0.51
93 75 0.99
90 42 1.09
66 21 0.27
42 21 0.52
6 71 0.53
10 67 2.48
67 2 0.63
27 25 1.25
88 94 0.47
36 54 1.05
83 32 2.90
40 36 0.74
9 45 0.99
28 13 0.67
65 56 0.95
70 15 0.20
13 48 1.54
0 56 1.23
72 68 0.33
96 80 1.78
77 81 0.26
70 20 0.71
43 10 0.82
72 54 0.82
27 21 0.87
98 65 0.14
35 68 2.34
89 74 2.28
47 21 2.47
62 69 0.40
35 37 2.57
70 38 0.85
77 61 1.67
15 90 0.20
64 33 0.99
44 61 0.74
34 22 0.54
83 43 0.40
81 58 0.43
32 86 1.47
93 11 0.99
50 7 0.72
86 47 0.73
85 31 0.23
39 74 2.25
72 67 1.13
92 13 0.47
47 64 1.07
99 17 0.93
77 65 0.91
39 36 1.13
98 2 0.25
12 2 0.81
24 26 0.55
88 2 0.46
75 63 1.91
42 12 0.86
84 10 0.28
3 37 0.32
60 19 0.53
17 74 0.84
54 63 1.01
81 61 1.45
65 32 0.85
2 42 1.06
17 80 0.10
20 58 1.46
59 49 2.72
81 37 0.44
53 4 1.22
70 2 0.59
83 48 0.26
92 16 0.90
21 31 2.17
93 79 0.66
3 85 0.36
20 29 0.79
68 47 0.55
54 11 0.88
86 23 1.06
87 61 2.00
3 32 1.44
0 40 2.02
4 91 0.37
88 83 1.45
62 13 0.25
16 72 1.91
81 22 2.01
93 20 1.07
38 6 0.43
85 94 1.00
47 14 0.40
0 36 0.59
75 34 0.50
40 8 0.26
71 47 3.24
68 40 0.41
54 24 0.58
74 36 0.82
26 87 1.69
89 62 0.22
80 25 0.61
0 97 0.49
65 68 0.39
78 16 2.73
83 51 0.92
35 21 0.38
8 81 0.27
53 77 0.65
86 76 3.14
93 43 3.30
25 32 1.01
5 39 0.56
93 59 0.40
53 24 0.98
37 51 2.17
83 3 0.38
54 26 2.02
83 29 0.45
99 29 0.98
86 27 0.76
39 73 0.95
47 79 0.66
43 26 0.18
35 80 1.08
55 38 2.33
44 65 2.26
80 26 0.55
16 48 0.80
60 52 3.17
77 46 1.96
7 69 0.65
99 48 1.03
0 1 0.71
22 31 0.60
86 13 2.95
81 52 1.69
40 28 1.49
78 10 1.96
92 30 0.56
75 71 0.90
99 3 2.84
96 73 2.04
91 68 1.77
93 9 3.14
68 19 2.89
71 55 0.41
53 10 0.22
70 29 0.13
28 34 0.43
46 75 0.57
32 4 2.30
78 5 0.46
32 12 1.88
4 84 0.44
93 89 0.42
81 6 1.73
95 15 0.34
31 97 0.82
68 69 1.04
51 67 3.17
1 49 2.89
37 21 2.97
1 31 0.68
90 39 0.52
62 79 0.74
64 26 1.61
8 67 0.30
72 71 0.71
87 28 3.27
25 14 0.62
83 39 1.89
67 96 2.93
97 69 0.89
30 54 1.02
13 32 0.97
59 15 0.47
80 31 0.22
66 28 0.69
13 7 0.22
50 38 0.99
18 5 1.82
3 2 0.36
97 87 0.22
92 91 1.73
0 41 0.74
80 64 1.41
79 42 0.68
69 60 2.62
82 46 1.02
0 77 1.22
27 66 2.27
53 3 1.01
37 72 0.92
6 97 1.91
15 5 0.24
98 51 0.82
57 97 1.06
31 33 1.35
21 12 0.84
43 19 2.45
91 27 2.36
13 88 1.25
60 32 1.52
78 38 3.29
64 79 0.34
59 33 0.58
84 95 2.70
96 21 1.71
32 55 0.91
48 6 3.13
16 44 0.31
73 3 0.88
2 73 0.64
93 94 0.31
4 48 1.18
65 94 0.27
84 69 2.76
55 26 1.36
74 6 0.48
51 12 1.49
98 20 2.59
55 20 0.98
36 62 0.91
98 18 0.26
37 58 0.32
6 19 0.16
89 28 0.33
25 2 0.94
49 11 2.09
34 45 1.57
38 43 2.30
24 67 1.17
36 60 3.11
69 8 0.47
96 59 0.35
64 55 0.77
54 12 2.29
75 9 0.91
64 30 0.35
9 6 0.82
58 53 0.34
89 77 0.44
93 87 2.80
60 27 0.38
86 56 2.93
86 63 3.29
73 60 2.49
73 67 1.93
69 42 0.26
48 11 0.58
49 85 1.97
54 7 0.59
6 15 2.80
31 72 1.02
51 78 1.15
31 45 0.42
93 80 2.04
12 80 3.07
93 23 0.32
97 1 0.66
96 90 0.62
21 1 0.69
88 48 1.21
95 41 0.96
54 27 0.45
78 63 0.14
61 21 0.95
34 91 0.28
88 1 3.03
33 32 0.78
19 34 0.16
14 35 1.94
86 49 0.18
48 57 0.35
50 77 1.45
14 33 0.72
51 96 0.84
71 26 0.91
56 67 0.93
7 63 0.59
81 69 2.22
86 92 1.20
21 98 0.48
64 76 0.68
97 10 0.80
64 48 1.55
41 33 0.75
9 62 1.00
83 78 3.28
19 1 1.69
87 84 2.03
75 41 2.20
82 1 2.75
33 91 0.81
83 69 3.24
75 2 2.94
4 38 1.88
92 29 2.27
2 17 2.98
87 27 2.98
36 17 2.87
88 82 2.62
77 52 0.59
52 12 0.53
51 48 0.76
66 40 0.52
88 43 0.48
72 99 1.52
40 22 0.22
82 3 2.30
29 93 0.60
22 4 0.98
5 97 1.01
45 61 2.78
33 27 0.85
1 60 2.32
37 11 0.67
89 3 2.12
60 56 0.48
13 0 1.13
96 79 1.64
46 43 2.30
51 86 1.26
23 16 2.95
72 5 1.05
31 92 2.96
8 59 1.54
67 40 0.50
81 47 0.15
41 87 1.07
35 95 1.53
67 12 1.96
77 63 1.07
65 76 3.13
3 76 1.09
29 39 0.36
77 13 0.61
96 30 1.03
96 12 1.00
45 29 0.62
8 72 0.17
53 41 3.07
55 11 0.44
39 69 0.86
97 49 1.08
64 19 0.48
51 17 3.25
68 63 0.80
83 64 0.21
40 27 0.85
56 5 3.21
10 82 0.38
7 45 1.32
89 52 0.52
61 78 1.14
11 12 1.04
31 70 1.55
0 26 1.79
48 22 0.63
34 16 3.15
7 15 0.58
69 73 2.13
98 23 1.08
98 32 0.31
37 12 0.11
80 74 0.30
94 10 1.88
7 61 0.92
52 24 0.39
47 17 0.61
99 8 0.69
6 98 2.97
35 97 2.06
64 81 1.81
46 89 0.57
48 36 0.91
91 13 0.20
28 25 2.86
54 35 1.48
97 59 0.93
14 6 0.45
66 46 3.20
68 61 2.97
61 70 0.71
95 9 0.72
70 62 0.33
60 65 0.67
64 44 0.85
6 1 1.10
66 90 0.65
83 27 0.47
47 7 0.72
86 44 0.71
71 36 0.69
17 0 0.58
61 22 1.52
94 69 1.14
98 22 0.17
27 67 3.24
30 20 1.05
89 60 2.89
38 1 2.51
26 18 2.00
91 67 0.68
40 3 0.19
66 54 0.83
78 35 2.30
64 27 0.96
3 30 0.43
93 16 0.57
60 29 0.89
62 52 3.26
63 59 1.00
73 77 2.69
65 8 2.55
26 25 2.26
65 20 2.09
95 36 0.85
14 56 1.10
25 39 0.97
75 26 0.40
59 80 0.70
50 34 0.64
17 88 0.66
59 61 0.53
77 6 0.87
95 10 0.24
99 93 0.18
73 37 1.03
71 30 0.44
83 19 0.11
29 27 1.28
77 35 1.52
40 10 3.23
99 74 0.69
59 82 0.32
15 29 1.03
97 27 1.48
50 39 1.00
38 88 0.48
46 24 1.16
62 28 0.34
0 44 0.63
84 28 2.77
56 13 0.69
42 87 0.76
36 31 0.18
64 31 0.79
40 38 0.14
77 1 0.67
28 51 2.74
68 56 0.14
75 8 1.30
73 19 0.84
18 4 0.49
21 18 0.40
63 41 0.53
93 7 0.28
53 8 1.56
9 86 0.47
3 46 0.38
57 2 0.76
72 33 0.56
91 5 2.40
30 43 0.44
91 74 0.12
56 9 0.32
92 3 0.70
9 99 1.00
68 50 0.31
63 50 1.08
30 13 0.55
11 8 1.17
25 9 0.28
86 2 2.22
2 23 0.53
80 87 3.22
52 15 2.04
4 40 1.22
0 94 0.73
2 28 0.45
83 61 0.61
87 56 2.91
77 9 1.08
35 63 1.01
92 97 1.29
99 35 1.45
73 86 0.67
61 24 0.38
48 79 0.37
1 37 1.30
98 29 0.18
43 71 1.23
96 82 0.79
21 79 0.59
97 43 2.61
12 34 0.99
24 43 1.04
71 0 1.43
74 3 0.16
43 32 1.32
31 15 0.85
63 1 2.44
35 26 2.42
95 29 1.69
85 6 0.35
55 72 0.26
68 48 0.32
98 17 1.06
77 16 1.72
55 6 0.30
69 14 1.14
96 25 2.87
78 60 0.59
8 37 1.41
34 25 0.83
58 66 0.79
87 15 2.99
56 15 0.41
61 74 0.56
82 90 2.86
76 17 2.16
46 2 0.96
77 74 0.71
61 27 0.14
47 6 0.83
97 74 0.20
36 84 0.99
82 24 0.84
58 14 0.68
52 38 3.29
26 10 0.97
89 6 0.98
91 24 1.51
90 13 1.02
29 40 0.41
79 68 0.25
71 40 1.13
95 93 1.01
24 84 0.33
89 19 1.00
4 74 2.27
87 54 0.52
99 16 0.39
55 63 0.51
71 66 1.17
11 27 0.48
23 62 0.44
82 89 2.04
86 17 1.57
40 30 2.37
98 84 3.17
0 31 0.33
89 4 0.34
85 2 0.30
66 64 1.23
80 6 0.50
80 20 0.44
68 53 3.11
71 49 1.26
43 41 0.49
57 49 0.63
85 21 0.55
53 69 1.06
53 85 1.46
91 23 3.14
71 29 2.23
40 23 0.47
59 36 1.03
48 5 2.38
61 73 2.34
99 13 0.14
7 62 0.95
90 68 0.16
38 13 1.49
84 70 1.45
91 3 0.36
39 30 0.95
4 97 0.52
30 45 0.95
19 70 1.44
47 55 3.17
89 13 3.21
58 87 0.53
47 19 0.83
72 17 0.38
54 85 1.67
93 90 0.91
79 15 0.81
21 73 2.08
56 35 0.66
32 79 2.40
28 58 0.26
46 84 3.27
69 24 0.25
60 96 2.43
84 72 2.72
40 97 0.84
15 92 0.38
32 66 0.55
29 8 2.21
82 12 0.69
57 55 0.82
44 19 0.90
76 7 1.63
54 2 2.91
83 52 1.38
85 77 0.94
50 72 0.14
5 36 0.75
18 28 0.56
23 69 0.14
2 61 1.90
62 29 2.11
5 46 2.17
13 73 1.85
8 34 0.28
26 89 3.21
81 96 2.63
72 52 1.24
17 28 0.60
10 63 0.53
78 68 0.28
82 53 2.18
67 31 0.71
98 79 1.04
20 47 1.13
99 62 2.70
59 11 1.68
13 58 0.61
50 10 0.72
13 35 0.76
32 17 2.85
46 33 0.83
35 7 0.58
74 1 0.37
29 12 0.80
26 74 3.03
60 15 0.36
46 37 1.17
25 45 0.35
61 60 2.42
92 66 0.42
75 72 1.02
95 25 2.91
52 69 0.93
43 18 1.88
36 19 0.91
39 59 0.61
45 80 1.43
81 15 0.67
55 14 2.40
97 47 0.49
67 9 0.16
51 24 0.60
55 92 2.98
24 6 1.84
62 96 1.88
92 54 0.51
67 98 0.28
50 27 1.00
38 46 1.20
34 17 0.85
37 31 0.45
78 55 0.98
4 58 2.53
35 19 0.73
20 73 3.27
65 67 0.95
24 21 0.80
87 13 0.61
76 34 0.82
67 37 0.31
47 43 0.90
7 92 1.36
49 66 1.52
43 68 3.19
75 61 2.15
14 94 0.47
64 90 0.37
20 16 0.70
31 38 0.46
36 96 2.71
43 80 1.69
94 60 0.96
69 78 1.69
94 48 0.16
95 44 2.87
16 39 2.98
50 21 1.29
82 71 0.41
70 73 0.94
84 56 0.41
61 71 0.92
35 50 0.21
39 7 0.27
5 9 2.42
94 58 2.60
23 51 2.30
88 6 0.48
99 88 1.85
96 9 2.25
96 64 0.92
45 48 2.28
58 51 0.80
49 44 1.10
61 55 0.84
55 53 2.07
78 81 2.62
31 81 0.26
58 10 3.02
61 95 0.41
51 38 0.88
52 43 0.32
19 56 0.87
81 49 0.71
81 18 0.82
76 30 0.84
81 54 0.70
32 80 1.49
24 34 1.76
44 55 0.87
61 82 0.34
97 18 3.21
80 97 0.64
52 70 2.72
84 35 3.13
20 78 0.42
12 16 0.62
30 61 0.71
77 82 0.36
60 17 0.86
53 29 0.59
0 30 1.83
60 11 1.28
15 89 0.45
35 8 0.12
27 93 0.91
36 61 0.92
48 2 1.20
49 46 0.32
18 64 0.77
86 31 0.89
60 42 2.33
35 6 0.76
72 41 0.40
92 77 0.18
26 67 0.19
91 82 1.47
72 49 0.54
80 51 2.01
64 20 2.66
28 6 0.18
12 24 0.72
66 7 1.14
80 11 1.59
62 60 3.23
25 83 3.19
83 50 0.38
58 16 0.93
53 9 0.98
3 1 0.57
73 12 0.80
81 35 0.66
34 32 0.92
72 81 3.13
34 90 0.17
68 20 1.06
99 92 0.48
63 70 0.85
88 27 0.66
56 55 0.61
49 9 0.14
95 63 0.51
3 86 0.43
11 45 1.07
76 4 0.38
58 98 0.34
4 3 1.01
52 18 1.77
49 99 0.56
76 63 1.80
42 11 1.24
72 35 0.19
41 38 1.34
48 41 0.46
63 13 1.32
3 71 2.98
28 50 2.49
91 84 1.06
86 87 0.14
95 17 1.95
86 57 0.58
52 40 0.75
14 91 0.45
48 65 2.88
54 38 0.92
59 72 0.85
84 54 1.39
20 75 1.95
83 12 1.04
92 62 0.57
98 96 0.10
36 27 0.39
45 10 0.12
25 13 0.51
10 70 0.45
3 93 3.04
1 61 2.97
51 69 0.44
45 21 2.86
54 22 1.62
21 72 0.53
68 11 1.57
7 58 1.76
48 37 2.26
14 52 1.40
96 84 3.27
71 38 1.34
45 99 0.26
8 60 0.98
95 53 0.23
54 15 0.39
39 93 3.24
89 42 0.82
0 83 0.47
38 79 0.74
43 42 0.24
16 62 1.24
64 54 0.65
74 53 0.38
63 0 0.18
73 64 0.38
98 36 0.52
91 42 0.68
51 19 0.62
29 6 3.04
89 30 0.67
38 80 0.55
2 26 2.86
22 30 0.27
8 57 1.63
82 60 0.27
94 74 0.27
5 95 1.04
26 40 0.10
97 44 0.60
71 33 2.61
3 39 0.85
64 37 2.44
54 48 0.70
10 87 2.58
75 1 1.20
41 80 0.69
96 15 0.83
58 39 3.08
27 10 2.59
26 88 0.79
42 27 0.81
25 19 0.98
70 40 0.92
26 94 0.87
44 11 0.38
69 22 2.39
65 81 3.09
20 89 2.57
31 34 3.14
99 71 2.81
16 85 0.43
15 93 3.11
47 5 0.72
61 51 0.82
89 49 0.78
61 99 0.70
93 31 3.22
89 5 1.08
86 54 1.18
46 41 0.99
28 93 0.94
91 75 2.20
97 39 0.13
12 49 2.65
77 18 2.22
1 17 2.43
14 85 1.88
36 83 1.17
57 90 0.20
84 86 2.29
32 56 0.35
96 27 2.80
87 4 1.66
56 18 1.01
80 4 0.96
42 24 2.15
32 11 0.53
81 51 0.40
66 47 1.83
14 36 2.57
98 94 0.53
44 30 2.33
95 21 2.23
22 53 1.40
12 22 0.42
7 19 0.94
0 98 2.50
71 24 0.20
98 57 0.90
44 73 2.35
57 46 1.21
58 67 0.49
21 92 1.02
50 94 1.08
64 46 0.62
64 32 2.24
50 31 1.36
14 3 0.54
59 77 2.84
22 18 2.09
16 30 1.04
24 10 0.74
82 28 0.89
89 68 0.87
31 68 0.85
23 42 2.52
46 9 0.66
63 83 3.12
27 5 1.50
92 1 1.14
32 77 1.49
52 16 0.54
89 45 0.73
40 24 0.44
34 20 1.11
32 92 1.08
33 65 0.93
46 97 1.04
93 62 1.82
40 11 0.81
43 27 1.42
35 29 0.86
17 75 0.70
24 59 3.11
84 75 2.73
50 5 0.72
47 26 0.87
22 99 2.56
93 21 0.77
56 31 0.21
57 36 1.20
44 35 0.49
68 64 2.50
52 32 2.31
47 70 2.53
66 22 0.28
17 16 0.42
45 65 0.79
96 29 0.89
95 37 0.39
28 12 0.19
74 31 0.63
89 55 0.99
37 77 2.57
48 46 1.03
13 2 0.63
74 88 0.65
19 65 0.10
24 13 0.32
6 16 2.42
50 58 1.79
13 3 1.33
80 1 2.45
37 30 0.48
3 56 0.47
51 73 0.80
82 7 0.78
61 20 2.46
85 10 2.95
63 45 1.05
22 3 0.92
11 10 0.95
25 56 2.83
59 89 1.01
78 82 0.32
89 73 1.02
13 19 0.94
94 80 0.88
5 32 2.03
89 79 0.22
69 95 0.18
17 67 1.20
78 24 3.28
14 5 1.42
78 25 1.25
88 75 0.18
76 27 3.30
66 48 2.52
38 82 0.82
94 52 0.13
38 66 0.75
81 16 3.30
42 10 0.20
67 29 0.58
90 33 1.03
14 62 1.48
70 87 0.67
53 19 0.42
19 23 3.11
63 74 1.01
86 5 0.38
64 58 0.72
82 50 1.17
44 80 0.50
42 39 0.65
85 30 0.61
14 7 1.68
7 80 0.17
1 20 3.14
38 22 2.24
97 84 0.24
17 3 0.42
89 51 0.37
9 78 0.26
94 17 1.99
51 0 0.65
28 54 0.90
13 9 0.76
44 94 0.18
31 11 0.96
72 74 0.46
67 94 1.46
45 4 0.92
68 32 0.11
63 38 2.51
72 11 2.01
2 33 0.43
18 24 0.50
68 22 0.11
36 22 3.20
83 84 1.81
13 50 2.15
34 42 0.71
21 77 0.87
92 56 0.54
19 98 0.97
50 24 0.21
41 20 2.62
33 20 0.11
74 30 0.44
62 15 0.80
54 21 0.62
75 66 0.53
13 42 2.21
26 60 1.83
63 18 2.30
17 84 1.03
15 9 2.54
57 22 2.53
72 32 2.11
3 77 2.23
58 41 0.98
61 25 3.27
20 21 0.77
14 92 0.63
85 93 0.90
13 84 0.83
94 21 2.54
10 76 2.85
51 40 1.56
7 36 3.08
55 7 0.27
4 57 0.51
92 34 0.26
51 97 0.98
92 12 0.59
40 17 2.26
72 4 0.75
60 12 1.70
83 15 0.48
95 19 2.81
27 14 0.20
85 43 1.52
30 63 0.72
10 31 0.32
36 13 2.12
40 89 0.78
81 68 2.25
4 15 0.65
38 56 1.43
84 14 0.37
64 15 0.39
20 19 2.81
66 1 2.14
27 89 1.29
41 40 2.19
85 35 2.01
69 54 2.58
70 96 0.51
75 28 0.30
76 66 0.93
6 50 0.60
67 60 0.86
99 66 1.74
25 6 2.07
57 39 2.30
77 12 1.02
5 85 0.55
74 19 0.25
4 56 0.24
9 52 0.14
0 85 2.56
79 16 0.68
19 54 2.58
79 51 0.65
8 3 0.49
32 24 1.81
39 89 0.45
96 95 1.87
53 50 1.14
20 49 0.31
86 71 0.76
50 74 0.59
22 6 0.42
41 19 1.97
96 71 0.78
60 5 0.67
80 23 0.11
60 34 3.19
12 23 1.01
63 87 3.20
87 14 0.27
81 10 3.27
97 93 0.82
1 95 1.36
33 6 1.08
41 98 0.56
55 34 3.11
2 52 1.06
66 31 0.78
62 63 2.99
66 35 0.66
73 7 0.71
61 54 3.17
73 18 0.88
76 33 0.63
52 82 1.24
44 27 2.47
65 74 0.33
9 90 2.96
44 15 0.53
63 92 0.70
0 70 0.23
57 76 2.68
89 57 0.65
9 22 0.53
89 44 1.93
83 67 0.74
45 49 1.07
67 5 0.78
87 68 0.57
25 46 2.56
45 1 0.31
13 10 1.24
81 1 0.94
69 29 0.98
27 19 0.34
93 71 0.94
94 43 1.00
87 19 2.75
69 91 0.27
34 7 1.04
94 34 1.88
77 4 2.95
6 56 0.82
72 39 0.75
58 11 2.54
22 70 0.95
38 10 1.58
45 67 0.11
48 20 1.99
93 40 0.40
57 83 1.01
32 90 0.42
75 92 2.55
28 38 0.18
69 2 0.36
90 6 0.43
14 0 2.49
63 26 0.83
63 8 0.83
36 88 0.26
69 98 0.48
70 23 2.71
25 10 2.54
95 0 0.93
68 4 0.87
19 8 3.08
38 89 2.50
77 57 0.27
19 5 2.16
94 63 0.79
67 50 1.06
94 35 0.25
4 0 0.73
55 54 2.66
59 44 0.86
49 60 1.02
70 12 1.03
80 88 0.41
33 4 0.49
57 78 3.10
31 44 0.41
5 25 0.60
97 11 2.55
1 98 0.69
44 38 0.54
11 5 3.30
49 15 1.01
4 20 0.34
22 16 0.58
24 62 0.51
50 26 1.89
42 88 1.07
91 38 1.27
95 4 1.03
10 57 2.35
62 39 1.04
27 26 1.38
40 32 0.53
19 93 0.96
77 19 2.41
44 50 1.63
54 3 0.47
41 23 1.60
2 60 2.10
72 87 0.47
30 83 1.05
29 68 0.80
86 39 1.58
17 59 0.29
89 41 0.42
46 22 1.12
37 39 1.18
85 32 0.26
98 60 1.46
5 26 2.78
56 45 0.62
35 25 0.65
51 76 2.99
83 55 0.60
20 92 1.29
98 77 0.71
88 12 2.73
77 5 0.51
50 41 0.69
21 86 0.15
34 38 2.65
31 91 2.29
95 66 1.64
65 2 0.72
47 9 1.70
90 30 2.65
19 91 0.70
26 22 1.00
79 66 0.26
66 5 1.09
3 6 1.81
92 85 1.67
24 36 0.48
59 88 1.05
49 95 1.54
54 77 0.81
68 71 0.40
1 94 2.41
27 52 2.22
81 94 1.06
10 3 1.10
95 26 2.90
76 60 0.56
24 55 1.23
50 18 0.93
96 16 0.16
20 6 0.90
77 97 0.37
31 82 0.58
44 10 1.93
63 34 0.13
88 66 1.47
40 35 0.20
86 91 0.61
48 38 0.26
37 25 2.13
59 3 0.80
66 16 0.31
76 95 0.40
71 46 2.23
67 43 3.29
37 15 2.27
41 9 2.41
15 10 0.83
89 63 0.66
76 48 1.81
48 15 2.01
82 19 0.52
25 63 1.02
39 2 0.38
29 28 1.33
54 8 0.48
76 97 1.00
1 15 0.20
66 6 0.30
50 12 0.64
91 88 0.37
30 86 0.85
66 3 2.52
0 20 1.08
8 43 0.52
27 2 0.74
85 74 2.25
89 85 0.30
40 55 0.36
89 58 0.78
21 7 1.08
63 19 1.13
87 67 1.01
31 46 0.53
33 45 2.49
26 3 1.01
93 32 0.94
73 33 0.77
34 98 0.91
92 44 1.11
52 42 0.58
85 91 2.03
0 19 0.30
97 98 1.76
66 56 0.44
93 8 0.97
15 24 2.26
99 75 0.32
62 43 0.69
32 28 0.61
34 1 0.15
72 80 1.85
79 59 1.33
2 96 1.51
61 84 0.45
48 17 2.53
38 23 0.50
67 14 1.04
31 59 1.40
76 59 1.93
52 3 2.87
8 74 0.53
57 1 0.14
42 50 2.74
68 6 2.66
23 18 1.95
9 33 1.66
61 66 2.22
45 87 0.85
82 74 0.62
64 40 0.28
95 12 1.96
37 50 2.45
14 66 0.37
55 10 0.28
99 87 2.51
70 49 1.02
90 16 1.57
47 41 0.67
76 61 1.40
86 72 2.19
12 59 0.28
62 54 0.69
33 26 2.56
33 58 1.01
92 69 0.69
95 48 0.96
78 4 2.97
77 49 0.33
24 89 0.68
27 81 0.22
42 59 0.39
50 88 0.90
71 84 0.34
62 55 0.94
79 7 2.01
49 83 1.28
47 77 0.56
76 24 0.14
59 55 2.63
0 81 0.84
29 36 0.26
29 4 0.71
68 57 0.35
55 27 0.87
98 12 0.49
90 70 2.89
30 19 0.80
44 42 1.96
24 23 0.54
58 60 2.09
22 8 2.63
18 69 2.01
15 32 2.44
50 2 1.18
76 12 0.80
79 12 0.27
67 25 0.40
28 16 0.73
74 38 1.55
9 74 2.05
61 9 0.31
50 57 0.32
20 72 2.26
37 66 0.20
66 23 0.67
98 92 2.95
41 34 0.83
57 43 0.60
8 88 2.95
34 15 0.71
80 27 1.15
33 1 0.97
2 99 2.17
0 65 1.76
67 93 0.68
94 9 0.41
78 13 0.28
71 23 1.71
31 16 0.58
61 48 0.58
91 44 1.57
98 75 0.71
24 94 2.34
90 46 0.91
10 30 0.53
96 8 2.48
95 7 2.20
26 13 0.52
68 55 0.47
82 21 1.10
54 1 2.38
29 64 1.18
17 12 1.32
89 64 0.62
2 31 2.78
19 69 0.68
19 84 0.45
23 79 0.69
2 81 0.51
81 25 0.51
14 54 0.82
72 42 0.53
85 11 0.18
46 26 0.75
84 49 0.11
81 30 0.55
48 44 0.55
76 41 1.88
78 36 0.34
89 18 2.68
93 10 0.63
18 44 2.06
95 3 0.57
4 62 0.59
22 72 0.13
92 78 1.08
85 86 0.51
42 20 0.57
14 79 0.92
40 18 0.60
97 15 0.34
90 55 0.71
77 28 1.68
19 14 0.84
16 5 0.46
12 40 1.07
75 7 1.98
30 53 2.57
85 26 2.62
38 75 2.45
2 5 1.05
13 67 0.75
87 1 2.59
78 40 0.71
45 74 1.07
39 31 3.30
55 94 0.93
71 58 0.31
59 21 3.01
46 88 0.10
47 35 0.42
88 33 3.20
56 26 0.82
14 63 0.67
96 3 0.47
43 29 1.20
91 94 1.09
18 72 0.38
15 77 0.42
88 22 0.86
23 56 1.19
78 31 0.29
21 3 1.92
0 74 0.90
56 21 0.59
90 73 0.55
40 19 1.04
66 12 0.80
96 87 1.83
26 57 0.98
86 62 0.81
20 39 0.51
68 42 1.74
71 16 2.79
28 19 0.34
28 26 2.10
32 18 0.85
42 84 0.80
13 97 1.98
86 48 3.24
68 60 0.87
27 1 0.71
30 49 0.49
39 28 0.10
38 68 0.66
32 78 0.21
88 40 0.74
64 16 0.30
45 16 1.93
73 35 0.33
99 33 1.34
31 43 0.64
51 5 0.86
13 34 2.86
0 54 1.78
31 24 0.74
94 72 0.64
25 16 1.09
80 75 0.76
42 8 0.73
51 71 0.91
40 39 3.28
16 74 0.28
15 58 1.82
68 18 1.71
57 92 0.20
60 71 2.14
56 61 1.81
99 34 1.34
29 7 0.60
38 62 1.62
90 17 3.13
28 83 0.88
99 60 2.88
99 44 0.57
13 66 0.63
82 30 1.42
90 80 1.27
36 72 1.44
87 16 0.12
93 22 0.69
0 60 0.72
13 39 0.88
77 56 0.18
80 33 0.68
62 76 1.26
25 50 2.00
23 53 1.90
40 7 2.75
57 69 0.59
81 33 2.52
43 12 0.50
56 75 0.19
99 57 1.32
9 59 0.41
97 9 0.12
70 21 0.11
83 40 1.98
67 15 0.99
55 13 0.92
70 78 0.95
63 22 2.04
90 50 1.28
53 5 1.01
97 79 0.59
29 14 0.36
4 71 1.09
35 74 2.94
81 89 2.30
80 81 0.31
31 57 0.20
19 71 0.75
66 87 0.65
81 66 0.74
87 24 1.51
52 88 1.03
94 96 3.26
26 29 0.64
4 14 0.81
89 87 0.18
61 52 2.61
6 32 0.57
3 78 1.39
66 59 0.45
78 15 0.77
97 21 1.02
85 24 0.69
48 29 1.12
42 70 0.59
1 53 2.54
81 40 1.24
2 11 0.15
55 25 2.81
16 24 1.08
71 44 0.66
4 49 0.74
33 13 0.55
12 84 0.98
42 47 1.49
84 51 0.49
82 70 0.85
74 60 0.50
52 29 1.09
24 38 2.19
20 13 0.49
20 91 2.47
26 6 0.46
29 79 1.58
37 28 0.45
93 82 1.05
53 57 2.81
83 37 0.62
95 47 0.54
93 72 0.64
73 50 0.41
76 29 0.45
49 42 1.69
91 51 1.15
43 35 1.03
53 54 0.41
92 67 0.68
96 5 1.03
70 92 0.99
27 31 0.42
27 46 1.97
31 83 0.64
23 8 0.49
39 6 0.42
49 62 0.42
87 78 0.23
71 95 0.18
82 18 0.14
12 9 1.02
99 67 0.54
47 57 0.77
34 67 1.11
57 7 0.57
91 78 3.11
41 22 1.36
6 64 1.12
14 73 2.46
67 86 0.55
52 56 1.15
46 23 0.39
10 83 0.46
94 64 0.48
67 78 0.31
30 4 0.31
21 10 0.85
97 17 0.72
61 8 1.78
79 2 0.44
78 48 0.73
9 64 0.93
35 16 0.35
71 25 1.64
4 98 0.73
13 18 0.81
91 47 0.15
40 57 0.88
94 82 2.26
20 88 2.13
57 23 1.38
65 31 2.15
75 11 2.02
92 81 0.69
34 72 0.71
32 37 0.70
73 49 0.60
22 78 0.89
80 21 0.91
86 99 3.23
47 30 1.71
29 24 0.88
89 1 0.58
62 61 0.34
93 35 0.38
26 77 0.75
42 35 1.40
98 88 1.05
85 44 0.56
23 48 0.15
98 9 0.74
46 91 0.27
42 33 0.15
71 59 0.63
99 30 0.55
56 83 3.02
59 7 0.75
88 37 2.22
4 34 0.94
42 37 1.07
50 95 0.24
95 89 0.78
51 21 0.45
2 10 2.78
92 18 2.10
96 34 2.28
28 53 0.62
39 8 1.01
78 96 1.71
62 46 0.79
64 63 0.53
2 64 1.62
53 27 0.14
56 47 1.05
29 42 0.59
58 25 0.66
28 23 1.80
13 82 0.65
75 86 1.10
19 66 1.51
25 8 1.66
80 53 0.32
18 3 0.38
97 83 0.62
71 12 0.40
83 41 0.92
83 6 0.40
0 8 2.44
37 27 1.26
17 78 0.96
64 62 0.23
65 75 0.11
99 90 0.76
60 54 0.34
69 80 0.35
6 5 1.58
61 28 2.39
48 8 0.49
89 17 1.65
40 42 0.83
66 39 2.66
94 20 0.66
96 4 1.86
71 32 1.01
53 16 0.65
0 69 0.19
63 40 0.67
73 31 1.54
50 45 0.20
14 39 1.97
85 59 0.98
66 24 1.09
33 94 0.10
85 33 2.54
74 37 1.90
77 51 0.43
67 18 0.49
76 9 3.02
82 68 1.18
0 10 1.00
88 69 2.55
49 28 0.48
15 88 2.84
32 7 0.93
32 30 0.61
57 91 0.14
62 56 0.97
63 84 3.27
0 82 0.57
48 98 2.82
53 75 0.84
8 30 0.41
46 13 0.92
21 60 2.60
96 7 0.90
2 19 0.78
63 53 0.89
29 16 2.41
37 65 0.96
10 66 0.31
66 44 3.08
17 22 0.66
71 17 0.39
35 22 0.16
30 5 0.77
91 95 0.23
95 92 0.77
6 76 0.61
91 29 0.77
30 24 0.40
63 60 2.49
36 47 1.00
63 90 2.33
89 37 1.95
28 22 0.43
0 27 0.83
94 89 0.45
38 65 1.96
27 17 0.43
69 59 2.53
37 82 2.88
47 75 0.31
72 28 1.24
14 10 2.09
38 85 0.98
26 17 0.27
91 56 2.78
20 50 0.71
33 56 0.66
91 93 0.40
85 99 0.95
35 31 2.28
14 74 1.81
55 33 0.80
16 37 0.30
89 69 0.40
59 4 0.22
68 30 0.64
98 15 0.15
74 40 2.36
79 10 0.72
96 23 0.31
80 77 0.92
8 78 0.64
45 51 2.63
52 20 0.55
95 11 0.47
82 63 0.99
42 6 2.72
32 74 3.22
33 74 0.25
12 46 0.75
45 39 1.25
54 46 0.37
45 64 2.08
7 23 0.36
30 11 0.75
71 92 3.16
94 47 0.31
88 5 1.04
91 70 0.67
79 22 2.80
41 74 0.57
86 10 0.86
14 15 1.82
65 73 0.82
57 51 1.95
21 15 0.40
80 50 2.87
60 50 0.99
89 36 1.03
55 8 0.86
42 78 1.02
23 39 3.21
35 20 0.93
19 61 3.06
4 37 0.25
61 79 1.21
62 58 0.52
80 55 0.33
36 10 0.63
16 4 1.41
58 17 0.34
77 60 0.73
71 45 0.53
99 27 2.05
99 70 0.79
35 5 0.24
20 15 2.20
66 20 1.98
30 94 1.52
44 98 0.81
24 19 0.98
46 81 0.93
0 80 0.50
95 68 0.58
96 88 3.21
83 60 0.34
27 38 0.38
72 56 1.63
57 34 2.99
36 3 0.64
59 16 1.95
23 27 0.62
96 99 2.23
90 41 0.12
68 10 2.72
87 51 0.47
4 2 2.38
90 11 3.21
97 2 1.08
24 37 0.36
20 57 2.81
87 9 0.97
75 58 2.82
56 40 0.54
42 85 3.05
84 48 3.00
54 33 0.89
37 20 2.00
53 15 0.48
70 9 0.40
94 61 0.14
44 24 0.87
3 94 1.01
17 25 3.15
77 44 2.04
33 49 2.17
88 57 0.32
0 89 0.81
40 49 0.71
92 28 0.52
90 87 2.91
16 15 0.26
73 22 0.50
98 38 0.83
8 83 1.04
85 29 2.66
33 19 0.83
4 26 2.03
41 12 1.08
52 28 2.80
48 3 3.22
68 7 2.99
0 16 0.65
76 53 0.34
86 59 1.94
70 25 2.49
82 66 0.78
7 6 0.12
30 12 1.13
90 88 0.94
13 6 1.03
41 26 0.79
44 60 0.35
34 82 3.12
73 84 2.56
47 72 0.48
1 18 1.72
72 13 0.91
46 96 0.21
46 44 0.32
34 11 0.94
82 5 1.01
83 7 2.39
79 57 0.14
88 78 0.44
61 17 2.24
29 56 2.95
24 25 3.09
63 52 0.23
66 62 1.07
89 2 0.80
84 1 0.69
70 4 0.11
77 8 0.76
40 53 0.69
94 31 0.21
55 45 0.15
59 6 0.77
63 96 1.65
29 5 0.20
75 79 1.73
81 44 0.51
16 42 1.16
85 76 0.97
13 29 1.05
40 79 0.75
17 41 1.17
80 83 0.87
32 63 0.14
20 36 0.40
25 49 1.79
23 59 0.47
25 75 0.33
89 11 0.47
96 32 1.11
7 2 0.75
78 11 1.37
57 21 0.83
67 54 0.76
41 73 2.00
28 11 0.25
36 45 1.08
15 12 1.33
34 23 0.53
27 59 1.78
65 72 0.85
38 94 0.88
76 13 0.79
19 15 3.09
33 18 1.41
31 41 0.81
84 80 0.56
56 17 0.74
95 38 3.14
22 25 0.40
23 45 2.00
58 57 0.86
18 71 0.39
77 24 2.72
51 25 0.15
25 64 0.40
9 19 2.02
70 74 1.89
3 33 2.25
92 59 0.30
94 66 0.34
93 6 0.85
44 14 0.59
73 26 2.18
53 59 0.42
20 53 0.56
41 42 0.49
90 2 1.21
59 30 0.89
57 61 0.21
41 32 3.01
2 38 0.76
89 23 0.55
30 34 0.89
76 75 0.87
71 2 0.74
50 89 1.92
94 86 0.85
6 70 0.34
63 81 0.89
52 50 0.41
62 8 2.98
81 98 2.06
75 57 2.84
73 47 0.62
55 82 0.23
44 36 0.53
20 77 0.37
35 4 1.06
39 38 0.58
30 57 3.26
92 87 0.80
97 7 0.82
88 4 0.11
90 12 0.25
92 84 0.49
76 69 0.23
94 36 0.35
30 36 1.54
96 91 1.99
68 51 2.92
85 81 0.43
57 44 1.21
17 93 1.56
22 64 0.73
90 84 0.27
45 96 1.50
29 25 2.08
58 35 1.31
56 94 2.65
88 14 2.61
90 18 2.48
72 63 2.48
49 22 0.80
43 25 1.84
62 97 0.70
52 37 2.23
6 96 2.60
90 5 0.59
93 57 0.96
45 12 1.06
53 46 0.88
31 19 1.03
38 72 0.51
60 53 3.12
8 45 0.69
71 56 0.80
78 56 1.87
91 28 0.24
73 83 1.41
84 30 0.31
44 1 2.36
70 64 0.39
84 21 1.25
92 89 3.07
91 80 0.75
39 26 1.96
37 6 0.32
1 40 0.35
3 62 0.58
32 10 0.40
24 7 0.90
55 98 1.23
36 15 0.49
93 50 0.13
67 95 0.69
53 18 2.31
3 38 0.92
15 73 2.82
11 4 1.06
76 43 0.90
91 87 0.21
73 38 0.37
63 66 0.87
13 79 2.14
56 20 0.38
27 48 0.93
60 22 1.48
98 52 0.25
15 47 0.61
87 55 0.42
4 43 1.97
85 12 0.73
75 43 0.47
41 85 0.59
71 7 2.21
14 70 0.36
94 39 1.01
45 38 1.72
76 88 0.63
16 54 2.42
93 2 0.86
56 85 0.74
84 74 0.33
3 60 3.02
2 1 0.78
85 8 0.17
45 2 2.47
8 47 2.06
24 83 0.33
69 32 0.70
48 18 1.36
30 75 1.08
56 54 0.11
98 5 0.83
12 72 2.59
91 30 2.49
69 15 0.78
42 67 1.01
71 50 1.01
99 84 0.23
78 26 1.79
86 33 1.34
92 11 1.37
86 66 1.93
63 29 3.08
53 6 0.92
33 25 1.41
23 36 2.85
67 66 2.94
34 74 0.81
80 71 3.21
19 55 1.35
76 74 0.84
83 47 0.34
99 76 0.28
73 5 0.39
73 63 2.18
0 88 2.27
51 35 0.38
33 83 2.59
53 12 0.68
86 4 1.67
95 6 2.60
55 70 0.81
42 9 0.67
77 55 0.44
11 33 1.04
36 6 1.15
43 36 1.54
1 59 1.97
46 59 0.27
93 37 0.48
95 59 0.44
64 49 1.25
12 26 1.47
54 96 1.07
98 3 0.81
77 22 0.42
38 12 0.70
14 90 0.51
48 90 1.72
78 0 0.46
77 17 0.97
44 28 0.10
28 35 0.97
94 83 0.84
18 11 2.89
75 15 0.48
97 37 1.76
43 1 0.40
13 45 0.93
38 18 1.72
17 53 1.94
3 81 2.00
85 7 1.43
6 17 0.22
22 59 0.48
81 83 0.30
47 34 1.54
79 30 0.51
88 47 0.54
98 87 0.74
89 75 0.44
13 11 2.95
32 23 0.77
16 10 0.41
95 81 0.43
58 2 0.80
1 47 1.76
80 9 2.39
24 63 0.13
36 46 0.97
57 18 1.29
97 28 0.82
94 53 0.17
63 56 2.77
11 7 1.64
69 35 2.77
20 18 1.93
59 20 0.84
54 34 0.90
94 12 0.18
74 7 1.13
58 78 0.67
62 18 0.69
90 7 2.80
55 67 2.48
40 69 1.02
4 64 0.62
88 31 3.15
27 4 0.95
52 53 0.66
89 22 2.34
8 92 0.44
50 36 0.13
69 96 2.62
64 36 0.15
88 41 0.88
52 23 1.99
67 39 0.75
65 28 0.78
85 46 0.96
74 13 1.43
45 75 1.00
27 65 0.30
4 1 3.05
90 8 0.29
97 23 0.48
88 24 0.41
65 50 0.19
45 15 2.69
7 49 0.39
31 76 2.68
93 78 0.30
6 73 1.43
11 79 3.05
37 38 2.77
1 55 1.29
24 56 1.05
30 62 1.38
84 25 1.02
14 97 1.15
88 51 1.04
79 52 0.27
42 25 0.91
95 27 0.91
96 53 0.40
13 44 0.35
41 25 0.96
96 55 1.93
55 52 2.30
22 65 2.66
36 86 1.37
97 42 2.71
58 38 0.23
49 90 0.99
57 85 2.64
90 59 0.83
23 1 0.56
28 7 1.33
69 56 0.39
95 45 1.84
56 81 0.91
53 11 0.13
50 0 1.08
95 80 0.95
35 70 1.98
87 49 0.23
89 96 0.77
26 98 1.09
82 9 0.16
52 68 1.05
62 1 0.65
85 63 0.40
85 28 1.36
71 14 0.91
65 49 0.94
18 49 0.72
45 3 0.72
23 60 0.91
64 74 0.56
90 52 1.04
76 52 2.79
59 51 2.51
47 31 1.55
54 4 0.42
19 21 0.87
11 69 0.88
42 1 2.37
41 86 0.41
77 76 2.69
63 21 2.46
75 5 0.54
91 58 0.89
19 67 0.23
35 24 0.66
6 57 0.86
52 6 3.10
59 67 0.28
26 68 2.34
90 56 1.16
79 17 0.36
23 21 0.93
99 18 1.03
82 39 0.34
2 92 0.82
55 23 1.15
62 2 2.55
20 82 0.59
48 73 0.24
89 47 0.32
68 62 0.56
48 26 0.52
96 14 0.45
16 50 1.03
10 92 2.40
25 38 2.04
34 10 2.02
70 50 1.66
81 19 0.94
6 87 0.92
84 52 2.91
86 46 0.12
99 64 2.15
85 75 0.50
49 13 2.11
39 91 1.62
17 4 0.33
31 62 0.71
40 58 0.94
22 56 0.49
6 21 2.59
76 55 0.41
29 72 0.63
77 96 0.70
65 9 0.94
43 13 2.47
56 41 0.98
45 57 0.56
71 52 0.92
94 28 0.31
58 45 2.17
27 56 1.92
43 49 1.71
13 5 0.50
10 98 0.34
79 83 1.92
86 18 2.47
98 43 0.92
83 35 0.96
73 74 2.49
28 57 0.92
28 67 2.39
67 32 0.68
68 23 0.82
39 61 0.42
55 60 0.35
94 7 0.82
82 65 2.84
41 5 1.02
13 15 0.50
64 23 1.81
30 87 0.12
73 71 1.72
96 76 0.24
21 88 0.72
1 72 0.28
78 19 1.73
17 15 2.23
52 10 1.80
66 25 1.30
38 81 0.54
1 12 0.75
95 58 0.70
60 14 1.14
26 83 0.21
75 16 2.99
70 66 0.40
93 24 0.65
44 39 0.61
65 54 2.53
26 49 1.63
34 18 1.00
21 83 3.18
46 99 0.66
21 78 0.10
12 8 0.23
72 44 0.42
68 24 2.87
53 32 0.75
37 85 2.97
72 7 0.15
65 88 0.44
90 71 0.85
89 25 0.86
3 9 0.87
85 18 0.50
86 60 0.29
82 85 3.04
89 34 1.01
59 45 1.67
20 22 1.18
92 83 0.40
73 34 2.24
95 78 1.05
23 65 2.87
33 35 3.24
74 71 1.82
27 68 0.87
0 68 0.53
69 27 1.99
31 51 0.35
58 36 2.99
86 64 0.59
99 91 0.52
70 53 0.98
93 47 1.77
78 6 0.19
57 5 2.21
0 23 0.87
99 0 1.22
96 92 0.50
93 84 0.27
23 5 2.81
37 53 0.71
32 19 1.02
51 26 1.03
76 25 3.15
82 81 0.59
54 99 0.11
94 97 0.98
97 71 0.87
87 7 0.93
82 62 0.55
58 49 0.25
72 60 0.96
75 62 1.09
93 54 1.72
38 69 0.55
64 87 1.54
59 91 0.61
95 75 2.20
63 69 1.90
71 70 0.15
46 42 2.56
49 96 1.14
92 94 1.55
30 69 2.43
92 35 2.45
75 4 2.43
84 64 0.38
93 45 1.06
85 62 0.74
86 65 0.95
62 91 2.04
82 73 0.45
67 1 0.92
84 55 0.14
59 50 1.20
48 12 0.93
60 84 0.62
80 40 2.11
60 87 1.03
74 87 0.87
26 14 1.60
95 40 0.72
95 55 0.81
8 28 3.22
88 70 0.38
29 9 0.69
86 6 0.15
97 81 3.03
44 6 1.86
71 10 0.81
72 79 0.64
98 49 0.56
69 33 0.80
13 1 1.96
41 69 0.32
34 70 0.27
47 0 1.24
81 29 3.06
55 65 0.82
59 43 0.14
88 7 0.94
32 29 0.99
48 39 0.30
98 7 1.72
43 40 0.61
76 19 2.35
68 70 0.67
77 67 0.34
64 11 0.59
78 7 0.87
74 22 0.97
38 33 0.55
79 77 0.97
39 12 0.70
39 85 1.07
62 51 1.37
47 33 1.30
36 77 0.42
56 88 0.96
58 34 1.01
86 45 2.50
64 72 0.59
50 47 0.35
87 57 2.98
44 58 0.49
25 68 0.86
99 39 2.60
47 82 0.80
21 81 1.61
5 99 2.37
66 50 1.14
43 87 2.85
88 34 1.16
80 99 0.85
95 16 0.89
27 90 3.15
69 28 0.22
32 21 0.61
82 57 3.16
93 36 0.36
45 27 0.23
24 11 2.46
61 33 0.74
27 20 1.65
0 24 0.52
4 94 2.25
19 37 0.43
15 2 0.76
79 94 1.39
87 33 0.62
15 80 0.48
46 11 1.40
52 39 3.03
83 5 0.94
79 36 0.78
17 8 1.50
58 56 0.47
76 32 0.22
90 95 1.04
76 56 1.49
98 47 0.93
11 57 2.02
21 16 2.38
17 23 0.94
79 20 0.96
51 10 2.94
30 14 1.04
80 18 3.23
10 4 0.61
93 86 0.41
41 28 0.97
43 48 0.74
82 4 2.58
25 62 0.81
88 92 0.62
49 6 1.26
70 44 2.27
75 87 0.82
59 18 1.38
17 49 0.24
18 6 0.66
4 65 0.73
69 12 2.82
32 8 0.78
96 47 0.19
50 30 2.69
46 74 0.89
9 60 0.37
16 8 0.38
25 15 0.65
92 25 0.14
83 85 0.25
28 10 3.00
83 20 1.76
82 8 0.74
14 9 1.76
27 84 0.74
80 16 0.68
4 31 0.66
57 71 3.18
23 11 0.69
9 31 0.31
17 52 0.33
65 16 0.21
5 84 0.70
67 47 2.99
89 97 0.31
80 30 0.62
68 88 1.02
81 73 0.78
34 80 0.59
53 87 0.41
86 29 1.37
63 5 1.22
33 22 0.24
28 21 0.57
42 76 0.47
76 36 0.83
5 93 2.74
90 54 1.05
45 26 2.51
2 18 0.49
11 22 1.66
94 59 0.87
10 60 0.13
76 39 0.20
57 13 3.17
35 65 1.09
74 62 0.95
95 77 0.21
44 3 2.96
43 7 1.74
67 49 0.28
16 83 1.80
91 49 0.82
66 11 0.51
79 88 1.41
98 64 0.53
51 3 0.33
91 48 0.23
9 92 1.28
61 31 0.15
21 49 0.68
67 61 2.31
0 72 2.51
14 65 0.83
87 34 0.36
51 75 2.10
63 11 1.05
18 42 1.84
1 22 0.47
63 79 1.41
29 3 0.70
96 42 2.10
51 93 0.55
73 28 0.71
80 52 0.52
0 3 1.67
66 60 0.32
0 52 1.13
5 62 0.26
44 75 3.03
87 22 2.96
85 67 0.75
97 56 0.56
96 11 0.15
87 59 0.84
40 94 0.15
23 94 1.13
17 82 1.03
93 53 0.85
79 0 1.23
20 12 2.83
42 98 0.42
5 33 0.94
64 7 0.69
69 82 0.23
62 12 1.00
8 7 0.99
20 51 1.51
81 74 0.46
87 48 0.28
0 62 0.95
45 17 0.84
39 21 2.63
10 35 0.52
90 72 1.93
67 53 1.03
81 11 0.38
48 58 0.18
65 26 2.53
42 77 0.34
83 70 1.02
53 49 0.58
45 62 0.77
59 52 0.80
66 33 0.33
60 92 2.06
70 79 0.26
68 33 0.80
19 79 0.75
55 5 2.72
79 28 0.76
91 71 0.26
46 6 2.49
39 43 0.35
71 67 0.38
16 9 0.48
38 92 0.14
31 5 2.77
98 66 0.66
21 69 2.95
90 77 0.43
60 39 0.22
94 13 0.33
36 69 0.75
88 71 2.91
92 76 2.73
88 10 0.98
34 49 0.62
50 40 2.40
95 32 0.41
75 42 0.57
46 73 1.86
63 93 0.28
90 83 0.53
93 4 0.37
90 97 2.56
80 60 1.20
86 74 2.29
50 75 1.15
22 5 0.38
77 10 1.45
93 83 0.72
78 12 0.78
73 30 2.06
40 87 1.00
60 40 0.80
90 37 0.64
65 1 3.00
43 23 0.59
31 12 2.13
97 20 0.79
73 11 0.88
78 43 0.46
54 29 3.23
18 12 1.16
36 11 1.52
73 66 0.35
91 77 2.72
57 32 0.59
77 48 1.07
88 18 0.61
4 44 1.69
88 39 0.46
45 60 0.81
91 66 1.72
62 21 0.24
24 58 0.88
50 99 2.75
16 14 0.99
70 39 0.64
62 6 0.52
99 53 1.00
49 38 2.25
65 64 1.01
97 29 0.99
72 30 0.99
3 68 0.91
45 44 0.86
71 8 0.18
14 98 1.68
57 63 0.50
27 13 0.55
41 18 0.43
65 84 0.39
0 37 1.95
10 75 0.19
96 39 1.42
16 26 0.68
9 91 0.16
66 15 1.30
97 67 1.02
62 73 0.71
93 42 1.00
75 21 0.34
40 21 0.93
59 25 3.08
53 78 2.01
81 12 0.81
45 92 0.72
88 67 0.61
65 59 0.56
6 91 0.72
29 2 0.32
29 22 1.06
38 64 1.08
96 18 0.38
37 34 1.02
77 66 0.81
49 93 0.78
86 82 0.30
82 41 3.30
24 73 0.10
50 14 1.17
48 32 2.78
93 34 2.93
33 28 1.01
76 8 1.54
58 61 0.81
66 0 0.44
67 82 2.60
57 52 0.41
90 61 0.13
93 74 0.77
76 91 1.09
86 88 0.59
21 13 0.29
3 35 0.89
70 7 0.22
57 35 0.61
70 27 2.89
61 98 0.74
85 70 1.06
48 56 0.13
99 63 1.30
27 63 0.31
61 85 0.98
87 88 0.70
22 10 1.09
71 42 0.26
89 12 1.13
38 29 0.59
81 75 0.62
84 15 0.57
67 62 2.13
40 25 0.54
99 41 2.21
96 28 0.84
79 81 0.73
2 40 0.58
92 22 2.12
73 58 0.96
98 68 0.33
90 26 1.05
5 68 2.17
76 21 0.52
64 50 1.42
56 7 0.52
21 89 0.63
65 39 1.07
90 25 0.64
54 23 0.66
75 70 1.20
6 43 0.19
7 44 0.47
78 64 0.60
82 14 0.53
17 7 2.72
10 90 3.04
70 98 0.67
36 65 0.96
22 52 0.38
88 28 3.01
11 86 0.63
82 58 1.04
16 1 0.99
31 60 2.88
31 18 1.57
96 66 0.95
50 48 0.56
19 38 2.77
57 24 1.05
51 53 0.53
39 35 1.00
88 53 0.91
64 24 0.64
0 86 1.30
7 4 1.72
91 10 0.83
47 48 2.60
1 8 0.45
23 31 0.43
99 83 1.41
39 79 1.05
37 80 0.75
93 73 0.84
62 53 0.75
51 85 0.81
56 8 0.55
37 43 1.00
70 60 0.56
16 60 0.39
59 75 0.17
24 22 1.14
84 20 0.23
56 43 0.53
37 26 1.03
4 60 0.37
47 84 0.78
84 66 0.67
94 90 0.62
65 25 0.57
71 13 0.44
81 26 0.57
53 47 1.91
98 78 0.81
17 20 0.95
95 72 0.48
43 86 0.60
3 75 1.72
61 12 0.92
92 51 0.59
80 2 0.41
44 34 1.60
59 28 0.96
51 50 0.67
1 28 0.20
71 11 0.68
47 10 0.36
72 58 2.42
33 78 0.43
53 0 0.98
3 88 0.42
11 14 2.42
75 68 2.78
89 35 1.22
1 90 1.36
95 30 3.19