100
0 1 59.623
0 15 54.258
0 25 4.464
0 26 11.759
0 27 0.371
1 28 3.108
1 29 16.238
1 30 17.796
2 13 64.705
2 4 61.496
2 31 7.301
2 32 10.669
2 33 9.715
3 13 63.345
3 34 6.313
3 35 8.529
3 36 10.932
4 23 64.484
4 24 66.689
4 37 4.559
4 38 4.35
4 39 7.532
5 21 55.37
5 40 7.057
5 41 8.428
5 42 6.05
6 8 57.131
6 9 60.012
6 19 59.645
6 43 6.162
6 44 10.557
6 45 12.027
7 23 56.436
7 46 13.422
7 47 18.027
7 48 3.419
8 49 9.846
8 50 10.992
8 51 3.102
9 52 7.166
9 53 15.144
9 54 8.253
10 20 65.39
10 55 12.508
10 56 10.184
10 57 18.904
11 16 61.589
11 58 15.139
11 59 14.217
11 60 11.777
12 16 55.436
12 61 10.846
12 62 19.468
12 63 10.829
13 64 5.391
13 65 7.084
13 66 6.704
14 15 59.534
14 21 58.673
14 67 15.609
14 68 11.818
14 69 17.218
15 22 66.572
15 70 7.534
15 71 11.771
15 72 11.449
16 19 59.503
16 22 55.437
16 73 16.006
16 74 4.712
16 75 8.77
17 19 61.182
17 76 9.818
17 77 10.122
17 78 10.063
18 20 62.593
18 79 10.03
18 80 13.858
18 81 15.002
19 82 12.186
19 83 6.665
19 84 5.309
20 21 56.181
20 85 9.577
20 86 15.213
20 87 19.642
21 24 56.639
21 88 14.495
21 89 19.433
21 90 12.596
22 91 10.544
22 92 13.235
22 93 14.148
23 94 12.068
23 95 7.311
23 96 14.455
24 97 14.324
24 98 7.125
24 99 4.036
25 62 25.26
26 55 11.152
27 74 17.947
28 32 11.342
29 68 16.976
29 85 17.394
30 69 27.997
30 81 16.099
31 87 27.186
31 49 14.23
32 81 22.146
32 89 19.577
33 84 19.384
34 52 20.236
34 89 12.586
35 60 31.745
35 57 18.168
36 59 19.681
36 71 23.562
37 54 16.361
38 40 25.253
38 64 25.154
39 71 20.456
39 44 16.465
39 72 21.635
40 66 23.472
41 77 25.89
42 46 33.146
43 91 33.247
44 50 19.853
45 92 19.402
45 95 17.597
45 62 7.787
45 58 19.16
46 70 28.134
46 72 24.15
46 78 21.607
47 96 24.148
47 78 21.332
48 51 25.782
48 52 30.96
49 80 24.046
50 97 24.203
52 94 22.932
53 86 17.408
53 58 18.29
54 56 30.899
54 81 19.808
55 63 20.466
55 58 15.597
56 91 18.659
57 85 18.739
58 99 18.471
59 65 9.064
60 75 22.603
61 67 17.496
61 78 21.008
62 80 29.119
64 89 13.822
66 77 20.519
67 82 17.049
69 73 28.353
70 76 17.009
72 89 18.393
74 88 26.445
74 77 26.464
77 98 25.981
78 80 21.544
79 85 14.526
83 87 29.293
84 90 10.396
85 97 13.05
90 92 17.212
93 94 16.774