100
0 1 76
0 2 52
0 3 38
0 4 14
0 5 30
0 6 41
0 7 78
0 8 60
0 9 53
0 10 46
0 11 5
0 12 59
0 13 92
0 14 92
0 15 66
0 16 72
0 17 80
0 18 30
0 19 48
0 20 9
0 21 16
0 22 36
0 23 66
0 24 1
0 25 30
0 26 80
0 27 44
0 28 92
0 29 50
0 30 59
0 31 22
0 32 84
0 33 88
0 34 58
0 35 9
0 36 63
0 37 37
0 38 30
0 39 84
0 40 85
0 41 1
0 42 57
0 43 38
0 44 42
0 45 77
0 46 90
0 47 64
0 48 60
0 49 13
0 50 47
0 51 21
0 52 65
0 53 4
0 54 39
0 55 81
0 56 43
0 57 96
0 58 26
0 59 97
0 60 12
0 61 31
0 62 35
0 63 50
0 64 93
0 65 80
0 66 72
0 67 34
0 68 90
0 69 93
0 70 29
0 71 17
0 72 55
0 73 30
0 74 36
0 75 21
0 76 27
0 77 63
0 78 77
0 79 36
0 80 60
0 81 51
0 82 36
0 83 67
0 84 10
0 85 69
0 86 97
0 87 12
0 88 22
0 89 74
0 90 77
0 91 72
0 92 27
0 93 67
0 94 13
0 95 52
0 96 62
0 97 77
0 98 70
0 99 90
1 78 28
1 31 47
1 82 17
1 87 74
1 6 48
1 22 47
1 41 71
1 80 27
1 2 67
1 65 30
1 62 33
1 86 85
1 98 43
1 35 4
1 95 66
1 32 18
1 53 69
1 39 26
1 89 45
1 11 27
1 43 4
1 14 93
1 88 13
1 45 87
1 25 45
1 48 31
1 26 36
1 69 30
1 33 18
1 81 79
1 13 34
1 29 46
1 96 96
1 23 29
1 92 77
1 36 34
1 55 8
1 20 17
1 54 66
1 79 34
1 56 94
1 21 92
1 3 77
1 5 6
1 7 53
1 9 79
1 10 39
1 15 69
1 16 2
1 42 95
1 50 36
1 51 24
1 58 95
1 61 50
1 75 7
1 76 64
1 84 68
1 90 85
1 93 38
1 97 31
2 79 90
2 41 4
2 85 65
2 52 93
2 18 25
2 38 46
2 69 86
2 64 36
2 5 64
2 7 63
2 14 92
2 16 44
2 20 12
2 21 71
2 22 25
2 23 85
2 26 27
2 28 31
2 29 17
2 35 15
2 44 25
2 45 80
2 50 89
2 54 36
2 55 81
2 57 81
2 60 18
2 61 73
2 66 18
2 74 95
2 76 58
2 77 73
2 81 71
2 82 68
2 97 86
2 98 65
2 99 92
3 62 44
3 88 94
3 17 31
3 84 96
3 95 20
3 92 26
3 67 97
3 78 13
3 54 3
3 43 25
3 8 16
3 12 47
3 52 45
3 32 49
3 77 25
3 25 26
3 23 57
3 96 84
3 94 24
3 89 80
3 76 21
3 81 23
3 44 55
3 30 50
3 64 29
3 34 80
3 38 88
3 35 27
3 74 73
3 41 61
3 15 87
3 50 77
3 65 88
3 61 95
3 66 80
3 60 26
3 18 63
3 42 46
3 98 52
3 6 17
3 9 21
3 10 3
3 13 37
3 14 10
3 16 42
3 19 81
3 20 56
3 26 31
3 28 9
3 37 17
3 40 74
3 46 57
3 47 99
3 51 32
3 55 33
3 57 46
3 59 38
3 68 59
3 69 87
3 82 66
3 86 57
3 87 61
4 39 3
4 51 10
4 41 48
4 97 42
4 27 47
4 20 3
4 71 71
4 44 84
4 24 90
4 40 13
4 35 44
4 32 35
4 37 33
4 49 91
4 5 93
4 6 71
4 7 49
4 8 56
4 9 34
4 13 61
4 19 59
4 21 49
4 23 78
4 28 94
4 29 81
4 38 77
4 43 38
4 48 2
4 52 29
4 53 51
4 54 4
4 55 47
4 59 99
4 62 58
4 63 82
4 64 26
4 67 20
4 68 81
4 69 68
4 76 46
4 77 46
4 89 34
4 90 35
4 99 24
5 22 25
5 33 11
5 57 87
5 42 20
5 41 40
5 53 83
5 60 58
5 73 69
5 36 20
5 63 18
5 47 82
5 31 86
5 54 73
5 23 85
5 19 25
5 58 8
5 8 38
5 72 82
5 48 73
5 90 17
5 99 11
5 50 75
5 87 28
5 26 16
5 52 5
5 29 28
5 59 31
5 75 98
5 7 32
5 9 63
5 13 25
5 14 72
5 16 43
5 18 52
5 21 85
5 32 27
5 38 20
5 40 43
5 43 36
5 46 76
5 49 52
5 51 93
5 56 27
5 62 29
5 65 28
5 68 96
5 71 32
5 76 2
5 80 14
5 84 99
5 86 20
5 89 49
5 95 84
6 28 46
6 87 25
6 54 22
6 45 77
6 99 78
6 9 58
6 62 74
6 63 98
6 59 41
6 50 73
6 57 76
6 13 99
6 82 5
6 88 13
6 56 29
6 46 36
6 61 27
6 47 36
6 26 30
6 95 99
6 20 58
6 70 39
6 44 6
6 66 30
6 49 3
6 93 70
6 76 95
6 96 26
6 36 44
6 48 48
6 33 16
6 97 68
6 29 43
6 16 16
6 24 99
6 7 58
6 39 2
6 71 51
6 42 21
6 83 5
6 17 1
6 41 45
6 79 11
6 65 59
6 10 15
6 86 32
6 77 96
6 35 72
6 78 14
6 64 54
6 43 79
6 11 95
6 12 95
6 15 46
6 18 29
6 21 37
6 23 38
6 30 89
6 34 88
6 38 67
6 40 18
6 51 11
6 52 54
6 55 1
6 68 12
6 69 80
6 73 17
6 85 71
7 35 97
7 76 86
7 99 85
7 13 35
7 51 65
7 44 23
7 49 56
7 15 38
7 75 43
7 57 44
7 71 62
7 41 8
7 9 7
7 65 60
7 24 38
7 32 34
7 83 16
7 27 37
7 56 31
7 80 72
7 12 39
7 91 16
7 70 53
7 86 4
7 68 88
7 79 19
7 55 12
7 82 25
7 31 72
7 89 57
7 50 29
7 95 9
7 93 5
7 11 41
7 29 89
7 16 13
7 18 49
7 19 47
7 20 86
7 21 53
7 23 41
7 26 14
7 37 2
7 42 18
7 43 5
7 45 73
7 46 77
7 48 52
7 54 11
7 59 43
7 64 12
7 66 10
7 81 71
7 84 35
7 87 32
7 97 68
8 88 12
8 40 62
8 97 59
8 93 82
8 68 81
8 32 84
8 17 80
8 61 12
8 96 16
8 16 9
8 67 99
8 38 78
8 55 80
8 39 49
8 50 95
8 71 7
8 85 76
8 44 8
8 21 45
8 73 15
8 79 71
8 82 32
8 27 15
8 92 50
8 12 83
8 9 70
8 10 26
8 13 75
8 23 40
8 26 14
8 28 87
8 33 86
8 37 63
8 45 19
8 46 84
8 49 63
8 53 86
8 59 19
8 60 53
8 63 46
8 69 57
8 72 63
8 76 96
8 80 37
8 84 6
8 86 83
8 99 21
9 76 71
9 48 4
9 36 38
9 87 66
9 17 44
9 94 50
9 89 1
9 62 2
9 51 72
9 82 44
9 63 93
9 65 11
9 68 91
9 34 10
9 28 85
9 49 11
9 31 60
9 61 85
9 35 58
9 40 53
9 86 23
9 50 41
9 77 28
9 12 35
9 22 9
9 41 66
9 13 86
9 95 73
9 37 49
9 24 63
9 91 71
9 14 25
9 81 8
9 70 79
9 44 81
9 10 98
9 25 28
9 69 43
9 64 92
9 84 23
9 32 96
9 54 92
9 30 92
9 27 21
9 19 97
9 90 23
9 59 4
9 53 7
9 16 52
9 18 18
9 21 22
9 38 82
9 43 93
9 52 85
9 57 90
9 71 55
9 74 14
9 80 38
9 83 62
9 88 48
9 93 75
9 97 3
10 78 82
10 45 58
10 34 15
10 98 11
10 56 8
10 76 76
10 25 99
10 43 43
10 41 80
10 30 9
10 64 32
10 99 45
10 88 9
10 84 51
10 69 30
10 80 63
10 32 61
10 15 50
10 19 52
10 39 72
10 18 45
10 60 14
10 63 69
10 58 29
10 33 1
10 22 67
10 26 22
10 29 30
10 77 1
10 70 79
10 54 63
10 51 28
10 50 95
10 96 30
10 66 78
10 81 6
10 94 25
10 48 22
10 28 87
10 90 38
10 83 4
10 12 17
10 97 41
10 14 64
10 46 19
10 49 84
10 59 54
10 42 1
10 93 54
10 79 89
10 57 52
10 21 83
10 72 19
10 44 70
10 67 13
10 38 57
10 24 54
10 47 82
10 23 2
10 65 12
10 35 26
10 13 19
10 27 1
10 31 40
10 40 44
10 53 85
10 55 60
10 61 91
10 62 9
10 68 1
10 75 80
10 82 38
10 86 58
10 87 99
10 95 59
11 63 91
11 98 49
11 54 85
11 33 98
11 62 28
11 70 53
11 15 25
11 48 6
11 17 29
11 46 56
11 12 18
11 13 19
11 16 2
11 19 76
11 20 4
11 22 63
11 23 42
11 26 32
11 28 23
11 30 2
11 40 32
11 43 40
11 44 88
11 45 52
11 49 90
11 50 95
11 52 88
11 55 88
11 57 50
11 59 70
11 61 61
11 68 81
11 69 2
11 72 24
11 80 92
11 83 70
11 85 9
11 86 8
11 95 26
12 43 83
12 80 98
12 22 75
12 86 80
12 73 29
12 23 97
12 47 69
12 38 84
12 35 3
12 97 58
12 31 35
12 44 54
12 55 99
12 91 58
12 69 75
12 71 59
12 19 8
12 93 50
12 94 1
12 68 52
12 70 37
12 24 8
12 61 86
12 63 44
12 72 75
12 85 82
12 40 36
12 39 78
12 54 22
12 13 6
12 76 86
12 53 3
12 83 73
12 67 74
12 32 75
12 17 77
12 20 75
12 26 26
12 27 4
12 28 92
12 30 10
12 34 20
12 36 18
12 37 63
12 41 37
12 42 72
12 46 55
12 49 44
12 56 22
12 59 68
12 62 17
12 64 4
12 88 5
12 89 8
12 95 15
12 99 41
13 33 85
13 18 13
13 52 32
13 37 97
13 60 24
13 42 21
13 85 59
13 49 30
13 88 54
13 87 40
13 82 28
13 21 58
13 56 66
13 84 26
13 19 90
13 77 86
13 61 49
13 95 82
13 66 26
13 62 97
13 83 85
13 67 35
13 79 97
13 29 36
13 70 64
13 71 25
13 63 45
13 47 38
13 69 62
13 57 90
13 39 12
13 14 97
13 50 24
13 59 28
13 91 58
13 81 26
13 89 26
13 75 3
13 43 77
13 68 65
13 93 77
13 54 71
13 40 74
13 73 19
13 78 76
13 20 26
13 22 54
13 23 45
13 26 44
13 27 25
13 28 36
13 30 55
13 36 68
13 38 62
13 46 26
13 53 49
13 55 77
13 80 67
14 22 43
14 37 14
14 86 94
14 97 45
14 33 78
14 31 16
14 77 26
14 38 24
14 40 23
14 68 31
14 81 12
14 66 35
14 92 87
14 16 68
14 28 17
14 63 53
14 64 74
14 43 18
14 91 49
14 57 61
14 69 11
14 65 35
14 82 41
14 75 58
14 98 40
14 60 42
14 74 8
14 85 90
14 71 96
14 20 68
14 26 6
14 32 92
14 39 77
14 46 2
14 48 95
14 49 95
14 50 40
14 52 89
14 55 9
14 59 20
14 72 90
14 76 91
14 79 1
14 80 16
14 84 68
14 89 24
14 90 74
14 93 68
15 49 22
15 43 24
15 18 30
15 23 61
15 24 65
15 26 57
15 28 18
15 32 19
15 35 65
15 36 91
15 39 63
15 40 71
15 41 64
15 44 66
15 46 72
15 48 68
15 50 48
15 53 42
15 54 60
15 56 5
15 59 8
15 60 35
15 61 9
15 62 36
15 63 54
15 68 24
15 73 59
15 75 93
15 82 12
15 85 89
15 86 49
15 87 36
15 97 44
15 98 69
16 29 10
16 39 97
16 69 95
16 79 42
16 74 43
16 26 41
16 53 35
16 21 37
16 82 29
16 52 52
16 99 36
16 87 13
16 51 9
16 18 70
16 55 49
16 32 8
16 49 23
16 35 65
16 71 43
16 50 4
16 23 90
16 61 70
16 31 45
16 77 17
16 30 92
16 27 93
16 34 34
16 83 19
16 72 65
16 48 53
16 62 24
16 22 56
16 36 95
16 80 57
16 41 69
16 46 69
16 24 6
16 59 49
16 37 70
16 65 4
16 19 80
16 89 22
16 70 83
16 84 27
16 28 84
16 44 31
16 33 83
16 38 19
16 43 93
16 45 15
16 54 3
16 57 26
16 75 11
16 76 67
16 97 72
17 88 68
17 81 27
17 18 20
17 20 38
17 27 27
17 28 26
17 29 76
17 30 31
17 32 24
17 38 62
17 39 81
17 41 46
17 44 83
17 45 11
17 46 9
17 48 8
17 49 96
17 50 83
17 51 4
17 54 23
17 57 93
17 61 58
17 64 74
17 68 65
17 70 37
17 73 72
17 76 29
17 79 51
17 83 62
17 85 58
17 86 17
17 87 27
17 95 69
17 97 19
18 64 55
18 20 98
18 26 22
18 30 77
18 70 19
18 68 8
18 90 3
18 67 66
18 61 47
18 79 71
18 37 17
18 84 20
18 39 7
18 71 90
18 55 27
18 98 57
18 97 7
18 24 93
18 80 12
18 83 56
18 31 44
18 42 10
18 48 73
18 75 13
18 59 20
18 34 68
18 19 11
18 69 81
18 40 67
18 41 94
18 56 33
18 22 49
18 23 14
18 27 96
18 32 49
18 44 16
18 45 23
18 46 4
18 51 97
18 63 23
18 65 57
18 66 24
18 73 83
18 78 44
18 82 79
18 88 71
18 95 47
19 25 53
19 84 50
19 77 74
19 76 89
19 83 1
19 41 10
19 67 91
19 47 95
19 97 29
19 61 75
19 45 31
19 86 46
19 81 85
19 43 11
19 88 43
19 46 90
19 62 66
19 72 87
19 50 27
19 65 89
19 36 88
19 99 67
19 22 32
19 21 72
19 87 44
19 79 77
19 66 8
19 20 87
19 23 16
19 27 30
19 28 58
19 37 98
19 38 58
19 44 75
19 48 27
19 51 93
19 52 61
19 54 25
19 57 74
19 63 97
19 68 74
19 69 78
19 75 11
19 80 86
19 82 74
19 85 7
19 89 37
20 80 78
20 42 48
20 44 61
20 98 16
20 53 51
20 35 86
20 50 86
20 59 3
20 24 99
20 36 46
20 83 18
20 46 95
20 28 27
20 84 88
20 74 93
20 54 84
20 26 30
20 91 66
20 78 45
20 30 7
20 69 34
20 72 43
20 61 3
20 47 29
20 38 66
20 55 60
20 41 39
20 79 33
20 71 98
20 95 38
20 97 17
20 25 15
20 81 77
20 22 33
20 21 96
20 23 81
20 27 71
20 37 36
20 43 6
20 45 1
20 56 48
20 57 62
20 63 74
20 64 70
20 73 47
20 85 24
20 86 4
20 87 56
21 97 3
21 84 51
21 38 63
21 62 80
21 35 43
21 27 90
21 91 26
21 73 85
21 37 54
21 66 58
21 53 67
21 63 39
21 69 14
21 55 74
21 60 45
21 52 41
21 87 58
21 77 60
21 95 15
21 80 43
21 92 17
21 85 63
21 83 45
21 43 67
21 93 29
21 82 65
21 48 23
21 32 87
21 42 56
21 78 47
21 51 7
21 94 20
21 39 67
21 57 72
21 23 10
21 50 61
21 74 85
21 33 59
21 34 62
21 64 46
21 29 21
21 28 19
21 68 6
21 46 47
21 75 31
21 81 21
21 86 28
21 30 86
21 24 62
21 26 66
21 56 81
21 71 76
21 76 72
21 79 52
22 62 57
22 36 19
22 42 5
22 59 46
22 58 83
22 73 62
22 55 75
22 49 72
22 41 83
22 69 93
22 90 26
22 85 84
22 77 47
22 84 22
22 48 8
22 71 99
22 57 77
22 65 39
22 79 48
22 23 84
22 27 6
22 30 28
22 32 75
22 39 78
22 40 22
22 43 68
22 45 78
22 50 26
22 64 57
22 67 92
22 72 75
22 75 20
22 76 54
22 80 54
22 82 10
22 86 87
22 87 67
22 97 72
23 43 73
23 47 96
23 45 77
23 67 96
23 98 18
23 39 68
23 34 47
23 97 40
23 83 9
23 24 54
23 46 66
23 95 4
23 60 67
23 40 49
23 84 39
23 55 24
23 44 82
23 49 50
23 36 97
23 70 48
23 75 4
23 65 87
23 32 52
23 76 19
23 94 2
23 52 81
23 29 67
23 81 15
23 96 99
23 85 79
23 27 54
23 74 77
23 25 55
23 57 18
23 71 87
23 82 21
23 79 56
23 92 35
23 89 74
23 41 48
23 59 58
23 53 90
23 62 10
23 66 11
23 90 26
23 31 18
23 26 73
23 28 55
23 30 66
23 37 88
23 38 53
23 61 11
23 63 66
23 64 76
23 80 28
24 97 79
24 75 60
24 38 42
24 92 14
24 90 76
24 71 39
24 55 26
24 59 2
24 98 86
24 25 94
24 50 46
24 40 42
24 54 50
24 80 18
24 87 23
24 89 44
24 27 68
24 28 46
24 32 76
24 34 5
24 37 45
24 41 20
24 43 13
24 44 45
24 45 51
24 46 34
24 49 23
24 51 27
24 52 38
24 63 93
24 64 66
24 76 12
24 78 82
24 79 13
24 86 13
24 88 7
24 95 49
25 58 92
25 69 78
25 27 44
25 28 84
25 31 38
25 32 95
25 33 28
25 37 52
25 39 17
25 40 22
25 44 95
25 45 66
25 46 65
25 48 93
25 50 91
25 53 94
25 54 89
25 57 26
25 61 94
25 62 44
25 63 70
25 70 82
25 74 17
25 79 1
25 83 52
25 97 98
25 99 39
26 64 75
26 77 6
26 78 49
26 50 6
26 62 66
26 37 92
26 80 86
26 58 18
26 94 39
26 65 32
26 48 70
26 75 31
26 39 10
26 96 66
26 89 45
26 40 38
26 74 73
26 83 86
26 42 1
26 47 89
26 55 97
26 85 61
26 95 15
26 90 33
26 36 48
26 46 57
26 28 31
26 44 57
26 76 93
26 27 36
26 69 7
26 67 27
26 82 74
26 97 11
26 72 50
26 45 89
26 70 16
26 59 72
26 35 50
26 41 88
26 81 65
26 92 73
26 31 2
26 32 78
26 33 91
26 38 23
26 43 91
26 49 65
26 57 25
26 84 87
26 88 67
26 98 90
27 52 21
27 59 49
27 96 97
27 45 59
27 34 37
27 66 6
27 43 43
27 83 81
27 97 38
27 47 26
27 28 80
27 58 22
27 60 21
27 37 85
27 46 44
27 86 3
27 89 52
27 31 34
27 82 93
27 71 24
27 63 90
27 30 69
27 35 99
27 38 77
27 39 97
27 88 74
27 55 96
27 87 79
27 93 68
27 84 38
27 99 82
27 44 52
27 57 64
27 95 45
27 36 11
27 94 70
27 74 10
27 48 67
27 98 33
27 54 95
27 50 4
27 56 86
27 68 27
27 69 5
27 72 68
27 73 69
27 76 27
27 77 87
27 79 20
27 80 41
27 90 79
28 85 23
28 92 43
28 52 40
28 86 28
28 63 72
28 69 10
28 98 23
28 35 56
28 30 17
28 88 41
28 39 9
28 81 62
28 80 47
28 56 25
28 53 43
28 96 13
28 45 29
28 42 77
28 87 99
28 79 75
28 90 58
28 68 23
28 78 65
28 47 11
28 62 26
28 51 73
28 40 77
28 43 39
28 61 43
28 44 69
28 37 76
28 65 45
28 70 75
28 33 81
28 34 36
28 38 95
28 46 83
28 57 5
28 59 76
28 64 72
28 75 36
28 76 9
28 97 27
29 85 92
29 60 34
29 65 34
29 73 53
29 40 15
29 38 54
29 50 15
29 37 46
29 67 44
29 52 97
29 36 10
29 31 27
29 90 39
29 53 27
29 48 30
29 79 23
29 47 9
29 58 29
29 92 66
29 69 90
29 41 87
29 43 55
29 44 89
29 46 91
29 51 56
29 56 90
29 57 64
29 62 57
29 63 99
29 64 95
29 68 36
29 77 49
29 83 90
29 84 88
29 98 5
30 75 33
30 35 52
30 94 28
30 81 3
30 78 72
30 63 60
30 66 69
30 56 64
30 82 72
30 48 92
30 41 54
30 32 75
30 55 8
30 49 46
30 61 92
30 70 14
30 69 35
30 67 23
30 40 4
30 77 61
30 38 29
30 44 56
30 45 81
30 46 1
30 47 84
30 50 10
30 52 22
30 54 55
30 65 99
30 76 53
30 80 56
30 86 60
30 88 48
30 89 39
30 97 17
31 77 9
31 51 91
31 52 87
31 46 62
31 64 17
31 97 68
31 67 85
31 53 38
31 39 50
31 92 84
31 66 54
31 55 66
31 89 85
31 72 81
31 38 14
31 98 84
31 75 70
31 61 72
31 70 12
31 94 63
31 82 97
31 32 8
31 37 78
31 42 53
31 56 92
31 68 19
31 71 29
31 74 94
31 76 95
31 79 70
31 80 25
31 83 58
31 85 69
31 87 64
31 88 9
32 50 83
32 34 89
32 64 32
32 68 74
32 41 64
32 85 13
32 43 71
32 61 87
32 62 86
32 83 73
32 93 85
32 81 16
32 52 78
32 54 50
32 65 99
32 60 17
32 97 35
32 78 60
32 53 16
32 80 9
32 56 10
32 76 21
32 79 26
32 38 11
32 40 29
32 42 48
32 44 98
32 45 68
32 46 63
32 48 94
32 51 59
32 57 16
32 63 98
32 66 27
32 86 88
32 88 32
32 90 66
33 69 12
33 35 48
33 61 12
33 74 66
33 83 64
33 96 69
33 40 36
33 45 27
33 82 42
33 72 2
33 53 79
33 66 62
33 95 13
33 94 10
33 84 85
33 58 2
33 71 78
33 92 70
33 98 90
33 41 30
33 85 10
33 99 29
33 39 44
33 65 2
33 79 71
33 81 17
33 38 25
33 43 14
33 50 35
33 51 25
33 52 10
33 54 58
33 64 74
33 68 47
33 70 42
33 86 56
33 88 35
34 35 38
34 41 52
34 92 37
34 69 77
34 44 26
34 85 86
34 76 2
34 71 71
34 65 77
34 47 81
34 51 48
34 72 19
34 88 2
34 70 4
34 75 39
34 68 96
34 42 99
34 79 51
34 84 17
34 66 25
34 93 29
34 62 53
34 38 36
34 55 42
34 89 5
34 36 21
34 82 68
34 40 66
34 43 3
34 46 69
34 53 66
34 59 94
34 61 61
34 74 27
34 87 63
34 91 70
35 92 6
35 93 5
35 65 82
35 71 40
35 86 94
35 45 40
35 49 64
35 58 5
35 99 44
35 38 88
35 37 80
35 40 17
35 42 83
35 43 91
35 47 99
35 48 29
35 50 86
35 51 86
35 53 99
35 56 63
35 59 37
35 61 93
35 63 68
35 64 30
35 74 69
35 76 68
35 78 15
35 79 71
35 83 96
35 89 32
35 90 39
35 95 34
35 97 23
35 98 99
36 85 57
36 66 35
36 63 14
36 70 47
36 95 82
36 42 73
36 89 93
36 90 67
36 45 55
36 69 62
36 38 28
36 40 22
36 41 1
36 46 67
36 49 71
36 51 36
36 52 91
36 53 21
36 56 42
36 59 50
36 60 4
36 61 51
36 64 76
36 65 31
36 75 73
36 76 93
36 78 87
36 79 40
36 82 46
36 83 75
36 84 7
36 86 55
36 97 90
37 77 55
37 66 10
37 79 31
37 90 57
37 56 70
37 63 59
37 92 1
37 83 88
37 72 40
37 41 15
37 49 14
37 84 21
37 65 29
37 78 75
37 50 2
37 86 47
37 54 50
37 75 58
37 59 49
37 60 68
37 39 63
37 47 37
37 68 58
37 61 31
37 62 67
37 51 87
37 82 66
37 42 74
37 94 67
37 52 62
37 57 76
37 89 48
37 43 75
37 87 77
37 98 80
37 74 6
37 38 7
37 46 98
37 48 25
37 53 83
37 71 78
37 76 45
37 80 38
37 93 19
37 97 37
38 91 78
38 58 74
38 76 45
38 71 67
38 62 63
38 54 76
38 59 1
38 95 67
38 61 4
38 50 48
38 53 40
38 49 10
38 81 1
38 66 56
38 41 8
38 80 49
38 67 15
38 42 41
38 45 91
38 70 77
38 93 70
38 51 52
38 77 25
38 47 79
38 87 80
38 75 66
38 73 83
38 96 96
38 57 39
38 40 54
38 55 93
38 56 27
38 68 80
38 83 55
38 86 99
38 88 52
38 89 68
38 97 39
38 98 97
39 72 75
39 71 4
39 98 1
39 81 65
39 67 88
39 79 47
39 47 84
39 57 92
39 94 91
39 40 13
39 41 35
39 43 84
39 45 18
39 48 87
39 50 99
39 51 38
39 55 12
39 56 69
39 68 75
39 75 76
39 78 78
39 82 84
39 83 64
39 85 27
39 88 96
39 89 34
39 90 98
39 97 25
40 72 97
40 69 75
40 98 6
40 97 16
40 52 5
40 95 2
40 42 81
40 78 2
40 86 71
40 94 19
40 59 80
40 80 38
40 91 77
40 45 46
40 44 19
40 96 43
40 43 91
40 63 31
40 84 66
40 48 55
40 77 50
40 83 98
40 92 3
40 41 92
40 46 82
40 51 84
40 53 32
40 54 73
40 55 73
40 62 85
40 64 5
40 65 32
40 73 71
40 74 5
40 75 66
40 76 26
40 79 2
40 81 77
40 93 65
41 60 61
41 45 45
41 67 11
41 72 32
41 59 92
41 94 62
41 79 30
41 57 28
41 46 49
41 42 91
41 93 67
41 85 24
41 71 75
41 75 54
41 88 89
41 43 63
41 73 64
41 96 29
41 54 92
41 84 45
41 62 6
41 66 36
41 91 78
41 64 48
41 69 6
41 65 8
41 80 4
41 92 80
41 89 19
41 74 60
41 49 11
41 78 45
41 47 77
41 56 60
41 44 36
41 48 20
41 50 71
41 52 62
41 53 35
41 68 60
41 76 41
41 77 5
41 83 92
41 98 12
42 64 4
42 69 97
42 55 25
42 73 97
42 62 53
42 87 21
42 66 80
42 77 68
42 54 49
42 96 28
42 61 33
42 85 62
42 95 69
42 76 44
42 72 77
42 49 78
42 86 61
42 51 96
42 82 43
42 81 4
42 90 85
42 48 68
42 50 63
42 65 40
42 45 75
42 52 67
42 57 51
42 68 44
42 75 94
42 80 47
42 88 34
42 89 46
42 97 38
42 99 8
43 47 78
43 69 53
43 93 2
43 74 23
43 77 66
43 48 99
43 89 63
43 49 47
43 87 19
43 54 72
43 58 92
43 97 62
43 96 46
43 53 77
43 82 62
43 76 64
43 44 30
43 71 81
43 55 66
43 73 45
43 86 27
43 78 52
43 95 11
43 81 20
43 63 42
43 98 53
43 45 13
43 52 89
43 61 72
43 66 99
43 79 46
43 83 80
43 99 79
44 50 26
44 76 50
44 78 72
44 77 60
44 51 17
44 65 78
44 95 79
44 73 15
44 66 70
44 64 15
44 63 85
44 87 27
44 79 84
44 58 85
44 61 75
44 84 51
44 83 8
44 96 25
44 55 57
44 69 23
44 52 80
44 46 87
44 71 34
44 88 63
44 70 92
44 94 35
44 56 94
44 60 76
44 49 27
44 68 97
44 53 92
44 54 72
44 74 33
44 82 59
45 57 66
45 86 15
45 60 93
45 96 92
45 53 83
45 52 9
45 73 67
45 56 83
45 59 10
45 68 58
45 90 35
45 95 64
45 50 2
45 58 85
45 78 6
45 47 33
45 98 49
45 64 24
45 80 28
45 94 2
45 92 78
45 62 74
45 75 42
45 51 19
45 66 54
45 76 26
45 89 91
45 83 67
45 55 56
45 48 22
45 79 13
45 70 18
45 54 8
45 63 51
45 69 69
45 74 25
45 84 74
45 87 4
45 93 20
45 97 53
46 86 64
46 65 54
46 61 84
46 88 12
46 84 95
46 67 63
46 49 29
46 69 73
46 73 8
46 72 25
46 55 22
46 57 76
46 99 26
46 89 2
46 78 8
46 51 3
46 92 3
46 74 21
46 75 78
46 85 97
46 87 37
46 91 60
46 83 44
46 76 30
46 93 41
46 95 54
46 60 76
46 71 94
46 48 91
46 50 9
46 52 52
46 53 3
46 54 47
46 64 12
46 79 58
46 97 37
47 92 5
47 86 89
47 56 49
47 49 82
47 50 93
47 52 68
47 55 90
47 57 69
47 59 70
47 60 86
47 61 46
47 63 59
47 66 71
47 76 30
47 83 20
47 85 98
47 87 60
48 93 76
48 89 91
48 57 3
48 58 83
48 82 7
48 95 75
48 79 32
48 85 62
48 69 41
48 66 95
48 65 97
48 56 71
48 83 66
48 88 97
48 68 59
48 49 71
48 99 21
48 74 92
48 97 71
48 67 15
48 90 21
48 55 73
48 78 39
48 59 10
48 77 25
48 73 54
48 87 14
48 92 70
48 54 18
48 64 38
48 76 54
48 86 68
49 79 19
49 60 79
49 90 60
49 98 51
49 63 28
49 95 46
49 84 4
49 70 77
49 69 84
49 65 44
49 74 33
49 73 26
49 77 41
49 81 44
49 59 3
49 71 95
49 91 51
49 85 70
49 97 78
49 67 28
49 52 76
49 53 11
49 92 10
49 50 62
49 58 82
49 72 92
49 61 9
49 51 32
49 55 64
49 75 76
49 78 93
49 86 89
49 93 43
50 88 66
50 76 22
50 82 23
50 65 69
50 54 84
50 89 57
50 51 18
50 56 48
50 57 1
50 71 64
50 91 67
50 78 56
50 61 67
50 79 6
50 73 30
50 75 19
50 85 79
50 69 58
50 74 18
50 83 56
50 59 24
50 62 95
50 86 14
50 52 56
50 53 93
50 58 57
50 64 89
50 68 10
50 84 14
51 82 38
51 68 36
51 75 38
51 91 91
51 89 90
51 73 22
51 77 87
51 90 52
51 93 40
51 99 91
51 85 59
51 69 24
51 62 46
51 92 78
51 70 72
51 81 26
51 52 23
51 54 75
51 55 95
51 56 60
51 64 27
51 71 61
51 79 96
51 83 25
51 86 56
52 85 12
52 91 86
52 71 78
52 80 25
52 59 55
52 53 37
52 86 56
52 92 4
52 64 7
52 55 3
52 66 27
52 81 33
52 87 82
52 79 88
52 77 83
52 56 8
52 63 48
52 70 47
52 54 66
52 65 80
52 83 93
52 57 5
52 98 93
52 61 14
52 88 92
52 69 28
52 97 14
52 99 31
53 85 5
53 99 47
53 56 30
53 88 12
53 80 20
53 72 49
53 79 40
53 60 1
53 70 31
53 84 30
53 98 18
53 74 43
53 67 10
53 95 8
53 66 43
53 86 26
53 61 26
53 94 73
53 55 31
53 87 34
53 97 3
53 92 60
53 83 80
53 54 74
53 63 35
53 64 69
53 76 16
53 89 58
54 81 20
54 68 12
54 74 12
54 80 86
54 73 7
54 56 47
54 85 68
54 92 35
54 77 62
54 72 34
54 60 26
54 67 20
54 75 22
54 62 69
54 89 79
54 71 36
54 88 88
54 55 27
54 98 97
54 65 50
54 64 91
54 76 87
54 57 29
54 59 52
54 61 23
54 63 50
54 69 36
54 90 73
54 93 96
55 84 40
55 90 31
55 59 89
55 64 48
55 83 83
55 75 80
55 98 94
55 88 77
55 82 98
55 65 60
55 85 52
55 95 81
55 56 63
55 94 48
55 76 55
55 78 43
55 74 29
55 66 16
55 67 34
55 86 63
55 63 41
55 93 60
55 57 94
55 73 30
55 70 44
55 58 77
55 61 79
55 69 26
55 71 64
55 99 1
56 75 98
56 71 44
56 95 75
56 59 34
56 93 4
56 96 39
56 63 85
56 91 71
56 79 80
56 86 88
56 62 78
56 98 28
56 64 90
56 84 93
56 60 12
56 61 48
56 68 12
56 77 65
56 57 12
56 80 15
56 82 84
56 83 70
56 97 77
57 73 88
57 96 85
57 99 19
57 83 62
57 87 18
57 85 89
57 84 54
57 76 91
57 66 79
57 58 38
57 60 91
57 68 31
57 69 61
57 74 38
57 77 79
57 86 62
57 88 9
58 74 49
58 82 64
58 64 42
58 68 75
58 69 5
58 73 97
58 76 89
58 77 81
58 84 79
58 86 55
58 87 41
58 90 87
59 90 71
59 99 87
59 76 34
59 63 28
59 81 58
59 65 5
59 91 21
59 85 44
59 86 40
59 92 45
59 62 94
59 74 58
59 64 8
59 87 60
59 73 21
59 84 52
59 97 14
59 82 10
59 72 32
59 61 74
59 68 71
59 75 7
59 89 43
60 62 28
60 61 96
60 63 79
60 68 80
60 69 48
60 75 72
60 76 88
60 79 15
60 82 76
60 85 2
60 86 30
60 95 9
60 97 59
61 94 69
61 77 83
61 76 81
61 82 43
61 74 97
61 64 25
61 80 62
61 62 98
61 90 87
61 98 18
61 97 19
61 83 48
61 81 9
61 79 96
61 99 75
61 71 88
61 91 95
61 66 36
61 63 45
61 72 36
61 86 87
61 87 89
61 88 87
62 89 50
62 94 50
62 74 51
62 83 76
62 91 62
62 72 34
62 85 47
62 63 63
62 81 53
62 93 90
62 70 78
62 98 38
62 64 46
62 65 22
62 71 5
62 79 68
62 80 77
62 84 44
63 81 15
63 94 45
63 80 78
63 92 94
63 91 66
63 96 27
63 82 40
63 68 1
63 83 67
63 89 65
63 84 51
63 74 54
63 79 99
63 85 4
63 97 49
63 99 61
64 74 51
64 86 35
64 66 75
64 83 64
64 91 63
64 79 80
64 99 58
64 98 68
64 94 33
64 73 61
64 84 59
64 96 31
64 67 52
64 95 15
64 70 3
64 93 88
64 89 47
64 69 76
64 78 47
64 92 47
64 76 74
64 87 27
64 65 37
64 77 83
64 82 48
64 97 70
65 80 33
65 77 68
65 79 1
65 82 16
65 96 20
65 93 26
65 92 17
65 70 92
65 83 79
65 68 35
65 71 94
65 72 40
65 75 24
65 78 37
65 86 70
65 89 91
65 90 88
65 94 16
65 95 29
65 98 87
66 89 14
66 78 66
66 88 36
66 69 2
66 67 41
66 79 95
66 81 29
66 83 89
66 84 74
66 90 59
66 97 16
66 98 53
67 70 94
67 69 49
67 75 23
67 71 14
67 72 46
67 76 89
67 78 88
67 79 4
67 80 5
67 82 76
67 83 35
67 84 46
67 88 10
67 89 78
67 99 17
68 95 92
68 83 61
68 89 68
68 98 3
68 82 15
68 90 91
68 79 45
68 92 40
68 80 96
68 99 14
68 85 37
68 75 4
68 70 37
68 88 91
68 97 22
68 69 85
68 71 19
68 77 59
68 87 19
68 93 53
69 87 51
69 94 11
69 89 53
69 95 44
69 83 48
69 97 55
69 78 35
69 77 79
69 70 43
69 96 55
69 82 73
69 81 51
69 90 73
70 79 55
70 76 62
70 87 52
70 72 5
70 75 17
70 80 50
70 85 71
70 88 47
70 90 9
70 91 81
70 98 64
71 76 95
71 99 94
71 97 40
71 93 8
71 95 84
71 77 52
71 85 49
71 91 71
71 78 88
71 75 3
71 80 18
71 82 21
71 90 1
72 77 43
72 92 6
72 78 11
72 91 88
72 93 67
72 73 25
72 79 95
72 80 35
72 82 26
72 83 56
72 87 47
72 90 14
72 99 34
73 93 94
73 99 14
73 77 32
73 92 47
73 96 41
73 74 79
73 76 58
73 79 15
73 83 18
73 85 86
73 86 69
73 87 75
73 97 59
74 78 15
74 75 59
74 88 14
74 76 74
74 99 95
74 91 21
74 89 13
74 83 79
74 86 66
74 93 44
74 95 1
75 76 24
75 97 75
75 96 1
75 83 24
75 88 1
75 77 90
75 79 39
75 95 32
75 78 85
75 82 78
75 86 5
75 89 29
75 92 95
76 78 15
76 79 98
76 77 50
76 98 77
76 83 93
76 82 17
76 81 53
76 80 80
76 84 51
76 86 58
76 90 22
76 99 31
77 96 56
77 97 53
77 83 83
77 88 85
77 89 4
77 90 70
77 98 51
78 85 8
78 98 82
78 82 62
78 99 69
78 80 28
78 86 16
78 90 5
79 92 21
79 87 11
79 83 63
79 89 23
79 99 44
79 97 12
79 96 16
79 82 55
79 85 29
79 86 98
80 95 44
80 83 54
80 99 34
80 97 69
80 87 64
80 81 15
80 92 42
80 88 37
80 85 33
80 91 39
80 90 88
81 84 8
81 86 45
81 90 15
82 84 19
82 87 73
82 98 58
82 86 63
82 94 94
82 93 79
82 90 86
82 95 43
83 86 53
83 84 35
83 85 23
83 97 36
83 87 68
83 99 96
83 98 94
83 93 4
83 92 1
83 90 12
84 95 73
84 89 62
84 99 38
84 97 85
84 88 59
84 87 52
84 93 71
84 85 66
84 86 40
84 90 20
85 94 1
85 90 47
85 89 41
85 86 77
85 87 68
85 93 20
85 97 30
86 98 50
86 97 83
86 88 32
86 99 52
86 91 68
86 95 49
87 97 54
87 92 77
87 89 89
88 93 4
88 91 52
88 96 21
88 97 24
88 89 84
88 90 49
89 99 12
89 96 11
89 98 15
89 90 83
89 95 67
90 92 46
90 91 47
90 97 91
90 99 41
91 93 67
92 97 4
93 97 42
96 97 40
96 98 41
97 98 2
97 99 19
98 99 66