100
0 60 19
0 59 36
0 24 26
0 27 25
0 79 68
0 69 91
0 55 27
0 18 91
0 80 78
0 25 69
0 16 49
0 10 5
0 30 19
0 33 59
0 50 59
0 48 23
0 53 87
0 67 96
0 97 25
0 85 84
0 86 33
0 20 94
0 32 48
0 15 41
0 62 74
0 47 11
0 81 87
0 35 96
0 91 88
0 12 83
0 95 10
0 73 53
0 46 55
0 40 54
0 90 95
0 26 88
0 99 7
0 4 71
0 96 39
0 57 94
0 3 46
0 94 90
0 66 70
0 2 51
0 72 34
0 9 99
0 36 28
0 78 35
0 84 8
0 28 47
0 42 28
0 22 98
0 39 81
0 82 69
0 89 32
0 68 43
0 70 26
0 88 75
0 31 91
0 11 47
0 58 58
0 52 82
0 38 3
0 17 85
0 37 31
0 8 12
0 44 20
0 19 16
0 92 49
0 93 45
0 14 22
0 75 9
0 87 13
0 29 14
0 51 87
0 77 22
0 13 28
0 64 4
0 54 63
0 34 3
0 83 77
0 41 34
1 13 33
1 4 65
1 30 4
1 34 87
1 36 13
1 81 16
1 70 21
1 11 44
1 23 34
1 43 28
1 98 10
1 57 54
1 45 93
1 61 77
1 74 90
1 26 89
1 60 15
1 38 56
1 9 94
1 37 20
1 44 81
1 33 10
1 66 46
1 20 2
1 10 18
1 84 79
1 3 20
1 19 75
1 86 17
1 8 97
1 54 26
1 92 73
1 55 70
1 48 75
1 56 16
1 97 70
1 41 86
1 6 9
1 5 86
1 71 23
1 22 52
2 10 53
2 6 66
2 15 64
2 60 42
2 45 15
2 81 17
2 12 51
2 27 86
2 99 61
2 89 78
2 80 59
2 84 6
2 47 33
2 66 90
2 63 31
2 38 44
2 82 51
2 8 46
2 61 49
2 17 98
2 71 12
2 13 62
2 37 98
2 83 28
2 9 10
2 52 69
2 57 41
2 96 15
2 94 22
2 39 64
2 68 72
2 5 10
2 76 86
2 51 21
2 32 63
2 85 46
2 50 58
2 95 15
2 31 78
2 25 69
2 90 30
2 42 18
2 53 42
2 98 96
3 52 94
3 39 8
3 25 33
3 37 20
3 60 5
3 83 36
3 88 51
3 62 24
3 17 40
3 44 80
3 67 68
3 73 70
3 5 22
3 58 95
3 99 60
3 8 53
3 96 3
3 34 66
3 46 42
3 7 57
3 93 63
3 13 63
3 87 25
3 50 45
3 65 77
3 30 19
3 91 55
3 70 62
3 24 96
3 35 83
3 63 81
3 66 83
3 6 39
3 33 93
3 47 40
3 49 81
3 77 65
3 98 76
3 84 55
3 68 79
3 86 45
3 32 56
3 38 66
3 12 49
3 76 48
3 59 44
3 74 96
3 9 58
3 19 92
3 89 73
3 71 89
3 31 37
3 85 43
3 23 95
3 20 45
3 64 90
3 56 83
4 5 53
4 33 61
4 96 17
4 24 36
4 10 89
4 64 44
4 47 97
4 61 68
4 37 34
4 69 77
4 40 54
4 51 70
4 95 88
4 82 56
4 42 68
4 89 82
4 25 59
4 13 55
4 16 56
4 38 13
4 14 16
4 71 35
4 39 83
4 90 28
4 88 42
4 32 29
4 52 52
4 77 60
4 41 32
4 28 28
4 22 89
4 12 70
4 49 77
4 72 1
4 84 47
4 55 15
4 56 28
4 57 38
4 97 48
4 92 98
4 79 27
4 35 7
4 85 17
4 60 55
4 94 57
4 50 45
4 45 51
4 8 61
4 65 66
4 99 94
4 78 45
4 48 22
4 19 64
4 54 13
4 53 93
4 21 97
4 18 69
4 83 45
4 70 92
4 86 9
4 66 48
4 23 98
4 31 66
4 7 1
4 58 25
4 46 64
4 36 27
4 67 84
4 62 18
4 81 13
5 50 19
5 82 73
5 62 3
5 10 4
5 84 43
5 19 97
5 21 34
5 46 26
5 59 39
5 12 20
6 54 41
6 11 34
6 37 31
6 38 80
6 66 84
6 94 89
6 41 20
6 30 56
6 85 45
6 98 29
6 43 23
6 93 99
6 60 93
6 12 57
6 14 42
6 63 98
6 59 18
6 81 5
6 92 62
6 78 87
6 36 36
6 51 24
6 77 95
6 39 49
6 29 99
6 50 95
6 65 44
6 22 70
6 72 67
6 79 10
6 76 36
6 99 59
6 45 11
6 19 77
6 34 8
6 80 70
6 84 67
6 25 15
6 48 71
6 74 11
6 7 46
6 87 15
6 27 50
6 49 44
6 31 47
6 56 47
6 47 23
6 90 20
6 9 53
6 53 26
6 97 30
6 20 49
6 18 55
6 82 94
6 23 34
6 62 57
6 67 96
6 10 33
6 83 89
6 57 52
6 68 25
6 46 82
6 16 52
6 35 48
6 55 2
6 70 28
6 42 30
6 26 2
6 28 15
6 8 80
6 73 96
6 69 30
6 40 37
6 32 27
6 95 30
6 24 1
6 15 49
6 52 81
6 33 55
6 13 93
7 23 10
7 90 37
7 32 24
7 25 3
7 96 17
7 54 99
7 28 25
7 80 29
7 40 88
7 33 35
7 39 22
7 61 90
7 85 33
7 44 94
7 46 14
7 68 46
7 79 33
7 11 53
7 10 65
7 45 3
7 53 81
7 26 52
7 88 67
7 57 94
7 73 85
7 99 5
7 67 15
7 13 5
7 19 91
7 66 10
7 58 6
7 84 65
7 60 59
7 82 11
7 55 79
7 12 55
7 56 86
7 8 51
7 89 73
7 83 32
7 36 93
7 37 84
7 14 80
7 38 6
7 74 90
8 20 8
8 41 32
8 10 3
8 73 63
8 79 92
8 34 46
8 39 50
8 36 14
8 48 7
8 78 33
8 59 39
8 77 74
8 13 13
8 23 96
8 16 1
8 86 21
8 95 71
8 49 64
8 53 40
8 84 25
8 68 92
8 99 76
8 12 9
8 76 97
8 37 98
8 38 27
8 47 42
8 9 18
8 56 79
8 80 49
8 75 96
8 43 59
8 94 85
8 44 57
8 35 20
8 55 36
8 92 27
8 67 53
8 14 39
8 57 28
8 83 2
8 89 50
8 17 56
8 90 12
8 27 87
8 81 32
8 61 19
8 46 74
8 97 18
8 15 36
9 88 26
10 85 47
10 86 80
10 99 52
10 91 41
10 56 38
10 37 75
10 18 97
10 74 63
10 26 22
10 14 85
10 29 8
10 81 97
10 39 26
10 58 32
10 33 27
10 90 19
10 41 74
10 80 25
10 57 61
10 52 68
10 94 78
10 97 57
10 46 95
10 65 17
10 11 70
10 50 58
10 72 14
11 84 1
11 19 29
11 78 77
11 40 16
11 59 11
11 16 61
11 55 21
11 14 98
11 34 98
11 37 64
11 21 51
11 57 10
11 60 32
11 85 12
11 25 8
12 89 32
12 41 51
12 52 6
12 44 7
12 81 26
12 61 28
12 69 41
12 38 76
12 19 46
12 42 85
12 58 31
12 25 37
12 84 18
12 93 68
12 77 28
12 27 4
12 28 13
12 35 41
12 82 40
12 20 94
12 29 67
12 36 89
12 83 13
12 63 3
12 15 89
12 67 68
12 32 20
12 59 66
12 64 76
12 46 61
12 34 84
12 49 88
12 39 37
12 90 70
12 72 76
12 71 23
12 78 71
12 17 25
12 31 3
12 24 40
12 60 41
12 92 17
13 32 86
13 77 36
13 37 44
13 52 68
13 23 36
13 87 40
13 67 79
13 89 8
13 19 69
13 39 10
13 35 33
13 26 7
13 50 26
13 16 23
13 18 22
13 44 3
13 61 98
13 71 73
13 65 12
13 68 75
13 94 30
13 46 9
13 53 52
13 48 13
13 99 65
13 28 77
13 21 73
13 82 96
13 51 52
13 25 2
13 38 58
13 34 69
13 47 33
13 17 2
13 88 73
13 56 32
13 29 99
13 74 46
13 41 54
13 64 89
13 69 7
13 91 6
13 73 85
13 92 98
13 80 76
13 33 6
13 84 84
13 78 4
13 43 53
13 42 54
13 66 63
13 22 59
13 75 89
13 14 98
13 62 54
13 95 44
13 98 26
13 49 13
13 54 9
13 96 71
13 40 40
13 81 27
13 55 5
13 15 29
13 60 61
13 93 49
13 90 96
13 72 69
14 85 83
14 39 11
14 49 60
14 96 53
14 42 86
14 30 66
14 86 7
14 70 13
14 81 74
14 48 62
14 29 98
14 87 83
14 51 55
14 75 98
14 63 70
14 91 12
14 23 45
14 60 49
14 57 44
14 35 25
14 95 11
14 17 63
14 98 89
15 89 69
15 52 2
15 90 76
15 19 74
15 20 42
15 53 64
15 51 45
15 35 43
15 46 41
15 97 42
15 85 64
15 21 97
15 40 43
15 92 66
15 80 2
15 18 23
15 16 94
15 88 87
15 44 96
15 32 60
15 47 30
15 69 19
15 50 12
15 61 45
15 22 3
15 58 38
15 99 1
15 67 86
15 68 99
15 17 20
15 59 5
15 66 92
15 29 13
15 41 76
15 49 10
15 98 44
15 72 87
15 87 61
15 70 54
15 74 28
15 43 62
15 78 43
15 84 85
15 65 13
15 71 25
15 23 17
15 75 24
15 64 38
15 73 7
15 24 42
15 79 36
15 30 10
15 94 72
15 55 59
15 39 9
15 28 33
15 77 81
15 82 67
15 83 21
15 34 94
16 98 95
16 33 72
16 23 49
16 63 57
16 47 36
16 46 18
16 65 19
16 88 68
16 67 10
16 80 48
16 50 70
16 35 25
16 45 9
16 79 67
16 58 16
16 28 20
16 71 47
16 32 27
16 87 89
16 31 11
16 76 91
16 90 83
16 89 3
16 68 54
16 26 98
16 93 32
16 38 58
16 37 96
16 27 92
16 70 76
16 40 80
17 74 56
17 31 25
17 29 54
17 47 48
17 95 88
17 78 13
17 51 24
17 52 65
17 33 35
17 70 18
17 65 81
17 44 60
17 40 7
17 94 44
17 32 18
17 28 28
17 25 18
17 39 52
17 66 56
17 91 60
17 89 97
17 58 97
17 43 16
17 24 3
17 69 41
17 99 48
17 64 38
17 96 58
17 97 29
17 80 68
17 86 99
17 93 56
17 81 3
17 84 77
17 30 18
17 59 95
17 35 56
17 73 17
17 68 82
17 82 90
17 34 48
17 27 81
17 79 66
17 56 18
17 21 39
17 42 25
17 88 81
17 46 52
17 71 86
17 45 17
17 87 23
17 76 34
17 54 91
17 55 44
17 62 59
17 63 5
17 26 50
17 61 13
17 72 38
17 18 42
18 34 18
18 19 96
18 61 69
18 37 68
18 44 88
18 71 44
18 66 18
18 67 48
18 87 38
18 29 81
18 93 83
18 42 19
18 98 7
18 41 11
18 73 57
18 85 69
18 58 90
18 52 71
18 75 21
18 68 76
18 94 68
18 48 90
18 25 46
18 79 19
18 30 85
18 49 58
18 59 67
18 97 71
18 82 81
18 91 38
18 63 76
18 27 10
18 40 42
18 92 29
18 76 58
18 22 73
18 55 96
18 50 51
18 77 41
18 21 56
18 99 87
18 39 29
18 31 36
18 45 78
18 53 9
18 88 39
18 46 59
18 57 38
18 64 2
18 35 83
18 51 57
18 62 84
18 26 86
18 70 53
18 54 58
18 20 54
18 72 35
18 33 16
18 78 67
18 47 55
18 89 15
18 32 33
18 28 9
18 90 99
18 83 21
18 69 44
18 43 38
18 74 91
18 84 77
18 60 18
18 56 55
19 89 48
19 25 3
19 42 90
19 64 96
19 92 65
19 83 55
19 86 52
19 62 24
19 49 36
19 85 43
19 73 16
19 35 54
19 72 82
19 45 19
19 27 84
19 26 30
19 58 96
19 78 66
19 46 50
19 30 26
19 51 79
19 71 71
19 98 26
19 80 90
19 59 24
19 43 31
19 20 92
19 79 30
19 40 25
19 74 20
19 36 24
19 95 35
19 31 67
19 22 42
19 65 52
19 54 90
19 68 48
19 90 5
19 29 86
19 48 21
19 63 6
19 70 29
19 47 49
19 28 55
19 91 17
19 75 90
19 84 64
19 53 89
20 68 38
20 28 17
20 83 69
20 80 77
20 96 87
20 84 8
20 52 57
20 22 39
20 90 73
20 24 13
20 98 86
20 99 79
20 64 96
20 86 62
20 93 88
20 56 77
20 91 5
20 88 34
20 35 22
20 72 2
20 74 34
20 65 60
20 23 94
20 46 95
20 43 16
20 33 51
20 37 8
20 85 37
20 69 8
20 87 76
20 31 63
20 59 9
20 21 88
20 75 18
20 63 60
20 58 70
20 29 32
20 78 83
20 53 57
20 94 93
20 81 28
20 26 94
20 47 96
20 45 26
20 27 21
20 67 71
20 89 55
20 42 66
20 82 89
20 48 72
20 77 94
20 34 70
20 40 97
20 71 16
20 97 32
20 70 83
20 55 86
20 79 20
20 49 3
20 57 9
20 41 32
20 50 95
20 61 45
20 76 41
20 92 81
20 32 82
20 60 21
20 66 36
20 54 82
20 51 15
20 30 79
20 25 8
20 38 7
20 36 17
21 25 45
21 62 37
21 41 26
21 76 36
21 79 28
21 56 78
21 46 40
21 31 33
21 44 21
21 72 88
21 36 49
21 88 9
21 84 79
21 45 10
21 65 98
21 66 90
21 63 25
21 60 56
21 80 31
21 85 75
21 86 27
21 35 55
21 40 78
21 74 18
21 75 73
21 32 3
21 26 90
21 81 84
21 30 26
21 49 17
21 51 93
21 97 3
21 61 89
21 28 95
22 94 17
22 68 28
22 24 29
22 36 76
22 87 38
22 72 24
22 80 44
22 54 31
22 86 88
22 70 34
22 48 3
22 93 95
22 33 40
22 76 91
22 58 24
22 53 73
22 98 46
22 92 80
22 74 27
22 28 32
22 50 17
22 51 94
22 65 98
22 67 67
22 89 63
22 25 25
22 23 99
22 29 5
22 82 7
22 32 22
22 85 88
22 45 76
22 44 95
22 62 6
22 99 7
22 79 49
22 43 10
22 55 95
23 87 94
23 42 30
23 63 16
23 52 89
23 27 66
23 53 54
23 77 59
23 44 52
23 75 84
23 73 93
23 48 58
23 79 83
23 29 67
23 72 27
23 36 25
23 66 92
23 71 61
23 28 12
23 56 46
23 41 4
23 95 94
23 38 73
23 76 41
23 59 82
23 98 47
23 35 11
23 49 87
23 81 36
23 34 36
23 70 14
23 57 39
23 37 99
23 51 35
23 62 5
23 97 62
23 64 23
23 32 55
23 90 2
23 68 12
23 55 46
23 82 93
23 69 25
23 78 95
23 83 84
23 93 98
23 88 16
23 89 90
24 56 55
24 49 72
24 61 41
24 33 63
24 68 35
24 75 4
24 47 40
24 27 94
24 87 29
24 25 23
24 26 60
24 59 15
24 62 90
24 76 7
24 71 52
24 53 30
24 67 25
24 36 8
24 69 21
24 45 93
24 95 46
24 60 2
24 80 27
24 82 44
24 32 26
24 78 99
24 55 90
24 93 96
24 48 75
24 64 40
24 90 98
24 96 16
24 83 74
24 70 23
24 65 52
24 43 48
24 81 63
24 79 56
24 35 60
24 88 51
24 54 49
24 97 44
24 44 90
24 73 84
24 42 68
24 92 60
24 39 32
24 51 72
24 74 59
24 86 84
24 58 69
24 30 20
24 37 78
24 98 8
24 94 80
24 31 70
24 66 12
24 28 32
24 38 42
24 85 2
24 89 51
24 91 89
24 63 66
24 41 98
24 84 67
24 46 79
24 77 15
24 99 31
25 41 89
25 34 24
25 94 31
25 86 7
25 26 57
25 50 86
25 71 55
25 59 33
25 39 67
25 33 87
25 67 98
26 38 25
26 31 37
26 82 60
26 35 76
26 87 55
26 66 11
26 74 47
27 52 47
27 38 67
27 32 89
27 50 50
27 71 41
27 42 59
27 59 91
27 93 60
27 78 74
27 40 81
27 89 22
27 99 21
27 43 35
27 94 31
27 72 55
27 37 56
27 88 54
27 28 58
27 73 91
27 65 23
27 41 27
27 68 31
27 47 46
27 97 42
27 31 90
27 76 93
27 54 83
27 30 30
27 92 60
27 87 68
27 36 46
27 84 86
27 49 6
27 58 89
27 57 27
27 75 53
27 81 27
27 34 11
27 29 5
27 64 75
27 98 10
27 86 63
27 39 75
27 69 78
27 70 31
27 91 11
27 53 42
27 95 66
27 51 74
27 79 93
27 61 20
27 45 30
28 59 72
28 82 82
28 54 40
28 48 91
28 60 5
28 30 42
28 58 57
28 68 26
28 97 49
28 55 84
28 93 2
28 98 43
28 62 51
28 51 2
28 61 93
28 70 83
28 35 97
28 81 94
28 95 87
28 41 2
28 91 72
28 79 5
28 89 78
28 64 99
28 71 63
28 83 36
28 47 69
28 67 82
28 56 93
28 53 60
28 88 23
28 66 49
28 44 88
28 86 70
28 75 78
28 29 98
28 46 38
28 57 29
28 92 84
28 45 12
28 49 29
28 87 54
28 80 13
28 63 33
28 52 62
28 99 57
29 43 39
29 39 58
29 35 35
29 85 47
29 72 64
29 40 63
29 71 57
29 75 43
29 97 78
29 87 57
29 91 59
29 65 75
29 47 97
29 54 56
29 64 5
29 86 3
29 77 28
29 61 79
29 48 19
29 34 28
29 57 41
29 73 94
29 30 30
29 66 40
29 45 52
29 84 61
29 96 18
29 88 93
30 91 41
30 72 91
30 87 80
30 47 92
30 45 70
30 75 93
30 98 1
30 57 87
30 42 29
30 36 68
31 82 21
31 37 71
31 75 75
31 93 95
31 95 20
31 87 52
31 78 26
31 70 67
31 61 6
31 40 38
31 89 69
31 99 59
31 44 82
31 73 80
31 74 1
31 80 10
31 47 22
31 64 23
31 32 78
31 49 96
31 96 70
31 43 92
31 88 96
31 86 6
31 41 71
31 34 31
31 62 59
31 76 31
31 98 79
31 57 61
31 38 38
31 56 28
31 94 35
31 85 2
31 79 8
31 60 23
31 59 39
31 84 26
31 51 7
31 48 10
31 66 76
31 53 94
31 39 16
31 83 89
31 69 40
31 71 39
31 77 58
31 52 54
31 55 10
31 35 61
31 68 53
31 81 35
31 90 74
31 54 48
31 97 50
31 92 1
31 45 98
31 50 34
31 33 25
31 91 75
31 42 13
31 65 35
31 72 29
31 63 36
31 46 12
31 36 66
31 58 57
31 67 7
32 55 61
32 95 77
32 49 42
32 79 67
32 66 47
32 80 36
32 46 99
32 39 48
32 94 38
32 77 37
32 47 35
32 90 58
32 51 8
32 57 29
32 81 94
32 86 54
32 58 9
32 40 49
32 64 66
32 34 63
32 59 7
32 91 74
32 84 87
32 82 93
32 36 65
32 96 27
32 56 8
32 35 8
32 50 37
32 78 31
32 63 40
32 69 25
32 52 8
33 87 17
33 42 33
33 62 7
33 52 56
33 47 90
33 90 41
33 50 62
33 66 16
33 96 19
33 37 21
33 81 6
33 48 50
33 91 75
33 80 19
34 87 80
34 65 36
34 77 60
34 55 98
35 52 66
35 51 82
35 55 50
35 94 81
35 98 32
35 49 73
35 61 19
35 62 32
35 58 81
35 41 7
35 38 53
35 82 45
35 63 27
35 59 13
35 97 84
35 95 35
35 68 87
35 53 58
35 36 97
35 64 9
35 37 40
35 77 24
35 45 23
35 88 2
35 44 5
35 85 44
36 39 46
36 42 93
36 77 7
36 55 75
37 96 94
37 78 80
37 84 34
37 46 12
37 38 92
37 72 75
38 66 97
38 55 57
38 94 58
38 85 83
38 39 89
38 79 95
39 49 28
39 77 19
39 67 69
39 45 60
39 83 47
39 92 83
39 62 86
39 78 16
39 52 79
39 42 1
39 56 13
39 93 22
39 53 39
39 96 43
39 44 78
39 69 45
40 99 94
40 50 18
40 64 37
40 86 90
40 69 19
40 90 68
40 81 10
40 46 57
40 97 6
40 83 13
40 53 24
40 60 1
40 72 91
40 94 17
40 52 10
40 42 97
40 89 51
40 44 21
40 91 84
40 76 94
40 70 60
40 80 21
40 45 34
40 62 66
40 58 89
40 96 33
40 49 42
40 93 65
40 73 91
40 88 16
40 84 64
40 87 96
40 67 21
40 43 75
40 57 98
40 79 24
40 68 5
40 54 57
40 78 49
40 41 75
40 71 55
40 92 59
40 98 54
40 48 68
40 65 76
40 82 67
40 77 41
40 74 23
41 84 4
41 51 22
41 95 2
41 92 88
41 64 17
41 63 18
41 47 71
41 94 78
41 54 7
41 99 37
41 85 76
41 57 54
41 93 44
42 94 25
42 65 32
42 91 86
42 51 96
42 46 95
42 45 13
42 85 94
42 90 49
42 86 63
42 81 73
42 82 39
42 53 4
42 97 81
42 99 86
42 43 6
42 54 10
42 87 78
42 49 69
42 62 3
42 52 59
42 60 19
42 75 4
42 72 90
42 88 40
42 57 75
42 71 65
42 67 50
42 83 34
42 64 4
42 84 85
42 73 44
42 79 27
42 48 61
42 77 86
42 68 91
42 61 79
42 76 50
42 47 78
42 70 82
42 92 62
42 50 53
42 98 35
42 59 29
42 63 36
42 96 12
42 95 61
42 56 1
42 93 83
42 80 88
42 58 77
42 89 25
42 55 40
42 74 88
42 66 26
42 69 32
42 44 12
42 78 61
43 79 71
43 76 67
43 75 70
43 72 31
43 99 92
43 80 43
43 94 42
43 54 93
43 97 14
43 81 36
43 44 38
43 65 90
43 59 46
43 49 36
43 50 59
43 62 50
43 71 67
43 47 62
43 92 90
43 53 74
43 55 11
43 69 91
43 45 60
43 63 29
43 86 7
43 83 8
43 68 94
43 87 49
43 58 59
43 73 11
43 60 31
43 46 83
43 66 51
43 77 93
43 96 31
43 84 40
43 57 31
43 88 68
43 85 90
43 93 16
43 74 68
43 82 39
43 52 4
43 91 48
43 70 86
43 48 35
43 64 99
43 95 62
43 98 65
43 56 45
43 90 6
43 89 71
44 71 64
44 82 95
44 91 18
44 90 58
44 97 9
44 52 46
44 53 55
44 56 75
44 92 12
44 45 6
44 75 3
44 59 9
44 72 71
44 58 28
44 95 49
44 46 52
44 86 25
44 80 7
44 93 45
44 48 61
44 67 58
44 55 7
44 85 87
44 66 65
44 60 45
44 96 37
44 68 95
44 94 13
44 84 26
44 89 28
44 57 71
44 51 70
44 76 90
44 79 90
44 64 65
44 78 10
44 77 67
44 99 46
44 49 43
44 54 98
44 70 91
44 62 50
44 83 29
44 47 30
44 74 53
44 63 31
44 87 6
44 65 81
44 98 45
44 50 51
44 69 92
44 73 44
45 88 50
45 87 12
45 83 46
45 52 3
45 56 15
45 53 27
45 80 93
45 61 66
45 55 89
45 89 88
45 50 74
45 46 45
45 77 73
45 68 31
45 67 69
45 99 24
45 82 67
45 64 60
45 65 98
45 66 34
45 94 92
45 75 12
45 90 18
45 78 1
46 96 4
46 76 9
46 51 97
46 88 2
46 99 65
46 70 3
46 50 58
46 78 26
46 54 57
46 53 87
46 63 80
46 72 50
46 64 75
46 58 58
46 59 11
46 93 21
46 67 34
46 97 38
46 90 3
46 80 76
46 82 36
46 95 46
46 60 29
46 86 64
46 75 20
46 74 92
46 49 84
46 79 45
47 94 77
47 89 27
47 52 89
47 67 85
47 68 30
48 62 68
48 72 74
48 85 78
48 74 10
48 89 70
48 92 50
48 55 45
48 60 16
48 56 21
48 83 69
48 53 90
48 91 84
48 97 9
48 76 75
48 69 58
48 52 74
48 73 81
48 88 87
48 84 53
48 71 73
48 95 72
48 61 2
48 90 48
48 98 32
48 94 63
48 70 99
48 54 81
48 75 63
48 80 16
48 87 89
48 96 35
48 93 94
48 81 89
48 78 57
48 49 71
48 86 51
48 57 76
48 63 40
48 65 92
48 67 82
49 98 8
49 82 85
49 91 55
49 93 34
49 57 75
49 61 25
49 96 27
49 71 7
49 62 85
49 79 76
49 78 42
49 76 79
49 69 79
49 85 72
49 84 93
49 58 12
49 81 47
49 80 37
49 92 5
49 97 55
49 60 70
49 73 25
49 51 41
49 87 34
49 83 33
49 89 38
49 77 65
49 65 16
49 75 60
49 86 60
49 88 57
49 56 93
49 64 50
49 59 74
49 54 54
49 90 31
49 72 40
49 94 97
50 94 77
50 61 93
50 89 95
50 81 32
50 62 44
50 87 48
50 91 63
50 51 71
50 63 51
50 78 6
50 73 22
50 57 68
50 74 7
50 55 34
50 86 60
50 82 51
50 52 86
50 72 22
50 76 14
50 93 75
50 77 43
50 90 83
50 79 34
50 97 80
50 80 40
50 56 76
50 60 91
50 83 32
50 71 88
50 69 16
50 75 98
50 88 77
50 54 78
50 68 41
50 70 41
50 85 31
50 67 10
50 98 49
50 92 34
50 64 2
50 96 64
50 95 13
50 65 81
50 53 10
50 59 69
50 84 19
50 66 29
50 58 22
50 99 28
51 95 24
51 65 31
51 84 5
51 92 28
51 64 32
51 99 28
51 87 42
51 91 21
51 59 92
51 69 40
51 88 71
51 96 72
51 83 16
51 79 36
51 85 4
51 70 89
51 81 99
51 71 3
51 52 20
51 98 88
51 90 48
51 86 18
51 93 11
51 89 87
51 61 85
51 53 81
52 94 6
52 88 98
52 93 98
52 89 20
52 58 54
53 68 69
53 67 84
53 96 91
53 95 90
53 81 27
53 94 71
53 71 62
53 59 70
53 79 88
53 64 51
53 97 84
53 73 6
53 90 84
53 92 95
53 63 63
53 69 95
53 75 80
54 61 56
54 84 21
54 60 17
54 94 56
54 69 22
54 79 91
54 93 8
55 66 51
55 74 73
55 98 91
55 70 38
55 81 53
55 78 35
55 61 37
55 76 34
55 97 49
55 96 7
55 72 7
55 92 31
55 63 50
55 62 89
55 68 55
55 75 27
55 57 72
55 59 74
55 83 82
55 99 48
55 71 62
55 64 46
55 89 73
55 65 80
55 91 10
55 93 47
55 95 63
55 80 73
56 92 65
56 91 58
56 73 47
56 71 19
56 64 30
56 60 38
56 65 44
56 80 94
56 58 23
56 66 62
56 96 70
56 93 88
56 82 38
56 97 80
56 69 89
56 70 57
56 72 39
56 78 78
56 62 31
56 75 89
56 81 59
57 88 16
57 66 83
57 64 77
57 78 61
57 92 99
57 58 81
57 77 79
57 74 37
57 96 35
57 65 56
58 85 14
58 63 70
58 65 90
58 88 4
58 90 27
58 81 90
59 78 76
59 74 26
59 82 58
59 76 94
59 66 97
59 93 88
59 97 39
59 71 81
59 79 16
59 86 88
59 64 31
59 60 91
59 68 26
59 83 50
59 95 61
59 88 78
59 92 54
59 67 56
59 89 18
59 65 13
59 87 76
59 81 92
59 91 90
59 69 5
59 85 93
59 77 29
59 61 51
59 75 3
60 76 26
60 97 60
60 98 89
60 88 18
60 81 51
60 62 10
60 78 86
60 68 3
60 70 92
60 61 14
60 90 33
60 89 17
60 80 42
60 85 70
60 96 55
60 99 57
60 63 37
60 91 30
60 75 21
60 74 87
60 77 49
60 84 1
60 87 52
60 72 64
60 71 48
60 69 36
60 65 8
60 66 42
60 73 51
60 79 10
60 93 17
60 86 95
61 91 65
61 79 26
61 69 82
61 87 35
61 78 58
61 67 52
61 76 11
61 82 8
61 66 43
61 89 82
61 64 40
61 97 30
61 81 88
61 98 94
61 84 96
61 70 32
61 83 60
61 80 97
62 72 54
62 68 45
62 93 51
62 96 59
62 89 26
62 71 91
62 73 53
62 82 88
62 75 88
62 94 94
62 65 6
62 98 19
62 67 93
62 88 11
62 87 1
62 91 16
62 95 46
62 84 79
62 97 78
62 77 68
62 70 1
62 85 68
62 79 87
63 68 60
63 86 48
63 70 33
63 84 79
63 67 7
63 97 45
63 99 79
63 73 77
63 90 92
63 72 79
63 74 23
63 95 3
63 89 33
63 80 60
63 93 81
63 83 17
63 96 19
63 85 67
63 77 51
63 82 35
64 95 60
64 97 70
64 77 1
65 71 29
65 82 78
65 96 28
65 91 96
65 89 97
65 66 34
65 77 99
65 69 85
65 98 73
65 73 18
65 90 65
65 80 66
65 85 18
65 75 5
65 97 19
65 86 23
65 87 63
65 79 33
65 72 19
65 78 97
65 83 2
65 94 7
65 88 20
65 68 87
65 70 95
65 81 24
65 84 25
65 92 2
65 93 26
65 67 66
66 68 79
66 91 48
66 97 28
66 82 70
66 77 70
66 78 77
66 94 37
66 73 47
66 84 63
66 85 61
66 70 28
66 79 55
67 88 78
67 91 2
67 99 40
67 92 99
67 90 25
67 75 41
67 95 94
67 73 40
67 70 80
67 93 46
67 89 49
67 74 11
67 69 60
67 98 46
67 80 16
67 82 41
67 71 68
67 97 29
67 77 72
67 72 20
67 68 82
67 85 78
68 92 2
68 94 98
68 79 89
68 69 74
68 84 22
68 81 18
68 74 87
68 76 61
68 80 32
68 75 52
68 77 34
68 97 66
68 71 12
68 83 21
68 72 46
68 87 2
68 86 76
68 82 16
68 98 88
68 78 57
68 95 33
69 93 57
69 92 31
69 71 5
69 74 32
69 85 4
69 82 32
69 84 88
69 73 21
69 99 5
69 95 73
69 70 66
69 81 35
69 94 28
69 80 88
69 83 66
69 78 69
69 89 45
69 88 62
69 72 37
69 96 95
69 97 21
69 75 66
69 91 60
69 76 34
69 98 26
69 86 80
69 87 33
69 79 9
70 91 95
70 98 49
70 96 43
70 86 25
70 93 10
70 84 92
70 76 69
70 82 97
70 95 10
70 94 99
70 81 9
70 90 15
70 75 48
70 80 6
70 79 33
70 92 55
70 87 34
70 85 45
70 71 53
70 73 35
70 97 32
71 77 6
71 78 49
71 97 22
71 86 26
71 88 34
71 75 24
71 98 99
71 83 59
71 92 9
71 82 4
71 94 80
71 81 97
71 87 19
71 79 4
71 85 60
71 93 54
72 96 21
72 87 15
72 95 30
72 89 24
72 73 54
72 81 75
72 88 37
72 93 60
72 79 10
72 78 23
72 75 32
72 80 62
72 85 36
72 76 34
72 91 7
72 98 91
72 86 7
72 74 28
72 90 85
72 94 10
73 93 91
73 86 75
73 78 62
73 89 54
73 74 40
73 80 25
73 76 40
73 75 17
73 96 62
74 84 6
74 93 76
74 97 24
75 91 91
75 82 53
75 79 58
75 97 55
75 88 3
75 93 3
75 84 96
75 98 9
75 86 15
75 87 54
75 96 65
75 76 95
75 81 99
75 80 17
75 85 47
75 95 88
75 89 89
75 99 61
75 78 74
75 83 12
75 90 26
75 92 2
75 77 11
76 91 62
76 87 19
76 98 8
76 82 79
76 81 31
76 80 90
76 84 33
76 78 83
76 89 21
76 85 91
76 96 73
76 83 77
76 77 12
76 90 34
76 99 76
76 93 84
76 94 67
76 79 31
76 97 35
77 95 83
77 80 82
77 92 71
77 94 4
77 90 9
77 81 78
77 96 53
78 92 24
78 84 46
78 89 6
78 86 20
78 82 82
78 85 14
78 98 97
78 80 63
78 90 75
78 79 27
79 86 75
79 95 97
79 90 95
79 94 78
79 83 77
79 99 48
79 96 50
79 88 75
80 95 88
80 88 58
80 90 7
80 93 49
81 96 18
81 86 77
81 95 21
81 91 78
82 93 24
82 86 90
82 96 4
82 88 37
82 94 13
82 87 20
82 97 97
82 91 77
82 90 33
82 89 14
82 92 28
82 84 96
83 94 52
84 98 87
84 99 76
84 88 97
84 90 66
84 86 52
84 97 86
84 96 74
84 92 64
84 87 5
84 91 73
84 94 12
84 85 61
84 93 60
85 97 56
85 86 51
85 92 74
85 91 33
85 94 46
85 96 25
86 96 64
86 98 83
87 91 60
87 98 91
87 88 98
87 90 7
87 96 23
87 95 56
87 93 89
87 97 57
88 94 81
88 92 73
88 91 18
88 93 83
89 99 57
89 94 21
89 90 9
89 92 84
89 96 83
89 95 69
89 97 80
89 93 6
90 99 55
90 97 87
91 99 67
91 92 65
91 98 11
91 95 19
91 97 28
91 96 69
92 97 14
92 96 4
92 99 73
92 95 38
92 93 41
93 97 91
93 94 15
93 99 84
93 95 12
94 97 11
94 98 40
94 95 49
94 96 95
94 99 4
95 98 89
96 99 85
96 97 45
96 98 75
97 99 32
98 99 50
