100
0 15 0.54
0 26 0.7
0 60 0.47
0 75 0.86
0 87 0.72
0 93 0.74
15 4 0.9
15 5 0.3
15 12 0.24
15 19 0.64
15 21 0.24
15 28 0.59
15 35 0.56
15 47 0.95
15 57 0.99
15 77 0.99
15 81 0.08
26 2 0.35
26 8 0.93
26 9 0.79
26 16 0.61
26 20 0.22
26 24 0.61
26 25 0.24
26 26 0.54
26 40 0.22
26 41 0.07
26 49 0.01
26 63 0.79
26 65 0.17
26 72 0.9
26 86 0.53
26 88 0.02
60 54 0.61
60 68 0.09
60 72 0.58
60 75 0.59
60 77 0.57
60 81 0.11
60 85 0.88
75 27 0.28
75 28 0.73
75 31 0.91
75 32 0.82
75 46 0.83
75 82 0.87
75 99 0.61
87 3 0.56
87 17 0.32
87 51 0.03
87 64 0.49
87 77 0.06
87 98 0.2
93 16 0.01
93 27 0.55
93 61 0.68
93 74 0.42
93 90 0.27
1 14 0.62
1 23 0.7
1 31 0.11
1 34 0.26
1 40 0.09
1 44 0.25
1 46 0.86
1 50 0.45
1 58 0.52
1 59 0.44
1 66 0.73
1 94 0.81
1 97 0.06
14 3 0.39
14 6 0.46
14 17 0.73
14 28 0.99
14 42 0.11
14 56 0.25
23 9 0.42
23 24 0.7
23 48 0.73
23 56 0.58
23 65 0.99
23 79 0.98
23 82 0.16
23 96 0.04
31 6 0.21
31 13 0.71
31 29 0.44
31 45 0.03
31 53 0.03
31 54 0.17
31 55 0.21
31 59 0.59
31 64 0.28
31 70 0.34
31 80 0.41
31 81 0.04
31 89 0.63
34 4 0.32
34 25 0.01
34 30 0.25
34 35 0.32
34 53 0.48
34 57 0.18
34 62 0.16
34 72 0.24
34 76 0.94
40 3 0.84
40 6 0.26
40 22 0.63
40 33 0.05
40 54 0.39
40 55 0.99
40 80 0.86
40 90 0.38
44 11 0.75
44 17 0.02
44 36 0.65
44 45 0.37
44 78 0.1
46 3 0.28
46 5 0.81
46 11 0.56
46 13 0.99
46 42 0.4
46 45 0.01
46 54 0.18
46 76 0.02
46 77 0.33
46 84 0.48
46 90 0.28
46 92 0.16
46 94 0.33
46 96 0.49
50 3 0.33
50 30 0.38
50 33 0.41
50 53 0.49
50 98 0.94
58 6 0.57
58 19 0.03
58 25 0.57
58 28 0.72
58 48 0.68
58 52 0.65
58 64 0.59
58 77 0.44
58 85 0.92
58 90 0.66
59 2 0.53
59 18 0.96
59 29 0.49
59 65 0.66
59 72 0.44
59 97 0.22
66 8 0.83
66 9 0.49
66 11 0.07
66 25 0.42
66 29 0.39
66 37 0.43
66 41 0.69
66 56 0.62
66 62 0.69
66 72 0.26
66 73 0.74
66 79 0.52
66 81 0.3
66 84 0.87
66 90 0.7
94 37 0.52
94 42 0.44
94 53 0.68
94 54 0.31
94 62 0.8
94 68 0.92
94 71 0.04
94 78 0.07
94 81 0.84
94 88 0.57
94 90 0.47
97 13 0.61
97 72 0.95
97 78 0.22
97 80 0.34
97 83 0.35
2 6 0.12
2 10 0.04
2 25 0.79
2 32 0.09
2 33 0.63
2 39 0.89
2 54 0.91
2 63 0.51
2 68 0.24
2 81 0.43
2 90 0.61
2 91 1.0
2 98 0.49
6 3 0.38
6 8 0.44
6 9 0.24
6 12 0.66
6 16 0.8
6 22 0.58
6 41 0.38
6 42 0.19
6 43 0.9
6 69 0.56
6 70 0.21
6 74 0.77
6 77 0.73
6 91 0.73
6 98 0.71
10 12 0.27
10 13 0.06
10 17 0.23
10 29 0.62
10 39 0.02
10 45 0.21
10 48 0.09
10 72 0.93
10 76 0.66
10 77 0.83
25 9 0.59
25 47 0.6
25 52 0.3
25 54 0.97
25 62 0.58
25 72 0.83
25 92 0.59
25 99 0.77
32 32 0.2
32 41 0.36
32 45 0.85
32 49 0.19
32 61 0.09
32 64 0.65
32 67 0.46
32 69 0.27
32 80 0.26
32 95 0.99
33 5 0.75
33 12 0.21
33 16 0.4
33 30 0.42
33 42 0.02
33 63 0.7
33 76 0.65
33 95 0.17
39 30 0.16
39 53 0.61
39 56 0.26
39 57 0.61
39 64 0.92
39 69 0.71
39 76 0.63
39 95 0.16
39 99 0.39
54 3 0.05
54 19 0.6
54 28 0.91
54 36 0.52
54 43 0.22
54 45 0.96
54 70 0.63
63 13 0.33
63 48 0.53
63 63 0.36
63 68 0.7
63 71 0.93
63 76 0.48
63 80 0.6
63 83 0.6
68 4 0.08
68 22 0.43
68 35 0.27
68 48 0.32
68 49 0.56
68 80 0.45
68 84 0.32
81 3 0.61
81 4 0.89
81 20 0.1
81 27 0.38
81 29 0.2
81 30 0.15
81 41 0.08
81 51 0.5
81 52 0.9
81 80 0.33
81 88 0.1
81 95 0.02
90 43 0.72
90 61 0.03
90 65 0.51
90 70 0.71
90 72 0.79
90 82 0.54
90 92 0.05
91 7 0.81
91 18 0.95
91 36 0.13
91 41 0.89
91 56 0.06
91 82 0.62
91 96 0.4
98 3 1.0
98 13 0.98
98 20 0.5
98 64 0.58
98 69 0.34
98 82 0.68
3 61 0.17
3 64 0.56
3 69 0.33
3 86 0.18
61 16 0.08
61 18 0.83
61 28 0.02
61 38 0.67
61 41 0.09
61 53 0.41
61 64 0.68
61 69 0.14
64 9 0.45
64 11 0.62
64 37 0.03
64 48 0.67
64 49 0.29
69 8 0.73
69 57 0.88
69 80 0.98
69 82 0.77
69 95 0.01
86 5 0.77
86 8 0.63
86 22 0.06
86 42 0.72
86 43 0.27
4 27 0.79
4 67 0.44
27 11 0.37
27 36 0.84
27 92 0.57
27 99 0.03
67 30 0.73
67 35 0.55
67 51 0.31
67 67 0.93
67 79 0.49
67 84 0.16
5 20 0.22
5 24 0.8
5 49 0.32
20 8 0.76
20 18 0.02
20 80 0.49
20 96 0.59
24 37 0.49
24 42 0.99
24 47 0.28
24 48 0.43
24 78 0.99
24 95 0.9
24 99 0.46
49 13 0.04
49 35 0.98
49 77 0.25
8 11 0.53
8 51 0.84
8 78 0.46
8 85 0.59
9 29 0.47
9 45 0.05
9 73 0.41
9 92 0.11
9 99 0.02
12 37 0.62
12 92 0.43
16 29 0.68
16 42 0.34
16 57 0.66
16 80 0.29
22 18 0.41
22 42 0.04
22 45 0.77
22 73 0.81
22 82 0.17
41 7 0.55
41 13 0.86
41 73 0.25
41 84 0.58
42 17 0.95
43 29 0.39
43 43 0.59
43 48 0.89
43 52 0.22
43 70 0.88
43 71 0.27
43 92 0.23
70 13 0.43
70 45 0.27
70 48 0.01
70 62 0.68
70 71 0.34
70 77 0.11
70 79 0.26
74 18 0.17
74 51 0.71
74 57 0.73
74 73 0.33
74 82 0.42
77 13 0.55
77 29 0.56
77 37 0.5
77 47 0.43
77 71 0.75
77 77 0.07
7 37 0.18
7 38 0.94
7 52 0.63
7 72 0.06
7 82 0.62
7 96 0.5
37 21 0.03
37 36 0.17
37 52 0.41
38 21 0.73
38 51 0.31
38 56 0.14
52 28 0.02
52 30 0.97
52 47 0.29
52 65 0.8
52 88 0.85
52 96 0.95
72 48 0.9
72 65 0.66
72 79 0.18
82 28 0.54
82 47 0.88
96 36 0.17
96 57 0.99
96 73 0.15
11 17 0.4
11 28 0.53
11 55 0.2
11 73 0.61
11 92 0.61
51 71 0.64
78 57 0.87
78 73 0.06
85 30 0.91
85 76 0.29
85 83 0.67
29 48 0.19
45 13 0.06
45 62 0.08
45 65 0.12
73 62 0.89
73 79 0.61
73 99 0.43
99 30 0.49
99 71 0.02
99 88 0.43
13 89 0.58
17 76 0.14
17 95 0.46
48 76 0.67
48 84 0.22
48 88 0.13
76 28 0.1
76 47 0.39
76 53 0.81
28 35 0.83
55 56 0.22
89 19 1.0
89 30 0.89
89 95 0.81
56 35 0.73
19 47 0.49
19 80 0.81
19 88 0.85
21 18 0.94
35 30 0.92
35 35 0.94
57 80 0.58
80 79 0.17
95 65 0.74
95 84 0.8
18 79 1.0
18 84 0.38
84 84 0.23
88 71 0.45
88 83 0.96
36 83 0.68
30 83 0.84