100
0 2 5.295
0 55 7.812
0 61 11.719
0 62 12.849
0 63 11.908
0 64 8.895
0 65 12.002
0 66 11.909
0 67 11.948
0 68 10.77
0 69 10.832
0 70 10.622
0 71 13.677
0 72 8.499
0 73 12.598
0 74 12.581
0 75 12.848
0 76 9.325
0 77 16.676
0 78 11.817
0 79 10.949
0 80 10.17
0 81 10.635
0 82 11.376
0 83 12.209
0 84 9.769
0 85 10.724
0 86 11.563
0 87 13.524
0 88 14.016
0 89 10.977
0 90 11.048
0 91 11.638
0 92 15.532
0 93 11.788
0 94 12.74
0 95 10.683
0 96 12.698
0 97 9.996
0 98 8.565
0 99 12.514
1 38 8.156
1 58 9.503
1 61 16.771
2 28 9.046
2 62 14.407
3 6 4.759
3 20 7.085
4 21 5.199
4 31 5.47
5 14 9.816
5 42 7.735
5 63 11.904
6 64 10.142
7 59 6.609
7 65 8.35
8 37 11.325
8 66 10.398
9 58 3.145
9 55 10.399
9 67 8.978
10 43 7.975
10 68 10.818
11 34 3.475
11 50 7.673
11 69 10.983
12 29 4.19
12 70 7.418
13 15 6.901
13 71 15.354
14 17 9.059
14 72 13.238
15 28 7.942
16 18 10.234
17 73 14.133
18 56 8.478
18 22 9.34
18 74 12.927
19 38 5.642
19 75 12.779
20 25 6.78
20 76 8.781
21 77 12.323
22 53 2.713
22 78 9.048
23 25 5.507
23 79 11.07
24 27 6.714
24 42 6.507
24 80 11.571
25 55 6.36
25 54 4.777
25 51 2.692
25 81 13.287
26 30 8.417
26 82 10.947
27 35 8.808
27 33 5.968
27 47 5.267
27 57 8.919
27 83 15.05
29 34 6.568
29 84 12.181
30 35 6.89
30 85 11.03
31 44 7.652
31 86 11.336
32 51 5.368
32 53 5.478
32 87 10.484
33 39 10.155
33 88 11.879
34 89 11.022
35 90 10.826
36 40 3.526
36 59 8.135
36 54 6.082
36 91 10.184
37 45 7.712
37 46 8.681
37 52 8.586
37 92 15.34
38 93 6.935
39 94 7.565
40 95 8.478
41 50 8.964
41 96 12.524
42 49 9.387
42 97 8.374
43 60 7.452
43 98 12.424
44 60 7.04
44 99 11.009
46 49 3.123
48 59 4.81
50 57 5.961
52 60 6.259
53 57 9.132