99
0 1 8.167
0 2 5.655
0 3 5.846
0 4 5.378
0 5 7.351
0 6 5.676
0 7 5.298
0 8 5.596
0 9 6.109
0 10 3.795
0 11 5.655
0 12 4.438
0 13 6.814
0 14 4.535
0 15 5.119
0 16 4.304
0 17 5.249
0 18 4.947
0 19 5.807
0 20 3.706
0 21 5.972
0 22 4.434
0 23 4.254
0 24 5.451
0 25 3.529
0 26 5.941
0 27 5.635
0 28 5.832
0 29 3.807
0 30 4.24
0 31 6.696
0 32 4.63
0 33 2.901
0 34 2.245
1 2 5.656
1 3 3.323
1 4 5.114
1 5 5.771
1 6 5.529
1 7 4.659
1 8 5.129
1 9 4.656
1 10 4.414
1 11 4.626
1 12 6.539
1 13 6.045
1 14 5.742
1 15 5.324
1 16 4.498
1 17 4.274
1 18 3.484
1 19 4.985
1 20 5.622
1 21 5.697
1 22 5.52
1 23 3.275
1 24 4.322
1 25 4.154
1 26 5.611
1 27 5.25
1 28 5.685
1 29 6.103
1 30 3.32
1 31 4.948
1 32 3.049
1 35 3.435
1 36 1.982
2 3 4.184
2 4 5.251
2 5 6.466
2 6 5.793
2 7 5.285
2 8 4.978
2 9 5.426
2 10 6.582
2 11 5.09
2 12 2.55
2 13 3.315
2 14 3.256
2 15 4.849
2 16 4.027
2 17 5.741
2 18 4.302
2 19 5.889
2 20 4.506
2 21 5.674
2 22 5.371
2 23 8.433
2 24 5.147
2 25 6.057
2 26 4.679
2 27 5.229
2 28 3.638
2 29 3.739
2 30 4.29
2 31 5.704
2 32 3.786
2 37 1.863
2 38 4.661
3 4 4.809
3 5 4.259
3 6 6.777
3 7 3.826
3 8 4.66
3 9 3.083
3 10 5.284
3 11 4.737
3 12 5.68
3 13 2.866
3 14 5.922
3 15 6.363
3 16 4.723
3 17 5.167
3 18 3.075
3 19 5.847
3 20 3.639
3 21 5.631
3 22 5.714
3 23 5.608
3 24 4.465
3 25 3.759
3 26 5.349
3 27 3.912
3 28 4.917
3 29 6.45
3 30 5.228
3 31 4.096
3 32 5.946
3 39 3.379
3 40 3.438
4 5 4.666
4 6 5.347
4 7 3.902
4 8 5.224
4 9 5.697
4 10 6.058
4 11 5.532
4 12 5.706
4 13 4.062
4 14 5.075
4 15 4.716
4 16 6.024
4 17 4.834
4 18 3.872
4 19 6.966
4 20 7.442
4 21 4.532
4 22 4.152
4 23 4.349
4 24 5.1
4 25 4.232
4 26 4.547
4 27 3.952
4 28 5.719
4 29 4.507
4 30 4.921
4 31 4.399
4 32 5.501
4 41 1.835
4 42 2.286
5 6 5.454
5 7 5.03
5 8 6.393
5 9 5.529
5 10 5.956
5 11 4.394
5 12 4.047
5 13 5.61
5 14 5.196
5 15 4.422
5 16 5.804
5 17 4.55
5 18 5.645
5 19 4.646
5 20 6.514
5 21 4.468
5 22 6.368
5 23 4.034
5 24 5.794
5 25 5.215
5 26 3.136
5 27 5.774
5 28 4.637
5 29 7.009
5 30 3.91
5 31 5.271
5 32 7.427
5 43 3.672
5 44 3.981
6 7 5.144
6 8 3.408
6 9 5.642
6 10 5.792
6 11 3.626
6 12 3.758
6 13 5.327
6 14 5.783
6 15 5.271
6 16 4.164
6 17 5.787
6 18 6.008
6 19 3.805
6 20 6.02
6 21 3.044
6 22 3.699
6 23 6.804
6 24 5.576
6 25 5.597
6 26 5.621
6 27 4.229
6 28 7.225
6 29 5.197
6 30 4.359
6 31 1.868
6 32 4.849
6 45 2.332
6 46 3.69
7 8 4.523
7 9 4.063
7 10 4.52
7 11 4.556
7 12 6.012
7 13 6.425
7 14 5.941
7 15 4.89
7 16 5.982
7 17 5.736
7 18 5.809
7 19 5.164
7 20 4.382
7 21 5.458
7 22 4.593
7 23 4.355
7 24 4.605
7 25 4.662
7 26 5.785
7 27 3.265
7 28 5.913
7 29 3.467
7 30 5.035
7 31 4.903
7 32 6.129
7 47 2.817
7 48 3.197
8 9 3.736
8 10 6.605
8 11 6.077
8 12 5.793
8 13 5.07
8 14 4.532
8 15 5.836
8 16 5.514
8 17 4.661
8 18 6.1
8 19 4.612
8 20 3.586
8 21 6.553
8 22 4.427
8 23 5.334
8 24 6.015
8 25 4.867
8 26 6.364
8 27 4.831
8 28 5.11
8 29 4.094
8 30 3.727
8 31 5.028
8 32 5.298
8 49 2.811
8 50 2.817
9 10 4.017
9 11 4.835
9 12 3.819
9 13 5.171
9 14 5.049
9 15 5.064
9 16 4.773
9 17 6.152
9 18 4.812
9 19 3.622
9 20 6.218
9 21 4.853
9 22 5.432
9 23 5.639
9 24 3.806
9 25 4.846
9 26 5.846
9 27 4.405
9 28 3.24
9 29 5.716
9 30 4.618
9 31 3.607
9 32 5.372
9 51 2.822
9 52 3.125
10 11 5.445
10 12 5.111
10 13 6.034
10 14 5.132
10 15 5.504
10 16 4.839
10 17 4.883
10 18 4.837
10 19 5.457
10 20 1.729
10 21 8.035
10 22 5.483
10 23 6.431
10 24 4.862
10 25 5.268
10 26 3.926
10 27 6.329
10 28 5.551
10 29 5.027
10 30 5.238
10 31 4.93
10 32 4.832
10 53 2.928
10 54 2.78
11 12 6.602
11 13 5.185
11 14 6.69
11 15 5.685
11 16 3.588
11 17 4.969
11 18 4.88
11 19 5.036
11 20 3.795
11 21 5.222
11 22 6.458
11 23 5.197
11 24 6.159
11 25 3.644
11 26 3.906
11 27 5.421
11 28 3.771
11 29 4.822
11 30 5.957
11 31 4.785
11 32 4.068
11 55 1.362
11 56 2.66
12 13 7.791
12 14 6.877
12 15 5.771
12 16 6.471
12 17 5.745
12 18 3.3
12 19 4.556
12 20 4.485
12 21 4.16
12 22 5.271
12 23 4.757
12 24 5.668
12 25 4.57
12 26 4.987
12 27 6.09
12 28 4.077
12 29 4.234
12 30 5.545
12 31 5.302
12 32 4.922
12 57 2.085
12 58 2.262
13 14 3.699
13 15 4.224
13 16 5.473
13 17 4.725
13 18 4.273
13 19 6.457
13 20 4.493
13 21 5.093
13 22 5.133
13 23 5.142
13 24 3.145
13 25 3.069
13 26 5.87
13 27 5.139
13 28 5.23
13 29 5.101
13 30 4.499
13 31 4.347
13 32 4.288
13 59 4.052
13 60 3.839
14 15 5.246
14 16 5.099
14 17 5.938
14 18 6.214
14 19 5.429
14 20 7.165
14 21 4.094
14 22 6.112
14 23 4.088
14 24 3.86
14 25 6.011
14 26 4.709
14 27 7.051
14 28 3.649
14 29 5.232
14 30 4.234
14 31 6.157
14 32 5.243
14 61 4.94
14 62 1.878
15 16 5.329
15 17 5.69
15 18 4.591
15 19 4.086
15 20 5.864
15 21 5.046
15 22 5.965
15 23 5.296
15 24 5.821
15 25 4.812
15 26 6.871
15 27 4.115
15 28 4.79
15 29 4.464
15 30 6.463
15 31 4.206
15 32 7.063
15 63 3.023
15 64 2.414
16 17 5.468
16 18 7.264
16 19 4.313
16 20 5.122
16 21 5.279
16 22 5.26
16 23 4.543
16 24 5.902
16 25 3.684
16 26 3.614
16 27 7.133
16 28 4.357
16 29 4.112
16 30 4.695
16 31 5.647
16 32 2.764
16 65 4.685
16 66 3.042
17 18 4.906
17 19 3.952
17 20 5.142
17 21 3.658
17 22 2.569
17 23 4.606
17 24 4.347
17 25 4.595
17 26 3.965
17 27 5.339
17 28 5.128
17 29 5.054
17 30 3.466
17 31 3.834
17 32 5.541
17 67 2.263
17 68 5.126
18 19 6.384
18 20 5.062
18 21 5.213
18 22 4.409
18 23 6.234
18 24 5.731
18 25 2.202
18 26 5.873
18 27 4.132
18 28 5.588
18 29 5.541
18 30 5.216
18 31 4.325
18 32 6.192
18 69 3.812
18 70 1.81
19 20 5.387
19 21 3.706
19 22 5.841
19 23 6.525
19 24 7.052
19 25 5.579
19 26 4.844
19 27 5.862
19 28 5.782
19 29 3.595
19 30 6.319
19 31 7.06
19 32 4.889
19 71 5.738
19 72 3.005
20 21 4.533
20 22 4.035
20 23 4.222
20 24 5.234
20 25 4.307
20 26 2.943
20 27 3.528
20 28 4.197
20 29 4.844
20 30 4.896
20 31 4.801
20 32 4.898
20 73 3.323
20 74 1.374
21 22 5.713
21 23 5.415
21 24 4.198
21 25 3.635
21 26 4.446
21 27 5.143
21 28 5.878
21 29 5.856
21 30 3.72
21 31 4.773
21 32 6.603
21 75 2.271
21 76 2.508
22 23 4.797
22 24 5.085
22 25 5.535
22 26 5.12
22 27 5.257
22 28 4.223
22 29 5.676
22 30 4.053
22 31 4.372
22 32 5.47
22 77 2.929
22 78 4.173
23 24 4.179
23 25 4.117
23 26 3.321
23 27 2.767
23 28 5.761
23 29 4.047
23 30 2.11
23 31 4.677
23 32 5.148
23 79 1.698
23 80 4.618
24 25 4.794
24 26 5.677
24 27 5.342
24 28 6.564
24 29 8.524
24 30 5.046
24 31 6.111
24 32 2.648
24 81 1.569
24 82 3.243
25 26 6.174
25 27 5.719
25 28 4.45
25 29 5.301
25 30 5.762
25 31 6.835
25 32 6.035
25 83 3.399
25 84 3.394
26 27 5.32
26 28 4.566
26 29 5.032
26 30 6.12
26 31 5.183
26 32 5.568
26 85 2.962
26 86 1.9
27 28 5.244
27 29 5.308
27 30 5.822
27 31 5.731
27 32 3.947
27 87 3.851
27 88 2.417
28 29 5.048
28 30 4.624
28 31 5.25
28 32 4.788
28 89 4.722
28 90 4.397
29 30 5.936
29 31 3.474
29 32 4.865
29 91 2.834
29 92 3.279
30 31 3.881
30 32 5.13
30 93 2.923
30 94 1.604
31 32 5.973
31 95 3.771
31 96 3.853
32 97 4.088
32 98 1.135
33 35 2.997
34 36 2.936
37 39 3.904
38 40 4.693
41 43 4.301
42 44 3.611
45 47 3.194
46 48 2.668
49 51 2.123
50 52 3.721
53 55 3.876
54 56 1.871
57 59 1.4
58 60 1.94
61 63 4.194
62 64 1.553
65 67 0.975
66 68 1.967
69 71 3.652
70 72 2.046
73 75 2.444
74 76 2.435
77 79 3.047
78 80 1.321
81 83 3.467
82 84 3.792
85 87 2.15
86 88 3.419
89 91 2.577
90 92 3.081
93 95 3.858
94 96 3.807