100
0 1 10
0 2 10
1 3 10.1
1 4 10.1
2 5 10.2
2 6 10.2
3 7 10.3
3 8 10.3
4 9 10.4
4 10 10.4
5 11 10.5
5 12 10.5
6 13 10.6
6 14 10.6
7 15 10.7
7 16 10.7
8 17 10.8
8 18 10.8
9 19 10.9
9 20 10.9
10 21 11
10 22 11
11 23 11.1
11 24 11.1
24 25 10
25 26 11
25 27 12
26 28 10
26 29 10.3
27 30 15
27 31 40
28 32 31
28 33 16
29 34 19
29 35 80
30 36 20
30 37 7
31 38 48
31 39 29
32 40 10
32 41 92
33 42 14
33 43 58
34 44 23
34 45 11.5
35 46 22
35 47 34.1
36 48 8.5
36 49 7.2
25 37 10
37 50 8.4
37 51 7.5
38 52 9.7
38 53 4.5
39 54 6.7
39 55 3.9
40 56 4.9
40 57 52.3
41 58 54.6
41 59 55.9
42 60 4.6
42 61 4.7
43 62 5.3
44 63 5.4
44 64 6.9
45 65 7.6
45 66 5.4
46 67 6.7
46 68 7.6
47 69 5.6
47 70 6.7
48 71 7.9
48 72 6.7
49 73 7.8
49 74 6.5
50 75 4.3
50 76 5.4
51 77 0.7
51 78 5.6
52 79 4.5
52 80 6.7
53 81 8.8
53 82 7.8
54 83 6.5
54 84 6.5
55 85 3.4
55 86 3.4
56 87 4.5
56 88 2.3
57 89 3.6
57 90 4.5
58 91 4.5
58 92 5.6
59 93 5.4
59 94 4.5
60 95 5.4
60 96 6.7
61 97 44
61 98 3.2
62 99 5.6
