100
0 7 67.54
0 4 55.401
0 25 9.643
0 26 9.416
0 27 17.469
1 7 50.303
1 28 7.108
1 29 17.249
1 30 8.155
2 17 68.832
2 23 61.553
2 22 60.4
2 31 2.948
2 32 8.333
2 33 8.74
3 13 50.656
3 34 13.354
3 35 18.976
3 36 10.446
4 5 64.537
4 37 0.642
4 38 3.947
4 39 4.77
5 12 57.095
5 40 14.773
5 41 9.583
5 42 12.298
6 15 65.736
6 8 67.146
6 43 10.383
6 44 17.143
6 45 13.036
7 46 8.069
7 47 9.92
7 48 6.48
8 24 58.569
8 49 6.572
8 50 8.43
8 51 6.389
9 22 55.01
9 52 2.033
9 53 12.97
9 54 9.488
10 21 59.531
10 22 53.125
10 55 11.072
10 56 10.166
10 57 11.908
11 20 64.063
11 58 18.429
11 59 14.291
11 60 17.061
12 13 67.251
12 61 3.727
12 62 6.554
12 63 12.493
13 20 58.955
13 24 57.378
13 64 12.826
13 65 4.969
13 66 11.268
14 18 57.324
14 67 10.591
14 68 8.683
14 69 16.355
15 70 17.471
15 71 17.17
15 72 4.218
16 24 59.325
16 73 13.082
16 74 3.657
16 75 6.785
17 19 63.655
17 76 16.359
17 77 11.97
17 78 11.364
18 19 61.9
18 79 9.471
18 80 13.155
18 81 4.048
19 82 23.004
19 83 6.059
19 84 14.925
20 85 11.161
20 86 14.36
20 87 12.635
21 88 12.929
21 89 8.449
21 90 7.397
22 24 56.838
22 91 5.793
22 92 4.961
22 93 24.279
23 94 8.566
23 95 15.095
23 96 8.097
24 97 11.736
24 98 2.931
24 99 16.62
25 51 24.704
25 75 16.89
25 84 19.151
25 35 25.915
26 48 13.685
27 45 27.512
27 57 28.906
27 58 21.094
27 62 18.065
27 39 18.169
28 36 18.066
29 81 22.507
29 36 13.274
30 93 23.412
31 91 23.138
31 96 28.083
31 97 22.291
32 87 16.061
32 60 21.804
32 99 9.222
33 47 16.588
33 64 21.089
34 82 14.214
34 56 25.644
35 94 19.499
35 60 25.675
36 76 21.689
37 80 21.213
38 67 29.868
39 98 18.024
39 96 21.02
40 47 13.933
41 57 20.708
42 49 14.339
42 65 20.305
42 95 14.274
42 84 24.412
43 97 26.987
44 48 33.189
46 69 16.492
46 88 12.322
46 53 20.711
47 68 25.67
48 59 7.727
48 63 27.682
48 92 25.526
48 70 17.081
50 93 21.039
52 70 19.121
52 80 18.75
53 73 15.903
53 66 16.272
54 82 11.89
55 78 21.013
55 94 25.982
56 76 20.376
56 75 16.704
61 89 14.708
61 82 29.259
62 86 18.026
64 81 17.221
66 96 25.737
67 95 25.644
68 79 17.82
71 89 15.27
72 89 18.984
74 94 22.016
77 90 23.097
78 93 10.113
79 83 15.289
80 85 18.377
84 97 30.448
85 99 18.416
90 93 27.191