60
0 1 1
0 7 0.35
1 2 0.75
1 34 0.52
2 3 0.33
3 4 0.01
3 17 1
4 5 0.63
4 20 0.35
5 6 0.4
6 7 1
7 8 0.25
7 46 0.5
8 9 0.77
8 11 0.3
9 10 0.4
9 14 0.63
10 11 1
10 13 0.1
11 12 0.55
11 29 0.2
12 13 0.15
13 14 1
13 50 0.60
14 15 0.4
15 16 0.25
16 17 0.44
16 27 0.30
17 24 1
18 19 1
19 20 0.5
20 21 0.01
20 44 1
21 22 0.2
22 23 0.3
23 24 0.7
24 25 0.1
24 36 1
25 26 0.4
26 27 0.6
27 28 0.70
28 29 0.32
29 30 0.1
30 31 0.80
30 44 1
31 32 0.14
32 33 1
33 34 0.98
33 54 0.28
34 35 0.35
35 36 0.74
35 37 0.85
35 38 0.25
36 37 1
37 38 0.24
37 41 0.13
38 39 0.26
39 40 0.13
40 41 0.74
41 42 0.24
42 43 0.6
43 44 1
44 45 0.8
45 46 0.5
46 47 0.24
47 48 0.3
48 49 0.35
49 50 0.05
50 51 1
51 52 0.24
51 56 0.70
52 53 0.01
52 57 1
52 59 1
53 54 0.6
54 55 0.5
55 56 0.2
56 57 0.9
57 58 0.84
58 59 1
