100
0 9 3.539
0 10 9.142
0 26 12.163
0 27 13.779
0 28 14.125
0 29 9.941
0 30 14.098
0 31 13.069
0 32 15.429
0 33 13.786
0 34 12.008
0 35 11.183
0 36 7.963
0 37 11.378
0 38 11.045
0 39 7.618
0 40 14.326
0 41 10.975
0 42 12.532
1 21 6.748
1 26 12.481
1 43 11.732
1 44 11.94
1 45 12.543
1 46 15.634
1 47 12.58
1 48 9.819
1 49 13.832
1 50 10.282
1 51 12.292
1 52 12.924
1 53 12.3
1 54 11.591
1 55 9.194
1 56 11.744
1 57 13.128
1 58 11.823
1 59 13.657
1 60 11.399
1 61 9.517
2 24 6.768
2 22 4.655
2 27 10.042
2 43 13.991
2 62 9.36
2 63 10.796
2 64 10.268
2 65 14.499
2 66 11.018
2 67 12.328
2 68 13.461
2 69 16.312
2 70 12.364
2 71 16.007
2 72 12.994
2 73 14.043
2 74 11.976
2 75 8.419
2 76 13.061
2 77 12.667
2 78 11.984
3 11 10.271
3 10 7.563
3 22 8.091
3 28 16.097
3 44 8.844
3 62 12.681
3 79 13.682
3 80 11.602
3 81 12.89
3 82 10.835
3 83 14.048
3 84 15.877
3 85 10.356
3 86 12.407
3 87 8.549
3 88 10.762
3 89 9.201
3 90 12.543
3 91 9.292
3 92 12.357
3 93 11.423
4 14 9.807
4 21 8.812
4 5 6.861
4 25 8.959
4 45 11.215
4 79 8.853
4 94 10.848
4 95 10.055
4 96 13.191
4 97 12.701
4 98 10.864
4 99 11.953
5 13 6.457
5 29 11.486
5 46 14.412
5 63 15.789
5 94 11.895
6 22 6.816
6 30 11.507
6 95 16.198
7 24 4.309
7 31 13.157
7 64 11.894
7 96 8.772
8 19 4.468
8 32 13.315
8 47 10.875
8 65 14.819
8 80 13.687
8 97 9.965
9 20 4.054
9 33 8.227
9 48 10.847
9 66 14.251
9 81 10.224
9 98 13.623
10 18 5.482
10 49 11.739
10 67 14.046
10 82 12.048
10 99 12.996
11 34 9.688
11 68 11.331
12 14 8.526
12 35 11.147
12 83 12.947
13 16 10.072
13 50 12.877
13 69 11.107
13 84 12.541
14 36 10.095
14 51 9.711
14 70 11.258
14 85 9.053
15 19 8.419
15 52 9.435
15 71 13.152
16 19 9.649
16 37 11.654
16 53 11.396
16 72 10.71
17 24 8.616
17 38 8.606
17 54 13.311
17 86 10.0
18 55 11.407
18 87 12.388
19 22 7.638
19 56 13.869
19 73 16.36
19 88 14.264
20 57 10.426
20 74 12.582
20 89 11.919
21 39 14.889
21 58 14.121
21 75 11.485
22 40 9.197
22 59 13.675
22 76 11.404
22 90 12.417
23 25 4.261
23 41 16.516
23 60 11.081
23 77 12.123
23 91 12.662
24 78 11.156
24 92 13.577
25 42 9.803
25 61 12.956
25 93 11.876