100
1 0 18.115
2 1 14.997
3 2 14.861
4 3 3.055
5 4 99.787
6 4 75.515
6 5 35.065
7 6 21.164
8 7 41.486
9 8 88.588
10 3 70.579
10 7 62.904
10 9 12.395
11 9 55.345
11 10 97.943
12 11 46.158
13 12 61.342
14 13 49.489
15 14 46.305
16 15 19.362
17 16 96.646
18 14 22.19
18 17 19.092
19 18 56.687
20 10 2.215
20 19 42.656
21 20 13.793
22 21 16.829
23 10 69.323
23 22 31.953
24 10 56.382
24 23 51.56
25 7 74.789
25 17 10.402
25 18 81.963
25 22 0.799
25 24 2.24
26 25 99.771
27 26 82.121
28 10 89.501
28 13 93.331
28 27 33.299
29 28 58.733
30 29 65.64
31 6 47.975
31 10 86.654
31 11 31.578
31 30 12.754
32 31 33.856
33 32 2.318
34 15 20.945
34 33 48.691
35 1 37.812
35 34 40.198
36 35 4.57
37 23 66.742
37 36 30.453
38 37 50.967
39 0 57.238
39 9 31.24
39 36 80.639
39 38 87.157
40 30 52.08
40 39 99.406
41 17 38.301
41 34 87.401
41 40 7.163
42 35 91.454
42 41 67.516
43 0 25.897
43 23 62.451
43 24 15.462
43 27 75.471
43 39 34.72
43 42 8.39
44 41 79.14
44 43 31.777
45 30 42.305
45 39 65.264
45 44 69.612
46 0 63.288
46 34 39.115
46 37 7.908
46 45 67.637
47 40 93.537
47 43 94.933
47 44 24.964
47 46 95.859
48 0 46.471
48 12 59.179
48 22 59.912
48 43 48.501
48 47 90.98
49 10 92.092
49 24 89.312
49 48 27.423
50 16 66.118
50 25 58.954
50 45 63.697
50 49 4.254
51 11 71.762
51 50 55.42
52 3 24.191
52 20 7.177
52 51 47.329
53 42 42.021
53 44 6.372
53 52 84.846
54 20 38.286
54 25 92.007
54 53 92.915
55 30 40.725
55 32 23.871
55 54 18.609
56 3 15.346
56 55 4.957
57 26 92.901
57 53 12.337
57 56 29.874
58 26 86.796
58 36 69.068
58 39 29.405
58 40 79.842
58 57 22.328
59 58 88.289
60 9 71.971
60 10 4.856
60 20 87.699
60 46 24.817
60 59 82.729
61 5 53.228
61 8 66.286
61 41 71.68
61 48 80.381
61 53 13.181
61 56 26.333
61 60 35.423
62 26 75.974
62 30 28.863
62 61 81.719
63 43 82.807
63 49 34.362
63 62 61.586
64 19 7.037
64 62 75.444
64 63 97.643
65 5 50.87
65 37 22.484
65 38 7.551
65 43 4.374
65 54 43.659
65 64 84.991
66 28 42.672
66 47 82.304
66 59 43.365
66 65 54.272
67 25 58.129
67 41 34.895
67 66 66.138
68 26 31.484
68 27 11.106
68 33 5.455
68 48 6.407
68 67 28.991
69 19 84.624
69 45 80.22
69 66 8.168
69 68 13.791
70 46 98.662
70 69 33.644
71 8 31.736
71 60 14.0
71 70 87.151
72 8 61.109
72 71 66.853
73 5 92.562
73 47 73.939
73 53 88.354
73 64 30.307
73 65 39.764
73 72 36.064
74 9 9.824
74 60 35.434
74 63 6.607
74 73 74.163
75 36 7.719
75 74 79.604
76 27 99.318
76 33 54.508
76 37 16.307
76 41 72.597
76 75 80.051
77 62 46.606
77 76 21.832
78 0 31.079
78 50 5.125
78 77 16.573
79 13 2.973
79 35 16.72
79 40 72.637
79 50 8.832
79 78 37.139
80 35 0.905
80 43 34.955
80 79 77.284
81 28 45.128
81 45 99.223
81 63 38.917
81 80 58.532
82 49 95.678
82 61 61.138
82 81 68.629
83 21 70.858
83 50 80.259
83 82 14.113
84 59 90.121
84 73 14.376
84 76 37.786
84 83 9.065
85 6 19.246
85 19 21.299
85 35 21.241
85 63 47.852
85 70 6.282
85 84 80.554
86 26 51.43
86 38 14.402
86 53 19.532
86 81 45.206
86 85 60.137
87 18 65.472
87 29 75.479
87 36 29.189
87 86 91.395
88 8 22.962
88 52 79.525
88 78 15.103
88 84 32.429
88 87 58.505
89 23 47.717
89 53 47.961
89 60 72.846
89 72 57.114
89 88 21.345
90 89 42.016
91 7 31.615
91 43 57.586
91 66 92.818
91 83 22.684
91 90 39.484
92 2 69.574
92 60 86.173
92 85 20.956
92 88 65.93
92 91 97.999
93 31 95.292
93 76 83.232
93 84 71.153
93 92 55.641
94 14 66.86
94 19 39.373
94 28 58.595
94 30 65.358
94 41 1.138
94 42 52.407
94 65 78.043
94 69 36.077
94 93 15.463
95 8 84.025
95 22 88.98
95 29 38.94
95 37 17.144
95 73 99.315
95 91 20.625
95 94 66.739
96 67 46.999
96 95 97.15
97 12 24.176
97 29 2.355
97 59 62.611
97 82 50.224
97 96 90.054
98 46 93.61
98 62 77.628
98 72 27.603
98 97 41.205
99 54 26.296
99 66 2.403
99 98 17.761
