60
0 1 14.7
0 6 10.2
0 11 45.3
0 31 1.5
1 2 57.4
1 6 99.5
2 4 90.5
2 8 72.3
3 7 11.0
3 8 22.9
3 9 26.6
4 5 29.7
4 9 79.8
4 14 8.02
4 22 34.2
5 6 69.3
6 8 15.2
7 13 75.0
7 29 77.1
9 12 26.3
9 50 27.0
10 11 54.9
10 16 63.6
11 12 30.9
11 16 30.5
12 14 69.0
12 18 93.9
13 17 29.2
13 18 26.8
13 19 26.6
13 31 29.0
14 15 70.6
14 19 42.7
14 56 8.0
15 16 59.4
15 29 64.7
16 18 23.2
17 27 2.4
19 25 0.75
20 21 35.9
20 26 85.6
21 22 21.8
21 26 41.7
24 37 20.7
22 24 26.8
22 28 55.7
23 27 62.0
23 28 44.9
23 29 50.5
24 25 40.1
24 29 19.6
25 26 70.3
26 28 47.7
27 39 10.2
30 31 14.7
30 36 10.2
30 41 45.3
31 32 57.4
31 36 99.5
32 34 90.5
32 38 72.3
33 37 11.0
33 38 22.9
33 39 26.6
34 35 29.7
34 39 79.8
34 44 8.02
34 52 34.2
34 53 30.5
35 36 69.3
36 38 15.2
37 43 75.0
37 59 77.1
39 42 26.3
40 41 54.9
40 46 63.6
41 42 30.9
41 46 30.5
42 44 69.0
42 48 93.9
43 47 29.2
43 48 26.8
43 49 26.6
44 45 70.6
44 49 42.7
45 46 59.4
45 59 64.7
46 48 23.2
47 57 2.4
49 55 0.75
50 51 35.9
50 56 85.6
51 52 21.8
51 56 41.7
52 54 26.8
52 58 55.7
53 57 62.0
53 58 44.9
53 59 50.5
54 55 40.1
54 59 19.6
55 56 70.3
56 58 47.7