100
0 29 5.972
0 55 8.918
0 56 11.083
0 57 11.234
0 58 9.749
0 59 9.683
0 60 13.48
0 61 11.448
0 62 13.097
0 63 11.81
0 64 9.836
0 65 11.222
0 66 9.749
0 67 13.114
0 68 12.169
0 69 10.179
0 70 13.005
0 71 12.4
0 72 12.39
0 73 12.385
0 74 12.007
0 75 11.471
0 76 14.605
0 77 8.582
0 78 10.999
0 79 12.75
0 80 10.883
0 81 10.682
0 82 12.734
0 83 12.594
0 84 14.836
0 85 6.762
0 86 10.555
0 87 12.385
0 88 9.394
0 89 11.833
0 90 12.262
0 91 12.075
0 92 11.535
0 93 14.418
0 94 13.514
0 95 13.37
0 96 10.993
1 43 7.2
1 55 12.207
1 97 9.32
1 98 12.611
1 99 6.031
2 19 7.386
2 28 6.34
2 56 13.183
2 97 12.479
3 4 8.458
3 12 3.776
3 57 11.805
3 98 10.031
4 52 11.447
4 58 14.6
4 99 12.119
5 8 6.666
5 42 9.125
5 6 5.816
5 59 8.178
6 39 2.144
6 52 5.171
6 60 13.802
7 40 6.973
7 48 3.595
7 24 7.225
8 28 10.308
8 61 11.291
9 29 10.467
9 43 7.724
9 62 8.513
10 14 10.408
11 23 9.266
11 63 14.2
12 23 8.88
12 41 8.061
12 54 9.839
12 64 10.787
13 33 10.513
13 37 5.276
13 15 10.426
13 53 7.013
13 65 18.261
14 35 9.489
14 66 13.571
15 24 10.616
16 49 7.841
16 67 10.727
17 43 7.239
17 68 12.699
18 30 10.466
18 43 4.824
18 38 8.236
18 69 9.341
20 46 5.898
20 40 8.209
20 70 12.755
21 54 4.957
22 39 9.101
22 71 11.052
23 72 11.199
24 73 12.518
25 35 8.222
25 50 1.479
25 53 8.054
25 41 9.192
25 74 9.512
26 34 6.812
26 38 6.378
26 36 7.018
26 75 11.363
27 34 12.15
27 76 12.812
28 77 9.609
29 78 7.95
30 31 8.492
30 79 9.122
32 48 5.588
33 80 16.204
34 81 12.721
35 82 11.751
36 45 7.548
36 83 10.685
37 84 14.186
39 85 16.392
40 86 10.283
41 45 9.131
41 87 11.722
42 49 5.375
42 88 14.302
44 47 4.95
44 50 6.867
44 89 14.368
45 90 15.193
46 91 10.485
47 51 11.365
47 92 12.085
49 93 12.45
50 94 11.943
52 95 12.316
53 96 9.451