93
0 30 74.442
0 61 65.733
0 79 11.759
0 80 3.059
0 84 12.066
1 28 28.464
1 64 12.782
1 67 14.661
1 72 95.329
1 87 70.5
2 5 76.209
2 13 34.929
2 55 16.871
2 66 99.0
2 85 2.597
3 8 76.885
3 23 65.789
3 31 19.507
3 63 22.313
3 89 43.339
4 7 82.635
4 9 15.385
4 45 73.059
4 52 58.0
4 65 95.576
5 8 4.761
5 44 57.758
5 52 73.102
5 90 72.842
6 12 26.201
6 30 36.329
6 54 32.034
6 89 70.258
6 92 78.257
7 44 73.618
7 85 31.145
7 89 79.975
7 92 92.264
8 22 32.363
8 41 35.495
8 46 9.212
9 40 11.559
9 50 44.951
9 69 67.68
9 86 53.009
10 29 62.314
10 39 73.123
10 44 94.363
10 46 8.362
10 88 62.253
11 14 25.317
11 60 64.327
11 64 17.305
11 90 62.071
11 91 33.18
12 25 82.021
12 61 14.424
12 77 40.158
12 92 49.798
13 19 84.583
13 30 74.821
13 71 92.514
13 80 61.396
14 17 6.442
14 64 66.434
14 73 69.452
14 78 13.297
15 17 20.125
15 21 67.009
15 27 96.282
15 61 90.568
15 63 89.858
16 30 97.148
16 43 74.573
16 49 15.536
16 77 43.349
16 78 56.074
17 36 70.176
17 49 79.267
17 63 58.586
18 38 33.441
18 40 17.352
18 81 62.481
18 86 14.174
18 91 39.514
19 47 68.832
19 60 80.951
19 69 11.56
19 81 53.105
20 39 53.301
20 42 22.764
20 54 43.201
20 65 0.779
20 82 69.752
21 37 78.055
21 39 71.667
21 47 9.874
21 48 47.752
22 33 70.034
22 56 22.541
22 60 91.143
22 64 40.517
23 29 27.698
23 36 42.862
23 41 22.861
23 70 54.318
24 29 27.514
24 46 74.444
24 74 43.092
24 85 4.328
24 89 79.872
25 43 41.725
25 52 14.572
25 68 63.875
25 84 32.323
26 27 61.219
26 58 4.762
26 81 57.151
26 84 75.218
26 85 58.133
27 49 48.605
27 55 79.53
27 62 95.518
28 36 96.923
28 52 97.845
28 57 27.39
28 58 77.286
29 83 5.082
29 86 80.562
30 62 13.88
31 32 95.235
31 39 53.764
31 40 39.163
31 44 80.583
32 33 54.123
32 37 81.017
32 54 66.806
32 83 34.153
33 52 84.237
33 69 80.263
33 87 68.268
34 36 60.145
34 42 42.203
34 60 31.914
34 65 15.099
34 75 3.771
35 47 50.896
35 49 18.472
35 82 46.215
35 83 77.847
35 91 47.98
36 83 89.59
37 51 39.882
37 60 78.637
37 75 51.02
38 40 76.807
38 44 36.703
38 49 66.522
38 50 43.751
39 55 13.501
40 84 52.505
41 65 25.783
41 71 29.565
41 76 38.247
42 70 17.325
42 84 91.309
42 90 66.763
43 74 10.193
43 78 44.033
43 80 38.846
45 50 37.513
45 65 97.588
45 73 12.304
45 92 33.076
46 61 36.609
46 81 27.197
47 66 13.922
47 78 26.887
48 50 94.406
48 61 18.395
48 73 2.654
48 83 26.727
50 56 85.494
51 53 34.133
51 58 56.708
51 71 47.329
51 79 77.135
53 59 54.864
53 69 23.299
53 71 64.557
53 77 15.022
54 68 44.563
54 77 14.866
55 58 65.412
55 59 34.096
56 59 71.03
56 66 28.056
56 74 69.936
57 66 31.261
57 69 56.65
57 71 18.438
57 76 32.666
58 75 30.855
59 87 39.001
59 90 82.505
62 70 83.637
62 73 80.397
62 82 38.57
63 67 51.647
63 77 2.832
64 72 35.0
66 76 45.768
67 68 15.678
67 81 43.348
67 85 55.485
68 75 70.714
68 91 76.58
70 73 79.984
70 88 56.745
72 74 74.607
72 87 74.126
72 91 74.874
74 78 41.405
75 80 30.902
76 80 35.113
76 92 35.286
79 82 88.814
79 86 4.369
79 90 55.731
82 86 7.658
87 89 58.931