99
0 1 9.345
0 11 23.05
0 12 78.32
0 14 12.786
0 14 98.059
0 18 21.052
0 18 80.436
0 19 92.213
0 20 73.65
0 22 35.696
0 22 94.532
0 23 38.649
0 25 69.558
0 27 39.046
0 28 38.763
0 28 45.301
0 29 17.755
0 29 21.311
0 30 54.818
0 32 16.941
0 32 4.654
0 33 65.304
0 36 11.117
0 36 5.74
0 39 63.486
0 39 66.564
0 40 13.021
0 40 56.868
0 44 66.967
0 46 24.781
0 46 52.279
0 46 56.919
0 47 10.625
0 49 51.803
0 49 72.386
0 50 0.702
0 50 97.043
0 52 67.139
0 53 56.624
0 54 75.127
0 55 96.611
0 56 13.196
0 56 65.262
0 57 11.948
0 57 23.142
0 57 44.802
0 58 44.183
0 6 20.239
0 60 17.47
0 61 23.935
0 62 65.073
0 63 83.277
0 63 98.407
0 64 67.175
0 66 43.301
0 69 45.031
0 7 27.976
0 70 3.828
0 72 34.652
0 75 47.438
0 77 32.892
0 78 32.28
0 78 45.575
0 79 49.268
0 79 59.536
0 8 81.871
0 80 26.17
0 81 0.544
0 84 48.982
0 84 66.978
0 85 55.291
0 85 7.555
0 86 62.043
0 87 67.997
0 88 44.849
0 88 60.515
0 88 75.165
0 88 87.574
0 89 21.79
0 89 90.53
0 93 57.636
0 93 71.57
0 94 50.403
0 94 7.295
0 96 48.171
0 97 90.817
0 98 51.092
0 98 82.254
0 98 95.5
1 10 8.563
1 12 79.451
1 12 83.046
1 13 51.908
1 14 77.169
1 15 39.741
1 17 61.493
1 18 3.016
1 18 86.176
1 2 66.399
1 20 17.307
1 22 16.908
1 22 45.869
1 22 87.707
1 23 56.03
1 25 11.831
1 27 66.585
1 28 42.069
1 28 59.417
1 29 97.578
1 3 84.269
1 31 46.853
1 32 71.419
1 35 90.532
1 36 10.565
1 36 70.74
1 37 8.192
1 38 51.771
1 39 86.768
1 40 98.471
1 42 26.752
1 42 87.206
1 43 20.416
1 43 56.352
1 44 84.721
1 46 65.51
1 47 4.009
1 49 3.169
1 5 44.663
1 51 32.038
1 51 73.014
1 52 38.79
1 53 65.584
1 55 84.941
1 56 14.936
1 56 39.276
1 59 94.158
1 61 21.133
1 62 66.363
1 62 97.882
1 63 17.364
1 64 83.751
1 65 88.335
1 67 88.399
1 67 92.409
1 68 50.621
1 69 6.201
1 7 34.352
1 70 66.993
1 71 38.488
1 71 94.834
1 73 40.172
1 74 63.198
1 74 80.595
1 77 60.825
1 78 80.846
1 79 9.035
1 80 18.559
1 80 86.474
1 82 15.9
1 82 56.585
1 82 8.943
1 82 95.763
1 83 63.299
1 83 70.987
1 84 51.602
1 84 71.076
1 85 46.032
1 86 41.503
1 87 48.564
1 9 12.811
1 90 20.986
1 93 82.897
1 93 96.35
1 96 18.388
1 97 80.092
10 11 94.463
10 12 39.548
10 12 94.626
10 14 66.628
10 14 88.116
10 15 24.933
10 16 17.037
10 16 17.211
10 18 54.759
10 18 83.895
10 20 89.769
10 23 98.019
10 24 54.543
10 24 85.093
10 25 34.279
10 25 36.527
10 27 68.541
10 27 70.042
10 30 49.586
10 31 14.62
10 32 26.719
10 32 64.268
10 32 75.555
10 34 65.113
10 40 4.774
10 40 56.745
10 40 61.527
10 40 88.577
10 41 59.927
10 41 84.995
10 42 41.224
10 42 62.665
10 42 96.954
10 43 35.574
10 43 47.787
10 43 82.262
10 47 1.826
10 48 20.948
10 49 26.939
10 50 67.006
10 52 23.798
10 53 3.775
10 53 41.187
10 53 90.575
10 54 43.907
10 55 60.638
10 56 73.397
10 57 62.552
10 58 45.936
10 58 69.294
10 60 51.261
10 60 88.866
10 60 95.489
10 61 4.046
10 62 60.805
10 65 81.494
10 67 70.379
10 69 99.484
10 72 17.277
10 72 45.953
10 74 62.91
10 75 69.432
10 76 3.863
10 77 56.086
10 78 18.322
10 78 91.558
10 80 14.761
10 83 26.26
10 88 32.953
10 88 8.551
10 90 34.887
10 90 47.932
10 92 83.615
10 94 10.67
10 95 79.156
10 98 55.209
11 13 32.53
11 13 41.83
11 13 45.8
11 13 91.872
11 14 39.731
11 15 93.475
11 16 24.311
11 17 74.54
11 17 74.839
11 17 95.826
11 19 26.702
11 21 35.273
11 22 37.028
11 22 52.065
11 22 93.492
11 23 1.548
11 24 28.466
11 24 45.111
11 25 35.174
11 27 28.216
11 28 53.293
11 36 17.869
11 38 84.674
11 39 1.328
11 41 58.866
11 41 71.284
11 43 64.321
11 44 4.429
11 46 41.161
11 47 16.996
11 47 51.871
11 47 55.323
11 47 7.551
11 49 95.675
11 53 0.295
11 58 60.044
11 58 91.931
11 61 47.433
11 62 17.311
11 62 21.347
11 62 22.864
11 63 30.643
11 63 75.118
11 65 29.658
11 65 95.318
11 66 28.98
11 67 49.754
11 68 41.565
11 71 50.401
11 72 99.849
11 73 82.452
11 73 93.34
11 75 47.781
11 76 71.946
11 80 63.428
11 80 91.095
11 81 84.989
11 87 6.514
11 88 16.181
11 91 46.233
11 91 75.545
11 92 15.548
11 93 84.699
11 95 32.189
11 95 66.695
11 95 9.918
11 96 75.251
11 97 15.554
11 97 77.854
11 98 72.773
12 16 27.997
12 17 82.738
12 20 4.622
12 20 46.617
12 22 61.227
12 23 93.224
12 24 3.83
12 26 85.851
12 26 99.221
12 27 18.972
12 27 57.417
12 28 47.953
12 31 28.234
12 33 37.86
12 33 78.774
12 34 73.811
12 34 93.773
12 35 10.505
12 36 5.37
12 37 11.136
12 37 6.073
12 38 63.853
12 38 98.328
12 40 34.188
12 40 84.363
12 41 40.78
12 43 25.89
12 43 56.438
12 44 1.371
12 45 34.586
12 45 69.954
12 47 4.813
12 47 86.292
12 48 66.218
12 49 97.093
12 51 22.373
12 51 45.23
12 51 48.987
12 51 77.542
12 51 85.954
12 53 0.538
12 53 73.534
12 53 79.114
12 54 79.523
12 55 85.668
12 56 45.294
12 58 44.455
12 60 33.959
12 65 13.001
12 66 39.239
12 68 28.619
12 68 50.847
12 69 55.482
12 71 56.779
12 71 8.94
12 72 14.787
12 72 70.094
12 73 81.918
12 74 53.109
12 74 86.636
12 75 13.727
12 76 67.094
12 78 93.402
12 79 10.688
12 83 59.468
12 84 33.856
12 84 71.15
12 85 73.303
12 87 16.243
12 88 9.483
12 89 60.357
12 91 23.392
12 92 40.698
12 93 51.006
12 93 6.433
12 96 2.775
12 98 21.365
12 98 83.596
13 14 90.41
13 17 36.326
13 18 23.293
13 20 18.596
13 21 85.113
13 22 33.94
13 23 8.402
13 23 80.84
13 25 90.318
13 25 92.243
13 27 22.598
13 27 68.153
13 28 62.423
13 29 98.509
13 30 37.928
13 30 42.675
13 31 11.011
13 32 5.918
13 32 52.051
13 33 31.9
13 33 57.116
13 34 40.183
13 34 41.77
13 35 17.836
13 35 21.152
13 36 28.512
13 37 79.073
13 37 79.507
13 37 84.418
13 37 92.128
13 40 2.911
13 40 73.373
13 41 32.339
13 42 72.619
13 42 8.254
13 44 51.519
13 44 65.599
13 45 35.618
13 45 54.007
13 49 23.957
13 50 55.785
13 51 61.43
13 52 19.202
13 52 24.08
13 52 55.953
13 52 90.968
13 53 3.626
13 54 37.609
13 55 10.381
13 56 41.089
13 57 39.157
13 58 41.346
13 60 26.49
13 60 55.567
13 61 46.071
13 61 71.087
13 62 17.273
13 63 15.436
13 63 93.194
13 65 28.994
13 66 34.767
13 66 56.745
13 68 1.428
13 69 14.78
13 71 94.059
13 72 83.498
13 75 78.028
13 75 86.696
13 75 99.996
13 76 89.72
13 79 31.901
13 80 39.952
13 83 87.743
13 84 57.705
13 86 57.313
13 87 22.962
13 87 50.801
13 87 75.216
13 88 37.286
13 88 56.027
13 92 67.727
13 93 37.565
13 94 85.803
13 94 88.719
13 96 60.422
13 97 19.363
14 15 39.382
14 16 0.623
14 17 19.592
14 18 12.563
14 20 17.322
14 20 92.152
14 21 14.739
14 23 31.965
14 23 40.257
14 23 54.866
14 25 12.565
14 25 60.849
14 25 63.907
14 25 77.537
14 25 9.328
14 26 52.564
14 28 28.885
14 29 74.396
14 29 82.933
14 29 91.463
14 32 94.448
14 35 22.814
14 35 75.182
14 35 85.874
14 37 18.178
14 37 35.301
14 38 31.647
14 38 6.834
14 39 23.825
14 42 0.922
14 42 33.283
14 43 3.75
14 44 36.417
14 46 15.084
14 47 11.683
14 47 88.537
14 48 9.034
14 49 49.117
14 49 82.302
14 51 24.643
14 51 62.824
14 51 70.596
14 52 70.936
14 53 46.198
14 55 84.29
14 56 13.827
14 56 25.637
14 56 97.025
14 60 10.904
14 60 27.254
14 60 45.662
14 61 29.737
14 62 23.351
14 62 48.243
14 63 2.189
14 63 53.557
14 66 85.989
14 67 45.708
14 67 7.13
14 67 92.378
14 67 94.165
14 68 44.908
14 68 80.404
14 69 26.386
14 71 86.376
14 72 53.917
14 76 18.507
14 76 27.199
14 78 26.281
14 78 78.48
14 80 24.937
14 83 74.649
14 84 61.688
14 85 14.684
14 87 37.138
14 88 77.347
14 89 54.643
14 92 75.952
14 93 94.031
14 94 0.481
14 94 25.805
14 94 53.303
14 96 43.367
14 97 19.329
15 16 74.748
15 16 78.002
15 17 2.886
15 17 98.165
15 20 87.223
15 22 37.021
15 23 57.368
15 27 26.402
15 27 29.649
15 27 90.302
15 28 43.45
15 29 2.168
15 29 41.476
15 29 76.768
15 30 77.929
15 32 17.133
15 32 21.094
15 32 27.426
15 32 6.467
15 32 76.772
15 34 68.915
15 34 83.74
15 35 48.169
15 35 56.213
15 35 64.639
15 36 91.709
15 38 51.164
15 38 81.137
15 38 92.412
15 39 80.172
15 40 32.622
15 40 42.655
15 41 48.778
15 44 38.823
15 45 67.447
15 46 20.964
15 48 39.443
15 49 3.061
15 49 31.155
15 49 32.632
15 49 78.839
15 51 48.273
15 52 27.307
15 53 64.344
15 54 16.338
15 55 68.214
15 55 68.227
15 56 84.138
15 61 97.894
15 66 0.963
15 68 64.432
15 69 1.072
15 69 20.6
15 70 25.458
15 71 51.963
15 72 57.048
15 74 59.041
15 74 8.722
15 77 16.637
15 77 6.03
15 77 96.826
15 77 97.593
15 80 33.255
15 81 85.565
15 81 91.27
15 82 32.068
15 84 69.282
15 84 70.229
15 85 59.439
15 85 71.31
15 86 70.668
15 88 3.368
15 88 75.49
15 88 81.089
15 90 72.662
15 92 86.334
15 93 63.888
15 93 93.863
15 94 71.172
15 94 94.142
15 95 46.385
15 95 65.438
15 96 22.721
15 98 83.295
16 17 15.73
16 20 36.868
16 20 64.287
16 22 5.061
16 22 91.711
16 24 64.115
16 25 95.126
16 27 25.118
16 29 14.573
16 30 29.155
16 30 30.994
16 30 96.481
16 31 76.991
16 33 64.375
16 34 8.133
16 35 22.999
16 37 27.661
16 38 84.954
16 38 88.782
16 39 36.139
16 40 46.019
16 41 7.09
16 42 52.689
16 42 99.825
16 43 76.23
16 44 61.966
16 49 86.17
16 51 41.175
16 51 80.686
16 53 39.97
16 53 76.296
16 53 90.712
16 54 11.75
16 55 15.936
16 55 74.971
16 58 40.55
16 58 41.914
16 58 8.927
16 62 78.531
16 65 15.126
16 65 95.699
16 66 3.997
16 66 77.981
16 70 56.425
16 71 7.702
16 72 52.79
16 74 33.731
16 74 91.723
16 75 22.059
16 77 11.573
16 77 3.504
16 77 67.513
16 78 41.951
16 78 62.672
16 82 30.229
16 82 61.617
16 83 25.715
16 83 4.281
16 83 92.049
16 84 25.375
16 85 91.587
16 87 7.898
16 87 77.447
16 89 40.297
16 89 64.155
16 90 13.347
16 91 72.619
16 92 52.839
16 92 98.724
16 94 13.086
16 94 5.859
16 95 87.529
16 96 28.551
17 19 64.671
17 19 7.889
17 20 25.55
17 20 54.533
17 22 44.945
17 23 3.867
17 23 91.232
17 30 27.218
17 30 37.481
17 33 90.083
17 34 3.633
17 35 27.681
17 35 53.195
17 36 64.577
17 37 55.029
17 39 13.949
17 39 68.859
17 40 77.345
17 42 55.109
17 49 23.195
17 49 44.368
17 50 59.044
17 51 98.468
17 52 13.019
17 52 81.55
17 54 10.91
17 54 44.185
17 56 45.619
17 56 68.038
17 57 67.712
17 58 52.351
17 58 78.906
17 59 37.689
17 59 4.951
17 59 94.986
17 62 48.697
17 63 34.64
17 64 42.912
17 66 24.313
17 67 64.592
17 69 27.983
17 70 93.422
17 71 28.679
17 71 74.888
17 72 45.023
17 73 66.477
17 74 4.561
17 74 76.78
17 76 99.686
17 77 91.496
17 79 56.608
17 79 69.485
17 80 47.749
17 84 10.547
17 84 59.915
17 89 37.094
17 89 38.588
17 89 4.597
17 91 39.159
17 91 4.88
17 92 0.937
17 93 6.242
17 95 41.16
17 97 66.775
17 98 48.989
17 98 83.614
18 20 62.573
18 22 0.139
18 22 82.951
18 22 94.355
18 23 12.322
18 24 45.771
18 24 82.55
18 25 31.958
18 26 68.116
18 28 2.258
18 28 25.979
18 28 49.02
18 29 60.532
18 30 66.706
18 31 85.561
18 31 99.897
18 33 15.47
18 34 36.272
18 34 43.13
18 34 44.687
18 34 58.058
18 36 9.982
18 39 48.381
18 40 20.808
18 40 86.115
18 40 95.586
18 42 38.991
18 44 66.236
18 45 81.788
18 46 52.734
18 49 51.513
18 51 64.064
18 52 50.781
18 53 44.939
18 53 55.111
18 55 10.918
18 55 31.522
18 56 25.894
18 57 4.642
18 59 49.859
18 62 44.968
18 63 65.012
18 65 67.021
18 65 90.839
18 66 0.443
18 66 66.224
18 68 46.391
18 69 46.515
18 69 60.707
18 71 79.706
18 72 41.876
18 73 70.238
18 74 73.555
18 76 98.698
18 77 62.794
18 78 33.195
18 78 75.022
18 79 95.394
18 80 9.871
18 83 46.817
18 83 92.896
18 86 67.466
18 86 68.594
18 87 20.396
18 87 26.169
18 88 7.762
18 88 86.697
18 88 95.28
18 89 94.143
18 90 40.932
18 91 25.388
18 91 56.275
18 91 6.125
18 94 93.691
18 97 28.495
18 98 47.138
19 20 36.084
19 20 67.527
19 22 79.636
19 24 14.217
19 27 13.659
19 27 17.404
19 27 37.757
19 28 95.959
19 30 99.529
19 35 76.074
19 36 17.359
19 37 12.266
19 38 5.465
19 39 73.356
19 39 76.465
19 42 37.749
19 43 27.894
19 44 43.435
19 44 88.48
19 46 75.454
19 47 14.046
19 47 28.037
19 47 68.18
19 49 57.529
19 49 66.941
19 52 7.426
19 53 4.894
19 54 4.213
19 54 96.156
19 55 32.381
19 55 69.961
19 55 74.76
19 55 9.574
19 56 79.487
19 56 87.703
19 60 22.137
19 60 52.089
19 61 13.865
19 61 2.072
19 62 4.764
19 62 57.72
19 64 17.818
19 64 48.675
19 64 66.272
19 65 37.888
19 67 24.43
19 69 96.43
19 71 86.844
19 72 96.792
19 73 46.782
19 73 96.242
19 74 62.148
19 74 66.487
19 74 70.311
19 75 70.78
19 76 90.026
19 77 2.176
19 79 30.801
19 79 60.684
19 82 54.774
19 82 87.792
19 85 4.271
19 85 7.868
19 87 33.231
19 87 76.739
19 89 3.102
19 92 42.618
19 92 77.297
19 95 8.657
19 96 3.049
19 96 92.73
19 96 95.833
2 10 15.474
2 12 59.67
2 13 28.107
2 14 21.975
2 14 30.084
2 14 89.132
2 14 93.641
2 15 35.855
2 15 79.449
2 16 76.331
2 17 61.431
2 18 89.581
2 18 98.086
2 19 32.79
2 20 57.836
2 20 59.457
2 21 41.457
2 21 52.363
2 21 74.748
2 22 39.035
2 24 88.316
2 24 95.47
2 28 56.854
2 29 83.844
2 30 83.374
2 32 1.593
2 32 96.801
2 34 14.028
2 34 9.942
2 35 50.271
2 36 8.635
2 37 28.968
2 37 32.406
2 37 94.288
2 4 30.412
2 43 84.29
2 47 12.878
2 47 22.14
2 47 80.68
2 48 39.725
2 49 39.188
2 49 61.587
2 5 59.796
2 50 78.812
2 55 13.68
2 56 62.429
2 58 8.74
2 6 34.2
2 60 19.102
2 60 2.759
2 61 33.529
2 63 70.404
2 66 33.083
2 68 79.001
2 68 83.057
2 69 61.548
2 69 79.896
2 7 39.442
2 71 62.547
2 71 85.131
2 77 17.426
2 77 17.795
2 78 75.034
2 79 21.991
2 8 61.923
2 8 79.474
2 80 24.799
2 81 98.925
2 82 47.397
2 84 37.916
2 87 42.451
2 87 94.843
2 9 69.215
2 91 25.218
2 91 58.142
2 92 22.97
2 93 32.037
2 96 56.464
2 98 44.561
20 21 38.43
20 22 43.379
20 22 80.276
20 24 49.763
20 25 86.967
20 27 3.242
20 27 78.795
20 28 27.35
20 32 94.207
20 33 16.937
20 34 32.741
20 34 34.573
20 36 17.564
20 36 97.23
20 40 76.893
20 40 90.267
20 41 19.293
20 41 29.213
20 43 99.523
20 44 13.975
20 44 48.635
20 47 40.344
20 47 41.461
20 47 45.41
20 47 59.683
20 48 67.158
20 49 20.375
20 49 81.44
20 50 65.218
20 53 5.362
20 55 68.205
20 56 54.404
20 57 17.682
20 58 31.609
20 61 12.504
20 61 41.67
20 61 78.105
20 65 15.839
20 65 57.055
20 65 65.623
20 65 98.29
20 67 79.895
20 68 57.943
20 70 56.508
20 70 61.65
20 71 83.142
20 74 90.519
20 75 41.75
20 75 84.455
20 77 33.245
20 77 55.319
20 80 37.02
20 82 39.892
20 83 67.381
20 83 73.175
20 84 58.617
20 87 21.22
20 89 22.785
20 89 65.512
20 89 71.159
20 89 72.126
20 91 53.779
20 91 6.668
20 92 96.426
20 93 29.18
20 93 39.24
20 93 91.912
20 95 77.747
20 97 61.221
20 98 19.747
20 98 27.453
20 98 93.416
21 24 68.625
21 26 57.555
21 27 50.518
21 28 67.32
21 28 89.812
21 28 96.501
21 29 58.938
21 29 9.498
21 31 91.577
21 32 22.905
21 32 88.792
21 35 13.038
21 36 28.914
21 36 59.218
21 36 80.024
21 37 1.87
21 38 79.226
21 39 69.655
21 39 88.387
21 40 65.178
21 44 91.454
21 46 5.965
21 47 13.21
21 47 30.736
21 49 32.481
21 49 83.69
21 50 71.366
21 50 79.332
21 51 54.759
21 53 3.522
21 55 6.639
21 57 17.239
21 58 89.27
21 59 6.676
21 59 99.328
21 62 94.542
21 63 17.374
21 64 26.236
21 64 57.773
21 64 92.058
21 66 61.012
21 66 8.309
21 67 58.806
21 67 65.819
21 72 44.978
21 75 54.199
21 77 59.44
21 77 70.822
21 77 8.069
21 79 68.138
21 83 13.503
21 83 62.541
21 84 71.495
21 86 96.823
21 87 9.565
21 92 2.676
21 93 61.983
21 94 86.099
21 95 33.223
21 97 22.05
21 97 25.979
21 98 62.456
22 24 73.016
22 27 32.945
22 28 20.451
22 28 23.371
22 28 36.491
22 28 39.596
22 28 64.111
22 31 11.166
22 33 74.517
22 34 13.509
22 34 40.406
22 39 5.008
22 40 44.824
22 40 79.239
22 46 60.962
22 47 9.168
22 48 53.191
22 49 46.236
22 50 97.742
22 51 83.969
22 53 61.206
22 54 33.337
22 54 39.211
22 55 47.176
22 56 1.46
22 58 43.011
22 59 47.857
22 59 53.325
22 60 18.666
22 62 99.299
22 63 25.03
22 63 96.896
22 64 0.195
22 64 47.472
22 65 37.198
22 66 51.132
22 66 82.12
22 67 12.776
22 68 76.816
22 68 9.432
22 69 90.792
22 70 85.696
22 71 58.331
22 71 82.61
22 71 99.686
22 72 57.054
22 75 43.531
22 78 2.012
22 78 28.684
22 78 3.136
22 78 65.788
22 79 62.788
22 79 88.413
22 80 12.171
22 82 73.14
22 83 20.023
22 85 13.308
22 86 25.669
22 88 42.567
22 88 9.097
22 89 23.478
22 89 71.442
22 90 3.267
22 90 34.19
22 90 68.013
22 91 44.755
22 92 49.608
22 92 91.476
22 93 11.331
22 93 40.6
22 93 42.843
22 93 53.917
22 94 30.201
22 94 65.989
22 95 78.961
22 96 23.104
22 96 23.569
22 97 23.615
22 98 78.811
23 24 35.212
23 24 94.964
23 25 46.166
23 27 7.277
23 29 46.734
23 29 97.293
23 30 17.116
23 30 74.74
23 31 76.843
23 31 89.325
23 36 60.07
23 38 28.851
23 38 32.067
23 39 41.14
23 39 92.194
23 39 98.288
23 40 29.455
23 42 51.421
23 43 36.196
23 44 72.953
23 44 95.765
23 45 33.168
23 45 96.83
23 47 48.751
23 48 50.23
23 48 86.542
23 50 88.934
23 50 9.693
23 54 72.298
23 59 51.466
23 60 15.416
23 62 73.903
23 63 40.059
23 65 70.081
23 70 48.52
23 71 18.69
23 73 93.201
23 75 19.016
23 75 32.245
23 76 49.805
23 77 74.425
23 78 68.219
23 79 52.474
23 82 17.733
23 84 0.738
23 86 50.359
23 86 9.656
23 87 85.293
23 88 51.067
23 88 7.19
23 89 86.328
23 90 50.414
23 92 29.946
23 92 81.237
23 92 9.091
23 94 35.384
23 94 43.533
23 94 99.939
23 95 1.569
23 96 29.248
23 97 31.147
24 26 6.341
24 27 27.616
24 28 83.491
24 29 91.239
24 31 17.242
24 31 41.54
24 31 90.867
24 32 45.242
24 32 57.358
24 35 67.363
24 35 72.786
24 36 54.446
24 37 27.675
24 37 90.549
24 39 45.515
24 40 39.802
24 40 53.627
24 40 69.82
24 41 62.479
24 42 33.798
24 42 50.887
24 43 15.172
24 44 96.627
24 45 21.007
24 45 29.982
24 47 92.846
24 48 9.741
24 49 43.085
24 49 84.839
24 50 11.848
24 50 68.4
24 50 99.952
24 51 39.587
24 52 53.877
24 55 58.913
24 58 41.249
24 58 84.46
24 59 93.414
24 61 86.241
24 61 90.292
24 62 90.461
24 63 49.985
24 63 91.831
24 64 14.54
24 64 77.194
24 66 47.936
24 66 69.311
24 67 64.593
24 68 87.984
24 68 94.981
24 69 23.461
24 69 53.572
24 69 74.41
24 72 53.932
24 74 18.062
24 74 92.871
24 75 21.232
24 76 20.054
24 76 61.835
24 76 93.803
24 79 34.157
24 79 44.019
24 80 60.466
24 83 89.157
24 85 62.18
24 87 72.392
24 91 60.69
24 91 83.629
24 92 18.196
24 92 25.153
24 93 56.215
24 94 32.369
24 95 5.358
24 96 98.872
24 97 42.733
24 97 85.919
24 97 91.711
24 97 97.124
24 98 68.419
24 98 74.461
25 26 69.134
25 31 36.615
25 31 57.895
25 32 94.293
25 33 78.623
25 36 6.21
25 36 74.175
25 37 22.614
25 37 38.009
25 38 59.582
25 39 12.096
25 40 18.896
25 40 89.948
25 42 31.258
25 42 38.204
25 42 46.84
25 43 24.433
25 44 13.423
25 45 33.486
25 45 89.292
25 47 22.625
25 47 23.867
25 48 25.78
25 51 45.511
25 53 44.681
25 53 7.709
25 53 90.675
25 55 30.095
25 58 68.015
25 60 38.607
25 60 91.077
25 61 5.623
25 61 51.355
25 61 53.241
25 62 21.347
25 63 27.608
25 64 85.759
25 64 90.206
25 65 4.682
25 65 48.77
25 67 19.966
25 67 20.106
25 68 11.238
25 69 37.743
25 73 95.026
25 74 11.726
25 76 51.973
25 77 12.191
25 77 2.49
25 78 34.164
25 79 75.033
25 79 89.801
25 82 23.196
25 83 71.542
25 84 71.213
25 85 58.217
25 85 82.248
25 86 44.839
25 89 55.785
25 89 72.679
25 91 83.293
25 92 35.018
25 92 87.314
25 93 59.997
25 93 60.323
25 95 10.357
25 96 9.444
25 98 29.879
25 98 44.897
26 27 4.327
26 28 58.196
26 29 95.885
26 32 77.829
26 34 10.558
26 34 61.08
26 35 0.443
26 35 13.761
26 35 95.826
26 36 35.322
26 38 59.694
26 41 31.176
26 42 56.899
26 46 8.68
26 46 99.139
26 47 5.116
26 48 16.387
26 49 69.382
26 50 72.092
26 50 87.954
26 51 9.633
26 51 97.707
26 55 72.785
26 59 39.962
26 59 64.17
26 61 94.237
26 61 96.733
26 62 35.137
26 64 21.576
26 64 70.549
26 64 95.959
26 65 31.675
26 67 10.224
26 68 60.067
26 69 70.826
26 72 29.03
26 73 15.981
26 76 46.467
26 76 84.395
26 76 85.732
26 78 16.451
26 79 5.821
26 79 95.416
26 80 98.268
26 81 69.639
26 82 72.162
26 83 98.345
26 84 28.959
26 84 58.738
26 84 67.028
26 87 7.7
26 88 59.52
26 88 97.043
26 89 33.716
26 89 43.639
26 90 42.774
26 92 29.852
26 92 82.403
26 94 84.149
26 96 44.634
27 28 17.58
27 31 48.35
27 35 4.334
27 37 39.729
27 38 47.6
27 38 66.079
27 40 44.624
27 40 8.457
27 41 83.408
27 43 0.601
27 44 36.634
27 46 15.059
27 46 5.342
27 46 63.133
27 46 82.083
27 48 14.918
27 48 86.179
27 49 32.859
27 49 68.142
27 49 73.953
27 50 84.086
27 51 40.992
27 51 50.957
27 51 52.156
27 51 80.478
27 51 88.485
27 51 94.582
27 52 4.295
27 52 6.896
27 52 72.588
27 52 90.025
27 54 38.98
27 54 8.208
27 55 19.43
27 55 29.101
27 56 31.801
27 56 46.089
27 57 45.708
27 57 88.638
27 60 92.027
27 62 84.374
27 62 90.411
27 62 95.981
27 63 27.469
27 63 58.872
27 63 84.786
27 64 29.546
27 65 53.585
27 65 84.812
27 65 9.255
27 66 73.624
27 67 54.191
27 69 49.228
27 71 94.498
27 72 62.335
27 73 94.327
27 74 83.66
27 76 80.86
27 77 3.831
27 78 47.536
27 79 62.562
27 80 67.495
27 82 15.954
27 82 72.166
27 84 55.227
27 86 52.304
27 86 63.585
27 86 80.946
27 87 66.582
27 88 80.526
27 89 98.842
27 91 11.55
27 92 78.337
27 93 16.597
27 93 21.816
27 94 37.05
27 95 32.013
27 95 6.527
27 95 89.303
27 96 10.47
27 96 48.024
27 97 78.889
27 98 20.241
27 98 67.135
27 98 74.373
28 29 0.02
28 30 19.019
28 30 41.643
28 30 58.676
28 31 18.42
28 31 28.86
28 31 53.042
28 33 6.631
28 35 84.416
28 36 43.889
28 37 63.674
28 38 46.681
28 40 34.329
28 41 10.404
28 43 2.6
28 44 20.82
28 48 29.716
28 49 39.199
28 49 65.03
28 50 36.419
28 50 65.833
28 51 44.083
28 53 91.931
28 55 54.25
28 57 19.851
28 57 68.273
28 60 90.447
28 61 31.653
28 62 78.708
28 63 81.861
28 67 88.59
28 68 6.659
28 75 5.33
28 75 52.433
28 76 38.596
28 77 35.344
28 78 31.891
28 78 70.78
28 79 92.352
28 80 32.436
28 81 76.496
28 82 16.942
28 82 46.741
28 82 52.254
28 82 85.334
28 83 13.583
28 83 26.522
28 86 5.778
28 86 74.309
28 87 51.865
28 87 69.834
28 87 93.193
28 89 98.263
28 90 58.476
28 92 2.474
28 92 48.489
28 92 97.739
28 93 9.741
28 94 14.911
28 97 6.039
28 97 98.313
28 98 27.094
28 98 74.443
28 98 9.758
29 30 53.44
29 30 59.083
29 30 66.902
29 32 13.108
29 33 99.433
29 34 6.903
29 36 37.735
29 37 72.957
29 41 37.329
29 41 87.403
29 42 59.266
29 44 95.313
29 45 85.235
29 46 3.227
29 46 6.476
29 48 34.65
29 49 14.598
29 51 68.937
29 52 47.073
29 55 2.16
29 55 41.33
29 56 8.998
29 58 0.844
29 58 28.307
29 58 43.899
29 58 94.588
29 59 21.49
29 59 33.995
29 59 70.292
29 61 12.749
29 61 22.783
29 63 3.413
29 65 16.583
29 65 93.291
29 66 22.162
29 66 34.422
29 67 74.617
29 68 36.237
29 68 74.634
29 68 90.102
29 69 92.374
29 70 51.61
29 71 65.433
29 72 24.005
29 72 99.131
29 74 33.224
29 74 77.524
29 75 79.687
29 77 61.05
29 78 17.659
29 82 6.922
29 83 58.505
29 88 65.498
29 89 79.228
29 89 98.325
29 90 44.511
29 90 47.913
29 90 76.532
29 92 45.76
29 93 0.257
29 93 82.122
29 94 10.364
29 95 22.53
29 97 92.126
3 15 81.779
3 17 41.025
3 17 69.12
3 18 71.963
3 19 61.677
3 23 15.0
3 23 84.553
3 23 98.711
3 25 15.569
3 25 60.279
3 26 50.43
3 26 83.898
3 28 94.524
3 29 1.439
3 29 32.557
3 30 39.921
3 30 4.305
3 30 83.335
3 30 97.8
3 30 99.223
3 32 58.623
3 35 30.469
3 36 46.841
3 36 51.924
3 38 12.843
3 38 38.155
3 38 84.695
3 38 95.088
3 4 52.749
3 40 56.736
3 41 15.327
3 41 7.076
3 44 37.202
3 45 56.842
3 46 17.844
3 48 22.746
3 48 58.697
3 49 85.637
3 5 60.482
3 50 16.253
3 50 74.611
3 51 17.192
3 51 98.277
3 52 20.935
3 53 12.579
3 53 79.028
3 57 34.484
3 57 46.545
3 58 26.402
3 58 87.074
3 59 0.229
3 59 20.421
3 59 28.65
3 60 25.49
3 60 30.474
3 61 72.324
3 62 88.572
3 63 37.287
3 63 54.004
3 63 83.485
3 63 88.145
3 64 83.565
3 67 60.931
3 68 22.158
3 68 30.728
3 68 44.43
3 69 95.455
3 7 79.427
3 7 9.949
3 70 38.094
3 70 97.236
3 71 25.754
3 71 38.118
3 72 27.86
3 72 35.87
3 72 53.63
3 72 69.17
3 73 86.445
3 77 59.179
3 78 45.612
3 80 17.413
3 81 10.411
3 82 85.701
3 83 23.772
3 84 66.44
3 85 33.377
3 85 9.178
3 86 27.42
3 87 95.148
3 89 2.636
3 89 25.127
3 89 30.382
3 89 42.653
3 9 69.461
3 91 61.593
3 92 35.526
3 93 26.451
3 97 2.693
30 31 1.826
30 35 71.365
30 37 77.86
30 39 82.855
30 40 10.428
30 40 7.987
30 41 70.222
30 41 76.413
30 42 26.908
30 45 67.011
30 48 60.312
30 50 35.717
30 51 32.484
30 52 25.524
30 55 18.666
30 55 59.455
30 60 18.244
30 63 69.805
30 64 10.229
30 64 18.653
30 64 7.073
30 64 74.217
30 64 94.883
30 65 78.867
30 66 28.441
30 67 17.602
30 67 99.729
30 68 20.025
30 69 25.921
30 70 66.815
30 72 23.002
30 73 64.44
30 75 17.893
30 75 2.764
30 75 21.329
30 75 99.856
30 77 61.053
30 79 92.34
30 80 50.687
30 80 8.813
30 80 99.859
30 82 59.947
30 85 50.669
30 86 88.398
30 87 70.72
30 88 61.47
30 89 57.406
30 91 92.085
30 92 41.236
30 93 99.945
30 94 72.146
30 95 92.023
30 96 41.862
30 96 56.305
30 97 33.885
30 98 61.662
31 37 89.275
31 40 36.363
31 42 58.348
31 43 10.54
31 44 35.276
31 45 70.758
31 47 9.431
31 48 64.958
31 49 54.772
31 50 99.717
31 52 66.717
31 54 50.563
31 56 11.14
31 56 86.51
31 57 30.097
31 57 64.745
31 57 68.983
31 57 81.422
31 58 86.434
31 58 91.92
31 59 23.048
31 60 29.129
31 60 9.473
31 61 16.735
31 61 26.822
31 61 52.685
31 62 93.391
31 63 21.369
31 63 97.013
31 67 52.245
31 67 82.415
31 68 63.497
31 68 79.251
31 71 27.842
31 71 84.457
31 72 53.864
31 73 53.408
31 76 41.486
31 77 2.877
31 77 27.035
31 77 42.17
31 78 37.967
31 80 10.23
31 80 22.935
31 84 47.211
31 84 62.712
31 85 4.03
31 85 51.773
31 89 39.656
31 90 83.58
31 90 84.868
31 92 0.05
31 94 18.666
31 95 17.197
31 95 8.242
31 95 84.386
31 97 35.007
31 97 4.673
32 33 18.893
32 37 3.972
32 37 68.335
32 38 80.642
32 42 47.223
32 43 62.588
32 44 56.364
32 46 50.981
32 47 77.795
32 48 72.668
32 50 76.684
32 55 54.781
32 57 18.933
32 57 3.555
32 57 37.634
32 57 99.323
32 60 1.478
32 61 17.053
32 61 41.723
32 61 58.099
32 63 93.986
32 64 99.182
32 65 10.138
32 65 68.867
32 65 88.758
32 66 54.252
32 66 84.107
32 67 13.294
32 71 11.806
32 71 85.408
32 72 79.54
32 74 28.885
32 74 91.287
32 75 13.821
32 75 36.207
32 77 40.287
32 77 85.468
32 78 45.88
32 81 58.025
32 81 67.552
32 82 51.164
32 84 44.738
32 84 75.29
32 84 86.841
32 84 96.705
32 91 73.129
32 92 38.676
32 92 87.569
32 93 0.408
32 94 20.419
32 94 67.854
32 95 40.038
32 95 9.424
32 96 27.014
32 96 86.414
32 96 95.724
32 97 71.8
32 98 11.251
32 98 61.739
33 34 74.242
33 35 2.45
33 38 84.014
33 39 28.871
33 41 3.817
33 41 58.688
33 42 25.702
33 42 47.901
33 42 78.3
33 44 66.367
33 44 9.56
33 44 97.27
33 48 51.358
33 49 53.734
33 50 41.105
33 51 45.313
33 51 97.087
33 57 22.238
33 58 32.773
33 59 70.096
33 62 84.238
33 64 28.104
33 64 94.758
33 65 31.407
33 66 59.379
33 66 64.419
33 67 51.051
33 69 39.749
33 69 54.564
33 71 21.224
33 73 64.518
33 75 15.929
33 75 22.332
33 75 49.231
33 76 71.866
33 76 87.886
33 77 26.811
33 77 42.326
33 77 73.129
33 78 48.322
33 79 0.483
33 79 71.334
33 79 98.462
33 80 25.955
33 82 34.425
33 82 77.62
33 86 12.789
33 86 31.856
33 86 64.053
33 86 80.369
33 87 61.038
33 88 34.352
33 88 41.199
33 88 55.483
33 91 87.909
33 94 40.273
33 94 8.606
33 95 41.832
33 96 10.925
33 96 79.764
33 97 28.346
34 35 45.089
34 35 54.493
34 35 7.089
34 35 86.217
34 36 62.026
34 37 99.714
34 39 30.873
34 39 97.448
34 41 93.158
34 42 10.975
34 42 66.834
34 43 22.903
34 43 53.26
34 44 21.377
34 44 33.911
34 47 5.248
34 47 69.12
34 47 70.913
34 48 22.276
34 48 38.662
34 48 68.327
34 48 88.537
34 50 89.656
34 51 60.353
34 53 2.345
34 53 61.84
34 55 44.794
34 57 72.562
34 60 79.474
34 60 89.211
34 60 97.806
34 61 54.027
34 62 0.271
34 62 49.714
34 62 96.673
34 64 68.431
34 66 25.736
34 66 38.18
34 68 54.569
34 69 45.067
34 69 45.45
34 70 39.845
34 71 7.234
34 72 17.749
34 72 6.702
34 75 14.06
34 77 97.713
34 79 13.053
34 79 64.583
34 79 68.995
34 79 76.763
34 80 77.834
34 83 17.637
34 84 60.42
34 84 65.365
34 85 23.0
34 88 24.993
34 88 46.093
34 88 73.344
34 89 93.643
34 92 23.99
34 92 41.864
34 92 8.0
34 94 94.568
34 97 77.915
35 39 13.714
35 40 5.942
35 42 29.98
35 43 89.061
35 46 16.412
35 48 2.226
35 48 47.88
35 49 40.27
35 50 70.297
35 52 81.096
35 53 34.973
35 53 67.285
35 54 22.407
35 54 94.372
35 55 16.317
35 59 42.563
35 59 64.185
35 59 81.562
35 59 85.521
35 59 94.576
35 62 22.125
35 64 35.536
35 64 78.01
35 66 39.08
35 68 2.187
35 68 47.349
35 68 8.557
35 70 89.47
35 71 10.376
35 72 40.494
35 73 4.194
35 75 53.771
35 75 92.556
35 76 86.097
35 77 8.486
35 80 13.769
35 81 45.33
35 82 65.466
35 83 72.572
35 86 37.121
35 86 75.415
35 89 47.427
35 89 90.602
35 90 62.02
35 91 28.427
35 92 92.811
35 93 62.913
35 93 78.831
35 93 80.277
35 94 76.014
35 94 79.304
35 95 42.07
35 95 89.142
35 95 91.908
35 97 50.369
36 38 40.868
36 40 12.853
36 41 28.834
36 41 8.721
36 42 1.39
36 42 54.312
36 47 96.608
36 48 89.853
36 49 52.182
36 50 11.033
36 50 80.628
36 50 82.609
36 51 11.829
36 53 18.598
36 53 30.157
36 53 82.368
36 54 63.571
36 54 71.033
36 56 2.244
36 56 3.843
36 56 80.278
36 58 60.733
36 61 20.739
36 63 13.596
36 63 49.381
36 64 34.577
36 64 58.099
36 65 18.086
36 65 82.11
36 66 42.525
36 66 90.0
36 67 22.645
36 67 63.206
36 68 64.042
36 69 50.787
36 69 55.338
36 71 5.302
36 71 74.645
36 73 32.082
36 74 10.864
36 76 51.855
36 76 56.163
36 76 72.258
36 77 11.773
36 77 48.773
36 77 98.418
36 81 3.874
36 81 52.805
36 83 22.855
36 84 10.585
36 87 32.067
36 87 85.854
36 89 18.916
36 90 85.635
36 93 27.001
36 93 57.947
36 95 12.659
36 95 22.744
36 96 0.935
36 96 24.736
36 98 16.179
37 38 61.425
37 40 54.468
37 41 43.709
37 41 53.662
37 41 72.655
37 41 74.471
37 42 77.867
37 42 95.642
37 43 57.144
37 43 83.22
37 44 0.963
37 44 54.75
37 45 26.467
37 48 22.055
37 49 86.359
37 52 15.315
37 54 40.488
37 54 65.461
37 57 11.297
37 57 36.031
37 58 73.66
37 58 79.051
37 59 70.099
37 60 64.507
37 61 36.989
37 62 26.052
37 62 31.403
37 63 64.895
37 63 76.92
37 63 91.25
37 65 9.82
37 66 12.78
37 67 18.73
37 68 20.835
37 69 63.787
37 70 22.586
37 70 31.777
37 70 60.773
37 70 83.261
37 71 59.78
37 72 16.205
37 72 88.455
37 74 99.218
37 75 34.3
37 75 63.713
37 76 61.341
37 77 21.417
37 77 36.154
37 77 73.69
37 78 96.475
37 79 68.242
37 80 62.699
37 80 87.651
37 83 68.278
37 83 86.681
37 84 29.818
37 84 52.436
37 85 66.03
37 86 72.946
37 86 86.008
37 89 3.229
37 89 7.362
37 91 65.54
37 92 39.647
37 92 67.009
37 93 16.661
37 93 51.123
37 94 22.2
37 95 65.6
37 96 52.867
37 97 27.106
38 39 96.342
38 40 26.173
38 40 75.645
38 41 25.488
38 42 55.937
38 42 81.703
38 42 99.448
38 43 70.952
38 45 1.552
38 48 72.633
38 48 90.599
38 48 96.803
38 49 26.718
38 50 13.436
38 50 47.47
38 50 68.831
38 51 79.563
38 53 38.17
38 55 17.133
38 56 40.802
38 57 64.172
38 58 35.694
38 58 96.108
38 61 8.866
38 61 85.18
38 63 31.055
38 66 33.698
38 66 39.194
38 67 57.482
38 68 19.182
38 69 35.078
38 70 44.304
38 71 13.677
38 71 53.577
38 71 83.558
38 73 59.302
38 73 75.92
38 75 45.696
38 76 59.489
38 77 29.474
38 77 36.994
38 77 56.695
38 77 78.471
38 77 86.024
38 80 92.431
38 81 42.078
38 85 66.846
38 86 18.956
38 86 20.466
38 86 80.751
38 87 31.629
38 88 20.614
38 88 77.674
38 89 35.147
38 89 68.221
38 91 65.488
38 92 59.69
38 93 90.293
38 94 14.871
38 94 44.817
38 95 4.636
38 96 27.002
38 97 31.719
38 97 80.711
38 98 96.61
39 40 87.46
39 47 14.4
39 47 44.726
39 48 14.625
39 48 99.288
39 49 25.368
39 49 29.085
39 49 58.154
39 49 91.094
39 50 53.254
39 51 95.76
39 52 6.155
39 55 66.365
39 57 24.832
39 58 25.194
39 59 90.45
39 60 17.239
39 60 17.419
39 61 41.581
39 61 86.246
39 62 59.046
39 63 63.234
39 64 55.401
39 65 91.665
39 68 55.01
39 70 28.115
39 71 33.053
39 71 6.241
39 72 64.793
39 73 68.45
39 73 75.632
39 76 51.23
39 78 23.542
39 80 64.388
39 84 25.893
39 84 81.796
39 85 84.249
39 86 1.267
39 86 32.386
39 86 84.894
39 87 5.781
39 88 82.699
39 90 12.783
39 91 1.597
39 91 24.063
39 92 54.207
39 93 16.904
39 93 83.464
39 96 46.786
39 97 20.09
4 10 64.235
4 11 86.335
4 11 95.385
4 13 7.653
4 16 75.696
4 16 92.695
4 17 83.348
4 18 79.572
4 18 91.406
4 21 67.931
4 22 11.224
4 22 38.393
4 23 13.331
4 23 69.863
4 24 69.65
4 25 25.719
4 27 43.536
4 27 45.003
4 27 60.614
4 27 97.784
4 29 76.167
4 31 15.353
4 31 7.224
4 32 28.751
4 32 83.217
4 33 30.552
4 34 85.599
4 35 38.361
4 36 3.389
4 38 46.521
4 41 4.323
4 42 10.945
4 47 5.09
4 48 38.528
4 48 39.404
4 48 49.715
4 5 25.891
4 50 36.858
4 50 65.821
4 52 27.496
4 53 65.791
4 54 7.971
4 56 79.444
4 59 57.612
4 59 67.521
4 6 47.663
4 6 89.082
4 60 10.172
4 61 39.931
4 61 49.632
4 62 28.712
4 62 5.283
4 63 32.584
4 64 87.958
4 67 32.678
4 68 13.504
4 7 70.538
4 70 41.12
4 70 49.415
4 70 91.599
4 71 83.008
4 72 46.491
4 74 89.886
4 74 92.528
4 76 99.937
4 77 16.706
4 77 60.401
4 78 39.384
4 80 55.673
4 80 80.329
4 81 13.406
4 81 96.285
4 83 31.642
4 84 37.486
4 86 23.639
4 87 1.951
4 87 99.174
4 88 59.633
4 89 50.726
4 89 83.756
4 91 46.001
4 91 9.794
4 92 13.423
4 92 15.067
4 93 3.789
4 94 85.111
4 95 34.958
4 95 97.558
4 96 23.77
4 97 14.276
4 97 15.126
40 42 19.864
40 42 51.987
40 44 37.025
40 46 15.957
40 48 2.093
40 48 69.46
40 48 84.739
40 50 12.463
40 50 4.991
40 51 47.262
40 52 71.218
40 52 79.904
40 53 89.775
40 55 32.016
40 55 80.031
40 57 43.461
40 57 72.572
40 57 86.671
40 61 38.025
40 62 67.605
40 65 91.156
40 67 66.304
40 67 83.898
40 68 99.302
40 71 1.181
40 74 35.731
40 74 65.582
40 77 34.362
40 77 96.961
40 79 27.483
40 81 85.023
40 82 69.977
40 83 20.587
40 83 68.053
40 83 98.355
40 84 2.314
40 84 22.374
40 85 30.876
40 86 10.116
40 86 94.913
40 88 36.27
40 88 79.65
40 88 95.352
40 90 7.132
40 91 36.61
40 91 77.055
40 92 13.532
40 94 25.492
40 94 33.384
40 94 73.471
40 95 79.129
40 95 80.11
40 97 35.451
41 42 58.608
41 43 27.802
41 44 59.568
41 44 99.01
41 47 30.029
41 48 47.911
41 49 27.398
41 49 44.434
41 49 95.274
41 50 15.56
41 50 26.361
41 51 13.528
41 61 37.436
41 62 39.193
41 62 78.625
41 63 36.632
41 64 42.864
41 65 8.358
41 66 29.502
41 66 64.73
41 67 14.66
41 67 71.423
41 70 92.356
41 71 46.962
41 72 83.947
41 73 84.834
41 76 44.39
41 76 68.266
41 78 20.466
41 78 36.008
41 80 77.869
41 82 1.41
41 82 91.08
41 82 91.102
41 83 40.228
41 83 66.231
41 84 38.43
41 84 55.749
41 85 3.658
41 89 94.995
41 90 56.489
41 90 82.551
41 91 22.781
41 91 35.586
41 91 78.096
41 93 44.922
41 94 54.297
41 94 63.22
41 96 41.449
41 98 19.16
41 98 29.323
41 98 69.378
42 43 47.234
42 44 10.149
42 44 11.156
42 45 55.853
42 47 54.071
42 49 33.392
42 50 4.651
42 50 45.473
42 51 30.463
42 52 80.409
42 55 28.888
42 57 87.404
42 59 55.324
42 59 9.015
42 60 33.078
42 60 60.628
42 62 16.354
42 64 64.573
42 67 56.752
42 68 4.987
42 72 52.223
42 72 72.613
42 74 38.796
42 77 1.736
42 78 84.216
42 79 72.454
42 80 67.177
42 81 47.523
42 81 68.497
42 83 79.552
42 85 7.02
42 86 12.067
42 86 17.956
42 87 11.495
42 87 49.99
42 87 74.336
42 88 25.363
42 91 37.064
42 94 10.344
42 94 29.415
42 94 47.895
42 94 73.372
42 95 96.562
42 96 45.543
42 96 72.306
42 97 4.223
42 97 70.404
43 44 22.894
43 45 41.689
43 46 72.451
43 47 66.033
43 47 82.997
43 50 73.378
43 52 70.916
43 53 6.882
43 55 14.396
43 56 67.823
43 57 44.704
43 57 81.523
43 60 43.858
43 60 53.286
43 62 49.842
43 62 80.116
43 63 22.607
43 63 34.501
43 64 54.18
43 64 55.985
43 64 81.136
43 67 49.509
43 69 19.407
43 69 30.317
43 69 38.705
43 71 67.515
43 73 26.318
43 73 39.505
43 74 32.422
43 75 4.184
43 76 10.492
43 78 96.517
43 79 35.63
43 79 72.793
43 79 85.506
43 80 27.183
43 81 18.692
43 81 80.661
43 83 34.853
43 83 8.443
43 85 3.198
43 87 30.812
43 87 75.24
43 88 36.268
43 90 81.689
43 91 58.372
43 93 18.676
43 94 67.929
43 94 7.118
43 94 84.645
43 95 62.685
43 95 74.986
43 96 41.51
44 45 54.514
44 46 74.61
44 46 89.37
44 47 17.316
44 49 68.27
44 49 90.244
44 53 26.184
44 53 75.549
44 55 11.762
44 55 41.824
44 55 5.02
44 55 55.931
44 56 1.103
44 57 40.533
44 57 85.204
44 58 95.85
44 61 63.481
44 62 75.695
44 62 79.636
44 64 10.51
44 67 35.269
44 67 57.488
44 70 34.819
44 72 55.413
44 73 82.439
44 73 91.902
44 74 62.097
44 77 69.772
44 79 75.133
44 80 28.357
44 82 62.902
44 82 72.525
44 82 88.607
44 86 38.043
44 87 23.655
44 87 32.673
44 87 55.362
44 90 43.563
44 93 69.05
44 94 72.25
44 95 29.482
44 95 98.959
44 98 77.843
45 46 39.042
45 46 92.622
45 47 19.148
45 48 64.79
45 49 4.284
45 49 41.471
45 51 47.477
45 51 51.251
45 53 25.393
45 57 47.97
45 57 49.094
45 57 65.333
45 58 5.92
45 59 89.899
45 60 15.601
45 61 50.749
45 62 23.575
45 65 72.901
45 67 1.256
45 67 36.629
45 67 71.22
45 69 84.046
45 70 80.467
45 73 1.095
45 73 6.897
45 74 4.601
45 74 61.729
45 80 8.939
45 87 60.334
45 87 73.681
45 92 46.253
45 93 60.672
45 93 69.969
45 95 18.472
45 97 66.438
45 98 17.472
46 48 39.07
46 48 61.289
46 49 5.069
46 52 86.726
46 52 92.705
46 53 2.547
46 53 68.637
46 54 57.685
46 54 88.451
46 57 34.198
46 59 53.791
46 59 66.72
46 59 70.253
46 59 75.276
46 62 1.774
46 67 41.464
46 68 35.418
46 68 58.89
46 69 3.406
46 69 93.199
46 70 92.966
46 71 17.08
46 74 13.556
46 74 51.187
46 74 74.194
46 74 95.27
46 76 44.926
46 77 50.429
46 80 34.982
46 82 28.148
46 83 12.403
46 84 9.519
46 86 86.547
46 88 97.244
46 89 48.399
46 90 92.541
46 91 14.052
46 91 92.936
46 96 14.572
46 96 95.08
46 97 22.116
47 49 56.317
47 49 75.527
47 52 15.623
47 53 71.549
47 54 1.785
47 59 23.822
47 59 28.404
47 59 92.779
47 60 47.681
47 60 62.905
47 61 45.147
47 61 74.971
47 62 59.897
47 67 68.561
47 68 26.079
47 68 97.258
47 69 22.985
47 69 46.317
47 71 26.923
47 72 81.946
47 74 14.189
47 79 47.754
47 79 69.534
47 80 80.465
47 81 39.914
47 82 21.089
47 82 4.588
47 86 48.159
47 86 68.135
47 87 68.259
47 88 16.889
47 89 46.897
47 89 82.331
47 90 69.211
47 91 1.815
47 91 55.605
47 93 7.117
47 94 91.187
47 94 94.579
47 95 49.19
47 95 88.403
47 96 12.155
47 97 80.473
47 98 78.232
47 98 94.129
48 49 11.266
48 49 21.414
48 49 77.243
48 51 81.158
48 54 41.215
48 54 64.848
48 54 82.569
48 55 5.799
48 56 23.917
48 56 44.376
48 57 10.734
48 57 13.053
48 57 94.617
48 58 9.676
48 59 54.033
48 60 55.344
48 61 40.367
48 64 43.2
48 65 48.66
48 65 78.913
48 65 83.692
48 66 36.811
48 66 47.83
48 69 5.293
48 70 55.906
48 75 10.703
48 75 99.716
48 76 98.33
48 80 21.065
48 80 40.208
48 80 87.845
48 81 72.898
48 85 97.098
48 87 40.212
48 89 22.131
48 89 56.588
48 89 71.308
48 91 10.219
48 91 83.423
48 94 86.415
48 97 75.842
49 51 82.069
49 51 84.574
49 55 19.061
49 56 10.311
49 56 86.823
49 57 61.343
49 58 63.721
49 59 29.176
49 59 76.534
49 60 6.882
49 61 44.428
49 64 9.305
49 65 11.314
49 65 65.755
49 66 4.316
49 67 41.233
49 68 33.935
49 68 49.114
49 69 3.155
49 70 35.808
49 71 39.554
49 73 93.188
49 74 2.844
49 75 56.277
49 76 20.036
49 77 92.066
49 78 79.978
49 79 6.658
49 80 42.726
49 81 48.019
49 82 6.737
49 83 13.75
49 83 95.098
49 84 47.007
49 85 4.442
49 85 95.641
49 85 98.075
49 87 0.819
49 87 1.016
49 89 81.681
49 90 37.78
49 90 86.367
49 91 14.934
49 91 90.822
49 93 85.349
49 94 7.243
49 95 11.741
49 95 63.969
49 96 58.846
49 96 61.73
49 96 89.675
49 97 48.641
5 10 76.5
5 12 18.564
5 12 89.136
5 15 13.582
5 15 6.747
5 18 5.056
5 18 93.833
5 21 35.694
5 22 13.617
5 22 76.557
5 23 55.433
5 24 22.09
5 25 0.071
5 26 71.03
5 27 65.719
5 28 2.424
5 29 49.602
5 32 78.693
5 35 1.789
5 35 19.442
5 37 19.111
5 37 20.568
5 37 71.181
5 38 5.142
5 39 56.666
5 39 68.851
5 39 75.594
5 40 31.085
5 40 6.947
5 41 82.357
5 42 78.281
5 43 69.366
5 43 89.856
5 44 6.016
5 45 55.374
5 47 18.013
5 48 15.091
5 48 2.138
5 48 60.238
5 49 68.149
5 51 62.793
5 53 18.828
5 53 27.857
5 54 23.378
5 54 27.799
5 55 94.715
5 56 36.722
5 59 35.194
5 6 58.938
5 6 82.103
5 60 26.921
5 60 30.112
5 62 40.199
5 62 80.067
5 63 1.806
5 63 12.326
5 64 18.079
5 66 0.824
5 67 60.52
5 67 8.155
5 69 28.682
5 69 81.59
5 69 83.58
5 69 9.946
5 7 77.806
5 70 63.426
5 72 20.574
5 72 36.102
5 74 20.956
5 78 60.105
5 8 61.015
5 80 64.687
5 81 81.983
5 83 4.108
5 83 61.476
5 84 4.868
5 84 70.794
5 85 70.712
5 89 94.32
5 9 11.418
5 9 28.515
5 90 17.126
5 90 26.22
5 90 72.138
5 90 79.911
5 93 26.507
5 93 35.826
5 95 95.436
50 51 56.894
50 52 73.61
50 53 93.276
50 55 11.234
50 55 57.28
50 58 80.32
50 58 99.935
50 60 74.595
50 60 83.886
50 63 11.142
50 63 13.98
50 63 40.511
50 65 11.635
50 65 20.628
50 67 81.768
50 67 92.115
50 67 95.871
50 67 98.96
50 69 88.704
50 70 41.047
50 70 51.662
50 71 9.64
50 72 19.846
50 72 27.118
50 72 66.611
50 73 30.621
50 73 80.874
50 75 52.822
50 75 79.87
50 78 46.301
50 78 60.884
50 80 70.538
50 83 84.351
50 87 3.958
50 87 59.266
50 87 62.589
50 88 31.083
50 88 64.231
50 88 91.829
50 92 79.112
50 94 95.367
50 95 32.797
50 97 68.765
50 97 9.784
50 98 23.934
50 98 50.286
51 53 39.347
51 55 76.388
51 56 21.909
51 56 71.382
51 58 65.526
51 59 40.1
51 61 42.129
51 62 89.635
51 65 63.393
51 67 49.012
51 67 84.429
51 69 22.01
51 70 92.137
51 71 81.514
51 72 15.129
51 73 96.501
51 74 19.966
51 78 38.511
51 79 16.863
51 79 90.272
51 79 96.763
51 81 4.339
51 82 56.212
51 82 77.531
51 83 52.471
51 84 46.124
51 85 0.272
51 85 19.307
51 85 22.5
51 85 25.357
51 88 58.619
51 89 61.447
51 90 59.541
51 91 70.016
51 93 30.753
51 93 84.458
51 94 24.61
51 94 62.884
51 96 78.61
51 98 21.883
52 53 56.938
52 53 83.26
52 53 98.523
52 55 50.715
52 57 12.129
52 57 96.904
52 59 93.601
52 61 68.949
52 61 91.72
52 63 51.449
52 63 85.466
52 67 17.058
52 67 94.183
52 68 16.162
52 68 43.55
52 70 16.719
52 70 20.269
52 70 33.733
52 72 13.874
52 73 81.364
52 74 17.958
52 74 24.761
52 75 1.259
52 76 20.644
52 76 46.352
52 77 4.758
52 78 66.88
52 78 76.135
52 79 27.277
52 79 4.628
52 79 49.575
52 80 25.598
52 80 34.946
52 80 73.461
52 82 75.555
52 87 41.037
52 88 47.746
52 88 88.716
52 92 69.599
52 95 14.675
52 95 24.963
52 95 74.996
52 96 64.791
52 97 18.788
52 97 49.486
52 98 90.3
53 54 43.449
53 54 69.149
53 55 28.759
53 56 91.112
53 59 21.273
53 59 21.472
53 59 76.865
53 61 29.121
53 61 79.09
53 63 43.04
53 64 88.798
53 66 76.374
53 67 81.09
53 70 17.743
53 72 11.595
53 72 36.469
53 72 77.925
53 73 58.323
53 74 18.082
53 74 53.379
53 78 71.07
53 80 45.082
53 80 57.439
53 80 92.281
53 81 59.359
53 83 64.769
53 85 40.469
53 85 73.134
53 91 15.065
53 91 3.234
53 91 57.198
53 92 47.42
53 94 3.532
53 95 86.535
53 96 89.671
53 97 68.619
53 97 74.051
53 98 47.977
53 98 52.986
54 56 19.29
54 56 84.199
54 56 93.485
54 57 13.178
54 59 57.594
54 60 44.481
54 60 94.096
54 62 3.115
54 64 56.453
54 65 57.571
54 71 39.598
54 72 29.032
54 74 36.175
54 76 86.895
54 78 96.408
54 79 42.047
54 79 80.835
54 82 57.447
54 83 36.484
54 86 33.394
54 88 13.768
54 90 12.482
54 90 78.072
54 90 87.853
54 90 98.639
54 93 94.577
54 95 1.59
54 96 7.725
54 98 39.093
54 98 88.98
55 56 50.487
55 59 72.864
55 60 96.538
55 62 62.434
55 63 17.778
55 63 57.97
55 63 99.343
55 64 40.983
55 64 69.704
55 64 84.799
55 66 28.017
55 66 82.414
55 68 63.124
55 69 27.632
55 72 17.042
55 72 32.55
55 73 10.631
55 74 26.178
55 75 74.921
55 76 29.249
55 76 33.64
55 80 25.133
55 80 55.912
55 80 79.613
55 81 57.997
55 83 90.071
55 84 23.486
55 84 93.452
55 85 25.05
55 86 72.572
55 86 83.161
55 87 70.153
55 88 43.116
55 88 60.387
55 88 66.381
55 89 78.696
55 91 36.322
55 91 91.08
55 94 88.75
55 97 37.657
55 97 9.797
56 57 13.225
56 57 62.35
56 58 19.581
56 59 13.049
56 61 74.514
56 62 78.71
56 65 44.285
56 66 44.918
56 66 7.619
56 67 5.635
56 68 4.846
56 70 35.572
56 71 32.29
56 72 12.536
56 72 45.037
56 72 58.048
56 73 41.332
56 74 80.235
56 77 12.49
56 78 95.533
56 81 30.55
56 83 23.966
56 83 84.883
56 83 94.009
56 85 69.272
56 87 25.914
56 87 45.05
56 87 48.399
56 87 67.478
56 89 60.195
56 89 68.966
56 89 77.349
56 90 70.747
56 92 4.074
56 92 40.203
56 93 2.199
56 93 38.455
56 93 63.916
56 97 20.446
56 97 38.263
57 58 31.542
57 60 59.159
57 62 5.946
57 63 65.254
57 68 93.213
57 70 39.005
57 70 55.736
57 72 81.714
57 74 2.756
57 75 85.99
57 77 62.982
57 77 63.695
57 79 60.998
57 80 60.008
57 82 35.208
57 83 69.56
57 84 34.836
57 85 26.318
57 85 76.662
57 85 8.966
57 88 15.367
57 90 40.149
57 91 30.527
57 92 26.47
57 92 72.398
57 93 31.275
57 94 84.575
57 98 26.926
57 98 62.489
58 60 81.137
58 60 82.389
58 61 5.673
58 63 77.043
58 63 8.614
58 64 51.592
58 65 98.217
58 68 89.401
58 70 37.108
58 70 71.813
58 73 54.551
58 73 73.654
58 73 93.466
58 74 4.771
58 74 64.833
58 75 75.277
58 75 99.961
58 76 34.128
58 76 73.4
58 77 37.032
58 79 20.154
58 80 97.998
58 81 57.67
58 82 10.478
58 83 31.394
58 83 4.399
58 83 73.976
58 84 84.53
58 87 16.533
58 87 90.772
58 88 39.954
58 88 72.949
58 92 54.518
58 92 61.163
58 93 66.72
58 95 50.489
59 60 83.885
59 61 10.284
59 61 40.871
59 61 43.501
59 65 41.869
59 65 70.663
59 66 96.299
59 68 30.028
59 68 5.291
59 68 6.669
59 68 90.883
59 70 78.183
59 70 78.519
59 72 45.084
59 74 31.111
59 74 55.192
59 74 82.056
59 74 95.871
59 76 82.573
59 77 22.549
59 77 26.642
59 77 58.88
59 78 18.414
59 80 7.571
59 82 36.648
59 82 47.601
59 82 54.758
59 83 0.287
59 83 86.147
59 84 38.114
59 84 96.894
59 85 72.305
59 87 14.267
59 90 21.238
59 90 32.74
59 90 41.67
59 91 50.344
59 92 34.206
59 93 40.105
59 94 30.605
59 94 41.247
59 94 8.921
59 96 44.382
59 97 19.339
59 97 31.686
59 97 37.396
6 10 42.629
6 12 27.305
6 12 63.285
6 13 11.115
6 16 70.865
6 17 61.828
6 17 80.584
6 17 87.033
6 18 85.165
6 23 25.799
6 23 31.981
6 23 90.422
6 24 32.178
6 25 15.691
6 26 47.019
6 28 12.489
6 28 14.862
6 29 89.193
6 31 57.774
6 32 90.11
6 35 76.223
6 35 85.682
6 35 88.154
6 37 86.043
6 38 98.782
6 39 26.907
6 39 88.881
6 40 30.543
6 40 54.817
6 41 33.536
6 42 33.362
6 42 5.391
6 43 2.271
6 43 32.836
6 43 63.028
6 43 94.387
6 44 48.503
6 47 63.553
6 48 71.538
6 48 90.228
6 50 95.601
6 55 12.368
6 57 54.966
6 59 11.906
6 59 29.188
6 59 48.942
6 61 72.353
6 63 19.109
6 64 7.473
6 67 93.834
6 71 2.346
6 72 48.552
6 73 65.04
6 74 59.419
6 75 56.295
6 75 83.488
6 76 25.114
6 76 3.592
6 77 37.049
6 77 79.158
6 77 8.558
6 79 83.53
6 8 23.337
6 81 63.344
6 83 83.422
6 83 87.616
6 84 25.765
6 84 40.819
6 85 16.703
6 85 60.55
6 87 67.726
6 9 37.836
6 9 53.257
6 90 37.85
6 92 16.214
6 93 55.077
6 95 23.056
6 96 11.313
6 97 60.857
60 61 5.612
60 64 38.976
60 65 56.055
60 66 87.607
60 66 9.199
60 69 40.265
60 73 24.254
60 73 43.128
60 73 47.116
60 73 84.09
60 75 12.84
60 75 63.817
60 76 58.905
60 77 90.795
60 79 53.206
60 80 94.874
60 80 96.164
60 81 65.272
60 81 72.233
60 81 98.685
60 82 15.839
60 82 62.167
60 84 4.495
60 84 85.5
60 86 29.736
60 86 79.245
60 86 9.543
60 87 40.169
60 90 33.642
60 90 78.622
60 91 71.913
60 91 91.837
60 93 22.61
60 94 12.722
60 94 16.615
60 94 48.902
60 94 59.771
60 95 91.992
60 96 33.818
60 97 13.267
60 98 13.806
61 62 95.278
61 63 74.416
61 64 84.242
61 67 63.037
61 67 93.415
61 70 60.43
61 70 94.629
61 73 51.512
61 76 81.672
61 78 69.692
61 79 61.675
61 81 41.231
61 82 51.951
61 83 73.596
61 84 29.257
61 84 38.845
61 84 46.548
61 85 43.016
61 85 80.965
61 86 65.409
61 88 61.376
61 89 11.013
61 92 3.663
61 92 36.246
61 92 43.582
61 93 17.505
61 93 39.586
61 97 45.91
62 65 25.247
62 67 2.386
62 68 47.482
62 68 82.469
62 69 40.251
62 69 46.3
62 69 60.085
62 71 48.364
62 71 58.815
62 74 79.579
62 75 59.234
62 77 22.891
62 78 12.805
62 78 49.263
62 78 61.193
62 79 57.709
62 80 21.537
62 81 14.786
62 81 55.504
62 82 44.713
62 82 56.185
62 82 76.407
62 85 42.916
62 85 75.803
62 86 16.945
62 86 54.801
62 86 75.594
62 87 66.64
62 90 39.742
62 90 52.467
62 92 28.549
62 94 20.264
62 95 13.859
62 96 17.353
63 65 11.12
63 66 90.179
63 66 98.923
63 67 49.421
63 68 44.433
63 68 64.609
63 69 31.737
63 69 5.555
63 69 97.393
63 70 7.002
63 71 18.677
63 71 55.639
63 72 1.022
63 73 27.868
63 73 62.976
63 76 93.825
63 77 74.96
63 78 35.273
63 78 85.443
63 78 91.759
63 79 25.235
63 79 50.261
63 81 86.636
63 81 91.677
63 82 52.36
63 83 66.528
63 84 80.528
63 84 89.416
63 85 3.771
63 85 44.781
63 86 44.101
63 86 60.274
63 87 38.005
63 87 47.631
63 89 25.751
63 89 3.526
63 89 96.966
63 91 59.053
63 98 19.02
63 98 58.857
64 65 16.622
64 66 18.779
64 66 61.55
64 66 71.13
64 67 44.205
64 68 12.349
64 72 37.358
64 73 31.485
64 75 36.66
64 75 61.897
64 77 99.348
64 78 42.658
64 79 6.617
64 79 66.447
64 81 80.137
64 82 69.38
64 83 32.409
64 84 34.434
64 85 2.814
64 85 28.015
64 86 0.326
64 88 77.375
64 90 93.812
64 91 53.599
64 92 90.735
64 93 84.724
64 96 12.919
64 96 76.899
64 97 28.943
65 68 50.687
65 70 81.652
65 72 42.244
65 73 79.375
65 73 88.481
65 75 94.664
65 76 55.556
65 77 94.448
65 79 41.569
65 79 46.094
65 80 99.771
65 81 94.078
65 82 14.263
65 84 40.223
65 84 46.127
65 86 73.55
65 87 47.086
65 87 93.909
65 88 39.447
65 89 28.469
65 89 54.492
65 89 85.567
65 90 11.065
65 92 12.338
65 93 45.908
65 94 27.468
65 94 35.71
65 98 20.395
65 98 83.662
66 68 40.857
66 70 42.091
66 70 58.345
66 71 16.894
66 74 60.733
66 75 30.872
66 75 45.42
66 75 70.919
66 76 40.852
66 76 91.188
66 77 35.045
66 80 74.638
66 81 43.86
66 82 27.655
66 82 97.883
66 84 80.644
66 85 3.981
66 85 86.032
66 86 45.413
66 88 13.76
66 90 24.095
66 91 14.938
66 91 22.209
66 92 98.711
66 94 19.39
66 97 19.56
66 98 35.185
67 74 25.453
67 75 40.851
67 75 54.55
67 76 57.407
67 79 23.924
67 80 68.517
67 81 7.934
67 82 66.688
67 82 93.105
67 83 68.041
67 86 19.022
67 86 33.78
67 87 67.358
67 87 69.521
67 88 37.122
67 89 33.961
67 90 93.678
67 91 2.387
67 93 40.094
68 70 71.27
68 70 74.977
68 71 5.526
68 72 12.663
68 73 8.511
68 74 69.414
68 75 45.953
68 77 86.88
68 78 74.996
68 80 35.047
68 80 83.972
68 81 49.824
68 82 57.306
68 82 72.922
68 84 57.599
68 84 92.062
68 86 20.061
68 86 47.047
68 88 81.689
68 90 80.229
68 91 64.761
68 94 31.288
68 95 63.968
68 95 64.211
68 96 74.008
68 97 32.756
68 97 61.165
68 98 28.689
69 71 4.648
69 74 56.602
69 75 71.396
69 76 94.087
69 77 35.931
69 81 18.129
69 81 55.054
69 81 73.889
69 82 33.331
69 83 66.991
69 84 1.009
69 84 93.091
69 86 26.244
69 87 70.054
69 87 83.276
69 88 17.081
69 91 72.516
69 95 13.35
69 95 46.298
69 96 75.007
69 97 72.731
69 97 86.488
69 98 36.324
69 98 84.629
7 11 9.644
7 13 46.981
7 14 86.448
7 17 21.667
7 20 54.112
7 20 63.92
7 22 97.571
7 23 74.661
7 24 88.539
7 25 46.336
7 25 53.629
7 26 64.477
7 26 73.456
7 26 89.26
7 26 92.23
7 28 23.945
7 28 3.347
7 29 51.267
7 31 32.946
7 31 90.436
7 32 67.34
7 32 80.907
7 33 76.792
7 34 0.265
7 34 71.566
7 35 81.562
7 36 63.64
7 37 6.459
7 38 13.637
7 38 50.003
7 38 88.813
7 39 57.175
7 39 95.255
7 44 96.794
7 45 64.085
7 47 40.201
7 47 45.011
7 48 15.621
7 49 96.161
7 52 21.305
7 54 3.416
7 54 48.98
7 55 76.406
7 58 50.33
7 58 51.004
7 63 86.482
7 64 14.364
7 65 39.024
7 66 0.054
7 67 23.826
7 70 76.512
7 72 15.697
7 72 84.306
7 73 68.333
7 74 94.738
7 76 96.643
7 78 0.724
7 79 66.714
7 80 53.888
7 80 96.805
7 81 90.156
7 82 18.927
7 83 29.849
7 83 46.401
7 86 16.639
7 86 43.886
7 86 90.603
7 88 44.594
7 89 38.087
7 89 62.272
7 90 37.596
7 90 62.083
7 91 38.076
7 92 63.418
7 96 53.286
7 97 28.254
7 97 96.864
7 98 28.217
70 71 15.824
70 71 86.202
70 71 88.16
70 72 26.504
70 76 11.267
70 76 36.399
70 76 5.585
70 79 1.906
70 82 21.866
70 82 23.944
70 86 85.72
70 87 44.009
70 90 24.013
70 90 24.467
70 90 47.384
70 90 77.707
70 91 92.392
70 97 50.401
70 97 97.103
71 72 33.682
71 74 5.332
71 75 59.858
71 76 51.895
71 76 59.764
71 76 7.3
71 79 13.104
71 81 18.667
71 81 90.546
71 82 55.116
71 82 70.531
71 83 17.025
71 84 67.87
71 85 38.77
71 85 49.526
71 85 50.312
71 87 45.427
71 88 76.153
71 88 80.843
71 91 76.999
71 91 96.131
71 92 92.254
71 93 64.864
71 93 73.425
71 94 90.578
71 98 42.88
71 98 49.678
72 73 4.728
72 74 12.778
72 74 6.449
72 74 83.772
72 75 5.928
72 76 31.501
72 78 35.216
72 80 24.707
72 81 96.503
72 82 99.788
72 83 86.252
72 85 34.053
72 85 85.82
72 87 99.743
72 88 4.73
72 88 64.705
72 91 2.917
72 91 68.625
72 91 78.686
72 91 99.672
72 93 36.862
72 93 68.222
72 98 44.299
73 77 50.664
73 78 91.435
73 79 1.139
73 79 90.704
73 80 70.239
73 81 19.425
73 81 97.812
73 82 94.68
73 83 8.905
73 85 18.863
73 86 37.491
73 86 48.168
73 86 8.292
73 87 68.03
73 88 93.778
73 89 11.583
73 89 60.489
73 89 91.852
73 90 21.603
73 90 76.774
73 92 81.31
73 92 97.74
73 94 25.941
73 95 12.488
73 95 5.665
73 96 54.784
74 76 31.303
74 77 30.051
74 77 69.328
74 78 47.725
74 79 30.433
74 81 63.171
74 83 25.075
74 84 52.25
74 87 79.293
74 90 87.577
74 91 50.999
74 91 84.631
74 92 75.764
74 92 85.91
74 93 30.424
74 95 63.834
74 95 70.973
74 96 21.125
74 96 30.841
74 96 33.611
74 97 96.951
74 98 69.979
74 98 9.099
75 76 32.372
75 77 22.275
75 78 49.481
75 78 66.784
75 80 38.062
75 80 84.62
75 82 22.564
75 83 5.284
75 83 56.395
75 83 63.593
75 84 28.251
75 85 54.66
75 88 63.058
75 89 40.642
75 89 68.439
75 89 75.874
75 90 60.153
75 94 93.573
75 95 43.594
75 95 66.198
75 95 97.014
75 95 98.602
75 97 22.286
75 97 82.885
75 98 3.3
75 98 39.459
76 77 44.377
76 77 79.752
76 78 4.564
76 78 62.293
76 79 63.726
76 82 20.184
76 82 51.555
76 82 68.973
76 83 44.126
76 87 45.701
76 89 63.331
76 94 97.37
76 95 81.554
76 96 76.765
77 78 9.007
77 80 44.709
77 81 72.868
77 82 37.232
77 82 62.204
77 82 66.432
77 85 23.083
77 87 56.458
77 87 82.903
77 91 87.787
77 92 30.04
77 92 95.503
77 93 71.222
77 94 57.403
77 94 99.209
77 97 32.141
77 98 15.323
77 98 96.136
78 79 46.47
78 79 98.454
78 82 26.115
78 82 43.949
78 84 90.537
78 94 22.415
78 94 38.229
78 94 91.567
78 96 86.681
78 96 89.104
78 97 69.404
78 97 81.146
78 97 91.454
79 80 17.712
79 80 41.186
79 80 87.746
79 84 31.323
79 84 75.868
79 87 37.929
79 87 74.535
79 88 73.778
79 88 98.774
79 89 13.924
79 92 17.368
79 92 3.399
79 94 28.604
79 94 29.991
79 94 4.275
79 94 42.707
79 95 71.91
79 96 23.284
79 97 74.728
79 97 83.728
79 98 44.741
8 10 63.564
8 10 71.311
8 11 22.464
8 11 79.584
8 12 30.564
8 12 6.832
8 13 57.745
8 13 92.035
8 14 43.351
8 15 1.392
8 16 8.011
8 17 73.539
8 21 27.591
8 24 85.54
8 25 51.634
8 25 62.731
8 25 65.168
8 26 17.725
8 26 40.622
8 27 25.062
8 27 45.338
8 27 47.679
8 28 96.95
8 29 8.751
8 30 95.661
8 33 44.32
8 35 50.145
8 35 69.409
8 40 37.646
8 42 31.383
8 43 44.07
8 43 67.812
8 46 99.931
8 47 18.543
8 47 7.537
8 49 49.028
8 50 91.786
8 51 33.377
8 51 76.908
8 51 91.244
8 52 92.002
8 53 35.656
8 53 44.532
8 53 54.97
8 54 70.025
8 55 11.045
8 55 64.06
8 55 80.787
8 57 24.425
8 57 41.271
8 59 22.941
8 60 32.723
8 60 74.03
8 61 41.197
8 61 66.525
8 61 94.205
8 66 5.515
8 69 13.061
8 70 30.849
8 72 86.846
8 73 70.986
8 73 87.338
8 77 5.069
8 77 78.068
8 78 8.978
8 79 9.123
8 79 94.281
8 81 29.105
8 81 39.411
8 81 75.294
8 82 59.497
8 83 16.396
8 85 22.296
8 85 95.901
8 89 10.049
8 9 10.566
8 9 19.472
8 92 60.542
8 94 96.308
8 95 79.329
8 96 7.079
8 96 79.106
8 97 34.25
8 98 13.702
8 98 41.129
80 81 54.533
80 82 3.498
80 84 41.849
80 85 4.815
80 85 90.683
80 86 48.613
80 87 18.826
80 88 60.24
80 88 80.528
80 90 50.542
80 90 53.858
80 91 63.73
80 92 22.008
80 92 35.836
80 93 11.842
80 93 21.871
80 93 88.048
80 95 12.612
80 95 70.583
80 96 37.016
80 98 37.282
81 82 49.695
81 83 54.121
81 83 98.624
81 84 30.085
81 85 36.56
81 85 46.014
81 86 7.938
81 88 52.716
81 89 19.934
81 89 3.754
81 90 20.73
81 90 44.012
81 90 94.127
81 91 53.742
81 91 73.541
81 92 76.937
81 93 64.771
81 95 77.449
81 95 81.51
81 95 83.936
81 96 50.614
81 97 21.539
81 98 43.468
82 83 34.976
82 87 33.315
82 89 8.4
82 90 25.495
82 90 33.621
82 90 58.196
82 91 9.069
82 93 25.981
82 94 7.296
82 94 94.285
82 95 34.972
82 95 73.795
82 96 18.915
82 97 16.46
82 97 66.308
82 97 81.258
82 97 95.738
82 98 30.944
83 87 27.173
83 88 16.984
83 89 15.653
83 89 42.902
83 91 0.223
83 91 68.84
83 92 16.354
83 92 57.321
83 93 9.186
83 96 36.258
83 96 93.908
83 98 35.73
83 98 68.488
84 85 66.653
84 87 72.299
84 88 15.65
84 88 48.043
84 88 5.477
84 89 78.569
84 89 96.039
84 90 5.164
84 90 92.366
84 90 93.652
84 92 96.555
84 95 12.106
84 95 2.227
84 95 22.051
84 95 25.704
84 95 36.059
85 87 21.288
85 87 60.942
85 89 38.902
85 90 36.498
85 93 70.879
85 93 73.947
85 95 9.107
85 95 96.506
86 91 11.469
86 93 12.032
86 94 5.617
86 94 55.098
86 98 6.221
87 90 36.081
87 90 59.263
87 92 36.195
87 94 49.928
87 97 45.12
87 98 1.975
88 90 91.299
88 91 87.845
88 93 1.256
88 93 12.961
88 93 86.296
88 96 95.043
89 91 63.775
89 95 71.262
89 95 84.157
89 96 71.52
9 10 61.78
9 12 16.358
9 13 31.952
9 14 84.58
9 16 76.955
9 17 8.985
9 19 35.739
9 20 19.136
9 21 50.684
9 21 51.651
9 22 89.626
9 23 38.702
9 24 0.081
9 24 33.332
9 25 54.171
9 28 59.883
9 28 90.854
9 29 61.304
9 29 63.034
9 30 52.442
9 31 45.234
9 31 48.637
9 31 98.872
9 33 10.25
9 33 10.847
9 33 52.346
9 33 72.529
9 35 7.139
9 37 25.711
9 38 1.694
9 40 68.267
9 41 20.705
9 42 31.957
9 43 38.497
9 43 69.617
9 43 87.492
9 44 80.521
9 46 45.703
9 49 19.681
9 49 55.22
9 49 73.344
9 54 37.038
9 55 93.202
9 56 19.089
9 58 69.993
9 60 38.96
9 60 59.586
9 60 65.78
9 61 40.627
9 61 46.705
9 61 47.177
9 62 67.269
9 63 5.969
9 63 84.875
9 64 25.58
9 65 72.912
9 65 83.921
9 66 32.346
9 66 57.086
9 67 4.526
9 67 58.85
9 68 45.05
9 69 2.91
9 69 48.997
9 70 74.197
9 71 70.292
9 72 31.427
9 72 51.695
9 72 99.514
9 74 43.581
9 76 40.517
9 78 26.035
9 78 93.383
9 80 82.879
9 81 36.206
9 82 67.216
9 84 95.487
9 85 53.574
9 86 5.922
9 86 8.736
9 88 66.613
9 90 18.963
9 91 6.975
9 91 77.895
9 95 52.704
9 95 55.888
9 95 86.17
9 96 39.043
9 97 13.473
90 91 9.634
90 93 37.094
90 95 60.338
91 92 89.192
91 95 65.684
91 96 84.779
91 97 75.572
91 97 82.929
91 98 58.633
92 95 79.196
92 96 42.437
92 96 49.922
92 96 82.818
92 97 6.489
92 98 64.129
93 94 27.582
93 94 49.332
93 94 66.543
93 95 24.399
93 96 2.707
94 95 51.242
94 96 64.947
94 96 73.791
95 96 36.545
95 96 40.362
95 96 63.223
96 97 81.363