100
0 1 79.041
0 2 96.003
0 3 90.452
0 4 53.906
0 5 16.316
0 6 40.441
0 7 79.537
0 8 30.72
0 9 11.466
0 10 95.485
0 11 98.022
0 12 49.889
0 13 37.612
0 14 84.459
0 15 80.464
0 16 26.566
0 17 24.578
0 18 75.249
0 19 97.095
0 20 97.307
0 21 78.109
0 22 99.376
0 23 86.67
0 24 48.352
0 25 87.341
0 26 96.394
0 27 96.58
0 28 74.781
0 29 81.389
0 30 92.67
0 31 93.829
0 32 69.89
0 33 96.961
0 34 56.186
0 35 44.147
0 36 29.469
0 37 55.672
0 38 90.681
0 39 52.421
0 40 93.185
0 41 30.435
0 42 60.381
0 43 95.969
0 44 38.101
0 45 29.722
0 46 67.748
0 47 56.427
0 48 33.98
0 49 78.495
0 50 26.119
0 51 63.365
0 52 49.222
0 53 88.355
0 54 36.998
0 55 91.998
0 56 18.046
0 57 70.962
0 58 85.144
0 59 98.158
0 60 30.957
0 61 62.135
0 62 73.6
0 63 79.2
0 64 0.005
0 65 51.047
0 66 58.519
0 67 2.539
0 68 4.83
0 69 51.631
0 70 6.486
0 71 31.687
0 72 75.775
0 73 63.95
0 74 93.102
0 75 34.342
0 76 30.609
0 77 19.648
0 78 34.851
0 79 37.783
0 80 11.438
0 81 16.257
0 82 82.584
0 83 46.951
0 84 22.701
0 85 0.405
0 86 19.792
0 87 13.339
0 88 85.275
0 89 69.936
0 90 79.542
0 91 0.811
0 92 55.617
0 93 58.589
0 94 71.469
0 95 25.135
0 96 14.154
0 97 53.487
0 98 55.006
0 99 52.771
1 2 51.986
1 3 75.603
1 4 45.647
1 5 51.9
1 6 1.062
1 7 10.779
1 8 65.943
1 9 59.635
1 10 95.119
1 11 71.862
1 12 9.96
1 13 95.229
1 14 86.286
1 15 20.558
1 16 36.11
1 17 2.839
1 18 68.002
1 19 96.362
1 20 93.505
1 21 82.622
1 22 31.85
1 23 39.036
1 24 1.284
1 25 14.564
1 26 1.269
1 27 75.376
1 28 61.283
1 29 51.773
1 30 84.375
1 31 97.365
1 32 61.29
1 33 81.816
1 34 29.135
1 35 19.601
1 36 19.093
1 37 42.639
1 38 16.262
1 39 26.593
1 40 3.533
1 41 42.323
1 42 28.403
1 43 43.732
1 44 82.521
1 45 74.034
1 46 88.52
1 47 26.354
1 48 81.365
1 49 87.608
1 50 27.045
1 51 88.962
1 52 77.18
1 53 2.781
1 54 70.291
1 55 63.36
1 56 47.389
1 57 96.79
1 58 23.281
1 59 22.174
1 60 17.854
1 61 18.377
1 62 9.126
1 63 51.969
1 64 69.309
1 65 48.501
1 66 87.631
1 67 98.84
1 68 50.004
1 69 46.571
1 70 29.638
1 71 14.688
1 72 93.834
1 73 57.388
1 74 51.692
1 75 82.101
1 76 56.949
1 77 76.43
1 78 4.41
1 79 96.45
1 80 39.736
1 81 58.348
1 82 13.514
1 83 79.264
1 84 83.242
1 85 19.914
1 86 5.884
1 87 80.319
1 88 68.401
1 89 94.449
1 90 45.008
1 91 93.91
1 92 27.31
1 93 19.806
1 94 29.569
1 95 27.493
1 96 34.214
1 97 52.442
1 98 22.742
1 99 54.562
2 3 28.67
2 4 59.402
2 5 30.01
2 6 21.922
2 7 23.435
2 8 1.844
2 9 42.941
2 10 90.32
2 11 57.601
2 12 18.357
2 13 33.63
2 14 79.724
2 15 24.688
2 16 32.819
2 17 5.104
2 18 44.258
2 19 73.133
2 20 81.486
2 21 87.49
2 22 19.336
2 23 76.799
2 24 20.354
2 25 82.115
2 26 73.509
2 27 40.33
2 28 5.189
2 29 66.688
2 30 85.211
2 31 19.449
2 32 53.657
2 33 77.994
2 34 75.223
2 35 96.822
2 36 31.43
2 37 77.902
2 38 14.078
2 39 18.441
2 40 3.166
2 41 4.114
2 42 62.239
2 43 18.211
2 44 12.219
2 45 28.284
2 46 19.385
2 47 27.011
2 48 56.866
2 49 79.459
2 50 73.495
2 51 3.289
2 52 52.397
2 53 99.516
2 54 20.493
2 55 29.517
2 56 56.188
2 57 61.008
2 58 68.246
2 59 43.518
2 60 74.593
2 61 40.262
2 62 80.764
2 63 49.302
2 64 63.425
2 65 80.227
2 66 47.625
2 67 60.703
2 68 63.05
2 69 65.498
2 70 4.484
2 71 51.47
2 72 52.398
2 73 75.264
2 74 66.355
2 75 6.885
2 76 46.137
2 77 57.295
2 78 9.507
2 79 67.294
2 80 46.054
2 81 70.549
2 82 78.552
2 83 24.76
2 84 53.244
2 85 39.531
2 86 64.892
2 87 59.092
2 88 78.014
2 89 34.735
2 90 1.927
2 91 66.674
2 92 71.992
2 93 0.294
2 94 63.857
2 95 64.908
2 96 6.582
2 97 94.914
2 98 30.424
2 99 99.178
3 4 56.038
3 5 83.598
3 6 41.829
3 7 29.155
3 8 49.21
3 9 44.825
3 10 53.835
3 11 61.789
3 12 57.631
3 13 66.649
3 14 58.458
3 15 40.573
3 16 72.484
3 17 9.683
3 18 19.81
3 19 6.492
3 20 7.98
3 21 53.792
3 22 29.881
3 23 4.856
3 24 25.743
3 25 32.495
3 26 27.406
3 27 17.651
3 28 4.028
3 29 64.493
3 30 5.589
3 31 35.963
3 32 60.185
3 33 31.793
3 34 77.186
3 35 22.772
3 36 17.19
3 37 2.345
3 38 69.448
3 39 77.008
3 40 4.584
3 41 84.924
3 42 11.698
3 43 77.006
3 44 25.002
3 45 60.555
3 46 91.772
3 47 79.649
3 48 69.593
3 49 88.311
3 50 71.964
3 51 80.849
3 52 64.961
3 53 90.419
3 54 55.828
3 55 68.237
3 56 31.444
3 57 49.142
3 58 7.629
3 59 37.147
3 60 65.456
3 61 78.533
3 62 47.608
3 63 2.231
3 64 56.747
3 65 49.667
3 66 9.297
3 67 63.151
3 68 41.429
3 69 60.031
3 70 65.495
3 71 93.878
3 72 41.589
3 73 18.25
3 74 79.736
3 75 5.652
3 76 86.287
3 77 87.281
3 78 70.834
3 79 38.118
3 80 54.553
3 81 92.164
3 82 92.407
3 83 69.164
3 84 43.337
3 85 94.188
3 86 90.082
3 87 49.064
3 88 21.853
3 89 16.185
3 90 54.178
3 91 2.232
3 92 39.34
3 93 98.246
3 94 68.987
3 95 28.285
3 96 78.899
3 97 40.742
3 98 34.068
3 99 46.965
4 5 22.991
4 6 18.496
4 7 22.942
4 8 9.863
4 9 98.137
4 10 83.087
4 11 93.915
4 12 3.531
4 13 97.72
4 14 77.366
4 15 87.327
4 16 58.674
4 17 16.749
4 18 0.654
4 19 99.213
4 20 25.972
4 21 65.147
4 22 93.322
4 23 90.04
4 24 56.7
4 25 43.532
4 26 57.27
4 27 27.993
4 28 24.829
4 29 57.083
4 30 93.614
4 31 17.076
4 32 44.487
4 33 54.556
4 34 59.142
4 35 30.602
4 36 30.131
4 37 54.086
4 38 66.956
4 39 30.823
4 40 78.205
4 41 53.18
4 42 97.283
4 43 42.981
4 44 94.988
4 45 11.969
4 46 4.865
4 47 42.371
4 48 94.411
4 49 92.758
4 50 86.483
4 51 85.053
4 52 61.465
4 53 35.021
4 54 24.921
4 55 41.927
4 56 80.879
4 57 57.023
4 58 96.089
4 59 88.595
4 60 65.699
4 61 10.28
4 62 3.313
4 63 83.612
4 64 15.019
4 65 12.356
4 66 0.995
4 67 21.556
4 68 53.717
4 69 33.472
4 70 23.763
4 71 43.118
4 72 97.655
4 73 9.47
4 74 39.403
4 75 48.391
4 76 73.966
4 77 44.578
4 78 94.54
4 79 20.286
4 80 39.687
4 81 66.568
4 82 10.29
4 83 5.368
4 84 85.94
4 85 84.173
4 86 27.383
4 87 29.226
4 88 61.889
4 89 45.925
4 90 52.742
4 91 40.608
4 92 50.886
4 93 24.913
4 94 45.158
4 95 63.257
4 96 79.699
4 97 55.288
4 98 49.72
4 99 43.792
5 6 24.791
5 7 5.503
5 8 4.21
5 9 25.589
5 10 78.877
5 11 10.316
5 12 17.685
5 13 27.933
5 14 93.759
5 15 60.138
5 16 53.951
5 17 45.804
5 18 64.769
5 19 99.883
5 20 8.578
5 21 25.155
5 22 54.827
5 23 4.282
5 24 75.437
5 25 37.088
5 26 75.181
5 27 69.618
5 28 39.92
5 29 6.714
5 30 21.398
5 31 40.748
5 32 54.833
5 33 36.81
5 34 76.314
5 35 0.621
5 36 87.54
5 37 13.635
5 38 25.174
5 39 96.971
5 40 19.736
5 41 90.634
5 42 37.268
5 43 74.634
5 44 72.936
5 45 74.408
5 46 53.211
5 47 46.415
5 48 23.933
5 49 67.96
5 50 42.455
5 51 65.468
5 52 19.44
5 53 16.229
5 54 91.983
5 55 95.315
5 56 12.953
5 57 98.455
5 58 69.944
5 59 30.408
5 60 54.821
5 61 62.568
5 62 16.993
5 63 23.078
5 64 49.877
5 65 65.753
5 66 53.92
5 67 37.112
5 68 86.08
5 69 3.19
5 70 54.592
5 71 49.034
5 72 89.607
5 73 44.986
5 74 70.732
5 75 69.682
5 76 67.59
5 77 80.804
5 78 93.847
5 79 98.147
5 80 76.707
5 81 89.618
5 82 70.813
5 83 75.422
5 84 48.464
5 85 77.845
5 86 88.885
5 87 92.665
5 88 91.044
5 89 57.175
5 90 18.48
5 91 82.709
5 92 99.474
5 93 0.533
5 94 68.784
5 95 69.408
5 96 58.592
5 97 3.815
5 98 46.232
5 99 84.551
6 7 30.324
6 8 5.489
6 9 49.472
6 10 74.909
6 11 32.364
6 12 29.866
6 13 58.107
6 14 43.06
6 15 86.589
6 16 96.492
6 17 22.064
6 18 34.796
6 19 31.847
6 20 20.891
6 21 49.698
6 22 14.895
6 23 76.832
6 24 6.547
6 25 94.865
6 26 44.041
6 27 78.219
6 28 32.501
6 29 19.866
6 30 47.591
6 31 29.067
6 32 25.5
6 33 0.847
6 34 88.428
6 35 40.203
6 36 45.61
6 37 19.735
6 38 25.625
6 39 91.04
6 40 28.037
6 41 86.191
6 42 15.813
6 43 87.342
6 44 18.592
6 45 79.968
6 46 34.611
6 47 40.858
6 48 82.111
6 49 48.716
6 50 19.149
6 51 48.03
6 52 24.214
6 53 64.566
6 54 8.949
6 55 32.871
6 56 31.983
6 57 53.784
6 58 12.055
6 59 99.635
6 60 11.272
6 61 58.246
6 62 4.032
6 63 27.377
6 64 38.575
6 65 99.099
6 66 57.888
6 67 3.914
6 68 94.135
6 69 21.026
6 70 11.5
6 71 58.942
6 72 66.667
6 73 78.485
6 74 42.737
6 75 72.486
6 76 26.234
6 77 96.613
6 78 69.359
6 79 67.096
6 80 78.128
6 81 19.551
6 82 47.545
6 83 29.815
6 84 13.197
6 85 54.958
6 86 72.636
6 87 69.246
6 88 25.164
6 89 21.593
6 90 79.915
6 91 43.289
6 92 40.918
6 93 67.511
6 94 50.169
6 95 75.394
6 96 1.567
6 97 50.468
6 98 72.611
6 99 43.055
7 8 94.628
7 9 25.285
7 10 69.863
7 11 17.837
7 12 24.34
7 13 3.936
7 14 46.189
7 15 90.978
7 16 14.293
7 17 86.084
7 18 99.508
7 19 60.891
7 20 96.727
7 21 30.312
7 22 80.043
7 23 29.658
7 24 69.784
7 25 42.198
7 26 90.243
7 27 4.471
7 28 83.389
7 29 73.937
7 30 18.584
7 31 36.203
7 32 73.324
7 33 60.893
7 34 2.003
7 35 21.074
7 36 95.838
7 37 93.536
7 38 47.151
7 39 32.201
7 40 79.684
7 41 95.077
7 42 30.077
7 43 13.325
7 44 51.926
7 45 31.239
7 46 70.935
7 47 1.71
7 48 85.29
7 49 51.233
7 50 40.228
7 51 27.513
7 52 23.61
7 53 46.289
7 54 8.552
7 55 45.854
7 56 4.294
7 57 73.277
7 58 10.642
7 59 26.917
7 60 62.979
7 61 93.45
7 62 28.926
7 63 19.103
7 64 30.422
7 65 77.649
7 66 27.261
7 67 26.552
7 68 25.479
7 69 34.798
7 70 12.329
7 71 67.196
7 72 25.114
7 73 28.853
7 74 73.397
7 75 13.808
7 76 43.493
7 77 95.642
7 78 59.393
7 79 59.535
7 80 90.077
7 81 5.667
7 82 18.296
7 83 23.741
7 84 47.13
7 85 58.846
7 86 23.088
7 87 58.981
7 88 58.031
7 89 94.51
7 90 27.035
7 91 21.714
7 92 79.035
7 93 34.911
7 94 81.677
7 95 17.64
7 96 87.301
7 97 47.434
7 98 2.012
7 99 18.342
8 9 70.525
8 10 53.614
8 11 52.386
8 12 18.683
8 13 41.929
8 14 33.538
8 15 36.154
8 16 10.223
8 17 81.056
8 18 22.868
8 19 78.476
8 20 25.552
8 21 87.041
8 22 33.111
8 23 97.627
8 24 80.919
8 25 49.689
8 26 67.353
8 27 90.736
8 28 30.559
8 29 51.439
8 30 37.011
8 31 84.851
8 32 13.355
8 33 80.368
8 34 90.292
8 35 27.895
8 36 33.246
8 37 99.033
8 38 41.499
8 39 14.073
8 40 78.124
8 41 29.944
8 42 78.976
8 43 40.822
8 44 70.278
8 45 21.096
8 46 79.147
8 47 85.83
8 48 14.823
8 49 36.596
8 50 26.309
8 51 13.309
8 52 3.918
8 53 27.995
8 54 24.414
8 55 25.397
8 56 66.912
8 57 23.043
8 58 25.618
8 59 33.187
8 60 7.961
8 61 71.742
8 62 24.948
8 63 30.225
8 64 27.034
8 65 31.855
8 66 12.844
8 67 61.63
8 68 36.052
8 69 8.704
8 70 48.214
8 71 82.745
8 72 58.467
8 73 6.126
8 74 72.86
8 75 33.636
8 76 91.259
8 77 8.545
8 78 87.151
8 79 98.572
8 80 89.137
8 81 62.363
8 82 12.164
8 83 15.099
8 84 98.157
8 85 77.486
8 86 70.94
8 87 14.364
8 88 26.352
8 89 52.958
8 90 22.49
8 91 17.687
8 92 79.027
8 93 55.134
8 94 24.802
8 95 58.545
8 96 14.219
8 97 69.823
8 98 64.852
8 99 16.309
9 10 71.885
9 11 76.243
9 12 80.557
9 13 49.507
9 14 56.266
9 15 11.855
9 16 75.837
9 17 94.609
9 18 63.664
9 19 55.364
9 20 39.353
9 21 35.322
9 22 62.572
9 23 16.279
9 24 29.932
9 25 9.317
9 26 86.413
9 27 6.029
9 28 35.695
9 29 25.696
9 30 80.717
9 31 65.497
9 32 6.326
9 33 96.0
9 34 73.605
9 35 63.902
9 36 58.433
9 37 4.734
9 38 58.385
9 39 50.69
9 40 21.675
9 41 2.422
9 42 69.69
9 43 37.502
9 44 10.287
9 45 8.521
9 46 6.538
9 47 83.258
9 48 15.783
9 49 44.409
9 50 42.311
9 51 38.249
9 52 57.276
9 53 99.805
9 54 29.681
9 55 82.045
9 56 28.915
9 57 68.451
9 58 75.267
9 59 61.811
9 60 88.419
9 61 51.22
9 62 20.639
9 63 30.254
9 64 58.091
9 65 28.78
9 66 0.509
9 67 43.122
9 68 65.363
9 69 36.743
9 70 82.151
9 71 71.014
9 72 51.574
9 73 35.581
9 74 84.468
9 75 66.763
9 76 95.837
9 77 53.155
9 78 15.587
9 79 4.403
9 80 51.549
9 81 99.787
9 82 50.817
9 83 92.061
9 84 42.301
9 85 37.745
9 86 56.674
9 87 4.589
9 88 83.459
9 89 8.087
9 90 98.909
9 91 80.451
9 92 47.864
9 93 64.666
9 94 25.602
9 95 71.071
9 96 32.713
9 97 36.541
9 98 67.413
9 99 91.965
10 11 26.731
10 12 31.314
10 13 90.187
10 14 40.777
10 15 10.6
10 16 32.578
10 17 46.349
10 18 89.311
10 19 12.793
10 20 9.453
10 21 32.109
10 22 84.469
10 23 87.475
10 24 45.599
10 25 44.006
10 26 21.065
10 27 83.559
10 28 58.112
10 29 13.799
10 30 24.019
10 31 34.415
10 32 20.824
10 33 90.898
10 34 73.133
10 35 58.674
10 36 25.943
10 37 1.839
10 38 92.734
10 39 89.155
10 40 77.026
10 41 87.606
10 42 28.167
10 43 83.608
10 44 73.473
10 45 80.056
10 46 81.358
10 47 7.443
10 48 34.481
10 49 43.123
10 50 97.131
10 51 30.954
10 52 78.036
10 53 74.398
10 54 38.705
10 55 93.633
10 56 84.661
10 57 7.755
10 58 36.211
10 59 42.938
10 60 54.893
10 61 5.347
10 62 82.141
10 63 13.403
10 64 1.434
10 65 12.194
10 66 81.306
10 67 30.075
10 68 67.504
10 69 31.66
10 70 36.659
10 71 80.465
10 72 3.082
10 73 11.004
10 74 93.217
10 75 3.962
10 76 51.943
10 77 63.158
10 78 4.364
10 79 78.274
10 80 83.909
10 81 81.668
10 82 59.003
10 83 70.786
10 84 90.184
10 85 62.037
10 86 74.118
10 87 24.818
10 88 69.579
10 89 95.68
10 90 99.288
10 91 64.469
10 92 43.486
10 93 99.144
10 94 74.635
10 95 64.694
10 96 61.023
10 97 86.17
10 98 75.969
10 99 77.269
11 12 36.595
11 13 33.513
11 14 60.999
11 15 41.193
11 16 51.04
11 17 38.758
11 18 67.066
11 19 67.202
11 20 86.076
11 21 6.654
11 22 31.192
11 23 77.913
11 24 35.775
11 25 53.152
11 26 82.229
11 27 28.632
11 28 85.475
11 29 43.234
11 30 96.104
11 31 26.59
11 32 74.159
11 33 79.281
11 34 77.594
11 35 96.899
11 36 75.161
11 37 85.907
11 38 29.859
11 39 88.782
11 40 93.955
11 41 68.209
11 42 88.319
11 43 33.707
11 44 69.052
11 45 54.079
11 46 16.354
11 47 74.687
11 48 90.833
11 49 65.78
11 50 51.499
11 51 59.218
11 52 23.991
11 53 44.403
11 54 78.514
11 55 45.184
11 56 70.309
11 57 51.877
11 58 17.403
11 59 36.563
11 60 91.045
11 61 41.718
11 62 70.343
11 63 2.382
11 64 98.118
11 65 26.019
11 66 52.913
11 67 45.279
11 68 28.485
11 69 65.013
11 70 57.059
11 71 42.832
11 72 66.971
11 73 9.983
11 74 89.328
11 75 2.99
11 76 48.825
11 77 45.855
11 78 5.474
11 79 57.957
11 80 51.086
11 81 94.811
11 82 40.831
11 83 11.515
11 84 91.596
11 85 96.837
11 86 4.197
11 87 80.072
11 88 40.844
11 89 40.86
11 90 85.858
11 91 57.802
11 92 45.654
11 93 27.463
11 94 94.76
11 95 35.489
11 96 74.465
11 97 9.495
11 98 64.62
11 99 98.253
12 13 20.53
12 14 17.663
12 15 12.714
12 16 65.455
12 17 20.52
12 18 71.01
12 19 84.065
12 20 92.484
12 21 28.336
12 22 99.067
12 23 24.51
12 24 84.098
12 25 11.007
12 26 48.419
12 27 49.129
12 28 72.624
12 29 59.206
12 30 24.791
12 31 14.724
12 32 82.467
12 33 76.932
12 34 38.763
12 35 54.439
12 36 17.594
12 37 89.783
12 38 38.443
12 39 13.522
12 40 92.542
12 41 4.115
12 42 10.587
12 43 73.22
12 44 17.875
12 45 16.978
12 46 52.698
12 47 87.509
12 48 13.868
12 49 27.216
12 50 46.092
12 51 60.408
12 52 65.968
12 53 24.831
12 54 64.244
12 55 1.975
12 56 19.025
12 57 71.02
12 58 83.403
12 59 1.016
12 60 26.695
12 61 0.445
12 62 45.946
12 63 44.5
12 64 59.112
12 65 61.34
12 66 41.939
12 67 28.895
12 68 39.823
12 69 43.844
12 70 94.598
12 71 1.86
12 72 40.264
12 73 25.142
12 74 70.45
12 75 8.834
12 76 68.267
12 77 11.839
12 78 19.211
12 79 52.289
12 80 96.272
12 81 7.783
12 82 70.421
12 83 25.857
12 84 41.584
12 85 72.222
12 86 15.536
12 87 60.835
12 88 17.994
12 89 19.321
12 90 24.327
12 91 14.469
12 92 2.578
12 93 21.455
12 94 21.149
12 95 22.138
12 96 86.621
12 97 1.773
12 98 83.126
12 99 33.116
13 14 29.826
13 15 40.314
13 16 49.452
13 17 38.419
13 18 97.643
13 19 77.266
13 20 23.873
13 21 29.018
13 22 2.767
13 23 7.308
13 24 20.413
13 25 14.863
13 26 71.435
13 27 87.084
13 28 38.055
13 29 37.42
13 30 43.896
13 31 78.543
13 32 10.635
13 33 91.439
13 34 0.602
13 35 26.595
13 36 63.511
13 37 71.714
13 38 25.898
13 39 17.803
13 40 50.288
13 41 56.487
13 42 76.379
13 43 16.931
13 44 20.921
13 45 88.843
13 46 16.975
13 47 28.313
13 48 0.2
13 49 89.863
13 50 42.216
13 51 68.991
13 52 63.024
13 53 64.276
13 54 91.064
13 55 31.872
13 56 25.026
13 57 98.128
13 58 60.052
13 59 88.831
13 60 78.46
13 61 43.976
13 62 56.272
13 63 20.168
13 64 43.005
13 65 39.197
13 66 37.118
13 67 27.512
13 68 75.932
13 69 94.956
13 70 42.507
13 71 21.771
13 72 72.089
13 73 8.132
13 74 80.979
13 75 94.213
13 76 87.604
13 77 98.582
13 78 61.004
13 79 49.722
13 80 19.204
13 81 1.86
13 82 78.431
13 83 3.724
13 84 33.923
13 85 79.498
13 86 27.048
13 87 73.491
13 88 82.569
13 89 3.968
13 90 57.589
13 91 61.665
13 92 18.131
13 93 81.883
13 94 5.843
13 95 26.194
13 96 90.87
13 97 25.011
13 98 33.521
13 99 76.595
14 15 82.984
14 16 12.802
14 17 68.0
14 18 88.984
14 19 32.189
14 20 27.04
14 21 73.511
14 22 90.317
14 23 33.291
14 24 82.101
14 25 3.6
14 26 37.701
14 27 95.563
14 28 69.641
14 29 16.638
14 30 8.247
14 31 88.538
14 32 39.621
14 33 92.37
14 34 46.332
14 35 59.178
14 36 41.808
14 37 79.099
14 38 54.287
14 39 3.097
14 40 90.724
14 41 52.27
14 42 54.716
14 43 64.788
14 44 90.63
14 45 30.779
14 46 99.502
14 47 14.186
14 48 12.619
14 49 99.048
14 50 75.064
14 51 56.916
14 52 78.643
14 53 55.331
14 54 88.199
14 55 35.141
14 56 39.266
14 57 85.141
14 58 62.104
14 59 74.006
14 60 50.896
14 61 56.958
14 62 23.443
14 63 15.73
14 64 68.213
14 65 24.664
14 66 74.219
14 67 79.114
14 68 29.639
14 69 56.368
14 70 74.422
14 71 83.47
14 72 68.329
14 73 28.55
14 74 70.465
14 75 65.884
14 76 99.565
14 77 91.572
14 78 33.538
14 79 0.64
14 80 26.381
14 81 58.745
14 82 23.292
14 83 63.103
14 84 65.717
14 85 93.606
14 86 53.943
14 87 82.1
14 88 15.128
14 89 43.243
14 90 22.098
14 91 71.026
14 92 2.175
14 93 29.732
14 94 9.407
14 95 79.905
14 96 81.083
14 97 59.477
14 98 65.024
14 99 20.267
15 16 1.594
15 17 80.936
15 18 69.225
15 19 62.607
15 20 23.414
15 21 32.426
15 22 52.416
15 23 26.196
15 24 75.14
15 25 25.892
15 26 51.192
15 27 63.571
15 28 30.974
15 29 42.29
15 30 48.424
15 31 57.703
15 32 25.247
15 33 35.494
15 34 55.002
15 35 15.55
15 36 80.183
15 37 36.179
15 38 49.505
15 39 73.401
15 40 63.012
15 41 70.967
15 42 69.343
15 43 4.86
15 44 16.086
15 45 65.967
15 46 80.495
15 47 31.626
15 48 58.897
15 49 77.385
15 50 60.822
15 51 89.075
15 52 58.747
15 53 11.725
15 54 56.802
15 55 42.601
15 56 9.893
15 57 67.38
15 58 62.372
15 59 5.086
15 60 4.738
15 61 20.551
15 62 75.889
15 63 78.933
15 64 43.561
15 65 12.173
15 66 39.8
15 67 41.069
15 68 62.449
15 69 66.921
15 70 15.621
15 71 19.316
15 72 66.627
15 73 12.323
15 74 20.677
15 75 39.608
15 76 9.529
15 77 43.583
15 78 63.252
15 79 3.86
15 80 24.098
15 81 37.582
15 82 18.948
15 83 36.311
15 84 20.31
15 85 24.139
15 86 96.108
15 87 24.857
15 88 82.834
15 89 87.765
15 90 38.991
15 91 70.758
15 92 25.265
15 93 25.119
15 94 43.147
15 95 65.283
15 96 32.982
15 97 45.699
15 98 4.578
15 99 88.554
16 17 30.624
16 18 60.756
16 19 5.601
16 20 89.403
16 21 66.408
16 22 96.614
16 23 56.312
16 24 19.935
16 25 41.134
16 26 11.88
16 27 87.909
16 28 83.433
16 29 58.904
16 30 53.443
16 31 29.439
16 32 91.0
16 33 51.384
16 34 32.791
16 35 73.672
16 36 65.84
16 37 86.506
16 38 23.589
16 39 53.239
16 40 70.191
16 41 58.561
16 42 94.011
16 43 41.118
16 44 70.283
16 45 54.666
16 46 49.809
16 47 8.678
16 48 84.584
16 49 97.423
16 50 93.526
16 51 73.423
16 52 89.394
16 53 78.569
16 54 64.85
16 55 13.757
16 56 65.892
16 57 43.711
16 58 25.775
16 59 34.921
16 60 46.859
16 61 29.83
16 62 61.188
16 63 7.746
16 64 25.258
16 65 12.717
16 66 40.707
16 67 40.474
16 68 80.774
16 69 87.028
16 70 40.365
16 71 98.421
16 72 48.689
16 73 10.553
16 74 90.537
16 75 80.032
16 76 83.321
16 77 72.058
16 78 63.367
16 79 43.958
16 80 90.736
16 81 78.677
16 82 48.052
16 83 78.156
16 84 69.541
16 85 43.5
16 86 43.3
16 87 70.314
16 88 17.931
16 89 5.429
16 90 67.877
16 91 15.1
16 92 87.675
16 93 53.509
16 94 62.528
16 95 83.134
16 96 17.66
16 97 89.781
16 98 61.025
16 99 12.867
17 18 18.58
17 19 56.317
17 20 13.459
17 21 23.546
17 22 71.016
17 23 47.41
17 24 46.875
17 25 36.635
17 26 1.731
17 27 58.845
17 28 46.729
17 29 69.63
17 30 87.142
17 31 43.679
17 32 37.932
17 33 34.203
17 34 5.325
17 35 17.179
17 36 37.756
17 37 82.406
17 38 30.775
17 39 42.595
17 40 43.073
17 41 90.35
17 42 12.253
17 43 98.936
17 44 4.463
17 45 37.757
17 46 93.186
17 47 59.817
17 48 7.605
17 49 38.334
17 50 88.553
17 51 56.79
17 52 88.082
17 53 74.014
17 54 55.316
17 55 86.681
17 56 78.238
17 57 71.86
17 58 66.318
17 59 48.613
17 60 84.037
17 61 31.379
17 62 89.937
17 63 48.411
17 64 85.918
17 65 17.668
17 66 75.121
17 67 5.136
17 68 28.208
17 69 64.551
17 70 54.596
17 71 74.499
17 72 40.839
17 73 5.526
17 74 51.684
17 75 30.473
17 76 31.832
17 77 22.627
17 78 44.533
17 79 88.731
17 80 78.375
17 81 96.277
17 82 28.965
17 83 77.32
17 84 60.385
17 85 76.565
17 86 22.521
17 87 39.729
17 88 87.203
17 89 78.88
17 90 33.443
17 91 60.102
17 92 44.395
17 93 7.844
17 94 96.685
17 95 20.915
17 96 67.43
17 97 6.415
17 98 84.357
17 99 31.709
18 19 93.591
18 20 18.842
18 21 70.454
18 22 43.447
18 23 4.195
18 24 13.555
18 25 67.89
18 26 11.925
18 27 26.861
18 28 76.394
18 29 53.256
18 30 35.382
18 31 78.007
18 32 48.919
18 33 79.462
18 34 28.508
18 35 74.468
18 36 65.965
18 37 63.501
18 38 89.882
18 39 22.848
18 40 5.264
18 41 84.202
18 42 47.302
18 43 73.972
18 44 46.096
18 45 38.864
18 46 67.249
18 47 33.41
18 48 91.281
18 49 10.192
18 50 3.437
18 51 60.31
18 52 79.518
18 53 95.925
18 54 56.934
18 55 34.232
18 56 21.794
18 57 0.276
18 58 10.233
18 59 45.618
18 60 43.659
18 61 40.864
18 62 30.245
18 63 81.4
18 64 6.013
18 65 30.108
18 66 82.316
18 67 81.492
18 68 78.773
18 69 85.448
18 70 95.797
18 71 40.841
18 72 18.697
18 73 25.755
18 74 98.5
18 75 9.127
18 76 18.806
18 77 27.727
18 78 48.754
18 79 74.77
18 80 21.76
18 81 18.447
18 82 96.794
18 83 28.137
18 84 52.465
18 85 10.318
18 86 49.868
18 87 59.273
18 88 1.347
18 89 72.433
18 90 35.592
18 91 54.213
18 92 33.145
18 93 1.706
18 94 17.268
18 95 88.654
18 96 90.329
18 97 31.397
18 98 19.215
18 99 40.623
19 20 43.717
19 21 58.599
19 22 21.739
19 23 57.321
19 24 81.709
19 25 1.291
19 26 75.963
19 27 18.873
19 28 16.601
19 29 30.081
19 30 63.797
19 31 55.511
19 32 79.684
19 33 90.781
19 34 0.182
19 35 49.408
19 36 39.463
19 37 45.661
19 38 12.564
19 39 44.847
19 40 0.953
19 41 87.414
19 42 10.894
19 43 15.293
19 44 87.4
19 45 45.959
19 46 73.354
19 47 94.943
19 48 44.24
19 49 16.617
19 50 98.424
19 51 38.139
19 52 10.466
19 53 62.195
19 54 65.047
19 55 49.288
19 56 3.835
19 57 31.946
19 58 2.276
19 59 77.982
19 60 40.886
19 61 8.111
19 62 48.768
19 63 33.999
19 64 62.812
19 65 28.215
19 66 3.28
19 67 85.33
19 68 64.686
19 69 74.91
19 70 61.197
19 71 39.603
19 72 56.138
19 73 98.318
19 74 92.631
19 75 86.89
19 76 37.55
19 77 72.844
19 78 22.07
19 79 90.245
19 80 93.43
19 81 80.022
19 82 24.814
19 83 30.14
19 84 45.16
19 85 27.093
19 86 59.408
19 87 85.475
19 88 1.917
19 89 39.534
19 90 10.929
19 91 3.819
19 92 36.442
19 93 77.991
19 94 75.966
19 95 83.429
19 96 33.784
19 97 26.482
19 98 38.84
19 99 40.559
20 21 17.051
20 22 27.353
20 23 50.441
20 24 54.788
20 25 5.46
20 26 1.524
20 27 8.447
20 28 87.656
20 29 35.913
20 30 65.218
20 31 51.241
20 32 61.983
20 33 67.568
20 34 84.015
20 35 62.402
20 36 84.649
20 37 70.616
20 38 70.814
20 39 34.151
20 40 74.693
20 41 13.754
20 42 26.004
20 43 3.893
20 44 60.078
20 45 51.028
20 46 74.351
20 47 20.264
20 48 31.053
20 49 14.174
20 50 72.077
20 51 60.895
20 52 17.195
20 53 92.398
20 54 14.957
20 55 51.871
20 56 26.309
20 57 34.135
20 58 97.374
20 59 87.354
20 60 78.373
20 61 48.612
20 62 60.766
20 63 1.206
20 64 49.257
20 65 22.462
20 66 85.369
20 67 31.251
20 68 82.797
20 69 56.748
20 70 46.803
20 71 38.693
20 72 43.735
20 73 76.531
20 74 19.492
20 75 2.859
20 76 95.242
20 77 35.294
20 78 5.988
20 79 66.615
20 80 80.575
20 81 21.013
20 82 11.547
20 83 42.37
20 84 23.083
20 85 27.346
20 86 74.909
20 87 85.786
20 88 57.972
20 89 30.346
20 90 74.894
20 91 87.658
20 92 76.033
20 93 31.761
20 94 57.29
20 95 43.614
20 96 90.793
20 97 83.511
20 98 5.396
20 99 51.928
21 22 89.532
21 23 95.333
21 24 54.711
21 25 0.011
21 26 19.505
21 27 68.976
21 28 38.385
21 29 44.743
21 30 31.967
21 31 12.442
21 32 72.314
21 33 74.899
21 34 76.851
21 35 48.68
21 36 69.252
21 37 66.344
21 38 80.086
21 39 82.539
21 40 69.192
21 41 59.143
21 42 69.871
21 43 0.588
21 44 88.446
21 45 42.707
21 46 37.17
21 47 23.967
21 48 16.956
21 49 5.399
21 50 51.773
21 51 51.211
21 52 4.55
21 53 12.189
21 54 15.22
21 55 33.707
21 56 63.024
21 57 19.667
21 58 35.489
21 59 99.458
21 60 45.446
21 61 44.865
21 62 65.853
21 63 56.025
21 64 72.034
21 65 55.328
21 66 53.644
21 67 84.338
21 68 69.274
21 69 57.166
21 70 43.99
21 71 43.966
21 72 44.566
21 73 76.037
21 74 91.997
21 75 29.84
21 76 23.0
21 77 93.591
21 78 96.112
21 79 26.304
21 80 10.969
21 81 13.807
21 82 43.643
21 83 52.17
21 84 92.643
21 85 80.557
21 86 87.644
21 87 4.62
21 88 12.044
21 89 24.639
21 90 5.408
21 91 47.796
21 92 27.027
21 93 26.592
21 94 4.297
21 95 32.248
21 96 98.677
21 97 87.897
21 98 97.694
21 99 1.978
22 23 36.269
22 24 40.709
22 25 19.234
22 26 15.154
22 27 64.552
22 28 23.731
22 29 43.39
22 30 46.641
22 31 77.512
22 32 45.821
22 33 60.304
22 34 36.203
22 35 76.135
22 36 56.546
22 37 27.022
22 38 46.377
22 39 1.395
22 40 88.777
22 41 9.679
22 42 57.915
22 43 19.723
22 44 94.316
22 45 11.023
22 46 47.015
22 47 64.268
22 48 61.398
22 49 81.486
22 50 17.365
22 51 20.811
22 52 80.752
22 53 55.695
22 54 41.751
22 55 43.704
22 56 39.141
22 57 4.579
22 58 93.051
22 59 64.042
22 60 72.695
22 61 68.402
22 62 56.197
22 63 50.06
22 64 90.605
22 65 20.666
22 66 16.307
22 67 77.155
22 68 86.676
22 69 50.372
22 70 12.279
22 71 10.252
22 72 26.184
22 73 5.34
22 74 39.8
22 75 64.287
22 76 9.588
22 77 36.467
22 78 94.682
22 79 30.957
22 80 36.02
22 81 4.603
22 82 30.787
22 83 99.908
22 84 96.512
22 85 83.101
22 86 80.362
22 87 39.724
22 88 76.79
22 89 32.124
22 90 80.378
22 91 14.022
22 92 3.312
22 93 69.438
22 94 28.596
22 95 59.894
22 96 33.54
22 97 45.133
22 98 98.491
22 99 38.573
23 24 0.803
23 25 94.195
23 26 95.518
23 27 55.225
23 28 36.267
23 29 97.579
23 30 17.109
23 31 0.714
23 32 19.867
23 33 58.352
23 34 0.397
23 35 93.899
23 36 48.962
23 37 9.587
23 38 85.297
23 39 94.924
23 40 64.779
23 41 27.564
23 42 47.42
23 43 46.763
23 44 91.125
23 45 3.492
23 46 72.376
23 47 85.856
23 48 75.199
23 49 74.289
23 50 59.693
23 51 13.086
23 52 20.551
23 53 78.332
23 54 63.156
23 55 13.661
23 56 22.461
23 57 39.531
23 58 38.498
23 59 44.741
23 60 54.569
23 61 76.762
23 62 77.606
23 63 53.221
23 64 73.181
23 65 18.14
23 66 38.857
23 67 99.523
23 68 95.843
23 69 23.12
23 70 0.641
23 71 95.478
23 72 32.925
23 73 73.26
23 74 12.114
23 75 92.339
23 76 40.238
23 77 12.071
23 78 83.166
23 79 19.098
23 80 4.781
23 81 73.245
23 82 50.207
23 83 43.498
23 84 97.522
23 85 82.904
23 86 54.201
23 87 88.385
23 88 11.411
23 89 43.531
23 90 96.657
23 91 75.93
23 92 63.877
23 93 43.356
23 94 10.432
23 95 39.109
23 96 70.196
23 97 50.477
23 98 66.415
23 99 48.531
24 25 76.53
24 26 28.291
24 27 78.069
24 28 50.004
24 29 27.038
24 30 82.75
24 31 49.164
24 32 36.86
24 33 75.901
24 34 48.854
24 35 46.861
24 36 3.212
24 37 15.588
24 38 4.313
24 39 1.498
24 40 44.781
24 41 41.447
24 42 55.417
24 43 59.151
24 44 91.953
24 45 6.242
24 46 65.214
24 47 93.549
24 48 74.103
24 49 93.035
24 50 83.008
24 51 12.794
24 52 27.816
24 53 29.361
24 54 92.037
24 55 78.553
24 56 13.124
24 57 2.89
24 58 8.415
24 59 77.582
24 60 2.15
24 61 25.726
24 62 3.496
24 63 33.971
24 64 28.132
24 65 90.211
24 66 3.527
24 67 21.489
24 68 81.283
24 69 13.4
24 70 69.307
24 71 7.223
24 72 57.158
24 73 67.8
24 74 32.232
24 75 51.137
24 76 22.606
24 77 75.385
24 78 56.023
24 79 44.669
24 80 65.336
24 81 2.967
24 82 8.985
24 83 67.673
24 84 37.843
24 85 4.73
24 86 60.112
24 87 49.578
24 88 77.246
24 89 58.586
24 90 95.027
24 91 58.112
24 92 92.91
24 93 71.497
24 94 72.613
24 95 80.148
24 96 49.354
24 97 75.724
24 98 35.856
24 99 16.02
25 26 88.512
25 27 38.395
25 28 64.319
25 29 85.627
25 30 56.718
25 31 28.469
25 32 48.313
25 33 46.502
25 34 39.1
25 35 82.083
25 36 25.959
25 37 34.245
25 38 53.666
25 39 87.41
25 40 24.181
25 41 51.904
25 42 70.148
25 43 37.799
25 44 16.267
25 45 57.949
25 46 55.307
25 47 28.847
25 48 75.043
25 49 70.307
25 50 59.164
25 51 3.393
25 52 67.833
25 53 3.008
25 54 79.388
25 55 67.348
25 56 27.451
25 57 18.078
25 58 64.891
25 59 64.514
25 60 80.617
25 61 97.8
25 62 67.259
25 63 42.753
25 64 68.641
25 65 33.447
25 66 71.155
25 67 17.369
25 68 66.568
25 69 24.302
25 70 66.848
25 71 27.239
25 72 25.258
25 73 86.418
25 74 36.054
25 75 78.248
25 76 96.964
25 77 31.108
25 78 87.272
25 79 68.6
25 80 1.27
25 81 79.174
25 82 99.138
25 83 57.349
25 84 25.186
25 85 93.422
25 86 36.533
25 87 37.791
25 88 55.069
25 89 1.614
25 90 3.4
25 91 71.764
25 92 40.741
25 93 77.111
25 94 83.214
25 95 94.705
25 96 96.998
25 97 10.609
25 98 92.995
25 99 53.773
26 27 55.239
26 28 82.693
26 29 62.553
26 30 37.317
26 31 72.418
26 32 57.25
26 33 2.138
26 34 8.923
26 35 72.312
26 36 82.296
26 37 97.857
26 38 11.654
26 39 86.904
26 40 97.59
26 41 20.517
26 42 88.182
26 43 71.988
26 44 30.078
26 45 50.186
26 46 3.908
26 47 49.118
26 48 70.851
26 49 84.422
26 50 86.92
26 51 35.603
26 52 46.186
26 53 69.619
26 54 20.616
26 55 72.094
26 56 33.812
26 57 62.335
26 58 74.565
26 59 36.205
26 60 66.36
26 61 68.348
26 62 2.535
26 63 91.49
26 64 37.776
26 65 65.958
26 66 38.49
26 67 4.943
26 68 56.314
26 69 46.829
26 70 25.884
26 71 48.037
26 72 50.147
26 73 32.702
26 74 79.513
26 75 76.272
26 76 1.274
26 77 17.027
26 78 65.506
26 79 60.019
26 80 29.202
26 81 29.315
26 82 71.296
26 83 95.599
26 84 84.511
26 85 27.777
26 86 1.561
26 87 47.678
26 88 69.604
26 89 57.473
26 90 83.127
26 91 73.914
26 92 40.608
26 93 23.699
26 94 31.899
26 95 74.659
26 96 51.863
26 97 10.997
26 98 38.58
26 99 94.359
27 28 97.3
27 29 7.079
27 30 49.279
27 31 99.524
27 32 77.362
27 33 81.781
27 34 75.594
27 35 24.839
27 36 8.987
27 37 78.495
27 38 35.883
27 39 87.866
27 40 78.603
27 41 75.573
27 42 51.416
27 43 14.783
27 44 18.752
27 45 30.803
27 46 83.79
27 47 55.016
27 48 95.228
27 49 27.478
27 50 55.9
27 51 55.612
27 52 51.584
27 53 13.673
27 54 21.602
27 55 57.643
27 56 18.214
27 57 81.128
27 58 39.403
27 59 9.798
27 60 68.424
27 61 85.032
27 62 49.819
27 63 52.493
27 64 51.333
27 65 99.219
27 66 59.227
27 67 11.849
27 68 39.841
27 69 58.547
27 70 77.867
27 71 53.019
27 72 95.846
27 73 90.656
27 74 68.73
27 75 52.951
27 76 68.575
27 77 93.449
27 78 51.526
27 79 38.547
27 80 86.838
27 81 27.282
27 82 97.948
27 83 88.953
27 84 5.062
27 85 18.172
27 86 38.506
27 87 7.13
27 88 13.37
27 89 83.092
27 90 95.313
27 91 81.808
27 92 51.54
27 93 24.322
27 94 46.519
27 95 81.235
27 96 45.095
27 97 34.093
27 98 0.954
27 99 68.033
28 29 76.239
28 30 11.34
28 31 59.972
28 32 87.793
28 33 85.927
28 34 92.44
28 35 82.694
28 36 59.216
28 37 29.476
28 38 60.48
28 39 49.158
28 40 7.577
28 41 74.57
28 42 32.753
28 43 42.436
28 44 57.784
28 45 1.312
28 46 28.663
28 47 58.848
28 48 28.734
28 49 5.828
28 50 12.987
28 51 91.524
28 52 36.428
28 53 79.053
28 54 25.9
28 55 50.493
28 56 16.174
28 57 88.864
28 58 49.402
28 59 9.583
28 60 71.36
28 61 65.629
28 62 85.304
28 63 46.61
28 64 83.85
28 65 43.36
28 66 39.238
28 67 70.937
28 68 10.625
28 69 61.838
28 70 78.55
28 71 68.672
28 72 35.963
28 73 38.006
28 74 62.526
28 75 85.385
28 76 95.96
28 77 83.083
28 78 54.276
28 79 46.149
28 80 29.459
28 81 57.395
28 82 69.577
28 83 47.243
28 84 92.87
28 85 41.202
28 86 75.996
28 87 20.218
28 88 75.307
28 89 99.617
28 90 85.54
28 91 90.403
28 92 17.279
28 93 87.868
28 94 43.284
28 95 14.889
28 96 3.243
28 97 83.935
28 98 0.022
28 99 67.054
29 30 46.21
29 31 72.622
29 32 75.334
29 33 64.029
29 34 41.248
29 35 96.686
29 36 40.945
29 37 61.75
29 38 47.752
29 39 6.187
29 40 49.887
29 41 42.214
29 42 65.168
29 43 92.538
29 44 4.794
29 45 86.093
29 46 55.447
29 47 72.144
29 48 30.302
29 49 89.13
29 50 9.846
29 51 14.497
29 52 86.239
29 53 89.984
29 54 17.757
29 55 17.272
29 56 82.544
29 57 86.717
29 58 32.47
29 59 91.662
29 60 87.923
29 61 87.671
29 62 98.646
29 63 27.535
29 64 43.582
29 65 13.223
29 66 20.782
29 67 56.602
29 68 79.117
29 69 15.92
29 70 77.636
29 71 46.872
29 72 71.914
29 73 14.841
29 74 16.946
29 75 16.722
29 76 2.246
29 77 32.997
29 78 16.382
29 79 78.97
29 80 15.166
29 81 37.134
29 82 83.618
29 83 69.657
29 84 63.009
29 85 54.149
29 86 71.264
29 87 97.627
29 88 50.429
29 89 94.77
29 90 76.03
29 91 82.957
29 92 37.516
29 93 29.114
29 94 99.841
29 95 47.684
29 96 54.999
29 97 13.203
29 98 40.946
29 99 0.016
30 31 79.262
30 32 81.107
30 33 32.533
30 34 67.878
30 35 83.504
30 36 66.814
30 37 65.005
30 38 97.305
30 39 29.424
30 40 56.899
30 41 36.077
30 42 93.163
30 43 80.477
30 44 6.725
30 45 50.49
30 46 74.63
30 47 76.772
30 48 91.187
30 49 87.184
30 50 51.818
30 51 72.096
30 52 59.572
30 53 78.605
30 54 19.749
30 55 66.41
30 56 46.935
30 57 71.657
30 58 82.464
30 59 4.387
30 60 76.45
30 61 85.883
30 62 58.766
30 63 94.364
30 64 56.878
30 65 98.668
30 66 55.183
30 67 37.452
30 68 60.9
30 69 83.341
30 70 16.564
30 71 83.523
30 72 8.4
30 73 52.597
30 74 53.759
30 75 13.501
30 76 59.516
30 77 19.574
30 78 77.716
30 79 90.16
30 80 74.098
30 81 80.137
30 82 59.689
30 83 53.756
30 84 17.471
30 85 91.819
30 86 0.927
30 87 19.744
30 88 52.678
30 89 8.603
30 90 36.34
30 91 44.743
30 92 3.755
30 93 33.516
30 94 26.365
30 95 23.956
30 96 42.724
30 97 86.258
30 98 77.366
30 99 78.685
31 32 93.039
31 33 37.93
31 34 73.143
31 35 94.444
31 36 70.751
31 37 65.12
31 38 21.183
31 39 76.797
31 40 65.129
31 41 75.015
31 42 39.334
31 43 15.573
31 44 13.869
31 45 57.46
31 46 42.471
31 47 6.576
31 48 46.183
31 49 25.666
31 50 30.76
31 51 29.362
31 52 7.084
31 53 12.93
31 54 40.136
31 55 15.466
31 56 26.754
31 57 72.307
31 58 85.031
31 59 45.733
31 60 17.855
31 61 87.823
31 62 99.209
31 63 18.627
31 64 54.181
31 65 32.211
31 66 22.948
31 67 35.133
31 68 23.193
31 69 38.802
31 70 28.776
31 71 22.47
31 72 66.747
31 73 85.833
31 74 48.458
31 75 60.233
31 76 63.046
31 77 63.489
31 78 53.507
31 79 72.034
31 80 9.306
31 81 70.315
31 82 17.205
31 83 5.799
31 84 14.963
31 85 84.428
31 86 56.405
31 87 83.599
31 88 27.99
31 89 15.074
31 90 36.972
31 91 96.904
31 92 77.16
31 93 74.523
31 94 23.962
31 95 88.364
31 96 44.253
31 97 67.86
31 98 22.89
31 99 61.079
32 33 7.484
32 34 57.585
32 35 7.434
32 36 44.03
32 37 93.253
32 38 77.469
32 39 41.62
32 40 63.164
32 41 67.393
32 42 46.21
32 43 66.133
32 44 74.05
32 45 98.289
32 46 73.976
32 47 76.598
32 48 14.327
32 49 98.953
32 50 71.572
32 51 58.54
32 52 84.148
32 53 0.432
32 54 26.447
32 55 83.712
32 56 74.116
32 57 8.399
32 58 89.32
32 59 16.904
32 60 53.871
32 61 39.991
32 62 16.743
32 63 16.91
32 64 72.94
32 65 20.816
32 66 7.846
32 67 25.894
32 68 21.973
32 69 87.428
32 70 64.804
32 71 61.399
32 72 87.194
32 73 7.07
32 74 34.423
32 75 99.318
32 76 19.491
32 77 78.116
32 78 73.869
32 79 33.223
32 80 84.174
32 81 12.926
32 82 88.874
32 83 49.941
32 84 1.297
32 85 93.279
32 86 58.152
32 87 59.754
32 88 24.666
32 89 17.307
32 90 13.909
32 91 34.076
32 92 3.341
32 93 46.8
32 94 49.051
32 95 39.721
32 96 29.329
32 97 43.559
32 98 45.094
32 99 92.812
33 34 15.542
33 35 92.145
33 36 76.953
33 37 89.81
33 38 9.209
33 39 49.691
33 40 99.108
33 41 33.132
33 42 13.659
33 43 56.742
33 44 28.314
33 45 80.48
33 46 78.673
33 47 96.573
33 48 59.816
33 49 26.206
33 50 31.293
33 51 82.389
33 52 55.172
33 53 21.075
33 54 76.973
33 55 68.822
33 56 71.849
33 57 74.775
33 58 5.799
33 59 14.761
33 60 34.813
33 61 84.655
33 62 62.897
33 63 34.772
33 64 80.7
33 65 18.811
33 66 13.806
33 67 38.544
33 68 3.454
33 69 24.644
33 70 57.661
33 71 89.846
33 72 95.864
33 73 36.981
33 74 9.757
33 75 32.786
33 76 17.349
33 77 30.249
33 78 87.824
33 79 89.423
33 80 28.615
33 81 73.801
33 82 98.737
33 83 28.512
33 84 4.79
33 85 17.404
33 86 93.407
33 87 52.962
33 88 79.883
33 89 2.655
33 90 98.604
33 91 57.588
33 92 44.993
33 93 71.397
33 94 50.355
33 95 70.818
33 96 95.94
33 97 79.883
33 98 30.852
33 99 84.635
34 35 2.825
34 36 82.469
34 37 65.806
34 38 83.862
34 39 73.167
34 40 96.481
34 41 29.237
34 42 43.051
34 43 68.931
34 44 79.511
34 45 4.029
34 46 29.176
34 47 76.599
34 48 69.78
34 49 66.022
34 50 52.451
34 51 60.101
34 52 96.736
34 53 29.715
34 54 72.915
34 55 64.628
34 56 13.678
34 57 51.245
34 58 30.061
34 59 58.722
34 60 13.136
34 61 64.663
34 62 51.217
34 63 43.796
34 64 98.292
34 65 70.032
34 66 74.292
34 67 6.586
34 68 23.561
34 69 74.55
34 70 30.914
34 71 83.954
34 72 71.746
34 73 75.21
34 74 23.739
34 75 4.001
34 76 57.837
34 77 9.595
34 78 75.266
34 79 66.161
34 80 46.17
34 81 34.836
34 82 50.953
34 83 18.609
34 84 19.583
34 85 54.807
34 86 4.632
34 87 46.112
34 88 52.873
34 89 46.28
34 90 26.344
34 91 71.835
34 92 6.219
34 93 1.843
34 94 49.109
34 95 31.517
34 96 6.048
34 97 58.486
34 98 98.859
34 99 32.596
35 36 37.657
35 37 29.682
35 38 18.259
35 39 1.885
35 40 51.216
35 41 82.64
35 42 7.507
35 43 57.134
35 44 57.5
35 45 91.47
35 46 41.324
35 47 61.388
35 48 52.573
35 49 35.929
35 50 71.77
35 51 41.914
35 52 55.927
35 53 0.566
35 54 61.551
35 55 38.658
35 56 49.461
35 57 21.352
35 58 47.437
35 59 47.76
35 60 77.423
35 61 62.861
35 62 28.248
35 63 77.964
35 64 35.114
35 65 18.426
35 66 60.947
35 67 65.441
35 68 47.084
35 69 21.48
35 70 67.485
35 71 65.45
35 72 62.244
35 73 85.666
35 74 98.881
35 75 31.201
35 76 77.612
35 77 96.223
35 78 6.683
35 79 82.559
35 80 72.485
35 81 90.397
35 82 21.8
35 83 76.149
35 84 41.649
35 85 5.871
35 86 11.922
35 87 64.957
35 88 60.808
35 89 96.506
35 90 4.523
35 91 65.619
35 92 37.231
35 93 85.363
35 94 11.438
35 95 51.316
35 96 63.437
35 97 55.448
35 98 52.298
35 99 78.712
36 37 86.323
36 38 44.253
36 39 73.545
36 40 67.721
36 41 51.345
36 42 76.806
36 43 40.331
36 44 25.576
36 45 56.594
36 46 42.429
36 47 8.591
36 48 22.424
36 49 95.21
36 50 42.278
36 51 45.206
36 52 76.29
36 53 97.328
36 54 48.443
36 55 81.694
36 56 51.331
36 57 43.873
36 58 51.317
36 59 16.649
36 60 15.886
36 61 52.631
36 62 3.742
36 63 57.642
36 64 32.416
36 65 24.541
36 66 82.803
36 67 70.799
36 68 44.963
36 69 85.385
36 70 82.762
36 71 53.58
36 72 42.166
36 73 19.108
36 74 20.004
36 75 92.951
36 76 50.167
36 77 36.73
36 78 59.967
36 79 61.961
36 80 61.259
36 81 8.985
36 82 32.813
36 83 21.57
36 84 44.717
36 85 20.658
36 86 74.646
36 87 93.911
36 88 91.68
36 89 38.483
36 90 18.31
36 91 34.104
36 92 8.909
36 93 36.234
36 94 70.702
36 95 98.712
36 96 87.41
36 97 43.168
36 98 25.534
36 99 53.869
37 38 19.212
37 39 34.123
37 40 67.384
37 41 86.775
37 42 19.634
37 43 45.432
37 44 46.985
37 45 37.155
37 46 13.646
37 47 49.639
37 48 63.412
37 49 43.329
37 50 23.493
37 51 99.341
37 52 98.641
37 53 10.896
37 54 75.882
37 55 97.573
37 56 92.461
37 57 75.451
37 58 54.218
37 59 50.293
37 60 70.192
37 61 65.75
37 62 77.752
37 63 14.412
37 64 23.095
37 65 73.916
37 66 84.699
37 67 47.504
37 68 38.117
37 69 81.063
37 70 7.231
37 71 74.508
37 72 5.268
37 73 53.237
37 74 53.577
37 75 59.959
37 76 29.939
37 77 86.379
37 78 37.474
37 79 10.163
37 80 23.542
37 81 44.281
37 82 5.38
37 83 32.072
37 84 68.822
37 85 8.911
37 86 51.95
37 87 78.505
37 88 16.831
37 89 33.006
37 90 49.872
37 91 36.358
37 92 22.895
37 93 76.557
37 94 42.008
37 95 76.079
37 96 55.573
37 97 63.962
37 98 88.974
37 99 90.714
38 39 17.911
38 40 69.02
38 41 14.803
38 42 89.242
38 43 79.424
38 44 78.601
38 45 1.827
38 46 37.57
38 47 36.961
38 48 93.688
38 49 65.75
38 50 57.899
38 51 57.931
38 52 96.078
38 53 17.374
38 54 68.877
38 55 60.903
38 56 44.044
38 57 9.65
38 58 99.436
38 59 57.186
38 60 84.289
38 61 73.293
38 62 58.949
38 63 67.94
38 64 67.457
38 65 35.068
38 66 43.878
38 67 40.916
38 68 53.826
38 69 94.885
38 70 49.826
38 71 35.558
38 72 87.879
38 73 7.078
38 74 62.852
38 75 22.585
38 76 86.066
38 77 92.575
38 78 35.274
38 79 83.674
38 80 22.293
38 81 37.566
38 82 40.909
38 83 51.253
38 84 88.927
38 85 52.492
38 86 79.413
38 87 40.721
38 88 69.03
38 89 9.341
38 90 47.652
38 91 26.872
38 92 56.456
38 93 91.783
38 94 28.636
38 95 65.899
38 96 71.325
38 97 78.766
38 98 8.425
38 99 24.52
39 40 72.598
39 41 81.736
39 42 39.683
39 43 81.294
39 44 28.003
39 45 99.28
39 46 30.877
39 47 22.116
39 48 70.663
39 49 76.684
39 50 74.947
39 51 21.114
39 52 93.321
39 53 13.569
39 54 80.238
39 55 2.242
39 56 70.789
39 57 6.632
39 58 49.604
39 59 6.107
39 60 85.76
39 61 44.49
39 62 39.251
39 63 4.481
39 64 38.641
39 65 23.8
39 66 86.739
39 67 34.663
39 68 84.802
39 69 45.728
39 70 97.465
39 71 89.407
39 72 28.893
39 73 10.728
39 74 82.457
39 75 81.795
39 76 87.046
39 77 31.741
39 78 95.754
39 79 92.364
39 80 83.131
39 81 94.22
39 82 12.502
39 83 95.675
39 84 18.177
39 85 26.621
39 86 72.773
39 87 94.469
39 88 6.736
39 89 52.969
39 90 93.101
39 91 75.953
39 92 26.89
39 93 33.862
39 94 16.581
39 95 74.746
39 96 55.462
39 97 99.562
39 98 60.73
39 99 34.553
40 41 33.663
40 42 52.943
40 43 53.656
40 44 5.444
40 45 2.205
40 46 14.141
40 47 70.371
40 48 6.472
40 49 22.856
40 50 75.69
40 51 20.874
40 52 39.935
40 53 17.318
40 54 59.193
40 55 1.203
40 56 19.574
40 57 63.536
40 58 6.127
40 59 18.524
40 60 10.059
40 61 79.91
40 62 44.216
40 63 32.965
40 64 87.716
40 65 46.864
40 66 33.642
40 67 98.29
40 68 26.761
40 69 62.075
40 70 10.486
40 71 46.443
40 72 57.603
40 73 52.144
40 74 28.264
40 75 77.431
40 76 21.344
40 77 66.676
40 78 76.928
40 79 42.311
40 80 64.617
40 81 90.694
40 82 61.279
40 83 0.252
40 84 18.204
40 85 43.21
40 86 18.617
40 87 19.316
40 88 83.22
40 89 74.623
40 90 98.998
40 91 78.097
40 92 29.396
40 93 55.526
40 94 8.476
40 95 51.119
40 96 72.215
40 97 14.143
40 98 20.0
40 99 66.825
41 42 58.5
41 43 70.532
41 44 56.178
41 45 91.628
41 46 98.604
41 47 36.236
41 48 67.918
41 49 98.1
41 50 89.274
41 51 72.178
41 52 51.004
41 53 26.205
41 54 43.646
41 55 88.57
41 56 82.178
41 57 54.778
41 58 34.346
41 59 69.138
41 60 94.671
41 61 10.521
41 62 25.138
41 63 30.327
41 64 73.011
41 65 90.082
41 66 5.3
41 67 66.503
41 68 58.479
41 69 86.214
41 70 81.181
41 71 41.326
41 72 18.869
41 73 63.733
41 74 43.974
41 75 82.032
41 76 33.993
41 77 8.815
41 78 86.053
41 79 34.847
41 80 38.816
41 81 75.071
41 82 45.66
41 83 24.279
41 84 69.681
41 85 68.068
41 86 55.082
41 87 64.479
41 88 79.099
41 89 48.591
41 90 48.197
41 91 75.039
41 92 12.255
41 93 7.947
41 94 90.558
41 95 48.346
41 96 10.764
41 97 35.785
41 98 83.806
41 99 73.323
42 43 85.752
42 44 64.286
42 45 86.556
42 46 40.301
42 47 52.408
42 48 75.84
42 49 62.314
42 50 80.919
42 51 81.259
42 52 68.019
42 53 3.588
42 54 11.514
42 55 69.059
42 56 63.488
42 57 76.024
42 58 89.457
42 59 69.175
42 60 34.298
42 61 79.954
42 62 73.233
42 63 85.419
42 64 28.644
42 65 22.242
42 66 13.984
42 67 64.151
42 68 71.582
42 69 70.108
42 70 88.11
42 71 11.602
42 72 36.711
42 73 89.092
42 74 57.96
42 75 92.476
42 76 88.674
42 77 42.328
42 78 75.622
42 79 97.381
42 80 83.311
42 81 0.768
42 82 88.936
42 83 40.623
42 84 78.291
42 85 74.06
42 86 17.189
42 87 34.589
42 88 31.457
42 89 57.537
42 90 4.193
42 91 10.624
42 92 82.37
42 93 47.725
42 94 6.023
42 95 90.838
42 96 73.193
42 97 98.594
42 98 79.275
42 99 23.555
43 44 69.602
43 45 67.199
43 46 97.966
43 47 55.588
43 48 38.002
43 49 19.972
43 50 20.918
43 51 20.071
43 52 60.199
43 53 31.552
43 54 43.129
43 55 66.702
43 56 65.886
43 57 97.784
43 58 3.719
43 59 20.545
43 60 23.977
43 61 88.74
43 62 87.208
43 63 47.223
43 64 5.012
43 65 16.999
43 66 93.327
43 67 58.097
43 68 36.667
43 69 69.642
43 70 52.56
43 71 99.85
43 72 10.435
43 73 73.997
43 74 83.294
43 75 3.06
43 76 3.549
43 77 50.689
43 78 58.431
43 79 41.445
43 80 63.275
43 81 84.305
43 82 46.693
43 83 25.404
43 84 26.768
43 85 4.038
43 86 67.243
43 87 48.842
43 88 57.905
43 89 92.429
43 90 91.477
43 91 52.638
43 92 26.577
43 93 2.201
43 94 99.011
43 95 84.946
43 96 54.837
43 97 36.044
43 98 77.168
43 99 28.724
44 45 18.96
44 46 93.148
44 47 59.724
44 48 93.889
44 49 48.776
44 50 21.709
44 51 1.139
44 52 32.039
44 53 69.648
44 54 36.549
44 55 5.048
44 56 50.463
44 57 22.776
44 58 90.695
44 59 42.871
44 60 41.806
44 61 76.285
44 62 62.567
44 63 50.667
44 64 8.894
44 65 88.17
44 66 9.434
44 67 50.354
44 68 99.996
44 69 48.091
44 70 29.87
44 71 59.886
44 72 25.553
44 73 45.933
44 74 66.854
44 75 57.53
44 76 14.122
44 77 74.815
44 78 60.139
44 79 62.16
44 80 14.977
44 81 70.671
44 82 52.833
44 83 83.496
44 84 2.871
44 85 87.502
44 86 50.2
44 87 95.586
44 88 26.612
44 89 17.397
44 90 73.156
44 91 73.513
44 92 0.633
44 93 99.01
44 94 51.571
44 95 52.423
44 96 1.341
44 97 37.631
44 98 44.084
44 99 70.165
45 46 96.862
45 47 6.791
45 48 62.888
45 49 31.361
45 50 12.052
45 51 60.077
45 52 95.584
45 53 64.304
45 54 78.498
45 55 20.964
45 56 74.389
45 57 15.587
45 58 47.299
45 59 67.272
45 60 49.378
45 61 98.831
45 62 31.608
45 63 25.971
45 64 6.538
45 65 91.001
45 66 53.483
45 67 57.169
45 68 31.372
45 69 18.121
45 70 67.041
45 71 38.696
45 72 6.223
45 73 45.157
45 74 43.847
45 75 90.052
45 76 31.136
45 77 20.092
45 78 82.038
45 79 40.779
45 80 88.581
45 81 21.5
45 82 58.639
45 83 49.218
45 84 97.266
45 85 43.116
45 86 61.609
45 87 12.705
45 88 5.952
45 89 8.399
45 90 76.898
45 91 89.888
45 92 45.047
45 93 35.215
45 94 10.918
45 95 48.48
45 96 6.642
45 97 98.843
45 98 82.352
45 99 36.856
46 47 43.316
46 48 62.966
46 49 49.646
46 50 42.923
46 51 20.906
46 52 26.683
46 53 28.207
46 54 94.659
46 55 81.819
46 56 46.571
46 57 89.619
46 58 32.462
46 59 61.369
46 60 45.411
46 61 44.772
46 62 47.156
46 63 26.83
46 64 66.453
46 65 32.46
46 66 80.602
46 67 65.52
46 68 33.441
46 69 75.623
46 70 40.569
46 71 68.287
46 72 26.767
46 73 60.095
46 74 47.01
46 75 50.502
46 76 78.161
46 77 50.058
46 78 25.717
46 79 38.122
46 80 75.46
46 81 21.879
46 82 22.486
46 83 68.237
46 84 89.796
46 85 30.419
46 86 23.489
46 87 11.226
46 88 82.34
46 89 8.162
46 90 88.509
46 91 4.007
46 92 92.503
46 93 24.188
46 94 49.829
46 95 53.663
46 96 98.374
46 97 30.03
46 98 78.868
46 99 7.567
47 48 40.093
47 49 13.792
47 50 18.151
47 51 82.799
47 52 56.201
47 53 38.126
47 54 56.476
47 55 64.498
47 56 17.654
47 57 4.471
47 58 73.889
47 59 81.764
47 60 19.916
47 61 16.081
47 62 14.869
47 63 58.344
47 64 76.508
47 65 8.364
47 66 42.952
47 67 37.835
47 68 29.574
47 69 62.093
47 70 33.625
47 71 92.229
47 72 75.613
47 73 29.954
47 74 87.479
47 75 21.674
47 76 90.568
47 77 23.042
47 78 1.651
47 79 54.05
47 80 77.204
47 81 21.04
47 82 94.035
47 83 21.175
47 84 85.108
47 85 56.687
47 86 78.888
47 87 63.855
47 88 56.779
47 89 26.432
47 90 71.519
47 91 33.851
47 92 7.34
47 93 11.119
47 94 55.286
47 95 95.726
47 96 65.329
47 97 96.91
47 98 42.497
47 99 60.992
48 49 59.645
48 50 11.946
48 51 92.054
48 52 90.259
48 53 43.619
48 54 80.873
48 55 33.428
48 56 74.418
48 57 43.28
48 58 69.103
48 59 92.849
48 60 65.666
48 61 74.568
48 62 97.753
48 63 12.325
48 64 78.637
48 65 48.211
48 66 73.679
48 67 31.749
48 68 20.557
48 69 20.129
48 70 14.727
48 71 56.387
48 72 92.277
48 73 47.647
48 74 14.945
48 75 59.955
48 76 28.834
48 77 53.236
48 78 45.93
48 79 15.491
48 80 78.633
48 81 44.346
48 82 81.909
48 83 81.338
48 84 90.756
48 85 36.326
48 86 38.193
48 87 49.761
48 88 65.389
48 89 99.895
48 90 67.142
48 91 30.497
48 92 37.958
48 93 10.729
48 94 65.32
48 95 88.263
48 96 1.318
48 97 20.42
48 98 72.684
48 99 73.196
49 50 13.233
49 51 24.753
49 52 81.692
49 53 34.565
49 54 46.15
49 55 50.473
49 56 83.227
49 57 33.936
49 58 1.064
49 59 58.649
49 60 58.588
49 61 48.778
49 62 98.835
49 63 49.011
49 64 59.547
49 65 28.521
49 66 81.416
49 67 16.742
49 68 33.562
49 69 47.962
49 70 27.136
49 71 45.751
49 72 33.325
49 73 14.401
49 74 7.585
49 75 61.904
49 76 1.352
49 77 29.904
49 78 8.796
49 79 36.154
49 80 1.975
49 81 86.272
49 82 80.498
49 83 75.887
49 84 22.883
49 85 89.718
49 86 82.482
49 87 22.687
49 88 41.532
49 89 98.228
49 90 16.894
49 91 40.034
49 92 59.816
49 93 11.761
49 94 56.063
49 95 39.263
49 96 52.561
49 97 94.359
49 98 36.885
49 99 93.462
50 51 38.885
50 52 10.592
50 53 30.289
50 54 82.073
50 55 56.709
50 56 62.351
50 57 45.514
50 58 50.743
50 59 70.389
50 60 59.52
50 61 50.23
50 62 67.379
50 63 44.17
50 64 82.48
50 65 16.488
50 66 40.186
50 67 72.105
50 68 0.517
50 69 5.889
50 70 99.467
50 71 13.115
50 72 92.642
50 73 34.788
50 74 96.874
50 75 79.903
50 76 84.979
50 77 89.876
50 78 10.926
50 79 96.142
50 80 78.45
50 81 46.7
50 82 74.859
50 83 6.521
50 84 95.53
50 85 95.212
50 86 63.316
50 87 32.126
50 88 12.1
50 89 54.037
50 90 89.178
50 91 50.712
50 92 90.619
50 93 36.08
50 94 46.094
50 95 38.797
50 96 56.74
50 97 55.513
50 98 3.784
50 99 37.537
51 52 15.726
51 53 34.498
51 54 27.302
51 55 18.237
51 56 5.59
51 57 52.312
51 58 83.239
51 59 47.255
51 60 75.916
51 61 2.941
51 62 96.675
51 63 12.287
51 64 36.592
51 65 78.441
51 66 91.432
51 67 92.802
51 68 1.047
51 69 2.867
51 70 93.471
51 71 33.013
51 72 35.895
51 73 21.828
51 74 55.289
51 75 33.861
51 76 34.463
51 77 59.911
51 78 11.238
51 79 98.869
51 80 79.111
51 81 46.274
51 82 66.408
51 83 5.972
51 84 80.031
51 85 6.236
51 86 55.274
51 87 39.271
51 88 84.879
51 89 91.675
51 90 14.938
51 91 0.526
51 92 9.802
51 93 39.272
51 94 58.792
51 95 32.283
51 96 59.562
51 97 87.067
51 98 16.878
51 99 10.182
52 53 42.619
52 54 45.458
52 55 8.501
52 56 12.555
52 57 53.443
52 58 43.641
52 59 81.99
52 60 9.954
52 61 81.257
52 62 92.963
52 63 59.302
52 64 58.359
52 65 63.852
52 66 20.688
52 67 6.814
52 68 20.216
52 69 43.347
52 70 88.499
52 71 56.51
52 72 61.99
52 73 53.474
52 74 52.574
52 75 57.038
52 76 86.348
52 77 77.616
52 78 21.903
52 79 43.478
52 80 4.031
52 81 50.856
52 82 98.846
52 83 36.538
52 84 1.121
52 85 59.486
52 86 98.744
52 87 49.808
52 88 87.783
52 89 91.582
52 90 78.454
52 91 90.777
52 92 72.572
52 93 22.704
52 94 66.928
52 95 57.658
52 96 98.952
52 97 36.269
52 98 55.585
52 99 36.149
53 54 14.441
53 55 72.637
53 56 5.818
53 57 7.861
53 58 78.617
53 59 83.672
53 60 34.161
53 61 3.943
53 62 87.084
53 63 39.905
53 64 20.031
53 65 40.284
53 66 24.885
53 67 65.555
53 68 26.71
53 69 41.649
53 70 22.0
53 71 44.603
53 72 7.208
53 73 21.963
53 74 38.753
53 75 0.602
53 76 99.318
53 77 45.039
53 78 97.709
53 79 14.197
53 80 67.17
53 81 27.342
53 82 91.664
53 83 62.636
53 84 65.945
53 85 33.72
53 86 99.822
53 87 61.866
53 88 4.989
53 89 4.007
53 90 59.823
53 91 36.37
53 92 60.437
53 93 97.408
53 94 27.14
53 95 13.403
53 96 14.456
53 97 64.392
53 98 35.384
53 99 79.877
54 55 49.855
54 56 2.464
54 57 96.67
54 58 92.604
54 59 7.699
54 60 74.557
54 61 10.878
54 62 16.121
54 63 64.505
54 64 9.058
54 65 96.77
54 66 19.783
54 67 6.305
54 68 98.893
54 69 26.777
54 70 55.837
54 71 75.481
54 72 91.621
54 73 10.601
54 74 12.718
54 75 94.076
54 76 61.679
54 77 21.491
54 78 1.52
54 79 58.52
54 80 64.712
54 81 69.104
54 82 38.218
54 83 41.728
54 84 49.886
54 85 73.246
54 86 96.797
54 87 37.83
54 88 46.104
54 89 93.042
54 90 2.258
54 91 63.455
54 92 42.104
54 93 90.161
54 94 45.082
54 95 25.772
54 96 92.631
54 97 4.576
54 98 78.692
54 99 67.346
55 56 58.504
55 57 80.401
55 58 19.046
55 59 99.034
55 60 90.613
55 61 46.343
55 62 62.046
55 63 89.803
55 64 82.666
55 65 61.387
55 66 13.903
55 67 92.438
55 68 12.499
55 69 25.85
55 70 89.471
55 71 42.306
55 72 60.54
55 73 37.429
55 74 14.275
55 75 5.333
55 76 32.446
55 77 54.548
55 78 86.291
55 79 36.648
55 80 15.582
55 81 1.13
55 82 74.62
55 83 27.492
55 84 29.685
55 85 70.304
55 86 71.808
55 87 33.009
55 88 77.792
55 89 86.405
55 90 17.788
55 91 91.334
55 92 43.205
55 93 8.995
55 94 18.271
55 95 58.466
55 96 88.403
55 97 47.175
55 98 16.216
55 99 16.204
56 57 45.373
56 58 2.914
56 59 56.68
56 60 34.215
56 61 87.941
56 62 4.603
56 63 98.124
56 64 79.708
56 65 96.17
56 66 97.694
56 67 49.627
56 68 79.854
56 69 27.349
56 70 64.574
56 71 87.537
56 72 80.663
56 73 49.479
56 74 58.621
56 75 31.737
56 76 91.15
56 77 14.477
56 78 7.636
56 79 77.894
56 80 59.548
56 81 46.054
56 82 0.876
56 83 72.039
56 84 38.505
56 85 76.594
56 86 18.144
56 87 64.869
56 88 9.266
56 89 6.544
56 90 56.197
56 91 8.594
56 92 48.688
56 93 81.289
56 94 80.182
56 95 88.739
56 96 43.643
56 97 51.385
56 98 0.521
56 99 95.756
57 58 55.102
57 59 28.632
57 60 54.775
57 61 17.524
57 62 88.831
57 63 1.725
57 64 17.058
57 65 10.383
57 66 18.046
57 67 32.067
57 68 96.625
57 69 25.149
57 70 92.925
57 71 82.134
57 72 27.737
57 73 56.611
57 74 86.963
57 75 66.084
57 76 83.787
57 77 82.485
57 78 53.654
57 79 74.375
57 80 70.366
57 81 52.717
57 82 3.152
57 83 27.329
57 84 68.541
57 85 21.015
57 86 55.9
57 87 96.016
57 88 74.451
57 89 36.256
57 90 23.483
57 91 15.778
57 92 52.999
57 93 23.981
57 94 60.017
57 95 2.521
57 96 14.89
57 97 11.205
57 98 71.06
57 99 51.373
58 59 80.056
58 60 5.2
58 61 24.289
58 62 52.637
58 63 69.405
58 64 84.844
58 65 3.212
58 66 79.986
58 67 92.351
58 68 41.631
58 69 13.986
58 70 46.954
58 71 57.143
58 72 1.908
58 73 39.528
58 74 37.447
58 75 61.078
58 76 22.293
58 77 26.978
58 78 98.902
58 79 48.837
58 80 72.596
58 81 40.216
58 82 41.997
58 83 59.308
58 84 68.083
58 85 50.095
58 86 3.04
58 87 37.965
58 88 9.729
58 89 99.132
58 90 17.827
58 91 15.481
58 92 33.331
58 93 26.627
58 94 0.076
58 95 1.432
58 96 42.309
58 97 1.782
58 98 93.624
58 99 40.999
59 60 77.711
59 61 72.968
59 62 45.54
59 63 15.069
59 64 20.398
59 65 78.345
59 66 57.984
59 67 18.327
59 68 7.729
59 69 70.329
59 70 54.295
59 71 16.981
59 72 74.701
59 73 49.337
59 74 24.151
59 75 72.864
59 76 76.718
59 77 81.25
59 78 62.696
59 79 9.904
59 80 98.825
59 81 52.273
59 82 59.236
59 83 38.431
59 84 87.501
59 85 27.939
59 86 28.183
59 87 60.114
59 88 54.301
59 89 6.91
59 90 83.634
59 91 66.144
59 92 66.876
59 93 88.648
59 94 51.536
59 95 18.423
59 96 90.703
59 97 56.943
59 98 60.3
59 99 28.048
60 61 79.73
60 62 73.09
60 63 56.714
60 64 99.644
60 65 12.44
60 66 85.771
60 67 29.692
60 68 97.033
60 69 98.283
60 70 56.699
60 71 52.825
60 72 50.47
60 73 49.806
60 74 65.614
60 75 11.558
60 76 98.203
60 77 49.576
60 78 24.144
60 79 64.392
60 80 6.338
60 81 35.324
60 82 94.545
60 83 63.436
60 84 58.301
60 85 83.76
60 86 75.611
60 87 88.625
60 88 54.143
60 89 11.637
60 90 23.031
60 91 13.18
60 92 64.037
60 93 49.781
60 94 61.231
60 95 51.719
60 96 31.77
60 97 45.306
60 98 32.55
60 99 34.154
61 62 32.577
61 63 3.711
61 64 51.524
61 65 33.164
61 66 3.647
61 67 14.979
61 68 6.612
61 69 64.838
61 70 36.053
61 71 24.857
61 72 2.262
61 73 76.871
61 74 14.582
61 75 82.458
61 76 6.063
61 77 50.957
61 78 93.607
61 79 60.493
61 80 62.467
61 81 98.188
61 82 16.886
61 83 1.753
61 84 33.498
61 85 26.248
61 86 7.173
61 87 0.897
61 88 36.275
61 89 14.629
61 90 90.842
61 91 94.323
61 92 17.694
61 93 71.252
61 94 51.85
61 95 28.497
61 96 53.393
61 97 18.662
61 98 96.784
61 99 73.089
62 63 61.498
62 64 50.675
62 65 24.636
62 66 62.076
62 67 80.295
62 68 95.275
62 69 47.686
62 70 14.637
62 71 54.845
62 72 88.934
62 73 72.829
62 74 20.324
62 75 25.2
62 76 5.473
62 77 47.315
62 78 72.72
62 79 40.544
62 80 99.24
62 81 6.959
62 82 42.619
62 83 44.395
62 84 69.695
62 85 40.593
62 86 0.424
62 87 80.583
62 88 34.959
62 89 27.161
62 90 9.034
62 91 63.083
62 92 2.53
62 93 32.312
62 94 14.371
62 95 97.717
62 96 9.87
62 97 35.251
62 98 57.612
62 99 47.922
63 64 35.789
63 65 22.179
63 66 66.584
63 67 38.71
63 68 71.623
63 69 95.229
63 70 65.651
63 71 70.252
63 72 30.901
63 73 84.011
63 74 27.895
63 75 52.319
63 76 21.387
63 77 9.609
63 78 17.825
63 79 22.933
63 80 24.587
63 81 4.296
63 82 82.958
63 83 4.718
63 84 36.468
63 85 94.104
63 86 46.357
63 87 90.263
63 88 5.127
63 89 20.287
63 90 41.941
63 91 19.3
63 92 50.043
63 93 62.308
63 94 53.607
63 95 55.978
63 96 63.493
63 97 14.084
63 98 11.233
63 99 61.875
64 65 41.297
64 66 81.167
64 67 95.949
64 68 53.814
64 69 99.579
64 70 83.893
64 71 58.849
64 72 49.606
64 73 88.484
64 74 12.959
64 75 40.02
64 76 15.391
64 77 75.57
64 78 86.72
64 79 48.157
64 80 8.929
64 81 53.939
64 82 58.92
64 83 90.853
64 84 58.209
64 85 76.415
64 86 61.039
64 87 82.205
64 88 58.536
64 89 90.874
64 90 74.459
64 91 3.969
64 92 53.545
64 93 32.226
64 94 65.777
64 95 64.262
64 96 55.382
64 97 22.212
64 98 89.77
64 99 93.118
65 66 20.354
65 67 28.537
65 68 70.831
65 69 84.371
65 70 74.89
65 71 9.301
65 72 27.534
65 73 23.109
65 74 1.077
65 75 8.073
65 76 65.72
65 77 71.202
65 78 78.13
65 79 84.076
65 80 36.533
65 81 53.568
65 82 67.054
65 83 3.149
65 84 18.21
65 85 44.8
65 86 48.046
65 87 34.931
65 88 76.194
65 89 97.166
65 90 43.986
65 91 60.351
65 92 76.304
65 93 11.29
65 94 19.149
65 95 59.525
65 96 32.698
65 97 64.126
65 98 58.644
65 99 20.802
66 67 85.857
66 68 4.9
66 69 22.375
66 70 43.59
66 71 60.328
66 72 68.635
66 73 30.122
66 74 13.474
66 75 67.21
66 76 50.512
66 77 44.716
66 78 28.116
66 79 43.584
66 80 23.033
66 81 41.326
66 82 82.875
66 83 74.345
66 84 80.515
66 85 10.435
66 86 52.34
66 87 77.779
66 88 47.367
66 89 83.928
66 90 66.398
66 91 1.935
66 92 54.314
66 93 0.301
66 94 35.61
66 95 50.757
66 96 72.368
66 97 70.473
66 98 81.466
66 99 38.382
67 68 98.701
67 69 27.55
67 70 90.936
67 71 84.11
67 72 30.863
67 73 14.91
67 74 87.659
67 75 6.004
67 76 40.634
67 77 61.37
67 78 12.043
67 79 66.471
67 80 33.109
67 81 24.764
67 82 13.98
67 83 31.149
67 84 15.518
67 85 11.663
67 86 8.315
67 87 63.665
67 88 43.239
67 89 83.36
67 90 31.33
67 91 52.27
67 92 0.098
67 93 27.35
67 94 49.886
67 95 65.418
67 96 38.305
67 97 40.424
67 98 61.246
67 99 18.435
68 69 53.45
68 70 9.959
68 71 88.29
68 72 25.554
68 73 83.572
68 74 57.411
68 75 22.105
68 76 10.656
68 77 38.992
68 78 67.58
68 79 22.827
68 80 21.317
68 81 82.656
68 82 3.463
68 83 54.216
68 84 88.73
68 85 94.387
68 86 30.321
68 87 60.88
68 88 21.957
68 89 80.847
68 90 59.524
68 91 4.827
68 92 88.557
68 93 86.412
68 94 80.827
68 95 86.284
68 96 63.037
68 97 99.512
68 98 59.441
68 99 76.197
69 70 68.261
69 71 16.187
69 72 29.257
69 73 24.785
69 74 14.399
69 75 98.332
69 76 4.365
69 77 2.459
69 78 47.777
69 79 56.191
69 80 13.002
69 81 63.247
69 82 58.391
69 83 89.144
69 84 34.801
69 85 77.213
69 86 32.928
69 87 47.297
69 88 41.884
69 89 7.574
69 90 14.844
69 91 49.924
69 92 32.765
69 93 86.817
69 94 91.339
69 95 72.559
69 96 25.039
69 97 83.605
69 98 8.5
69 99 83.071
70 71 69.749
70 72 24.137
70 73 15.615
70 74 39.953
70 75 35.576
70 76 83.309
70 77 59.168
70 78 36.78
70 79 17.489
70 80 82.467
70 81 31.295
70 82 75.458
70 83 31.097
70 84 4.719
70 85 52.909
70 86 27.315
70 87 2.631
70 88 26.827
70 89 40.681
70 90 48.177
70 91 99.124
70 92 24.883
70 93 23.532
70 94 18.082
70 95 0.485
70 96 71.309
70 97 13.847
70 98 5.572
70 99 12.726
71 72 32.73
71 73 67.754
71 74 93.582
71 75 2.798
71 76 48.908
71 77 20.844
71 78 50.663
71 79 59.857
71 80 15.042
71 81 61.217
71 82 60.977
71 83 14.637
71 84 78.447
71 85 11.991
71 86 48.8
71 87 51.114
71 88 91.692
71 89 13.13
71 90 40.168
71 91 64.578
71 92 35.244
71 93 91.137
71 94 90.648
71 95 6.509
71 96 35.785
71 97 85.577
71 98 56.14
71 99 34.454
72 73 30.922
72 74 71.984
72 75 25.629
72 76 25.895
72 77 36.509
72 78 13.65
72 79 51.747
72 80 47.759
72 81 95.056
72 82 25.141
72 83 57.628
72 84 8.103
72 85 42.642
72 86 64.999
72 87 99.046
72 88 11.05
72 89 12.186
72 90 99.468
72 91 76.002
72 92 49.79
72 93 83.026
72 94 33.528
72 95 98.334
72 96 60.326
72 97 62.831
72 98 68.745
72 99 41.926
73 74 61.1
73 75 69.207
73 76 18.097
73 77 18.159
73 78 33.495
73 79 89.556
73 80 24.938
73 81 67.732
73 82 26.981
73 83 10.453
73 84 15.597
73 85 13.148
73 86 93.266
73 87 64.131
73 88 32.8
73 89 53.408
73 90 76.809
73 91 61.526
73 92 83.658
73 93 25.501
73 94 23.263
73 95 44.747
73 96 98.017
73 97 51.238
73 98 96.261
73 99 34.892
74 75 54.699
74 76 54.916
74 77 62.96
74 78 11.752
74 79 35.543
74 80 74.806
74 81 28.958
74 82 96.296
74 83 60.411
74 84 77.019
74 85 69.832
74 86 23.681
74 87 24.594
74 88 35.321
74 89 6.752
74 90 61.215
74 91 29.621
74 92 70.224
74 93 15.152
74 94 43.326
74 95 11.869
74 96 7.618
74 97 18.28
74 98 33.47
74 99 93.52
75 76 40.386
75 77 95.817
75 78 29.741
75 79 68.914
75 80 96.137
75 81 53.356
75 82 67.438
75 83 24.097
75 84 31.71
75 85 90.047
75 86 25.575
75 87 68.635
75 88 40.908
75 89 57.721
75 90 65.434
75 91 93.583
75 92 51.066
75 93 43.484
75 94 34.228
75 95 36.346
75 96 98.079
75 97 96.72
75 98 91.843
75 99 96.163
76 77 25.13
76 78 35.724
76 79 20.427
76 80 71.147
76 81 32.872
76 82 37.78
76 83 17.733
76 84 39.212
76 85 6.876
76 86 35.739
76 87 93.045
76 88 12.677
76 89 25.276
76 90 32.406
76 91 9.625
76 92 55.981
76 93 80.044
76 94 39.658
76 95 34.35
76 96 57.37
76 97 73.517
76 98 70.239
76 99 83.818
77 78 21.771
77 79 11.702
77 80 36.881
77 81 98.843
77 82 5.847
77 83 42.126
77 84 98.046
77 85 2.63
77 86 32.5
77 87 86.377
77 88 58.042
77 89 40.619
77 90 41.133
77 91 88.828
77 92 81.669
77 93 36.379
77 94 19.224
77 95 82.862
77 96 78.301
77 97 21.166
77 98 97.536
77 99 37.21
78 79 40.238
78 80 23.221
78 81 16.278
78 82 57.454
78 83 78.874
78 84 1.843
78 85 98.74
78 86 29.495
78 87 96.191
78 88 95.27
78 89 43.722
78 90 1.529
78 91 25.514
78 92 11.553
78 93 57.619
78 94 43.122
78 95 75.801
78 96 70.959
78 97 20.814
78 98 49.925
78 99 38.386
79 80 49.04
79 81 5.99
79 82 85.163
79 83 66.875
79 84 91.784
79 85 1.585
79 86 77.261
79 87 66.971
79 88 61.007
79 89 67.67
79 90 43.777
79 91 73.023
79 92 47.943
79 93 56.035
79 94 93.607
79 95 21.175
79 96 22.314
79 97 45.782
79 98 77.277
79 99 22.542
80 81 15.663
80 82 68.909
80 83 72.654
80 84 85.056
80 85 86.53
80 86 24.695
80 87 85.927
80 88 57.115
80 89 24.12
80 90 60.603
80 91 72.181
80 92 35.552
80 93 93.544
80 94 84.877
80 95 59.648
80 96 29.144
80 97 78.462
80 98 73.769
80 99 64.232
81 82 45.368
81 83 88.352
81 84 44.063
81 85 33.005
81 86 9.348
81 87 56.58
81 88 65.431
81 89 25.204
81 90 20.082
81 91 77.706
81 92 64.502
81 93 13.231
81 94 90.65
81 95 34.635
81 96 58.232
81 97 88.903
81 98 86.748
81 99 25.911
82 83 92.701
82 84 73.665
82 85 5.088
82 86 63.782
82 87 20.469
82 88 63.778
82 89 12.302
82 90 62.79
82 91 81.991
82 92 85.733
82 93 3.392
82 94 51.387
82 95 85.119
82 96 14.607
82 97 33.018
82 98 78.497
82 99 96.937
83 84 49.885
83 85 79.608
83 86 67.882
83 87 66.088
83 88 1.339
83 89 37.325
83 90 35.799
83 91 46.067
83 92 1.815
83 93 74.065
83 94 43.981
83 95 10.363
83 96 8.103
83 97 64.811
83 98 5.306
83 99 73.193
84 85 49.127
84 86 68.482
84 87 75.41
84 88 4.161
84 89 48.803
84 90 8.93
84 91 81.458
84 92 10.81
84 93 46.427
84 94 83.104
84 95 50.722
84 96 40.507
84 97 7.329
84 98 67.354
84 99 88.802
85 86 60.484
85 87 70.211
85 88 27.833
85 89 78.702
85 90 48.961
85 91 16.108
85 92 3.667
85 93 99.404
85 94 74.011
85 95 75.403
85 96 63.006
85 97 95.56
85 98 65.42
85 99 79.214
86 87 11.629
86 88 27.216
86 89 68.839
86 90 55.531
86 91 96.08
86 92 60.448
86 93 3.624
86 94 4.916
86 95 27.086
86 96 51.595
86 97 10.407
86 98 32.532
86 99 76.79
87 88 18.349
87 89 58.82
87 90 79.056
87 91 3.767
87 92 45.041
87 93 65.408
87 94 44.94
87 95 79.425
87 96 94.284
87 97 36.956
87 98 85.886
87 99 77.578
88 89 37.646
88 90 14.486
88 91 50.761
88 92 56.185
88 93 99.049
88 94 25.029
88 95 88.066
88 96 28.144
88 97 42.342
88 98 2.434
88 99 66.246
89 90 31.913
89 91 14.775
89 92 80.692
89 93 9.99
89 94 98.335
89 95 54.126
89 96 23.668
89 97 80.003
89 98 98.238
89 99 0.596
90 91 46.104
90 92 52.162
90 93 28.868
90 94 69.039
90 95 86.949
90 96 32.013
90 97 57.071
90 98 3.404
90 99 80.464
91 92 12.563
91 93 75.667
91 94 70.685
91 95 22.33
91 96 38.735
91 97 69.769
91 98 96.42
91 99 36.143
92 93 78.317
92 94 42.463
92 95 49.376
92 96 94.406
92 97 86.594
92 98 74.172
92 99 82.949
93 94 9.383
93 95 38.153
93 96 86.687
93 97 5.271
93 98 48.926
93 99 4.149
94 95 86.388
94 96 18.841
94 97 20.573
94 98 64.979
94 99 80.795
95 96 69.555
95 97 69.198
95 98 21.905
95 99 9.963
96 97 15.431
96 98 8.547
96 99 3.514
97 98 90.422
97 99 62.986
98 99 75.758
