100
0 5 60.906
0 21 52.697
0 23 58.229
0 25 10.102
0 26 14.415
0 27 8.718
1 8 58.816
1 15 61.779
1 28 9.228
1 29 8.254
1 30 14.991
2 3 61.062
2 13 63.527
2 31 12.181
2 32 12.12
2 33 13.726
3 34 5.24
3 35 16.048
3 36 11.195
4 9 58.976
4 14 57.574
4 37 10.9
4 38 16.6
4 39 3.836
5 40 8.312
5 41 19.08
5 42 6.704
6 12 58.409
6 15 60.16
6 43 10.327
6 44 4.141
6 45 2.968
7 21 60.591
7 46 7.908
7 47 16.718
7 48 12.147
8 22 61.738
8 49 1.303
8 50 11.677
8 51 10.729
9 52 12.37
9 53 17.993
9 54 9.99
10 18 59.183
10 21 58.62
10 55 8.851
10 56 18.348
10 57 11.505
11 14 58.906
11 58 17.749
11 59 17.911
11 60 10.957
12 61 9.14
12 62 11.219
12 63 15.575
13 16 54.804
13 22 65.764
13 64 12.933
13 65 14.815
13 66 2.03
14 23 55.178
14 67 10.384
14 68 3.265
14 69 6.55
15 20 57.433
15 23 56.141
15 24 66.707
15 70 9.444
15 71 9.822
15 72 10.074
16 73 9.798
16 74 10.701
16 75 5.729
17 22 60.726
17 76 12.04
17 77 7.143
17 78 18.27
18 79 9.64
18 80 5.042
18 81 6.106
19 21 60.144
19 82 15.674
19 83 6.619
19 84 17.855
20 85 8.0
20 86 6.147
20 87 16.986
21 88 5.101
21 89 5.413
21 90 12.221
22 91 4.911
22 92 14.465
22 93 7.265
23 94 4.261
23 95 8.897
23 96 12.778
24 97 11.153
24 98 15.792
24 99 14.41
25 47 17.107
25 65 15.059
25 91 20.588
26 83 17.568
26 27 28.274
27 87 22.279
27 37 20.689
27 97 18.484
27 49 20.046
28 95 16.415
29 38 18.987
29 94 21.165
30 36 30.108
30 33 23.596
30 40 24.236
30 88 19.726
31 45 27.749
32 57 14.756
33 51 12.854
34 70 17.51
35 97 12.872
37 78 16.204
37 59 13.949
38 54 29.968
39 66 30.473
39 69 21.874
40 55 12.678
41 62 18.226
42 85 18.739
42 80 15.15
43 45 29.172
43 88 13.968
44 95 18.111
46 51 18.184
48 67 30.122
48 78 22.323
49 64 13.263
49 54 18.197
50 60 29.217
52 62 15.063
53 66 16.843
54 89 24.225
55 61 9.73
56 58 22.918
56 93 19.044
56 91 13.9
57 74 22.904
59 79 17.101
59 96 20.819
60 75 13.174
62 82 18.547
62 91 19.091
62 92 19.379
63 67 22.917
66 84 17.797
66 80 21.173
68 93 18.078
69 73 19.265
69 76 15.109
69 71 18.353
70 86 18.265
70 94 16.369
71 88 20.313
72 84 21.565
74 98 17.825
75 83 20.646
77 85 24.689
80 94 18.866
81 87 12.699
83 98 10.353
84 90 26.222
86 92 22.164
88 99 16.628
95 99 27.033