100
0 40 34.953
0 89 26.019
0 73 16.597
0 47 71.323
0 51 2.268
0 4 12.728
0 50 41.618
0 71 77.717
0 31 57.22
0 79 14.647
0 86 14.241
0 48 22.122
0 23 16.242
0 18 54.732
0 76 71.496
0 32 98.644
0 30 14.377
0 82 23.145
0 19 98.229
0 7 69.076
0 33 25.224
0 43 76.976
0 22 17.277
0 85 25.987
0 45 25.108
0 34 76.601
0 57 41.169
0 13 49.429
0 94 75.265
0 88 46.704
0 28 30.746
0 1 36.808
0 80 63.005
0 95 64.152
0 78 72.698
0 96 29.256
0 11 71.63
0 97 73.574
0 75 28.08
0 66 77.772
0 58 47.683
0 12 1.955
0 39 15.746
0 37 83.132
0 49 65.179
0 9 16.596
0 41 76.775
0 77 81.413
0 36 29.565
0 15 34.244
0 69 98.209
0 2 42.164
0 60 84.194
0 98 72.729
0 61 43.299
1 45 84.165
1 16 13.464
1 15 43.037
1 80 17.511
1 78 5.41
1 74 20.224
1 56 54.111
1 27 34.181
1 92 71.881
1 30 89.437
1 42 50.958
1 47 30.89
1 43 85.17
1 4 91.764
1 34 58.449
1 58 82.923
1 48 17.833
1 46 18.62
1 23 15.867
1 49 48.212
1 11 24.217
1 54 62.376
1 8 44.334
1 75 48.131
1 25 10.034
1 77 54.355
1 44 92.993
1 17 97.17
1 57 24.738
1 35 74.713
1 89 18.637
1 59 47.979
1 53 16.614
1 69 53.5
1 9 87.682
1 81 1.28
1 32 72.281
1 67 53.979
1 28 17.739
1 64 26.26
1 40 31.514
1 10 47.918
1 5 21.018
1 37 54.645
1 36 72.011
1 22 83.493
1 98 90.966
1 88 24.645
1 52 75.548
1 19 89.641
2 46 0.547
2 13 78.489
2 22 58.783
2 36 50.848
2 75 80.103
2 45 17.309
2 15 89.834
2 61 88.816
2 97 7.957
2 73 30.404
2 18 90.081
2 89 50.944
2 7 32.813
2 68 78.647
2 50 2.67
2 38 18.203
2 30 54.221
2 34 23.98
2 90 94.018
2 11 14.452
2 99 24.526
2 64 96.375
2 4 14.309
2 26 19.574
2 80 82.376
2 53 71.269
2 47 17.771
2 92 34.339
2 31 80.749
2 23 67.632
2 25 24.758
2 82 3.831
2 83 75.08
2 39 46.153
2 42 18.296
2 43 37.084
2 14 52.512
2 6 0.332
2 10 99.138
2 5 28.11
2 66 94.343
2 27 98.389
2 12 55.171
2 78 2.08
2 52 56.044
2 69 17.494
2 88 37.529
2 9 82.118
2 87 13.898
2 33 70.687
2 29 36.335
2 67 3.524
2 44 42.006
2 74 78.135
2 8 56.971
2 24 61.159
3 76 11.867
3 60 5.683
3 11 44.506
3 98 33.197
3 26 54.69
3 77 28.459
3 19 22.277
3 16 20.664
3 50 91.444
3 62 75.155
3 82 37.934
3 41 50.016
3 12 33.979
3 85 45.324
3 92 42.63
3 86 88.074
3 93 53.612
3 96 23.748
3 4 31.696
3 54 21.286
3 40 34.9
3 68 47.544
3 94 32.056
3 90 85.984
3 42 59.606
3 30 69.268
3 18 99.478
3 66 51.164
3 75 80.624
3 69 20.348
3 27 72.313
3 21 51.992
3 25 55.948
3 28 44.641
3 29 0.295
3 79 95.154
3 81 1.938
3 36 96.377
3 7 94.263
3 55 20.867
3 91 62.146
3 52 61.794
3 58 75.042
3 5 52.463
3 23 21.905
3 89 73.917
3 44 57.086
3 51 30.463
3 24 98.267
3 74 58.724
3 33 87.652
4 12 37.993
4 37 74.794
4 6 27.815
4 44 33.702
4 95 51.524
4 27 93.665
4 84 92.999
4 47 40.514
4 90 89.192
4 53 1.332
4 93 38.079
4 80 31.86
4 43 59.575
4 79 27.296
4 89 28.257
4 94 99.523
4 25 82.525
4 86 35.293
4 87 71.588
4 49 91.542
4 22 55.015
4 9 45.075
4 5 7.765
4 67 48.746
4 24 14.302
4 97 23.313
4 63 60.824
4 39 93.942
4 81 67.771
4 15 73.319
4 21 87.406
4 91 85.834
4 11 82.453
4 17 42.857
4 30 70.329
4 50 94.538
4 23 77.471
4 75 68.172
4 58 36.863
4 31 84.282
4 48 73.581
4 19 46.697
4 40 83.172
4 20 55.59
4 92 78.511
4 28 91.382
4 59 43.925
4 8 35.667
4 83 82.188
5 29 17.689
5 22 64.232
5 66 98.825
5 78 27.308
5 30 63.519
5 54 61.937
5 87 55.383
5 45 2.608
5 21 75.686
5 39 38.517
5 23 33.87
5 76 69.595
5 97 59.077
5 83 1.072
5 16 52.542
5 72 20.399
5 98 4.558
5 69 18.355
5 99 74.503
5 68 53.615
5 96 36.976
5 51 71.021
5 84 33.558
5 94 61.524
5 57 25.058
5 9 84.107
5 48 70.303
5 50 71.859
5 10 7.167
5 32 72.451
5 6 14.325
5 75 20.315
5 31 17.262
5 81 98.066
5 79 7.552
5 18 58.208
5 95 53.179
5 77 90.273
5 40 32.992
5 55 57.572
5 89 29.669
5 47 64.486
5 91 21.551
6 11 45.18
6 19 70.426
6 76 15.005
6 13 34.433
6 91 68.06
6 12 71.984
6 9 25.845
6 38 37.655
6 66 17.131
6 32 10.452
6 65 25.863
6 50 50.54
6 21 21.291
6 53 96.732
6 60 20.303
6 67 46.51
6 59 99.148
6 28 54.96
6 37 22.429
6 31 62.353
6 41 71.133
6 44 69.099
6 64 55.507
6 20 34.845
6 25 8.175
6 93 0.371
6 23 92.463
6 82 76.945
6 18 94.932
6 85 19.331
6 70 9.294
6 96 33.7
6 54 64.241
6 48 80.057
6 61 22.896
6 83 3.428
6 35 87.827
6 88 20.135
6 99 54.391
6 7 70.465
6 75 2.629
6 26 59.052
6 56 70.497
6 92 45.71
6 80 78.989
6 46 94.271
7 32 61.323
7 78 18.701
7 64 31.943
7 28 99.686
7 80 51.145
7 66 9.539
7 59 74.259
7 17 56.258
7 96 12.21
7 27 11.339
7 49 33.024
7 35 95.662
7 39 78.972
7 62 25.282
7 21 83.424
7 10 97.45
7 51 31.845
7 92 97.025
7 60 88.264
7 65 76.363
7 68 93.313
7 87 52.761
7 42 75.408
7 72 9.183
7 14 37.034
7 25 4.293
7 77 78.175
7 56 29.512
7 91 63.078
7 95 86.752
7 47 94.161
7 84 41.115
7 45 50.294
7 50 65.141
7 71 37.9
7 54 13.359
7 81 50.512
7 82 13.092
7 94 11.08
7 44 67.844
7 85 61.304
7 58 33.065
7 70 81.778
7 86 42.996
7 99 5.396
7 61 90.754
7 29 90.064
7 73 78.884
7 34 93.891
8 47 43.518
8 45 6.857
8 79 22.44
8 65 91.654
8 54 6.228
8 82 84.576
8 96 28.752
8 33 77.737
8 94 66.045
8 21 68.723
8 48 5.293
8 32 1.544
8 83 2.327
8 67 86.267
8 76 0.396
8 22 60.742
8 44 38.779
8 77 11.583
8 16 54.669
8 53 1.986
8 56 56.207
8 69 87.607
8 34 19.782
8 64 17.723
8 85 46.979
8 10 86.81
8 25 75.301
8 59 84.286
8 38 72.94
8 46 90.855
8 39 18.901
8 18 36.662
8 26 74.718
8 49 25.322
8 14 59.296
8 12 14.876
8 13 74.681
8 70 39.245
8 20 62.747
8 17 56.006
8 51 39.334
8 41 0.645
9 14 0.021
9 90 23.122
9 42 73.931
9 75 56.647
9 89 21.833
9 16 72.345
9 80 13.865
9 54 49.991
9 12 36.218
9 76 33.053
9 81 27.482
9 32 88.789
9 88 14.53
9 55 6.623
9 21 34.249
9 26 17.398
9 69 25.921
9 64 58.951
9 67 70.408
9 13 98.943
9 52 17.874
9 17 18.886
9 38 39.676
9 56 95.921
9 28 94.237
9 58 57.543
9 23 2.495
9 68 37.906
9 33 11.124
9 77 1.605
9 46 49.844
9 34 66.434
9 25 94.375
9 96 77.262
9 35 33.171
9 36 11.655
9 51 3.657
9 85 88.873
9 73 63.38
9 86 66.493
9 45 42.879
9 27 46.675
9 65 45.876
9 74 78.691
9 49 2.828
9 31 8.437
10 49 55.837
10 74 19.897
10 25 86.663
10 66 51.307
10 35 90.134
10 33 48.368
10 70 5.386
10 61 2.067
10 63 8.862
10 56 45.045
10 96 81.824
10 47 8.237
10 55 49.096
10 45 89.692
10 39 6.911
10 11 99.863
10 95 53.809
10 50 0.149
10 97 90.751
10 71 27.06
10 80 2.199
10 84 19.217
10 20 61.864
10 75 87.553
10 93 71.623
10 18 36.811
10 34 90.79
10 36 31.607
10 48 51.764
10 14 65.211
10 52 80.418
10 17 79.274
10 68 20.354
10 26 63.477
10 12 30.347
10 92 13.945
10 16 41.679
10 15 50.291
10 19 36.974
10 86 75.947
10 91 48.537
10 57 8.962
10 85 60.911
10 51 64.751
10 77 36.15
11 76 37.44
11 65 24.522
11 26 73.887
11 87 74.628
11 33 80.342
11 32 75.489
11 66 83.909
11 80 83.619
11 48 10.391
11 23 95.318
11 30 98.619
11 49 40.569
11 92 51.144
11 56 57.405
11 84 38.015
11 52 59.987
11 69 77.945
11 67 79.494
11 88 95.667
11 79 24.87
11 12 36.245
11 75 42.948
11 74 60.101
11 42 3.52
11 93 5.927
11 36 59.007
11 27 69.228
11 70 31.308
11 54 38.079
11 51 69.474
11 22 12.467
11 99 59.214
11 82 25.599
11 46 81.202
11 41 20.165
11 53 73.472
11 98 33.265
11 71 39.648
11 68 81.49
11 57 61.061
11 43 18.898
11 83 11.591
12 77 67.704
12 95 96.447
12 52 51.609
12 33 39.17
12 59 43.065
12 44 23.168
12 17 66.495
12 29 19.129
12 31 86.848
12 13 31.766
12 37 22.34
12 60 16.059
12 64 58.118
12 54 91.755
12 15 40.644
12 57 98.987
12 45 39.206
12 41 45.966
12 26 77.879
12 20 24.951
12 98 15.272
12 18 25.205
12 92 92.828
12 97 11.793
12 53 98.37
12 49 79.262
12 87 85.099
12 19 1.202
12 71 21.776
12 88 62.093
12 90 60.87
12 14 18.194
12 56 4.315
12 16 62.472
12 96 76.226
12 70 0.987
12 48 63.929
12 86 49.643
12 91 24.92
12 43 69.405
12 67 88.54
12 21 55.886
12 38 77.196
12 39 25.043
12 36 98.786
12 32 63.881
13 72 48.671
13 68 40.106
13 60 98.1
13 97 38.578
13 28 4.087
13 29 95.724
13 61 14.281
13 16 14.606
13 48 45.674
13 85 26.785
13 82 26.225
13 67 26.178
13 81 99.201
13 25 25.945
13 98 68.203
13 65 61.715
13 22 24.552
13 19 94.062
13 46 71.833
13 24 85.558
13 36 93.405
13 35 81.205
13 37 18.777
13 62 32.886
13 90 71.248
13 91 63.027
13 75 67.487
13 83 96.262
13 55 38.259
13 73 12.821
13 78 49.826
13 74 67.103
13 64 2.683
13 54 38.493
13 59 98.406
13 99 15.736
13 42 74.157
13 89 29.6
13 53 45.406
13 80 38.176
13 27 72.457
13 57 70.663
13 43 84.919
13 26 91.078
13 49 95.833
13 30 15.454
13 77 89.134
14 15 14.483
14 22 12.337
14 78 13.217
14 67 60.365
14 84 80.716
14 62 43.71
14 94 52.183
14 95 96.867
14 49 34.05
14 42 51.819
14 31 51.543
14 33 22.318
14 34 4.676
14 21 51.598
14 26 74.081
14 20 69.448
14 69 84.761
14 43 31.876
14 56 33.501
14 18 12.963
14 37 47.555
14 32 61.233
14 16 28.117
14 52 35.912
14 70 26.805
14 81 84.259
14 39 20.607
14 65 27.279
14 41 27.009
14 79 44.808
14 73 76.747
14 23 12.075
14 46 62.153
14 63 93.46
14 87 92.274
14 97 33.126
14 89 63.281
14 80 30.063
14 25 25.592
14 44 99.947
14 57 26.212
14 85 63.623
15 26 26.346
15 41 90.784
15 92 74.111
15 67 53.215
15 78 48.822
15 36 15.071
15 45 65.478
15 56 5.685
15 85 19.262
15 65 95.544
15 29 89.109
15 71 46.41
15 90 24.562
15 58 93.281
15 25 15.959
15 19 71.603
15 22 91.2
15 57 76.71
15 35 25.053
15 81 1.295
15 72 96.929
15 74 31.708
15 79 36.104
15 42 34.644
15 44 93.081
15 83 76.889
15 82 51.438
15 87 90.669
15 48 1.914
15 89 60.709
15 61 48.684
15 91 65.79
15 38 45.427
15 66 34.756
15 49 50.589
15 62 55.973
15 97 54.193
15 53 27.686
15 43 8.305
15 93 33.601
15 17 6.546
16 79 19.179
16 34 40.074
16 66 89.724
16 29 14.703
16 82 36.362
16 39 91.547
16 93 20.304
16 46 25.351
16 74 44.749
16 28 76.74
16 25 45.144
16 81 20.131
16 67 75.419
16 68 54.615
16 84 71.928
16 80 47.964
16 95 31.457
16 50 68.773
16 71 3.345
16 44 2.176
16 70 1.797
16 55 66.444
16 33 29.199
16 31 95.66
16 98 68.448
16 35 38.205
16 53 16.983
16 49 36.94
16 97 79.178
16 32 41.722
16 76 0.559
16 17 10.102
16 42 44.335
16 99 85.692
16 57 25.563
16 20 10.423
16 83 61.749
17 44 85.56
17 47 0.89
17 43 22.613
17 69 71.589
17 33 28.545
17 31 11.56
17 32 69.833
17 41 99.616
17 99 30.718
17 88 60.106
17 68 12.46
17 70 17.166
17 86 48.859
17 83 34.219
17 58 57.62
17 48 33.713
17 63 57.83
17 24 71.986
17 95 60.635
17 65 9.777
17 38 10.675
17 67 15.751
17 64 53.226
17 53 56.903
17 45 58.545
17 66 24.857
17 30 19.153
17 81 12.622
17 23 77.674
17 22 81.551
17 42 40.748
17 73 91.253
17 27 17.608
17 19 63.46
17 57 15.623
17 79 45.855
17 37 94.257
17 60 74.754
17 72 75.142
17 29 94.521
17 87 5.096
17 84 83.163
18 33 41.755
18 94 45.753
18 62 30.418
18 61 22.881
18 31 17.053
18 56 55.727
18 36 31.981
18 79 97.437
18 30 49.93
18 41 85.348
18 97 85.45
18 73 50.742
18 21 30.752
18 65 99.975
18 88 85.669
18 44 96.889
18 52 88.432
18 38 3.233
18 96 48.181
18 68 61.482
18 84 40.165
18 51 97.399
18 25 54.491
18 92 95.421
18 95 7.835
18 74 49.512
18 29 69.631
18 76 49.953
18 75 2.562
18 53 27.786
18 35 46.425
18 71 2.63
18 22 76.415
18 67 95.577
18 47 87.855
18 70 51.0
18 59 6.388
18 34 88.195
18 45 66.422
18 90 54.486
19 25 13.522
19 49 33.711
19 82 24.68
19 59 54.247
19 21 4.313
19 80 48.362
19 40 59.809
19 54 72.958
19 69 75.483
19 22 11.539
19 92 37.183
19 81 85.263
19 44 19.381
19 74 55.122
19 76 36.814
19 47 97.279
19 62 55.576
19 85 3.623
19 73 61.636
19 88 34.161
19 60 49.767
19 89 76.376
19 26 37.819
19 87 21.02
19 97 47.776
19 42 57.223
19 29 92.865
19 86 34.24
19 41 44.949
19 96 20.666
19 55 84.521
19 70 20.272
19 35 54.674
19 46 76.293
19 79 65.179
19 95 63.074
19 78 81.147
19 67 56.049
20 63 7.409
20 43 16.618
20 58 82.725
20 46 11.621
20 80 10.989
20 82 99.744
20 23 0.628
20 71 11.437
20 76 67.897
20 48 85.658
20 86 14.925
20 79 77.66
20 81 53.078
20 22 70.275
20 84 22.546
20 40 82.795
20 89 3.64
20 30 87.927
20 83 34.303
20 96 29.864
20 28 40.447
20 53 37.237
20 44 40.104
20 26 39.721
20 78 15.131
20 33 46.595
20 52 6.473
20 95 3.479
20 24 56.421
20 54 2.2
20 74 79.629
20 64 58.054
20 61 84.556
20 60 39.87
20 67 49.647
20 35 34.596
20 34 63.582
20 59 97.911
20 21 55.395
20 70 99.996
21 57 11.915
21 75 55.943
21 52 11.726
21 96 94.269
21 44 67.195
21 69 77.959
21 86 48.528
21 43 97.231
21 50 18.271
21 22 11.031
21 35 93.11
21 56 32.065
21 42 86.602
21 62 54.039
21 23 48.022
21 79 69.545
21 36 36.726
21 77 56.423
21 48 4.291
21 85 12.731
21 83 46.923
21 53 29.454
21 65 34.26
21 87 82.433
21 71 72.086
21 28 13.606
21 31 8.503
21 95 6.379
21 33 47.147
21 51 41.933
21 66 70.586
21 72 77.744
21 58 35.658
21 49 91.155
21 29 78.406
21 41 78.329
21 25 22.937
21 81 10.4
21 98 99.507
21 46 56.363
21 89 89.276
21 47 44.086
21 60 34.005
22 31 12.746
22 84 34.343
22 44 49.046
22 68 48.04
22 74 57.796
22 53 59.25
22 34 39.561
22 79 73.029
22 40 21.023
22 69 73.357
22 94 56.924
22 81 0.723
22 51 3.279
22 33 68.115
22 99 96.906
22 47 84.296
22 59 53.074
22 78 20.712
22 64 57.39
22 80 92.405
22 46 12.314
22 88 0.119
22 89 33.64
22 36 63.899
22 98 25.429
22 26 97.136
22 35 61.647
22 62 15.948
22 23 0.444
22 25 38.231
22 82 31.366
22 48 77.445
22 29 82.426
23 99 53.613
23 28 57.546
23 68 20.854
23 62 94.019
23 54 43.361
23 92 16.971
23 98 98.948
23 37 13.018
23 95 59.232
23 41 54.104
23 82 15.337
23 34 3.204
23 70 46.816
23 58 79.662
23 55 45.055
23 88 0.96
23 32 75.596
23 90 77.408
23 84 53.59
23 69 96.558
23 96 21.323
23 97 38.656
23 77 48.388
23 79 18.977
23 87 63.153
23 29 17.907
23 65 91.633
23 89 92.878
23 35 71.619
23 56 67.452
23 67 55.198
23 78 5.751
23 44 53.247
23 30 90.375
23 94 5.278
23 48 31.867
23 63 12.655
23 76 63.499
23 52 94.505
23 40 56.214
23 27 65.243
23 24 22.327
23 75 76.932
23 49 57.608
23 33 8.51
23 66 28.063
24 73 88.037
24 70 81.81
24 51 68.522
24 56 83.516
24 54 54.499
24 93 71.061
24 85 61.132
24 38 83.478
24 98 18.433
24 96 10.569
24 79 25.136
24 60 32.979
24 26 17.72
24 59 66.701
24 63 4.824
24 89 99.94
24 36 53.537
24 69 82.878
24 72 17.491
24 68 73.541
24 39 17.089
24 57 8.368
24 90 48.567
24 86 78.308
24 81 57.367
24 91 95.9
24 49 58.188
24 37 7.408
24 76 31.66
24 82 68.159
24 94 16.355
24 71 10.265
24 48 36.078
24 74 70.666
24 64 40.362
24 33 24.111
24 47 23.46
24 28 3.593
24 43 81.688
24 32 59.115
24 44 96.138
24 99 51.213
24 77 20.848
24 35 90.486
25 88 77.024
25 60 62.729
25 27 22.602
25 28 16.321
25 51 37.033
25 59 50.024
25 68 25.926
25 36 85.306
25 44 92.647
25 31 14.257
25 32 15.329
25 71 99.24
25 29 65.659
25 97 91.149
25 62 92.767
25 74 80.081
25 75 91.86
25 76 31.946
25 41 91.677
25 54 50.278
25 94 53.259
25 98 27.688
25 89 67.565
25 40 94.505
25 85 79.12
25 64 34.235
25 35 44.709
25 90 70.992
25 73 81.731
25 65 38.729
25 81 61.952
25 69 51.706
25 95 86.449
26 55 50.068
26 98 20.898
26 56 86.5
26 39 82.044
26 93 98.875
26 33 55.411
26 34 33.705
26 45 94.697
26 77 71.567
26 87 57.319
26 58 50.239
26 54 61.557
26 47 41.456
26 90 26.952
26 29 3.57
26 95 33.091
26 60 75.958
26 81 75.182
26 50 98.76
26 59 15.879
26 61 38.438
26 37 16.049
26 38 21.932
26 94 92.005
26 79 74.509
26 30 80.25
26 76 9.542
26 73 78.149
26 49 14.983
26 68 63.093
26 27 81.657
26 63 97.969
26 91 24.786
26 69 36.242
26 53 41.933
26 89 64.697
26 78 3.72
26 32 53.303
26 82 64.522
26 75 40.079
26 96 58.118
26 28 8.476
27 41 20.655
27 61 13.777
27 84 79.984
27 66 18.561
27 83 24.037
27 77 1.135
27 45 80.446
27 34 71.764
27 31 28.668
27 94 67.691
27 43 3.734
27 79 93.525
27 67 27.511
27 46 97.64
27 51 30.798
27 90 83.571
27 75 29.606
27 32 94.583
27 96 13.703
27 28 46.83
27 55 16.769
27 74 1.776
27 65 77.929
27 82 49.871
27 76 37.189
27 53 39.468
27 40 12.688
27 38 14.26
27 70 44.521
27 39 68.364
27 72 95.87
27 59 71.017
27 92 87.619
27 47 40.723
27 71 2.86
27 33 5.332
27 49 22.133
27 99 64.615
27 42 44.25
27 89 64.329
27 85 82.287
27 57 44.831
28 32 19.919
28 48 38.812
28 98 31.869
28 91 98.658
28 45 90.915
28 34 8.451
28 65 85.192
28 39 11.146
28 59 5.375
28 97 36.838
28 86 39.475
28 52 0.687
28 94 83.197
28 29 78.81
28 44 62.642
28 76 4.357
28 57 52.886
28 68 19.705
28 77 27.592
28 95 14.561
28 85 4.551
28 89 92.461
28 64 25.023
28 31 11.116
28 92 96.882
28 58 50.845
28 61 5.321
28 43 75.233
28 46 35.958
28 99 12.828
28 87 84.075
28 50 26.228
28 56 44.445
28 71 46.814
28 69 29.029
28 88 46.117
29 61 40.557
29 83 80.827
29 94 47.714
29 98 43.133
29 31 24.303
29 63 67.072
29 77 31.93
29 57 86.772
29 64 1.484
29 80 0.446
29 62 85.665
29 88 58.346
29 82 69.974
29 96 44.57
29 95 68.895
29 75 40.986
29 32 30.264
29 40 15.452
29 42 68.35
29 69 74.779
29 46 48.037
29 53 3.209
29 72 63.061
29 78 55.748
29 71 48.639
29 81 76.817
29 47 69.142
29 73 14.936
29 93 3.235
29 34 83.977
29 33 95.821
29 49 96.594
29 35 50.122
29 92 12.557
29 58 21.236
30 88 22.421
30 39 63.248
30 53 50.574
30 52 62.033
30 60 82.887
30 80 25.666
30 32 75.565
30 42 56.003
30 38 86.55
30 76 32.97
30 46 48.851
30 71 71.605
30 78 53.666
30 34 64.026
30 37 19.782
30 79 80.555
30 75 72.11
30 82 59.841
30 54 22.509
30 87 25.541
30 95 77.511
30 81 76.158
30 33 67.895
30 45 93.734
30 93 37.005
30 86 80.57
30 83 98.573
30 43 20.842
30 35 24.382
30 98 10.724
30 94 4.877
30 36 1.225
30 96 42.185
30 44 47.554
30 47 38.463
30 59 1.777
30 97 36.773
30 55 99.943
31 58 49.473
31 34 38.648
31 81 62.927
31 33 81.199
31 76 41.51
31 84 92.172
31 95 61.151
31 82 38.096
31 36 5.075
31 54 92.644
31 47 86.242
31 38 89.958
31 80 49.428
31 90 44.329
31 67 58.849
31 88 88.62
31 99 86.779
31 50 5.872
31 83 90.303
31 44 66.508
31 87 28.449
31 42 93.638
31 94 16.623
31 51 31.441
31 41 63.194
31 52 7.171
31 92 17.148
31 32 25.304
31 65 44.438
31 97 18.085
31 98 52.146
31 75 44.307
31 70 75.784
32 40 66.593
32 79 72.907
32 97 21.638
32 75 68.895
32 92 37.617
32 35 77.262
32 39 54.252
32 72 38.336
32 43 47.724
32 93 28.957
32 34 81.205
32 55 50.672
32 62 23.872
32 66 79.387
32 74 71.06
32 87 0.201
32 48 86.666
32 89 52.593
32 64 85.862
32 51 57.55
32 36 90.306
32 57 4.004
32 82 61.208
32 44 30.998
32 33 86.193
32 50 34.237
32 53 66.802
32 94 46.19
32 83 47.04
32 68 42.796
32 69 43.037
32 70 97.104
32 60 14.031
32 38 60.292
32 88 62.786
33 92 71.417
33 45 39.166
33 69 31.804
33 72 61.035
33 84 15.966
33 97 11.089
33 88 7.707
33 91 79.77
33 85 62.791
33 36 32.427
33 34 68.788
33 64 83.911
33 89 92.622
33 57 57.856
33 93 49.204
33 94 49.122
33 48 78.113
33 86 23.731
33 75 20.688
33 59 80.101
33 70 24.332
33 98 95.562
33 78 96.906
33 77 94.996
33 68 26.192
33 42 70.877
34 53 99.718
34 55 69.434
34 88 44.123
34 65 43.852
34 80 92.468
34 40 62.264
34 60 96.276
34 42 89.762
34 50 47.811
34 83 76.517
34 99 61.886
34 86 70.848
34 54 31.155
34 56 46.023
34 71 10.191
34 79 77.267
34 57 8.802
34 46 84.866
34 66 61.903
34 68 31.357
34 91 60.463
34 77 3.917
34 97 7.859
34 69 61.626
34 67 37.383
34 51 80.38
34 58 85.3
34 62 18.291
34 49 50.828
34 52 79.485
34 35 37.379
34 41 20.701
34 85 54.286
34 39 67.706
34 45 56.966
34 81 57.249
34 90 67.174
35 66 53.124
35 91 34.977
35 80 23.598
35 68 78.407
35 43 56.179
35 99 66.213
35 71 58.433
35 74 38.808
35 61 63.257
35 77 92.462
35 84 40.223
35 87 22.821
35 90 78.325
35 93 34.975
35 48 32.016
35 37 8.554
35 55 43.436
35 60 47.556
35 44 50.865
35 64 64.956
35 36 8.872
35 89 52.122
35 83 5.324
35 76 95.067
35 49 31.155
35 42 35.142
35 82 94.068
35 40 24.858
35 39 35.486
35 94 26.936
35 47 51.27
35 67 53.25
35 53 71.045
36 72 91.659
36 48 80.956
36 58 75.611
36 57 17.802
36 73 80.121
36 89 17.251
36 47 4.843
36 93 54.802
36 50 95.424
36 45 68.55
36 53 34.544
36 88 66.54
36 67 18.837
36 69 83.326
36 37 18.943
36 91 3.686
36 40 99.998
36 55 21.389
36 78 47.966
36 92 78.283
36 96 60.474
36 41 29.024
36 44 20.518
36 52 24.403
36 95 71.958
36 85 36.796
36 83 30.078
36 80 29.304
36 87 59.65
36 75 16.055
36 98 41.619
36 43 71.982
36 65 36.765
37 47 52.314
37 95 78.229
37 75 98.94
37 58 15.021
37 92 4.787
37 83 64.895
37 48 58.535
37 49 73.232
37 52 53.73
37 63 43.258
37 39 41.321
37 78 51.314
37 85 58.812
37 44 84.509
37 43 38.256
37 73 34.103
37 59 20.795
37 68 38.565
37 66 91.321
37 98 33.613
37 45 1.014
37 56 0.719
37 84 49.671
37 81 80.771
37 93 58.503
37 46 85.145
37 90 65.725
38 50 45.202
38 94 53.26
38 69 67.639
38 60 0.402
38 41 90.74
38 91 0.504
38 75 99.536
38 62 99.019
38 92 37.456
38 65 97.458
38 79 13.717
38 56 89.482
38 82 5.582
38 46 16.339
38 70 75.191
38 81 82.716
38 77 72.02
38 99 6.709
38 80 33.048
38 86 4.032
38 52 3.892
38 48 9.617
38 49 95.42
38 74 99.437
38 54 10.561
38 88 84.444
38 90 81.165
38 93 48.27
38 64 35.185
38 58 10.719
38 57 96.733
38 66 8.267
38 72 52.346
38 55 51.187
39 62 70.041
39 91 3.212
39 67 40.922
39 74 50.194
39 51 28.835
39 60 30.435
39 41 64.939
39 65 56.904
39 84 56.48
39 93 84.686
39 88 46.084
39 69 35.796
39 66 4.934
39 82 97.694
39 97 84.052
39 87 32.759
39 99 36.946
39 72 68.604
39 45 47.422
39 42 53.429
39 89 46.841
39 80 36.883
39 43 7.547
39 47 35.264
39 48 40.124
39 56 90.584
39 40 46.243
39 86 45.619
39 61 67.004
39 95 19.625
39 53 44.777
39 98 12.945
39 52 38.045
39 64 54.427
39 59 63.33
40 86 19.177
40 85 77.966
40 98 68.553
40 94 37.777
40 90 82.015
40 44 10.086
40 91 90.763
40 83 17.238
40 92 81.941
40 51 66.55
40 41 72.271
40 43 42.267
40 84 55.272
40 97 73.336
40 81 12.374
40 49 73.602
40 54 12.364
40 60 36.921
40 52 41.624
40 58 18.165
40 72 7.318
40 77 65.53
40 48 14.927
40 74 50.597
40 59 21.441
40 57 31.689
40 96 44.056
41 56 4.879
41 43 47.101
41 67 81.512
41 65 10.407
41 55 75.99
41 71 87.087
41 64 78.531
41 92 56.084
41 75 93.645
41 89 67.811
41 61 71.906
41 66 82.997
41 98 43.789
41 62 75.9
41 58 66.394
41 51 48.363
41 81 66.733
41 95 91.768
41 50 96.268
41 79 40.56
41 57 72.61
41 93 6.472
41 84 45.731
41 83 92.37
41 74 46.263
41 59 43.323
41 94 13.365
41 49 53.883
41 78 47.868
41 47 77.53
42 51 25.087
42 75 66.765
42 93 15.311
42 60 59.82
42 67 37.985
42 55 71.075
42 83 16.139
42 74 35.881
42 47 0.05
42 72 21.882
42 71 36.391
42 82 83.556
42 57 77.666
42 44 12.702
42 89 86.669
42 63 53.54
42 50 7.566
42 85 34.234
42 64 39.494
42 80 18.65
42 62 27.465
42 48 26.004
42 45 81.861
42 68 1.703
42 79 35.349
42 84 33.555
42 53 37.683
42 94 11.831
43 73 7.179
43 65 54.886
43 78 88.231
43 83 84.924
43 72 48.952
43 91 23.047
43 97 82.733
43 75 45.708
43 88 61.159
43 66 42.006
43 90 93.471
43 60 97.115
43 92 38.109
43 84 70.459
43 74 61.696
43 68 30.455
43 96 14.239
43 82 67.609
43 64 59.996
43 50 4.144
43 87 26.069
43 94 91.535
43 85 44.404
43 99 83.873
43 67 64.997
43 93 52.514
43 46 12.625
43 58 74.272
43 77 95.602
44 84 73.665
44 82 99.849
44 52 36.255
44 61 57.257
44 45 15.555
44 94 14.975
44 80 9.219
44 75 24.205
44 85 5.353
44 46 4.682
44 77 25.067
44 88 46.669
44 92 46.555
44 73 29.326
44 47 70.507
44 87 83.486
44 68 57.983
44 90 80.645
44 98 79.845
44 64 9.021
44 57 28.439
44 74 27.949
44 79 79.574
44 56 81.321
44 48 69.127
44 50 19.462
44 91 48.404
44 59 37.37
44 93 42.582
44 63 53.952
44 69 42.865
44 86 71.547
44 83 61.147
44 99 1.208
44 58 98.738
45 77 76.798
45 61 70.58
45 67 73.869
45 84 94.194
45 64 46.337
45 75 80.037
45 98 19.097
45 69 14.067
45 49 90.597
45 78 71.719
45 62 36.476
45 92 83.365
45 79 24.892
45 72 32.697
45 66 98.738
45 54 99.268
45 76 73.051
45 81 55.137
45 51 97.646
45 86 48.082
45 97 67.683
45 53 35.463
45 68 98.091
45 89 60.777
45 99 2.627
45 88 62.514
45 74 48.635
46 54 3.785
46 67 51.808
46 87 87.725
46 74 61.899
46 49 64.395
46 84 45.882
46 66 82.581
46 97 34.352
46 69 96.705
46 59 71.8
46 55 88.653
46 76 68.96
46 75 11.056
46 57 96.986
46 81 78.919
46 80 49.031
46 73 68.31
46 52 53.698
46 85 77.176
46 68 42.835
46 50 66.557
46 65 98.626
46 62 80.359
46 86 46.189
47 71 52.504
47 88 34.723
47 68 91.263
47 92 50.017
47 69 99.637
47 97 69.363
47 87 29.845
47 67 70.787
47 48 0.281
47 73 8.644
47 98 9.861
47 81 75.814
47 65 9.322
47 77 91.844
47 56 91.069
47 55 39.863
47 78 56.261
47 60 19.828
47 75 71.795
47 61 16.953
47 74 28.63
47 94 73.142
47 96 73.723
48 57 30.884
48 82 47.213
48 63 86.478
48 69 35.89
48 90 47.371
48 59 43.459
48 85 46.484
48 78 31.346
48 91 32.886
48 54 62.357
48 72 93.031
48 62 14.49
48 80 93.525
48 87 40.068
48 60 13.799
48 74 40.848
48 53 15.29
48 75 50.857
48 52 49.701
48 67 64.936
48 49 35.391
48 56 69.526
48 88 45.231
49 53 59.895
49 83 99.893
49 87 77.113
49 89 26.599
49 82 60.516
49 96 40.325
49 91 92.009
49 73 56.933
49 64 33.358
49 77 0.945
49 61 1.917
49 76 41.872
49 99 48.516
49 79 13.804
49 92 39.471
49 52 65.044
49 65 91.572
49 93 21.799
49 54 77.304
50 73 61.155
50 80 11.33
50 99 35.009
50 55 61.62
50 72 38.555
50 87 17.611
50 98 81.14
50 52 22.013
50 67 46.067
50 81 79.374
50 65 6.233
50 76 57.801
50 97 34.641
50 53 23.191
50 57 20.051
50 66 83.963
50 85 43.032
50 78 13.601
50 91 74.117
50 69 43.26
50 61 4.882
50 83 42.315
50 79 9.466
50 71 20.034
50 96 43.142
50 93 53.739
50 82 46.72
50 88 6.225
50 51 35.808
50 68 95.602
51 97 56.088
51 68 4.836
51 91 28.571
51 77 16.502
51 94 88.589
51 63 22.914
51 75 80.416
51 76 28.149
51 69 44.177
51 52 7.718
51 53 23.124
51 67 30.299
51 96 92.285
51 56 71.308
51 90 65.978
51 57 15.304
51 85 87.58
51 78 60.922
51 59 34.314
51 80 39.835
51 61 56.236
51 71 55.935
51 70 14.565
51 93 42.323
51 72 25.431
52 89 80.389
52 93 73.417
52 79 32.55
52 70 13.804
52 86 36.847
52 57 59.829
52 76 15.981
52 95 70.336
52 81 87.595
52 53 90.768
52 83 0.281
52 60 78.094
52 59 22.456
52 68 83.579
52 62 90.474
52 56 44.015
52 54 88.808
52 67 61.521
52 73 81.479
53 81 1.661
53 74 35.342
53 76 98.549
53 78 0.131
53 75 77.075
53 65 62.893
53 93 23.123
53 83 9.249
53 62 70.333
53 90 33.637
53 69 19.415
53 80 60.175
53 79 21.375
53 68 53.984
53 59 85.166
53 56 47.366
53 91 10.306
53 92 74.257
53 72 86.784
53 88 2.366
53 82 73.034
53 67 90.977
54 91 39.044
54 57 75.005
54 58 37.751
54 68 6.486
54 88 36.111
54 90 70.137
54 85 57.702
54 67 33.72
54 81 66.15
54 99 17.39
54 74 2.227
54 79 66.848
54 93 82.242
54 60 94.788
54 97 0.063
54 86 45.462
54 95 39.25
54 63 68.083
55 78 21.213
55 69 34.565
55 93 87.726
55 90 37.018
55 59 9.525
55 76 76.727
55 91 16.436
55 74 55.549
55 72 16.931
55 60 17.673
55 70 51.102
55 86 10.808
55 64 49.679
55 66 44.375
55 82 77.136
55 88 20.424
55 89 11.81
55 75 49.201
55 97 27.194
55 83 36.292
55 95 77.273
55 94 71.384
55 79 5.327
56 95 80.576
56 71 72.757
56 74 55.048
56 84 46.832
56 88 34.505
56 69 12.695
56 58 42.299
56 91 65.785
56 87 8.531
56 70 82.959
56 98 85.3
56 79 69.638
56 61 92.114
56 80 42.281
56 96 12.493
56 63 17.926
56 73 74.071
56 89 81.301
56 83 2.943
56 94 13.096
56 75 36.836
56 66 60.353
56 64 48.554
56 65 77.635
56 57 31.817
56 99 1.882
57 58 86.479
57 65 39.914
57 60 55.579
57 93 34.737
57 81 20.16
57 94 81.682
57 84 80.826
57 69 14.207
57 63 23.511
57 78 0.49
57 72 1.407
57 89 53.383
57 68 88.759
57 73 87.416
57 74 92.597
57 62 27.58
57 61 99.006
57 92 25.072
57 79 95.633
57 70 51.534
57 86 68.499
57 64 45.448
58 72 53.002
58 88 14.521
58 91 51.668
58 96 13.223
58 84 93.936
58 68 85.62
58 63 51.787
58 69 33.708
58 75 92.169
58 59 35.124
58 92 21.174
58 61 4.838
58 90 49.248
58 76 24.313
59 73 39.424
59 65 66.54
59 63 56.575
59 60 53.412
59 62 46.815
59 78 75.807
59 88 25.963
59 85 75.922
59 77 4.258
59 90 89.456
59 95 95.533
59 92 49.972
59 69 56.212
59 75 68.805
59 70 32.977
59 86 14.565
59 93 66.007
59 89 20.464
59 82 18.242
59 68 49.221
60 71 6.727
60 76 68.166
60 61 44.443
60 81 30.905
60 94 26.501
60 72 8.101
60 99 37.963
60 77 57.628
60 86 3.477
60 98 47.956
60 96 34.842
60 69 89.995
60 97 61.113
60 88 83.337
60 83 71.723
60 87 90.593
60 91 39.777
60 92 61.798
60 93 38.835
60 85 14.898
60 68 27.752
61 85 41.693
61 95 32.07
61 98 43.691
61 94 46.184
61 77 43.162
61 71 32.776
61 67 43.373
61 68 10.99
61 66 15.361
61 63 66.206
61 72 82.401
61 74 44.75
61 96 21.093
61 92 20.339
61 81 12.835
61 89 40.598
61 91 51.604
61 62 69.908
61 65 29.162
61 97 37.678
61 83 72.256
61 84 80.71
62 65 35.37
62 75 68.663
62 83 81.871
62 81 39.731
62 93 43.745
62 99 38.216
62 92 92.107
62 89 67.663
62 97 76.726
62 88 30.833
62 90 94.808
62 72 61.951
62 67 71.158
62 73 58.856
62 95 8.341
62 64 45.196
62 84 66.347
62 94 10.581
62 70 85.843
63 70 72.692
63 78 93.17
63 75 94.362
63 81 5.808
63 82 97.73
63 95 53.325
63 90 81.605
63 92 33.766
63 89 69.021
63 68 45.525
63 85 26.202
63 80 68.864
63 77 13.2
63 93 7.871
63 86 82.566
63 98 25.762
63 65 15.853
64 73 22.754
64 86 57.174
64 85 89.758
64 89 67.421
64 82 80.357
64 88 68.739
64 91 31.122
64 90 12.011
64 69 73.038
64 74 59.62
64 77 31.729
64 81 53.711
64 97 15.252
65 78 98.724
65 71 17.158
65 68 96.555
65 98 47.375
65 66 9.701
65 75 57.758
65 88 81.351
65 67 64.63
65 73 60.363
65 74 17.092
65 94 73.343
65 92 12.979
65 69 52.527
65 84 61.013
65 91 2.176
65 82 53.414
65 80 45.388
65 76 58.196
65 86 70.732
66 70 40.712
66 85 16.922
66 71 70.072
66 75 96.701
66 74 57.958
66 82 12.38
66 93 2.421
66 77 67.796
66 86 36.402
66 90 8.17
66 73 76.595
66 89 27.222
66 81 66.137
67 74 38.007
67 73 20.248
67 81 49.913
67 88 42.508
67 80 60.564
67 97 84.914
67 83 46.391
67 78 20.588
67 69 1.207
67 85 40.501
67 89 83.547
67 72 93.772
67 86 0.887
67 87 81.181
67 93 62.662
67 94 50.463
67 95 15.446
67 99 23.079
67 70 37.759
68 81 15.883
68 82 85.589
68 69 55.946
68 86 22.387
68 78 85.376
68 72 55.13
68 89 65.878
68 97 49.566
68 83 42.803
68 87 93.06
68 71 21.255
68 90 71.282
68 96 78.528
68 88 57.581
68 76 20.018
68 94 34.7
68 77 6.281
68 73 66.217
68 70 45.282
68 75 39.622
69 73 30.906
69 82 5.842
69 79 53.01
69 92 65.187
69 88 62.559
69 93 83.554
69 95 6.652
69 77 93.36
69 91 65.07
69 99 8.594
69 83 18.032
69 86 58.482
69 74 31.012
69 81 92.343
69 72 81.907
69 89 6.837
69 97 0.318
69 96 40.605
69 71 35.126
69 70 31.024
70 71 12.48
70 95 30.267
70 94 69.973
70 75 0.55
70 99 42.696
70 84 70.069
70 93 28.299
70 78 61.993
70 80 61.016
70 76 11.6
70 98 63.94
70 79 59.749
70 86 16.235
70 74 6.582
70 81 48.56
70 89 21.277
70 96 0.15
71 96 45.312
71 98 79.796
71 91 58.782
71 78 39.522
71 76 68.608
71 94 27.622
71 90 81.387
71 77 54.34
71 86 81.225
72 81 7.6
72 79 87.146
72 78 20.404
72 95 13.678
72 87 15.793
72 83 25.089
72 74 76.204
72 94 45.777
72 90 5.244
72 96 78.619
72 89 45.794
72 97 64.519
72 73 49.63
72 93 15.845
72 91 3.035
73 99 76.395
73 97 58.644
73 93 17.083
73 80 69.071
73 76 22.869
73 74 78.512
73 85 74.02
73 78 72.727
73 95 65.458
73 91 52.674
73 94 48.567
73 98 35.749
73 81 63.865
73 90 24.755
73 82 8.323
74 78 49.134
74 94 50.452
74 87 92.635
74 99 63.64
74 85 38.946
74 82 68.084
74 75 91.379
74 98 25.326
74 95 88.46
74 90 10.358
74 77 74.51
74 91 67.473
74 76 97.032
74 93 34.255
75 84 69.87
75 94 15.659
75 99 88.904
75 76 60.847
75 81 51.154
75 98 46.575
75 78 12.162
75 95 20.389
75 82 20.246
75 87 35.134
75 79 22.151
75 83 29.644
75 92 14.178
75 96 14.608
76 81 27.573
76 99 47.501
76 91 24.296
76 83 35.449
76 98 68.958
76 86 58.47
76 96 23.342
76 84 62.34
76 85 14.963
76 89 11.774
77 93 28.453
77 98 52.645
77 90 41.854
77 96 85.806
77 83 91.612
77 99 91.386
77 84 48.718
77 82 32.047
77 79 50.431
77 87 8.815
77 97 36.236
77 94 54.721
77 91 88.271
77 86 34.152
78 92 97.498
78 83 76.233
78 96 82.959
78 94 54.834
78 99 87.929
78 84 62.16
78 86 20.17
78 87 7.086
78 85 19.278
78 89 47.424
78 79 93.848
79 94 79.387
79 82 61.085
79 86 85.702
79 80 45.448
79 93 41.275
79 91 95.394
80 91 13.521
80 83 42.859
80 92 95.573
80 97 23.574
80 96 36.807
80 89 3.351
80 98 57.84
80 81 96.442
81 92 52.069
81 99 6.229
81 91 62.911
81 86 12.412
81 88 14.983
81 90 27.464
82 89 81.447
82 92 94.817
82 85 93.393
82 97 44.513
82 96 12.355
82 99 13.022
82 90 0.568
82 87 5.278
82 98 81.949
83 88 33.729
83 89 70.709
83 84 27.413
83 90 81.182
83 87 77.7
83 91 6.834
83 99 81.473
83 96 16.599
83 95 36.472
83 92 69.625
83 98 27.603
83 85 97.42
84 90 39.275
84 94 71.837
84 89 59.786
84 97 12.723
84 96 71.408
84 88 6.256
84 85 83.648
84 86 50.62
85 91 32.485
85 93 77.703
85 92 35.756
85 87 68.271
85 98 49.434
85 89 51.425
85 99 99.013
86 90 27.626
86 92 27.31
86 93 90.925
86 98 29.761
86 87 73.029
86 94 92.27
86 91 14.709
87 98 35.526
87 96 28.434
87 88 43.141
87 93 79.147
87 97 21.191
87 90 1.664
87 91 80.867
87 94 12.767
88 91 90.913
88 98 52.26
88 89 14.887
88 92 33.814
88 96 65.963
89 92 3.423
89 93 58.458
89 95 96.873
90 95 66.912
90 99 41.168
90 94 23.93
90 96 1.443
90 97 4.468
90 91 15.7
91 99 34.539
91 92 85.732
91 94 89.843
91 95 60.355
91 97 79.064
91 93 39.366
92 95 6.986
92 99 47.026
92 97 99.536
93 95 99.842
93 96 28.674
93 98 75.563
93 94 67.372
94 96 85.342
94 97 28.324
94 95 9.387
94 98 96.402
95 97 79.036
95 98 0.393
96 99 27.476
97 98 30.442