100
0 1 3.365
0 36 9.443
0 44 13.135
0 45 15.962
0 46 10.24
0 47 12.315
0 48 13.073
0 49 13.643
0 50 12.43
0 51 14.243
0 52 13.461
0 53 12.964
0 54 13.481
0 55 14.444
0 56 8.941
0 57 9.203
0 58 13.15
0 59 10.095
0 60 14.166
0 61 12.355
0 62 10.466
0 63 13.795
0 64 14.336
0 65 9.531
0 66 13.012
0 67 12.237
0 68 9.546
0 69 13.617
0 70 12.671
0 71 12.615
0 72 10.898
0 73 11.535
0 74 11.103
0 75 10.187
0 76 13.683
0 77 15.589
0 78 11.708
0 79 8.903
0 80 10.849
0 81 14.864
1 44 11.109
1 82 10.883
1 83 10.548
1 84 11.41
1 85 9.902
1 86 13.578
1 87 15.658
1 88 10.619
1 89 10.265
1 90 11.232
1 91 9.743
1 92 9.974
1 93 12.887
1 94 14.52
1 95 9.114
1 96 6.163
1 97 11.688
1 98 11.411
1 99 18.407
2 25 4.226
2 15 9.585
2 45 10.75
2 82 11.698
3 24 6.605
3 36 8.437
3 4 7.277
3 46 10.273
3 83 11.899
4 41 9.596
4 43 8.223
4 47 12.705
4 84 12.407
5 22 4.316
5 26 7.971
5 48 16.471
6 13 8.838
6 15 10.029
6 35 4.652
6 49 11.259
6 85 11.322
7 43 6.345
7 50 13.309
8 34 8.891
8 18 8.109
8 12 5.268
8 51 12.982
8 86 10.288
9 30 9.614
9 42 7.191
9 52 14.251
9 87 12.09
10 39 6.952
10 40 4.802
10 18 6.92
10 53 8.963
10 88 11.727
11 38 6.089
11 20 8.253
11 54 10.56
11 89 13.056
12 27 7.911
12 90 9.154
13 55 12.157
13 91 9.508
14 35 4.912
14 56 16.056
14 92 10.485
15 57 12.103
16 31 6.46
16 23 4.778
16 58 14.023
16 93 12.301
17 21 5.931
17 20 9.767
17 43 11.214
17 59 15.213
17 94 10.788
18 19 5.196
18 60 11.697
19 37 7.672
19 61 11.515
19 95 8.382
20 62 10.523
20 96 11.647
21 63 14.641
21 97 12.411
22 64 11.31
23 42 3.783
23 65 12.187
23 98 12.974
24 66 9.733
25 67 12.445
25 99 10.89
26 35 7.687
26 36 5.242
27 29 8.651
28 33 8.433
28 32 7.343
28 68 9.104
29 38 7.216
29 69 13.991
30 70 10.698
31 71 11.711
32 42 6.201
32 72 10.305
33 73 16.292
34 74 13.108
35 75 10.806
36 76 12.24
38 77 14.55
39 78 13.023
40 42 6.339
40 79 12.406
41 80 13.888
42 81 12.334