95
56 61 84.54
6 37 20.75
9 94 66.63
15 71 12.97
30 42 53.18
51 57 23.31
65 93 54.11
0 42 50.08
58 79 12.54
19 56 66.92
17 19 4.37
10 55 74.49
23 25 65.83
68 69 42.99
73 92 69.38
14 51 33.06
77 83 29.42
31 36 0.88
21 74 42.22
32 73 33.6
2 50 23.81
1 46 39.62
2 49 78.37
30 39 60.14
14 90 62.3
13 27 48.26
16 87 16.77
5 24 25.7
7 82 50.92
57 92 30.33
39 50 76.41
60 88 5.72
47 85 28.56
54 75 22.18
29 88 20.8
1 36 57.31
44 65 96.39
55 76 47.19
61 77 31.0
15 50 63.35
50 54 34.62
12 33 47.76
32 81 36.14
6 8 63.19
5 84 35.9
6 16 53.24
22 59 4.66
71 79 94.03
34 47 10.96
1 74 18.83
2 18 11.99
47 76 16.59
4 16 72.86
11 72 89.15
9 42 15.9
37 79 76.15
13 54 43.92
34 79 55.93
67 90 2.57
15 93 75.8
5 29 30.3
60 89 95.29
0 80 29.1
15 58 64.53
24 64 65.96
21 42 95.71
73 75 46.03
32 90 7.9
14 18 42.72
7 74 97.48
6 42 5.73
43 63 66.12
55 89 14.65
35 54 23.32
88 90 10.74
46 94 4.35
56 73 85.9
32 71 1.18
0 11 99.63
0 50 51.02
25 90 54.65
13 73 82.38
39 64 1.27
61 73 36.38
36 41 30.01
5 58 6.16
30 34 86.07
2 47 92.6
68 94 97.7
11 78 6.04
27 85 51.75
4 63 32.21
2 71 51.9
73 79 25.56
25 49 15.43
20 31 91.11
18 92 24.02
7 61 12.44
13 56 82.47
23 72 84.65
1 16 60.01
33 70 77.22
66 87 85.63
66 74 97.86
65 92 45.65
0 24 43.07
30 59 50.39
74 84 12.69
48 63 47.68
29 45 14.22
45 72 29.77
24 81 72.17
8 35 15.69
13 51 45.94
54 71 30.13
27 76 18.52
26 49 40.89
2 83 9.01
23 29 97.43
33 54 86.6
30 51 49.9
88 92 82.3
35 90 23.33
4 53 62.88
67 85 43.51
47 52 29.46
39 62 46.25
31 75 61.15
48 57 43.96
62 82 99.38
28 52 43.94
51 68 33.7
47 51 92.15
34 90 24.17
2 82 29.03
69 76 37.93
26 45 13.62
47 92 23.63
18 55 52.25
65 68 82.1
40 73 63.88
39 65 13.35
56 67 36.19
32 53 73.33
33 42 20.58
10 28 28.27
20 61 83.98
22 26 57.43
3 67 30.74
8 46 64.04
14 37 58.97
28 39 97.1
53 74 80.21
53 67 70.75
27 82 71.62
34 35 62.62
16 60 42.09
4 24 96.84
61 86 79.04
54 85 59.09
54 60 68.0
77 80 76.68
66 86 50.85
5 52 61.48
55 84 5.47
26 75 63.01
3 65 62.43
27 79 93.46
56 72 92.66
58 74 7.74
33 83 7.14
36 76 27.0
3 90 22.88
7 33 77.74
20 67 63.74
26 85 62.62
0 10 56.58
38 88 54.38
11 90 49.73
74 80 16.28
26 74 8.45
3 61 4.02
32 86 71.48
11 94 98.9
57 78 87.03
66 94 85.27
64 91 15.43
33 71 74.79
17 90 70.87
57 61 82.09
0 49 37.72
9 48 25.08
26 92 73.76
8 41 1.05
25 66 41.12
70 75 73.82
37 69 27.08
21 76 98.34
32 38 92.78
47 59 80.59
29 50 6.2
39 43 4.41
29 32 53.06
80 92 10.58
7 51 89.41
15 66 53.9
74 94 56.23
10 13 52.7
21 27 66.65
39 59 89.16
41 58 18.56
45 82 74.99
38 73 84.76
36 61 68.08
27 93 68.93
85 93 71.3
55 64 55.12
12 60 46.2
4 75 52.06
19 33 19.9
38 60 87.41
52 64 88.58
46 85 96.92
8 93 57.09
0 41 99.54
46 52 96.67
22 75 63.16
7 89 32.8
53 76 11.7
8 64 58.21
30 86 90.43
17 62 28.45
4 89 67.26
17 33 42.28
4 64 95.28
66 91 30.47
71 86 94.22
68 92 54.07
7 21 40.08
47 73 72.75
25 42 98.16
34 74 58.08
11 76 81.11
4 66 60.72
13 67 37.84
20 83 75.2
8 67 17.31
6 79 1.75
40 41 32.22
46 48 98.96
62 80 40.77
22 25 39.34
7 47 63.99
73 86 14.54
53 56 12.71
24 78 97.14
32 70 61.06
27 77 56.76
7 71 11.82
70 81 3.64
46 70 81.55
29 56 55.81
53 66 70.75
42 63 20.13
71 80 84.51
7 94 95.74
25 53 4.6
19 44 40.14
5 62 54.38
19 54 40.3
34 83 73.07
40 88 79.91
74 76 24.12
15 64 70.85
2 27 81.24
34 59 83.32
51 91 32.96
0 84 74.49
3 46 85.71
28 67 46.25
40 59 65.27
6 69 19.31
9 11 56.69
20 66 27.69
40 48 43.71
19 64 57.22
13 31 95.09
35 50 35.93
59 80 1.67
19 84 79.42
82 89 19.15
8 94 44.89
5 82 90.18
6 54 69.01
37 72 29.33
45 64 0.24
77 87 5.37
23 69 12.59
64 66 1.94
13 62 0.47
60 86 86.57
1 94 83.75
48 52 42.48
19 25 4.17
31 71 40.98
28 46 14.5
37 51 48.74
28 47 16.76
24 62 9.99
42 87 56.79
63 94 73.22
34 63 64.16
26 34 81.48
40 45 24.9
34 82 33.6
35 49 38.7
25 37 92.35
36 75 3.54
14 23 13.43
46 72 64.59
8 36 45.8
16 32 21.5
6 91 12.84
24 48 21.21
37 91 41.76
50 60 40.16
0 57 94.2
31 43 6.42
0 38 68.26
13 59 78.56
18 69 53.2
11 15 47.42
21 64 35.44
27 88 40.38
15 76 90.4
37 65 38.49
41 81 32.53
38 92 30.79
4 38 43.26
27 90 98.29
15 37 90.29
2 5 72.48
46 59 70.77
73 94 98.31
22 83 41.04
56 84 91.53
4 56 44.32
53 85 27.99
72 91 34.76
13 93 94.87
3 14 22.59
7 87 47.59
6 35 63.64
42 84 79.62
19 61 1.47
8 68 69.14
49 71 87.39
49 54 92.82
15 53 94.56
77 92 16.9
8 33 91.1
14 45 28.74
36 51 33.18
50 58 23.48
4 91 74.64
13 66 1.34
85 89 46.71
13 70 2.67
38 61 65.88
85 87 69.3
29 38 78.39
15 84 71.67
35 75 11.56
44 91 40.76
16 82 29.69
35 91 42.45
14 34 78.32
75 77 68.26
23 32 96.19
57 76 18.16
7 86 36.84
3 35 76.43
10 70 94.98
41 83 31.54
38 48 59.03
17 83 79.2
20 77 48.18
8 84 8.04
23 66 87.34
35 64 15.29
49 63 26.65
62 89 65.43
42 60 98.14
17 85 49.64
64 83 32.82
42 43 26.32
24 77 39.93
13 57 9.1
31 67 32.26
68 71 57.17
21 71 16.75
34 44 70.66
47 55 64.83
50 93 15.3
20 50 77.79
11 62 16.01
23 76 23.32
68 84 24.86
18 53 43.81
52 56 92.81
57 86 30.39
72 73 35.29
28 48 46.12
56 93 42.69
21 86 60.82
5 11 5.97
47 78 91.29
2 37 53.88
3 34 2.21
76 87 99.55
49 85 72.77
29 36 41.29
15 69 9.23
12 56 30.49
16 23 3.01
10 39 58.09
12 36 81.76
43 65 2.67
17 82 54.09
17 42 92.44
11 79 51.78
29 59 19.47
52 78 57.93
68 85 59.24
43 78 0.46
76 79 57.2
61 70 77.18
4 32 89.92
5 49 70.86
80 93 70.57
66 68 75.86
20 43 5.02
25 54 43.01
61 88 86.91
61 65 20.5
33 73 5.51
1 90 12.07
16 25 77.45
1 63 97.4
6 46 1.64
2 23 79.26
1 20 81.75
3 82 65.68
16 53 89.81
26 70 5.63
4 14 98.6
78 94 67.12
72 85 42.81
5 20 13.26
13 53 95.09
23 46 18.63
16 90 14.92
10 69 21.57
10 15 48.91
89 91 55.28
0 88 11.05
37 64 4.28
20 37 42.1
60 91 79.96
72 94 45.94
26 29 11.47
17 27 35.9
10 79 21.7
15 30 85.38
21 62 23.98
11 53 13.7
25 67 64.94
33 47 82.82
4 73 10.02
58 82 79.0
3 44 87.59
3 20 65.74
17 69 71.15
77 84 28.98
16 40 5.44
21 83 75.25
18 62 24.39
73 82 5.16
30 84 44.77
18 91 91.92
10 32 4.06
14 26 31.23
50 55 10.39
32 54 69.31
39 94 66.74
3 51 28.07
22 56 90.82
32 39 27.46
26 67 2.83
22 37 76.6
6 86 9.83
59 71 77.15
2 81 69.73
51 54 48.18
21 92 28.17
48 68 33.31
8 91 28.28
32 92 27.46
29 62 58.99
9 62 13.75
64 84 98.52
8 83 61.43
15 67 77.59
24 45 73.42
54 91 83.56
37 73 60.74
18 56 70.55
66 84 67.6
82 86 29.99
11 84 77.35
14 58 68.76
52 66 31.04
38 72 18.36
44 93 58.94
64 75 46.32
2 35 14.09
34 42 99.77
37 44 0.97
27 34 87.22
4 86 15.97
1 25 31.79
44 45 44.94
48 56 6.64
9 78 81.94
66 90 2.99
33 38 24.13
24 90 12.96
59 83 82.41
57 82 32.21
1 73 37.67
4 31 45.2
19 91 86.78
23 75 86.58
28 84 99.86
32 64 92.52
30 57 47.85
13 26 86.17
15 31 33.89
38 87 55.15
54 80 66.2
36 43 51.9
12 38 12.12
14 15 33.36
31 41 64.15
40 85 11.12
31 34 51.02
63 83 33.0
32 80 23.13
1 55 60.05
44 54 86.05
53 62 96.81
47 80 27.28
27 33 13.71
66 92 59.78
27 78 99.19
58 75 23.38
79 88 95.25
32 41 66.9
40 79 47.89
77 88 70.16
46 61 4.96
60 94 76.19
11 23 4.26
71 94 91.97
7 73 35.79
4 45 22.87
11 46 30.3
39 74 54.09
20 91 3.02
27 71 47.21
5 7 94.89
28 68 95.18
58 92 54.11
12 48 38.07
5 72 81.6
42 82 94.08
1 79 66.09
4 43 56.35
35 36 81.67
63 89 26.77
28 79 15.87
9 90 61.61
13 33 58.21
22 73 35.91
22 36 0.16
33 35 71.16
50 87 32.36
8 51 74.39
76 85 15.85
40 46 0.78
23 73 41.54
26 65 84.41
58 68 61.21
6 89 32.54
59 64 77.68
42 64 12.14
26 84 41.5
52 71 54.5
11 86 62.06
24 31 13.44
61 69 48.51
25 73 2.29
16 31 20.25
54 94 64.0
34 56 93.38
11 25 84.4
68 89 77.21
26 58 98.44
80 88 68.48
42 83 85.47
49 61 84.02
2 94 61.65
50 67 76.64
6 55 52.9
47 66 53.41
36 55 82.7
8 42 91.18
65 71 47.36
37 70 80.4
33 69 21.64
18 45 93.03
73 90 95.57
70 83 70.01
10 75 4.9
21 89 10.22
25 44 15.88
0 46 23.27
24 86 46.28
34 41 24.87
4 42 94.13
76 94 39.78
54 90 71.07
41 59 60.35
63 67 2.82
29 83 37.36
44 72 55.85
11 68 64.94
1 23 3.2
6 87 42.05
7 35 51.53
21 40 64.36
34 75 21.51
27 62 27.04
1 2 98.51
56 71 42.22
12 72 85.0
16 64 37.75
12 54 55.15
61 82 21.4
36 92 6.53
85 91 96.22
0 43 34.45
48 88 90.74
8 81 22.84
66 70 41.94
15 23 80.25
68 90 46.63
25 85 26.32
30 66 45.27
26 83 58.94
24 49 11.03
86 90 38.91
29 33 54.54
32 82 39.93
23 67 90.96
15 59 44.27
67 73 24.38
2 13 59.28
26 52 7.03
2 78 46.78
85 90 5.89
16 69 66.65
36 85 94.22
11 71 7.1
57 74 78.96
8 48 94.39
0 34 2.93
13 40 76.85
29 34 55.97
22 93 40.44
61 85 26.72
69 83 60.4
30 75 0.97
16 56 53.59
20 47 31.79
7 55 59.99
49 60 84.35
32 60 74.45
49 72 27.36
56 87 14.25
41 92 34.67
1 78 14.37
57 80 64.1
37 86 93.24
36 60 32.87
29 54 69.42
14 48 75.14
61 93 83.9
20 76 84.61
20 92 64.4
6 17 97.65
29 64 73.84
2 43 12.99
45 59 43.99
12 79 55.65
19 85 72.95
7 69 77.83
8 62 5.78
7 26 60.59
1 68 69.56
8 11 62.9
19 90 96.13
28 78 85.2
27 40 91.39
16 30 73.42
6 85 26.57
0 70 99.13
15 85 82.67
4 15 56.42
92 94 94.55
30 50 35.44
63 71 93.1
14 55 82.09
63 85 24.25
50 80 69.85
38 93 35.31
83 86 58.81
46 91 15.61
25 61 88.02
18 34 45.68
16 72 27.08
21 61 81.79
5 18 16.75
4 70 74.63
6 50 70.0
1 89 30.12
27 30 49.92
43 88 98.38
46 89 58.34
82 92 46.69
9 37 41.58
34 73 79.51
10 21 18.06
79 83 29.61
7 83 52.22
12 19 48.2
27 29 5.08
9 53 69.89
16 93 24.17
2 16 45.31
6 21 29.13
0 64 56.79
32 77 2.42
36 40 3.97
53 58 88.96
1 56 34.01
42 91 59.11
4 26 11.35
2 73 83.01
31 70 98.9
21 56 42.82
4 40 2.93
2 59 76.49
39 58 69.15
10 86 77.3
13 36 5.21
10 84 15.88
42 94 8.03
41 73 30.64
83 94 31.72
25 32 62.1
23 24 9.03
5 71 12.81
44 48 80.67
3 10 79.36
25 48 84.83
53 63 15.82
26 35 27.37
9 12 99.05
62 67 1.92
50 83 80.25
30 36 55.93
52 93 61.83
14 77 2.59
16 28 83.94
43 70 86.93
39 89 48.05
46 65 30.59
59 88 56.04
7 17 52.89
77 90 83.94
22 85 33.89
4 13 15.56
38 44 87.36
44 76 73.29
56 65 21.57
32 87 93.34
60 80 22.7
58 64 56.04
28 31 63.74
18 58 66.57
50 75 44.3
33 66 81.23
23 78 79.2
14 19 25.11
34 48 43.91
4 33 75.54
4 35 91.04
62 72 85.94
11 40 29.74
50 89 95.08
47 79 94.23
61 76 22.59
45 58 16.5
41 61 83.79
17 40 62.93
33 52 14.74
2 60 46.02
41 74 87.64
50 56 28.05
33 58 34.3
1 48 1.92
23 37 12.3
21 66 65.39
33 63 45.06
1 62 77.96
7 13 95.84
14 68 39.84
23 82 7.21
34 53 19.38
2 32 36.98
14 65 85.55
23 59 95.64
47 62 81.76
12 55 70.35
21 31 58.61
8 88 7.55
6 47 10.23
12 57 17.3
51 63 36.62
32 62 86.41
10 25 30.32
43 47 54.37
61 79 98.16
9 71 2.12
11 70 45.9
17 60 82.87
80 91 77.59
72 88 53.17
65 82 5.76
31 53 55.82
5 87 1.77
39 79 0.58
10 47 27.28
4 90 6.45
2 8 84.99
31 42 84.72
3 62 96.07
33 41 13.55
1 72 19.67
7 80 85.81
4 25 6.64
62 63 37.53
43 83 48.65
5 83 3.52
39 63 7.73
42 66 88.67
4 18 22.82
12 16 65.91
78 81 36.87
34 71 17.43
55 69 89.79
0 83 32.83
50 81 71.3
43 73 77.89
4 72 5.86
55 72 36.46
18 94 98.96
22 51 77.04
10 60 23.95
34 51 37.12
40 63 99.96
28 72 4.55
25 87 47.2
39 55 74.67
11 63 76.01
1 80 54.5
24 28 72.69
9 61 26.56
63 66 19.02
2 57 67.4
62 92 61.57
15 29 84.84
23 91 80.01
15 78 5.4
6 31 74.45
62 83 40.65
33 94 49.3
8 23 69.12
37 68 39.2
54 79 16.04
63 84 66.43
82 94 10.05
2 79 93.89
14 92 32.74
0 65 80.84
62 87 35.99
44 49 61.66
68 88 82.68
5 6 55.73
78 90 51.96
47 65 13.3
22 94 93.02
12 26 81.06
11 85 68.28
16 89 15.47
7 60 77.09
58 85 19.67
36 77 99.61
45 63 82.97
61 78 79.72
16 61 18.02
40 47 93.44
38 46 0.37
22 57 59.22
6 63 38.65
70 79 9.38
64 81 62.64
74 91 86.68
41 76 61.27
44 52 38.91
23 40 65.08
20 28 78.75
43 77 14.94
24 47 73.52
71 84 15.18
66 83 22.91
20 88 58.45
15 42 70.43
10 76 86.88
68 78 3.74
31 62 79.83
3 57 24.59
6 7 97.99
62 70 86.72
10 93 29.9
40 91 8.84
20 69 65.42
29 82 47.9
17 20 16.36
4 81 79.09
61 74 92.6
76 81 97.65
88 94 10.66
54 64 16.06
11 50 58.52
6 93 88.13
49 53 76.46
4 39 26.45
64 69 78.79
42 70 70.12
16 85 69.93
2 12 15.7
57 91 40.43
28 35 97.29
70 88 71.86
8 82 20.55
37 46 25.57
0 54 80.74
8 14 73.01
44 63 77.6
46 53 30.22
18 26 3.82
8 86 87.7
11 92 16.48
12 59 82.36
55 80 28.9
18 49 9.54
43 57 68.46
16 52 46.25
40 64 50.6
9 15 24.99
27 51 95.94
20 38 37.8
16 36 54.48
76 83 73.23
39 54 11.03
3 78 94.53
16 66 54.15
42 55 32.14
36 93 61.87
40 42 37.27
36 74 69.08
16 86 89.48
72 78 45.91
59 87 77.51
69 92 64.36
40 84 96.37
5 94 25.36
41 75 14.05
3 17 21.12
4 12 26.52
31 65 29.02
20 48 58.23
48 59 98.58
4 50 51.37
16 43 85.91
23 56 96.13
5 79 98.93
24 75 83.69
78 89 64.13
5 67 90.57
51 80 0.39
20 30 51.09
40 61 60.7
4 65 55.18
9 44 4.18
67 78 17.18
45 83 49.72
59 67 21.97
35 89 48.5
75 93 68.48
11 22 13.75
93 94 26.48
31 78 47.64
24 69 65.06
22 68 14.85
4 55 71.58
18 52 69.67
35 61 9.24
14 32 88.48
8 31 21.42
64 93 72.19
33 59 10.98
41 89 51.71
10 62 80.7
2 11 38.93
8 22 80.44
85 94 7.92
26 71 28.59
81 88 21.6
23 79 4.07
30 54 82.85
20 89 18.08
54 83 22.25
34 36 12.87
1 87 2.39
9 65 35.88
74 83 88.83
63 76 1.61
4 49 56.29
29 89 99.26
52 76 1.15
2 92 66.46
29 49 74.21
45 61 75.71
22 47 92.27
32 43 56.11
22 89 58.53
5 86 87.92
90 92 24.61
33 61 23.05
34 62 66.62
3 16 3.82
18 40 53.7
13 48 39.88
63 70 76.69
18 88 9.18
32 75 2.38
87 90 3.1
32 59 59.56
15 79 58.8
7 65 12.63
14 28 35.48
16 33 97.34
31 90 47.45
16 59 98.39
60 79 58.55
67 83 56.0
44 82 16.26
7 66 19.34
3 24 22.95
18 74 63.77
68 83 75.27
14 21 46.75
25 39 46.4
31 77 80.96
15 18 44.78
0 27 41.93
6 83 86.65
48 65 20.04
42 45 69.82
31 88 41.58
15 90 25.97
71 93 14.53
7 16 47.94
10 34 27.36
22 39 87.09
17 72 84.86
56 85 67.51
11 51 73.73
34 61 9.11
39 53 0.29
73 83 10.5
53 64 82.37
0 78 67.44
50 91 54.33
82 85 21.65
56 90 10.76
27 65 26.64
1 5 52.08
68 86 68.9
6 94 57.82
16 67 87.49
6 78 26.7
17 70 64.13
11 27 62.98
13 82 89.34
10 45 6.76
32 79 6.28
28 51 49.43
41 64 73.14
46 73 35.94
23 86 5.72
22 92 2.08
26 37 68.12
0 73 6.74
7 78 16.29
42 50 57.69
38 65 85.78
75 94 8.01
59 90 34.79
27 68 35.26
8 58 36.26
8 25 18.1
86 93 46.64
64 86 96.72
64 68 37.07
71 92 98.48
26 69 92.86
23 47 63.12
60 73 90.57
1 12 22.62
6 75 53.65
36 48 70.55
2 75 12.59
16 38 7.44
31 94 33.29
20 71 21.33
18 43 30.34
12 87 99.35
21 91 39.42
53 91 63.77
11 18 10.79
29 57 24.75
34 94 70.15
18 39 15.41
58 91 25.08
31 93 10.0
9 30 29.47
22 29 46.85
14 63 5.14
32 84 53.91
43 58 91.98
14 70 66.88
35 80 74.49
49 68 26.35
21 60 85.88
28 77 40.69
17 28 96.34
13 79 77.26
4 80 12.14
28 56 38.69
37 56 76.05
17 32 10.1
56 78 41.8
25 89 16.31
32 35 80.82
5 75 19.14
10 74 46.29
80 83 11.6
12 22 3.16
27 49 14.04
15 94 74.97
36 86 37.64
10 88 77.56
65 78 76.37
14 76 98.38
44 68 32.94
31 81 24.6
12 24 59.99
60 67 39.22
0 35 50.16
13 58 96.25
0 13 52.53
6 77 7.86
27 57 92.0
24 70 33.6
44 80 18.17
67 80 35.15
10 26 49.63
2 76 84.11
7 8 93.65
14 78 99.82
15 35 51.37
42 58 79.24
6 26 65.97
61 62 73.09
70 76 96.98
62 79 52.31
38 81 76.48
45 87 38.1
24 43 6.4
26 28 15.16
47 89 39.97
77 85 68.88
14 52 12.61
69 73 60.46
19 29 88.54
24 59 40.87
9 93 39.84
30 60 12.67
0 82 63.02
21 55 68.71
0 48 21.3
52 75 61.15
19 93 53.62
13 71 49.75
14 41 28.62
37 53 11.8
34 50 67.5
10 82 33.11
29 74 44.68
1 52 45.55
3 22 39.07
7 90 53.11
30 93 3.75
14 94 16.29
22 88 60.57
2 52 66.15
19 86 71.04
23 58 65.06
45 51 89.56
25 69 77.08
61 75 82.88
11 61 86.59
90 94 81.9
52 73 19.44
3 49 37.56
2 44 21.51
29 55 16.98
54 66 48.69
14 29 45.27
30 68 96.62
1 65 91.44
26 56 18.74
31 52 42.73
58 69 80.21
9 54 30.59
15 41 94.27
29 42 28.5
20 27 46.29
55 68 79.4
7 32 12.51
16 29 64.38
1 60 76.55
12 86 23.94
43 86 60.73
19 60 86.48
10 22 78.08
16 68 37.15
0 89 84.38
67 71 49.98
29 30 34.26
43 69 85.53
23 30 16.7
10 72 70.4
48 80 99.91
22 60 91.29
8 34 7.78
14 43 47.87
38 71 58.08
31 80 93.73
13 78 6.89
72 80 75.55
55 78 94.64
19 59 27.56
37 85 57.79
31 58 94.4
40 56 28.57
76 78 79.13
47 90 86.13
28 74 84.3
67 77 80.95
32 88 89.78
19 22 37.37
56 92 30.71
3 18 23.54
36 71 33.86
77 79 24.8
44 46 38.26
39 67 41.86
10 73 9.6
20 44 60.13
17 49 52.53
47 74 69.21
27 94 53.83
47 61 74.13
24 88 60.4
0 90 50.84
39 92 77.25
32 33 72.72
26 51 97.39
43 62 14.2
29 66 56.71
28 65 41.19
77 81 80.22
55 77 13.0
59 76 8.99
0 31 58.64
33 84 56.57
39 83 64.82
38 68 32.99
48 53 72.52
24 61 3.9
6 14 91.36
19 89 89.48
14 47 52.15
39 80 47.13
8 53 99.96
7 50 30.16
26 94 56.59
38 85 83.67
14 33 82.12
81 82 99.85
66 93 91.91
71 83 12.33
33 40 43.52
23 31 94.96
62 64 72.69
21 85 16.12
14 82 27.45
4 29 15.68
12 40 10.38
3 43 87.47
67 91 0.68
68 76 10.73
26 30 70.87
7 45 91.6
48 91 56.29
16 42 37.21
1 40 50.98
53 90 14.29
41 67 35.46
55 87 79.12
15 61 14.65
4 9 99.8
27 50 39.82
25 91 30.39
6 18 77.86
20 36 72.52
17 93 59.3
14 61 44.24
2 67 30.16
57 89 38.48
18 20 54.29
44 94 65.73
29 86 4.14
45 62 94.53
22 86 39.53
23 41 75.08
1 22 24.66
10 38 67.67
38 89 88.06
9 79 63.54
38 80 38.51
23 45 59.28
37 49 31.84
20 59 36.23
1 45 97.02
27 37 25.14
70 85 93.22
20 65 27.93
20 63 71.69
30 43 44.37
30 45 98.92
70 71 42.13
35 82 2.23
3 23 25.55
29 43 59.4
30 58 5.11
29 73 99.88
89 93 80.04
30 87 80.78
13 17 31.36
43 71 16.1
28 87 43.23
26 62 6.73
49 69 46.35
21 24 10.75
28 50 26.36
3 91 99.68
66 89 75.86
28 60 89.19
39 44 76.01
60 70 46.33
41 70 22.19
35 57 55.2
41 56 10.17
38 79 63.51
12 69 17.59
34 78 34.6
35 87 99.89
28 57 0.78
10 63 6.06
27 73 13.41
64 76 36.87
26 82 7.87
73 84 50.66
58 81 35.2
1 83 78.99
21 43 36.81
17 24 9.78
37 52 48.95
42 79 44.46
16 49 41.3
77 89 23.99
10 42 17.97
45 55 57.22
9 80 74.11
42 78 85.26
58 93 16.75
67 88 61.13
59 77 83.68
0 72 99.39
19 80 82.77
34 60 54.74
50 74 32.04
15 82 2.42
66 67 23.17
30 70 33.67
5 25 33.75
31 48 53.89
59 78 76.31
35 53 31.52
14 60 44.39
15 62 17.43
21 77 11.74
14 75 98.17
20 39 47.56
71 76 39.79
42 49 47.89
8 28 78.46
11 42 87.18
40 62 65.75
6 81 73.99
79 89 31.64
46 56 84.69
21 48 2.96
7 52 37.98
24 40 40.3
24 65 81.12
6 43 18.02
55 90 81.31
15 48 64.81
56 86 52.5
5 44 83.65
11 64 43.42
59 89 22.15
28 80 45.75
0 33 86.79
15 43 17.95
15 19 42.14
16 47 88.62
49 92 94.66
44 50 51.72
51 88 96.58
10 57 88.14
5 38 30.31
54 74 70.39
43 68 27.97
6 52 61.56
41 62 88.89
58 80 97.57
23 83 36.73
62 76 61.7
11 38 7.96
35 55 59.23
10 85 21.53
56 68 37.84