100
0 1 1.0
0 2 3.0
0 4 5.0
0 5 50.0
1 4 5.0
5 6 2.0
5 7 2.0
5 8 2.0
6 7 2.0
6 8 2.0
7 8 2.0
4 9 20.0
9 10 15.0
10 25 1.0
10 12 8.0
11 12 8.0
11 8 1.0
12 13 5.0
13 14 5.0
14 15 10.0
15 7 5.0
15 16 5.0
16 18 2.0
17 18 2.0
18 19 9.0
19 20 3.0
20 21 1.0
18 21 10.0
2 18 5.0
21 22 10.0
22 23 2.0
22 24 2.0
23 14 2.0
24 14 2.0
3 20 4.0
20 25 3.0
25 26 1.0
25 27 3.0
25 28 5.0
25 29 50.0
26 28 5.0
29 30 2.0
29 31 2.0
29 32 2.0
30 31 2.0
30 32 2.0
31 32 2.0
28 33 20.0
33 34 2.0
33 35 1.0
34 49 1.0
34 36 2.0
35 36 3.0
35 32 1.0
36 37 44.0
37 38 5.0
38 39 10.0
39 7 5.0
39 40 5.0
40 42 2.0
41 42 2.0
42 43 9.0
19 44 3.0
44 45 1.0
42 45 10.0
43 42 5.0
45 49 10.0
46 47 2.0
46 48 2.0
47 38 2.0
24 38 2.0
34 42 4.0
27 70 4.0
50 51 1.0
50 52 53.0
50 54 55.0
50 55 70.0
51 54 55.0
55 56 2.0
55 57 2.0
55 58 2.0
56 57 2.0
56 58 2.0
57 58 2.0
54 59 70.0
59 60 65.0
60 75 1.0
60 62 58.0
61 62 58.0
61 58 1.0
62 63 55.0
63 64 55.0
64 65 60.0
65 57 55.0
65 66 55.0
66 68 2.0
67 68 2.0
68 69 59.0
69 70 53.0
70 71 1.0
68 71 60.0
2 68 55.0
71 72 60.0
72 73 2.0
72 74 2.0
73 64 2.0
74 64 2.0
53 70 54.0
71 79 46.0
75 76 1.0
75 77 53.0
75 78 55.0
75 79 70.0
76 78 55.0
79 80 2.0
79 81 2.0
79 82 2.0
80 81 2.0
80 82 2.0
81 82 2.0
78 83 70.0
83 84 2.0
83 85 1.0
84 99 1.0
84 86 2.0
85 86 53.0
85 82 1.0
86 87 12.0
87 88 55.0
88 89 60.0
89 57 55.0
89 90 55.0
90 92 2.0
91 92 2.0
92 93 59.0
69 94 53.0
94 95 1.0
92 95 60.0
93 92 55.0
95 99 60.0
96 97 2.0
96 98 2.0
97 88 2.0
74 88 2.0
84 92 54.0
1 98 4.0
23 39 79.0
20 63 70.0
24 87 78.0
69 84 78.0