100
0 1 1.0
1 2 1.0
2 3 1.0
3 4 1.0
4 0 1.0
5 0 1.0
6 5 1.0
7 6 1.0
7 1 1.0
8 7 1.0
9 8 1.0
9 2 1.0
10 9 1.0
11 10 1.0
11 3 1.0
12 11 1.0
13 12 1.0
13 4 1.0
14 13 1.0
14 5 1.0
15 14 1.0
16 15 1.0
17 16 1.0
17 12 1.0
18 17 1.0
19 18 1.0
19 10 1.0
20 19 1.0
21 20 1.0
21 8 1.0
22 21 1.0
23 22 1.0
23 6 1.0
24 23 1.0
24 15 1.0
26 25 2.0
27 26 2.0
28 27 2.0
29 28 2.0
29 25 2.0
30 25 2.0
31 30 2.0
32 31 2.0
32 26 2.0
33 32 2.0
34 33 2.0
34 27 2.0
35 34 2.0
36 35 2.0
36 28 2.0
37 36 2.0
38 37 2.0
38 29 2.0
39 38 2.0
39 30 2.0
40 39 2.0
41 40 2.0
42 41 2.0
42 37 2.0
43 42 2.0
44 43 2.0
44 35 2.0
45 44 2.0
46 45 2.0
46 33 2.0
47 46 2.0
48 47 2.0
48 31 2.0
49 48 2.0
49 18 2.0
51 50 1.0
52 51 1.0
53 52 1.0
54 53 1.0
54 50 1.0
55 50 1.0
56 55 1.0
57 56 1.0
57 51 1.0
58 57 1.0
59 58 1.0
59 52 1.0
60 59 1.0
61 60 1.0
61 53 1.0
62 61 1.0
63 62 1.0
63 54 1.0
64 63 1.0
64 55 1.0
65 64 1.0
66 65 1.0
67 66 1.0
67 62 1.0
68 67 1.0
69 68 1.0
69 60 1.0
70 69 1.0
71 70 1.0
71 58 1.0
72 71 1.0
73 72 1.0
73 56 1.0
74 73 1.0
74 40 1.0
76 75 2.0
77 76 2.0
78 77 2.0
79 78 2.0
79 75 2.0
80 75 2.0
81 80 2.0
82 81 2.0
82 76 2.0
83 82 2.0
84 83 2.0
84 77 2.0
85 84 2.0
86 85 2.0
86 78 2.0
87 86 2.0
88 87 2.0
88 79 2.0
89 88 2.0
89 80 2.0
90 89 2.0
91 90 2.0
92 91 2.0
92 87 2.0
93 92 2.0
94 93 2.0
94 85 2.0
95 94 2.0
96 95 2.0
96 83 2.0
97 96 2.0
98 97 2.0
98 81 2.0
99 98 2.0
99 65 2.0
