100
58 34 44.701
59 72 96.296
12 90 62.579
82 6 90.234
21 99 68.416
20 34 67.603
46 61 78.199
88 80 76.708
45 1 73.645
99 1 73.431
32 95 79.354
47 58 80.022
16 18 96.004
54 93 15.857
49 70 64.99
76 3 50.054
90 11 87.046
24 40 86.369
97 54 44.739
11 11 93.415
24 25 91.622
59 43 9.431
40 46 1.402
57 18 69.746
66 67 26.702
32 75 97.139
6 87 8.446
65 5 43.538
4 33 71.348
73 20 52.285
44 65 66.919
23 85 44.996
46 29 6.206
48 91 8.657
68 64 57.876
39 50 94.768
71 99 8.461
52 44 64.78
53 20 62.658
16 31 77.603
76 16 85.231
95 17 48.394
81 54 42.708
48 19 51.626
96 97 80.331
1 93 87.558
10 87 41.234
92 17 1.067
2 99 90.716
84 6 81.901
19 62 47.615
23 55 28.885
98 92 96.578
19 78 80.981
69 6 33.744
72 62 85.032
92 77 42.399
77 74 93.997
93 80 19.126
17 75 22.968
84 53 3.862
28 12 45.399
88 60 57.267
36 87 39.672
11 4 36.147
4 21 57.799
49 94 58.066
77 47 28.045
67 92 6.17
97 93 80.129
58 47 41.493
85 79 52.706
18 54 14.599
74 65 15.089
37 20 97.814
45 87 57.78
50 2 38.696
6 95 2.751
24 10 28.558
53 1 71.6
18 97 56.262
84 87 13.924
12 77 83.127
45 15 20.92
2 14 25.285
30 39 59.752
6 76 26.39
2 58 73.621
10 33 66.864
37 0 39.125
46 46 4.733
35 19 95.828
80 92 31.128
93 84 2.281
77 84 12.492
52 17 29.153
37 77 93.272
27 72 14.62
39 55 70.956
65 19 5.269
81 14 58.897
52 11 37.714
14 92 57.597
48 33 18.611
52 5 46.771
6 49 20.558
0 97 99.247
38 20 38.481
55 84 69.332
60 2 74.284
19 7 31.491
36 0 97.524
99 58 45.41
81 8 30.321
4 43 1.678
24 39 96.553
90 69 78.922
78 19 23.643
86 39 29.111
97 89 60.155
83 65 32.052
83 26 24.841
88 53 91.124
99 54 18.178
1 66 60.965
83 60 60.367
19 31 19.014
35 33 29.884
20 44 43.923
63 34 50.68
95 41 83.764
68 28 50.114
90 46 15.963
25 86 70.011
6 21 42.506
64 49 14.99
44 35 58.165
98 28 45.254
4 36 0.788
46 69 6.452
48 5 10.826
69 36 32.47
48 2 71.471
47 78 17.278
12 7 94.347
75 59 18.162
67 39 66.86
51 26 4.717
70 87 67.591
30 78 85.889
95 52 10.829
93 88 82.517
51 24 48.567
26 85 0.233
81 55 1.829
26 32 75.379
10 19 98.658
68 2 87.665
8 28 30.146
30 54 17.385
75 90 42.88
48 83 18.996
11 77 54.139
21 23 20.378
73 32 77.08
40 1 18.353
13 45 71.396
41 52 83.855
5 59 87.85
10 45 21.061
3 84 22.071
18 88 81.987
12 96 33.188
44 28 52.343
18 30 67.188
34 32 66.561
8 8 64.019
60 46 2.632
80 12 51.57
92 29 76.82
65 65 16.255
88 52 9.463
6 41 71.915
24 27 16.54
90 39 59.212
13 46 4.288
58 49 45.253
96 97 39.822
46 98 27.903
54 33 50.828
13 65 51.202
21 94 37.686
52 53 47.907
54 34 70.433
97 56 5.994
87 48 4.946
80 78 72.651
56 8 66.501
1 4 36.717
67 75 3.592
78 65 58.671
65 73 85.193
45 45 56.009
37 12 57.508
64 74 26.555
27 31 6.907
11 39 3.278
4 17 84.021
9 29 26.772
21 87 85.494
12 85 24.614
92 64 78.812
44 13 42.563
66 95 65.202
65 90 37.344
74 14 27.815
65 35 12.841
27 92 22.728
24 37 33.92
20 61 73.399
63 54 43.957
18 54 92.814
27 41 53.49
93 37 72.379
33 9 20.562
34 93 50.619
14 44 22.042
68 77 90.984
13 3 7.297
83 68 81.227
79 2 29.919
99 57 53.342
86 89 63.508
24 28 36.446
84 89 33.828
29 5 43.274
60 4 23.957
12 20 15.901
22 67 6.838
19 67 64.111
4 29 6.848
84 74 23.148
60 37 72.068
95 44 16.692
13 83 60.595
84 98 81.188
1 2 3.24
18 45 45.962
90 27 57.682
56 23 78.478
70 37 51.47
14 33 60.007
80 44 21.509
6 3 45.508
69 6 89.327
39 53 36.237
27 48 23.124
44 98 96.457
36 51 67.148
49 47 57.503
32 21 40.793
4 20 40.14
97 39 8.185
56 22 86.931
34 49 45.637
50 15 56.847
96 57 48.97
38 96 62.138
80 93 42.815
39 77 5.372
54 25 94.183
93 18 46.022
46 45 56.967
11 75 46.747
57 62 81.49
23 48 19.98
56 37 97.593
66 91 70.514
93 95 43.724
0 73 7.647
84 42 58.809
49 83 83.159
6 69 65.187
78 10 16.337
0 91 79.349
26 55 50.561
8 51 61.791
94 50 64.22
45 14 84.269
46 99 58.801
40 57 17.339
34 48 44.732
79 68 50.11
29 66 40.832
89 87 95.051
15 33 60.17
77 81 51.35
74 48 58.602
55 40 79.957
18 7 68.377
37 31 79.081
31 44 11.327
30 90 80.414
89 34 7.109
34 51 16.735
92 83 25.57
93 25 92.677
40 67 31.89
17 58 91.384
16 33 70.883
91 2 68.139
61 51 99.055
7 54 64.464
51 63 54.981
49 78 94.545
70 7 12.941
2 73 17.859
73 55 91.049
45 34 22.616
53 46 79.108
99 72 5.808
98 42 49.747
94 11 45.148
88 70 39.123
16 66 62.401
86 36 29.317
93 50 51.797
29 85 80.52
35 67 28.116
31 92 89.875
90 49 88.496
70 76 66.474
42 4 22.359
8 82 5.172
29 88 4.007
82 96 93.161
93 47 47.776
26 14 95.954
81 71 74.162
15 12 47.2
72 84 56.328
9 98 73.404
33 93 4.573
22 65 25.059
69 50 19.245
29 17 35.258
14 98 21.205
41 95 57.228
91 41 77.329
65 68 74.737
78 69 0.741
40 88 10.623
56 16 33.888
57 97 28.651
96 84 37.659
59 7 60.25
91 42 12.76
66 54 26.335
27 38 39.723
48 7 47.618
1 84 36.02
77 11 30.631
1 19 3.355
25 82 55.254
61 69 46.718
20 40 38.78
43 30 49.335
53 67 3.084
59 85 21.499
97 72 54.773
70 6 96.658
57 90 99.946
83 28 66.597
86 25 80.928
28 5 46.5
50 9 71.559
0 28 61.055
21 14 95.08
50 8 59.036
60 92 65.299
83 81 14.923
49 91 13.589
4 54 53.264
18 83 37.343
4 95 52.45
85 7 49.365
84 53 96.604
5 1 23.022
61 68 74.467
51 47 18.723
18 62 89.478
34 89 84.009
54 83 64.221
66 44 63.038
88 81 53.872
48 67 20.227
7 25 8.045
62 55 99.018
57 75 79.315
25 97 15.443
62 62 72.988
74 5 26.289
3 46 53.748
92 63 29.319
87 34 79.709
71 68 67.326
0 85 91.221
14 17 57.058
41 61 87.219
76 75 22.887
36 15 41.305
78 12 45.158
95 13 80.14
56 2 32.893
47 53 6.945
63 70 73.788
0 81 34.648
49 27 22.406
90 63 86.203
48 71 8.627
46 83 2.927
79 56 28.182
54 73 14.648
49 44 42.523
39 91 28.156
31 8 19.089
50 32 55.959
34 39 78.495
85 97 19.625
56 90 39.175
93 29 3.554
5 13 77.945
64 81 68.693
2 84 34.277
16 67 71.638
81 85 7.0
61 23 21.915
81 82 66.624
91 60 59.39
41 68 18.889
53 48 52.241
14 63 82.783
69 47 15.203
33 77 57.816
20 47 8.684
39 0 47.846
44 59 8.268
6 82 24.428
44 69 37.099
80 71 95.712
93 80 68.137
79 94 12.379
80 24 96.806
57 50 94.028
20 67 40.456
91 91 22.909
29 42 12.279
58 96 58.165
78 61 32.847
59 88 85.459
74 23 66.039
24 36 15.59
39 94 45.135
46 60 57.382
39 29 37.176
7 71 99.4
28 82 16.793
11 25 39.075
38 84 95.234
2 16 30.589
51 84 35.891
90 13 88.835
33 10 86.347
72 99 65.285
61 77 69.419
23 16 39.674
48 74 13.017
28 11 90.33
16 60 61.762
95 91 44.889
30 40 2.465
12 72 70.391
66 15 58.089
29 2 79.666
94 11 9.49
9 10 31.695
39 1 66.175
82 9 35.608
31 18 82.576
76 50 75.179
91 56 56.959
96 83 24.085
40 85 42.839
96 32 52.234
67 12 56.259
7 51 97.908
30 61 74.914
90 90 16.873
47 78 9.054
91 34 82.511