100
0 41 20.003
0 70 81.53
0 47 59.009
0 43 85.147
0 44 44.159
0 42 73.381
0 37 11.959
0 87 76.07
0 60 60.561
0 72 85.769
0 20 69.208
0 13 59.77
0 12 48.561
0 93 37.319
0 96 75.116
0 11 99.834
0 86 36.519
0 83 51.519
0 23 19.464
0 5 11.973
0 39 90.26
0 45 56.127
0 88 39.151
0 84 9.553
0 40 77.601
0 67 11.284
0 62 46.46
0 35 36.139
0 16 94.046
0 51 39.408
0 59 12.309
0 18 88.285
0 32 80.364
0 50 65.944
0 21 58.526
0 55 72.002
1 58 89.622
1 89 98.3
1 40 50.024
1 50 68.582
1 52 14.155
1 17 50.895
1 36 28.159
1 80 87.492
1 93 5.916
1 28 37.936
1 85 55.36
1 41 97.653
1 25 8.365
1 72 69.595
1 44 27.269
1 76 55.947
1 92 85.974
1 5 60.787
1 30 1.552
1 63 85.795
1 2 69.517
1 67 75.178
1 19 5.57
1 38 2.94
1 48 33.952
1 60 18.415
1 14 30.623
1 71 68.383
1 33 88.197
1 55 14.437
1 74 98.906
1 16 25.425
1 26 64.818
1 91 45.065
1 27 43.604
1 57 16.92
1 43 3.141
1 84 27.148
2 57 41.37
2 15 25.443
2 35 42.789
2 68 13.73
2 65 30.628
2 99 40.449
2 60 66.156
2 52 77.401
2 66 41.942
2 42 47.358
2 8 55.411
2 3 24.608
2 38 75.547
2 6 35.126
2 27 72.61
2 39 97.173
2 47 71.215
2 74 71.836
2 30 85.513
2 76 50.569
2 70 32.387
2 61 21.252
2 7 41.747
2 59 87.703
2 73 41.858
2 4 44.25
2 84 92.535
2 21 39.082
2 49 85.524
2 51 64.457
2 13 92.278
2 91 22.331
2 23 12.586
2 36 52.386
2 25 65.118
2 78 20.47
2 83 99.811
2 89 42.76
3 71 55.96
3 48 27.58
3 12 36.036
3 64 42.463
3 58 62.091
3 44 4.777
3 21 39.052
3 63 80.572
3 28 51.792
3 23 29.323
3 5 93.623
3 80 67.568
3 49 93.402
3 46 93.874
3 50 88.273
3 74 89.648
3 73 42.786
3 81 15.349
3 85 20.999
3 8 69.282
3 61 50.311
3 14 84.603
3 41 31.45
3 52 35.528
3 10 76.503
3 86 64.824
3 15 51.923
3 33 66.169
3 62 45.035
3 79 67.583
3 56 24.846
3 47 53.992
3 13 64.635
3 55 35.69
3 42 1.559
3 51 87.397
3 53 38.947
3 88 24.56
3 18 7.368
3 96 29.633
3 83 39.775
3 36 14.979
3 27 50.415
4 62 43.154
4 17 14.052
4 47 94.925
4 7 80.852
4 18 77.429
4 5 17.915
4 88 89.163
4 40 71.86
4 90 58.653
4 87 45.536
4 69 16.683
4 33 90.783
4 75 69.818
4 82 6.84
4 79 50.703
4 35 7.9
4 53 77.139
4 13 90.575
4 16 1.438
4 78 31.63
4 44 29.156
4 71 50.462
4 38 75.732
4 42 18.38
4 85 39.885
4 54 82.011
4 84 39.292
4 66 71.609
4 28 9.76
4 65 90.872
4 24 96.937
4 74 84.485
4 15 12.41
4 12 23.809
4 64 46.357
4 26 33.283
4 50 35.966
5 91 60.733
5 36 3.276
5 53 29.406
5 87 60.111
5 81 36.458
5 58 21.749
5 23 32.138
5 56 98.294
5 55 30.775
5 98 57.935
5 31 24.728
5 65 8.583
5 64 12.148
5 42 86.093
5 95 84.174
5 17 24.189
5 49 20.803
5 9 13.388
5 13 33.339
5 16 28.119
5 43 18.469
5 50 16.798
5 57 54.714
5 86 56.005
5 7 31.736
5 26 92.347
5 52 85.857
5 38 44.798
5 69 47.428
5 72 95.902
5 68 9.945
5 15 63.847
5 74 67.361
5 39 29.579
5 10 85.095
5 71 68.632
5 67 8.197
5 6 93.062
5 25 4.768
5 63 84.868
5 94 24.846
5 30 12.449
6 89 47.91
6 67 4.449
6 68 65.258
6 73 43.011
6 51 6.782
6 31 43.339
6 66 15.179
6 49 47.82
6 62 34.419
6 11 69.018
6 84 30.672
6 43 9.582
6 42 39.946
6 53 76.955
6 18 44.254
6 61 59.274
6 15 9.674
6 69 61.21
6 86 21.908
6 46 58.706
6 79 68.167
6 23 11.967
6 47 12.104
6 7 34.323
6 10 91.275
6 28 35.634
6 82 88.251
6 83 49.772
6 33 95.568
6 60 48.439
6 38 66.655
6 65 12.768
6 17 7.897
7 79 71.487
7 74 40.01
7 89 42.551
7 41 50.292
7 95 83.496
7 94 68.21
7 48 66.034
7 64 42.615
7 51 53.529
7 98 16.549
7 50 96.7
7 69 0.431
7 46 75.668
7 10 50.903
7 27 46.704
7 92 71.254
7 34 91.059
7 77 53.529
7 54 15.082
7 85 75.714
7 76 80.201
7 15 64.794
7 56 67.911
7 72 54.506
7 59 94.477
7 44 43.147
7 88 38.609
7 82 60.818
7 78 8.521
7 35 14.34
7 37 91.449
7 19 45.726
7 91 68.144
7 81 44.175
7 65 3.628
7 96 22.667
7 13 83.076
7 8 16.16
7 84 64.709
7 75 62.394
7 73 26.856
8 51 3.344
8 69 1.635
8 64 4.991
8 92 38.666
8 94 73.169
8 27 16.644
8 41 17.249
8 22 90.006
8 39 5.733
8 79 56.206
8 36 29.069
8 53 40.335
8 23 79.204
8 63 77.453
8 72 87.432
8 58 52.588
8 31 73.94
8 15 2.134
8 29 98.855
8 59 92.459
8 45 35.427
8 47 74.68
8 12 15.087
8 55 45.217
8 25 98.354
8 50 30.025
8 14 80.563
8 90 28.67
8 82 82.121
8 44 40.846
8 97 12.679
9 99 87.252
9 52 67.937
9 57 70.266
9 88 32.993
9 22 49.138
9 81 15.39
9 65 57.854
9 50 42.275
9 63 25.323
9 98 36.894
9 59 84.125
9 55 90.602
9 42 1.774
9 26 59.028
9 16 58.716
9 43 46.146
9 25 68.465
9 76 96.086
9 72 24.222
9 12 42.371
9 74 9.214
9 23 24.482
9 10 50.044
9 92 11.6
9 62 2.741
9 66 31.48
9 31 1.679
9 30 5.854
9 34 11.262
9 68 65.856
9 11 26.317
9 37 30.478
9 53 82.075
9 47 80.881
9 51 95.246
9 45 29.39
10 53 56.075
10 61 17.347
10 58 81.457
10 39 20.094
10 19 23.172
10 14 87.579
10 27 51.403
10 21 98.221
10 96 87.075
10 88 29.733
10 29 91.936
10 69 59.122
10 31 47.129
10 89 67.931
10 42 59.421
10 71 13.538
10 16 91.662
10 20 46.061
10 23 51.097
10 38 44.989
10 25 16.692
10 90 65.983
10 76 94.389
10 94 16.554
10 13 11.375
10 41 41.274
10 52 63.062
10 82 58.85
10 97 93.335
10 64 66.599
10 60 45.753
10 30 96.145
10 12 38.669
10 47 30.809
10 93 64.029
10 75 80.594
11 94 12.366
11 65 68.503
11 98 12.495
11 41 33.964
11 72 64.999
11 78 1.93
11 48 62.975
11 85 85.071
11 95 50.495
11 51 3.159
11 83 12.649
11 19 77.069
11 35 85.176
11 62 52.783
11 82 86.211
11 60 71.453
11 32 57.039
11 27 47.067
11 71 22.972
11 23 69.305
11 59 46.499
11 29 87.806
11 25 34.51
11 89 41.401
11 70 36.737
11 57 73.445
11 18 87.968
11 47 68.082
11 67 84.184
12 70 91.406
12 73 19.807
12 88 25.775
12 91 58.202
12 37 48.146
12 15 63.761
12 38 41.014
12 87 36.293
12 84 51.193
12 69 6.508
12 55 9.982
12 86 85.393
12 33 83.508
12 13 31.88
12 85 74.668
12 67 96.117
12 94 26.844
12 96 98.349
12 76 4.717
12 97 37.796
12 14 34.809
12 36 39.3
12 66 91.398
12 77 36.803
12 83 34.572
12 47 99.509
12 53 2.107
12 71 17.435
13 56 54.436
13 31 27.526
13 42 41.128
13 93 35.524
13 45 34.278
13 77 79.421
13 85 68.628
13 24 78.615
13 60 18.43
13 59 34.067
13 96 8.363
13 58 62.246
13 27 71.464
13 69 52.546
13 41 36.554
13 65 30.597
13 44 36.585
13 25 89.96
13 47 64.556
13 37 1.483
13 70 39.062
13 38 42.366
13 22 89.398
13 61 5.598
13 88 67.423
13 16 63.436
13 62 22.311
13 53 4.824
13 94 99.189
13 19 15.152
13 83 98.615
13 54 72.703
13 74 63.13
13 87 55.009
13 36 58.359
13 34 21.607
14 97 19.633
14 43 49.946
14 39 37.811
14 64 88.463
14 93 22.15
14 36 5.266
14 23 89.805
14 86 25.669
14 71 42.506
14 85 87.381
14 84 12.851
14 47 36.436
14 83 56.123
14 81 41.682
14 37 76.51
14 94 61.208
14 53 86.123
14 19 64.081
14 33 31.204
14 67 12.8
14 89 48.538
14 15 50.16
14 76 38.993
14 31 86.865
14 40 20.489
14 80 64.589
14 21 93.287
14 26 72.415
14 60 79.724
14 42 58.644
14 34 46.652
14 66 46.839
14 75 81.952
14 16 97.889
15 60 39.069
15 27 35.598
15 35 6.182
15 73 8.233
15 62 93.108
15 78 81.836
15 99 5.055
15 44 24.259
15 54 17.778
15 64 0.065
15 28 48.906
15 65 51.32
15 97 95.33
15 36 55.359
15 18 50.327
15 56 49.168
15 43 38.517
15 80 27.674
15 68 86.332
15 85 87.713
15 92 11.444
15 61 92.901
15 63 31.495
15 74 38.62
15 55 78.111
15 81 81.132
15 40 70.285
15 34 64.042
16 65 14.07
16 29 19.487
16 71 88.904
16 28 6.547
16 88 67.615
16 85 5.0
16 99 25.07
16 19 93.521
16 64 38.484
16 97 19.352
16 18 47.414
16 77 82.016
16 92 43.946
16 70 60.647
16 25 12.925
16 51 52.757
16 96 63.829
16 38 95.333
16 83 69.229
16 39 31.556
16 27 17.457
16 55 91.705
16 76 39.807
16 68 24.749
16 34 52.037
16 95 85.42
16 24 40.473
16 67 12.054
16 42 97.457
16 59 80.782
16 63 99.862
17 67 46.03
17 68 77.928
17 71 30.886
17 74 36.094
17 38 75.536
17 73 23.342
17 60 43.079
17 31 95.547
17 42 51.12
17 52 75.15
17 79 75.169
17 63 20.357
17 61 47.2
17 82 66.605
17 37 87.632
17 40 7.385
17 35 40.997
17 19 76.698
17 69 58.566
17 83 31.303
17 62 40.456
17 89 60.378
17 48 90.182
17 47 33.679
17 53 92.068
17 84 79.109
17 78 67.616
17 70 15.954
17 46 89.969
17 25 89.182
17 44 59.894
17 99 59.046
17 87 6.612
17 30 55.678
17 49 51.223
17 81 80.172
17 80 70.691
17 86 17.943
17 21 97.608
17 72 87.044
17 92 82.678
18 91 48.022
18 74 81.182
18 58 62.387
18 69 47.894
18 92 24.851
18 24 48.971
18 30 7.694
18 79 95.334
18 53 87.339
18 80 47.783
18 81 36.215
18 40 37.593
18 70 48.848
18 95 66.699
18 66 84.325
18 78 78.312
18 23 9.391
18 82 76.925
18 89 56.897
18 45 12.659
18 96 86.584
18 27 69.567
18 51 30.78
18 73 29.43
18 26 27.106
18 65 26.224
18 20 2.086
18 83 65.069
18 44 90.866
18 84 54.541
18 48 77.611
18 49 86.299
18 28 82.835
18 31 2.322
18 99 6.004
18 33 59.904
18 94 57.309
18 36 31.05
19 81 43.443
19 42 15.627
19 28 15.059
19 74 51.116
19 26 79.543
19 90 32.503
19 61 21.162
19 56 90.475
19 79 30.699
19 66 80.698
19 80 70.849
19 59 24.861
19 96 85.143
19 97 23.985
19 29 80.659
19 67 4.924
19 36 59.319
19 45 48.587
19 33 3.988
19 20 12.702
19 86 62.18
19 64 8.515
19 44 98.97
19 62 99.43
19 21 54.655
19 39 18.377
19 30 11.308
19 98 53.644
19 70 13.31
19 51 27.027
19 58 10.067
19 89 39.731
19 82 13.911
19 76 3.892
19 78 40.241
19 63 44.8
19 57 15.973
20 74 57.565
20 21 36.251
20 60 5.62
20 73 89.659
20 77 3.057
20 30 87.684
20 75 26.709
20 64 90.458
20 80 6.864
20 98 3.869
20 91 32.24
20 66 78.331
20 85 30.844
20 61 83.431
20 53 88.401
20 59 10.807
20 94 43.889
20 69 67.402
20 38 0.878
20 29 49.907
20 76 68.323
20 87 91.579
20 84 47.588
20 22 22.506
20 79 56.242
20 55 44.922
20 89 79.585
20 47 43.399
20 25 72.629
21 51 2.81
21 32 75.616
21 60 0.898
21 98 21.495
21 46 89.333
21 79 84.368
21 62 72.52
21 27 30.058
21 41 73.991
21 82 84.506
21 25 74.225
21 42 11.813
21 36 91.52
21 30 91.864
21 23 33.531
21 37 6.552
21 63 49.335
21 73 75.5
21 66 61.743
21 50 87.902
21 48 69.608
21 34 48.697
21 55 24.661
21 64 77.77
21 88 40.087
21 31 56.346
21 70 51.504
21 53 21.263
21 29 23.841
21 83 48.049
21 47 10.566
21 87 59.833
21 90 96.34
21 81 36.638
21 57 41.868
21 99 99.987
22 75 0.082
22 28 55.703
22 53 12.576
22 41 79.494
22 76 43.08
22 73 78.933
22 99 61.383
22 87 67.185
22 52 13.532
22 27 18.892
22 26 38.093
22 84 54.379
22 71 4.937
22 42 8.855
22 38 21.895
22 60 18.542
22 85 67.036
22 92 74.153
22 67 42.716
22 81 20.425
22 46 29.467
22 37 26.528
22 56 97.169
22 47 84.323
22 35 56.862
22 77 25.333
22 30 68.047
22 89 47.037
22 94 46.034
22 55 18.808
22 51 48.101
22 96 55.061
22 24 64.569
22 70 54.387
23 27 52.386
23 97 23.921
23 64 64.388
23 47 53.202
23 62 35.676
23 86 6.283
23 99 18.46
23 80 18.824
23 69 64.822
23 33 23.27
23 59 11.992
23 78 17.679
23 26 59.474
23 95 23.093
23 52 22.508
23 63 71.373
23 31 39.968
23 81 4.075
23 57 31.308
23 87 78.21
23 61 81.361
23 76 59.518
23 29 56.257
23 94 48.464
23 75 46.484
23 96 79.369
23 60 13.125
23 72 70.033
23 55 23.396
24 82 52.134
24 55 49.369
24 49 62.454
24 37 48.032
24 51 84.007
24 63 67.185
24 26 79.877
24 83 60.524
24 48 94.817
24 34 64.693
24 52 13.288
24 80 21.445
24 25 65.81
24 47 92.856
24 77 53.121
24 36 87.549
24 72 42.758
24 74 97.113
24 54 56.485
24 65 7.297
24 33 51.837
24 29 2.9
24 75 69.135
24 32 86.694
24 87 97.154
24 94 84.676
24 76 15.196
24 69 98.478
25 55 24.192
25 90 14.856
25 38 26.861
25 33 28.201
25 56 89.173
25 62 89.084
25 86 93.834
25 79 87.026
25 30 70.917
25 43 47.202
25 95 14.105
25 54 64.517
25 71 64.231
25 31 22.841
25 45 73.298
25 84 29.798
25 74 35.824
25 73 74.928
25 99 91.055
25 87 73.947
25 57 34.413
25 60 4.955
25 98 16.534
25 77 99.656
25 35 71.199
25 49 56.134
25 51 37.214
25 72 28.27
25 78 85.22
25 81 75.77
25 85 37.536
26 71 32.462
26 38 38.082
26 74 15.909
26 44 42.721
26 92 65.585
26 59 42.139
26 47 53.846
26 35 71.227
26 54 41.347
26 50 62.155
26 82 54.641
26 90 33.376
26 78 10.066
26 30 18.936
26 94 51.625
26 57 73.788
26 29 1.28
26 65 10.107
26 53 81.252
26 66 65.754
26 95 63.972
26 28 6.073
26 27 53.42
26 87 63.744
26 43 56.804
26 62 57.163
27 47 29.705
27 88 8.449
27 99 76.972
27 45 97.983
27 84 9.153
27 29 69.222
27 74 84.836
27 57 65.135
27 69 81.301
27 63 97.606
27 89 69.038
27 83 85.324
27 56 62.885
27 59 56.771
27 55 91.28
27 34 4.754
27 30 70.176
27 86 51.042
27 91 3.76
27 70 94.872
27 96 53.185
27 33 36.648
27 87 20.834
27 60 31.048
28 74 58.971
28 84 62.317
28 52 64.335
28 60 20.671
28 70 77.343
28 46 16.73
28 56 87.458
28 30 66.898
28 95 60.557
28 49 81.334
28 80 72.844
28 59 91.374
28 47 4.048
28 35 63.371
28 31 75.466
28 68 24.696
28 29 18.019
28 54 79.6
28 87 61.199
28 81 35.084
28 45 88.264
28 91 74.891
28 78 71.05
28 93 25.492
28 61 91.118
28 44 26.25
28 90 20.139
29 94 43.597
29 45 89.153
29 39 16.049
29 74 87.259
29 90 29.664
29 64 16.856
29 62 83.163
29 59 11.077
29 73 22.761
29 67 52.546
29 95 3.957
29 43 44.337
29 96 67.553
29 48 35.515
29 63 23.235
29 78 53.131
29 32 64.202
29 40 18.188
29 87 7.113
29 47 72.416
29 31 98.838
29 66 51.786
29 42 73.226
29 44 97.184
29 71 76.835
29 80 57.489
29 51 58.995
29 34 24.441
29 77 33.705
29 75 78.303
29 68 79.108
29 41 63.728
29 49 65.675
29 86 99.772
30 86 95.183
30 38 80.901
30 69 29.904
30 84 99.751
30 43 38.328
30 31 4.09
30 48 87.654
30 36 98.599
30 56 83.66
30 79 22.924
30 96 49.667
30 40 60.15
30 67 29.411
30 53 33.234
30 59 17.541
30 52 98.355
30 45 5.994
30 82 18.292
30 85 3.305
30 83 17.37
30 71 37.291
30 49 41.285
30 55 22.773
30 91 21.845
30 65 26.195
30 42 69.008
30 80 81.402
30 33 88.72
30 70 38.024
30 37 7.791
31 34 9.169
31 85 36.89
31 82 83.511
31 63 7.194
31 53 71.28
31 67 65.779
31 52 26.988
31 81 52.263
31 35 23.26
31 48 87.966
31 62 63.498
31 68 2.136
31 43 93.184
31 55 52.749
31 32 14.084
31 95 35.172
31 78 41.178
31 80 42.279
31 97 73.061
31 91 80.334
31 89 72.086
31 75 23.18
31 86 82.965
31 65 47.403
31 72 97.526
31 66 19.691
31 87 46.797
31 64 17.92
31 57 27.708
31 50 59.107
31 93 73.913
31 44 31.749
31 88 0.897
31 42 41.446
31 36 22.987
32 46 7.109
32 76 5.114
32 33 15.647
32 64 93.042
32 51 89.548
32 62 24.604
32 61 41.354
32 83 63.05
32 75 96.657
32 50 33.05
32 49 72.868
32 45 24.643
32 91 54.177
32 98 54.639
32 53 6.612
32 97 96.627
32 69 93.536
32 96 84.617
32 60 29.334
32 95 40.257
32 72 13.074
32 70 69.723
32 78 65.058
32 38 33.179
32 79 2.882
32 47 27.252
32 81 68.776
33 55 45.174
33 80 20.169
33 51 54.726
33 70 50.436
33 60 24.508
33 92 30.915
33 79 54.69
33 66 3.924
33 63 49.554
33 82 52.929
33 99 44.661
33 37 41.833
33 36 34.747
33 71 25.619
33 42 94.097
33 87 3.894
33 59 23.556
33 47 3.518
33 57 30.378
33 40 80.648
33 93 16.228
33 64 42.009
33 43 39.294
33 77 16.338
34 60 47.697
34 91 0.64
34 56 46.571
34 62 0.86
34 36 66.571
34 84 41.132
34 66 93.365
34 88 84.307
34 67 14.014
34 94 57.867
34 97 81.416
34 96 21.88
34 78 9.925
34 44 15.752
34 54 1.915
34 90 31.059
34 37 32.572
34 42 57.656
34 81 28.559
34 87 51.202
34 63 13.663
34 45 42.148
34 59 69.288
34 38 60.1
34 47 58.235
34 35 65.055
35 75 78.04
35 44 58.098
35 85 23.464
35 76 8.209
35 69 96.985
35 81 20.023
35 65 91.372
35 45 27.51
35 83 83.239
35 97 44.404
35 77 37.224
35 55 12.129
35 42 27.74
35 90 62.64
35 43 0.367
35 36 70.857
35 49 41.557
35 80 48.579
35 92 52.69
35 71 90.689
35 74 56.041
35 37 24.697
35 48 41.715
36 51 63.313
36 67 7.875
36 75 70.303
36 76 63.272
36 99 22.729
36 46 78.324
36 66 24.531
36 65 75.973
36 58 11.861
36 92 82.503
36 90 43.069
36 61 71.021
36 53 93.304
36 39 81.285
36 98 15.061
36 86 16.389
36 38 89.672
36 45 71.2
36 71 4.849
36 55 7.749
36 94 4.756
37 65 59.139
37 82 29.599
37 92 54.744
37 90 41.009
37 81 87.245
37 73 50.135
37 95 68.069
37 91 33.906
37 98 21.111
37 67 28.069
37 55 13.499
37 79 36.16
37 85 47.55
37 71 82.842
37 69 53.059
37 49 88.302
37 74 60.831
37 75 96.531
37 50 90.743
37 70 41.526
37 89 6.449
37 64 14.42
37 59 94.192
37 63 72.781
37 80 53.783
37 52 41.805
37 88 1.115
37 40 67.449
38 77 13.003
38 70 3.579
38 59 21.164
38 56 1.55
38 61 40.587
38 57 9.652
38 44 69.48
38 82 99.09
38 40 80.731
38 93 35.045
38 84 32.536
38 99 28.262
38 76 86.253
38 95 99.051
38 87 56.896
38 39 71.164
38 55 9.606
38 91 39.412
38 73 35.639
38 96 12.07
38 51 80.522
38 78 62.123
38 48 97.31
38 88 98.631
38 72 6.637
38 86 22.532
38 54 79.209
38 41 36.347
39 81 93.432
39 94 75.636
39 61 14.511
39 72 34.967
39 63 26.114
39 84 24.026
39 98 37.617
39 74 59.446
39 46 39.384
39 66 32.338
39 58 5.855
39 97 41.461
39 93 50.935
39 79 76.129
39 56 4.111
39 45 58.468
39 67 44.155
39 64 14.828
39 41 58.659
39 90 63.678
39 80 64.755
39 52 51.615
39 92 54.34
40 57 70.94
40 64 5.681
40 89 7.777
40 74 72.219
40 65 80.746
40 92 15.485
40 66 37.937
40 53 23.838
40 50 60.131
40 91 53.35
40 84 36.833
40 73 74.179
40 99 75.499
40 62 70.59
40 72 92.216
40 88 62.394
40 79 51.791
40 75 36.017
40 55 44.788
40 76 32.384
40 69 46.115
40 44 71.86
40 59 55.511
40 71 27.816
40 87 67.147
40 85 9.213
41 99 43.769
41 73 96.711
41 49 22.357
41 82 12.483
41 96 88.216
41 61 35.36
41 77 66.259
41 47 16.418
41 69 2.125
41 70 19.559
41 92 10.977
41 83 29.402
41 52 87.428
41 80 0.017
41 89 15.175
41 72 95.07
41 42 91.543
41 58 33.994
41 62 4.775
41 68 6.47
41 81 52.772
41 90 80.718
41 60 99.736
41 78 75.638
42 95 85.08
42 88 14.156
42 54 58.31
42 86 57.743
42 52 46.463
42 71 77.915
42 76 97.893
42 80 97.636
42 66 80.617
42 68 69.192
42 69 13.079
42 87 46.57
42 98 0.646
42 53 91.878
42 89 91.069
42 97 35.32
42 60 8.757
42 46 92.414
42 63 38.527
42 51 74.199
42 58 41.966
42 78 12.867
42 92 20.635
42 94 83.12
42 62 97.746
42 70 53.683
42 74 95.617
42 49 4.364
42 77 57.146
43 96 88.173
43 90 42.175
43 92 19.883
43 70 44.696
43 47 81.048
43 81 80.671
43 44 21.357
43 45 21.478
43 97 6.813
43 57 79.028
43 54 19.951
43 89 87.683
43 88 39.23
43 73 73.348
43 68 45.384
43 48 95.919
43 79 87.046
43 50 71.684
43 84 38.787
43 53 54.604
43 82 72.405
43 63 24.166
43 75 95.977
44 62 8.468
44 96 95.522
44 57 80.662
44 76 92.863
44 84 33.657
44 69 34.958
44 70 14.65
44 77 99.575
44 95 63.924
44 82 79.205
44 61 88.608
44 88 19.806
44 85 52.908
44 67 96.126
44 81 13.261
44 89 85.537
44 54 5.61
44 66 25.597
44 56 65.216
44 93 55.492
44 90 63.821
44 79 37.001
44 68 80.093
45 61 57.975
45 46 47.227
45 68 61.181
45 98 87.204
45 76 97.586
45 69 3.179
45 49 83.774
45 65 3.555
45 59 31.312
45 48 72.05
45 82 62.066
45 58 14.283
45 52 79.746
45 53 65.079
45 71 34.162
45 80 62.959
45 81 35.991
45 77 80.143
46 50 9.324
46 64 30.824
46 76 69.762
46 75 34.979
46 47 22.835
46 81 89.213
46 74 34.495
46 86 51.164
46 87 94.725
46 56 49.532
46 95 90.01
46 48 43.678
46 59 23.301
46 96 43.871
46 82 11.614
46 94 5.266
46 53 32.584
46 61 70.692
46 92 24.215
46 77 89.442
46 54 12.431
47 74 50.984
47 64 28.509
47 58 35.869
47 90 51.824
47 80 99.284
47 48 84.089
47 94 2.921
47 95 28.541
47 54 32.283
47 87 21.293
47 79 23.723
47 63 55.02
47 55 40.911
47 56 7.515
47 91 18.442
48 97 79.355
48 96 94.632
48 70 25.547
48 68 91.431
48 99 29.735
48 57 84.585
48 71 28.442
48 74 83.285
48 58 76.255
48 95 56.53
48 90 49.371
48 52 55.494
48 53 14.831
48 77 39.378
48 98 31.215
48 65 55.71
48 55 0.562
48 76 1.961
48 54 80.204
48 93 16.137
48 86 78.732
48 87 47.254
49 78 6.405
49 64 35.557
49 67 16.99
49 61 27.262
49 91 94.524
49 62 51.576
49 76 82.007
49 99 92.158
49 89 78.868
49 56 35.419
49 88 42.877
49 53 83.13
49 79 11.905
49 59 64.139
49 63 19.941
49 70 94.332
50 59 11.964
50 82 64.306
50 53 29.492
50 73 74.433
50 75 7.877
50 56 40.691
50 64 63.353
50 52 55.437
50 90 15.986
50 58 98.945
50 97 60.877
50 86 78.951
50 60 70.104
50 98 68.951
50 99 32.57
50 91 46.2
50 51 57.589
50 84 51.633
50 83 56.37
50 77 18.097
50 80 56.326
50 87 23.275
50 72 23.056
50 63 6.456
51 61 49.656
51 88 28.503
51 99 98.053
51 74 33.515
51 91 3.402
51 97 70.164
51 78 65.243
51 62 93.45
51 57 52.373
51 81 82.863
51 87 16.69
51 94 86.617
51 98 4.379
51 86 74.248
51 56 60.701
51 80 32.293
51 63 33.089
51 90 13.128
51 64 97.256
52 99 36.662
52 79 88.477
52 93 57.389
52 53 18.448
52 76 7.71
52 55 52.51
52 68 40.675
52 60 9.656
52 89 3.8
52 69 21.597
52 58 29.95
52 56 91.205
52 90 81.832
52 83 42.775
52 92 17.348
52 88 67.663
52 62 39.398
52 61 3.066
52 98 60.447
52 91 64.996
52 95 37.999
53 83 4.059
53 58 36.452
53 85 24.334
53 92 28.251
53 67 69.409
53 86 57.681
53 75 46.158
53 87 93.374
53 82 70.386
53 93 55.936
53 76 91.03
53 74 3.171
53 54 0.841
53 80 49.998
53 94 13.329
53 96 96.589
53 70 22.681
53 89 94.177
53 60 95.758
54 82 29.159
54 93 70.269
54 64 41.062
54 84 6.199
54 98 19.346
54 85 83.569
54 96 72.24
54 67 0.616
54 79 10.905
54 57 46.964
54 97 88.422
54 87 8.299
54 80 84.174
54 58 61.705
54 74 97.575
54 76 9.079
54 95 33.735
55 70 84.092
55 75 92.145
55 58 35.935
55 97 71.45
55 60 5.965
55 78 7.246
55 71 32.365
55 99 37.019
55 68 29.531
55 79 25.274
55 80 70.386
55 94 90.211
55 73 75.865
55 95 74.249
55 63 36.618
55 62 19.318
55 72 41.2
55 90 82.097
56 75 91.33
56 57 87.599
56 62 46.949
56 68 44.006
56 87 63.461
56 80 67.858
56 66 55.054
56 58 14.937
56 89 40.008
56 69 24.077
56 77 75.65
56 90 94.765
56 98 75.882
56 91 70.296
56 73 58.615
56 65 5.156
56 84 2.317
57 61 19.141
57 64 96.134
57 88 58.856
57 95 12.737
57 81 99.388
57 63 32.532
57 94 56.86
57 79 6.229
57 59 62.764
57 82 2.037
57 93 57.919
57 65 49.672
57 90 73.085
57 68 79.127
58 89 19.081
58 81 87.926
58 70 88.868
58 62 96.625
58 69 82.069
58 78 21.609
58 88 20.231
58 85 26.714
58 61 76.726
58 92 89.386
58 65 92.297
58 63 77.217
58 86 43.412
58 99 9.954
58 68 95.847
58 76 6.97
59 82 21.609
59 84 83.183
59 68 99.691
59 85 43.018
59 90 27.812
59 78 56.961
59 76 88.494
59 80 0.076
59 71 51.533
59 88 44.73
59 67 41.895
59 63 89.527
59 64 45.626
59 79 26.553
59 92 11.146
59 75 36.265
59 97 44.021
60 72 86.274
60 79 31.572
60 71 22.49
60 93 23.638
60 96 57.669
60 78 40.852
60 84 66.131
60 64 37.6
60 95 74.207
60 89 25.581
60 94 65.783
60 62 38.296
60 99 49.896
60 73 32.347
60 98 17.031
60 69 88.495
60 81 46.244
60 61 13.415
60 86 50.294
61 85 85.594
61 90 76.332
61 89 43.522
61 65 31.533
61 75 95.62
61 66 86.697
61 95 74.065
61 74 95.668
61 69 74.154
61 88 8.277
61 93 32.762
61 83 64.357
61 91 54.028
61 99 55.432
61 72 9.076
61 78 53.483
61 71 81.693
62 99 46.524
62 79 27.906
62 92 50.476
62 88 7.976
62 65 69.377
62 89 17.863
62 86 20.303
62 70 17.201
62 98 57.093
62 82 85.876
62 71 44.251
62 90 42.81
62 77 41.658
63 98 91.748
63 76 4.726
63 71 42.043
63 95 79.184
63 75 26.558
63 89 35.946
63 67 2.977
63 99 82.732
63 87 18.792
63 64 31.502
63 68 89.088
63 94 21.387
63 86 63.658
63 92 69.575
63 73 35.282
63 70 75.896
64 81 70.037
64 95 68.583
64 78 24.262
64 76 50.851
64 92 98.369
64 84 35.874
64 77 11.765
64 83 10.952
64 96 94.225
64 94 61.229
64 86 47.463
64 93 48.771
65 98 82.152
65 72 92.608
65 71 9.077
65 68 9.738
65 66 83.434
65 92 56.045
65 75 8.214
65 83 10.105
65 81 79.413
65 84 87.708
65 74 52.749
65 96 49.034
65 67 59.591
65 95 44.447
66 90 22.654
66 69 75.711
66 92 72.296
66 79 91.134
66 82 34.018
66 86 65.086
66 84 33.631
66 97 76.55
66 94 17.951
66 95 25.356
66 89 1.707
66 80 87.112
66 75 66.373
66 71 50.39
66 93 90.998
67 94 69.753
67 69 78.129
67 80 72.552
67 97 93.323
67 84 8.827
67 82 32.121
67 78 41.787
67 98 52.417
67 73 7.01
67 70 51.135
67 75 34.197
68 74 0.311
68 91 99.135
68 81 59.727
68 76 53.143
68 80 6.906
68 86 68.705
68 94 38.496
68 73 39.692
68 78 32.351
68 92 34.858
68 89 84.871
68 90 62.288
69 76 73.535
69 74 5.182
69 79 33.86
69 97 56.955
69 92 74.93
69 96 1.285
69 87 75.837
69 78 64.217
69 70 95.817
69 99 80.369
69 77 66.627
70 99 20.231
70 72 1.396
70 81 16.994
70 78 39.869
70 73 68.077
70 95 66.486
70 96 92.503
70 89 53.506
70 83 72.074
70 76 43.186
70 87 5.256
70 86 78.897
70 74 48.115
70 80 27.141
70 88 16.461
71 97 80.387
71 87 34.775
71 79 29.181
71 92 29.133
71 93 6.499
71 81 24.206
71 94 98.625
71 75 95.541
71 73 27.398
71 91 53.735
71 77 36.413
71 76 79.605
72 76 80.258
72 79 78.623
72 77 3.08
72 96 67.713
72 86 28.35
72 84 30.939
72 89 99.954
72 90 2.098
72 88 67.83
72 93 75.42
72 85 99.669
72 83 65.399
72 91 68.373
72 98 58.1
73 99 64.775
73 78 41.486
73 81 79.069
73 93 76.736
73 95 13.937
73 74 45.829
73 80 5.269
73 85 43.875
73 97 61.449
73 83 68.316
74 81 86.191
74 83 49.838
74 96 61.953
74 87 19.66
74 84 67.457
74 76 96.084
74 99 77.327
74 86 62.042
74 95 92.353
74 88 48.031
74 85 33.582
74 75 85.107
75 93 42.28
75 95 93.417
75 92 48.094
75 84 37.493
75 98 87.628
75 96 92.299
75 87 79.863
75 94 52.772
76 91 32.74
76 80 94.121
76 77 19.463
76 78 26.984
76 99 84.643
76 85 86.66
76 89 44.793
76 97 87.982
76 79 75.593
77 82 41.871
77 90 95.082
77 81 6.759
77 98 54.613
77 83 51.423
77 80 66.874
77 85 98.794
77 78 41.072
77 92 70.142
77 88 61.934
78 83 71.637
78 88 75.472
78 90 8.261
78 86 14.399
78 80 52.053
78 99 2.763
78 95 6.441
78 96 78.949
78 84 14.584
78 98 37.204
78 87 61.222
78 85 11.224
78 89 85.161
78 97 62.198
79 83 8.611
79 88 29.983
79 87 58.707
79 92 74.99
79 80 58.271
79 96 67.579
79 94 21.323
79 97 58.682
79 99 95.008
79 91 92.272
80 97 48.6
80 94 57.505
80 81 11.95
80 82 60.178
81 94 9.269
81 85 51.975
81 88 42.684
81 84 69.165
81 92 64.233
81 91 12.826
81 98 63.579
81 86 98.484
81 89 89.689
82 95 0.075
82 96 28.451
82 85 54.697
82 92 83.338
82 93 6.189
83 86 92.209
83 99 39.231
83 89 9.604
83 93 95.851
83 96 36.125
84 97 6.469
84 88 83.467
84 90 6.85
84 87 54.579
84 91 69.779
84 96 37.545
85 95 30.524
85 89 77.299
85 92 72.318
85 97 36.332
85 86 3.767
85 93 97.537
85 96 32.936
85 94 53.792
85 88 25.327
86 93 3.183
86 98 69.565
86 88 93.653
87 98 78.011
87 97 18.039
87 88 30.757
87 96 80.928
87 99 58.724
87 94 31.182
87 95 30.005
88 95 43.701
88 97 97.662
88 94 10.225
88 91 65.935
88 92 26.192
89 90 52.287
89 97 23.75
89 91 48.891
89 99 88.21
90 98 53.931
90 94 25.664
91 92 36.882
91 94 21.718
91 96 34.892
92 93 1.09
93 97 15.135
93 94 39.143
93 99 72.871
93 98 41.075
94 96 80.891
95 98 71.267
95 99 95.673
96 99 32.831