100
0 32 19.278
0 71 55.419
0 61 1.128
0 94 68.593
1 74 81.64
1 7 13.43
1 45 62.924
1 11 71.273
1 22 11.478
2 51 12.324
3 59 91.585
3 27 46.616
3 7 5.589
3 34 64.161
3 89 25.436
3 90 83.5
3 96 12.022
3 4 24.247
4 61 85.06
4 92 0.638
4 49 61.303
4 41 22.738
4 52 12.103
4 48 93.435
4 85 78.115
5 92 94.258
5 40 45.744
5 97 99.252
5 78 71.015
5 52 85.143
6 42 37.741
6 70 96.005
6 54 12.481
6 62 46.902
6 33 59.608
6 71 36.101
7 42 1.309
7 11 5.095
7 66 79.256
7 15 83.39
7 59 74.14
7 9 70.511
7 51 58.079
8 12 88.657
9 62 98.457
9 69 51.81
10 82 66.798
10 27 86.372
10 29 15.813
11 87 65.455
11 48 38.011
11 34 16.855
11 39 4.036
11 97 13.453
11 99 16.491
12 70 6.881
12 23 18.059
12 73 27.601
12 22 18.364
12 87 73.05
13 88 95.76
13 71 89.221
13 76 69.587
13 89 50.875
13 84 49.3
14 74 65.033
14 82 17.926
14 96 1.651
14 85 34.263
14 63 54.488
15 46 58.381
15 54 39.676
15 74 80.528
15 82 24.225
16 85 89.708
16 63 98.46
16 81 79.056
17 48 79.51
17 80 90.41
18 74 78.954
18 78 24.932
18 98 24.496
18 83 89.359
18 95 86.474
19 21 75.526
19 81 54.413
19 46 77.857
19 71 41.24
20 68 19.458
20 54 51.439
20 84 80.242
20 70 9.029
20 24 73.716
20 44 26.535
21 45 66.786
21 78 89.373
21 44 85.904
22 91 16.759
22 30 3.78
22 47 12.05
22 66 25.76
22 58 1.129
23 41 2.934
23 58 51.84
23 31 75.654
24 71 55.415
24 34 10.026
24 35 40.402
24 43 6.565
24 98 77.343
25 65 34.562
25 42 46.801
25 86 92.484
25 74 59.531
25 28 97.582
26 98 38.878
26 68 13.792
26 80 32.678
26 33 14.147
28 31 13.539
28 43 15.247
28 35 47.145
29 92 31.369
29 88 20.532
29 72 60.243
30 93 56.156
30 55 76.809
30 59 49.475
31 96 83.207
31 79 43.621
31 41 89.229
32 85 13.421
32 96 71.14
33 38 19.811
33 40 52.886
33 64 91.976
33 44 62.813
34 66 44.077
34 50 17.371
34 63 72.795
34 80 43.795
35 71 21.629
35 49 31.996
36 60 4.641
36 57 33.162
36 42 58.647
36 59 32.082
37 38 25.426
37 75 93.107
37 49 67.008
37 42 37.576
38 53 30.122
39 86 60.814
40 88 39.282
40 43 95.619
40 58 7.27
40 84 61.946
40 64 5.763
40 49 3.807
41 52 9.532
41 73 60.111
42 86 29.322
42 91 34.144
42 43 24.792
43 82 44.063
43 55 58.409
43 85 93.934
44 62 57.14
44 72 45.907
44 67 92.71
45 71 8.319
45 66 61.497
46 70 22.415
46 98 17.969
46 88 46.348
46 85 88.833
48 53 97.091
48 81 29.5
48 95 79.869
49 78 4.048
49 71 70.77
49 52 76.825
49 80 98.084
49 56 86.737
50 70 96.309
50 61 70.322
51 67 41.368
51 97 3.244
51 64 1.031
51 62 64.365
52 84 82.828
53 79 68.447
53 64 15.513
54 76 11.888
55 83 47.002
55 84 45.008
55 77 34.77
56 94 13.382
56 70 70.487
57 65 35.275
57 76 24.13
58 91 69.928
59 99 8.941
60 61 90.812
60 95 79.223
60 77 8.483
61 80 28.963
62 63 62.68
62 97 39.508
62 77 42.28
64 99 91.571
64 93 60.181
66 96 16.358
68 94 49.493
69 96 62.634
69 85 46.171
70 83 51.369
70 75 51.983
71 72 43.866
71 85 93.39
71 88 57.579
75 94 81.345
76 81 67.645
77 91 54.347
80 90 37.459
81 97 82.405
82 86 28.74
83 98 54.603
87 98 41.982
88 94 36.058
89 96 6.722
89 91 45.88
93 95 9.792
93 94 76.005
93 98 84.722
94 99 44.151