100
0 1 5
0 2 5
0 3 5
0 4 5
0 5 5
0 6 5
0 7 5
0 8 5
0 9 5
0 10 5
1 11 30
2 12 30
3 13 30
4 14 30
6 15 30
7 16 30
9 17 30
0 18 30
18 19 20
19 20 20
19 21 20
21 22 90
22 23 20
23 24 25
22 25 95
25 26 5
25 27 5
25 28 5
25 29 5
25 30 5
25 31 5
25 32 5
25 33 5
25 34 5
25 35 5
26 36 30
36 37 40
37 38 50
38 39 60
39 40 50
40 41 50
40 42 40
40 43 40
40 44 40
44 45 50
45 46 30
45 47 30
45 48 90
48 49 95
25 50 5
50 51 5
50 52 5
50 53 5
50 54 5
50 55 5
50 56 5
50 57 5
50 58 5
50 59 5
50 60 5
60 61 10
61 62 10
62 63 10
63 64 10
64 65 10
65 66 10
66 67 10
67 68 10
68 69 10
69 70 10
57 71 80
71 44 1
71 0 1
71 3 1
71 5 1
71 72 10
72 73 10
73 74 10
74 75 10
75 76 10
76 77 90
77 78 10
78 79 40
79 80 10
60 81 45
81 82 33
81 83 34
81 84 19
81 85 20
81 86 20
81 87 20
81 88 14
81 89 11
81 90 21
90 91 99
91 92 1
91 93 1
91 94 1
91 95 1
91 96 1
91 97 1
91 98 1
91 99 1