100
0 17 85
0 18 91
0 23 97
0 24 82
0 30 80
0 34 90
0 39 93
0 55 94
0 59 81
0 60 88
0 64 94
0 71 93
0 78 5
0 79 85
0 92 99
1 2 88
1 8 95
1 9 96
1 13 93
1 16 89
1 17 84
1 19 91
1 21 80
1 27 91
1 31 83
1 49 82
1 58 84
1 64 98
1 66 85
1 68 88
1 79 97
1 81 97
1 86 87
1 91 94
1 94 83
2 10 9
2 20 89
2 21 98
2 25 94
2 29 97
2 34 83
2 38 94
2 46 97
2 48 94
2 51 93
2 52 98
2 61 83
2 64 98
2 69 99
2 73 99
2 76 91
2 82 92
2 90 96
2 96 88
3 13 93
3 16 85
3 20 88
3 24 82
3 26 3
3 30 88
3 38 80
3 43 85
3 51 81
3 57 99
3 70 81
3 80 2
3 94 89
3 95 99
4 5 92
4 7 88
4 12 93
4 13 80
4 17 86
4 20 89
4 43 97
4 47 99
4 49 4
4 64 84
4 74 86
4 78 89
4 79 1
4 82 92
4 84 81
4 87 90
4 95 80
4 99 93
5 6 81
5 11 94
5 13 84
5 14 82
5 15 88
5 16 86
5 25 9
5 30 86
5 31 2
5 41 92
5 44 95
5 46 85
5 53 88
5 55 89
5 58 83
5 61 83
5 64 98
5 67 92
5 74 93
5 81 81
5 82 88
5 88 90
5 92 96
5 93 86
5 95 10
5 98 91
6 7 90
6 8 9
6 18 81
6 19 96
6 21 99
6 24 94
6 35 99
6 39 97
6 40 83
6 45 91
6 47 89
6 52 84
6 53 91
6 57 94
6 63 90
6 67 1
6 68 91
6 76 3
6 89 91
6 93 83
6 98 89
7 8 95
7 9 1
7 19 81
7 23 84
7 25 84
7 29 87
7 33 88
7 34 84
7 40 86
7 43 89
7 50 98
7 59 1
7 78 98
7 79 84
7 83 95
7 97 95
8 9 97
8 30 90
8 39 99
8 41 86
8 46 97
8 50 92
8 52 4
8 59 96
8 65 90
8 67 97
8 68 6
8 81 88
8 82 87
8 83 85
8 85 99
8 91 91
8 98 97
9 16 81
9 20 92
9 22 84
9 26 89
9 28 98
9 33 97
9 34 95
9 43 81
9 44 6
9 49 1
9 51 98
9 56 3
9 58 85
9 65 87
9 71 90
9 74 82
9 92 3
10 11 82
10 25 90
10 43 93
10 64 81
10 73 85
10 87 89
10 95 82
10 99 9
11 12 85
11 13 84
11 16 84
11 19 87
11 22 9
11 34 95
11 35 85
11 41 85
11 48 3
11 76 81
11 77 94
11 79 96
11 81 91
11 83 83
11 86 85
11 89 81
12 13 96
12 15 89
12 19 89
12 21 8
12 32 89
12 53 88
12 59 83
12 73 5
12 80 91
12 82 80
12 86 82
12 90 99
12 99 85
13 23 80
13 28 83
13 33 82
13 34 7
13 36 81
13 44 90
13 52 90
13 60 86
13 65 97
13 77 97
13 79 94
13 82 87
13 90 88
13 91 91
14 16 87
14 24 90
14 26 5
14 31 84
14 42 84
14 45 80
14 51 91
14 58 83
14 65 81
14 80 93
14 81 93
14 88 97
14 90 99
14 95 99
15 17 88
15 18 96
15 26 92
15 37 83
15 43 93
15 52 2
15 55 84
15 68 86
15 80 3
15 84 98
15 85 80
15 90 97
16 26 97
16 37 95
16 39 99
16 43 99
16 47 85
16 51 81
16 61 88
16 65 98
16 66 94
16 72 95
16 78 96
16 80 10
16 88 94
16 92 86
16 97 90
17 27 94
17 32 90
17 33 82
17 42 92
17 49 83
17 53 9
17 70 85
17 74 97
17 80 1
17 85 94
17 94 98
17 98 82
18 29 90
18 33 81
18 37 89
18 40 94
18 42 85
18 43 9
18 44 89
18 45 93
18 63 81
18 67 83
18 68 80
18 75 81
18 78 93
18 79 81
18 88 95
18 91 10
18 92 7
19 20 7
19 22 90
19 36 81
19 38 88
19 39 98
19 41 5
19 44 87
19 59 80
19 62 83
19 65 92
19 78 7
19 85 10
19 90 91
20 21 83
20 25 86
20 26 6
20 27 10
20 28 89
20 30 82
20 32 88
20 33 92
20 41 93
20 47 99
20 59 92
20 61 87
20 62 8
20 71 7
20 78 98
20 81 84
20 88 94
20 89 84
20 92 1
20 99 86
21 33 81
21 44 9
21 47 92
21 48 94
21 55 84
21 56 88
21 68 84
21 70 6
21 75 97
21 76 90
21 78 90
21 84 81
21 94 81
22 26 81
22 29 87
22 32 81
22 34 88
22 37 86
22 48 95
22 50 86
22 52 83
22 66 92
22 73 92
22 90 94
22 93 80
22 99 8
23 25 85
23 28 86
23 31 2
23 39 98
23 46 98
23 50 85
23 57 99
23 61 83
23 64 85
23 85 83
23 88 86
23 94 3
24 41 90
24 55 94
24 57 85
24 65 87
24 68 81
24 87 81
24 88 97
24 89 4
24 90 92
24 91 99
25 26 7
25 32 90
25 35 2
25 42 88
25 54 93
25 57 1
25 76 89
25 77 95
25 78 99
25 86 88
25 89 92
25 93 83
26 37 86
26 52 95
26 54 96
26 55 89
26 59 92
26 61 6
26 68 81
27 36 89
27 45 98
27 58 93
27 64 80
27 68 86
27 70 92
27 79 95
27 80 80
27 85 80
27 90 96
27 92 86
27 96 84
27 97 99
27 99 86
28 35 7
28 49 97
28 54 10
28 61 99
28 74 96
28 78 82
28 91 99
28 92 82
29 32 99
29 35 10
29 36 90
29 40 81
29 43 83
29 47 92
29 48 95
29 58 96
29 79 99
29 81 94
29 83 10
29 87 83
30 32 81
30 37 92
30 52 86
30 53 89
30 54 97
30 65 93
30 73 90
30 76 87
30 90 98
30 91 93
30 93 84
30 94 86
30 95 84
31 32 96
31 35 87
31 40 4
31 43 82
31 44 93
31 46 95
31 48 88
31 56 97
31 69 6
31 72 81
31 88 87
31 89 97
31 91 93
31 92 83
31 95 93
31 98 80
32 47 83
32 64 93
32 78 94
32 83 95
32 87 83
32 88 96
32 91 93
32 97 85
33 37 93
33 48 98
33 54 83
33 57 90
33 61 80
33 65 83
33 71 98
33 72 95
33 78 99
33 85 94
33 98 87
33 99 99
34 50 80
34 55 87
34 59 98
34 64 83
34 67 86
34 73 97
34 78 3
34 81 83
34 88 81
34 89 89
35 45 82
35 46 96
35 47 94
35 50 6
35 51 4
35 53 98
35 55 88
35 57 87
35 67 85
35 73 85
35 76 89
35 79 94
35 80 5
35 96 97
36 39 4
36 46 87
36 47 83
36 50 5
36 64 93
36 67 92
36 71 94
36 72 93
36 78 87
36 79 91
36 90 97
36 93 3
36 95 90
37 61 10
37 68 4
37 71 96
37 77 90
37 85 91
37 93 89
38 39 84
38 51 94
38 53 95
38 57 98
38 68 81
38 73 98
38 76 7
38 77 92
38 84 90
38 89 83
38 91 99
38 94 88
38 98 84
39 41 90
39 45 97
39 50 2
39 51 82
39 57 90
39 62 85
39 69 85
39 71 96
39 72 2
39 77 93
39 84 84
39 91 95
40 42 83
40 44 88
40 61 5
40 62 98
40 63 6
40 66 92
40 71 86
40 73 97
40 74 89
40 78 96
40 82 80
40 89 90
40 90 87
40 93 99
40 97 82
40 98 10
40 99 1
41 46 94
41 48 88
41 54 10
41 60 94
41 67 94
41 81 93
41 84 80
42 51 81
42 62 94
42 67 93
42 80 82
42 84 81
42 91 86
42 92 84
42 94 86
43 46 86
43 48 87
43 50 85
43 51 3
43 57 96
43 61 90
43 68 94
43 72 87
43 73 83
43 75 89
43 84 96
43 90 89
43 93 83
43 96 98
43 99 93
44 45 84
44 46 5
44 47 94
44 53 89
44 57 96
44 64 86
44 65 87
44 72 85
44 73 96
44 75 93
44 81 94
44 83 81
44 87 88
44 88 2
44 90 9
44 91 86
44 96 90
45 50 10
45 66 97
45 73 91
45 76 91
45 80 98
45 86 95
45 94 85
46 48 1
46 52 96
46 56 90
46 66 93
46 74 89
46 76 97
46 77 95
46 81 10
46 85 92
46 97 84
46 99 94
47 59 99
47 62 92
47 67 86
47 68 98
47 70 83
47 73 85
47 83 91
47 88 80
47 95 87
47 96 92
47 98 93
47 99 92
48 55 83
48 57 97
48 73 80
48 97 95
48 99 81
49 57 85
49 59 84
49 63 85
49 76 81
49 78 87
49 80 87
49 85 2
49 93 89
49 97 94
50 51 93
50 52 2
50 65 95
50 66 93
50 77 88
50 79 96
50 81 8
50 92 98
50 97 82
51 57 93
51 63 84
51 68 87
51 73 90
51 79 1
51 83 91
51 99 91
52 61 86
52 68 99
52 77 3
52 90 92
52 99 98
53 54 89
53 66 94
53 81 99
53 84 87
53 96 95
53 97 6
54 55 99
54 61 98
54 62 99
54 63 3
54 71 7
54 74 81
54 97 87
55 56 8
55 60 91
55 63 85
55 68 89
55 72 2
55 78 94
55 83 87
55 86 83
56 62 2
56 66 98
56 67 92
56 86 94
56 95 95
57 64 90
57 65 88
57 75 89
57 78 88
57 88 4
57 93 89
57 98 87
58 67 93
58 69 86
58 73 94
58 74 95
58 82 92
58 95 89
58 98 96
59 60 88
59 61 88
59 62 90
59 74 93
59 78 92
59 80 84
59 90 80
59 91 88
59 92 95
59 99 97
60 61 90
60 64 84
60 65 7
60 69 88
60 73 9
60 76 89
60 82 83
60 94 93
61 62 84
61 63 7
61 64 90
61 66 91
61 67 87
61 68 85
61 69 90
61 73 86
61 75 88
61 76 90
61 77 89
61 82 97
61 91 82
61 98 95
62 63 87
62 92 88
63 64 86
63 65 85
63 66 82
63 68 86
63 75 85
63 83 96
63 87 95
63 88 88
64 65 96
64 66 7
64 72 4
64 74 90
64 78 91
64 81 90
64 82 95
65 66 88
65 75 10
65 83 3
65 91 95
65 95 93
66 70 84
66 77 91
66 85 89
66 93 87
66 94 93
67 76 96
67 80 94
67 94 97
67 96 83
68 77 89
68 78 94
68 79 92
68 80 83
68 96 95
68 98 81
69 70 80
69 78 92
69 82 10
69 87 86
69 89 85
69 92 97
69 98 98
70 76 93
70 82 94
70 83 86
70 93 91
71 84 98
71 91 88
72 76 90
72 87 98
73 88 88
74 76 88
74 77 99
74 85 80
74 87 89
74 91 86
74 93 87
75 78 84
75 84 85
75 96 95
76 78 92
76 82 10
76 89 94
76 93 93
76 95 95
77 82 99
77 83 88
77 85 97
77 95 94
77 99 2
78 89 93
79 91 92
79 96 95
80 86 98
81 82 86
81 98 93
82 86 82
82 90 86
82 91 85
82 92 93
82 94 96
83 97 82
83 99 3
84 86 1
84 89 91
84 90 3
84 94 92
84 99 98
85 87 6
86 88 84
88 94 93
88 99 89
89 90 8
89 93 1
89 96 97
90 95 8
90 97 97
90 98 90
90 99 10
92 94 84
95 98 80