100
0 20 6.411
0 10 8.254
0 56 10.691
0 57 14.139
0 58 11.934
0 59 12.834
0 60 12.932
0 61 11.447
0 62 6.798
0 63 12.876
0 64 12.464
0 65 11.95
0 66 9.84
0 67 10.944
0 68 15.537
0 69 14.703
0 70 12.541
0 71 10.757
0 72 13.069
0 73 10.754
0 74 13.66
0 75 7.202
0 76 10.11
0 77 13.211
0 78 15.318
0 79 9.988
0 80 13.63
0 81 11.473
0 82 9.871
0 83 13.323
0 84 12.498
0 85 12.323
0 86 10.476
0 87 11.705
0 88 12.7
0 89 13.394
0 90 11.337
0 91 13.041
1 40 11.335
1 9 12.686
1 92 11.656
1 93 8.728
1 94 12.385
1 95 12.826
1 96 10.731
1 97 12.142
1 98 9.116
1 99 12.654
2 24 6.201
2 56 5.972
2 92 9.66
3 20 9.483
4 7 7.755
4 47 5.46
4 51 5.706
4 23 9.883
4 46 7.785
4 57 15.686
4 93 13.203
5 30 7.119
5 41 9.626
5 45 6.22
5 7 5.758
5 58 8.152
5 94 14.7
6 46 5.5
6 55 4.263
6 59 13.705
6 95 16.186
7 96 12.046
8 13 10.386
8 35 6.349
8 33 6.453
8 60 14.452
8 97 12.65
9 36 8.141
9 61 8.494
9 98 11.66
10 17 9.858
10 62 10.466
10 99 13.06
11 20 6.876
11 63 12.386
12 15 6.496
12 17 6.311
12 54 8.461
13 16 7.151
13 21 3.791
13 64 9.319
14 21 6.625
14 65 9.638
16 27 5.997
16 66 9.695
17 33 7.026
17 67 13.384
18 48 3.182
18 35 7.908
19 22 12.824
19 46 4.592
19 68 10.603
20 24 6.406
20 69 12.149
21 50 4.356
23 38 6.03
23 43 5.661
23 70 12.996
25 50 5.271
25 71 12.32
26 35 7.583
27 72 9.945
28 46 6.436
29 41 4.56
30 73 9.476
31 42 6.204
31 74 6.625
32 52 10.116
33 36 8.666
34 50 9.446
34 75 15.749
35 76 12.022
37 49 8.939
37 53 2.062
37 48 4.991
39 42 3.302
39 77 9.297
41 78 10.669
42 54 5.432
42 43 8.511
42 79 8.111
43 80 12.388
44 52 7.285
44 55 6.677
44 81 9.218
45 82 7.283
46 83 8.454
47 84 10.938
48 85 12.573
49 86 11.71
50 87 11.471
51 88 14.871
52 89 12.194
54 90 18.33
55 91 16.0