100
0 1 2
0 2 3
0 3 4
0 4 5
0 5 6
5 8 7
8 4 8
5 9 9
0 6 2
4 9 4
6 7 4
6 8 3
6 9 6
6 10 3
6 11 86
11 13 6
6 12 6
10 17 8
9 11 1
7 9 1
8 14 2
11 15 23
12 13 34
12 14 7
12 15 18
12 16 12
12 17 3
12 18 5
12 21 7
14 22 8
18 19 3
18 20 23
18 21 5
18 22 25
18 23 8
18 26 15
28 29 7
27 28 9
21 29 1
29 23 2
23 22 3
22 25 5
25 19 8
19 21 9
24 25 9
24 26 7
24 27 4
24 28 5
24 29 6
35 28 1
31 35 3
28 29 7
34 29 4
31 25 8
32 33 91
32 27 66
25 26 78
26 27 55
30 31 55
30 32 55
30 33 4
30 34 13
30 35 54
36 30 53
31 36 61
35 36 62
34 35 87
33 28 3
39 34 31
36 37 45
36 38 21
36 39 33
36 40 57
36 41 8
39 44 63
37 43 33
41 47 94
39 44 12
40 46 65
42 43 5
42 44 9
42 45 45
42 46 44
42 47 25
44 53 26
47 53 27
43 48 99
46 53 45
47 52 22
48 49 23
48 50 66
48 51 7
48 52 89
48 53 76
48 58 2
58 59 3
56 53 4
56 52 55
57 52 42
50 51 42
54 55 32
54 56 44
54 57 56
54 58 78
54 59 3
59 63 49
59 55 35
60 54 36
54 64 96
54 61 66
60 61 77
60 62 88
60 63 22
60 64 23
60 65 56
67 68 77
68 69 18
69 70 91
70 71 15.5
71 67 55.5
67 60 12
61 62 11
63 64 10
66 67 90
66 68 20
66 69 30
66 70 40
66 71 50
72 67 60
72 66 70
74 68 80
69 75 90
70 77 1
77 76 2
71 73 3
72 73 4
72 74 5
72 75 6
72 76 7
72 77 8
74 81 9
75 80 10
78 76 11
77 72 12
83 73 13
77 82 14
78 79 15
78 80 16
78 81 17
78 82 18
78 83 19
80 87 20
83 88 21
84 85 22
84 86 23
84 87 24
84 88 25
84 89 26
84 90 27
90 91 38
90 92 29
90 93 30
90 94 31
90 95 32
90 96 33
99 93 34
91 96 35
97 92 36
99 94 37
96 97 38
96 98 39
96 99 40