99
0 1 2
1 2 90
2 3 90
3 4 0.1
5 6 56
6 7 5
0 10 3
0 11 90
2 12 0.25
3 13 75
4 14 50
5 14 5
8 17 0.1
8 27 90
9 28 20
9 38 20
9 19 20
9 29 20
14 15 5
15 16 27
10 20 4
11 22 1
14 23 25
15 25 6
15 26 7
16 27 80
18 27 90
19 28 20
19 38 20
19 29 20
20 21 5
21 22 80
24 25 25
27 28 90
28 29 20
24 33 55
25 35 7
27 36 20
27 37 15
28 38 20
29 38 20
32 33 30
36 37 30
30 41 7
31 41 6
32 41 87
32 42 42
34 43 69
35 46 7
38 47 30
39 49 30
40 41 8
44 45 27
45 46 1
41 50 4
41 51 3
41 52 29
43 52 70
44 53 70
46 56 90
47 56 90
48 57 1
48 58 70
49 59 5
54 55 30
50 60 4
53 63 50
54 73 75
54 64 32
55 66 70
56 67 90
57 67 90
58 69 69
59 69 69
61 62 77
65 66 1
66 67 90
67 68 90
60 71 7
62 71 15
64 74 42
66 76 5
67 98 1
68 79 80
70 71 15
71 72 2
75 76 15
76 77 1
71 80 5
72 84 10
74 84 10
76 86 6
77 98 99
78 89 84
80 81 2
81 82 1
82 83 1
88 89 70
80 90 1
83 92 70
83 93 15
85 94 60
85 95 60
86 96 6
87 98 99
88 98 99
91 92 80
93 94 10
97 98 99
