100
0 57 92.073
0 87 29.663
0 8 7.247
0 91 40.962
0 60 52.53
0 75 3.75
0 99 3.027
0 36 23.281
0 68 70.172
0 35 47.014
0 53 91.112
0 84 41.409
0 3 73.687
0 61 63.413
0 25 88.102
0 80 76.662
0 96 56.85
0 54 67.137
0 9 60.08
0 92 8.269
0 77 45.818
0 81 92.905
0 39 23.479
0 19 22.19
0 14 63.992
0 23 32.776
0 64 9.031
0 16 97.59
0 63 83.288
0 88 95.249
0 33 76.498
0 26 93.73
0 42 45.286
0 22 60.839
0 72 54.507
0 97 25.677
0 15 3.885
0 71 90.035
0 44 24.219
1 71 26.734
1 0 56.048
1 90 89.016
1 86 34.11
1 54 46.61
1 68 21.202
1 56 25.047
1 45 20.151
1 77 47.847
1 97 24.456
1 36 80.073
1 9 44.024
1 33 42.579
1 57 87.343
1 35 43.415
1 67 81.392
1 64 71.179
1 16 38.077
1 7 37.422
1 60 22.566
1 22 25.144
1 81 74.29
1 37 68.067
1 44 96.631
1 98 52.493
1 19 95.931
2 9 76.223
2 44 24.092
2 77 56.233
2 13 65.447
2 86 62.329
2 67 97.364
2 30 67.363
2 97 57.972
2 0 41.725
2 54 92.045
2 90 32.852
2 8 26.281
2 50 12.77
2 69 96.951
2 23 51.779
3 11 54.978
3 13 50.4
3 86 40.411
3 26 28.914
3 22 73.919
3 96 16.917
3 72 25.206
3 44 9.367
3 68 78.323
3 60 25.61
3 80 53.013
3 95 85.187
4 84 76.772
4 18 64.504
4 20 56.898
4 6 85.797
4 63 30.702
4 69 4.507
4 66 56.753
4 23 81.16
4 34 86.814
4 60 7.829
4 30 70.834
4 61 34.441
4 7 65.074
4 74 74.905
4 13 76.233
4 1 96.136
4 0 34.297
4 2 99.455
4 65 90.479
4 26 65.992
4 97 37.284
4 36 40.762
4 68 95.331
4 21 36.385
4 33 9.424
4 53 73.299
5 80 40.708
5 42 61.754
5 53 44.23
5 4 90.701
5 0 83.902
5 36 42.651
5 34 13.537
5 67 88.476
5 95 21.337
5 90 19.681
5 3 49.322
5 99 18.196
5 97 97.25
5 23 2.494
5 33 71.531
5 77 54.102
5 1 52.948
5 11 70.017
5 75 55.913
5 96 37.045
5 57 36.933
5 6 43.932
5 60 27.623
5 87 99.579
5 44 77.375
5 26 5.859
5 17 98.497
5 50 45.87
5 15 55.493
5 51 62.517
5 64 26.155
5 22 15.943
5 98 26.281
5 16 10.619
6 54 25.773
6 88 94.215
6 13 2.722
6 58 43.242
6 68 44.558
6 15 88.504
6 60 76.269
6 96 65.386
6 38 29.849
6 63 82.582
6 19 30.241
6 77 36.484
6 69 11.372
6 2 8.677
6 22 39.671
6 84 52.778
6 3 86.239
6 1 59.826
6 11 37.135
6 79 68.014
6 57 20.765
6 91 93.866
6 97 42.119
7 42 28.077
7 19 77.606
7 38 55.479
7 26 92.958
7 88 43.242
7 55 75.227
7 37 34.892
7 85 66.733
7 72 8.343
7 5 87.066
7 20 25.395
7 91 76.301
7 6 10.021
7 95 38.214
7 9 27.189
7 84 6.376
7 11 86.365
7 23 44.358
7 30 80.988
7 0 33.235
7 86 82.145
7 33 48.218
7 22 86.545
7 40 4.565
7 36 45.635
7 77 28.193
7 57 13.939
7 81 33.781
7 80 89.132
7 73 23.519
7 98 48.194
8 82 84.075
8 52 33.476
8 71 36.949
8 30 5.698
8 11 93.047
8 14 76.593
9 5 76.006
10 83 9.136
10 63 48.195
10 20 6.322
10 0 98.587
10 91 26.231
10 34 39.109
10 5 62.118
10 88 24.877
10 73 69.534
10 41 20.819
10 77 36.905
10 81 58.644
10 80 1.166
10 26 94.946
10 37 34.472
10 39 91.931
10 53 23.701
10 57 55.254
10 19 4.7
10 54 69.853
10 18 67.164
10 64 47.975
10 22 43.272
10 8 74.48
10 7 58.54
10 87 55.021
10 40 95.098
10 35 81.893
10 11 25.833
10 23 14.841
10 98 46.712
10 86 26.399
10 84 74.718
10 44 11.143
10 3 67.044
10 4 53.091
10 50 98.833
10 97 48.4
10 69 40.144
10 30 65.568
10 60 48.184
10 9 46.064
10 96 61.767
10 15 72.44
10 33 80.227
10 65 20.035
10 6 68.766
10 51 91.896
10 2 44.512
10 67 28.808
10 36 29.716
10 38 83.39
10 1 74.98
11 47 88.056
11 63 0.906
11 86 64.356
11 0 17.323
11 57 6.817
11 22 1.859
12 11 45.788
12 7 59.866
12 44 86.198
12 4 96.686
12 3 9.208
12 45 91.465
12 64 77.263
12 75 87.086
12 94 32.91
12 16 12.661
12 23 35.272
12 84 68.671
12 87 67.49
12 88 21.263
12 26 77.924
12 0 54.243
12 15 31.438
12 34 8.628
12 14 41.55
12 19 35.455
12 43 77.643
12 9 99.542
12 98 69.233
12 80 2.237
12 22 17.412
12 57 41.881
12 77 44.736
12 91 34.789
12 96 94.108
12 90 47.689
12 95 67.223
12 8 0.833
12 6 85.096
12 28 74.137
12 2 27.251
12 49 68.212
12 10 95.088
12 51 57.324
12 5 66.379
12 66 29.906
12 63 59.959
12 1 68.869
12 33 59.365
12 27 56.786
13 22 19.069
13 64 39.736
13 10 81.649
13 38 26.151
13 53 88.055
13 5 64.211
13 34 88.998
13 41 56.819
13 47 23.089
13 98 5.663
13 19 40.1
13 12 9.85
13 99 27.053
13 54 64.191
13 35 93.222
13 33 75.691
13 8 86.291
13 9 67.515
13 40 94.125
13 78 90.418
13 16 12.529
13 31 60.406
13 0 59.142
13 26 17.395
13 68 83.599
13 80 63.393
14 3 29.684
14 4 53.213
14 57 82.486
14 6 67.724
14 10 68.331
14 47 31.392
14 7 36.323
14 95 73.979
14 53 18.119
14 83 26.444
14 69 1.828
14 44 55.618
14 19 12.976
14 40 66.125
14 84 53.967
14 91 81.891
14 88 20.498
14 61 49.693
14 9 55.298
14 34 62.277
14 13 8.647
14 5 43.752
14 50 39.049
14 54 48.368
14 33 83.249
14 1 9.688
14 30 31.011
14 87 90.819
14 72 28.821
14 64 25.793
14 67 44.183
14 23 48.469
14 86 46.318
14 11 29.587
14 90 64.776
14 15 36.895
14 96 82.578
14 22 61.11
14 98 81.673
14 77 75.912
15 86 34.888
15 51 74.836
16 86 32.479
16 75 84.547
16 53 86.127
16 4 51.857
16 40 41.002
16 98 25.496
16 10 83.587
16 9 12.459
16 41 27.082
16 68 10.314
16 69 93.509
16 38 33.816
16 64 42.546
16 60 43.604
16 87 40.194
16 57 24.78
16 19 34.617
16 14 55.694
16 2 95.189
16 23 44.966
16 8 46.329
16 18 51.149
17 27 98.828
17 37 50.737
17 64 9.422
17 7 97.894
17 1 50.116
17 41 4.798
17 63 10.055
17 67 86.357
17 20 91.806
17 9 91.253
17 13 78.258
17 57 29.523
17 80 29.264
17 97 70.154
17 14 92.556
17 72 68.881
17 25 66.364
17 19 79.708
17 86 72.942
17 87 46.082
17 71 52.084
17 12 21.82
17 88 61.464
17 35 73.552
17 69 53.525
17 39 41.454
17 91 53.486
17 11 45.602
17 66 78.108
17 65 25.758
17 96 48.815
17 90 79.706
17 76 38.197
17 84 48.928
17 34 6.599
17 95 64.416
17 40 41.264
17 8 62.275
17 38 29.375
17 43 34.444
17 36 56.442
17 16 64.393
17 15 82.975
17 3 48.406
17 22 29.64
17 50 87.456
17 0 23.392
17 10 7.484
17 33 5.077
17 2 77.266
18 13 27.66
18 89 57.671
18 22 82.842
18 73 74.995
18 86 78.082
18 30 75.869
18 5 15.595
18 14 91.488
18 36 47.164
18 12 8.022
18 96 67.949
18 6 16.724
18 38 7.341
18 60 46.118
18 17 48.595
18 27 58.848
18 1 61.849
18 93 21.542
18 90 18.529
18 76 50.42
18 19 43.19
18 11 24.116
18 56 76.81
18 2 48.006
18 40 93.78
18 35 26.503
18 33 50.949
18 80 18.972
18 0 62.871
18 7 82.107
18 44 32.01
18 74 52.997
18 24 78.17
19 60 0.577
19 23 21.464
19 36 18.949
19 11 47.793
20 81 73.638
20 12 89.676
20 19 96.808
20 98 67.05
20 87 37.963
20 15 35.226
20 77 42.463
20 63 46.212
20 2 30.55
20 99 94.781
20 6 34.573
20 40 29.48
20 8 97.294
20 26 72.652
20 51 7.007
20 0 62.763
20 23 68.62
20 72 20.039
20 90 31.359
20 84 62.022
20 18 37.552
20 53 95.199
20 54 20.62
20 95 47.304
20 69 57.32
20 80 84.755
20 65 71.69
20 5 45.21
20 88 58.114
20 14 94.842
20 91 40.056
20 57 83.28
20 1 68.999
20 13 24.51
21 17 66.805
21 34 87.289
21 37 51.788
21 14 11.667
21 87 43.381
21 46 14.606
21 27 15.287
21 0 25.439
21 22 38.83
21 77 92.772
21 20 64.19
21 6 46.211
21 3 50.912
21 36 79.681
21 26 29.828
21 44 17.372
21 47 95.908
21 60 80.638
21 81 14.807
21 89 55.396
21 57 25.902
21 63 86.748
21 45 87.254
21 7 81.852
21 12 8.358
21 53 79.706
21 66 96.858
21 38 22.154
21 40 68.368
21 76 31.16
21 84 83.684
21 98 52.399
21 24 27.971
21 1 57.31
21 64 18.37
21 61 38.797
21 15 36.287
21 91 18.369
21 16 28.012
21 13 96.063
21 10 76.111
21 31 68.666
21 8 65.259
21 11 55.861
21 50 5.013
21 9 40.833
21 51 29.871
21 33 58.534
21 5 95.711
21 88 50.081
21 73 19.795
21 97 78.268
21 18 91.418
21 96 46.472
21 19 38.805
22 40 58.528
22 54 51.725
22 35 47.396
22 8 62.14
23 96 47.985
23 39 74.019
23 69 13.233
23 84 16.028
23 26 8.556
23 34 72.871
23 17 53.497
23 18 89.141
23 9 62.986
23 41 42.777
23 1 85.61
23 36 83.475
23 13 68.1
24 57 84.031
24 73 52.679
24 7 94.676
24 10 56.444
24 72 52.939
24 1 28.329
24 97 86.227
24 4 51.492
24 8 29.043
24 5 42.827
24 98 60.053
24 64 36.59
24 37 21.957
24 6 72.449
24 20 66.555
24 51 46.745
24 13 51.637
24 55 71.581
24 26 37.539
24 91 19.783
24 12 61.036
24 67 69.633
24 11 19.866
24 43 48.524
24 36 25.311
24 28 39.539
24 23 47.455
24 87 6.8
24 96 64.915
24 63 41.49
24 0 97.997
24 3 59.656
24 33 91.395
24 14 48.811
24 44 98.113
24 22 14.49
24 17 97.761
24 34 21.989
24 16 64.548
24 69 29.118
25 92 83.952
25 14 1.753
25 12 45.828
25 19 67.172
25 5 54.309
25 90 19.95
25 69 88.234
25 33 29.519
25 71 24.564
25 2 84.426
25 20 21.022
25 80 99.984
25 82 18.701
25 15 4.298
25 6 54.612
25 35 21.73
25 86 61.733
25 34 55.877
25 16 66.217
25 11 3.548
25 47 10.653
25 95 13.088
25 60 18.11
25 78 15.331
25 24 20.511
25 84 48.808
25 43 6.9
25 88 16.248
25 81 18.844
25 91 67.855
25 50 88.096
25 51 59.457
25 26 13.965
25 38 8.73
25 36 15.701
25 1 26.418
25 72 49.604
25 22 21.055
25 63 5.816
25 7 94.112
25 4 84.458
25 31 21.692
25 10 91.083
25 9 12.012
25 96 62.268
25 77 2.183
25 21 53.691
25 23 2.408
25 8 23.101
25 57 18.284
25 32 19.629
25 40 61.52
25 87 31.276
25 13 65.21
25 18 1.256
26 80 2.691
26 14 25.839
26 88 47.23
26 1 73.482
26 77 73.418
26 51 53.5
26 6 35.453
26 86 6.42
26 17 37.418
26 54 56.201
26 19 40.864
27 33 80.343
27 57 53.442
27 6 21.098
27 60 82.625
27 81 66.105
27 5 53.138
27 98 49.925
27 23 97.672
27 87 73.505
27 40 26.831
27 1 20.317
27 85 27.06
27 15 65.564
27 10 23.528
27 25 51.568
27 84 9.353
27 24 40.92
27 66 98.493
27 83 71.661
27 19 53.899
27 67 74.751
27 80 41.979
27 3 91.76
28 54 44.721
28 35 52.563
28 7 69.453
28 16 30.944
28 8 7.303
28 96 41.963
28 71 67.686
28 4 83.802
28 22 44.24
28 6 68.718
28 19 14.8
28 34 39.986
28 5 84.53
28 31 51.373
28 25 49.561
28 14 34.024
28 63 61.109
28 60 2.352
28 0 23.349
28 77 96.264
28 15 21.119
28 20 32.469
28 13 86.973
28 40 6.999
28 18 36.288
28 1 57.108
28 2 28.811
28 10 46.462
28 47 64.771
28 11 68.189
28 86 85.488
28 53 9.004
29 99 32.492
29 10 15.459
29 60 64.236
29 9 36.216
29 63 85.828
29 89 74.071
29 41 18.091
29 75 22.238
29 5 17.047
29 74 2.401
29 43 46.083
29 28 50.905
29 91 72.32
29 6 71.957
29 21 26.435
29 8 92.961
29 22 1.938
29 67 99.009
29 7 64.092
29 54 39.818
29 61 74.597
29 87 8.761
29 53 80.563
29 12 10.325
29 44 17.054
29 40 36.308
29 20 8.919
29 96 62.324
29 64 24.087
29 26 95.121
29 16 0.083
29 17 34.32
29 24 58.816
29 0 94.887
29 15 39.365
29 2 67.07
29 72 32.557
29 84 78.98
29 65 88.201
29 33 63.277
29 90 71.405
29 50 27.306
29 25 1.152
29 19 57.171
29 34 68.194
29 38 49.904
29 4 83.295
29 37 57.496
29 85 60.993
29 35 91.327
29 77 49.219
29 13 21.777
29 14 42.604
29 18 32.388
29 23 8.115
29 1 31.884
29 3 55.379
29 36 27.837
29 27 19.41
29 31 93.468
29 80 40.027
29 78 22.81
29 81 68.01
29 39 42.776
29 76 59.549
30 98 72.649
30 86 41.638
30 19 94.586
30 13 82.139
30 53 71.753
30 84 91.335
30 35 91.322
30 57 0.99
30 96 32.929
30 69 86.355
30 92 3.022
30 1 36.474
30 44 3.845
30 27 45.863
30 3 77.781
30 72 98.216
30 6 16.861
30 61 98.361
30 63 9.183
30 90 18.592
30 91 27.28
30 22 90.696
30 65 9.035
30 54 49.078
30 29 80.924
30 12 34.188
30 87 6.183
30 40 59.322
30 16 86.083
30 25 0.49
30 0 17.156
30 34 85.401
30 41 73.636
30 5 79.154
30 28 69.713
30 20 38.915
30 88 85.474
30 21 12.038
30 24 45.942
30 55 79.151
30 11 26.975
30 17 64.145
30 51 48.164
30 81 86.95
31 54 68.74
31 15 58.561
31 92 25.383
31 19 11.58
31 11 41.184
31 30 72.65
31 17 20.464
31 33 2.692
31 7 6.031
31 44 63.592
31 2 12.874
31 41 27.725
31 36 87.627
31 4 39.749
31 53 12.558
31 12 32.982
31 57 86.656
31 67 88.126
31 35 85.395
31 71 57.173
31 6 66.006
31 96 30.214
31 16 39.193
31 77 78.377
31 64 38.142
31 14 9.475
31 63 16.228
31 1 42.218
31 10 25.218
31 26 95.907
31 27 88.759
31 80 58.881
31 22 95.368
31 81 96.44
31 84 17.82
31 8 0.071
31 87 40.6
31 34 72.905
31 20 35.465
31 52 16.594
31 3 75.061
31 24 89.54
31 51 76.553
31 0 86.651
31 98 80.713
31 83 92.045
31 18 72.278
31 5 0.114
32 34 28.714
32 61 69.369
32 66 43.04
32 63 48.631
32 22 84.589
32 35 74.902
32 49 64.952
32 3 16.573
32 11 78.783
32 37 50.505
32 23 5.884
32 27 66.673
32 17 44.858
32 54 65.73
32 16 77.429
32 7 17.941
32 21 86.901
32 6 22.493
32 80 43.746
32 69 11.156
32 1 38.014
32 9 90.884
32 44 54.587
32 33 90.486
32 77 94.066
32 10 37.146
32 24 62.406
32 29 12.566
32 88 96.132
32 68 21.259
32 60 49.4
32 57 41.624
32 14 56.955
32 81 81.928
32 51 90.957
32 38 95.408
32 20 50.719
32 87 53.829
32 90 75.815
32 5 97.088
32 31 33.525
32 86 97.876
32 15 11.466
32 30 23.942
32 53 8.621
32 0 54.015
32 12 66.294
32 48 64.521
32 28 23.758
32 55 99.483
32 36 11.34
32 18 72.763
32 72 26.01
32 2 2.472
32 91 16.846
32 26 11.492
32 13 21.636
32 96 72.925
32 8 4.805
32 84 44.625
32 64 55.604
33 39 22.383
34 35 38.469
34 60 96.57
34 11 96.963
35 9 36.073
35 19 45.594
35 54 48.271
35 62 14.211
35 38 90.185
35 11 75.859
35 95 44.975
35 88 0.522
35 75 29.483
35 63 86.999
35 69 6.279
35 5 92.302
35 87 6.98
35 4 3.561
35 7 48.35
35 8 13.49
35 24 41.125
35 47 62.436
35 27 84.279
35 44 21.452
35 3 88.647
35 12 5.031
35 6 80.755
35 21 4.313
35 20 49.228
35 33 0.644
35 36 11.608
35 41 9.909
35 84 53.727
35 77 13.002
36 12 60.684
36 22 38.905
36 72 35.848
36 41 8.248
36 14 62.15
36 50 13.241
37 56 55.833
37 14 18.55
37 96 15.642
37 42 55.584
37 6 64.449
37 3 26.503
37 2 35.142
37 5 16.46
37 4 93.741
37 80 93.562
37 40 17.46
37 12 48.176
37 65 85.616
37 97 91.73
37 84 25.161
37 8 99.614
37 25 42.732
37 30 3.237
37 19 42.844
37 31 0.526
37 90 42.85
37 34 2.989
37 0 90.899
37 15 65.599
37 87 25.601
37 64 82.194
37 28 1.455
37 86 40.539
37 20 58.035
37 36 9.647
37 79 54.33
37 13 52.116
37 69 53.839
37 60 89.555
37 26 11.148
37 33 6.952
37 39 14.14
38 40 13.195
38 53 22.549
38 30 13.403
38 26 50.955
38 22 56.429
38 23 44.093
38 61 67.587
38 20 44.702
38 33 61.764
38 69 12.015
38 14 29.657
38 90 28.913
38 78 30.34
38 12 51.349
38 28 48.356
38 73 46.238
38 96 1.671
38 24 59.098
38 43 68.878
38 27 35.086
38 37 31.709
38 44 85.262
38 63 38.934
39 84 60.385
39 1 51.171
39 5 44.546
39 30 70.514
39 98 48.907
39 22 27.871
39 21 0.612
39 51 13.003
39 7 89.868
39 96 44.24
39 71 98.211
39 92 40.891
39 6 71.69
39 25 89.738
39 57 62.415
39 73 18.347
39 64 75.195
39 20 57.001
39 2 15.569
39 14 94.856
39 16 3.535
39 81 76.488
39 44 63.397
39 28 26.526
39 45 72.134
39 27 61.926
39 24 71.287
39 13 55.987
39 91 38.59
39 9 35.547
39 31 96.705
39 32 43.948
39 18 47.008
39 12 54.442
39 77 12.717
39 72 42.361
40 52 94.418
40 88 85.784
40 0 6.489
40 19 34.543
40 23 24.658
40 26 95.578
40 12 56.219
40 35 82.212
40 39 15.813
40 54 7.304
40 32 10.432
40 69 2.719
40 96 38.667
40 72 99.726
40 34 31.485
40 24 0.864
40 41 63.841
41 7 67.983
41 57 27.441
41 77 62.011
41 28 18.267
41 96 70.365
41 33 16.751
41 27 39.461
41 54 87.848
41 14 1.009
41 64 97.415
41 11 18.137
41 5 53.699
41 25 26.896
41 1 41.668
41 24 16.16
41 3 73.877
41 38 4.676
41 18 43.098
41 15 31.915
41 20 91.764
41 89 85.257
41 86 39.887
41 2 46.591
41 98 93.581
41 0 53.084
41 62 66.627
41 48 65.978
41 43 29.241
41 51 83.159
41 42 59.387
41 37 10.501
41 12 18.856
41 39 92.195
41 87 95.886
41 60 15.67
41 22 66.602
41 8 90.67
41 88 90.822
41 63 62.519
41 72 20.777
41 65 18.356
41 94 74.565
41 44 54.191
41 97 33.174
41 66 30.67
42 30 23.356
42 1 63.158
42 38 43.656
42 44 36.04
42 91 97.519
42 61 15.114
42 21 8.631
42 3 74.873
42 16 91.393
42 64 2.549
42 32 11.405
42 33 69.256
42 8 93.983
42 34 62.401
42 18 63.337
42 31 97.232
42 80 76.197
42 54 12.226
42 81 89.101
42 39 0.149
42 77 50.974
42 25 52.662
42 56 0.718
42 40 15.563
42 84 74.279
42 45 31.811
42 10 91.588
42 35 14.33
42 6 2.487
42 28 89.306
42 29 76.785
42 68 81.401
42 24 66.741
42 53 46.728
42 49 91.992
42 65 52.139
42 13 38.915
42 9 95.878
42 87 83.409
42 63 15.404
42 95 64.96
42 27 49.877
42 36 31.223
42 98 99.518
42 12 1.752
42 60 32.915
42 17 16.441
42 20 51.949
42 99 11.287
42 79 18.127
43 60 26.682
43 44 72.655
43 8 66.845
43 77 67.408
43 36 57.173
43 5 4.055
43 63 53.823
43 84 13.132
43 98 33.887
43 80 44.238
43 6 12.325
43 64 54.569
43 51 91.307
43 1 8.088
43 33 19.875
43 87 38.103
43 37 95.354
43 11 63.163
43 3 65.79
43 57 69.347
43 53 21.8
43 10 58.406
43 20 94.107
43 27 89.496
43 67 41.98
43 72 33.88
43 97 53.302
43 2 2.598
43 91 31.195
43 42 77.91
43 15 18.572
43 0 6.269
43 28 16.517
43 4 98.358
43 78 24.408
43 95 79.602
43 16 72.369
43 52 89.44
43 19 64.126
43 7 59.585
43 34 1.914
43 79 60.658
43 32 80.54
43 40 89.861
43 22 58.481
43 21 8.726
43 13 39.789
43 30 63.937
43 39 97.516
43 68 77.705
43 18 55.754
43 14 65.113
44 72 39.658
44 25 75.082
44 95 87.084
44 54 79.254
44 20 91.735
44 23 20.096
44 6 98.118
45 8 90.255
45 77 71.045
45 64 54.347
45 4 40.732
45 22 86.138
45 29 34.375
45 67 83.991
45 40 58.764
45 14 36.334
45 46 52.594
45 41 37.525
45 36 30.274
45 84 95.604
45 80 10.617
45 2 50.717
45 97 32.357
45 13 50.925
45 27 13.335
45 18 66.097
45 81 74.825
45 65 16.93
45 60 0.036
45 0 13.289
45 28 93.05
45 3 72.839
45 33 87.863
45 26 23.235
45 44 73.349
45 38 6.249
45 56 72.791
45 96 19.208
45 6 57.454
45 23 33.313
45 34 61.09
45 54 26.625
45 16 42.794
45 15 75.451
45 57 78.55
45 72 62.833
45 35 27.92
45 52 56.217
45 32 65.401
45 85 12.316
45 17 14.575
45 5 53.061
45 37 7.089
45 11 44.384
45 87 90.973
45 10 89.465
45 78 80.038
45 68 99.169
45 24 35.255
45 30 56.655
45 51 47.235
45 66 51.275
45 25 53.02
45 20 3.55
45 53 90.539
45 19 8.718
45 7 40.549
45 63 98.048
45 31 78.485
46 24 5.143
46 39 97.111
46 66 72.727
46 11 3.563
46 92 58.436
46 34 58.921
46 12 8.761
46 15 69.658
46 41 75.236
46 18 39.668
46 8 82.89
46 1 59.277
46 97 62.477
46 31 39.205
46 40 66.587
46 33 2.05
46 77 34.917
46 6 85.05
46 19 24.672
46 43 17.491
46 26 28.021
46 80 74.086
46 87 29.224
46 47 33.552
46 84 54.335
46 9 23.286
46 35 79.665
46 2 46.105
46 3 80.114
46 37 31.982
46 14 1.497
46 0 17.183
46 30 25.587
46 64 24.966
46 5 5.907
46 91 71.604
46 95 95.67
46 27 53.942
46 28 36.839
46 63 51.974
46 7 7.465
46 22 6.322
46 32 5.877
46 25 79.822
46 54 52.018
46 10 9.759
46 16 3.201
46 86 95.624
46 53 42.666
46 96 40.459
46 69 46.76
46 81 57.019
46 44 93.131
46 4 94.514
46 90 12.37
46 57 12.437
46 17 95.969
46 23 19.394
46 42 32.699
46 29 14.254
46 20 85.294
46 13 3.325
47 16 88.713
47 4 58.48
47 19 68.609
47 29 23.945
47 68 98.271
47 24 61.714
47 61 91.759
47 5 89.332
47 77 97.919
47 51 82.374
47 43 42.254
47 90 89.691
47 78 55.886
47 10 59.267
47 65 84.996
47 34 91.413
47 95 88.604
47 32 90.332
47 45 33.698
47 2 96.665
47 44 65.762
47 87 87.247
47 37 94.138
47 31 27.737
47 18 15.76
47 0 65.775
47 42 4.8
47 97 52.719
47 30 73.085
47 17 60.374
47 71 78.92
47 12 20.83
47 38 78.229
48 51 9.785
48 44 20.792
48 77 89.461
48 39 31.314
48 57 82.005
48 60 87.581
48 89 55.44
48 33 50.133
48 8 26.194
48 73 3.531
48 30 96.635
48 90 75.568
48 6 10.763
48 28 39.079
48 37 99.119
48 22 39.192
48 20 88.461
48 47 30.678
48 81 44.07
48 34 57.338
48 10 73.991
48 7 47.543
48 31 80.228
48 82 18.836
48 13 27.862
48 95 29.857
48 1 47.165
48 27 14.02
48 29 34.396
48 64 39.115
48 3 6.794
48 19 83.076
48 80 58.216
48 36 47.454
48 88 9.271
48 45 1.194
48 17 94.977
48 16 1.373
48 9 93.564
48 50 41.305
48 26 69.701
48 91 52.834
48 18 14.704
48 87 78.28
48 4 8.119
48 86 36.517
48 65 70.728
48 98 53.699
48 2 96.737
48 78 6.36
48 14 56.604
48 46 6.552
48 35 79.692
48 84 70.046
48 72 78.393
48 0 67.213
48 53 86.213
48 69 16.563
48 12 41.208
48 38 86.847
48 66 67.387
48 11 34.145
48 25 22.26
48 42 91.088
48 96 16.046
48 54 48.745
48 21 4.125
48 40 31.638
48 5 5.391
48 43 61.978
49 37 99.465
49 16 41.633
49 45 22.942
49 38 70.242
49 68 0.691
49 24 32.749
49 23 31.288
49 44 76.595
49 83 59.678
49 3 81.429
49 91 32.087
49 63 94.495
49 21 7.672
49 52 6.796
49 28 69.19
49 29 69.023
49 34 6.467
49 80 25.771
49 47 22.988
49 6 11.651
49 77 15.042
49 48 52.463
49 8 19.197
49 1 22.987
49 46 87.05
49 7 83.784
49 19 56.97
49 41 76.055
49 40 74.447
49 76 69.614
49 69 40.678
49 98 90.1
49 36 32.001
49 53 83.562
49 54 77.732
49 14 41.937
49 43 60.289
49 96 60.438
49 72 22.317
49 86 55.354
49 73 57.867
49 81 54.937
49 10 78.827
49 95 12.468
49 30 97.466
49 25 51.598
49 9 63.583
49 4 29.739
49 33 14.879
49 20 30.124
49 57 68.155
49 22 57.278
49 0 55.59
49 60 80.785
49 31 22.543
49 13 93.957
49 17 85.849
49 27 92.048
49 78 97.01
49 61 2.237
49 2 25.075
49 26 29.019
50 16 94.555
50 3 1.707
50 34 78.617
50 12 8.499
50 33 76.361
50 88 11.373
50 15 22.994
50 7 18.495
50 32 23.354
50 23 91.461
50 4 46.238
50 46 77.337
50 0 91.853
50 86 49.983
50 1 5.19
50 57 13.987
50 6 38.706
50 13 66.273
50 96 73.456
50 65 6.634
50 35 13.248
50 43 34.368
50 19 72.65
50 20 25.526
50 99 88.198
50 30 18.777
50 31 50.064
50 60 8.72
50 54 32.469
50 41 67.908
50 26 69.647
50 24 94.067
50 87 65.695
50 98 78.98
50 45 96.884
50 42 62.692
50 49 69.701
50 63 18.526
50 67 47.282
50 22 68.638
51 0 0.436
51 81 87.302
51 54 30.354
51 11 1.481
51 46 80.255
51 52 61.79
51 36 98.096
51 3 54.612
51 19 13.188
51 44 61.593
51 89 64.279
51 16 20.426
51 75 97.777
51 4 96.724
51 17 66.332
51 18 85.499
51 49 11.319
51 90 82.627
51 40 20.401
51 66 61.498
51 29 72.095
51 91 71.173
51 9 15.396
51 50 23.495
51 77 90.412
51 33 35.265
51 27 56.629
52 47 54.908
52 81 27.608
52 7 81.09
52 67 79.949
52 20 61.725
52 88 64.722
52 29 87.625
52 38 2.326
52 21 53.6
52 85 38.116
52 57 55.207
52 42 44.645
52 54 46.515
52 3 0.129
52 86 58.886
52 16 95.004
52 73 42.394
52 26 3.687
52 84 46.926
52 41 83.999
52 10 41.65
52 77 42.88
52 34 58.311
52 25 78.423
52 0 82.409
52 15 83.136
52 35 1.464
52 19 88.141
52 27 79.498
52 9 92.98
52 22 83.423
52 24 17.419
52 2 27.465
52 36 8.613
52 17 21.179
52 5 55.925
52 44 81.519
52 48 72.9
52 69 53.149
52 4 16.008
52 37 6.722
52 46 19.745
52 23 48.55
52 13 63.257
52 6 24.057
52 12 34.968
52 14 33.229
52 60 12.941
52 98 90.129
52 80 44.693
52 18 31.48
52 63 96.449
52 1 24.022
52 50 42.742
53 36 27.266
53 54 73.254
53 12 94.283
53 63 20.334
53 67 61.809
53 52 21.886
53 2 49.05
53 44 51.86
53 37 61.664
53 17 77.622
53 92 29.711
53 76 82.637
53 83 24.633
53 1 5.673
53 57 5.092
53 80 90.934
53 7 29.696
53 3 67.854
53 84 45.651
53 11 78.337
53 65 80.035
53 33 32.645
53 98 76.423
53 87 56.044
53 22 19.557
53 61 20.593
53 50 38.277
53 41 28.431
53 73 92.7
54 37 68.731
54 23 67.595
54 7 21.032
54 21 25.529
54 72 15.106
54 17 17.799
54 12 37.239
55 4 72.678
55 25 31.054
55 52 29.496
55 31 27.686
55 39 83.711
55 45 25.412
55 17 1.137
55 2 36.929
55 21 76.064
55 29 77.11
55 22 13.511
55 41 39.619
55 48 43.441
55 19 34.426
55 86 47.645
55 0 28.566
55 46 46.368
55 23 85.909
55 26 56.676
55 43 96.092
55 63 73.663
55 95 51.819
55 9 20.158
55 96 89.916
55 51 54.635
55 14 5.62
55 20 3.133
55 27 21.725
55 15 26.344
55 78 30.629
55 35 2.045
55 37 8.018
55 33 92.739
55 68 51.045
55 64 55.525
55 40 90.611
55 44 0.43
55 47 65.453
55 54 36.864
55 28 27.589
55 38 93.184
55 16 92.029
55 1 54.536
55 98 13.98
55 11 95.162
55 34 22.565
55 66 46.167
55 5 72.699
55 57 36.969
55 3 91.064
55 53 47.126
55 50 35.66
55 10 89.83
55 12 16.479
55 61 22.579
55 13 16.403
55 18 40.014
55 77 78.727
55 94 0.874
55 85 14.349
55 42 38.403
56 29 67.717
56 67 71.628
56 4 1.756
56 12 9.701
56 57 32.355
56 25 0.312
56 52 75.284
56 50 81.04
56 49 98.083
56 16 31.522
56 46 38.844
56 31 98.283
56 65 65.622
56 44 37.73
56 2 51.074
56 39 44.902
56 33 8.075
56 69 6.426
56 13 57.346
56 32 64.958
56 21 58.927
56 26 38.145
56 36 67.733
56 66 5.05
56 17 89.373
56 9 47.021
56 20 46.678
56 43 32.795
56 91 31.128
56 10 35.936
56 30 68.252
56 7 49.534
56 98 82.464
56 88 79.305
56 53 6.408
56 86 53.455
56 15 73.186
56 28 90.027
56 51 57.09
56 14 98.995
56 11 56.376
56 77 2.023
56 54 17.185
56 96 67.815
56 64 29.141
56 0 80.749
56 81 23.188
56 60 41.683
56 24 81.678
56 27 58.838
56 55 8.328
56 22 81.559
56 48 28.857
56 38 82.691
57 40 98.979
57 29 68.783
57 51 1.661
57 8 93.954
57 47 70.663
57 34 22.381
57 18 27.87
57 4 37.462
58 22 35.073
58 32 65.984
58 86 56.511
58 17 1.77
58 52 98.996
58 18 17.111
58 31 36.725
58 69 73.527
58 89 76.701
58 2 71.227
58 80 42.807
58 21 58.693
58 56 31.004
58 98 71.554
58 46 56.541
58 23 56.389
58 81 66.543
58 0 82.435
58 90 36.817
58 45 41.432
58 12 73.556
58 66 71.776
58 49 1.534
58 72 36.921
58 37 19.935
58 50 62.687
58 92 3.11
58 44 36.421
58 63 66.584
58 27 62.339
58 42 38.32
58 13 85.777
58 20 70.859
58 64 8.683
58 88 17.723
58 77 67.002
58 48 77.014
58 38 94.463
58 47 86.707
58 39 61.966
58 29 83.535
58 96 19.561
58 7 87.796
58 57 70.861
58 28 1.175
58 51 34.195
58 30 70.583
58 16 56.619
58 43 93.266
58 84 73.493
58 34 91.9
58 1 93.716
58 97 12.503
58 53 85.128
58 35 29.424
58 24 59.377
58 87 40.731
58 54 82.791
58 65 97.107
58 91 82.455
58 60 80.23
58 36 82.382
58 19 33.482
58 25 65.009
58 14 89.165
58 11 38.15
58 4 72.954
58 3 7.958
58 61 73.762
58 33 54.005
58 40 98.252
58 55 23.262
58 15 23.753
58 10 49.365
58 26 39.579
59 84 45.802
59 32 79.702
59 11 95.222
59 40 8.556
59 63 83.437
59 9 49.552
59 10 26.134
59 25 45.534
59 57 50.023
59 1 42.412
59 4 85.632
59 28 42.292
59 65 47.56
59 80 57.812
59 8 68.065
59 2 12.345
59 31 5.41
59 20 72.097
59 29 74.966
59 13 37.316
59 43 91.69
59 64 86.753
59 60 71.366
59 68 7.56
59 26 46.948
59 53 21.21
59 69 29.796
59 55 19.559
59 37 8.079
59 45 14.136
59 77 93.73
59 22 85.227
59 35 93.358
59 36 36.47
59 14 3.221
59 33 15.536
59 16 3.955
59 99 46.564
59 17 3.148
59 95 65.916
59 18 22.796
59 49 53.095
59 47 43.295
59 23 64.58
59 6 29.793
59 58 65.686
59 5 98.554
59 15 3.956
59 56 59.285
59 19 80.068
59 42 83.863
59 86 42.49
59 39 13.138
59 52 43.998
59 41 32.443
59 0 98.523
59 54 38.375
59 87 9.226
59 90 14.968
59 72 28.416
59 51 27.716
59 12 72.072
59 38 16.853
59 91 21.092
59 96 33.043
59 7 86.009
59 44 95.586
59 34 97.739
59 27 24.134
59 30 70.693
59 3 71.906
59 24 17.919
59 48 61.48
59 46 59.822
59 21 42.235
60 24 42.474
60 72 75.191
60 12 59.042
60 36 77.934
60 84 27.679
60 46 73.979
60 61 85.86
60 38 48.112
60 55 96.629
60 30 53.59
60 35 16.354
60 68 88.604
61 34 67.598
61 2 15.552
61 3 84.72
61 31 53.718
61 33 9.606
61 12 34.075
61 68 56.572
61 16 94.357
61 35 32.981
61 41 57.372
61 88 18.081
61 48 58.48
61 51 60.763
61 36 82.299
61 25 57.034
61 40 91.418
61 97 13.486
61 57 74.615
61 46 32.347
61 9 80.39
61 5 77.794
61 72 74.753
61 37 30.133
61 52 46.162
61 56 50.712
61 17 18.07
61 6 98.563
61 23 51.007
61 43 90.95
61 59 65.837
61 63 5.815
61 39 26.534
61 26 7.45
61 77 44.22
61 65 52.088
61 28 82.343
61 11 46.73
61 1 77.591
61 10 70.049
61 45 93.047
61 13 68.096
61 8 10.55
61 24 53.491
61 98 3.782
61 20 42.651
61 19 66.206
61 95 45.665
62 49 74.465
62 74 24.061
62 52 9.504
62 63 61.485
62 76 30.264
62 1 80.967
62 26 56.733
62 13 80.054
62 64 44.982
62 6 94.653
62 46 63.017
62 85 52.089
62 37 98.117
62 30 96.965
62 34 26.08
62 27 19.789
62 59 13.628
62 31 28.418
62 88 53.558
62 89 99.673
62 45 86.83
62 50 44.691
62 99 96.847
62 20 5.064
62 8 32.325
62 84 6.574
62 91 32.461
62 83 38.9
62 90 92.974
62 28 99.616
62 98 91.238
62 42 20.797
62 33 23.892
62 25 84.82
62 10 94.648
62 51 93.572
62 80 82.143
62 23 48.824
62 5 69.748
62 9 14.151
62 24 0.481
62 4 35.188
62 87 85.847
62 2 77.779
62 12 21.159
62 14 48.386
62 18 60.636
62 48 6.196
62 7 80.153
62 38 20.029
62 60 31.531
62 19 9.582
62 54 6.36
62 69 84.305
62 67 93.111
62 96 43.849
62 55 69.406
62 57 2.346
62 53 76.122
62 61 79.762
62 68 91.765
62 44 44.546
62 40 15.74
62 15 88.294
62 17 51.966
62 22 6.151
62 43 54.723
62 3 44.388
62 56 82.368
62 16 88.181
62 47 59.193
62 39 27.671
62 32 85.259
62 36 12.397
62 58 98.416
62 77 1.632
62 0 55.84
62 11 42.163
62 21 50.52
62 72 15.583
62 29 8.923
62 86 64.844
63 48 66.299
63 15 10.367
63 1 11.584
64 49 12.064
64 53 35.901
64 20 19.8
64 91 24.878
64 96 42.347
64 87 2.071
64 83 89.703
64 18 95.288
64 6 66.583
64 19 79.82
64 52 28.109
64 7 96.742
64 54 71.086
64 44 81.245
64 11 62.34
64 81 95.314
64 63 56.769
65 40 12.782
65 60 27.339
65 11 51.02
65 49 90.428
65 18 6.219
65 34 27.039
65 96 43.302
65 43 64.563
65 32 88.601
65 8 59.833
65 44 64.87
65 1 15.911
65 52 4.766
65 22 22.623
65 80 90.253
65 2 27.665
65 23 81.915
65 21 91.917
65 0 17.12
65 19 52.996
65 24 54.399
65 83 45.525
65 35 68.187
65 46 62.569
65 85 99.082
65 51 4.497
65 95 14.38
65 31 41.134
65 97 13.887
65 69 12.216
65 6 53.641
65 13 38.926
65 14 72.666
65 12 91.986
65 25 91.512
65 55 46.271
66 79 39.79
66 96 90.463
66 34 62.142
66 59 15.841
66 13 18.521
66 69 54.386
66 50 89.259
66 95 87.486
66 28 95.409
66 76 10.549
66 42 62.333
66 6 38.334
66 37 69.458
66 65 26.185
66 35 63.664
66 86 98.198
66 98 23.419
66 22 94.809
66 15 27.55
66 5 52.135
66 10 3.756
66 18 77.746
66 38 67.711
66 29 34.937
66 40 3.773
66 57 77.176
66 1 17.741
66 72 56.992
66 30 0.992
66 73 30.416
66 36 48.599
66 52 15.288
66 80 45.881
66 91 30.281
66 24 57.045
66 31 51.538
66 0 95.253
66 7 90.357
66 16 44.519
66 23 30.712
66 26 9.957
66 9 17.592
66 54 31.597
66 25 98.178
66 2 90.661
66 3 22.22
66 87 93.029
66 63 16.386
66 62 23.623
66 94 97.663
66 49 76.751
67 69 44.961
67 37 43.414
67 64 83.535
67 60 50.798
67 32 36.754
67 83 56.52
67 34 60.395
67 61 27.58
67 4 19.398
67 41 99.904
67 18 15.368
67 46 25.943
67 40 2.793
67 57 93.933
67 87 61.13
67 65 55.776
67 8 42.012
67 11 10.276
67 30 33.794
67 19 34.798
67 81 91.263
67 25 84.889
67 54 68.964
67 51 55.169
67 28 91.011
67 77 17.929
67 59 49.747
67 39 79.693
67 0 58.982
67 20 76.262
67 48 85.474
67 47 70.47
67 84 63.792
67 12 27.505
67 36 19.771
67 88 12.225
67 13 24.705
67 94 62.714
67 26 10.373
67 55 18.42
67 96 98.822
67 23 54.344
67 42 25.946
67 16 88.545
67 44 1.805
67 35 20.309
67 58 41.31
67 7 52.432
67 21 31.324
67 73 90.913
68 14 83.672
68 18 62.083
68 72 65.903
68 41 92.788
68 34 77.832
68 25 84.788
68 12 40.372
68 36 35.756
68 27 71.522
68 20 15.555
68 67 4.745
68 7 21.087
68 35 3.633
68 37 52.797
68 2 41.98
68 33 26.44
68 11 61.633
68 21 51.568
68 86 83.534
68 53 60.631
68 10 37.981
68 29 97.168
68 17 3.279
68 77 2.929
68 52 53.884
68 31 36.213
68 24 45.959
68 50 15.633
68 66 72.548
68 87 51.037
68 9 12.307
68 46 78.3
68 69 33.262
68 64 75.808
68 38 4.408
68 44 75.741
68 98 85.096
68 28 6.702
68 96 1.689
68 48 82.369
68 51 16.561
68 65 91.151
68 58 14.501
68 5 58.503
69 21 69.814
69 86 78.323
69 57 99.413
69 78 25.581
69 42 46.671
69 50 31.294
69 61 38.001
69 55 86.908
69 31 57.159
69 80 89.035
69 60 65.338
69 0 61.018
69 41 52.44
69 18 87.461
69 5 7.916
69 3 1.219
69 45 41.272
69 29 38.448
69 97 50.227
69 47 56.43
69 98 7.799
69 12 4.741
69 96 26.922
69 39 86.465
69 26 14.818
69 85 50.553
69 84 98.519
69 1 7.74
70 4 3.856
70 96 93.518
70 86 75.392
70 22 11.203
70 77 90.793
70 24 39.785
70 80 33.06
70 51 35.991
70 6 5.545
70 47 66.448
70 9 38.494
70 37 90.604
70 21 25.239
70 11 38.085
70 0 14.069
70 16 18.886
70 20 32.381
70 40 34.556
70 1 68.993
70 98 3.131
70 35 84.56
70 23 10.14
70 31 16.138
70 88 5.359
70 49 82.56
70 66 41.67
70 57 12.621
70 91 51.147
70 25 8.869
70 81 29.99
70 84 75.807
70 83 79.264
70 69 8.085
70 3 7.875
70 46 34.401
70 59 58.752
70 26 16.963
70 54 9.401
70 63 28.78
70 55 85.604
70 64 32.038
70 52 19.819
70 48 46.592
70 56 72.657
70 62 63.624
70 87 98.894
70 38 88.443
70 67 59.536
70 13 51.534
70 29 95.506
70 53 91.421
70 60 35.809
70 10 77.254
70 61 74.049
70 14 51.086
70 45 53.177
70 18 56.11
70 36 11.738
70 19 84.629
70 39 52.805
70 34 88.111
70 90 66.238
70 8 2.945
70 68 51.329
70 65 17.956
70 97 11.576
70 50 36.435
70 30 27.198
70 42 28.619
70 27 59.022
70 28 0.644
70 58 38.549
70 33 23.365
70 15 57.805
70 5 7.482
70 44 68.546
70 7 25.247
70 43 26.634
70 2 48.126
70 41 4.693
70 92 82.138
70 32 18.141
70 12 48.194
70 17 30.084
70 72 95.851
71 96 10.301
71 58 6.82
71 23 75.351
71 73 7.226
71 38 91.886
71 10 34.359
71 97 71.513
71 50 35.267
71 77 9.802
71 69 83.745
71 32 38.293
71 37 35.223
71 24 62.245
71 6 64.922
71 82 54.079
71 7 19.255
71 14 26.473
71 86 95.141
71 63 87.588
71 2 91.347
71 16 69.277
71 43 99.424
71 5 42.476
71 13 17.633
71 52 26.614
71 22 1.829
71 18 50.491
71 61 46.209
71 12 74.71
71 19 3.389
71 41 88.035
71 21 87.624
71 51 19.893
71 59 17.452
71 81 52.287
71 80 43.52
71 60 29.106
71 42 44.449
71 91 56.961
71 20 85.315
71 74 29.602
71 44 84.456
71 35 71.277
71 90 40.526
71 15 26.177
71 3 8.448
71 11 7.703
71 57 99.426
71 70 64.509
71 29 58.964
71 56 26.098
71 78 3.449
71 45 10.46
71 98 36.592
71 30 99.415
71 62 73.433
71 55 12.946
71 4 79.421
71 34 38.472
71 40 60.197
71 54 21.564
71 68 31.819
71 46 76.73
71 36 12.282
71 49 76.928
71 65 66.918
71 48 75.509
72 19 15.707
72 1 3.992
72 37 49.485
72 18 81.989
72 42 84.87
72 71 56.006
72 4 74.774
72 12 22.697
72 5 16.722
72 46 1.963
72 21 96.725
72 11 69.038
73 29 32.155
73 12 27.182
73 88 12.568
73 65 49.838
73 9 51.212
73 31 12.374
73 1 64.913
73 91 20.615
73 59 89.456
73 26 71.543
73 41 3.623
73 85 67.507
73 34 84.169
73 35 31.757
73 90 84.467
73 42 47.928
73 33 60.949
73 23 19.93
73 56 97.825
73 75 63.512
73 69 56.453
73 32 13.253
73 62 85.535
73 43 13.179
73 15 33.437
73 81 23.514
73 98 59.62
73 30 11.895
73 14 82.656
73 70 84.784
73 40 35.65
73 68 89.669
73 17 26.556
73 13 52.871
73 5 10.307
73 50 25.863
73 0 63.598
73 4 66.836
73 22 80.417
73 46 31.798
73 20 75.035
73 55 32.65
73 6 88.625
73 25 83.175
73 63 55.084
73 16 45.664
73 58 37.268
73 84 2.732
73 8 71.087
73 51 12.886
73 72 75.285
74 76 44.245
74 99 91.89
74 21 43.864
74 73 16.874
74 67 79.503
74 32 38.536
74 75 54.298
74 88 10.147
74 14 3.676
74 61 97.035
74 0 21.49
74 35 58.451
74 38 23.571
74 51 6.623
74 53 13.229
74 45 24.749
74 40 30.119
74 42 53.431
74 94 13.035
74 49 99.057
74 78 70.661
74 30 26.406
74 59 49.491
74 28 97.127
74 10 90.584
74 27 37.386
74 81 94.664
74 41 27.909
74 39 87.237
74 80 21.727
74 50 50.445
74 63 17.324
74 77 21.172
74 46 77.52
74 70 93.951
74 23 42.855
74 55 23.049
74 68 64.61
74 48 52.38
74 12 2.543
74 15 15.893
74 64 5.344
74 89 73.595
74 8 42.03
74 31 26.314
74 54 53.717
74 66 60.857
74 47 59.402
74 17 24.543
74 69 29.936
74 44 76.231
74 86 29.031
74 7 29.736
74 52 10.95
74 96 94.743
74 56 30.638
74 43 12.852
74 24 60.436
74 60 35.789
74 37 71.369
74 2 79.418
74 6 25.488
75 13 10.071
75 62 34.728
75 64 79.862
75 90 11.888
75 21 25.179
75 56 66.695
75 36 20.638
75 30 50.617
75 11 17.154
75 43 96.925
75 54 89.981
75 14 69.954
75 68 41.94
75 38 65.421
75 77 91.95
75 61 66.274
75 47 94.438
75 26 86.353
75 83 24.236
75 1 96.759
75 27 16.69
75 3 75.182
75 53 68.36
75 67 64.585
75 45 23.936
75 19 87.304
75 48 66.232
75 40 86.141
75 34 45.691
75 88 2.336
75 17 90.146
75 20 64.798
75 46 43.031
75 66 44.679
75 84 17.537
75 41 24.729
75 95 51.763
75 91 13.3
75 28 35.55
75 37 29.422
75 25 90.368
75 87 15.681
75 24 34.174
75 31 39.012
75 39 97.482
75 32 52.664
75 70 88.657
75 15 50.379
75 55 88.34
75 33 57.932
75 44 46.087
75 18 2.522
75 57 17.168
75 42 4.502
75 59 93.872
75 52 74.271
75 71 76.131
75 58 19.859
75 86 24.09
75 2 67.318
75 7 19.88
75 9 39.269
75 10 21.526
75 98 56.657
75 4 28.793
75 72 39.028
75 63 12.717
75 69 35.214
75 60 9.116
75 50 21.748
75 96 83.108
76 42 63.608
76 10 11.244
76 43 7.921
76 11 5.514
76 20 31.112
76 27 12.905
76 7 92.791
76 13 74.769
76 16 26.296
76 58 84.892
76 1 84.819
76 33 99.957
76 84 19.261
76 14 35.671
76 34 33.223
76 45 40.015
76 56 31.882
76 36 64.589
76 4 45.851
76 25 84.43
76 86 16.269
76 69 31.839
76 46 53.776
76 59 32.823
76 87 74.195
76 24 80.455
76 2 10.316
76 47 7.71
76 61 62.501
76 77 45.542
76 35 57.428
76 3 72.761
76 50 49.299
76 65 32.583
76 71 95.957
76 26 81.836
76 9 43.164
76 0 87.37
76 37 13.659
76 72 85.91
76 6 23.561
76 48 59.71
76 39 23.248
76 64 74.793
76 80 75.969
76 32 12.229
76 41 78.774
76 5 7.216
76 83 47.925
76 88 48.562
76 22 28.749
76 31 60.417
76 51 82.412
76 70 76.08
76 55 79.322
76 75 60.53
76 52 11.43
76 12 11.587
76 19 43.359
76 23 88.522
76 28 87.969
76 63 43.917
76 54 18.525
77 40 68.74
77 79 67.779
77 30 21.703
77 16 39.075
78 17 10.279
78 26 41.396
78 21 96.497
78 8 79.337
78 42 97.967
78 56 3.267
78 52 25.5
78 28 0.282
78 64 46.039
78 1 56.647
78 41 96.701
78 12 24.473
78 0 22.632
78 39 39.973
78 3 46.918
78 88 71.685
78 31 92.212
78 53 18.24
78 27 68.853
78 32 52.591
78 24 35.137
78 59 35.617
78 7 15.967
78 44 10.043
78 14 72.812
78 10 14.065
78 87 6.95
78 46 67.979
78 62 81.958
78 86 63.054
78 58 58.675
78 22 95.483
78 76 19.418
78 75 51.244
78 73 6.641
78 40 59.139
78 65 68.964
78 19 70.273
78 30 91.216
78 70 18.431
78 20 0.484
78 51 30.664
78 23 9.854
78 6 62.175
78 63 77.275
78 37 16.029
79 62 80.042
79 49 32.902
79 22 78.006
79 26 31.882
79 16 38.288
79 21 79.403
79 75 67.249
79 36 26.648
79 91 89.196
79 55 84.747
79 87 5.778
79 61 56.173
79 69 41.971
79 68 62.584
79 28 39.447
79 3 48.851
79 19 99.931
79 29 25.338
79 50 45.58
79 13 66.789
79 38 35.504
79 57 25.843
79 41 92.141
79 65 3.074
79 11 83.318
79 15 84.341
79 17 96.686
79 30 74.702
79 31 84.697
79 92 1.041
79 32 73.041
79 1 66.188
79 83 35.468
79 27 83.619
79 98 27.105
79 64 24.814
79 80 57.637
79 76 38.317
79 46 12.917
79 4 15.95
79 95 26.192
79 71 19.012
79 54 25.627
79 84 61.009
79 74 84.446
79 8 11.515
79 72 9.589
79 96 15.977
79 51 50.08
79 53 0.215
79 73 51.078
79 0 51.218
79 78 41.176
79 7 44.734
79 56 84.178
79 33 70.614
79 86 81.5
79 63 82.902
79 23 37.463
79 39 24.002
79 44 59.356
79 45 40.077
79 2 90.912
79 70 1.571
79 18 43.872
79 25 2.753
79 12 4.148
79 48 59.277
79 59 78.99
79 60 37.934
79 20 13.322
79 58 90.855
79 35 75.168
79 52 81.349
79 88 29.751
79 40 77.223
79 94 5.583
79 24 66.737
79 5 8.881
79 10 99.632
79 9 30.393
80 2 94.86
80 28 52.151
80 33 17.767
80 91 46.523
80 54 95.323
80 21 55.559
80 39 72.873
80 1 77.733
80 73 69.004
80 67 63.659
80 68 6.364
80 86 19.868
81 78 40.651
81 2 83.828
81 13 63.695
81 5 57.78
81 4 67.935
81 9 25.885
81 62 95.842
81 61 49.174
81 65 3.855
81 98 22.792
81 3 80.695
81 19 71.899
81 79 17.544
81 57 47.546
81 35 36.901
81 60 98.13
81 43 1.091
81 55 18.964
81 77 88.632
81 50 77.306
81 12 85.875
81 17 29.304
81 47 8.936
81 75 35.123
81 53 21.948
81 91 88.833
81 18 74.741
81 36 75.918
81 68 45.637
81 33 62.592
81 66 2.939
81 41 96.986
81 59 18.418
81 54 77.885
81 23 23.379
82 56 97.146
82 81 8.76
82 79 98.435
82 27 27.067
82 86 11.825
82 47 94.079
82 88 6.418
82 75 43.698
82 84 4.824
82 24 57.815
82 18 12.132
82 59 88.435
82 74 59.811
82 10 64.58
82 70 62.099
82 98 44.454
82 96 19.031
82 80 68.521
82 50 0.748
82 58 76.234
82 42 94.062
82 20 98.003
82 49 6.294
82 21 33.989
82 26 35.997
82 3 68.972
82 35 34.658
82 87 60.874
82 1 10.264
82 0 52.84
82 76 1.041
82 89 53.665
82 13 72.797
82 34 39.583
82 78 40.513
82 30 84.962
82 62 28.602
82 73 46.516
82 31 51.276
82 43 4.073
82 22 92.039
82 12 28.607
82 51 89.745
82 52 32.045
82 7 62.32
82 14 40.944
82 2 7.706
82 45 78.577
82 77 5.614
82 92 31.34
82 11 66.916
82 23 39.177
82 53 13.115
82 33 70.591
82 38 78.408
82 32 15.207
82 6 59.317
82 36 32.311
82 29 73.971
82 63 87.823
82 40 57.625
82 65 75.037
82 39 67.603
82 19 85.348
82 5 46.373
82 61 32.222
82 41 65.117
82 68 47.656
82 37 90.854
82 72 13.579
82 28 28.334
82 9 98.515
82 4 83.421
82 46 77.071
82 17 64.102
82 69 42.342
82 67 62.819
82 55 50.41
82 66 45.887
82 54 4.906
83 23 95.722
83 30 82.639
83 59 0.011
83 80 70.12
83 77 75.478
83 17 50.634
83 7 29.584
83 32 33.753
83 55 80.933
83 3 91.889
83 44 25.93
83 19 61.641
83 0 31.931
83 73 59.395
83 46 89.188
83 74 68.621
83 37 63.946
83 25 47.368
83 24 66.597
83 68 98.635
83 78 45.402
83 29 42.793
83 16 93.609
83 22 11.081
83 98 60.661
83 45 84.143
83 20 90.195
83 54 30.814
83 38 13.097
83 11 53.943
83 34 7.165
83 66 87.568
83 2 29.927
83 48 23.559
83 58 93.329
83 57 76.605
83 63 69.828
83 69 67.27
83 15 49.184
83 47 33.346
83 71 73.269
83 21 0.086
83 8 81.285
83 50 14.984
83 52 22.445
83 40 24.827
83 81 33.451
83 51 79.085
83 60 34.996
83 28 4.798
83 9 11.176
83 82 51.689
83 4 87.953
83 56 1.485
83 18 67.528
83 39 77.069
83 84 97.489
83 6 93.747
83 1 99.273
83 42 5.786
83 12 75.173
83 96 74.301
84 66 20.181
84 63 99.868
85 67 61.706
85 34 40.887
85 59 76.389
85 10 40.153
85 25 60.684
85 42 18.074
85 44 55.009
85 19 55.023
85 76 58.429
85 13 36.837
85 75 26.651
85 78 13.696
85 31 17.424
85 38 38.911
85 77 3.409
85 63 71.188
85 74 98.457
85 61 49.67
85 0 58.244
85 53 22.597
85 97 95.92
85 24 68.591
85 15 99.311
85 2 66.619
85 91 54.064
85 60 87.116
85 21 29.833
85 95 4.276
85 26 1.099
85 80 12.798
85 32 42.459
85 5 77.312
85 56 81.543
85 4 32.834
85 48 45.539
85 84 33.167
85 33 5.814
85 47 49.698
85 98 86.61
85 40 36.975
85 30 73.65
85 11 31.567
85 43 22.392
85 6 50.483
85 36 14.4
85 54 42.446
85 87 16.287
85 79 16.022
85 28 60.373
85 72 47.302
85 12 26.984
85 70 53.264
85 81 86.86
85 22 81.437
85 9 98.303
85 57 75.518
85 83 35.421
85 41 94.317
85 20 98.126
85 1 72.387
85 46 65.433
85 8 79.592
85 17 76.441
85 66 8.426
85 37 95.678
85 49 48.803
85 23 97.931
85 39 98.773
85 35 97.738
85 71 50.791
85 58 13.027
85 14 98.075
85 51 33.939
85 18 67.642
85 82 90.044
86 73 88.784
86 36 50.635
86 31 14.818
86 88 30.415
86 65 73.513
86 83 66.224
86 0 18.948
86 29 50.739
86 33 62.648
86 27 63.45
86 72 35.994
86 12 49.44
86 24 12.776
86 43 46.08
86 45 3.652
86 21 79.614
86 85 13.618
86 6 50.152
86 42 17.776
86 19 86.656
87 97 50.599
87 6 30.403
87 69 93.359
87 18 62.915
88 68 85.726
88 4 30.095
88 59 41.549
88 47 56.477
88 72 2.423
88 3 86.099
88 66 16.53
88 80 20.247
88 83 84.402
88 45 72.938
88 87 27.983
88 1 18.03
88 2 33.245
88 53 94.785
88 43 10.088
88 55 45.073
88 95 13.713
88 28 68.572
88 71 95.466
88 85 89.844
88 44 99.874
88 84 56.462
88 39 44.886
88 31 94.919
89 59 78.242
89 97 24.127
89 46 19.732
89 47 15.099
89 6 67.317
89 92 55.487
89 38 37.759
89 55 75.807
89 44 33.133
89 81 31.162
89 64 23.39
89 72 71.482
89 61 92.293
89 33 40.348
89 54 52.145
89 10 53.413
89 77 72.195
89 3 4.392
89 45 58.144
89 40 55.901
89 13 58.752
89 52 80.185
89 79 7.213
89 84 7.387
89 34 66.689
89 71 34.601
89 65 34.62
89 8 43.096
89 68 0.344
89 66 1.567
89 16 26.222
89 96 60.049
89 32 35.628
89 35 67.861
89 26 75.467
89 67 33.967
89 17 15.597
89 2 30.311
89 60 36.182
89 91 73.39
89 90 2.255
89 78 38.99
89 98 26.582
89 57 72.014
89 85 87.415
89 15 13.258
89 28 44.926
89 23 69.435
89 87 74.309
89 50 63.37
89 31 39.633
89 37 51.462
89 7 79.337
89 27 95.323
89 14 58.901
89 24 34.857
89 70 10.972
89 94 38.778
89 56 27.763
89 49 20.433
89 9 37.748
89 11 97.804
89 19 44.792
89 43 15.425
89 30 72.487
89 5 93.87
89 12 92.012
89 86 58.106
89 69 25.923
89 42 70.039
89 4 59.199
89 20 15.674
89 88 95.689
89 75 28.761
89 25 41.389
89 83 37.192
89 63 44.077
89 0 33.533
89 22 33.455
89 1 35.639
89 36 38.143
89 76 63.009
90 88 10.755
90 56 45.063
90 9 25.143
90 76 30.94
90 87 2.758
90 55 31.716
90 3 40.411
90 42 90.371
90 26 9.532
90 67 66.309
90 21 38.162
90 68 67.505
90 77 17.873
90 82 59.153
90 97 34.219
90 63 0.938
90 39 16.484
90 65 17.315
90 50 37.018
90 79 73.344
90 69 80.326
90 78 50.064
90 41 91.416
90 0 64.427
90 74 77.828
90 10 63.106
90 24 58.31
90 7 41.545
90 64 11.093
90 66 89.128
90 22 7.844
90 49 77.172
90 81 11.877
90 72 93.273
91 53 56.505
91 68 14.88
91 23 22.11
91 55 91.865
91 38 59.504
91 4 5.794
91 22 66.688
91 35 50.639
91 82 85.725
92 17 95.377
92 65 49.97
92 6 81.368
92 1 10.469
92 41 33.539
92 40 16.328
92 14 61.712
92 63 17.879
92 13 35.221
92 48 41.647
92 94 29.662
92 19 37.039
92 21 24.997
92 36 7.368
92 74 30.639
92 3 90.229
92 16 68.905
92 5 21.646
92 80 53.032
92 88 27.307
92 83 35.628
92 68 87.672
92 44 89.327
92 29 17.583
92 42 68.536
92 50 6.55
92 76 42.855
92 45 30.491
92 72 85.174
92 12 4.936
92 15 49.723
92 49 25.65
92 55 53.803
92 78 41.002
92 59 16.76
92 85 70.8
92 8 18.083
92 2 47.398
92 35 75.301
92 81 41.901
92 24 80.345
92 84 18.32
92 43 23.84
92 62 5.262
92 10 1.025
92 37 21.918
92 34 38.976
92 87 9.472
92 86 78.965
92 57 22.315
92 75 39.728
92 69 94.238
92 71 64.421
92 67 67.1
92 47 2.973
92 97 86.114
92 20 76.45
92 4 69.498
92 26 7.892
92 33 8.257
92 56 62.303
92 18 84.169
92 64 42.38
92 90 63.097
92 91 74.229
93 49 30.786
93 96 70.195
93 42 70.467
93 48 90.697
93 26 33.805
93 2 51.328
93 66 13.668
93 89 53.755
93 30 24.436
93 23 19.363
93 71 87.935
93 7 67.022
93 68 2.346
93 84 18.338
93 52 46.459
93 61 14.507
93 59 58.258
93 39 19.484
93 74 99.666
93 14 97.466
93 50 27.1
93 92 7.809
93 55 89.128
93 90 28.927
93 80 43.003
93 16 36.044
93 81 61.66
93 9 40.386
93 21 26.496
93 64 28.94
93 36 10.153
93 28 77.288
93 33 23.803
93 1 66.132
93 35 1.969
93 41 23.856
93 91 61.049
93 65 92.03
93 37 38.076
93 40 51.587
93 83 5.708
93 76 14.136
93 8 45.961
93 24 56.305
93 82 99.558
93 56 84.922
93 47 9.094
93 45 13.556
93 22 61.384
93 34 13.804
93 62 33.739
93 77 37.049
93 75 93.777
93 19 88.761
93 97 16.036
93 57 62.628
93 70 96.876
93 20 21.896
93 29 70.582
93 32 74.62
93 0 67.098
93 27 45.658
93 78 64.376
93 73 84.03
93 69 98.298
93 60 54.299
93 54 87.136
93 31 44.593
93 44 34.019
93 63 87.979
93 79 74.853
93 43 34.169
93 3 69.034
93 88 80.49
93 87 77.349
93 17 9.534
93 67 99.365
93 58 45.507
93 4 27.678
93 25 2.278
93 86 45.772
93 98 30.372
93 13 8.573
93 6 77.852
93 11 40.713
93 12 81.107
93 53 63.801
93 46 8.289
93 15 68.979
93 10 75.246
93 5 72.579
93 85 20.067
93 38 52.7
93 72 10.569
94 46 91.832
94 70 74.517
94 93 77.945
94 75 8.983
94 6 29.416
94 21 98.657
94 38 42.42
94 30 15.817
94 8 27.035
94 0 47.776
94 39 94.001
94 37 14.875
94 86 92.48
94 80 55.821
94 27 21.773
94 98 43.813
94 18 71.769
94 69 21.247
94 76 28.801
94 26 15.929
94 25 30.721
94 53 92.99
94 68 57.089
94 29 55.825
94 50 98.486
94 85 8.316
94 4 85.814
94 20 25.555
94 58 28.913
94 48 9.229
94 32 33.099
94 45 17.27
94 24 86.722
94 10 32.533
94 87 93.642
94 5 12.31
94 52 45.495
94 34 3.362
94 16 20.901
94 35 38.639
94 78 76.417
94 57 3.633
94 51 87.805
94 44 86.513
94 43 75.312
94 22 18.944
94 7 32.516
94 90 3.825
94 3 78.527
94 59 72.397
94 1 71.821
94 62 25.07
94 19 73.442
94 63 6.577
94 82 98.169
94 2 8.905
94 31 74.938
94 83 86.781
94 49 41.428
94 9 53.048
94 15 84.12
94 81 61.351
94 84 91.728
94 36 7.796
94 17 73.479
94 64 52.761
94 71 76.553
94 14 46.145
94 88 83.834
94 77 49.898
94 54 2.791
94 23 55.991
94 11 13.144
94 65 83.591
94 73 93.557
94 13 49.229
94 33 47.569
94 42 20.981
94 56 43.704
95 93 32.008
95 81 97.747
95 70 59.446
95 23 32.261
95 45 88.061
95 71 45.616
95 84 76.022
95 50 17.953
95 26 37.527
95 24 80.091
95 18 82.048
95 27 5.158
95 6 58.536
95 9 2.673
95 33 71.323
95 68 48.525
95 29 49.529
95 2 74.224
95 38 14.807
95 32 18.987
95 11 91.845
95 74 96.262
95 56 69.489
95 4 94.419
95 40 77.576
95 82 16.113
95 78 90.781
95 19 66.36
95 83 44.82
95 87 36.674
95 64 88.788
95 37 13.668
95 58 21.846
95 57 49.7
95 31 81.947
95 53 54.363
95 89 94.594
95 63 91.602
95 69 52.323
95 15 31.619
95 72 12.934
95 76 36.745
95 77 47.142
95 62 4.773
95 52 18.976
95 90 67.798
95 80 66.751
95 10 3.341
95 16 4.702
95 73 26.965
95 39 63.405
95 94 14.147
95 30 76.416
95 13 69.9
95 67 99.194
95 1 53.853
95 92 6.753
95 96 43.389
95 41 64.853
95 54 18.707
95 21 63.042
96 60 41.559
96 63 76.373
96 4 43.618
96 54 42.418
96 7 79.132
96 85 69.637
96 77 97.325
96 57 68.226
96 35 66.848
96 43 7.424
97 13 16.759
97 18 42.544
97 29 47.683
97 94 60.841
97 42 87.583
97 51 20.633
97 67 98.242
97 53 44.097
97 7 98.849
97 15 10.057
97 50 95.958
97 44 0.5
97 25 17.867
97 76 22.1
97 27 26.314
97 66 93.18
97 38 27.12
97 55 61.524
97 80 79.452
97 84 20.432
97 98 34.875
97 83 53.85
97 74 17.261
97 32 68.775
97 62 41.414
97 12 22.892
97 22 31.664
97 23 44.157
97 30 48.227
97 75 62.482
97 91 19.944
97 79 38.173
97 20 77.71
97 82 15.481
97 40 59.961
97 3 42.624
97 56 43.204
97 63 32.559
97 33 2.059
97 16 83.156
97 26 10.923
97 28 24.914
97 73 10.528
97 95 78.064
97 8 91.924
97 49 98.607
97 31 68.961
97 60 52.644
97 48 80.957
98 90 49.02
98 88 10.672
98 8 66.522
98 76 77.535
98 0 90.148
98 46 15.109
98 4 53.288
98 78 35.966
98 9 65.357
98 17 27.55
98 51 97.367
98 44 27.844
98 18 79.12
98 3 81.33
98 29 27.826
98 38 27.346
98 23 32.392
98 32 40.151
98 65 89.63
98 67 78.027
98 59 1.271
98 37 27.337
98 95 53.5
99 56 99.891
99 70 31.055
99 52 13.126
99 53 30.996
99 37 43.984
99 3 5.344
99 43 88.333
99 21 81.475
99 39 93.987
99 68 79.046
99 78 15.488
99 61 7.757
99 98 39.134
99 24 25.21
99 2 97.744
99 23 84.591
99 49 45.581
99 16 6.735
99 27 65.132
99 88 57.077
99 18 47.009
99 86 21.282
99 57 24.502
99 92 55.492
99 69 33.03
99 58 27.808
99 40 84.576
99 44 40.306
99 11 3.463
99 81 81.56
99 17 37.339
99 47 71.649
99 48 49.9
99 63 97.659
99 41 7.965
99 4 42.452
99 76 54.223
99 66 45.215
99 28 88.762
99 31 54.663
99 9 89.817
99 82 5.899
99 93 94.44
99 7 6.619
99 91 49.608
99 10 16.448
99 77 54.445
99 79 87.55
99 83 92.108
99 95 85.67
99 34 94.565
99 60 25.019
99 94 46.348
99 84 71.262
99 6 98.506
99 46 54.108
99 64 12.847
99 54 83.25
99 90 74.396
99 12 12.95
99 25 78.144
99 65 28.821
99 96 49.203
99 45 72.772
99 30 19.186
99 38 95.322
99 71 10.808
99 8 11.782
99 33 65.896
99 80 66.219
99 87 46.717
99 89 41.883
99 67 20.333
99 97 18.921
99 55 30.621
99 73 4.07
99 85 62.477
