100
0 11 60.368
0 6 51.692
0 25 4.822
0 26 12.162
0 27 9.555
1 8 55.86
1 28 17.137
1 29 16.725
1 30 1.512
2 14 64.791
2 24 66.668
2 31 13.237
2 32 2.198
2 33 13.594
3 17 57.574
3 34 1.285
3 35 7.01
3 36 19.111
4 21 59.164
4 23 59.861
4 37 11.2
4 38 10.055
4 39 16.115
5 18 62.307
5 40 6.456
5 41 2.545
5 42 7.117
6 12 60.648
6 43 15.4
6 44 9.664
6 45 11.252
7 16 62.416
7 10 61.181
7 46 14.865
7 47 3.45
7 48 2.578
8 15 59.072
8 13 55.582
8 19 55.981
8 49 15.248
8 50 9.879
8 51 5.869
9 22 63.756
9 52 7.88
9 53 10.484
9 54 6.316
10 18 59.401
10 13 65.378
10 55 9.026
10 56 8.389
10 57 17.054
11 20 58.061
11 58 16.294
11 59 5.814
11 60 9.71
12 14 59.092
12 61 14.061
12 62 16.626
12 63 17.094
13 64 19.232
13 65 5.135
13 66 9.64
14 67 5.912
14 68 4.16
14 69 10.391
15 70 18.824
15 71 16.612
15 72 8.457
16 23 62.078
16 73 20.767
16 74 7.135
16 75 0.263
17 22 56.09
17 19 59.067
17 24 60.024
17 76 11.766
17 77 14.321
17 78 4.881
18 79 17.798
18 80 2.049
18 81 8.395
19 82 16.421
19 83 7.997
19 84 3.319
20 85 2.251
20 86 7.685
20 87 11.45
21 88 2.741
21 89 14.014
21 90 3.015
22 91 12.375
22 92 4.334
22 93 14.602
23 94 9.672
23 95 4.522
23 96 19.315
24 97 2.887
24 98 8.351
24 99 3.081
25 52 13.455
25 40 28.094
25 27 23.517
25 96 21.852
26 95 23.194
26 97 18.147
27 83 17.313
28 79 15.149
29 82 12.122
30 50 20.134
30 99 13.681
31 54 22.033
32 78 22.702
32 43 20.401
32 96 28.922
33 39 20.214
33 55 18.573
34 36 22.218
35 59 19.914
35 69 18.504
36 54 19.935
37 42 26.484
38 71 19.5
38 49 18.187
40 68 16.186
41 85 14.309
42 67 17.848
42 76 25.107
42 60 15.837
43 46 12.533
44 50 28.072
45 88 21.114
45 89 17.242
46 91 20.48
46 61 20.852
47 90 20.547
47 86 17.266
48 94 22.394
48 90 31.149
49 70 19.536
50 86 14.81
51 74 23.403
51 90 10.219
53 77 19.426
54 55 20.369
54 82 20.091
54 70 22.085
54 78 22.688
56 78 15.252
57 74 15.55
58 75 29.221
59 75 18.411
59 63 18.09
60 94 17.19
61 93 19.922
62 97 19.852
62 89 21.376
63 85 15.309
64 98 13.681
65 67 24.43
66 73 24.929
69 78 10.04
71 84 22.202
72 78 21.373
73 98 24.567
73 88 22.29
74 96 20.869
74 89 16.165
77 92 20.934
78 79 20.035
80 83 20.075
81 88 15.088
86 87 5.464
89 92 19.327