100
0 54 46.861
1 87 58.692
2 68 99.073
3 55 19.367
4 40 80.635
5 82 39.383
6 40 86.651
7 49 23.896
8 85 56.079
9 23 11.798
10 11 54.976
11 58 18.137
12 69 23.158
13 78 68.52
14 9 25.2
15 14 22.921
16 36 54.409
17 64 69.74
18 60 81.596
19 81 40.241
20 58 31.971
21 27 97.207
22 64 14.004
23 29 86.998
24 90 64.536
25 79 40.177
26 74 28.519
27 83 18.944
28 4 83.724
29 42 24.089
30 4 50.26
31 39 93.992
32 87 65.955
33 1 3.261
34 58 10.629
35 37 90.829
36 20 0.19
37 36 80.901
38 95 18.457
39 37 7.051
40 1 83.116
41 45 30.737
42 43 98.369
43 26 18.894
44 67 11.833
45 42 30.11
46 71 34.684
47 40 50.381
48 55 75.881
49 70 55.106
50 55 42.992
51 14 8.22
52 20 48.597
53 16 56.753
54 23 45.772
55 31 2.801
56 42 71.621
57 13 81.489
58 0 40.156
59 77 4.099
60 75 71.83
61 16 64.84
62 17 88.514
63 64 69.11
64 2 93.164
65 23 6.73
66 96 97.417
67 49 7.653
68 70 56.129
69 21 90.826
70 0 1.714
71 17 28.846
72 42 72.772
73 74 4.411
74 11 16.996
75 78 51.249
76 79 65.637
77 64 87.206
78 22 53.515
79 9 76.895
80 92 44.95
81 48 32.671
82 22 99.701
83 52 3.629
84 47 64.414
85 77 8.246
86 46 46.373
87 46 33.654
88 50 73.882
89 77 52.094
90 36 85.849
91 82 21.131
92 58 29.911
93 57 24.005
94 86 98.266
95 57 87.423
96 82 75.4
97 19 48.099
98 89 86.617
99 29 62.029
