100
5 65 74.817
5 4 46.68
5 56 83.532
5 6 94.888
5 52 18.009
5 76 8.566
5 75 61.354
5 17 56.132
5 60 18.121
5 48 1.8
5 27 52.094
5 74 60.177
5 80 63.58
5 91 98.792
5 86 30.894
5 95 95.639
5 99 64.771
5 72 67.169
5 79 20.602
5 66 98.808
5 57 38.021
5 12 40.816
5 15 98.585
5 58 56.623
5 22 15.928
5 69 15.873
5 89 17.762
5 41 95.002
5 64 57.242
5 20 14.703
5 94 94.036
5 24 17.759
5 55 15.197
5 40 93.409
5 43 31.913
5 50 94.116
5 54 8.884
5 10 26.544
5 21 93.277
5 92 76.928
5 62 7.875
5 88 9.182
5 33 79.597
5 38 74.284
5 49 96.636
5 31 28.38
5 32 84.199
5 36 71.398
5 14 47.714
5 44 91.726
5 59 79.177
5 71 66.155
5 83 34.814
5 3 88.858
5 96 46.404
5 61 56.68
5 93 6.882
5 23 37.326
5 87 64.812
5 18 36.22
5 19 38.31
5 29 63.17
5 77 78.662
65 34 2.793
65 23 17.986
65 53 44.178
65 36 0.774
65 69 92.929
65 32 85.125
65 98 93.686
65 14 68.83
65 87 47.816
65 33 71.716
65 44 44.844
65 57 16.832
65 66 47.505
65 77 36.318
65 35 79.839
65 68 15.315
65 88 70.633
65 30 69.459
65 73 50.794
65 86 47.379
65 41 63.929
65 15 31.753
65 37 53.705
65 56 31.044
65 85 33.422
65 80 53.999
65 71 13.527
65 62 60.266
65 49 46.001
65 7 76.184
65 90 47.555
65 45 34.068
65 17 67.662
65 55 48.112
65 25 7.464
65 75 32.693
65 24 10.085
65 50 71.097
65 13 13.907
65 96 18.946
65 40 42.618
65 21 76.804
65 89 56.273
65 70 61.321
65 76 45.802
65 16 35.683
65 91 13.585
65 19 59.37
65 10 97.524
65 11 58.257
65 61 32.48
65 20 19.409
65 78 0.311
65 29 92.139
65 3 13.653
65 54 86.024
65 6 21.276
65 1 21.429
65 58 66.909
65 97 97.401
65 9 43.08
65 38 30.217
65 64 36.704
98 87 18.464
98 42 1.399
98 19 31.811
98 15 84.142
98 31 13.044
98 20 28.595
98 34 9.737
98 29 64.978
98 76 43.554
98 24 52.474
98 81 80.92
98 62 62.429
98 37 92.292
98 70 72.844
98 96 13.038
98 91 22.487
98 21 95.181
98 68 15.882
98 46 10.554
98 35 99.657
98 56 36.071
98 58 91.736
98 32 99.402
98 16 85.579
98 72 70.975
98 74 67.749
98 78 52.265
98 54 3.789
98 39 3.405
98 97 85.054
98 61 2.043
98 3 17.696
98 23 33.977
98 66 77.447
98 52 51.015
98 93 92.107
98 40 93.615
98 10 81.56
98 60 48.625
98 80 51.198
98 12 49.448
98 77 35.901
98 55 21.084
98 79 6.96
98 99 27.582
98 59 36.562
98 49 61.645
98 86 78.775
98 53 73.7
98 92 59.283
98 36 4.168
98 1 62.238
98 13 38.326
98 27 14.662
87 16 22.949
87 77 64.411
87 6 43.299
87 71 46.129
87 1 5.627
87 13 61.334
87 75 5.327
87 56 1.906
87 81 52.284
87 37 98.091
87 93 55.807
87 30 93.136
87 64 73.165
87 72 79.868
87 11 21.129
87 4 28.619
87 45 4.343
87 96 32.799
87 82 61.241
87 50 76.509
87 33 26.244
87 41 31.693
87 28 1.108
87 47 59.681
87 31 89.82
87 42 99.582
87 60 30.705
87 89 76.556
87 24 61.412
87 17 19.523
87 23 39.837
87 95 9.445
87 12 55.852
87 51 41.658
87 0 89.083
87 62 29.188
87 88 89.399
87 27 61.365
87 66 85.534
87 8 8.343
87 36 92.508
87 52 1.691
87 69 72.702
87 99 78.211
87 54 42.352
87 68 47.497
87 44 20.48
87 48 97.735
87 34 26.111
87 22 41.639
87 86 2.721
87 74 33.922
87 40 36.26
87 18 52.453
87 79 70.073
87 97 86.457
87 35 88.147
87 2 94.739
87 39 66.962
87 10 73.487
87 26 14.59
87 9 57.844
87 14 26.192
61 88 25.947
61 94 13.272
61 10 65.352
61 17 28.718
61 90 82.009
61 59 45.025
61 23 20.052
61 54 10.214
61 43 41.541
61 56 59.879
61 28 43.604
61 92 55.167
61 62 45.775
61 85 58.375
61 73 76.769
61 21 41.075
61 27 95.552
61 44 0.563
61 12 64.354
61 16 67.825
61 99 70.086
61 74 45.088
61 66 49.861
61 57 39.061
61 77 11.983
61 72 15.661
61 96 71.213
61 84 0.403
61 52 78.785
61 4 96.837
61 42 93.462
61 97 33.172
61 25 33.803
61 8 80.568
61 20 78.211
61 81 77.051
61 39 32.427
61 48 84.392
61 31 94.881
61 30 55.866
61 26 57.486
61 89 35.602
61 68 0.206
61 70 14.606
61 41 50.367
61 51 56.568
61 91 16.12
61 40 78.08
61 69 87.754
61 75 62.888
61 49 31.619
61 38 82.679
61 29 48.285
61 1 69.644
61 3 87.977
61 24 19.684
61 60 38.777
61 58 70.223
61 14 40.108
61 36 39.502
61 46 90.062
61 34 64.855
61 82 45.28
61 18 74.752
61 33 0.88
61 63 29.656
61 11 87.161
88 94 87.64
88 84 41.886
88 35 81.438
88 56 23.621
88 33 10.606
88 89 32.496
88 64 16.317
88 46 57.562
88 2 47.733
88 54 50.97
88 27 69.754
88 59 0.45
88 72 0.007
88 20 67.85
88 80 9.209
88 90 15.002
88 91 8.116
88 21 30.52
88 82 83.613
88 68 87.434
88 58 57.795
88 86 38.852
88 38 41.029
88 8 19.069
88 0 26.979
88 28 66.787
88 25 8.718
88 4 48.533
88 95 63.052
88 57 59.777
88 63 24.99
88 60 78.362
88 78 58.407
88 47 35.451
88 96 43.305
88 43 50.209
88 41 88.948
88 97 35.461
88 92 31.717
88 48 94.95
88 76 92.51
88 29 63.817
88 10 39.973
88 74 64.225
88 49 49.579
88 19 43.848
88 32 74.29
88 55 28.79
88 13 82.803
88 69 1.492
88 79 97.78
88 24 10.077
88 45 81.218
88 6 58.671
88 75 63.771
88 52 85.929
88 31 7.767
88 99 66.743
88 34 3.682
88 22 2.963
53 76 97.694
53 20 74.031
53 27 68.435
53 66 57.718
53 97 25.091
53 59 38.708
53 6 2.656
53 44 47.028
53 43 47.397
53 15 51.157
53 4 85.474
53 2 98.924
53 94 99.961
53 73 19.791
53 10 93.992
53 1 99.504
53 29 65.151
53 0 59.232
53 49 11.11
53 11 53.974
53 83 89.937
53 12 96.145
53 9 98.248
53 71 41.444
53 33 9.526
53 78 96.022
53 93 8.836
53 96 65.987
53 48 69.873
53 37 87.833
53 67 78.478
53 45 86.333
53 68 33.142
53 56 88.688
53 17 1.408
53 41 26.241
53 38 19.258
53 75 18.335
53 58 92.629
53 30 98.441
53 52 39.29
53 22 74.913
53 72 39.598
53 14 69.266
53 86 56.784
53 13 18.325
53 46 12.418
53 25 21.552
53 79 82.586
53 63 83.927
53 95 65.371
53 7 24.226
53 80 22.084
53 31 3.543
53 34 61.255
53 81 23.337
53 26 86.279
53 92 25.12
53 42 1.563
53 21 65.159
53 47 79.966
53 23 82.188
53 57 70.663
53 62 80.458
53 69 26.313
53 85 52.051
76 44 8.225
76 45 7.922
76 72 67.908
76 74 52.552
76 9 65.784
76 26 34.75
76 55 75.543
76 35 72.909
76 4 52.349
76 99 26.035
76 94 36.107
76 42 96.774
76 59 69.768
76 41 90.921
76 83 45.163
76 73 60.455
76 43 74.855
76 69 40.019
76 11 65.219
76 1 58.928
76 82 56.395
76 78 63.593
76 24 15.809
76 77 46.568
76 95 13.494
76 6 86.954
76 92 88.34
76 2 82.444
76 70 25.329
76 3 83.844
76 30 48.574
76 40 92.314
76 75 13.591
76 22 3.018
76 63 87.653
76 12 51.341
76 56 45.317
76 39 29.042
76 7 49.607
76 50 32.314
76 34 46.711
76 89 27.089
76 90 33.316
76 28 72.59
76 37 16.706
76 33 3.365
76 23 24.35
76 47 85.231
76 14 44.432
76 68 4.048
76 97 59.395
76 21 79.336
32 93 87.374
32 95 46.771
32 10 81.279
32 62 41.261
32 59 31.275
32 2 65.478
32 72 2.599
32 31 0.83
32 71 76.377
32 3 57.022
32 54 81.425
32 25 1.861
32 78 56.757
32 20 93.921
32 39 48.003
32 37 22.175
32 56 79.786
32 23 0.422
32 43 12.705
32 0 88.201
32 8 28.728
32 50 39.045
32 27 8.374
32 81 10.639
32 14 83.095
32 36 60.072
32 12 78.586
32 99 89.023
32 22 31.017
32 17 32.652
32 24 8.461
32 21 32.969
32 13 85.829
32 69 70.507
32 6 57.701
32 46 42.939
32 75 99.985
32 90 77.049
32 52 98.393
32 85 61.952
32 49 83.748
32 30 5.572
32 55 40.443
32 73 27.768
32 1 70.808
32 60 6.562
32 33 84.644
32 18 74.531
32 19 69.82
32 7 66.925
32 94 67.326
32 51 55.619
32 57 68.653
32 47 80.41
32 84 77.622
32 35 90.532
32 97 14.963
32 63 9.595
32 64 90.829
32 40 36.067
93 55 84.794
93 45 18.292
93 8 50.959
93 19 14.363
93 22 9.019
93 95 4.476
93 56 36.46
93 66 46.592
93 60 15.708
93 11 98.643
93 49 1.445
93 80 97.189
93 51 94.374
93 27 97.85
93 81 4.772
93 12 48.44
93 0 68.624
93 26 0.014
93 63 14.636
93 37 20.355
93 15 12.391
93 3 95.405
93 90 75.19
93 77 3.437
93 16 92.372
93 57 93.186
93 21 68.256
93 92 93.945
93 13 94.165
93 74 10.567
93 33 23.825
93 20 39.056
93 35 29.97
93 94 41.921
93 39 29.262
93 82 82.324
93 31 21.39
93 14 12.531
93 97 54.681
93 46 6.373
93 58 34.45
93 34 87.77
93 7 13.229
93 6 40.442
93 30 63.737
93 28 0.637
93 68 95.335
93 4 26.875
93 99 18.55
93 85 98.393
93 59 98.292
93 69 83.464
93 71 59.722
93 70 82.361
93 25 19.888
93 96 76.996
93 1 47.79
39 35 35.828
39 86 77.446
39 48 87.972
39 27 8.77
39 26 94.724
39 8 87.949
39 89 76.886
39 94 11.902
39 20 73.857
39 6 3.419
39 46 22.26
39 19 90.304
39 0 40.765
39 23 48.471
39 44 41.511
39 97 27.666
39 18 13.863
39 33 17.793
39 45 2.649
39 71 39.662
39 22 45.118
39 43 63.451
39 2 58.072
39 41 94.262
39 70 2.15
39 17 29.162
39 52 30.312
39 4 36.113
39 75 54.891
39 62 89.214
39 77 44.815
39 81 93.623
39 54 88.605
39 24 42.795
39 72 35.427
39 55 0.829
39 50 28.073
39 9 64.39
39 47 21.414
39 25 54.616
39 11 86.345
39 1 88.786
39 7 29.853
39 73 91.262
39 14 25.14
39 63 83.295
39 12 24.413
39 95 22.937
39 78 74.887
39 80 43.882
39 40 30.425
39 99 47.461
39 10 8.169
39 49 3.013
39 64 97.949
39 13 87.592
39 60 20.028
39 15 70.427
39 58 78.493
39 85 76.544
39 16 40.968
39 38 62.056
35 84 80.478
35 34 8.388
35 94 58.335
35 38 11.225
35 67 96.269
35 3 43.192
35 36 22.937
35 83 99.171
35 58 47.42
35 9 85.505
35 59 14.337
35 40 25.179
35 68 29.105
35 41 15.134
35 24 55.567
35 54 69.036
35 82 71.228
35 20 70.482
35 23 85.86
35 57 66.294
35 56 10.424
35 13 69.667
35 92 24.809
35 69 13.59
35 89 46.962
35 99 68.554
35 26 32.44
35 30 74.487
35 63 82.648
35 22 60.079
35 17 13.465
35 8 16.724
35 0 33.032
35 95 53.341
35 27 62.335
35 86 5.371
35 2 15.571
35 72 69.889
35 7 89.02
35 6 67.435
35 25 74.417
35 71 88.089
35 1 90.83
35 66 15.309
35 14 10.614
35 48 64.455
35 45 56.232
35 96 17.978
35 43 66.292
35 12 34.631
35 49 41.357
35 74 57.995
35 80 29.703
35 19 40.899
35 18 63.447
35 90 32.989
35 33 15.945
35 70 86.682
43 20 64.867
43 84 70.535
43 21 83.514
43 71 89.996
43 67 50.18
43 92 21.16
43 0 96.669
43 10 89.803
43 58 13.123
43 64 43.101
43 24 66.436
43 13 89.122
43 44 50.041
43 46 38.064
43 2 7.492
43 68 94.663
43 29 62.263
43 3 89.588
43 85 99.7
43 99 29.458
43 28 45.78
43 40 69.815
43 19 27.259
43 75 31.417
43 30 64.722
43 26 38.713
43 17 57.921
43 52 21.821
43 41 3.192
43 70 73.801
43 7 72.966
43 50 56.825
43 86 69.778
43 27 74.94
43 81 1.335
43 96 30.555
43 48 60.263
43 83 7.369
43 51 19.635
43 97 86.349
43 15 10.357
43 1 99.228
43 95 73.184
43 57 33.608
43 90 28.539
43 60 2.488
43 16 82.895
43 14 43.346
43 66 40.313
43 54 25.362
43 47 96.604
43 62 22.422
43 9 11.618
43 31 17.05
43 82 52.194
43 73 71.7
43 22 0.414
43 36 77.063
43 78 15.023
43 4 50.564
43 45 19.016
43 33 86.39
43 77 55.902
43 11 88.178
20 72 83.565
20 58 96.551
20 84 87.144
20 74 77.79
20 0 62.546
20 45 5.166
20 70 44.073
20 66 43.687
20 25 90.782
20 67 59.442
20 62 55.746
20 49 10.032
20 52 88.827
20 59 16.28
20 83 44.949
20 24 49.385
20 2 33.534
20 48 12.09
20 99 21.473
20 23 41.005
20 75 63.826
20 1 11.758
20 13 38.706
20 9 19.117
20 42 27.315
20 63 39.848
20 79 17.196
20 21 11.403
20 77 25.06
20 8 59.22
20 92 29.424
20 60 42.865
20 50 5.32
20 82 58.775
20 34 20.929
20 97 21.266
20 40 3.839
20 80 92.309
20 33 7.021
20 28 1.939
20 78 25.028
20 47 49.766
20 17 79.478
20 3 58.719
20 68 77.143
20 64 76.099
20 44 75.325
20 85 68.914
59 11 46.695
59 40 60.31
59 6 35.2
59 37 67.44
59 57 83.215
59 48 37.748
59 3 37.682
59 31 64.662
59 86 57.319
59 41 5.18
59 99 80.507
59 81 75.701
59 55 50.46
59 50 32.636
59 10 30.895
59 78 31.362
59 92 59.004
59 64 58.942
59 24 70.016
59 75 87.869
59 52 48.124
59 89 74.776
59 9 84.676
59 63 62.401
59 30 47.284
59 18 97.307
59 54 11.774
59 46 26.089
59 94 4.896
59 66 79.94
59 83 4.176
59 51 72.572
59 91 71.566
59 26 20.551
59 34 54.305
59 84 71.692
59 19 27.669
59 0 94.33
59 29 9.235
59 4 46.148
59 17 69.593
59 70 52.38
59 2 50.89
59 28 38.204
59 62 95.198
59 97 65.889
59 71 80.027
59 13 94.978
59 80 91.698
59 69 34.444
59 82 74.983
59 42 83.145
59 44 33.86
59 33 59.353
59 85 6.812
59 90 97.647
59 8 80.64
59 95 10.697
59 12 69.462
59 23 37.438
59 38 64.821
59 15 74.552
59 1 42.676
59 77 71.535
11 64 10.051
11 36 72.53
11 17 47.443
11 81 52.09
11 47 7.368
11 89 93.564
11 21 88.826
11 24 72.273
11 28 95.333
11 37 64.487
11 77 50.564
11 45 6.428
11 82 53.691
11 78 76.584
11 8 96.03
11 33 1.96
11 56 41.133
11 22 29.777
11 70 24.774
11 73 32.227
11 80 7.292
11 0 90.631
11 92 14.394
11 51 58.771
11 42 49.719
11 25 52.513
11 26 39.793
11 4 12.693
11 96 61.737
11 7 76.505
11 16 49.195
11 49 31.64
11 71 47.256
11 66 49.745
11 63 66.582
11 9 37.906
11 10 66.062
11 27 33.663
11 85 78.995
11 19 3.682
11 40 18.824
11 46 6.369
11 52 69.973
11 97 44.759
11 83 84.784
11 50 17.503
11 30 41.424
11 38 12.417
11 34 82.884
44 0 21.689
44 95 2.177
44 27 88.398
44 29 71.25
44 48 4.943
44 89 65.197
44 24 98.134
44 21 36.614
44 46 65.005
44 60 50.407
44 18 40.649
44 94 6.016
44 97 26.126
44 51 89.652
44 3 33.551
44 2 19.615
44 57 2.16
44 10 62.932
44 78 65.217
44 26 93.14
44 12 6.635
44 14 75.338
44 47 46.316
44 40 88.923
44 34 21.294
44 80 22.953
44 58 56.639
44 36 8.119
44 33 47.376
44 13 21.62
44 22 18.618
44 45 10.012
44 75 38.034
44 66 16.766
44 63 50.194
44 37 55.838
44 64 74.661
44 30 6.403
44 28 37.593
44 86 24.688
44 55 99.395
44 69 3.616
44 70 70.426
44 62 48.527
44 17 58.543
44 79 76.532
44 71 47.1
44 16 66.139
44 25 34.176
44 96 86.717
44 54 15.343
0 57 68.85
0 3 37.905
0 49 6.659
0 13 6.394
0 8 54.888
0 90 30.592
0 55 42.07
0 74 62.841
0 77 79.786
0 96 25.558
0 42 5.338
0 86 18.212
0 33 23.017
0 94 20.308
0 41 2.959
0 18 96.52
0 66 63.709
0 2 49.405
0 91 76.208
0 17 54.423
0 28 93.31
0 36 0.414
0 24 15.683
0 54 34.251
0 62 48.392
0 26 79.855
0 10 65.064
0 52 64.096
0 69 56.21
0 22 82.736
0 19 11.44
0 14 74.902
0 6 49.257
0 1 9.09
0 38 2.243
0 27 2.318
0 81 97.83
0 63 26.223
0 70 45.942
0 40 66.545
0 82 52.069
0 7 52.549
99 1 49.468
99 73 12.052
99 31 62.166
99 77 61.984
99 64 66.769
99 69 40.479
99 47 44.421
99 60 10.351
99 54 99.361
99 45 45.329
99 16 46.997
99 51 55.4
99 13 36.516
99 71 10.405
99 75 3.7
99 23 21.155
99 67 99.916
99 85 57.147
99 50 4.702
99 83 70.613
99 82 59.148
99 56 5.907
99 62 90.958
99 28 59.939
99 17 17.51
99 90 55.572
99 84 12.702
99 52 84.383
99 80 53.072
99 38 90.432
99 8 27.719
99 36 0.272
99 27 26.878
99 12 17.137
99 55 96.412
99 37 69.422
99 25 97.906
99 97 4.397
99 86 57.712
99 49 33.986
99 48 4.996
99 29 10.797
99 79 83.061
99 72 22.272
99 78 58.617
99 63 79.584
99 18 76.863
99 6 51.334
99 3 41.687
99 70 35.761
99 4 89.458
99 74 67.787
1 38 19.631
1 18 40.683
1 95 13.556
1 84 48.083
1 77 12.17
1 4 20.568
1 14 37.967
1 57 2.184
1 81 96.198
1 9 75.738
1 12 71.029
1 24 6.739
1 41 80.98
1 89 4.649
1 90 54.619
1 16 40.223
1 64 29.104
1 56 41.463
1 19 80.767
1 23 90.167
1 60 1.68
1 15 51.681
1 54 96.385
1 69 48.616
1 3 89.891
1 82 2.883
1 92 9.929
1 68 21.641
1 71 87.085
1 22 89.765
1 29 40.059
1 10 20.47
1 34 3.216
1 49 73.458
1 52 25.164
1 58 78.257
1 27 27.153
1 40 35.158
1 7 30.74
1 21 36.926
1 33 20.296
1 91 87.178
1 36 70.622
1 63 3.813
1 6 65.899
1 86 60.694
1 96 85.244
1 70 63.666
1 66 22.259
16 31 30.321
16 21 70.456
16 26 60.72
16 8 34.202
16 79 63.292
16 51 70.252
16 70 64.981
16 52 70.891
16 97 78.087
16 72 98.227
16 50 90.867
16 62 41.802
16 13 55.668
16 37 85.417
16 2 32.305
16 23 6.55
16 63 78.569
16 36 98.876
16 7 21.094
16 47 5.174
16 78 32.13
16 81 48.888
16 57 91.718
16 14 10.936
16 55 21.686
16 84 38.34
16 25 57.337
16 18 56.151
16 4 36.718
16 96 84.307
16 95 95.895
16 29 31.886
16 45 12.995
16 69 90.213
16 73 49.906
16 10 91.211
16 9 6.805
16 27 17.378
16 17 5.82
16 64 19.59
16 19 93.293
16 48 24.445
31 75 97.524
31 83 55.339
31 56 25.02
31 86 6.548
31 28 94.07
31 18 83.105
31 46 23.651
31 52 34.166
31 91 83.892
31 60 31.762
31 92 75.578
31 94 96.226
31 29 72.587
31 81 42.078
31 82 14.148
31 9 67.412
31 70 13.801
31 54 86.634
31 2 95.079
31 48 5.036
31 57 9.991
31 55 52.338
31 3 9.898
31 7 51.417
31 67 79.462
31 33 62.005
31 58 57.636
31 37 54.211
31 68 43.23
31 74 35.889
31 84 88.495
31 14 94.708
31 95 77.816
31 30 40.767
31 15 30.179
31 47 81.786
31 25 16.787
31 85 15.002
31 51 24.54
31 63 97.327
31 40 56.01
31 79 37.497
31 90 84.817
31 27 12.805
31 19 18.105
31 10 40.153
31 96 53.412
31 78 55.741
31 21 12.698
31 6 10.88
31 97 54.822
31 13 33.296
31 4 49.25
31 24 34.702
56 38 84.164
56 72 49.661
56 51 54.416
56 58 41.289
56 9 97.5
56 12 53.434
56 41 13.73
56 64 87.416
56 95 91.217
56 22 37.097
56 52 13.73
56 71 38.329
56 79 46.811
56 13 2.83
56 42 49.888
56 74 19.124
56 2 47.056
56 96 28.736
56 27 47.317
56 18 64.186
56 91 97.538
56 14 2.858
56 49 91.163
56 89 11.601
56 86 5.576
56 77 84.486
56 83 41.414
56 97 35.633
56 54 56.452
56 70 22.247
56 40 51.704
56 3 95.219
56 37 29.299
56 24 34.951
56 92 6.223
56 47 38.383
56 62 99.55
56 8 84.679
56 4 6.268
56 45 59.327
56 68 22.639
56 28 63.798
56 84 25.226
56 6 44.891
56 60 27.182
38 24 67.19
38 54 89.231
38 71 10.836
38 67 44.776
38 51 81.052
38 82 95.595
38 95 85.383
38 79 81.912
38 77 67.29
38 80 54.587
38 42 40.969
38 55 81.974
38 52 99.475
38 8 79.817
38 21 42.781
38 57 20.731
38 49 1.497
38 69 30.13
38 18 66.012
38 73 70.327
38 70 69.371
38 26 98.95
38 10 99.824
38 90 52.401
38 63 75.806
38 47 50.716
38 40 22.391
38 19 54.61
38 23 48.558
38 78 4.211
38 7 44.21
38 50 61.823
38 37 93.491
38 64 16.018
38 28 27.115
38 86 18.619
38 91 19.636
38 68 29.801
38 62 70.877
38 2 38.128
38 12 53.119
38 36 94.275
38 96 28.43
38 27 16.072
6 15 7.33
6 58 21.679
6 73 97.45
6 91 31.526
6 48 64.862
6 72 34.33
6 26 61.426
6 14 95.177
6 71 10.04
6 86 15.136
6 21 30.389
6 47 25.973
6 79 88.32
6 80 88.689
6 62 0.426
6 8 24.345
6 68 13.187
6 69 48.365
6 92 76.589
6 77 58.065
6 52 49.116
6 34 42.336
6 94 76.186
6 19 29.185
6 40 20.824
6 18 42.521
6 78 11.96
6 54 22.276
6 89 36.711
6 25 14.362
6 74 26.638
6 45 85.151
6 51 44.248
6 27 51.73
6 49 54.052
6 60 23.335
6 55 18.911
6 30 54.941
6 17 33.329
6 50 74.303
6 67 48.757
6 3 45.394
6 66 19.824
6 84 82.337
6 2 47.034
6 33 56.045
6 22 19.928
6 90 29.279
15 18 28.771
15 64 96.869
15 7 84.283
15 52 35.077
15 14 7.641
15 86 46.536
15 55 64.408
15 21 52.542
15 80 84.965
15 69 35.144
15 3 8.573
15 66 80.429
15 82 11.239
15 94 34.103
15 33 37.748
15 75 17.374
15 85 50.174
15 68 97.534
15 46 50.508
15 70 26.886
15 79 89.686
15 42 57.499
15 17 49.518
15 23 55.319
15 26 53.75
15 12 30.682
15 51 2.723
15 25 84.934
15 60 81.267
15 34 58.305
15 9 24.209
15 50 99.811
15 40 60.896
15 91 8.209
15 78 19.385
15 47 48.856
15 89 55.696
15 95 56.611
15 30 51.468
15 24 65.991
15 27 98.21
15 96 16.01
15 54 19.988
15 2 29.002
15 90 56.919
15 37 70.799
15 73 43.795
15 48 28.815
15 28 79.522
15 74 89.938
15 81 66.876
26 58 61.651
26 27 26.264
26 62 17.941
26 91 10.592
26 67 6.064
26 24 30.305
26 96 13.626
26 41 49.267
26 74 55.178
26 86 36.872
26 9 52.975
26 33 5.241
26 92 62.041
26 4 97.342
26 50 4.452
26 23 68.001
26 79 73.011
26 89 93.831
26 45 70.389
26 29 5.4
26 55 69.768
26 10 58.103
26 66 34.633
26 85 84.262
26 73 73.529
26 80 75.87
26 72 42.809
26 37 64.265
26 95 86.132
26 69 45.783
26 54 27.674
26 49 80.028
26 12 81.854
26 64 12.729
26 14 73.967
26 2 41.985
26 17 66.496
26 46 12.979
26 47 38.59
26 34 23.108
26 13 52.88
26 81 89.902
26 97 50.358
26 40 60.633
26 8 95.105
26 21 38.658
26 7 89.53
26 57 53.813
26 82 8.075
26 83 9.589
26 84 13.717
26 28 11.122
26 22 6.382
26 90 83.202
26 52 74.814
26 36 28.194
26 25 67.915
26 3 93.802
58 90 70.774
58 57 32.461
58 81 84.114
58 54 82.814
58 52 57.901
58 13 5.301
58 49 94.989
58 51 37.612
58 89 4.283
58 96 25.428
58 95 64.209
58 46 73.565
58 72 67.278
58 10 35.954
58 77 28.161
58 92 99.388
58 91 77.724
58 82 84.537
58 19 98.562
58 12 83.611
58 41 74.327
58 27 90.874
58 78 40.749
58 69 32.777
58 66 12.636
58 73 10.728
58 64 57.033
58 25 59.882
58 30 93.018
58 68 59.678
58 8 80.179
58 3 21.677
58 36 8.947
58 97 29.343
58 28 65.912
58 4 67.509
58 71 70.529
58 75 13.937
58 60 14.511
58 34 7.212
58 83 42.853
58 24 33.956
58 70 75.914
58 86 71.201
58 74 72.336
58 48 84.7
58 45 67.051
58 22 46.218
58 63 62.188
79 83 7.523
79 2 44.846
79 96 22.8
79 18 83.049
79 17 98.466
79 60 51.014
79 9 19.257
79 19 99.004
79 21 16.806
79 22 56.955
79 74 22.835
79 95 58.612
79 33 29.41
79 68 89.128
79 40 47.141
79 45 49.087
79 75 44.121
79 97 4.832
79 86 82.872
79 77 32.82
79 91 66.852
79 78 75.68
79 70 58.344
79 66 58.094
79 48 68.447
79 54 17.269
79 10 58.42
79 63 27.752
79 64 52.244
79 69 36.141
79 80 83.026
79 50 5.506
79 3 74.618
83 86 8.752
83 66 47.832
83 46 89.057
83 60 40.991
83 24 16.253
83 48 39.338
83 69 67.483
83 95 83.647
83 4 51.516
83 41 80.734
83 80 67.266
83 70 88.985
83 92 68.179
83 3 24.451
83 63 74.997
83 67 40.51
83 49 46.219
83 10 48.284
83 94 91.25
83 52 61.336
83 50 18.433
83 13 27.488
83 68 40.289
83 62 33.407
83 74 17.378
83 77 40.938
83 84 91.796
83 22 23.393
83 30 71.56
83 78 48.924
83 75 67.457
83 96 21.64
83 89 85.696
83 34 39.19
83 14 58.644
83 47 92.831
83 12 48.36
83 21 56.644
83 2 98.955
83 36 59.55
83 42 1.162
83 28 36.027
83 71 98.347
83 9 92.279
83 18 13.602
95 94 67.346
95 33 1.678
95 40 18.279
95 66 7.333
95 42 45.968
95 49 12.296
95 96 56.685
95 78 23.518
95 60 86.84
95 46 7.484
95 68 32.521
95 17 0.291
95 84 13.049
95 62 89.556
95 9 98.375
95 52 91.209
95 92 44.748
95 47 84.765
95 74 78.694
95 55 74.53
95 63 60.305
95 77 44.516
95 51 66.387
95 73 76.285
95 75 71.432
95 37 7.624
95 28 33.311
95 7 57.293
95 14 14.592
95 64 38.268
95 25 64.474
95 27 30.337
95 70 49.075
95 72 14.516
95 8 80.386
95 80 54.101
95 54 33.749
95 97 0.621
95 22 52.696
95 21 91.922
95 23 63.646
73 94 41.053
73 85 41.7
73 41 89.131
73 27 66.914
73 62 39.555
73 63 77.762
73 4 74.584
73 97 51.112
73 71 64.74
73 50 67.971
73 68 20.057
73 86 97.366
73 33 67.054
73 22 45.098
73 55 14.571
73 47 15.54
73 64 1.781
73 3 37.018
73 12 16.678
73 60 87.981
73 18 21.712
73 54 33.09
73 89 79.452
73 23 13.93
73 19 19.43
73 92 95.519
73 49 53.702
73 67 72.322
73 74 12.907
73 10 17.759
73 42 90.752
73 17 15.507
73 52 66.786
73 25 0.276
73 37 8.077
73 45 24.606
73 30 44.633
94 49 29.139
94 82 14.12
94 9 54.464
94 22 16.175
94 85 67.519
94 4 41.585
94 29 15.282
94 17 70.101
94 12 53.925
94 36 19.105
94 27 99.316
94 52 2.508
94 46 99.132
94 42 13.435
94 30 32.657
94 33 80.012
94 41 91.122
94 60 25.51
94 10 12.936
94 25 72.855
94 64 7.143
94 70 37.725
94 71 72.442
94 21 47.611
94 91 77.816
94 55 4.567
94 57 8.021
94 47 34.489
94 23 95.029
94 90 74.732
94 68 69.354
94 96 19.446
94 50 46.519
94 69 51.486
94 13 96.862
94 3 44.014
94 80 53.377
4 91 55.529
4 64 77.117
4 63 55.586
4 21 41.328
4 81 37.706
4 37 55.684
4 30 28.17
4 90 43.258
4 67 10.167
4 42 21.921
4 45 5.606
4 80 55.684
4 46 69.967
4 2 83.611
4 36 85.211
4 82 81.788
4 9 4.685
4 96 30.37
4 10 3.417
4 34 50.699
4 47 94.11
4 66 45.076
4 72 11.051
4 17 27.886
4 71 98.568
4 78 73.943
4 60 57.983
4 68 57.064
4 97 29.919
4 69 11.712
4 3 60.917
4 22 84.346
4 28 62.922
4 19 80.447
4 75 81.412
4 8 92.467
4 70 24.168
4 77 83.979
4 29 6.342
4 7 78.089
2 92 80.759
2 7 95.939
2 62 65.492
2 89 92.659
2 8 19.609
2 52 34.893
2 97 76.28
2 91 55.868
2 90 58.635
2 71 32.432
2 81 8.041
2 68 30.205
2 80 50.914
2 64 12.071
2 48 32.035
2 14 19.46
2 36 23.367
2 24 3.209
2 69 93.343
2 63 67.436
2 33 45.76
2 9 69.699
2 86 90.854
2 18 58.731
2 74 72.759
2 3 77.664
2 84 84.732
2 41 11.484
2 23 24.902
2 50 89.085
2 85 72.087
2 72 26.158
2 70 63.334
2 78 94.952
2 25 18.655
2 49 99.766
2 30 26.017
2 96 52.59
2 57 2.923
2 22 27.574
2 28 64.469
2 21 90.078
2 17 58.797
2 55 66.695
48 75 97.961
48 80 34.653
48 24 80.811
48 36 53.12
48 54 65.853
48 9 4.307
48 55 53.408
48 72 44.972
48 41 42.017
48 69 53.65
48 29 53.052
48 57 37.978
48 14 56.001
48 7 25.174
48 52 74.664
48 67 51.318
48 84 52.355
48 17 13.338
48 28 4.208
48 90 29.612
48 50 45.722
48 33 89.144
48 91 84.463
48 85 87.071
48 46 70.136
48 8 90.495
48 96 84.694
48 37 36.265
48 49 45.691
48 62 10.233
48 19 52.914
48 82 59.866
48 47 84.685
48 63 37.377
75 57 41.356
75 49 50.663
75 29 6.157
75 14 80.976
75 50 1.618
75 54 12.708
75 52 38.436
75 21 95.252
75 28 41.06
75 34 23.096
75 41 74.453
75 85 43.465
75 3 58.457
75 23 85.096
75 7 31.427
75 47 39.303
75 17 8.216
75 90 59.83
75 77 60.178
75 45 22.933
75 70 33.405
75 89 60.501
75 13 3.242
75 42 32.246
75 97 16.619
75 66 61.116
75 69 69.375
75 78 75.394
75 67 18.898
75 71 12.855
75 12 27.598
75 40 97.012
75 33 91.65
75 80 14.966
75 25 96.517
75 46 73.468
75 60 72.727
18 80 9.083
18 29 99.419
18 22 37.192
18 21 6.298
18 17 15.718
18 62 0.601
18 12 49.742
18 69 80.954
18 8 65.199
18 82 6.366
18 14 88.557
18 57 21.404
18 51 36.249
18 96 46.194
18 72 8.907
18 19 70.12
18 91 58.634
18 71 36.076
18 84 75.514
18 63 12.768
18 97 31.093
18 92 55.335
18 68 30.135
18 74 9.973
18 90 94.007
18 66 51.813
18 36 14.981
18 86 65.132
18 24 69.357
18 54 57.29
18 40 76.948
18 37 68.996
18 41 38.157
18 67 57.608
18 64 70.518
18 46 99.778
18 34 43.025
96 92 98.118
96 91 21.269
96 80 18.961
96 60 8.71
96 54 57.962
96 45 38.814
96 42 93.467
96 78 26.228
96 17 41.692
96 8 94.884
96 50 63.812
96 52 53.339
96 77 85.378
96 13 61.763
96 33 67.086
96 19 57.006
96 90 40.325
96 82 52.977
96 30 45.041
96 55 82.367
96 47 58.229
96 70 83.027
96 89 24.964
96 41 34.185
96 64 83.706
96 81 57.676
96 57 56.643
96 74 1.248
96 37 21.556
96 10 79.91
96 34 67.406
96 14 73.865
96 28 75.307
96 72 82.684
96 62 63.111
96 71 93.643
96 3 1.301
85 84 12.553
85 71 68.905
85 54 57.661
85 67 45.738
85 36 59.817
85 91 70.389
85 29 11.144
85 37 48.983
85 80 53.166
85 42 85.381
85 17 50.212
85 68 89.957
85 69 59.02
85 12 6.68
85 46 55.706
85 8 93.471
85 19 40.849
85 51 22.254
85 27 18.52
85 23 13.863
85 64 57.474
85 50 44.409
85 49 32.135
85 9 51.895
85 28 38.424
85 41 30.161
85 25 81.117
85 97 95.198
85 30 86.638
85 3 62.27
85 90 12.466
85 10 94.153
85 40 47.627
85 72 16.096
85 86 71.958
85 81 99.146
85 14 49.258
85 13 66.984
85 21 12.862
85 66 89.628
85 34 6.087
85 7 2.717
85 74 85.819
85 22 88.71
89 70 0.5
89 17 33.318
89 37 58.642
89 33 93.624
89 69 61.904
89 52 21.793
89 81 18.005
89 55 54.071
89 72 97.292
89 49 2.736
89 60 26.071
89 34 34.826
89 42 41.799
89 9 13.12
89 23 45.476
89 25 90.965
89 51 55.559
89 86 13.89
89 13 67.693
89 66 41.657
89 71 1.137
89 68 87.197
89 78 6.066
89 45 64.302
89 91 66.011
89 54 23.086
89 77 10.782
89 22 87.913
89 29 91.602
89 3 40.655
89 30 74.725
89 90 4.955
89 46 8.041
89 97 34.651
89 14 68.307
89 74 78.094
89 24 38.609
89 7 53.626
70 7 19.136
70 12 89.895
70 41 54.201
70 60 9.656
70 9 3.941
70 17 46.521
70 49 64.494
70 24 57.658
70 45 54.718
70 51 23.79
70 25 51.421
70 77 29.327
70 10 55.411
70 82 22.361
70 81 38.131
70 62 71.02
70 92 50.9
70 71 36.505
70 3 79.994
70 91 69.054
70 13 96.168
70 33 80.051
70 47 10.692
70 42 40.874
70 36 90.11
70 28 44.556
70 54 83.687
70 30 42.312
70 57 8.522
70 84 84.369
70 68 79.445
70 78 69.105
42 12 21.059
42 24 64.116
42 22 36.769
42 80 33.446
42 46 27.176
42 19 93.453
42 21 63.603
42 86 26.946
42 33 57.471
42 77 43.622
42 49 46.385
42 55 72.349
42 25 12.295
42 52 58.941
42 30 36.299
42 69 77.607
42 51 25.836
42 71 65.041
42 74 36.033
42 40 37.146
42 72 69.669
42 63 12.218
42 67 38.919
42 81 21.122
42 14 16.19
42 64 15.163
42 97 1.781
42 50 83.346
42 29 22.19
42 8 60.606
12 46 72.554
12 25 30.581
12 91 61.178
12 97 58.497
12 78 49.463
12 45 85.479
12 27 57.47
12 29 51.003
12 63 73.363
12 62 31.89
12 17 65.965
12 22 21.361
12 72 28.7
12 67 28.854
12 60 34.075
12 33 64.497
12 9 36.541
12 92 40.081
12 80 23.425
12 52 16.461
12 36 35.29
12 47 52.881
12 49 11.058
12 57 34.716
12 68 91.831
12 74 29.154
12 37 89.248
12 77 70.088
12 69 46.269
12 54 50.428
12 40 78.977
12 66 2.602
12 24 68.351
69 74 95.211
69 45 47.488
69 64 8.972
69 24 79.623
69 21 96.481
69 90 86.389
69 47 93.576
69 17 41.448
69 27 70.282
69 50 38.223
69 30 34.948
69 8 38.44
69 81 95.246
69 63 73.33
69 60 76.966
69 3 36.283
69 29 39.287
69 13 25.254
69 28 29.829
69 41 6.817
69 57 87.611
69 7 2.668
69 19 31.214
69 62 18.81
69 36 30.462
69 86 49.035
69 68 19.102
69 52 14.014
69 23 20.09
69 10 88.05
69 22 35.416
69 67 90.54
69 55 91.057
74 54 88.909
74 81 73.781
74 9 84.553
74 91 30.414
74 7 50.87
74 40 62.963
74 17 65.127
74 60 51.612
74 84 69.865
74 67 14.301
74 63 51.042
74 27 42.535
74 34 24.289
74 55 24.159
74 57 74.748
74 13 19.604
74 3 34.462
74 92 3.109
74 28 94.824
74 66 19.951
74 97 67.555
74 41 58.46
74 33 30.655
74 23 95.298
74 72 69.028
74 47 78.616
74 52 45.462
74 82 79.537
74 19 70.545
74 29 71.06
74 21 97.552
74 25 7.203
74 64 73.253
74 80 17.245
74 62 99.778
74 71 34.575
84 3 81.066
84 17 32.751
84 51 48.438
84 86 10.16
84 30 2.402
84 91 49.461
84 8 10.546
84 90 98.355
84 22 87.25
84 10 35.658
84 14 11.891
84 9 76.906
84 62 77.686
84 27 61.89
84 72 75.633
84 80 54.881
84 57 61.792
84 78 87.585
84 46 27.534
84 23 89.872
84 68 91.249
84 66 79.762
84 60 87.407
84 55 39.488
84 34 71.962
84 82 85.357
84 21 84.517
84 45 29.775
84 63 23.458
84 67 24.067
84 36 20.86
84 50 6.223
57 46 45.736
57 68 41.461
57 25 34.218
57 47 42.318
57 10 25.121
57 77 98.397
57 86 11.439
57 34 39.634
57 66 99.777
57 78 77.745
57 67 0.328
57 17 97.474
57 62 28.287
57 63 75.036
57 14 93.213
57 60 61.197
57 37 91.905
57 81 62.323
57 92 85.013
57 13 84.588
57 7 56.338
57 19 32.811
57 52 65.559
57 36 78.585
57 91 75.857
57 80 82.103
57 24 58.07
55 54 26.941
55 29 97.725
55 46 81.734
55 67 68.117
55 62 7.554
55 91 41.511
55 47 85.909
55 78 26.151
55 17 22.793
55 36 76.604
55 23 71.13
55 72 95.313
55 21 48.867
55 24 24.856
55 51 5.338
55 10 39.155
55 66 91.909
55 60 95.195
55 81 69.455
55 82 90.752
55 97 10.865
55 90 68.24
55 13 45.496
55 19 0.634
55 41 18.703
55 27 0.797
55 7 27.537
55 30 42.508
64 47 62.543
64 72 39.016
64 51 1.136
64 37 0.705
64 68 18.16
64 30 2.828
64 97 46.993
64 9 30.786
64 81 31.663
64 45 99.264
64 80 30.199
64 54 45.192
64 24 30.933
64 33 24.768
64 86 43.201
64 36 58.035
64 52 22.334
64 14 46.189
64 8 36.444
64 28 40.994
64 29 80.417
64 17 17.557
64 21 11.797
64 92 59.213
64 46 70.651
64 50 74.654
64 27 98.202
64 22 81.694
64 41 62.102
64 25 27.388
64 3 55.702
64 19 36.022
64 34 17.909
45 8 75.223
45 13 31.692
45 10 52.153
45 67 28.767
45 25 94.689
45 82 16.265
45 33 99.332
45 77 98.879
45 91 50.998
45 97 86.517
45 40 85.583
45 27 47.254
45 49 19.348
45 28 33.63
45 22 65.673
45 60 1.258
45 34 48.427
45 29 76.001
45 63 16.817
45 30 38.962
45 50 16.176
45 24 97.277
45 62 83.149
45 3 18.227
45 41 69.456
45 23 32.671
45 86 61.702
45 78 16.113
45 46 36.4
45 37 24.673
45 14 35.172
45 21 37.303
91 72 96.288
91 23 37.52
91 36 86.229
91 82 91.499
91 81 46.815
91 10 38.614
91 86 73.984
91 50 33.439
91 37 73.158
91 7 99.465
91 63 91.518
91 22 7.731
91 41 99.869
91 60 87.751
91 13 35.994
91 24 95.636
91 19 79.093
91 29 85.411
91 62 60.791
91 97 14.736
91 40 82.973
91 3 97.686
91 92 37.317
91 52 95.332
91 90 44.204
91 49 64.725
91 78 8.646
86 24 27.2
86 22 95.583
86 60 37.289
86 47 27.639
86 17 92.888
86 41 81.309
86 19 1.824
86 82 19.013
86 67 42.166
86 51 86.815
86 14 41.4
86 33 56.676
86 72 70.26
86 29 81.828
86 50 60.894
86 3 6.107
86 62 45.935
86 21 52.206
86 77 18.143
86 54 64.99
86 10 20.461
86 7 54.15
86 66 49.053
86 80 26.172
86 40 42.096
86 37 52.359
86 68 62.406
86 52 32.702
24 49 47.253
24 63 52.617
24 13 52.219
24 46 69.233
24 34 91.608
24 22 4.073
24 23 79.048
24 78 42.071
24 33 50.745
24 51 33.401
24 8 20.681
24 17 15.493
24 36 2.396
24 77 28.006
24 62 41.529
24 47 26.84
24 21 62.18
24 27 52.758
24 81 11.551
24 25 11.992
24 82 67.149
24 92 20.226
21 34 90.534
21 46 24.678
21 66 95.467
21 8 9.971
21 41 8.576
21 52 46.913
21 28 31.814
21 68 48.092
21 72 6.41
21 81 38.457
21 37 60.738
21 51 71.608
21 13 22.612
21 17 35.006
21 7 20.589
21 47 5.018
21 71 39.617
21 22 80.974
21 19 86.761
21 67 23.259
21 40 98.797
21 60 88.944
21 25 76.727
21 3 24.469
21 27 88.188
21 82 21.695
21 92 48.382
21 23 84.398
21 33 37.148
21 78 26.941
62 60 71.816
62 17 70.203
62 41 65.456
62 13 15.923
62 54 71.985
62 7 71.385
62 29 93.751
62 63 45.849
62 40 66.356
62 9 11.776
62 97 28.572
62 90 6.729
62 34 79.332
62 22 28.862
62 37 89.609
62 23 57.582
62 27 84.256
62 8 83.215
62 51 51.273
62 47 0.36
62 67 28.101
60 81 32.633
60 28 79.506
60 23 77.024
60 9 44.235
60 27 36.176
60 3 41.754
60 66 70.994
60 71 23.676
60 92 35.702
60 14 4.292
60 33 56.921
60 29 33.78
60 68 82.001
60 36 76.562
60 78 65.876
60 46 5.875
60 7 82.822
60 34 82.534
60 13 48.826
60 50 69.353
60 72 41.789
60 52 50.231
60 37 78.5
60 17 57.253
60 90 5.562
60 22 18.933
60 49 75.94
60 25 10.344
60 51 5.023
60 97 43.923
60 47 20.974
60 67 81.837
29 17 62.894
29 66 98.593
29 54 40.857
29 25 59.831
29 41 55.172
29 8 61.042
29 82 27.349
29 36 97.388
29 71 69.445
29 10 35.394
29 77 23.666
29 67 55.437
29 33 50.289
29 51 81.728
29 52 57.288
29 37 12.662
29 34 56.567
29 46 48.706
29 7 79.066
29 68 40.264
29 30 9.36
29 19 97.36
29 23 69.058
29 9 51.126
29 97 72.528
29 81 67.675
29 27 14.024
17 9 68.353
17 37 22.019
17 41 85.257
17 33 61.953
17 8 69.272
17 66 69.633
17 49 19.786
17 7 99.006
17 92 31.2
17 40 40.874
17 34 87.501
17 25 3.288
17 71 87.465
17 13 10.655
17 90 71.731
17 14 65.253
17 10 42.331
17 68 76.023
17 22 8.417
17 67 46.079
17 72 93.574
17 63 70.954
17 54 92.735
17 19 29.789
17 80 54.896
17 47 44.938
17 30 57.427
17 78 22.555
49 34 59.405
49 8 53.982
49 68 64.144
49 50 28.599
49 72 24.96
49 3 95.825
49 81 7.926
49 14 2.892
49 52 54.587
49 51 46.981
49 82 22.096
49 25 80.479
49 97 51.329
49 22 8.717
49 7 86.673
49 63 96.53
49 66 94.142
49 78 15.19
49 9 88.897
49 80 16.44
49 23 69.402
49 47 95.516
23 92 54.317
23 52 90.502
23 22 57.682
23 54 32.905
23 10 7.491
23 37 84.986
23 63 6.455
23 50 65.838
23 14 44.281
23 78 88.58
23 82 83.847
23 97 37.758
23 41 98.761
23 47 64.287
23 67 53.672
23 25 95.599
23 27 12.306
23 7 80.094
23 66 16.097
23 77 54.421
23 8 96.722
23 46 64.143
23 28 40.315
23 90 34.661
23 30 88.534
92 72 23.606
92 34 58.069
92 8 45.582
92 28 87.083
92 90 54.932
92 13 62.895
92 22 4.111
92 10 60.558
92 63 57.122
92 14 50.035
92 37 97.582
92 77 13.894
92 51 2.087
92 66 48.58
92 33 53.096
92 40 88.872
92 97 67.768
92 71 68.381
92 78 54.414
92 50 20.636
92 67 68.35
92 52 26.14
92 3 50.857
92 81 49.645
92 46 26.025
92 36 50.329
72 52 77.067
72 41 13.425
72 54 10.965
72 50 84.217
72 47 6.307
72 33 23.074
72 10 93.181
72 68 96.011
72 77 2.583
72 37 95.591
72 51 52.559
72 13 72.757
72 3 28.289
72 7 94.727
72 22 50.264
72 36 66.008
72 82 71.43
72 28 15.964
72 27 86.093
72 81 44.701
72 30 33.185
72 34 51.477
41 90 64.708
41 28 52.497
41 10 78.623
41 36 86.633
41 27 45.021
41 14 88.745
41 40 52.311
41 81 2.275
41 46 56.568
41 66 31.29
41 13 7.029
41 54 28.195
41 52 77.825
41 78 65.366
41 50 28.942
41 47 78.074
41 80 93.924
41 97 42.086
41 51 67.269
41 33 35.811
41 67 29.769
41 3 37.144
41 37 10.828
41 63 64.515
41 19 30.983
34 78 3.202
34 47 35.829
34 10 44.746
34 22 25.817
34 7 85.132
34 67 66.962
34 19 19.042
34 46 44.178
34 14 86.688
34 28 43.03
34 8 71.926
34 81 22.944
34 25 91.392
34 66 36.408
34 63 42.879
34 90 97.099
34 9 25.78
34 36 40.57
34 80 50.428
34 30 68.162
34 71 37.371
34 82 45.679
34 50 69.426
3 63 63.44
3 37 4.789
3 8 76.316
3 52 92.664
3 68 89.464
3 30 53.173
3 22 84.762
3 78 6.01
3 27 63.421
3 40 78.236
3 19 88.3
3 50 11.199
3 90 47.175
3 80 42.663
3 33 38.186
3 36 52.729
3 71 83.025
3 46 18.67
10 33 35.631
10 28 87.402
10 47 22.613
10 30 54.871
10 9 22.583
10 90 22.661
10 52 69.006
10 13 31.914
10 54 14.181
10 63 19.415
10 81 10.04
10 25 83.542
10 97 61.813
10 68 13.687
10 51 91.901
10 77 18.048
10 40 4.426
10 78 27.798
10 66 11.335
10 14 80.671
66 50 37.53
66 46 65.25
66 68 50.254
66 97 72.829
66 27 19.275
66 22 35.192
66 71 67.788
66 78 42.625
66 33 6.031
66 51 73.018
66 40 19.457
66 28 73.195
66 67 98.01
66 25 59.632
66 47 21.483
66 19 35.896
66 82 59.763
66 14 40.901
66 7 76.924
90 67 61.37
90 8 74.369
90 36 94.975
90 9 4.219
90 80 14.894
90 25 98.794
90 54 65.04
90 28 80.701
90 71 51.493
90 50 17.346
90 19 26.436
90 47 22.928
90 51 43.491
90 7 85.414
90 77 43.04
90 14 18.224
90 22 8.022
90 52 53.827
46 36 21.335
46 14 20.152
46 8 9.441
46 33 51.607
46 13 49.949
46 19 53.42
46 47 17.249
46 27 31.308
46 71 63.768
46 37 61.665
46 30 88.452
46 51 48.478
46 67 42.27
46 50 8.548
46 78 75.494
46 63 18.042
46 7 55.159
46 68 99.031
46 54 0.98
46 80 92.307
46 97 44.447
22 37 12.967
22 68 61.838
22 51 10.579
22 78 13.909
22 82 48.281
22 97 63.938
22 77 88.298
22 13 3.913
22 30 70.127
22 36 31.293
22 71 26.297
22 8 23.605
22 50 17.63
22 47 35.381
22 67 30.739
22 19 59.241
22 9 9.491
22 80 4.106
78 50 45.031
78 47 5.132
78 9 46.893
78 30 91.02
78 71 22.7
78 19 85.138
78 77 98.047
78 37 38.254
78 28 27.146
78 27 0.696
78 54 47.291
78 52 6.605
78 14 79.437
78 13 19.851
78 25 95.216
78 7 85.638
50 40 37.175
50 14 35.015
50 80 7.076
50 71 51.458
50 82 61.787
50 7 12.516
50 68 88.908
50 63 78.526
50 47 69.247
50 81 15.443
50 51 7.837
50 67 56.998
50 13 43.385
50 27 5.037
50 25 40.996
68 47 75.791
68 52 59.738
68 82 40.969
68 80 24.283
68 7 33.489
68 28 22.77
68 51 63.442
68 14 25.44
68 33 65.006
68 63 34.055
68 40 75.888
68 9 17.989
68 71 67.828
68 97 43.366
68 8 58.321
68 37 69.857
68 30 35.19
52 13 97.779
52 27 57.235
52 51 17.562
52 19 25.489
52 33 92.141
52 47 62.068
52 80 33.431
52 40 77.53
52 30 21.237
52 7 95.373
52 77 46.42
52 36 82.087
52 25 71.973
52 81 70.547
52 14 0.512
40 81 74.93
40 33 51.788
40 14 55.484
40 8 40.842
40 37 30.331
40 71 6.017
40 51 95.787
40 30 64.344
40 67 6.592
40 19 50.749
40 9 65.364
40 82 47.701
40 7 73.24
40 28 85.953
40 27 43.57
40 77 87.603
36 51 26.69
36 8 29.138
36 97 97.013
36 77 52.187
36 28 42.774
36 63 65.259
36 47 68.09
36 37 73.402
36 7 54.597
36 25 68.35
36 71 66.559
36 14 92.976
36 30 2.584
33 82 62.419
33 28 22.661
33 13 97.606
33 14 44.946
33 77 88.518
33 81 76.318
33 71 7.665
33 51 74.543
33 67 8.405
33 8 24.191
33 25 98.154
33 19 1.059
33 37 66.41
33 63 45.857
33 30 49.031
8 13 14.672
8 14 53.921
8 25 0.791
8 37 84.86
8 81 64.148
8 63 1.771
8 77 70.172
8 30 75.655
8 67 50.52
8 97 60.897
8 80 80.464
8 9 65.267
8 54 21.604
8 7 49.589
8 28 10.881
8 71 21.21
54 81 4.687
54 25 19.834
54 77 81.571
54 67 91.042
54 13 90.653
54 63 89.736
54 71 32.93
54 7 4.028
54 19 88.236
54 27 80.534
54 9 56.318
54 97 7.409
51 7 44.268
51 25 45.776
51 80 99.679
51 63 4.194
51 77 87.777
51 30 96.486
51 81 88.715
51 14 80.057
51 28 61.359
51 13 42.851
27 25 16.391
27 47 70.702
27 80 74.458
27 97 50.869
27 81 63.861
27 63 5.462
27 7 23.427
27 9 15.69
27 67 19.192
27 37 66.299
27 13 88.94
27 82 84.844
80 81 23.075
80 71 87.598
80 82 64.024
80 19 77.555
80 37 73.246
80 7 83.276
80 13 71.337
80 30 29.833
80 77 64.462
80 63 22.117
80 14 41.839
37 28 6.19
37 14 74.538
37 19 50.168
37 82 22.83
37 13 30.904
37 71 64.696
37 25 28.441
37 63 5.966
37 30 15.048
37 47 49.846
37 7 89.155
19 14 86.505
19 67 78.045
19 81 23.709
19 82 25.855
19 77 40.947
19 97 43.444
19 25 95.604
19 71 64.108
47 25 96.904
47 7 73.776
47 82 52.703
47 71 0.545
47 67 18.081
47 30 11.371
47 9 29.309
47 81 85.274
47 77 62.064
47 13 37.183
81 25 47.122
81 7 28.044
81 13 69.979
81 30 72.312
81 82 85.963
81 71 75.06
81 77 70.879
63 14 66.633
63 82 68.049
63 25 72.914
63 97 20.189
63 13 52.639
63 67 29.908
63 28 80.833
63 9 88.741
14 67 57.95
14 9 42.839
14 28 60.474
14 97 18.723
14 25 22.011
14 7 95.166
14 13 5.89
13 25 71.587
13 71 88.038
13 77 70.778
13 9 85.786
13 30 7.02
13 7 75.055
13 28 37.997
25 30 16.804
25 9 35.093
25 67 86.027
25 28 2.745
25 7 4.853
67 28 47.466
67 97 91.316
67 77 26.711
67 9 29.707
67 30 41.322
7 9 24.948
7 28 71.391
7 82 90.496
7 97 89.279
7 77 80.612
28 30 12.081
28 97 27.981
28 77 28.228
28 9 65.468
71 9 38.971
71 77 94.659
71 97 15.891
9 77 40.829
9 30 28.006
77 30 33.591
77 82 17.937
82 30 12.492
82 97 51.611