100
0 61 3.966
0 63 7.962
0 65 12.273
0 66 7.066
0 67 8.838
0 68 12.956
0 69 11.795
0 70 13.399
0 71 13.068
0 72 14.376
0 73 14.744
0 74 7.428
0 75 12.833
0 76 8.926
0 77 11.748
0 78 15.354
0 79 12.496
0 80 13.54
0 81 10.435
0 82 13.817
0 83 16.448
0 84 11.071
0 85 10.839
0 86 11.415
0 87 13.99
0 88 11.328
0 89 11.972
0 90 15.868
0 91 10.985
0 92 11.221
0 93 14.973
0 94 15.223
0 95 13.13
0 96 12.362
0 97 10.363
0 98 10.893
0 99 10.578
1 12 7.022
1 8 6.673
1 65 14.932
2 22 5.653
2 51 7.261
2 15 8.178
2 66 11.292
3 36 9.852
3 61 7.962
3 67 12.278
4 33 8.894
4 14 6.122
4 68 12.558
5 57 7.085
5 20 6.393
5 69 10.203
6 62 8.109
6 54 4.855
6 70 10.744
7 27 4.915
7 56 7.337
7 53 7.184
8 51 7.974
8 71 13.521
9 47 8.889
9 53 8.56
9 21 7.646
10 63 6.525
10 72 11.358
11 24 5.536
11 73 9.724
12 35 5.4
12 74 12.734
13 24 4.851
13 75 13.152
14 17 3.375
14 76 9.883
15 64 8.554
15 77 12.934
16 46 3.123
16 23 8.947
16 38 10.892
16 78 12.632
17 23 7.656
17 79 11.531
18 49 4.353
18 36 6.624
18 80 11.269
19 37 5.336
19 33 8.754
19 81 12.69
20 32 9.061
20 44 5.513
20 25 7.523
20 82 11.525
21 30 6.603
22 83 9.358
23 42 7.447
24 49 6.71
25 59 7.422
25 63 8.952
25 33 5.314
25 84 11.987
26 40 9.474
26 45 9.712
26 61 12.094
26 85 12.988
27 86 10.136
28 50 9.407
28 87 9.705
29 59 8.049
29 88 11.826
30 59 8.069
30 89 11.314
31 36 3.295
31 90 11.02
32 91 14.307
34 42 3.798
35 92 16.404
36 93 8.392
37 94 14.025
38 64 5.884
38 95 16.508
39 64 8.157
40 96 12.746
41 56 11.47
41 97 13.864
42 98 9.173
43 58 4.157
43 48 8.903
44 99 6.921
45 48 6.018
50 56 8.844
52 58 8.767
54 59 8.907
55 59 8.116
60 64 5.726