100
0 1 71.4
1 2 47.123
2 0 57.507
2 3 72.087
3 4 92.166
4 5 83.923
5 3 99.96
5 6 7.49
6 7 8.376
7 8 83.306
8 6 90.556
8 9 60.118
9 10 33.804
10 11 55.856
11 9 30.906
11 12 43.057
12 13 26.756
13 14 8.566
14 12 33.797
14 15 94.898
15 16 92.615
16 17 8.038
17 15 89.902
17 18 2.852
18 19 82.464
19 20 82.955
20 18 94.874
20 21 76.251
21 22 69.226
22 23 69.749
23 21 85.765
23 24 34.461
24 25 27.977
25 26 76.959
26 24 53.836
26 27 29.561
27 28 53.147
28 29 51.75
29 27 69.513
29 30 28.581
30 31 67.803
31 32 9.118
32 30 59.908
32 33 6.652
33 34 99.492
34 35 41.229
35 33 63.058
35 36 94.47
36 37 38.175
37 38 22.736
38 36 25.055
38 39 73.019
39 40 87.03
40 41 43.177
41 39 64.279
41 42 12.318
42 43 86.346
43 44 28.853
44 42 66.983
44 45 73.392
45 46 10.186
46 47 51.626
47 45 58.074
47 48 83.302
48 49 44.858
49 50 86.646
50 48 95.326
50 51 7.541
51 52 89.332
52 53 14.863
53 51 89.814
53 54 13.991
54 55 63.018
55 56 49.618
56 54 38.416
56 57 14.604
57 58 33.551
58 59 94.454
59 57 76.713
59 60 87.994
60 61 37.057
61 62 7.11
62 60 39.013
62 63 28.413
63 64 5.615
64 65 84.803
65 63 89.131
65 66 59.996
66 67 71.887
67 68 10.787
68 66 75.766
68 69 87.865
69 70 54.697
70 71 95.45
71 69 64.449
71 72 28.189
72 73 36.388
73 74 36.88
74 72 64.536
74 75 76.898
75 76 99.966
76 77 58.748
77 75 42.8
77 78 54.651
78 79 49.897
79 80 92.581
80 78 58.552
80 81 97.724
81 82 75.074
82 83 21.266
83 81 70.171
83 84 28.213
84 85 98.765
85 86 15.423
86 84 88.952
86 87 41.771
87 88 83.369
88 89 11.355
89 87 84.071
89 90 18.699
90 91 25.389
91 92 18.877
92 90 43.114
92 93 26.931
93 94 66.118
94 95 52.535
95 93 28.629
95 96 89.787
96 97 41.481
97 98 4.429
98 96 44.535
98 99 10.17
