100
14 8 81.233
14 9 53.13
14 79 56.801
14 54 5.78
14 51 14.495
14 40 90.12
14 22 73.366
14 89 95.351
14 95 10.072
14 57 68.495
14 23 45.19
14 96 91.142
14 67 69.826
14 18 45.789
14 29 5.117
14 75 96.51
14 50 38.585
14 98 71.064
14 72 97.778
14 55 71.856
14 25 90.76
14 45 37.442
14 68 74.431
14 11 28.88
14 70 5.132
48 88 15.428
48 58 15.195
48 90 75.898
48 49 56.039
48 5 70.951
48 17 69.92
48 30 97.939
48 86 48.46
48 36 34.571
48 53 7.122
48 87 29.847
48 52 31.366
48 73 84.015
48 20 0.443
48 66 87.51
48 4 47.652
48 55 95.402
48 6 69.96
48 10 68.407
48 61 76.515
48 7 67.698
48 25 55.071
48 96 78.314
48 75 74.475
48 84 33.791
48 3 85.427
48 46 83.508
94 41 95.103
94 66 84.505
94 93 18.488
94 36 64.384
94 0 50.746
94 83 61.38
94 98 27.336
94 45 77.871
94 7 50.408
94 12 27.991
94 29 41.942
94 26 54.282
94 27 38.541
94 21 43.263
94 75 53.021
94 67 37.607
94 89 87.825
94 64 5.435
94 9 48.083
94 53 41.818
94 84 42.994
94 77 64.016
94 50 61.418
94 65 26.499
94 5 89.115
94 60 29.924
94 49 50.42
94 40 74.344
94 39 23.137
94 90 11.672
94 35 76.291
94 47 55.347
94 10 56.612
94 16 94.743
94 2 46.415
94 63 34.816
94 43 95.745
94 86 75.82
79 76 99.78
79 28 35.65
79 0 85.448
79 86 43.474
79 33 78.117
79 14 97.882
79 43 41.151
79 5 16.797
79 85 67.053
79 46 22.45
79 52 79.153
79 88 11.574
79 66 51.802
79 37 10.672
79 12 16.85
79 82 52.687
79 1 73.664
79 90 24.96
79 99 25.544
79 34 28.787
79 49 7.256
79 87 43.19
79 55 51.083
79 45 96.014
79 89 76.727
79 21 26.635
79 19 19.244
79 8 3.837
79 40 67.019
79 53 2.935
79 72 3.991
84 45 25.495
84 26 21.37
84 18 58.812
84 41 13.642
84 51 92.453
84 98 53.277
84 93 70.481
84 87 56.39
84 40 71.075
84 52 69.668
84 66 93.453
84 31 49.172
84 15 13.269
84 86 7.395
84 3 87.086
84 85 41.711
84 33 76.833
84 38 37.598
84 39 91.587
84 88 2.969
84 78 68.194
84 28 66.422
84 67 18.92
84 81 74.318
84 62 20.544
84 60 10.154
84 49 52.525
84 25 99.881
84 83 99.251
84 10 42.333
84 22 70.492
84 5 60.835
84 96 1.639
84 24 50.087
84 4 96.909
84 74 44.293
84 47 65.368
84 36 39.507
84 9 90.254
84 48 55.544
84 16 0.544
84 92 82.364
84 11 65.32
84 0 54.277
84 12 87.076
21 88 36.385
21 10 41.254
21 65 92.798
21 61 91.179
21 32 5.089
21 92 22.461
21 7 30.574
21 99 31.485
21 13 52.738
21 50 25.999
21 93 3.07
21 76 11.559
21 81 91.53
21 38 0.126
21 9 7.968
21 1 29.409
21 82 57.988
21 41 20.023
21 71 27.802
21 70 52.846
21 79 16.16
21 33 13.137
21 57 55.871
21 43 1.065
21 14 86.144
21 16 79.791
21 84 99.205
21 30 40.99
21 78 5.559
21 28 28.129
21 69 29.511
53 1 71.849
53 61 90.881
53 19 7.269
53 78 42.265
53 69 50.141
53 89 99.925
53 33 19.965
53 72 57.567
53 40 36.274
53 48 17.166
53 28 61.971
53 10 80.086
53 66 19.523
53 71 66.246
53 5 99.746
53 74 73.77
53 47 7.717
53 42 32.699
53 81 10.76
53 85 15.835
53 25 7.32
53 70 68.235
53 49 88.488
53 57 64.445
53 75 48.344
53 62 14.009
53 9 39.617
53 12 5.736
53 65 71.889
53 96 93.515
53 82 10.884
53 56 96.513
53 76 8.618
53 86 6.286
53 98 3.809
53 15 64.245
42 76 28.333
42 11 75.439
42 33 54.874
42 38 58.167
42 18 98.854
42 43 81.919
42 93 85.008
42 25 72.661
42 54 23.949
42 5 2.036
42 34 95.642
42 22 43.901
42 57 72.671
42 97 9.824
42 58 10.487
42 39 3.963
42 61 63.92
42 2 87.906
42 47 57.156
89 84 61.272
89 33 75.516
89 77 64.666
89 24 41.469
89 22 96.349
89 21 67.503
89 83 21.713
89 92 18.437
89 6 28.376
89 63 59.936
89 94 72.753
89 40 63.332
89 41 63.274
89 4 36.686
89 66 17.147
89 96 53.613
89 12 34.918
89 0 71.561
89 3 49.658
89 15 33.835
89 44 62.338
89 81 5.319
89 56 3.078
89 60 70.173
89 70 33.107
89 20 37.362
69 1 5.625
69 99 33.962
69 13 62.053
69 6 5.051
69 96 96.372
69 93 66.454
69 84 40.503
69 11 15.125
69 24 39.651
69 70 8.906
69 60 76.129
69 65 82.048
69 61 4.738
69 57 1.324
69 50 87.31
69 97 4.208
69 15 76.584
69 68 10.845
69 63 8.755
69 55 52.502
69 71 54.655
69 17 44.959
69 67 20.829
69 10 15.256
69 39 54.198
69 94 37.657
69 14 29.417
69 12 61.839
69 26 9.464
69 80 90.229
27 84 37.458
27 32 45.827
27 85 77.15
27 87 18.329
27 82 97.648
27 72 73.289
27 53 63.976
27 65 11.266
27 25 61.024
27 6 74.329
27 88 92.676
27 33 31.234
27 60 88.158
27 71 2.371
27 52 96.761
27 59 64.696
27 97 16.604
27 70 1.952
27 78 96.127
27 56 26.402
27 48 68.663
27 75 30.859
27 34 20.628
27 64 59.946
27 95 7.723
27 40 40.885
27 8 4.004
27 39 77.971
27 29 29.909
27 86 75.119
27 31 49.965
27 37 32.3
27 7 13.27
27 30 76.183
27 21 2.695
27 92 41.825
27 13 37.107
27 66 25.378
27 83 17.803
33 70 19.611
33 80 43.648
33 15 31.458
33 55 40.636
33 4 29.992
33 18 11.857
33 76 86.475
33 3 18.485
33 30 40.747
33 92 69.747
33 83 47.31
33 57 3.248
33 43 37.026
33 54 8.15
33 14 22.241
33 53 38.377
33 72 55.435
33 51 16.235
33 7 35.55
33 61 3.25
33 29 31.892
33 0 41.627
33 66 61.065
33 32 90.913
33 21 4.429
33 65 41.142
33 1 72.605
33 99 46.918
33 50 78.021
33 91 55.336
33 81 71.137
33 17 95.816
33 19 80.151
34 1 99.977
34 25 99.302
34 28 91.62
34 69 37.667
34 86 80.189
34 60 78.696
34 41 4.724
34 76 28.889
34 42 13.834
34 9 78.968
34 75 32.607
34 92 79.755
34 51 13.797
34 13 62.036
34 16 74.807
34 62 33.987
34 33 24.542
34 32 51.04
34 48 54.313
34 14 57.758
34 64 18.609
34 11 71.633
34 55 40.434
34 5 71.096
34 58 90.47
34 80 48.448
34 68 18.601
34 3 75.827
34 96 3.457
34 39 19.691
34 95 83.55
34 10 7.849
34 12 9.686
18 79 36.054
18 49 76.363
18 3 6.946
18 23 27.053
18 17 48.402
18 27 87.877
18 62 36.411
18 75 70.657
18 84 89.291
18 54 10.71
18 78 61.341
18 1 43.844
18 94 70.198
18 12 44.76
18 13 30.595
18 40 24.876
18 88 53.832
18 67 4.46
18 58 65.986
18 71 66.321
18 29 58.568
18 82 89.496
18 43 0.547
18 83 52.499
18 28 8.516
18 42 93.651
18 69 1.58
18 30 39.05
18 33 89.114
18 64 3.827
18 59 4.373
18 76 99.753
18 35 35.538
18 73 65.417
18 11 77.255
18 63 87.635
52 16 6.669
52 8 68.543
52 49 47.942
52 24 3.566
52 92 70.153
52 96 66.278
52 53 87.529
52 7 53.441
52 4 72.41
52 98 99.82
52 99 71.639
52 77 77.451
52 39 72.054
52 5 68.496
52 6 82.715
52 1 32.624
52 27 96.548
52 73 13.542
52 33 25.26
52 78 19.659
52 28 90.528
52 40 17.15
52 32 7.91
52 41 16.518
52 10 78.262
52 26 37.823
52 81 33.873
52 50 72.357
52 97 11.91
52 63 85.092
52 51 60.36
52 91 86.975
52 47 70.989
52 66 22.515
52 70 39.782
52 83 48.582
52 46 90.439
82 80 21.555
82 34 55.625
82 60 17.27
82 14 9.235
82 56 12.433
82 6 47.49
82 22 81.456
82 55 85.908
82 8 59.473
82 76 68.407
82 84 98.279
82 95 90.025
82 46 93.764
82 97 21.128
82 47 47.545
82 17 55.839
82 71 81.349
82 99 37.672
82 42 98.027
82 13 47.792
82 33 44.866
82 89 11.398
82 96 60.82
82 81 35.41
82 19 42.44
82 64 64.029
82 2 10.328
82 52 47.529
82 68 5.205
82 72 0.974
82 28 33.781
82 83 64.116
82 91 28.264
82 48 84.232
82 35 28.444
82 11 12.153
82 1 13.191
82 77 90.732
82 26 18.169
82 23 71.716
82 62 50.362
95 93 4.993
95 97 93.587
95 61 66.156
95 22 8.683
95 42 94.451
95 75 98.028
95 65 59.345
95 0 98.001
95 21 61.283
95 27 52.256
95 46 55.004
95 56 1.501
95 89 72.132
95 70 57.209
95 3 77.452
95 76 6.56
95 55 65.701
95 81 79.646
95 57 22.451
95 63 96.847
95 18 13.357
95 11 6.332
95 24 37.172
95 80 51.165
95 72 28.53
95 84 8.717
95 83 54.328
95 88 85.327
95 5 46.561
95 50 80.492
95 82 9.219
95 86 2.47
95 52 32.455
95 12 35.459
57 46 53.942
57 16 91.599
57 36 22.19
57 1 32.805
57 43 76.11
57 12 29.948
57 70 37.895
57 17 71.497
57 72 93.095
57 50 18.563
57 49 12.979
57 76 38.127
57 75 55.129
57 0 90.098
57 60 38.179
57 42 52.561
57 89 72.67
57 37 96.823
57 67 69.461
57 39 15.4
57 77 92.122
57 55 22.697
57 7 52.222
57 53 27.067
57 3 99.746
57 74 76.441
57 47 2.434
57 26 89.65
57 69 36.011
57 33 37.005
57 78 68.245
57 95 97.632
57 9 2.974
86 38 77.638
86 74 70.186
86 39 45.369
86 29 55.268
86 32 67.644
86 77 59.989
86 46 94.093
86 89 30.264
86 91 91.781
86 43 1.992
86 45 46.437
86 63 72.478
86 34 0.483
86 23 57.798
86 10 34.58
86 76 92.977
86 19 7.404
86 37 92.926
86 30 37.742
86 44 64.886
86 0 93.488
86 84 69.234
86 28 69.343
86 1 15.964
86 62 90.181
86 54 57.259
86 50 5.995
86 18 76.612
86 95 61.369
86 82 47.35
86 69 51.478
86 5 89.447
86 20 93.263
86 33 12.832
86 87 84.247
86 60 97.725
86 56 86.498
86 8 94.247
86 68 29.181
86 21 11.588
12 32 31.34
12 58 40.631
12 56 97.432
12 89 66.023
12 27 39.019
12 20 23.934
12 35 47.554
12 8 70.252
12 54 81.648
12 94 29.274
12 6 82.106
12 36 5.861
12 77 56.098
12 1 80.086
12 18 16.872
12 44 44.412
12 51 64.568
12 45 6.691
12 2 84.257
12 0 84.34
12 81 95.063
12 84 38.539
12 79 77.535
12 76 13.272
12 95 85.418
12 60 23.669
12 50 68.111
12 38 70.911
12 74 96.65
12 30 85.903
12 19 38.973
12 69 96.671
28 86 7.283
28 62 94.951
28 43 57.411
28 13 57.351
28 48 6.302
28 7 57.314
28 60 42.512
28 10 59.511
28 36 64.864
28 50 21.635
28 27 80.901
28 52 78.993
28 94 25.414
28 68 8.005
28 53 7.945
28 55 69.204
28 80 61.667
28 14 57.819
28 73 21.488
28 47 30.065
28 74 20.449
28 4 5.072
28 37 3.542
28 24 88.429
28 99 19.956
28 89 89.734
28 31 56.561
28 54 69.686
28 42 28.984
28 61 30.324
28 59 81.428
28 11 44.085
28 97 82.771
28 17 25.388
28 45 22.504
36 24 6.442
36 31 93.228
36 66 77.374
36 3 58.513
36 42 27.397
36 94 71.325
36 95 50.709
36 49 34.929
36 74 93.499
36 77 73.793
36 72 59.674
36 60 41.601
36 35 36.325
36 19 52.707
36 84 57.249
36 34 30.71
36 23 90.126
36 53 13.799
36 85 22.156
36 38 50.204
36 44 81.195
36 43 88.759
36 88 31.674
36 51 69.537
36 65 6.2
36 27 85.944
36 11 34.366
36 68 24.663
36 78 61.263
36 64 55.891
36 55 81.898
70 13 78.156
70 4 79.138
70 42 22.582
70 38 99.403
70 77 24.619
70 51 34.192
70 2 65.321
70 46 39.898
70 28 50.124
70 64 41.786
70 71 42.131
70 27 62.062
70 45 81.912
70 85 86.759
70 6 32.72
70 50 28.666
70 16 86.623
70 15 23.137
70 1 13.245
70 37 84.702
70 23 46.58
70 33 64.355
70 83 72.613
70 65 40.194
70 14 30.954
70 53 3.466
70 54 16.239
70 11 89.632
70 5 10.997
70 20 47.216
70 41 27.756
70 30 73.148
70 44 1.775
70 7 49.183
70 32 73.461
70 68 83.935
70 84 5.012
70 86 17.345
37 67 0.212
37 55 80.241
37 87 66.79
37 19 9.388
37 48 13.499
37 94 13.831
37 97 45.535
37 82 73.458
37 53 44.398
37 39 41.502
37 10 96.261
37 41 56.1
37 79 36.05
37 18 71.432
37 14 25.102
37 60 89.58
37 85 37.399
37 65 39.648
37 28 19.311
37 92 3.325
37 86 75.757
37 63 45.114
37 3 6.319
37 6 7.094
37 59 5.606
37 91 8.176
37 2 36.097
37 99 84.837
37 52 29.024
37 40 28.982
37 80 58.633
37 27 77.449
37 43 98.746
37 35 55.81
37 77 18.461
1 3 39.678
1 19 8.041
1 4 98.278
1 34 1.538
1 49 84.591
1 50 17.454
1 40 79.9
1 71 53.744
1 26 2.798
1 98 33.291
1 88 46.966
1 76 63.15
1 7 22.634
1 97 74.069
1 12 91.309
1 91 57.876
1 52 74.806
1 80 5.802
1 79 74.988
1 47 96.982
1 38 99.595
1 2 97.112
1 37 7.922
1 75 16.665
1 85 63.476
1 8 88.432
1 94 17.82
1 57 5.667
1 43 41.253
1 25 7.721
1 89 55.716
1 46 37.677
1 59 5.725
1 63 25.654
1 9 50.939
1 70 5.586
1 31 0.71
1 13 84.892
1 45 22.387
1 54 32.546
1 86 64.706
1 48 65.746
1 23 18.997
1 6 99.623
1 61 79.44
43 92 96.877
43 63 61.19
43 84 16.912
43 40 55.358
43 35 52.521
43 80 38.017
43 74 94.165
43 47 58.753
43 49 6.916
43 38 66.857
43 32 56.386
43 87 9.851
43 36 18.311
43 58 11.737
43 55 39.19
43 69 48.433
43 8 90.151
43 16 81.042
43 66 7.474
43 51 8.529
43 20 57.904
43 85 31.063
43 59 84.226
43 21 7.094
43 62 55.107
43 48 39.136
43 61 41.221
43 15 67.655
43 50 20.31
43 89 87.909
43 82 86.067
99 47 99.954
99 94 24.892
99 2 12.847
99 87 77.602
99 97 75.282
99 20 95.428
99 96 22.774
99 52 68.669
99 33 53.675
99 34 7.309
99 50 28.688
99 65 17.368
99 24 80.882
99 32 4.58
99 98 26.796
99 0 47.733
99 45 78.426
99 30 37.23
99 89 65.799
99 38 12.405
99 85 15.702
99 16 11.202
99 55 57.15
99 7 81.286
99 73 67.403
99 76 43.397
99 49 64.58
99 26 88.159
99 41 7.013
99 9 28.389
4 79 96.671
4 34 28.346
4 24 56.596
4 98 59.212
4 40 7.141
4 0 14.569
4 2 33.646
4 81 48.164
4 20 11.346
4 35 52.272
4 14 68.277
4 93 83.873
4 29 79.98
4 1 6.01
4 16 15.121
4 66 24.561
4 51 6.278
4 91 66.637
4 99 49.7
4 22 24.212
4 88 95.966
4 18 94.916
4 53 2.477
4 26 34.254
4 17 29.908
4 73 56.092
4 44 36.635
4 12 28.1
4 95 80.862
4 63 26.722
4 69 90.101
4 77 19.853
4 9 92.362
4 72 67.091
4 46 53.02
4 54 56.754
4 33 93.09
4 5 47.884
24 22 21.022
24 44 79.192
24 84 81.783
24 71 65.358
24 6 53.851
24 86 90.02
24 32 85.181
24 59 17.333
24 80 34.345
24 56 48.233
24 82 43.712
24 43 37.196
24 85 51.267
24 0 60.493
24 15 50.824
24 66 99.299
24 31 55.19
24 8 33.567
24 17 96.942
24 83 86.907
24 78 19.235
24 74 69.223
24 13 17.101
24 39 51.087
24 99 59.564
24 68 2.901
24 3 21.239
24 67 89.207
24 37 89.608
24 11 11.875
24 51 59.685
24 88 56.592
24 65 6.335
24 47 27.715
24 20 74.879
24 5 74.422
24 25 23.196
24 34 55.909
24 33 65.293
11 78 21.306
11 86 27.588
11 19 39.092
11 71 84.884
11 64 71.579
11 23 74.553
11 48 46.481
11 28 92.667
11 90 65.014
11 4 20.068
11 17 81.259
11 82 89.307
11 59 39.719
11 65 91.112
11 50 11.204
11 15 38.132
11 21 46.854
11 91 73.944
11 27 23.838
11 72 31.525
11 33 26.638
11 18 47.191
11 73 34.008
11 44 96.777
11 41 3.774
11 30 42.468
11 68 18.57
11 87 76.217
11 98 17.601
11 12 82.52
11 13 24.688
11 8 51.608
11 46 59.557
11 35 50.191
11 84 66.666
11 3 53.501
11 83 67.686
11 51 11.564
11 57 65.322
11 93 73.708
11 16 45.64
93 55 9.715
93 11 12.256
93 35 20.8
93 75 42.777
93 33 54.734
93 15 56.992
93 50 71.573
93 43 0.113
93 84 68.915
93 72 70.422
93 90 5.56
93 1 17.715
93 22 2.809
93 70 50.068
93 67 94.039
93 64 10.142
93 92 75.321
93 80 67.351
93 87 51.362
93 14 82.695
93 63 51.629
93 78 42.837
93 49 9.337
93 18 91.518
93 86 91.355
93 51 63.624
93 98 16.605
93 68 89.688
93 56 36.654
93 81 99.887
93 20 17.572
93 37 18.952
93 6 45.769
93 38 13.347
50 16 27.503
50 0 61.061
50 44 22.961
50 43 88.926
50 67 11.473
50 76 12.724
50 30 18.411
50 89 46.911
50 19 96.016
50 59 10.475
50 48 69.562
50 66 71.123
50 14 57.155
50 7 41.533
50 61 20.997
50 98 79.604
50 69 55.258
50 29 45.641
50 41 54.571
50 1 51.968
50 55 49.372
50 38 44.512
50 31 65.423
50 77 57.609
50 37 25.346
50 92 1.964
50 68 95.359
50 10 55.72
50 64 72.282
50 18 60.118
50 4 63.878
50 15 92.572
50 96 15.141
50 60 44.558
50 26 88.754
50 5 62.859
50 45 91.809
50 58 1.895
50 2 74.551
50 35 71.222
50 49 74.571
50 99 25.022
50 52 80.923
50 17 88.447
58 70 23.712
58 72 24.751
58 32 29.849
58 39 3.961
58 7 46.799
58 62 46.29
58 73 53.95
58 65 50.438
58 38 27.035
58 82 45.622
58 97 36.282
58 45 32.059
58 41 34.161
58 22 10.729
58 86 1.6
58 1 10.277
58 76 31.513
58 78 33.567
58 91 62.538
58 69 25.737
58 27 16.02
58 61 38.302
58 67 26.767
58 96 12.035
58 28 54.961
58 2 84.184
58 99 69.771
58 5 0.858
58 52 35.149
58 89 46.743
58 3 67.678
58 71 31.218
44 76 18.831
44 77 48.295
44 47 50.449
44 28 82.882
44 33 52.627
44 6 75.757
44 71 19.136
44 56 89.789
44 53 23.539
44 72 28.739
44 31 60.473
44 19 32.808
44 24 27.631
44 63 90.089
44 5 33.283
44 2 51.92
44 66 73.073
44 36 54.658
44 54 47.714
44 64 0.171
44 17 38.73
44 25 55.626
44 1 94.772
44 9 89.382
44 91 31.793
44 62 44.312
44 46 55.867
44 67 44.176
44 18 20.53
44 95 60.903
44 94 84.035
44 15 89.802
44 59 29.616
44 86 39.676
44 52 56.816
44 34 21.791
44 27 53.823
44 0 56.884
44 99 8.875
44 69 32.485
44 73 69.721
19 0 24.255
19 37 5.949
19 42 23.608
19 36 16.662
19 88 49.748
19 52 24.595
19 56 68.374
19 49 36.093
19 20 30.195
19 95 66.957
19 53 53.336
19 28 91.569
19 27 68.775
19 5 18.237
19 29 94.146
19 43 98.525
19 30 2.79
19 70 42.1
19 81 58.26
19 35 1.384
19 86 50.375
19 98 39.43
19 15 61.035
19 11 77.193
19 82 15.379
19 31 7.741
19 3 55.505
19 75 86.917
19 79 20.402
19 26 91.181
19 58 45.867
19 96 41.401
19 83 30.727
61 27 85.951
61 96 51.956
61 25 95.941
61 21 37.621
61 84 95.898
61 1 97.123
61 78 44.68
61 20 74.493
61 3 62.337
61 14 58.062
61 42 33.934
61 46 57.372
61 10 43.06
61 50 19.876
61 54 38.723
61 32 73.304
61 90 33.719
61 85 33.28
61 80 77.135
61 87 11.409
61 5 39.556
61 28 4.41
61 44 12.22
61 49 23.114
61 29 55.257
61 19 87.008
61 60 31.512
61 92 74.476
61 47 97.356
61 35 62.426
61 65 98.171
68 51 14.484
68 24 72.348
68 66 47.588
68 67 75.657
68 95 91.436
68 69 46.709
68 1 97.652
68 60 49.092
68 59 0.208
68 37 45.268
68 4 74.004
68 90 35.209
68 8 59.15
68 6 22.748
68 89 86.321
68 84 33.174
68 30 26.443
68 61 61.051
68 41 97.368
68 80 90.603
68 65 83.363
68 64 96.392
68 2 37.885
68 75 88.265
68 25 52.336
68 56 15.814
68 27 99.621
68 73 99.808
68 48 39.42
68 21 93.411
68 35 83.735
68 81 84.276
68 46 49.927
68 63 72.602
68 47 35.964
68 42 97.201
68 32 59.466
29 25 84.215
29 96 62.013
29 5 56.664
29 86 16.064
29 61 62.29
29 36 11.806
29 27 31.341
29 53 85.106
29 35 52.0
29 94 73.303
29 46 82.902
29 43 70.806
29 69 57.332
29 89 92.032
29 67 23.708
29 45 88.239
29 97 14.931
29 50 22.183
29 58 72.074
29 59 53.682
29 52 55.227
29 90 5.522
29 72 18.877
29 26 93.746
29 93 88.072
29 3 19.537
29 48 91.784
29 81 86.408
29 2 47.31
29 4 35.873
29 73 82.5
29 85 74.365
29 0 29.009
29 75 82.225
29 32 46.177
29 19 33.551
29 49 24.042
29 20 39.054
35 4 12.324
35 28 94.816
35 5 61.548
35 84 13.183
35 6 39.574
35 91 88.08
35 33 97.638
35 88 11.952
35 17 56.458
35 30 6.919
35 68 21.96
35 50 16.933
35 36 33.883
35 29 44.379
35 93 93.058
35 14 44.873
35 10 40.124
35 20 18.89
35 7 8.285
35 38 47.583
35 24 36.368
35 45 15.2
35 96 2.771
35 80 10.159
35 22 39.015
35 78 12.203
35 55 99.055
35 46 16.833
35 98 10.337
35 76 97.354
35 48 25.265
35 67 36.799
35 18 23.858
35 95 94.464
35 81 91.959
35 85 87.523
35 62 34.523
15 80 30.283
15 10 74.801
15 41 79.206
15 38 76.371
15 65 31.854
15 75 85.698
15 42 90.878
15 63 5.134
15 14 12.201
15 19 54.365
15 57 55.509
15 44 97.887
15 52 6.061
15 97 4.313
15 24 15.744
15 23 69.414
15 0 59.814
15 13 85.991
15 67 95.169
15 17 63.743
15 32 50.053
15 39 29.611
15 30 11.797
15 29 18.649
15 3 98.618
15 6 9.595
15 84 75.713
15 62 18.801
15 71 46.289
15 28 32.355
15 79 88.011
15 88 75.785
15 56 29.411
15 11 86.006
15 7 77.605
15 89 50.713
15 18 96.0
15 16 6.55
15 59 70.08
55 91 73.761
55 33 51.55
55 24 31.38
55 64 7.83
55 1 22.724
55 2 46.399
55 51 16.615
55 37 54.851
55 61 51.513
55 81 58.277
55 52 38.887
55 48 75.046
55 38 73.105
55 76 10.131
55 72 23.226
55 23 33.046
55 85 14.515
55 98 57.165
55 93 97.005
55 67 84.898
55 74 47.332
55 62 49.546
55 43 6.805
55 58 77.543
55 10 87.486
55 12 14.454
55 7 92.469
55 4 46.005
55 28 13.894
55 15 46.918
55 34 21.501
55 77 92.887
55 19 81.728
55 31 97.299
55 18 58.675
55 42 81.161
55 99 47.718
55 46 2.238
55 9 63.534
77 8 61.04
77 47 76.971
77 59 2.631
77 58 70.342
77 68 21.605
77 42 81.936
77 28 30.782
77 0 17.221
77 15 29.878
77 37 83.205
77 27 16.825
77 50 75.944
77 48 21.191
77 69 46.925
77 44 44.434
77 56 68.332
77 1 81.306
77 63 28.148
77 22 61.04
77 62 15.767
77 5 52.216
77 2 11.721
77 83 7.931
77 53 58.147
77 76 43.992
77 45 70.478
77 25 4.167
77 36 48.237
77 16 94.338
77 55 15.685
77 70 96.34
77 64 95.305
77 18 52.448
77 46 64.007
77 4 48.761
83 85 90.157
83 72 12.248
83 29 14.434
83 88 11.248
83 35 36.376
83 38 90.483
83 36 15.972
83 7 58.554
83 19 53.256
83 26 7.607
83 96 80.879
83 81 32.112
83 60 96.732
83 71 76.874
83 49 55.796
83 56 80.824
83 91 66.218
83 37 71.258
83 92 48.916
83 70 27.637
83 76 1.269
83 32 61.884
83 14 33.018
83 67 66.491
83 3 51.414
83 98 5.764
83 27 30.573
83 51 64.715
83 66 98.347
83 69 3.521
83 23 40.63
83 63 10.657
83 78 2.26
83 75 47.61
83 53 42.186
13 18 32.832
13 92 66.164
13 74 43.872
13 7 20.572
13 44 23.767
13 5 35.535
13 42 0.532
13 87 77.052
13 95 31.261
13 79 84.972
13 78 27.014
13 27 89.152
13 61 60.434
13 45 91.036
13 10 9.412
13 76 26.799
13 46 22.374
13 94 5.836
13 59 5.067
13 32 92.316
13 52 7.689
13 48 73.747
13 11 28.124
13 63 73.042
13 31 58.361
13 33 45.205
13 80 31.552
13 77 80.507
13 25 94.731
13 3 6.548
13 28 88.084
13 81 51.851
13 39 65.782
13 50 51.916
13 56 6.188
13 84 37.542
13 9 22.218
13 98 62.232
13 86 9.562
13 40 80.189
56 58 41.983
56 27 17.679
56 12 22.72
56 78 29.814
56 3 8.35
56 37 52.661
56 14 51.443
56 83 99.75
56 23 12.458
56 61 33.807
56 92 34.655
56 43 92.182
56 5 91.683
56 82 86.52
56 93 34.351
56 49 33.669
56 63 14.531
56 17 97.656
56 19 3.95
56 9 42.282
56 69 52.254
56 77 83.437
56 52 26.957
56 47 2.289
56 74 83.335
56 42 3.04
56 57 33.588
56 18 11.126
56 6 43.77
56 2 82.863
56 71 44.66
56 91 34.251
56 72 43.957
56 48 21.577
56 81 5.533
56 11 63.487
56 73 45.503
56 76 79.886
56 67 67.083
85 78 30.986
85 45 57.147
85 35 61.662
85 51 48.415
85 17 98.326
85 6 48.748
85 72 86.244
85 36 95.348
85 40 19.616
85 24 23.547
85 21 67.677
85 75 42.262
85 82 74.07
85 74 68.055
85 47 90.037
85 11 32.326
85 87 58.021
85 67 20.037
85 81 21.392
85 68 74.407
85 58 26.061
85 71 25.383
85 63 25.909
85 34 18.145
85 43 48.391
85 52 24.48
85 9 57.03
85 15 54.783
85 32 3.374
85 76 8.657
85 95 90.852
85 65 7.949
85 96 59.427
85 42 93.757
85 2 11.342
85 14 81.107
85 94 2.055
85 69 0.11
85 79 79.987
54 86 79.383
54 84 65.522
54 21 23.686
54 81 69.249
54 23 64.298
54 90 14.341
54 7 52.553
54 31 0.227
54 27 5.341
54 0 50.924
54 69 99.611
54 41 61.597
54 65 78.09
54 45 84.32
54 80 95.668
54 79 70.849
54 17 62.252
54 82 72.984
54 39 19.296
54 97 10.041
54 11 40.095
54 36 78.297
54 70 48.643
54 73 12.297
54 94 14.316
54 49 82.041
54 67 16.419
54 93 37.883
54 87 31.44
54 47 21.424
54 34 21.046
54 20 74.328
54 30 17.024
54 51 7.806
54 4 12.595
54 63 1.227
54 77 58.447
54 60 56.13
54 3 76.064
45 46 71.615
45 59 28.296
45 44 92.132
45 18 70.596
45 79 85.739
45 2 38.456
45 48 38.901
45 30 99.994
45 7 11.094
45 22 58.728
45 29 57.875
45 68 86.148
45 40 46.37
45 96 34.257
45 93 40.505
45 50 75.631
45 25 80.89
45 66 68.871
45 98 4.637
45 94 40.078
45 65 86.939
45 42 75.364
45 35 50.52
45 5 70.991
45 13 56.529
45 27 11.132
45 16 23.581
45 73 65.268
45 75 40.224
45 33 93.659
45 1 16.411
45 54 26.293
45 88 14.589
20 87 51.756
20 75 66.644
20 63 64.42
20 15 55.478
20 46 49.568
20 31 13.472
20 73 18.617
20 37 29.388
20 4 60.905
20 44 56.435
20 47 71.726
20 7 97.289
20 6 19.983
20 39 79.713
20 48 54.999
20 5 44.768
20 42 20.537
20 64 43.298
20 40 61.785
20 67 12.38
20 38 1.726
20 41 1.156
20 23 12.293
20 25 68.197
20 83 97.961
20 94 11.843
20 71 1.578
20 98 59.498
20 86 96.26
20 77 50.29
20 1 19.669
20 79 94.378
20 82 75.243
20 52 40.184
20 28 11.447
20 89 43.454
20 68 79.872
20 90 79.67
20 97 71.621
97 86 41.143
97 54 81.016
97 0 28.919
97 26 84.553
97 90 63.117
97 35 28.444
97 11 82.728
97 44 15.794
97 40 6.082
97 57 20.988
97 50 69.987
97 47 2.046
97 75 15.408
97 38 37.183
97 81 73.105
97 18 85.076
97 77 93.222
97 23 96.252
97 34 30.578
97 53 69.808
97 32 25.42
97 15 36.88
97 89 22.339
97 6 98.461
97 9 88.742
97 49 74.59
97 31 92.701
97 39 21.492
97 13 78.086
97 41 51.809
97 56 36.68
97 80 11.687
97 66 45.668
97 3 29.827
16 25 75.578
16 92 49.595
16 32 67.321
16 75 36.6
16 30 93.002
16 63 78.898
16 3 88.176
16 14 29.362
16 73 16.37
16 27 6.162
16 26 92.04
16 64 52.618
16 53 13.572
16 35 20.981
16 80 86.342
16 57 17.476
16 59 80.708
16 74 14.864
16 60 86.47
16 54 82.217
16 65 98.192
16 99 58.424
16 5 0.106
16 42 14.465
31 12 33.013
31 36 53.896
31 5 15.95
31 74 76.866
31 51 24.153
31 1 88.644
31 8 51.76
31 28 40.335
31 82 65.939
31 22 88.205
31 32 4.079
31 37 23.305
31 48 34.207
31 27 63.514
31 58 49.74
31 85 69.43
31 61 8.331
31 57 28.595
31 67 97.436
31 23 48.005
31 87 50.89
31 96 99.682
31 99 47.81
31 70 54.134
31 43 23.213
31 16 31.724
31 89 30.832
31 55 71.123
31 7 59.948
31 63 57.22
31 35 98.083
31 46 21.168
31 86 64.88
31 15 4.178
31 94 90.628
31 72 24.175
31 88 89.109
31 11 52.903
31 66 81.261
80 90 46.689
80 72 55.821
80 47 17.999
80 89 33.252
80 50 51.248
80 88 32.911
80 28 24.988
80 4 47.005
80 68 81.359
80 25 11.173
80 60 53.478
80 36 3.836
80 64 36.091
80 32 86.19
80 37 81.996
80 74 33.402
80 43 25.192
80 57 77.048
80 33 90.154
80 17 53.929
80 54 44.37
80 95 47.482
80 39 51.027
80 24 33.388
80 59 48.366
80 9 36.142
80 85 20.77
80 51 91.62
80 48 60.714
80 40 54.169
80 67 52.867
80 61 0.586
80 13 31.907
80 65 71.848
17 67 51.576
17 15 98.149
17 65 80.22
17 75 35.998
17 94 1.359
17 82 16.975
17 10 85.693
17 23 75.859
17 31 85.359
17 66 17.382
17 95 26.504
17 92 55.41
17 68 83.945
17 2 93.621
17 41 41.553
17 72 60.035
17 89 59.667
17 34 35.583
17 19 90.029
17 74 13.543
17 38 44.24
17 79 77.568
17 80 33.679
17 57 49.447
17 14 89.884
17 53 96.941
17 78 78.026
17 37 72.002
64 14 44.155
64 42 54.267
64 36 59.274
64 60 48.847
64 54 87.07
64 77 65.791
64 8 37.785
64 15 56.521
64 7 2.186
64 49 41.075
64 35 87.742
64 52 34.469
64 19 54.754
64 79 76.128
64 98 27.02
64 94 75.362
64 26 97.539
64 46 74.568
64 6 62.87
64 18 9.855
64 43 99.234
64 87 89.805
64 69 63.081
64 38 54.143
64 48 86.674
64 22 80.955
64 45 30.515
64 56 37.436
40 35 23.135
40 21 33.285
40 77 6.952
40 97 15.573
40 33 24.493
40 37 6.347
40 59 76.704
40 81 6.607
40 15 66.12
40 2 17.599
40 93 68.258
40 96 4.651
40 49 31.231
40 58 81.428
40 51 63.805
40 87 1.678
40 27 77.562
40 5 72.827
40 11 93.741
40 36 65.339
40 53 47.986
40 1 99.622
40 98 27.71
40 22 92.809
40 54 42.835
40 64 33.735
40 41 97.268
40 29 42.734
40 7 90.273
40 67 3.457
40 75 48.291
40 70 60.596
40 89 38.463
40 8 98.513
40 6 92.312
40 71 44.805
40 46 3.754
90 76 17.862
90 46 38.611
90 43 77.025
90 96 61.049
90 53 54.696
90 57 54.506
90 88 95.202
90 82 94.595
90 91 86.365
90 18 5.015
90 81 56.44
90 38 76.56
90 75 3.053
90 49 10.355
90 74 89.567
90 69 54.032
90 70 75.16
90 66 18.546
90 29 74.001
90 97 55.15
90 39 12.039
90 0 62.854
90 30 64.583
90 84 19.832
90 34 77.419
90 50 43.324
90 62 75.756
90 99 44.651
90 79 49.423
90 63 83.129
49 45 18.113
49 72 25.297
49 89 8.294
49 13 23.535
49 48 95.081
49 65 73.155
49 34 98.917
49 46 30.273
49 96 68.155
49 6 30.332
49 43 90.153
49 26 92.575
49 56 47.605
49 15 85.188
49 10 81.278
49 82 86.496
49 31 64.097
49 85 12.939
49 84 43.212
49 21 98.68
49 32 4.982
49 80 71.337
49 7 59.991
49 53 56.401
49 39 80.76
49 68 56.747
49 14 58.973
49 92 45.193
49 35 24.174
49 77 13.878
49 25 50.37
49 47 48.114
49 24 60.086
49 97 21.405
75 51 10.881
75 68 59.419
75 70 66.395
75 56 80.556
75 53 47.401
75 89 47.8
75 92 87.621
75 77 22.605
75 26 76.113
75 3 74.796
75 12 91.104
75 87 62.735
75 40 92.444
75 10 4.103
75 2 65.069
75 19 29.136
75 20 92.006
75 96 67.409
75 31 49.489
75 80 45.554
75 86 30.955
75 60 8.326
75 28 54.958
75 9 59.118
75 33 53.881
75 35 58.38
75 73 30.669
75 72 21.27
96 67 80.446
96 24 37.314
96 56 19.78
96 93 67.225
96 88 22.433
96 58 91.266
96 60 44.691
96 65 36.861
96 31 39.817
96 7 26.192
96 25 1.354
96 95 20.069
96 0 66.746
96 18 97.501
96 11 76.448
96 59 31.595
96 35 52.77
96 15 52.612
96 28 75.999
96 23 96.446
96 21 90.177
96 26 56.437
96 90 92.642
96 94 66.124
96 30 42.476
96 10 18.575
96 4 72.34
96 50 50.936
96 86 15.495
96 37 38.953
39 33 35.248
39 62 79.845
39 76 89.257
39 34 95.474
39 15 15.503
39 64 33.11
39 24 54.456
39 99 57.245
39 51 2.103
39 94 79.098
39 31 88.923
39 10 45.701
39 97 46.641
39 47 15.625
39 4 6.05
39 59 98.967
39 49 20.505
39 69 38.815
39 20 20.209
39 84 62.444
39 35 32.873
39 60 66.785
39 42 71.469
39 93 11.124
39 91 63.009
39 65 55.256
39 66 62.666
39 82 51.59
39 88 23.413
39 2 20.895
39 79 38.114
39 46 77.794
39 3 67.302
39 89 46.26
39 17 50.704
39 40 47.326
74 34 17.486
74 57 41.024
74 75 51.855
74 45 38.037
74 70 99.469
74 62 88.267
74 20 91.893
74 28 24.635
74 84 7.626
74 11 89.275
74 47 12.581
74 8 91.592
74 0 62.625
74 31 73.284
74 94 20.187
74 63 97.654
74 93 25.296
74 77 50.679
74 99 41.915
74 65 41.492
74 50 3.62
74 89 79.572
74 5 27.874
74 24 3.051
74 19 17.454
74 35 95.149
74 53 80.843
74 46 47.955
74 58 36.761
74 18 58.873
74 44 7.421
98 16 10.76
98 47 21.534
98 40 12.281
98 33 46.555
98 91 17.874
98 63 54.138
98 22 42.402
98 71 74.974
98 62 19.768
98 66 40.706
98 28 10.306
98 76 47.257
98 70 87.493
98 86 10.825
98 44 59.414
98 53 82.955
98 32 78.004
98 12 45.004
98 19 96.024
98 96 46.345
98 35 84.715
98 82 31.456
98 77 38.093
98 97 22.141
98 7 35.692
98 68 83.613
98 45 42.498
98 55 50.808
98 88 87.988
98 99 34.429
98 49 78.398
98 46 52.358
98 9 26.806
98 34 36.468
81 91 91.51
81 14 16.955
81 16 13.758
81 46 87.817
81 5 30.558
81 38 78.228
81 9 9.863
81 50 59.237
81 63 86.627
81 82 97.735
81 68 82.421
81 45 15.912
81 39 27.774
81 72 66.368
81 13 26.834
81 56 66.379
81 55 59.452
81 58 33.647
81 60 55.188
81 67 12.123
81 59 4.402
81 28 84.845
81 53 67.898
81 92 58.585
81 76 19.015
81 49 56.884
81 65 85.219
81 22 50.475
81 6 55.429
81 26 50.778
81 47 6.414
81 79 5.061
81 71 46.813
81 35 96.322
81 21 99.334
81 1 96.638
67 69 84.132
67 61 30.909
67 27 6.443
67 20 76.152
67 64 60.718
67 87 4.269
67 5 40.481
67 9 42.92
67 28 31.167
67 36 10.782
67 51 51.221
67 4 63.522
67 99 64.253
67 3 98.135
67 88 31.646
67 71 50.581
67 56 76.95
67 70 29.766
67 92 6.161
67 31 67.424
67 68 39.036
67 2 38.164
67 76 91.183
67 59 92.81
67 7 24.998
67 60 1.662
67 25 1.569
67 47 41.244
67 90 11.885
67 14 70.278
67 32 23.952
67 65 55.157
67 37 38.385
9 85 96.866
9 56 47.006
9 57 68.283
9 62 81.896
9 21 73.086
9 8 82.031
9 84 69.829
9 31 77.017
9 13 79.173
9 0 0.943
9 59 51.315
9 16 46.082
9 34 95.312
9 36 89.329
9 28 19.14
9 75 65.637
9 38 11.036
9 46 18.594
9 90 85.889
9 29 54.512
9 50 56.751
9 5 35.18
9 33 63.719
9 71 11.14
9 47 40.415
9 55 7.013
9 81 50.633
9 30 94.456
9 60 24.346
9 10 36.584
60 31 85.027
60 1 42.996
60 63 6.575
60 24 80.233
60 10 50.874
60 11 61.614
60 42 99.168
60 59 62.582
60 98 57.185
60 58 86.168
60 68 42.379
60 29 62.014
60 4 25.569
60 74 72.024
60 34 85.589
60 7 18.076
60 95 21.354
60 6 41.078
60 99 18.468
60 12 55.687
60 41 38.686
60 38 55.468
60 52 7.816
60 62 97.635
60 27 17.948
60 16 85.904
60 15 19.553
60 53 41.537
60 56 59.111
60 79 11.082
60 19 76.724
60 81 26.275
60 72 84.881
60 77 57.536
60 46 5.652
60 65 41.38
60 57 76.641
60 82 89.666
62 55 99.157
62 90 89.93
62 52 94.243
62 77 23.604
62 39 24.787
62 47 43.988
62 85 15.704
62 64 76.378
62 48 17.484
62 33 35.302
62 9 84.227
62 74 16.675
62 99 64.902
62 25 13.252
62 94 56.701
62 21 18.946
62 87 38.536
62 72 59.785
62 80 88.321
62 13 99.742
62 54 33.971
62 14 47.534
62 5 79.509
62 93 55.911
62 81 39.94
62 22 11.493
62 78 32.948
62 91 0.837
62 4 62.087
62 97 51.217
62 41 43.433
62 19 26.463
62 24 81.443
62 29 8.639
62 23 23.28
62 31 84.028
62 32 48.571
2 7 79.09
2 41 37.391
2 52 82.29
2 61 74.19
2 37 96.365
2 92 34.405
2 56 10.02
2 5 92.923
2 35 62.014
2 9 3.136
2 34 9.556
2 20 95.28
2 82 22.125
2 28 47.778
2 55 64.234
2 90 10.498
2 85 64.013
2 33 71.187
2 8 95.485
2 0 79.896
2 31 99.531
2 87 34.507
2 72 39.353
2 99 2.724
2 74 56.256
2 63 77.693
2 66 85.657
2 29 11.359
2 57 13.273
2 3 39.994
2 59 77.038
71 73 24.029
71 5 61.824
71 37 28.275
71 2 74.419
71 30 90.36
71 1 15.599
71 27 49.061
71 65 76.869
71 74 1.856
71 72 66.131
71 51 79.175
71 90 49.789
71 67 9.388
71 69 83.938
71 78 65.537
71 3 48.424
71 68 66.039
71 25 64.947
71 92 99.422
71 19 51.74
71 6 13.222
71 99 64.622
71 20 92.737
71 75 65.662
71 54 35.473
71 76 89.427
71 8 16.266
71 45 90.379
71 79 49.453
71 0 53.653
71 61 61.796
71 52 51.012
8 92 35.073
8 74 0.685
8 72 5.321
8 96 16.676
8 45 75.798
8 58 60.754
8 84 49.679
8 51 61.583
8 30 16.147
8 81 7.066
8 29 14.222
8 60 66.89
8 98 38.385
8 33 20.73
8 86 67.943
8 94 52.782
8 79 9.173
8 91 0.693
8 70 48.8
8 43 54.083
8 36 78.242
8 28 4.226
8 24 90.689
8 62 71.767
8 5 40.801
8 6 75.482
8 95 48.95
8 83 27.034
8 56 5.237
8 85 10.563
3 13 22.135
3 69 30.148
3 59 76.318
3 71 83.223
3 95 7.087
3 74 25.748
3 11 85.732
3 61 10.582
3 66 10.632
3 33 22.49
3 81 95.279
3 42 14.885
3 18 23.394
3 51 86.399
3 27 50.36
3 79 16.265
3 6 91.513
3 23 15.898
3 65 36.437
3 35 69.064
3 87 76.352
3 56 56.717
3 38 96.036
3 53 25.046
3 62 47.684
3 28 21.823
3 41 9.264
3 78 89.354
3 97 4.31
3 4 88.082
3 29 67.643
3 58 82.337
3 20 7.3
91 56 98.315
91 18 25.441
91 80 16.546
91 3 30.671
91 1 35.702
91 68 22.909
91 27 12.585
91 76 35.663
91 14 44.025
91 0 52.001
91 93 9.761
91 36 84.309
91 95 27.946
91 57 86.562
91 44 41.195
91 37 90.852
91 82 88.121
91 16 17.758
91 23 86.468
91 32 9.731
91 39 79.084
91 58 24.069
91 31 26.524
91 84 83.991
91 2 46.871
91 88 41.498
91 12 47.883
91 22 89.475
91 35 94.14
91 81 49.836
91 8 87.227
87 41 61.889
87 63 95.434
87 91 23.127
87 14 87.022
87 62 38.047
87 71 89.335
87 49 35.68
87 51 56.469
87 37 30.276
87 24 58.828
87 77 98.037
87 74 5.202
87 76 61.156
87 88 27.438
87 4 21.439
87 8 27.679
87 0 61.604
87 38 97.98
87 96 32.76
87 7 61.696
87 22 3.928
87 10 54.864
87 65 71.056
87 67 11.074
87 35 3.95
87 55 64.582
87 48 72.302
87 50 23.945
87 36 15.662
87 19 39.385
87 61 13.408
87 6 53.138
87 32 71.749
87 68 87.683
73 1 79.751
73 61 65.595
73 19 88.814
73 95 54.559
73 72 22.242
73 31 84.798
73 69 75.973
73 65 48.793
73 67 11.261
73 75 60.825
73 38 29.315
73 45 59.6
73 62 85.735
73 28 84.094
73 13 8.832
73 11 48.325
73 83 79.038
73 97 71.004
73 4 0.569
73 30 93.704
73 23 99.078
73 44 25.008
73 85 20.239
73 79 91.14
73 36 38.653
73 66 68.092
73 52 11.299
23 13 12.069
23 70 12.417
23 80 77.323
23 88 15.837
23 78 74.98
23 92 44.716
23 54 17.396
23 10 41.154
23 55 19.921
23 60 28.529
23 15 33.401
23 87 61.926
23 28 49.718
23 31 51.428
23 79 77.08
23 76 60.252
23 50 4.088
23 85 6.718
23 36 94.729
23 49 27.278
23 77 91.226
23 98 31.73
23 86 83.1
23 52 30.892
23 6 76.806
23 73 15.856
23 43 78.752
23 69 43.541
23 48 97.453
23 66 14.594
23 24 38.818
23 45 52.245
23 65 86.618
23 16 31.319
23 3 72.454
23 51 32.591
23 95 22.762
23 5 44.273
23 75 46.455
23 74 63.32
23 37 67.441
23 17 59.79
23 33 46.021
23 83 38.622
7 88 35.244
7 9 43.648
7 72 82.535
7 74 42.04
7 73 8.373
7 91 49.318
7 85 97.529
7 4 7.13
7 28 33.458
7 20 79.59
7 34 81.105
7 41 94.032
7 29 46.218
7 37 92.54
7 26 9.229
7 61 61.691
7 16 91.964
7 40 55.267
7 22 32.283
7 90 67.535
7 51 88.578
7 33 46.877
7 55 85.471
7 95 74.485
7 13 14.458
7 93 20.281
7 52 99.368
7 54 52.804
7 78 40.833
7 64 86.506
7 27 9.643
7 77 82.45
7 1 82.507
7 57 36.287
7 5 63.019
7 17 97.465
7 80 91.762
26 61 18.086
26 94 96.076
26 86 73.796
26 55 47.164
26 82 81.098
26 95 15.217
26 79 84.334
26 73 36.259
26 35 21.607
26 37 24.577
26 63 83.004
26 15 55.284
26 87 65.438
26 71 20.069
26 3 83.895
26 78 63.667
26 54 53.998
26 44 19.852
26 52 57.065
26 18 70.709
26 8 65.136
26 25 84.218
26 41 89.846
26 81 83.824
26 28 47.78
26 80 20.723
26 58 91.927
26 62 44.853
26 20 45.606
26 7 46.949
26 49 79.096
26 88 60.114
26 17 36.133
26 42 6.701
26 96 17.807
0 56 87.879
0 51 29.52
0 22 68.605
0 14 29.072
0 30 49.978
0 61 42.291
0 41 45.961
0 12 40.527
0 26 14.069
0 93 50.05
0 94 84.681
0 79 81.564
0 73 23.945
0 83 65.781
0 57 21.066
0 69 94.412
0 46 85.513
0 72 49.011
0 9 77.011
0 49 26.622
0 37 70.429
0 45 56.264
0 75 96.297
0 66 4.156
0 58 93.54
0 34 80.057
0 19 66.499
0 8 36.846
0 98 44.29
0 71 14.958
0 16 46.558
0 84 96.129
0 64 56.506
0 25 21.722
0 95 84.723
25 82 41.731
25 70 53.117
25 29 99.795
25 56 18.854
25 23 54.821
25 50 13.107
25 97 51.953
25 30 43.975
25 61 43.286
25 11 45.282
25 49 94.217
25 68 44.645
25 43 99.204
25 80 90.223
25 64 14.137
25 81 47.838
25 27 89.233
25 59 94.586
25 95 72.981
25 20 53.073
25 45 75.328
25 63 18.746
25 74 26.921
25 40 78.688
25 37 47.756
25 84 87.059
25 46 11.431
25 21 62.831
25 94 89.028
25 26 4.298
25 17 61.093
25 93 35.125
25 78 84.262
25 19 29.772
25 67 88.514
46 41 70.868
46 11 92.901
46 84 47.927
46 76 96.358
46 43 25.254
46 79 11.722
46 32 43.75
46 35 37.412
46 59 33.021
46 10 50.498
46 45 84.079
46 40 1.213
46 87 7.4
46 91 97.437
46 0 18.669
46 52 34.667
46 38 80.762
46 82 74.705
46 64 93.789
46 3 90.984
46 63 93.196
46 97 90.834
46 60 52.591
46 58 49.691
46 93 28.602
46 37 75.16
46 33 55.766
46 73 0.917
46 67 9.306
46 81 30.653
46 34 29.62
41 86 73.613
41 60 50.282
41 68 95.58
41 0 75.126
41 32 31.051
41 48 29.983
41 44 11.918
41 84 26.645
41 69 3.886
41 83 10.109
41 22 59.701
41 93 23.99
41 78 19.231
41 87 40.816
41 49 81.247
41 6 15.26
41 16 5.487
41 53 9.623
41 30 41.63
41 9 54.843
41 70 46.664
41 4 31.074
41 79 19.524
41 63 90.695
41 90 54.719
41 99 4.151
41 52 11.078
76 56 12.936
76 46 95.232
76 82 78.507
76 10 89.956
76 62 59.401
76 80 31.396
76 51 27.921
76 50 77.448
76 61 32.57
76 19 2.043
76 45 50.614
76 70 96.987
76 30 30.7
76 96 16.034
76 87 1.192
76 26 19.396
76 27 64.327
76 3 17.9
76 81 60.213
76 92 16.972
76 75 2.423
76 38 18.909
76 86 25.75
76 73 73.486
76 99 86.185
76 2 10.958
76 98 63.433
38 87 82.053
38 31 43.844
38 53 90.434
38 11 44.699
38 74 82.648
38 32 4.757
38 40 55.54
38 41 62.024
38 57 42.486
38 49 80.285
38 98 31.002
38 42 57.688
38 18 44.516
38 77 99.134
38 51 62.242
38 48 3.95
38 69 47.253
38 34 1.345
38 46 73.024
38 64 7.133
38 97 9.982
38 5 63.542
38 70 9.859
38 29 9.741
38 91 22.859
38 36 67.539
47 14 16.894
47 62 3.131
47 40 75.444
47 72 78.367
47 77 53.988
47 6 46.968
47 93 23.21
47 99 9.465
47 12 27.876
47 13 38.626
47 8 37.709
47 43 40.604
47 64 40.829
47 69 98.49
47 10 91.708
47 68 56.822
47 44 24.478
47 75 11.74
47 5 56.228
47 41 78.355
47 63 70.847
47 96 59.253
47 20 85.105
47 57 46.283
47 18 48.257
47 27 46.422
47 53 34.202
47 55 69.864
6 15 69.646
6 85 7.729
6 72 33.031
6 10 25.331
6 84 73.237
6 27 5.298
6 74 62.881
6 28 12.236
6 24 31.78
6 0 78.203
6 95 21.607
6 89 28.346
6 87 85.022
6 13 65.187
6 66 45.007
6 70 91.921
6 97 46.131
6 75 31.444
6 36 44.25
6 68 19.154
6 45 31.628
6 23 96.652
6 35 2.005
6 21 43.352
6 53 18.176
6 99 95.633
6 79 37.784
6 90 17.017
6 9 90.089
6 32 21.467
6 76 17.752
6 8 15.906
66 12 41.581
66 16 32.858
66 11 77.122
66 68 7.662
66 3 85.863
66 75 27.093
66 41 92.314
66 76 35.456
66 46 62.987
66 49 36.365
66 35 0.856
66 2 30.443
66 56 91.491
66 19 31.87
66 55 55.788
66 43 70.702
66 72 37.8
66 87 44.653
66 51 76.431
66 61 40.628
66 10 59.319
66 95 96.318
66 13 11.504
66 73 37.536
66 96 0.014
66 22 5.387
66 42 67.451
66 86 53.806
66 93 50.639
66 59 55.471
66 44 44.55
66 0 83.508
66 31 14.103
66 18 4.117
32 39 37.445
32 77 21.351
32 79 58.768
32 23 52.236
32 35 36.62
32 52 90.39
32 48 17.062
32 28 66.887
32 9 61.188
32 60 20.555
32 69 73.809
32 81 37.1
32 85 51.39
32 82 12.249
32 17 50.555
32 64 92.671
32 41 48.457
32 8 76.788
32 67 62.175
32 58 26.9
32 16 62.989
32 25 19.525
32 19 23.389
32 27 60.231
32 72 53.243
32 31 98.741
32 93 0.704
32 4 26.836
32 65 13.956
32 10 83.247
32 92 19.786
10 96 68.269
10 44 76.121
10 12 49.572
10 39 3.933
10 40 15.406
10 48 60.262
10 63 3.474
10 66 11.406
10 69 28.916
10 81 35.101
10 8 61.595
10 90 68.585
10 83 46.52
10 23 64.931
10 60 84.277
10 17 32.154
10 86 43.063
10 75 30.294
10 30 85.399
10 28 60.703
10 93 66.752
10 91 50.573
10 84 55.914
10 54 15.042
10 52 42.999
10 95 30.912
10 24 71.406
10 15 55.298
10 1 21.027
10 92 30.035
10 25 17.803
10 31 57.783
10 70 51.211
10 5 30.775
10 45 60.553
10 42 2.153
10 14 12.982
10 64 5.27
10 97 20.423
10 65 27.314
10 57 65.823
10 43 6.016
10 73 62.191
10 78 87.286
10 18 73.281
10 41 19.883
10 88 93.662
10 26 55.662
65 66 87.404
65 18 65.36
65 85 59.85
65 3 23.301
65 80 53.414
65 29 36.538
65 67 15.049
65 97 96.688
65 76 8.072
65 90 77.235
65 36 2.28
65 11 77.351
65 24 68.627
65 41 94.466
65 54 22.942
65 70 74.902
65 14 47.006
65 32 87.929
65 50 56.5
65 39 30.073
65 30 4.53
65 20 95.412
65 63 94.001
65 46 55.411
65 88 78.288
65 99 33.383
65 55 86.966
65 21 40.334
65 69 2.283
65 19 96.373
65 78 82.204
65 10 3.282
65 89 7.567
65 16 8.025
65 8 70.698
78 50 91.299
78 63 60.342
78 31 13.536
78 35 27.818
78 30 20.291
78 40 16.77
78 41 93.086
78 67 90.055
78 17 50.967
78 61 48.543
78 64 19.804
78 93 41.491
78 8 74.813
78 99 67.115
78 70 91.031
78 59 54.374
78 46 69.335
78 10 82.566
78 94 25.553
78 24 27.784
78 3 47.282
78 5 97.209
78 75 53.538
78 71 49.111
78 79 82.805
78 74 4.224
78 96 20.671
78 83 6.172
78 95 18.332
78 92 79.428
78 23 81.417
78 87 95.696
78 52 33.792
78 68 42.579
78 16 49.089
78 42 28.687
78 45 95.823
78 49 84.946
78 11 2.298
78 90 2.3
78 19 36.078
78 76 34.489
78 69 62.254
22 39 89.466
22 2 55.4
22 49 50.237
22 93 63.363
22 64 4.093
22 91 97.193
22 24 95.062
22 99 68.184
22 40 71.601
22 35 89.552
22 19 58.992
22 45 22.618
22 81 93.934
22 87 77.12
22 26 36.449
22 5 45.09
22 68 10.333
22 21 52.439
22 92 79.385
22 41 6.316
22 11 51.391
22 86 85.429
22 17 14.065
22 29 82.413
22 25 66.536
22 18 56.872
22 55 59.098
22 43 65.662
22 32 67.475
22 72 3.473
22 73 82.232
22 10 2.574
22 77 95.614
22 78 13.114
22 80 74.303
22 8 84.471
51 48 82.041
51 70 67.626
51 63 70.584
51 2 88.555
51 52 92.047
51 85 46.533
51 94 51.156
51 0 22.479
51 90 68.42
51 17 11.739
51 32 60.351
51 58 23.032
51 83 49.613
51 71 32.003
51 10 91.651
51 68 75.901
51 96 37.17
51 40 34.542
51 23 12.531
51 25 20.737
51 30 38.524
51 20 98.719
51 4 55.441
51 91 64.872
51 11 36.85
51 99 25.121
51 49 66.011
51 54 45.79
51 29 82.69
51 93 16.607
51 61 85.051
51 7 18.023
59 89 4.809
59 16 90.546
59 26 95.32
59 21 78.329
59 43 27.976
59 81 11.733
59 14 73.115
59 30 40.935
59 54 29.516
59 51 3.466
59 19 85.482
59 93 76.748
59 10 20.038
59 87 40.435
59 47 79.097
59 77 35.979
59 78 82.086
59 23 78.618
59 67 88.445
59 56 38.796
59 64 7.091
59 82 11.809
59 99 59.172
59 72 77.541
59 8 45.216
59 60 65.326
59 68 36.415
59 91 0.982
59 85 20.898
59 96 67.737
59 1 1.301
59 52 31.356
72 28 48.056
72 45 88.558
72 18 75.554
72 81 76.568
72 54 29.164
72 51 22.661
72 78 82.903
72 42 48.519
72 11 22.612
72 61 88.595
72 97 12.524
72 0 68.25
72 85 34.072
72 99 71.15
72 39 4.161
72 26 16.519
72 84 29.209
72 69 43.315
72 56 67.455
72 23 57.091
72 95 77.188
72 24 58.264
72 20 66.002
72 75 85.579
72 98 73.404
72 32 50.672
72 80 96.307
72 25 1.939
72 22 67.08
72 63 87.725
72 73 37.709
92 94 29.303
92 48 71.375
92 27 11.103
92 81 94.395
92 2 34.207
92 85 98.451
92 57 2.135
92 51 12.54
92 3 99.856
92 23 32.597
92 93 38.112
92 86 66.805
92 58 9.057
92 29 63.246
92 12 35.018
92 16 22.294
92 30 51.236
92 68 56.923
92 67 27.949
92 59 67.431
92 34 59.089
92 9 47.59
92 56 37.601
92 91 97.357
92 49 84.241
92 79 79.429
92 88 54.074
92 74 60.982
92 98 20.716
92 76 48.705
92 64 70.183
92 53 78.423
92 0 53.345
92 46 29.139
30 15 46.865
30 88 87.309
30 41 12.848
30 85 80.469
30 39 73.724
30 25 74.842
30 17 83.828
30 46 90.129
30 99 1.432
30 55 97.967
30 92 51.903
30 32 23.306
30 48 78.324
30 67 63.234
30 2 89.486
30 66 87.529
30 16 45.198
30 90 83.641
30 20 69.231
30 69 6.252
30 52 5.861
30 60 63.642
30 59 77.543
30 79 18.419
30 31 9.495
30 0 74.992
30 7 29.921
30 80 16.891
30 70 19.372
30 63 60.642
30 62 49.496
30 26 98.479
30 73 11.139
30 5 65.878
30 50 45.522
30 19 57.569
30 27 73.474
30 51 33.406
30 56 90.154
88 38 46.124
88 95 89.002
88 60 98.367
88 16 34.43
88 62 58.578
88 14 77.641
88 56 2.342
88 32 55.347
88 10 49.445
88 0 26.452
88 3 26.992
88 27 28.869
88 65 52.083
88 81 88.819
88 78 23.8
88 59 57.257
88 13 3.144
88 5 69.701
88 11 57.064
88 74 67.24
88 20 83.918
88 43 73.389
88 15 46.437
88 83 16.816
88 84 81.002
88 69 60.237
63 89 95.21
63 78 44.175
63 50 30.143
63 29 65.444
63 25 77.867
63 75 74.227
63 96 93.491
63 28 25.244
63 81 17.95
63 37 31.147
63 62 17.203
63 48 21.044
63 17 67.616
63 68 90.225
63 32 83.508
63 67 14.533
63 98 97.318
63 18 80.73
63 23 71.414
63 30 34.817
63 43 69.564
63 36 14.859
63 61 98.291
63 49 74.434
63 90 9.781
63 94 44.047
63 87 59.309
63 76 75.869
63 12 53.515
5 78 25.718
5 84 55.705
5 93 43.168
5 26 89.143
5 24 10.669
5 73 10.865
5 56 11.875
5 62 33.719
5 63 25.5
5 59 63.983
5 60 37.403
5 99 73.387
5 16 64.434
5 12 77.376
5 15 28.142
5 13 31.371
5 74 97.939
5 79 73.06
5 57 39.743
5 39 26.243
5 94 58.948
5 61 63.113
5 21 53.378
5 3 89.465
5 51 53.388
5 81 56.343
5 18 47.442
5 86 45.168
5 27 35.202
5 48 28.044
5 35 43.14
