100
0 2 83
0 3 79
0 4 5
0 6 90
0 7 44
0 77 62
0 54 98
0 73 21
0 65 90
0 1 90
0 10 25
0 22 33
0 61 66
0 76 69
1 2 48
1 5 98
1 6 33
1 7 52
1 9 66
1 1 81
1 61 77
1 21 35
1 80 42
1 95 64
2 3 42
2 5 67
2 6 44
2 8 46
2 9 17
2 48 29
2 84 51
2 23 15
2 33 28
3 5 6
3 7 79
3 8 40
3 9 12
3 76 58
3 25 56
3 17 2
3 40 14
3 94 14
4 7 22
4 8 62
4 9 11
4 22 5
4 31 3
4 11 33
5 8 10
5 9 55
5 11 79
5 44 26
5 10 62
5 64 34
6 8 87
6 20 45
6 69 94
6 33 70
7 8 12
7 78 49
7 43 44
7 84 65
8 9 26
8 11 2
8 12 69
8 22 70
8 31 42
8 61 47
8 81 75
9 11 32
9 22 87
9 75 50
9 90 2
9 93 14
10 13 80
10 14 48
10 15 32
10 16 24
10 18 46
10 23 71
10 11 88
10 24 15
10 50 30
10 70 3
11 12 52
11 14 51
11 19 51
11 90 9
11 53 16
11 20 16
11 45 7
11 51 26
11 63 13
12 13 6
12 14 85
12 15 59
12 16 10
12 19 95
12 96 8
12 31 44
13 15 64
13 16 81
13 17 13
13 18 21
13 19 66
13 83 52
14 15 4
14 17 56
14 18 2
14 78 70
14 89 77
15 18 48
15 19 87
15 29 21
15 74 92
15 20 65
15 36 48
15 40 72
15 53 22
15 80 46
15 98 46
16 19 83
16 81 30
16 74 50
16 76 98
16 87 4
17 19 67
17 25 47
18 19 14
18 21 47
20 22 66
20 23 62
20 24 65
20 27 28
20 28 7
20 29 81
20 60 46
21 23 8
21 25 36
21 26 61
21 27 92
21 28 19
21 29 43
21 30 17
22 24 3
22 25 59
22 26 4
22 29 83
23 25 19
23 26 4
23 47 77
23 82 54
23 69 11
23 80 57
24 27 64
24 28 6
24 29 85
24 93 39
24 30 84
24 55 60
24 73 63
25 26 95
25 28 78
25 62 18
25 40 21
25 47 46
25 50 13
25 51 50
25 60 59
26 28 5
26 71 43
26 69 25
26 47 75
27 28 28
27 43 7
27 54 7
27 55 85
27 61 6
28 29 61
28 32 26
28 38 45
28 78 45
28 81 95
29 61 61
29 92 48
29 95 18
30 33 44
30 34 45
30 35 53
30 37 53
30 32 15
30 57 66
30 69 86
30 41 58
31 33 91
31 34 31
31 35 99
31 38 86
31 90 20
31 43 87
31 48 1
32 36 39
32 39 22
32 50 6
32 78 10
32 59 14
32 82 94
33 36 9
33 37 7
33 38 44
33 60 20
33 67 23
33 83 66
34 35 88
34 36 90
34 38 76
34 39 3
34 96 21
34 63 36
34 70 30
34 71 80
34 72 24
34 80 26
35 36 68
35 37 5
35 97 37
35 49 40
35 43 99
35 60 20
35 80 98
35 84 3
36 38 31
36 39 31
36 52 13
36 54 27
36 62 41
37 39 85
37 47 72
37 41 23
37 51 2
37 52 6
37 60 70
38 91 38
40 42 82
40 43 38
40 44 23
40 50 84
40 88 29
40 63 7
41 43 64
41 44 63
41 49 10
41 77 38
41 62 2
41 91 52
42 43 23
42 45 41
42 46 84
42 47 99
42 48 37
42 49 49
42 58 19
42 74 79
42 80 79
42 92 78
43 46 17
43 43 1
43 90 91
43 81 71
43 54 67
44 45 84
44 46 59
44 47 81
44 48 70
44 49 45
44 54 72
45 47 47
45 48 52
45 49 42
45 82 6
46 48 53
46 51 70
46 66 85
47 50 54
47 60 8
47 90 69
48 75 35
49 51 36
50 51 3
50 52 32
50 53 17
50 56 34
50 59 90
50 70 79
51 53 87
51 56 26
51 57 73
51 59 66
52 54 5
52 55 11
52 56 51
52 57 93
52 58 1
52 71 45
53 55 68
53 56 59
53 57 98
53 58 83
53 59 80
54 55 95
54 85 14
55 56 80
55 58 88
55 71 80
56 57 68
56 58 81
56 67 62
57 59 51
57 76 14
57 73 40
58 71 49
59 87 81
60 61 46
60 63 12
60 65 78
60 66 79
60 67 4
61 67 68
61 68 65
61 69 66
61 87 10
61 71 32
61 82 33
62 64 65
62 66 34
62 69 99
62 96 41
62 89 9
62 75 91
62 81 18
62 84 64
63 65 76
63 98 15
63 94 71
63 75 93
64 67 46
64 68 99
64 69 60
64 84 27
64 81 9
65 66 37
65 67 28
65 68 9
65 69 53
66 68 9
66 69 63
66 98 91
66 91 36
67 68 32
67 92 16
67 94 93
68 69 94
68 96 13
70 71 58
70 73 3
70 74 92
70 76 80
70 77 77
70 78 8
70 79 62
70 75 88
71 73 30
71 76 10
71 78 66
71 79 73
71 72 95
72 73 68
72 75 62
72 76 99
72 77 1
72 79 44
72 74 63
73 74 52
73 75 97
73 76 51
73 78 5
74 76 63
74 78 94
74 79 34
74 80 24
74 86 79
74 93 98
75 76 87
75 93 96
76 78 72
77 78 56
77 79 2
77 91 93
78 90 9
80 81 84
80 87 70
80 91 99
81 83 69
81 85 84
81 86 8
81 87 43
82 85 80
82 86 31
82 87 58
82 88 81
82 89 79
83 84 3
83 85 15
83 87 79
83 88 21
83 89 16
84 88 10
84 89 88
84 92 39
85 86 90
85 87 7
85 88 96
86 87 4
86 88 48
86 90 84
88 89 44
89 97 14
90 91 85
90 92 76
90 93 51
90 94 10
90 97 90
91 92 23
91 95 80
91 96 68
91 99 67
92 94 72
92 95 63
92 98 79
93 94 4
93 97 54
93 99 88
94 96 79
94 97 34
94 98 83
95 96 6
95 99 80
96 97 57
96 98 2
97 99 80