100
0 94 69.222
0 43 36.2
0 1 51.123
0 85 27.568
0 92 54.505
0 88 44.759
0 5 64.336
0 84 64.47
0 90 73.069
0 47 87.795
0 54 13.663
0 2 51.875
0 27 37.119
0 38 80.6
1 95 33.913
1 47 44.43
1 80 74.375
1 24 64.198
1 43 14.484
1 20 58.742
1 73 21.835
1 35 69.268
1 78 2.048
1 86 23.125
1 7 14.281
1 9 46.918
1 11 14.337
1 16 24.677
1 17 51.172
1 30 76.469
1 38 42.105
1 92 36.67
2 46 68.622
2 36 47.107
2 31 56.551
2 50 52.723
2 91 64.646
2 82 64.988
2 4 87.872
2 49 96.672
2 47 78.194
2 9 70.059
2 5 63.203
2 8 79.168
2 15 72.489
2 25 63.059
2 33 7.417
2 43 14.257
2 63 63.417
2 69 56.665
2 73 15.135
2 85 13.066
2 96 62.896
3 62 43.875
3 26 5.918
3 46 47.522
3 50 76.722
3 33 79.584
3 82 58.361
3 65 73.152
3 55 31.453
3 76 6.131
3 72 61.711
3 64 56.836
3 32 34.536
3 38 84.15
3 85 62.949
4 86 81.34
4 20 14.308
4 76 13.015
4 71 98.845
4 38 42.204
4 78 63.016
4 12 97.494
4 48 87.548
4 94 36.372
4 37 43.83
4 6 0.735
4 32 80.423
4 33 42.529
4 70 63.684
5 37 40.469
5 50 38.154
5 41 99.007
5 83 2.637
5 76 64.324
5 11 28.615
5 60 67.852
5 22 63.819
5 63 9.155
5 23 2.979
5 29 72.075
5 72 40.219
5 91 94.845
6 41 32.012
6 84 30.2
6 46 65.318
6 75 19.213
6 59 56.992
6 15 12.626
6 55 11.264
6 74 46.447
6 10 0.631
6 99 22.021
6 7 74.989
6 20 7.794
6 24 80.474
6 30 82.661
6 48 11.492
7 9 92.753
7 99 28.482
7 64 88.106
7 56 51.805
7 74 98.932
7 57 40.382
7 63 56.471
7 97 16.269
7 41 31.009
7 30 10.133
7 36 11.095
7 37 33.656
7 47 21.463
8 88 77.517
8 97 2.221
8 64 7.741
8 49 52.393
8 28 79.572
8 94 28.495
8 24 62.498
8 12 84.885
8 71 97.115
8 80 84.284
8 32 37.6
8 53 78.126
8 54 90.673
8 69 40.537
8 93 62.628
8 95 68.12
9 37 21.925
9 92 33.519
9 69 45.947
9 10 13.289
9 84 29.783
9 61 79.491
9 33 82.35
9 71 29.151
9 15 97.283
9 59 5.507
9 72 52.11
9 85 81.202
10 21 58.677
10 74 87.081
10 66 5.407
10 44 59.321
10 99 78.061
10 14 12.186
10 58 61.274
10 81 77.844
10 33 53.805
10 23 36.229
10 85 58.829
11 46 88.739
11 60 43.812
11 86 82.534
11 27 93.766
11 39 34.512
11 88 93.164
11 84 88.411
11 49 63.829
11 42 23.281
11 25 89.394
12 76 60.69
12 52 95.588
12 32 25.633
12 70 16.899
12 43 49.507
12 26 35.529
12 29 13.399
12 21 78.606
12 24 13.988
12 23 72.582
12 38 44.604
12 73 99.929
12 85 88.312
12 91 18.678
12 93 91.629
12 95 10.822
13 52 92.234
13 56 47.216
13 98 91.448
13 45 44.796
13 38 14.52
13 21 64.984
13 65 41.149
13 60 4.405
13 36 29.124
13 26 28.854
13 73 37.422
13 25 54.889
13 29 72.866
13 31 77.209
13 35 75.747
13 37 72.431
13 46 81.119
13 57 3.703
13 80 58.581
14 55 56.626
14 41 88.11
14 36 54.498
14 38 57.02
14 42 91.373
14 78 37.603
14 84 40.927
14 21 2.283
14 60 26.653
14 80 1.19
14 17 50.118
14 56 45.089
14 67 32.062
14 98 82.914
15 78 31.809
15 51 26.608
15 19 44.86
15 75 14.249
15 62 36.452
15 27 18.261
15 60 5.775
15 37 92.747
15 18 57.09
15 38 10.805
15 47 75.982
15 65 62.4
16 21 33.786
16 56 21.135
16 36 40.711
16 87 19.125
16 66 21.31
16 22 25.376
16 32 12.485
16 54 1.246
16 83 26.981
16 43 14.482
16 23 18.364
16 28 86.284
16 37 59.477
16 39 29.385
16 48 88.032
16 57 91.074
16 61 62.98
16 70 70.371
16 96 47.619
17 58 82.604
17 74 16.977
17 42 70.169
17 26 22.821
17 92 15.428
17 75 97.644
17 71 23.314
17 64 73.808
17 38 97.036
17 32 70.564
17 57 16.402
17 72 1.995
18 91 93.851
18 35 24.245
18 90 38.867
18 25 92.641
18 33 85.508
18 83 19.305
18 66 57.048
18 54 18.55
18 19 52.331
18 75 3.082
19 42 68.054
19 27 22.397
19 76 50.188
19 46 64.652
19 90 29.607
19 51 72.34
19 52 52.629
19 26 33.494
19 92 92.458
19 24 13.743
19 38 44.605
19 59 79.805
19 61 22.162
19 87 94.782
20 89 19.113
20 42 37.825
20 34 97.351
20 43 33.583
20 61 14.93
20 86 60.918
20 39 12.485
20 77 47.296
20 22 41.051
20 27 89.786
20 53 23.794
20 57 7.841
20 62 97.192
20 65 25.75
21 79 29.247
21 71 87.768
21 26 43.325
21 95 38.397
21 58 46.94
21 51 63.588
21 83 91.272
22 45 75.526
22 35 91.567
22 39 84.032
22 43 94.179
22 94 26.618
22 47 87.873
22 74 22.658
22 26 23.447
22 57 31.15
22 83 60.602
22 95 5.295
23 73 43.701
23 30 59.235
23 41 18.656
23 61 16.978
23 72 3.515
23 45 38.461
23 96 38.104
23 36 32.963
23 52 86.61
23 63 73.199
23 82 68.219
23 86 59.809
24 26 73.128
24 96 20.035
24 45 99.269
24 97 49.629
24 30 84.199
24 70 49.324
24 36 13.274
24 46 13.481
24 54 3.343
24 63 37.341
24 77 17.211
24 93 36.485
25 29 55.512
25 55 20.251
25 68 19.023
25 93 95.65
25 40 13.368
25 95 49.263
25 64 5.114
25 28 61.657
25 34 57.033
25 45 70.579
25 70 46.937
26 79 52.544
26 45 69.126
26 74 92.705
26 31 92.176
26 44 7.427
26 48 25.269
27 52 84.768
27 28 11.241
27 60 90.07
27 68 81.346
27 94 38.288
27 53 68.444
27 37 43.074
27 41 85.688
27 48 41.209
27 64 2.993
27 66 6.344
27 73 89.221
27 79 71.732
27 82 8.905
28 31 0.292
28 48 55.69
28 88 5.967
28 42 30.83
28 74 11.187
28 70 70.568
28 44 17.164
28 56 17.428
28 65 3.35
28 67 28.073
29 77 3.609
29 51 83.957
29 30 82.136
29 74 6.253
29 83 32.373
29 89 16.674
29 47 26.198
29 41 59.192
29 53 48.657
30 58 84.276
30 90 26.802
30 32 49.736
30 67 12.463
30 95 76.169
30 61 15.392
31 50 53.503
31 35 48.288
31 59 78.934
31 89 13.3
31 39 51.236
31 51 8.615
31 86 64.728
31 61 8.957
31 67 55.039
32 89 86.854
32 74 66.711
32 50 19.869
32 57 73.649
32 42 54.037
32 66 41.018
32 68 79.659
32 96 26.277
32 99 41.192
33 91 34.22
33 48 27.745
33 78 34.647
33 76 11.741
33 99 35.093
33 53 80.627
34 67 28.464
34 38 94.447
34 81 42.586
34 80 98.421
34 69 61.444
34 44 72.065
34 45 53.313
34 87 74.775
34 75 58.089
34 35 72.151
34 47 28.188
34 49 52.587
34 77 28.321
34 90 71.886
35 72 93.123
35 51 59.703
35 78 6.131
35 95 1.708
35 57 55.024
35 52 51.559
35 79 13.024
35 88 59.23
35 96 78.558
36 68 6.618
36 51 4.391
36 69 75.959
36 56 50.561
37 75 41.452
37 61 71.103
37 77 55.405
37 58 26.164
37 66 22.209
37 87 30.237
38 42 20.026
38 52 88.108
38 62 74.725
38 81 83.042
38 92 3.852
38 98 92.279
39 62 38.197
39 63 24.629
39 95 62.727
39 61 29.032
39 70 95.649
39 43 30.279
39 50 22.626
39 51 52.366
39 71 5.524
39 88 55.374
40 78 92.992
40 53 53.219
40 64 30.92
40 81 92.592
40 98 42.082
40 41 5.386
40 85 34.625
40 80 56.019
40 46 38.453
40 94 32.548
40 57 60.465
40 59 93.226
40 91 27.841
41 56 92.433
41 51 61.232
41 54 54.752
41 68 59.068
42 72 18.315
42 62 76.704
42 81 4.737
42 82 46.641
43 55 74.173
43 65 38.123
43 50 4.085
43 44 70.631
43 46 89.239
43 75 32.451
44 70 66.885
44 57 20.346
44 60 97.407
44 77 99.957
44 46 31.805
44 66 17.958
44 47 44.429
44 54 60.797
44 73 27.429
44 87 86.715
45 76 88.734
45 70 95.121
45 54 66.227
45 99 68.971
45 55 71.508
45 65 71.549
45 92 9.788
46 80 30.392
46 96 21.441
47 64 87.626
47 92 22.208
47 50 14.839
47 79 39.602
47 80 12.939
47 87 61.582
48 90 24.982
48 93 18.547
48 89 16.938
48 80 57.527
48 52 48.283
48 53 72.277
48 63 72.596
48 65 36.096
49 88 88.376
49 94 32.889
49 99 77.424
49 96 71.48
49 75 17.138
49 69 73.741
49 84 90.804
50 51 39.588
50 84 79.519
50 58 44.548
50 59 56.414
50 71 59.166
51 69 73.437
51 75 73.473
51 93 6.649
51 97 33.272
52 88 99.42
52 76 38.217
52 78 94.414
52 87 56.467
52 96 89.225
53 84 66.747
53 65 76.227
53 86 60.331
53 73 24.512
53 68 20.408
54 68 28.249
54 55 13.815
54 93 32.07
54 67 18.845
54 73 69.789
54 75 9.227
54 86 17.017
54 87 93.637
55 72 99.288
55 92 95.319
55 58 28.977
55 68 63.558
55 59 59.107
56 97 46.155
56 77 25.951
56 74 22.894
56 98 93.905
56 61 71.042
56 64 38.992
56 91 98.832
57 80 71.007
57 62 46.872
57 67 91.525
57 70 54.81
57 91 82.524
58 68 88.981
58 66 95.846
58 71 58.283
58 79 89.783
58 65 11.104
58 77 5.245
59 74 63.819
59 60 26.74
59 89 57.397
59 97 77.281
59 76 46.676
60 76 37.875
60 81 38.91
60 74 79.035
60 86 7.333
61 99 84.038
61 81 70.339
61 90 22.948
61 93 48.379
62 81 34.406
62 79 56.651
62 82 84.792
62 90 41.572
62 63 21.128
62 91 28.028
63 69 26.236
63 94 18.046
63 89 80.475
64 97 77.773
64 67 56.997
64 71 24.906
65 69 75.428
66 82 21.854
66 87 77.159
66 99 84.177
66 67 42.158
66 92 18.157
66 93 68.124
67 90 85.779
67 75 38.323
67 93 55.887
68 84 3.835
68 85 10.978
68 78 23.894
68 89 30.359
69 80 5.847
69 82 78.922
70 71 92.027
70 72 77.454
71 81 23.198
71 79 15.332
72 85 39.863
72 76 69.989
72 98 59.574
73 97 71.174
73 81 29.429
73 79 5.935
74 83 67.358
74 95 19.107
75 90 11.082
76 78 64.253
76 97 59.469
77 96 39.017
77 91 53.655
77 94 33.653
77 98 78.815
78 94 55.718
79 98 96.551
79 84 49.155
79 83 85.633
81 99 47.39
82 86 46.843
82 96 54.031
82 89 26.249
83 84 60.927
83 86 86.913
83 89 14.175
83 85 72.492
84 93 83.648
84 98 52.532
85 94 90.028
86 87 4.781
86 99 46.861
87 97 58.177
88 91 68.247
88 98 19.32
88 94 84.831
89 90 91.368
89 95 74.319
90 92 51.321
90 97 20.192
96 98 96.161
