100
29 3 36.844
15 95 97.021
7 82 17.426
20 10 41.147
8 89 47.201
39 58 8.313
87 39 8.313
3 26 75.493
96 95 33.068
81 73 40.357
61 85 75.879
63 36 67.613
33 36 80.277
6 48 20.775
94 34 60.969
73 21 41.908
98 2 35.782
97 54 76.364
22 75 1.408
42 20 12.71
36 3 63.024
30 58 5.306
19 24 9.05
34 80 14.036
76 77 95.167
66 17 43.437
75 40 19.659
50 29 43.453
24 77 21.016
37 75 27.011
70 91 48.932
44 53 50.263
21 38 15.919
78 85 68.0
1 13 17.464
16 12 42.241
41 82 40.426
88 87 22.889
68 10 77.957
83 82 52.184
58 12 25.748
87 27 86.358
4 36 10.362
13 36 62.781
49 97 34.78
92 2 38.975
43 96 62.224
12 77 40.522
19 91 8.313
52 22 72.054
9 24 8.297
63 22 8.313
6 31 8.313
72 53 21.59
54 95 84.828
38 40 15.17
17 33 19.21
85 29 41.819
71 12 6.172
25 87 60.665
45 23 56.569
23 4 64.815
2 26 40.454
14 54 8.313
80 36 24.138
69 85 44.636
28 41 86.449
46 89 28.4
77 2 42.098
48 94 8.313
56 8 61.349
35 82 11.314
55 99 65.597
65 93 96.799
89 82 40.348
64 61 96.541
99 93 76.019
11 29 56.454
84 53 8.313
57 54 26.586
0 96 90.712
32 13 27.445
62 26 96.963
10 93 93.83
14 90 68.785
95 2 41.506
39 61 4.294
53 24 89.252
74 3 57.249
91 93 92.692
86 97 53.689
51 54 55.358
5 10 45.273
60 38 44.806
59 48 0.997
40 3 35.842
27 95 97.02
79 95 7.289
90 80 15.903
47 15 5.647
18 99 96.918
82 74 37.772
93 26 73.455
48 2 51.169
31 77 58.006
67 17 45.201