100
0 1 7
0 2 5
1 3 9
2 3 5
2 5 82
3 4 55
3 10 73
4 12 1
4 13 1
4 16 5
5 6 37
6 7 28
6 9 24
6 10 5
7 8 92
9 10 29
10 11 33
10 14 74
10 13 34
11 15 81
12 18 51
12 16 1
12 13 1
13 14 40
13 17 84
13 21 1
14 17 71
15 23 58
15 27 53
15 25 1
17 21 5
17 23 94
18 30 66
18 19 69
18 32 87
19 22 36
19 33 27
19 20 5
20 21 91
21 23 95
22 24 72
23 25 45
24 25 17
25 26 13
27 28 32
27 29 53
31 32 5
33 34 44
33 35 25
34 36 46
34 39 43
35 41 9
35 40 78
36 42 75
37 38 31
38 39 5
38 43 65
39 42 43
40 41 67
40 42 97
41 44 2
42 43 26
43 44 82
44 45 44
44 54 83
45 46 39
45 48 64
45 51 65
46 48 32
46 47 30
47 48 46
49 51 41
49 50 14
50 52 6
52 61 70
52 53 7
52 55 4
55 56 62
55 59 62
56 57 98
57 58 8
58 60 92
58 59 14
59 65 89
60 66 20
61 63 86
62 63 22
62 64 68
64 65 4
65 67 80
65 66 49
65 67 80
65 68 47
66 68 10
67 73 15
67 70 98
68 70 88
69 72 60
69 73 76
70 71 21
70 76 18
71 72 57
71 77 8
72 73 9
73 77 12
73 78 99
74 75 88
74 76 74
75 81 35
76 81 38
76 88 52
76 77 56
77 88 16
77 79 61
78 79 6
79 82 42
80 81 77
80 82 38
81 84 18
82 84 73
82 83 8
83 85 92
84 85 62
85 87 6
85 89 9
85 86 32
85 88 11
86 91 59
86 88 23
86 89 14
86 87 10
87 88 15
87 89 41
88 89 6
89 99 10
90 91 15
90 93 4
90 92 20
90 94 68
92 93 15
93 94 10
94 95 72
94 96 86
94 95 72
95 96 5
96 97 68
97 98 23
97 99 18
98 99 1