100
0 10 55.922
0 24 69.298
0 25 16.518
0 26 11.736
0 27 7.98
1 16 66.05
1 23 49.418
1 12 57.865
1 28 13.16
1 29 12.399
1 30 0.95
2 6 60.538
2 21 63.047
2 18 67.953
2 31 11.993
2 32 12.298
2 33 7.958
3 13 56.167
3 34 7.224
3 35 8.605
3 36 16.013
4 12 55.371
4 10 56.158
4 37 11.2
4 38 11.176
4 39 14.351
5 9 65.311
5 10 60.867
5 40 0.651
5 41 11.007
5 42 10.952
6 13 74.811
6 17 58.924
6 43 9.479
6 44 12.648
6 45 10.406
7 16 56.079
7 46 11.531
7 47 11.83
7 48 5.928
8 9 58.777
8 49 11.678
8 50 16.336
8 51 13.202
9 52 16.935
9 53 7.089
9 54 10.591
10 55 2.277
10 56 0.649
10 57 11.912
11 15 63.778
11 58 10.136
11 59 7.763
11 60 17.659
12 18 57.117
12 15 58.531
12 61 5.113
12 62 8.201
12 63 24.478
13 64 16.557
13 65 8.149
13 66 14.172
14 15 66.636
14 67 7.807
14 68 11.437
14 69 7.264
15 22 52.267
15 70 12.551
15 71 16.907
15 72 9.386
16 73 14.058
16 74 14.224
16 75 7.645
17 76 2.04
17 77 7.249
17 78 13.561
18 79 7.476
18 80 11.98
18 81 13.548
19 20 53.36
19 24 66.027
19 82 6.98
19 83 12.017
19 84 5.255
20 85 3.124
20 86 11.857
20 87 14.557
21 88 9.882
21 89 14.833
21 90 10.564
22 91 12.157
22 92 5.63
22 93 19.184
23 94 8.107
23 95 4.191
23 96 12.485
24 97 11.849
24 98 10.986
24 99 12.186
25 50 16.291
26 35 21.28
27 57 16.546
27 74 15.422
27 54 13.471
28 72 16.552
28 84 17.24
29 52 17.848
29 89 25.506
29 71 20.486
30 50 26.275
31 33 20.187
31 96 13.552
31 99 32.318
32 48 19.292
32 58 18.982
32 96 14.582
34 82 17.042
35 39 20.64
36 54 11.178
36 46 23.986
37 86 18.822
37 47 23.012
38 68 24.998
38 95 20.451
38 42 20.925
38 82 16.903
39 87 15.826
39 40 23.487
40 92 16.634
40 98 23.133
41 47 19.08
42 84 16.474
43 49 22.921
43 50 14.956
43 97 19.077
44 87 22.083
45 55 24.328
46 55 27.061
46 94 26.041
47 79 22.326
50 82 27.814
51 66 22.017
51 98 17.124
51 69 24.667
53 91 18.726
55 67 16.386
55 69 14.452
56 90 14.467
56 88 11.694
58 78 15.074
59 65 24.571
59 82 23.783
60 96 18.413
61 74 13.81
62 70 15.282
63 89 14.828
64 72 19.575
70 87 16.455
71 77 15.41
71 94 15.61
73 95 20.576
75 93 20.732
75 83 22.534
76 80 24.145
79 84 21.293
80 94 20.342
80 86 20.698
81 93 27.743
82 83 22.768
85 93 16.239
88 99 28.358
91 96 20.311
96 97 29.504