100
0 13 8.967
0 19 59.299
0 31 77.376
0 46 88.416
0 70 84.967
0 71 28.517
0 81 31.209
0 83 24.394
0 86 75.922
0 92 62.989
1 27 77.954
1 52 47.953
1 56 5.426
2 10 42.947
2 34 93.531
2 40 60.963
2 74 26.533
2 76 55.905
3 69 90.488
3 92 16.916
4 79 72.702
4 96 7.897
5 8 32.113
5 32 89.108
5 35 31.234
6 28 76.118
6 78 79.386
6 91 6.378
6 94 58.444
7 62 91.494
7 74 26.86
7 84 17.49
7 92 33.728
7 96 38.028
8 48 49.283
8 57 95.739
8 59 84.956
8 92 90.093
9 11 29.019
9 34 31.689
9 55 57.087
10 78 91.177
10 80 74.985
11 27 76.3
11 30 12.726
11 68 14.733
11 75 27.341
11 82 53.11
12 36 13.494
12 50 40.055
12 53 84.946
12 76 50.473
13 25 88.54
13 38 73.593
13 80 35.72
14 37 87.603
14 67 78.021
15 19 78.473
15 40 7.8
16 33 91.677
16 34 27.365
16 72 45.779
16 73 47.135
16 75 35.026
17 18 95.956
17 29 58.554
18 20 28.647
18 31 74.744
18 85 10.088
19 38 70.394
19 66 61.689
19 68 6.817
20 30 26.096
20 51 62.561
20 52 21.499
20 65 49.39
20 94 43.997
20 98 32.439
21 33 64.891
22 44 99.31
22 49 35.54
22 50 68.416
22 94 95.823
23 65 90.833
23 74 84.768
23 80 85.156
24 48 10.277
24 64 53.46
24 65 3.282
24 79 20.278
25 30 94.146
25 68 1.863
25 81 34.4
26 44 22.444
26 56 89.955
26 74 34.315
27 42 12.927
27 66 78.958
28 31 16.03
28 48 88.057
28 49 1.233
29 57 53.175
29 98 27.369
30 33 49.641
30 34 1.826
30 48 71.75
31 64 22.007
31 83 20.651
31 99 30.263
32 58 54.791
33 85 93.14
33 90 66.91
33 95 81.252
34 40 97.047
34 46 26.542
34 51 10.575
34 54 54.368
34 61 87.135
34 79 94.081
34 84 85.317
34 87 67.695
34 98 59.38
35 40 9.769
35 43 13.652
35 79 98.484
36 57 7.174
36 68 38.238
37 82 53.358
38 41 71.799
38 59 70.549
38 77 59.523
38 80 68.23
38 85 19.341
39 54 31.703
39 60 90.436
39 92 86.701
40 50 57.427
40 51 96.902
40 79 56.419
40 92 97.777
40 95 97.818
41 69 77.12
41 80 4.425
41 95 12.878
41 97 43.724
42 74 84.024
42 81 43.704
43 54 25.928
43 93 22.244
44 52 68.947
44 73 56.237
44 93 98.014
45 50 5.315
45 75 74.476
46 75 33.552
46 77 39.069
46 96 71.462
47 56 74.058
47 63 92.186
47 69 62.798
47 87 94.071
48 51 33.806
48 81 48.237
48 87 79.297
48 97 17.252
49 76 88.954
49 84 63.53
49 89 30.422
49 93 4.095
51 75 14.422
52 58 72.371
52 73 2.692
52 76 46.994
52 88 76.146
52 97 52.458
53 54 5.435
53 89 94.471
53 95 61.786
54 68 51.603
55 58 25.837
55 59 89.032
55 69 67.312
55 74 54.914
56 57 95.067
56 62 99.255
56 64 34.091
56 70 9.248
56 85 94.937
57 65 36.541
57 72 89.049
57 97 46.238
58 59 23.448
59 60 43.835
59 87 49.572
60 61 57.154
61 65 39.612
61 70 25.427
62 82 95.423
63 65 90.42
63 89 79.562
64 76 55.109
65 84 98.366
66 82 15.907
66 91 73.013
67 68 98.909
68 74 48.569
68 77 99.439
68 84 75.717
68 95 25.361
69 74 82.03
69 94 62.175
69 99 38.245
70 96 88.239
73 92 63.423
74 79 97.068
74 90 18.986
76 83 24.863
78 87 97.777
81 93 77.543
83 97 55.535
83 99 33.045
87 94 22.091
88 91 4.126
89 93 75.419
92 93 62.664
