70
0 1 15.11
0 2 11.21
2 1 0.35
3 1 0.85
4 1 0.95
1 5 0.38
2 3 10.2
6 2 18.21
7 3 99
8 4 0.86
5 9 2.56
9 2 1.1
10 3 12.23
11 7 18.23
12 9 11.23
13 21 10.234
14 15 91.33
15 18 95.21
16 22 16.26
17 8 99.99
18 19 13.26
19 2 1.92
20 1 17.263
21 27 17.22
22 29 17.67
23 0 3.56
24 5 0.278
25 7 9.263
26 11 2.12
27 19 15.387
28 12 93.726
29 10 1.23
10 1 15.11
10 2 11.21
12 1 0.35
13 1 0.85
14 1 0.95
11 5 0.38
12 3 10.2
16 2 18.21
17 3 99
18 4 0.86
15 9 2.56
19 2 1.1
20 3 12.23
21 7 18.23
22 9 11.23
23 21 10.234
24 15 91.33
25 18 95.21
26 22 16.26
27 8 99.99
28 19 13.26
29 2 1.92
30 1 17.263
31 27 17.22
32 29 17.67
33 0 3.56
34 5 0.278
35 7 9.263
36 11 2.12
37 19 15.387
38 12 93.726
39 10 1.23
40 1 15.11
40 2 11.21
42 1 0.35
43 1 0.85
44 1 0.95
41 5 0.38
42 3 10.2
46 2 18.21
47 3 99
48 4 0.86
45 9 2.56
49 2 1.1
50 3 12.23
51 7 18.23
52 9 11.23
53 21 10.234
54 15 91.33
55 18 95.21
56 22 16.26
57 8 99.99
58 19 13.26
59 2 1.92
60 1 17.263
61 27 17.22
62 29 17.67
63 0 3.56
64 5 0.278
65 7 9.263
66 11 2.12
67 19 15.387
68 12 93.726
69 10 1.23