100
0 16 61.732
0 15 60.813
0 24 54.175
0 25 6.06
0 26 5.579
0 27 13.124
1 13 56.302
1 21 52.957
1 28 14.639
1 29 14.345
1 30 4.913
2 22 58.878
2 31 18.596
2 32 10.001
2 33 13.853
3 6 66.156
3 12 60.774
3 34 16.054
3 35 10.704
3 36 14.31
4 20 56.973
4 15 54.728
4 37 9.397
4 38 16.519
4 39 8.528
5 10 54.132
5 40 10.692
5 41 10.449
5 42 8.716
6 7 58.895
6 11 55.201
6 9 60.58
6 19 64.795
6 43 21.589
6 44 11.281
6 45 2.933
7 46 9.853
7 47 1.965
7 48 10.529
8 14 59.798
8 23 59.281
8 15 53.538
8 49 13.372
8 50 10.461
8 51 11.593
9 17 63.718
9 52 6.626
9 53 7.783
9 54 6.943
10 20 61.86
10 55 12.877
10 56 3.287
10 57 14.534
11 58 9.795
11 59 11.109
11 60 12.754
12 14 55.392
12 61 4.437
12 62 10.039
12 63 13.613
13 64 18.682
13 65 6.031
13 66 14.209
14 67 16.792
14 68 17.005
14 69 10.594
15 70 9.639
15 71 15.473
15 72 1.328
16 22 55.279
16 73 4.637
16 74 10.088
16 75 13.17
17 76 12.784
17 77 15.48
17 78 9.858
18 21 55.091
18 79 0.317
18 80 12.249
18 81 9.629
19 82 13.966
19 83 5.706
19 84 17.974
20 85 10.876
20 86 15.437
20 87 12.107
21 22 61.333
21 88 0.183
21 89 15.28
21 90 13.515
22 91 11.48
22 92 1.451
22 93 2.791
23 94 14.861
23 95 13.552
23 96 7.434
24 97 18.534
24 98 9.917
24 99 9.126
25 56 12.762
25 47 23.999
26 87 12.994
27 70 16.47
28 29 17.269
28 68 17.577
28 99 28.36
29 73 15.791
30 67 25.854
30 34 12.595
30 83 22.802
30 68 15.546
31 42 15.384
32 44 19.845
32 47 29.162
32 64 26.76
33 38 27.048
33 63 22.81
33 90 19.368
33 99 22.888
34 41 28.826
35 72 16.996
36 98 24.705
36 89 17.196
37 89 19.245
37 60 17.19
39 71 23.303
40 48 22.327
40 60 14.332
41 80 26.588
41 76 17.927
42 77 14.936
42 64 14.32
42 74 15.299
43 95 11.349
44 49 22.31
44 85 19.017
45 72 20.525
46 52 28.252
46 62 16.392
47 81 26.587
47 84 11.216
47 54 17.85
47 97 24.436
50 79 29.274
50 78 25.285
51 96 24.488
51 79 21.007
53 56 23.013
54 78 19.546
55 76 19.933
57 96 17.253
58 92 15.497
58 80 13.297
59 91 13.408
60 91 17.733
61 69 19.093
61 98 12.962
62 65 18.349
62 73 19.325
65 72 22.838
66 89 13.668
69 70 12.72
71 94 26.13
71 79 20.856
74 86 9.649
75 96 16.822
76 82 20.078
76 93 28.093
83 86 24.441
86 88 14.92
87 91 22.797
88 91 21.377
93 95 14.786