99
0 1 5.674
0 2 4.467
0 3 4.03
0 4 4.49
0 5 4.85
0 6 4.97
0 7 4.204
0 8 4.138
0 9 4.583
0 10 4.316
0 11 2.936
0 12 5.325
0 13 3.939
0 14 6.628
0 15 6.778
0 16 4.323
0 17 5.488
0 18 4.739
0 19 5.937
0 20 3.537
0 21 4.544
0 22 4.065
0 23 7.182
0 24 5.832
0 25 5.761
0 26 5.009
0 27 4.913
0 28 5.084
0 29 4.074
0 30 4.754
0 31 5.327
0 32 4.699
0 33 3.206
0 34 3.484
1 2 5.253
1 3 4.439
1 4 5.344
1 5 5.427
1 6 4.463
1 7 3.684
1 8 3.783
1 9 5.142
1 10 5.312
1 11 5.63
1 12 4.479
1 13 4.377
1 14 5.549
1 15 5.327
1 16 5.658
1 17 5.038
1 18 5.131
1 19 5.713
1 20 4.648
1 21 5.052
1 22 5.043
1 23 3.155
1 24 2.881
1 25 4.859
1 26 6.96
1 27 4.453
1 28 6.786
1 29 5.39
1 30 4.246
1 31 5.067
1 32 4.503
1 35 4.257
1 36 2.184
2 3 4.88
2 4 6.224
2 5 3.622
2 6 3.93
2 7 6.617
2 8 4.149
2 9 3.955
2 10 4.845
2 11 5.317
2 12 5.1
2 13 4.095
2 14 4.305
2 15 4.12
2 16 4.802
2 17 6.98
2 18 4.463
2 19 5.317
2 20 4.732
2 21 4.32
2 22 4.134
2 23 5.63
2 24 6.064
2 25 4.055
2 26 4.935
2 27 4.983
2 28 5.735
2 29 4.425
2 30 5.396
2 31 6.192
2 32 4.238
2 37 1.808
2 38 2.852
3 4 4.332
3 5 4.082
3 6 3.858
3 7 5.06
3 8 5.349
3 9 4.076
3 10 5.987
3 11 5.559
3 12 4.892
3 13 4.992
3 14 4.944
3 15 4.421
3 16 3.576
3 17 5.43
3 18 5.784
3 19 3.355
3 20 4.615
3 21 5.15
3 22 4.256
3 23 4.938
3 24 4.329
3 25 3.026
3 26 6.539
3 27 4.245
3 28 3.799
3 29 5.122
3 30 4.465
3 31 5.103
3 32 5.597
3 39 3.305
3 40 2.614
4 5 5.031
4 6 4.735
4 7 5.048
4 8 4.511
4 9 2.919
4 10 3.78
4 11 5.191
4 12 6.035
4 13 5.156
4 14 4.707
4 15 5.808
4 16 6.627
4 17 4.834
4 18 5.583
4 19 2.718
4 20 5.48
4 21 6.745
4 22 6.848
4 23 4.718
4 24 6.504
4 25 4.479
4 26 5.02
4 27 5.079
4 28 4.295
4 29 4.162
4 30 5.552
4 31 4.804
4 32 5.274
4 41 2.1
4 42 4.661
5 6 5.026
5 7 4.437
5 8 6.08
5 9 3.383
5 10 3.859
5 11 2.801
5 12 5.33
5 13 5.694
5 14 4.336
5 15 6.512
5 16 5.299
5 17 6.723
5 18 4.193
5 19 3.497
5 20 3.997
5 21 4.902
5 22 4.595
5 23 5.96
5 24 5.674
5 25 4.101
5 26 3.716
5 27 4.923
5 28 4.698
5 29 5.401
5 30 4.808
5 31 4.678
5 32 4.875
5 43 3.24
5 44 2.106
6 7 6.236
6 8 5.839
6 9 4.85
6 10 3.967
6 11 6.257
6 12 5.669
6 13 4.134
6 14 6.175
6 15 3.406
6 16 5.108
6 17 6.681
6 18 6.306
6 19 4.222
6 20 5.047
6 21 5.318
6 22 6.305
6 23 5.082
6 24 5.686
6 25 4.889
6 26 3.56
6 27 4.595
6 28 6.011
6 29 5.045
6 30 7.029
6 31 4.606
6 32 3.987
6 45 3.959
6 46 3.39
7 8 5.262
7 9 3.116
7 10 3.936
7 11 6.185
7 12 4.991
7 13 4.462
7 14 2.958
7 15 5.522
7 16 4.755
7 17 4.669
7 18 6.47
7 19 6.177
7 20 5.158
7 21 5.373
7 22 6.612
7 23 6.269
7 24 5.658
7 25 5.445
7 26 3.269
7 27 5.204
7 28 4.4
7 29 4.837
7 30 5.771
7 31 5.761
7 32 3.829
7 47 3.228
7 48 3.838
8 9 4.711
8 10 4.01
8 11 4.394
8 12 5.796
8 13 6.926
8 14 3.997
8 15 4.578
8 16 5.935
8 17 4.175
8 18 4.187
8 19 5.724
8 20 5.857
8 21 6.118
8 22 4.033
8 23 7.532
8 24 4.151
8 25 5.963
8 26 4.044
8 27 6.101
8 28 5.666
8 29 6.048
8 30 4.722
8 31 6.086
8 32 5.439
8 49 4.235
8 50 2.65
9 10 4.505
9 11 4.645
9 12 4.891
9 13 5.136
9 14 3.384
9 15 4.01
9 16 5.842
9 17 6.358
9 18 4.714
9 19 4.833
9 20 5.307
9 21 4.566
9 22 4.26
9 23 5.733
9 24 4.702
9 25 4.465
9 26 4.653
9 27 3.953
9 28 2.431
9 29 4.56
9 30 4.458
9 31 5.426
9 32 4.918
9 51 4.467
9 52 3.239
10 11 3.936
10 12 3.201
10 13 6.227
10 14 4.428
10 15 5.354
10 16 3.007
10 17 4.621
10 18 6.149
10 19 4.509
10 20 7.137
10 21 5.685
10 22 5.598
10 23 4.997
10 24 6.641
10 25 5.63
10 26 5.345
10 27 4.641
10 28 7.274
10 29 3.718
10 30 3.711
10 31 4.897
10 32 6.794
10 53 2.013
10 54 2.18
11 12 5.665
11 13 5.169
11 14 5.119
11 15 3.658
11 16 5.79
11 17 6.289
11 18 8.074
11 19 4.731
11 20 4.459
11 21 5.743
11 22 3.525
11 23 7.318
11 24 4.549
11 25 6.426
11 26 6.774
11 27 7.534
11 28 5.345
11 29 5.803
11 30 7.649
11 31 5.856
11 32 5.978
11 55 3.559
11 56 2.778
12 13 3.732
12 14 4.093
12 15 6.505
12 16 4.674
12 17 5.37
12 18 4.184
12 19 6.179
12 20 6.446
12 21 6.186
12 22 5.031
12 23 5.205
12 24 4.29
12 25 4.943
12 26 4.62
12 27 5.738
12 28 6.094
12 29 5.278
12 30 3.8
12 31 6.453
12 32 4.39
12 57 4.782
12 58 4.353
13 14 6.175
13 15 4.021
13 16 5.268
13 17 5.145
13 18 4.976
13 19 3.468
13 20 5.709
13 21 4.449
13 22 4.465
13 23 5.388
13 24 4.838
13 25 4.121
13 26 4.785
13 27 3.654
13 28 5.071
13 29 4.019
13 30 5.783
13 31 3.88
13 32 4.126
13 59 2.022
13 60 2.48
14 15 4.728
14 16 5.305
14 17 3.275
14 18 7.721
14 19 4.21
14 20 6.77
14 21 4.596
14 22 6.173
14 23 5.856
14 24 4.72
14 25 5.585
14 26 3.66
14 27 4.038
14 28 5.579
14 29 2.455
14 30 5.56
14 31 4.539
14 32 4.582
14 61 2.095
14 62 4.608
15 16 4.079
15 17 5.492
15 18 3.772
15 19 7.627
15 20 4.949
15 21 6.388
15 22 4.896
15 23 4.885
15 24 3.708
15 25 2.356
15 26 4.426
15 27 4.291
15 28 6.063
15 29 3.272
15 30 4.115
15 31 4.59
15 32 5.993
15 63 2.212
15 64 3.436
16 17 5.184
16 18 4.915
16 19 4.435
16 20 3.77
16 21 2.665
16 22 5.598
16 23 4.732
16 24 2.203
16 25 6.779
16 26 4.198
16 27 4.866
16 28 3.123
16 29 5.117
16 30 4.891
16 31 4.093
16 32 5.486
16 65 2.031
16 66 3.138
17 18 4.497
17 19 5.655
17 20 4.456
17 21 5.943
17 22 3.331
17 23 5.834
17 24 5.481
17 25 5.263
17 26 4.846
17 27 4.378
17 28 5.519
17 29 5.011
17 30 5.364
17 31 4.373
17 32 4.839
17 67 1.454
17 68 2.83
18 19 3.517
18 20 5.304
18 21 5.128
18 22 3.941
18 23 4.156
18 24 7.006
18 25 5.944
18 26 5.149
18 27 4.701
18 28 3.825
18 29 4.987
18 30 4.385
18 31 5.48
18 32 4.767
18 69 2.96
18 70 2.841
19 20 3.594
19 21 4.464
19 22 7.121
19 23 3.661
19 24 3.549
19 25 4.119
19 26 4.645
19 27 4.361
19 28 4.79
19 29 4.386
19 30 5.452
19 31 4.457
19 32 5.754
19 71 2.511
19 72 3.351
20 21 5.237
20 22 5.091
20 23 3.64
20 24 4.501
20 25 6.248
20 26 3.844
20 27 4.598
20 28 3.836
20 29 2.884
20 30 3.832
20 31 5.186
20 32 4.63
20 73 2.766
20 74 3.169
21 22 4.668
21 23 5.158
21 24 4.723
21 25 5.803
21 26 3.585
21 27 5.544
21 28 5.606
21 29 2.949
21 30 5.312
21 31 6.552
21 32 2.799
21 75 3.457
21 76 0.849
22 23 4.641
22 24 4.989
22 25 7.374
22 26 4.805
22 27 5.878
22 28 4.3
22 29 5.557
22 30 6.202
22 31 5.399
22 32 5.746
22 77 1.255
22 78 2.182
23 24 5.485
23 25 4.483
23 26 6.001
23 27 3.425
23 28 4.135
23 29 5.085
23 30 5.011
23 31 4.767
23 32 4.033
23 79 2.076
23 80 3.397
24 25 3.727
24 26 4.883
24 27 3.255
24 28 5.753
24 29 4.154
24 30 7.063
24 31 3.296
24 32 6.111
24 81 4.336
24 82 5.64
25 26 6.007
25 27 6.254
25 28 4.123
25 29 5.879
25 30 4.29
25 31 5.899
25 32 5.787
25 83 3.465
25 84 4.062
26 27 5.565
26 28 4.877
26 29 5.344
26 30 4.46
26 31 2.873
26 32 6.168
26 85 3.216
26 86 4.494
27 28 3.755
27 29 5.134
27 30 4.408
27 31 3.052
27 32 4.002
27 87 3.008
27 88 3.514
28 29 4.672
28 30 5.375
28 31 3.131
28 32 5.634
28 89 3.945
28 90 1.864
29 30 5.197
29 31 4.948
29 32 3.0
29 91 4.615
29 92 1.906
30 31 5.738
30 32 4.742
30 93 3.46
30 94 4.535
31 32 5.092
31 95 2.647
31 96 3.87
32 97 3.357
32 98 3.518
33 35 3.026
34 36 4.016
37 39 1.908
38 40 3.57
41 43 3.84
42 44 3.089
45 47 3.961
46 48 2.76
49 51 1.476
50 52 3.837
53 55 1.822
54 56 3.743
57 59 3.187
58 60 3.755
61 63 2.127
62 64 4.102
65 67 1.827
66 68 3.191
69 71 3.759
70 72 4.293
73 75 1.998
74 76 3.351
77 79 4.999
78 80 1.785
81 83 3.485
82 84 3.658
85 87 0.502
86 88 2.778
89 91 3.608
90 92 4.651
93 95 1.313
94 96 4.087