49
0 1 86.574
0 2 71.182
0 3 39.345
0 4 12.765
0 5 96.334
0 6 34.627
0 7 54.361
0 8 24.766
0 9 61.022
0 10 58.967
0 11 86.188
0 12 85.531
0 13 48.191
0 14 64.853
0 15 59.863
0 16 17.372
0 17 87.512
0 18 4.209
0 19 18.112
0 20 1.384
0 21 29.308
0 22 17.571
0 23 74.164
0 24 16.452
0 25 31.398
0 26 64.704
0 27 48.295
0 28 15.418
0 29 81.933
0 30 91.787
0 31 47.802
0 32 74.136
0 33 55.561
0 34 59.497
0 35 93.354
0 36 98.704
0 37 93.242
0 38 62.61
0 39 98.737
0 40 81.815
0 41 0.429
0 42 66.271
0 43 20.555
0 44 99.939
0 45 44.23
0 46 65.012
0 47 1.518
0 48 89.477
1 2 63.106
1 3 15.014
1 4 10.519
1 5 1.949
1 6 3.723
1 7 87.096
1 8 98.873
1 9 7.284
1 10 16.892
1 11 76.364
1 12 60.46
1 13 8.867
1 14 14.039
1 15 45.095
1 16 74.906
1 17 34.193
1 18 75.01
1 19 31.381
1 20 78.987
1 21 22.641
1 22 84.418
1 23 94.018
1 24 55.804
1 25 54.239
1 26 80.698
1 27 62.194
1 28 60.902
1 29 18.791
1 30 22.272
1 31 96.296
1 32 23.666
1 33 98.041
1 34 78.684
1 35 42.591
1 36 40.727
1 37 55.019
1 38 25.636
1 39 82.459
1 40 98.05
1 41 89.905
1 42 97.449
1 43 60.367
1 44 58.23
1 45 65.511
1 46 93.212
1 47 23.12
1 48 92.882
2 3 2.59
2 4 50.881
2 5 69.198
2 6 64.946
2 7 97.739
2 8 58.626
2 9 92.235
2 10 75.118
2 11 31.181
2 12 66.762
2 13 80.36
2 14 53.18
2 15 13.51
2 16 27.462
2 17 93.47
2 18 44.54
2 19 85.096
2 20 35.226
2 21 5.181
2 22 86.902
2 23 17.166
2 24 57.909
2 25 55.555
2 26 73.03
2 27 9.752
2 28 49.859
2 29 92.653
2 30 62.838
2 31 6.754
2 32 1.566
2 33 90.936
2 34 22.147
2 35 56.524
2 36 2.22
2 37 28.021
2 38 87.941
2 39 22.509
2 40 28.257
2 41 89.149
2 42 91.55
2 43 38.594
2 44 27.982
2 45 27.021
2 46 7.916
2 47 30.259
2 48 1.393
3 4 7.197
3 5 65.28
3 6 75.479
3 7 75.101
3 8 90.903
3 9 25.419
3 10 47.153
3 11 2.425
3 12 16.263
3 13 64.674
3 14 47.365
3 15 33.134
3 16 20.791
3 17 74.102
3 18 21.338
3 19 83.571
3 20 93.839
3 21 97.732
3 22 27.558
3 23 83.442
3 24 41.3
3 25 37.988
3 26 41.588
3 27 80.393
3 28 84.496
3 29 54.484
3 30 67.1
3 31 27.437
3 32 14.906
3 33 53.286
3 34 32.871
3 35 94.877
3 36 64.221
3 37 54.531
3 38 58.9
3 39 4.225
3 40 38.094
3 41 82.228
3 42 55.948
3 43 17.353
3 44 49.734
3 45 5.756
3 46 87.76
3 47 98.114
3 48 41.482
4 5 16.524
4 6 31.014
4 7 15.323
4 8 3.78
4 9 25.649
4 10 42.942
4 11 64.224
4 12 84.702
4 13 24.458
4 14 76.389
4 15 69.978
4 16 91.49
4 17 27.519
4 18 11.285
4 19 58.036
4 20 79.983
4 21 63.531
4 22 43.299
4 23 13.828
4 24 87.255
4 25 41.101
4 26 85.501
4 27 59.472
4 28 37.091
4 29 82.766
4 30 53.6
4 31 18.125
4 32 55.121
4 33 61.279
4 34 84.923
4 35 83.16
4 36 56.154
4 37 68.989
4 38 29.632
4 39 90.883
4 40 84.436
4 41 8.082
4 42 7.952
4 43 23.528
4 44 62.717
4 45 43.959
4 46 95.077
4 47 28.561
4 48 38.968
5 6 99.096
5 7 11.368
5 8 86.957
5 9 47.355
5 10 81.639
5 11 3.741
5 12 43.452
5 13 63.476
5 14 90.05
5 15 76.843
5 16 76.513
5 17 92.557
5 18 53.026
5 19 94.827
5 20 82.01
5 21 52.226
5 22 89.471
5 23 88.449
5 24 29.772
5 25 64.133
5 26 60.812
5 27 7.608
5 28 77.225
5 29 54.013
5 30 97.935
5 31 42.384
5 32 62.931
5 33 37.48
5 34 65.04
5 35 77.22
5 36 88.005
5 37 18.662
5 38 59.911
5 39 21.129
5 40 18.547
5 41 83.505
5 42 36.067
5 43 52.708
5 44 0.569
5 45 77.602
5 46 41.384
5 47 99.733
5 48 60.79
6 7 49.536
6 8 60.864
6 9 0.738
6 10 28.684
6 11 84.425
6 12 12.169
6 13 32.432
6 14 71.33
6 15 37.293
6 16 29.856
6 17 98.151
6 18 1.548
6 19 75.937
6 20 1.036
6 21 62.948
6 22 39.361
6 23 33.196
6 24 0.734
6 25 14.853
6 26 28.867
6 27 37.301
6 28 12.481
6 29 16.019
6 30 77.637
6 31 81.852
6 32 22.587
6 33 46.612
6 34 7.509
6 35 26.538
6 36 34.382
6 37 72.844
6 38 21.644
6 39 48.594
6 40 7.991
6 41 15.994
6 42 11.681
6 43 34.793
6 44 67.024
6 45 83.373
6 46 46.593
6 47 98.045
6 48 19.231
7 8 96.408
7 9 12.118
7 10 9.274
7 11 30.238
7 12 29.38
7 13 88.443
7 14 0.167
7 15 38.667
7 16 21.696
7 17 14.512
7 18 98.577
7 19 97.872
7 20 21.761
7 21 4.844
7 22 0.578
7 23 44.848
7 24 22.62
7 25 82.932
7 26 80.572
7 27 68.547
7 28 53.252
7 29 82.796
7 30 77.614
7 31 15.999
7 32 84.079
7 33 28.522
7 34 39.892
7 35 47.172
7 36 30.711
7 37 22.661
7 38 53.688
7 39 97.291
7 40 84.893
7 41 19.73
7 42 80.723
7 43 87.317
7 44 63.295
7 45 81.193
7 46 30.845
7 47 34.092
7 48 50.648
8 9 9.591
8 10 60.661
8 11 87.701
8 12 67.84
8 13 80.799
8 14 42.487
8 15 98.954
8 16 37.099
8 17 8.996
8 18 37.039
8 19 38.077
8 20 25.845
8 21 11.657
8 22 79.368
8 23 33.396
8 24 0.619
8 25 78.635
8 26 23.719
8 27 51.068
8 28 8.694
8 29 92.07
8 30 33.94
8 31 45.533
8 32 50.56
8 33 91.302
8 34 43.468
8 35 80.089
8 36 46.643
8 37 83.595
8 38 76.995
8 39 72.19
8 40 56.537
8 41 67.926
8 42 81.717
8 43 33.116
8 44 49.215
8 45 13.968
8 46 43.445
8 47 48.62
8 48 96.793
9 10 96.08
9 11 19.015
9 12 0.808
9 13 32.325
9 14 44.222
9 15 19.465
9 16 73.097
9 17 78.101
9 18 2.071
9 19 70.735
9 20 1.225
9 21 57.317
9 22 0.319
9 23 13.467
9 24 25.847
9 25 57.976
9 26 16.366
9 27 89.639
9 28 35.618
9 29 95.545
9 30 82.412
9 31 80.289
9 32 81.243
9 33 57.149
9 34 9.289
9 35 21.705
9 36 21.228
9 37 89.981
9 38 48.565
9 39 5.317
9 40 48.15
9 41 91.475
9 42 97.857
9 43 1.248
9 44 46.234
9 45 92.616
9 46 20.453
9 47 20.381
9 48 63.31
10 11 11.104
10 12 76.925
10 13 49.068
10 14 5.105
10 15 24.027
10 16 67.377
10 17 77.395
10 18 11.734
10 19 6.423
10 20 52.067
10 21 2.575
10 22 90.56
10 23 82.063
10 24 59.817
10 25 24.664
10 26 56.942
10 27 13.917
10 28 64.024
10 29 42.974
10 30 57.479
10 31 78.891
10 32 87.846
10 33 68.975
10 34 72.58
10 35 14.532
10 36 27.687
10 37 21.124
10 38 65.579
10 39 66.789
10 40 76.169
10 41 81.724
10 42 70.33
10 43 76.562
10 44 68.004
10 45 40.337
10 46 53.187
10 47 75.05
10 48 72.561
11 12 41.797
11 13 77.313
11 14 93.511
11 15 36.211
11 16 41.104
11 17 38.796
11 18 29.159
11 19 86.302
11 20 71.399
11 21 31.838
11 22 46.673
11 23 36.386
11 24 98.319
11 25 47.805
11 26 80.279
11 27 86.139
11 28 57.726
11 29 6.687
11 30 23.938
11 31 67.505
11 32 30.454
11 33 31.308
11 34 92.46
11 35 39.273
11 36 7.653
11 37 71.069
11 38 27.08
11 39 66.512
11 40 69.036
11 41 93.439
11 42 0.641
11 43 81.242
11 44 43.555
11 45 9.005
11 46 77.975
11 47 93.118
11 48 11.731
12 13 15.091
12 14 64.568
12 15 80.788
12 16 6.283
12 17 20.902
12 18 92.237
12 19 22.955
12 20 79.599
12 21 63.885
12 22 37.574
12 23 40.638
12 24 54.565
12 25 38.11
12 26 5.111
12 27 87.879
12 28 15.977
12 29 80.875
12 30 30.07
12 31 17.926
12 32 84.171
12 33 19.144
12 34 62.822
12 35 61.506
12 36 93.455
12 37 14.719
12 38 78.875
12 39 9.187
12 40 70.64
12 41 75.871
12 42 81.611
12 43 55.776
12 44 16.182
12 45 0.486
12 46 23.973
12 47 96.641
12 48 86.108
13 14 75.861
13 15 90.587
13 16 66.435
13 17 47.371
13 18 25.244
13 19 23.615
13 20 84.82
13 21 20.111
13 22 91.373
13 23 56.344
13 24 30.927
13 25 94.681
13 26 30.049
13 27 43.984
13 28 43.989
13 29 85.762
13 30 63.48
13 31 8.325
13 32 61.28
13 33 27.201
13 34 72.915
13 35 47.407
13 36 48.898
13 37 27.176
13 38 72.448
13 39 42.928
13 40 70.343
13 41 70.566
13 42 68.032
13 43 79.497
13 44 93.645
13 45 32.046
13 46 16.675
13 47 8.048
13 48 53.119
14 15 33.742
14 16 67.118
14 17 64.867
14 18 34.428
14 19 88.04
14 20 87.877
14 21 44.115
14 22 3.999
14 23 92.867
14 24 77.068
14 25 83.54
14 26 8.85
14 27 65.642
14 28 88.366
14 29 83.027
14 30 76.272
14 31 30.567
14 32 72.201
14 33 63.793
14 34 78.371
14 35 8.151
14 36 79.096
14 37 83.472
14 38 99.75
14 39 67.332
14 40 89.305
14 41 49.725
14 42 52.479
14 43 43.814
14 44 3.568
14 45 1.96
14 46 73.72
14 47 46.536
14 48 56.623
15 16 91.905
15 17 79.261
15 18 42.426
15 19 42.121
15 20 83.539
15 21 30.918
15 22 63.432
15 23 77.546
15 24 25.471
15 25 79.688
15 26 38.497
15 27 15.871
15 28 61.517
15 29 13.618
15 30 4.319
15 31 83.273
15 32 99.307
15 33 53.972
15 34 61.948
15 35 92.744
15 36 60.593
15 37 94.302
15 38 19.583
15 39 64.546
15 40 61.119
15 41 88.024
15 42 50.211
15 43 89.674
15 44 53.24
15 45 91.735
15 46 87.885
15 47 37.012
15 48 47.216
16 17 15.007
16 18 67.949
16 19 62.255
16 20 35.642
16 21 83.82
16 22 66.251
16 23 60.621
16 24 89.887
16 25 0.469
16 26 54.129
16 27 19.084
16 28 51.144
16 29 57.22
16 30 70.471
16 31 1.689
16 32 99.587
16 33 35.56
16 34 82.845
16 35 7.431
16 36 2.62
16 37 38.516
16 38 87.079
16 39 40.004
16 40 28.635
16 41 7.53
16 42 35.655
16 43 91.367
16 44 53.019
16 45 70.455
16 46 63.326
16 47 47.156
16 48 57.211
17 18 80.542
17 19 68.339
17 20 30.124
17 21 54.068
17 22 5.857
17 23 9.8
17 24 3.469
17 25 87.557
17 26 32.701
17 27 51.225
17 28 79.121
17 29 41.66
17 30 39.964
17 31 19.539
17 32 35.16
17 33 2.015
17 34 26.961
17 35 90.426
17 36 19.658
17 37 23.569
17 38 97.028
17 39 37.367
17 40 98.725
17 41 0.4
17 42 51.64
17 43 63.685
17 44 91.409
17 45 16.455
17 46 45.816
17 47 65.696
17 48 86.318
18 19 20.468
18 20 19.896
18 21 60.52
18 22 68.482
18 23 28.151
18 24 55.483
18 25 39.223
18 26 77.192
18 27 96.278
18 28 64.203
18 29 55.918
18 30 70.34
18 31 75.256
18 32 99.852
18 33 41.702
18 34 18.847
18 35 59.908
18 36 19.235
18 37 70.902
18 38 21.235
18 39 70.708
18 40 74.158
18 41 1.549
18 42 23.194
18 43 18.671
18 44 66.326
18 45 1.922
18 46 41.762
18 47 56.312
18 48 77.631
19 20 2.331
19 21 32.702
19 22 44.878
19 23 21.409
19 24 74.222
19 25 61.739
19 26 1.019
19 27 28.994
19 28 36.874
19 29 57.579
19 30 96.226
19 31 80.335
19 32 12.994
19 33 61.247
19 34 7.367
19 35 16.45
19 36 21.418
19 37 84.289
19 38 36.207
19 39 11.172
19 40 38.097
19 41 68.133
19 42 52.785
19 43 6.778
19 44 54.332
19 45 99.439
19 46 45.698
19 47 91.971
19 48 29.513
20 21 84.493
20 22 67.473
20 23 39.521
20 24 27.108
20 25 64.625
20 26 31.312
20 27 23.728
20 28 79.567
20 29 32.693
20 30 28.343
20 31 39.993
20 32 33.841
20 33 32.124
20 34 41.557
20 35 24.132
20 36 3.03
20 37 74.999
20 38 51.588
20 39 46.817
20 40 68.692
20 41 46.869
20 42 43.623
20 43 17.582
20 44 73.557
20 45 89.133
20 46 78.27
20 47 55.948
20 48 25.733
21 22 13.368
21 23 11.185
21 24 47.19
21 25 18.51
21 26 6.584
21 27 75.727
21 28 82.262
21 29 70.552
21 30 84.938
21 31 24.983
21 32 95.595
21 33 21.123
21 34 4.489
21 35 79.639
21 36 47.83
21 37 25.239
21 38 15.784
21 39 19.716
21 40 91.827
21 41 70.635
21 42 46.677
21 43 82.745
21 44 84.662
21 45 11.527
21 46 80.503
21 47 35.683
21 48 16.18
22 23 25.862
22 24 4.952
22 25 49.26
22 26 92.1
22 27 40.072
22 28 15.227
22 29 18.108
22 30 24.993
22 31 76.844
22 32 5.726
22 33 71.74
22 34 21.339
22 35 82.696
22 36 49.59
22 37 93.959
22 38 98.479
22 39 97.841
22 40 31.488
22 41 7.864
22 42 63.432
22 43 74.149
22 44 85.108
22 45 53.648
22 46 75.29
22 47 8.586
22 48 89.262
23 24 20.701
23 25 85.746
23 26 95.368
23 27 21.347
23 28 38.112
23 29 64.317
23 30 74.933
23 31 20.27
23 32 21.954
23 33 38.171
23 34 63.684
23 35 78.563
23 36 80.066
23 37 56.59
23 38 94.912
23 39 69.949
23 40 46.927
23 41 68.487
23 42 30.997
23 43 9.152
23 44 75.412
23 45 85.192
23 46 83.05
23 47 77.93
23 48 10.328
24 25 76.488
24 26 82.91
24 27 96.624
24 28 55.154
24 29 63.792
24 30 72.973
24 31 11.633
24 32 41.209
24 33 48.008
24 34 3.812
24 35 3.63
24 36 13.532
24 37 55.605
24 38 38.964
24 39 28.553
24 40 60.256
24 41 43.166
24 42 37.641
24 43 67.371
24 44 0.339
24 45 58.901
24 46 37.847
24 47 99.438
24 48 88.303
25 26 48.804
25 27 26.261
25 28 13.362
25 29 55.613
25 30 20.645
25 31 23.474
25 32 0.002
25 33 21.269
25 34 45.227
25 35 6.246
25 36 7.036
25 37 63.317
25 38 26.233
25 39 70.437
25 40 23.244
25 41 33.397
25 42 64.133
25 43 33.722
25 44 55.992
25 45 1.956
25 46 80.69
25 47 63.536
25 48 35.998
26 27 36.571
26 28 76.55
26 29 29.846
26 30 41.799
26 31 40.917
26 32 47.6
26 33 37.251
26 34 90.326
26 35 58.524
26 36 29.715
26 37 87.097
26 38 37.018
26 39 8.084
26 40 88.979
26 41 84.671
26 42 33.922
26 43 79.479
26 44 12.687
26 45 52.057
26 46 7.343
26 47 37.005
26 48 47.058
27 28 33.789
27 29 19.785
27 30 74.164
27 31 32.69
27 32 50.789
27 33 70.297
27 34 11.064
27 35 59.314
27 36 72.585
27 37 62.117
27 38 11.479
27 39 13.19
27 40 34.844
27 41 54.764
27 42 66.308
27 43 11.055
27 44 86.011
27 45 40.772
27 46 68.272
27 47 67.491
27 48 0.9
28 29 23.077
28 30 99.005
28 31 57.067
28 32 84.403
28 33 70.071
28 34 3.345
28 35 70.487
28 36 25.293
28 37 70.709
28 38 12.865
28 39 82.419
28 40 92.332
28 41 21.235
28 42 60.517
28 43 23.189
28 44 16.892
28 45 1.469
28 46 87.108
28 47 2.547
28 48 26.508
29 30 14.313
29 31 27.502
29 32 60.232
29 33 69.68
29 34 8.666
29 35 16.411
29 36 96.148
29 37 35.044
29 38 57.804
29 39 72.886
29 40 68.758
29 41 75.384
29 42 19.102
29 43 42.162
29 44 98.467
29 45 92.902
29 46 42.512
29 47 82.741
29 48 44.184
30 31 37.936
30 32 43.631
30 33 65.489
30 34 95.801
30 35 38.598
30 36 79.647
30 37 72.493
30 38 43.95
30 39 94.992
30 40 86.565
30 41 20.23
30 42 48.682
30 43 22.843
30 44 44.971
30 45 82.926
30 46 47.019
30 47 10.77
30 48 24.409
31 32 23.166
31 33 25.482
31 34 40.491
31 35 92.693
31 36 36.475
31 37 99.793
31 38 82.253
31 39 42.44
31 40 47.472
31 41 98.523
31 42 81.301
31 43 73.122
31 44 43.294
31 45 62.748
31 46 34.699
31 47 57.567
31 48 87.349
32 33 3.373
32 34 48.459
32 35 63.952
32 36 9.469
32 37 86.162
32 38 19.651
32 39 5.795
32 40 90.185
32 41 36.247
32 42 44.124
32 43 19.481
32 44 28.086
32 45 70.064
32 46 52.796
32 47 91.028
32 48 90.664
33 34 40.655
33 35 72.897
33 36 28.4
33 37 10.281
33 38 97.94
33 39 71.125
33 40 95.458
33 41 67.195
33 42 89.29
33 43 39.719
33 44 57.097
33 45 96.586
33 46 97.89
33 47 69.55
33 48 8.798
34 35 49.981
34 36 11.295
34 37 20.063
34 38 48.489
34 39 44.01
34 40 19.897
34 41 27.606
34 42 15.274
34 43 22.444
34 44 2.826
34 45 18.216
34 46 35.879
34 47 90.491
34 48 95.337
35 36 4.852
35 37 44.368
35 38 63.361
35 39 81.704
35 40 63.329
35 41 10.336
35 42 45.335
35 43 81.495
35 44 33.634
35 45 31.766
35 46 74.483
35 47 55.59
35 48 89.121
36 37 48.683
36 38 1.147
36 39 78.255
36 40 59.074
36 41 23.572
36 42 46.411
36 43 64.572
36 44 50.514
36 45 70.601
36 46 20.673
36 47 37.205
36 48 68.961
37 38 51.865
37 39 41.283
37 40 42.838
37 41 77.574
37 42 29.854
37 43 6.868
37 44 75.778
37 45 56.265
37 46 82.632
37 47 79.975
37 48 67.651
38 39 85.218
38 40 9.681
38 41 2.777
38 42 13.996
38 43 43.868
38 44 74.065
38 45 22.17
38 46 32.132
38 47 41.116
38 48 87.042
39 40 72.698
39 41 62.294
39 42 3.12
39 43 10.731
39 44 2.015
39 45 78.362
39 46 52.515
39 47 90.056
39 48 26.065
40 41 10.958
40 42 28.756
40 43 28.945
40 44 15.276
40 45 24.911
40 46 82.51
40 47 2.589
40 48 96.712
41 42 92.06
41 43 5.581
41 44 85.205
41 45 71.583
41 46 9.685
41 47 80.024
41 48 55.825
42 43 27.638
42 44 67.586
42 45 51.487
42 46 91.522
42 47 29.096
42 48 90.461
43 44 31.33
43 45 76.104
43 46 81.497
43 47 94.06
43 48 70.096
44 45 14.045
44 46 9.405
44 47 87.56
44 48 51.426
45 46 61.087
45 47 29.269
45 48 97.175
46 47 50.805
46 48 3.423
47 48 55.459
