50
0 33 53.737
0 34 35.395
0 35 76.561
0 40 37.953
0 41 41.266
0 12 78.31
0 16 73.342
0 19 37.27
0 23 82.47
0 26 79.297
1 33 33.019
1 6 80.623
1 11 13.355
1 43 3.136
1 45 96.385
1 20 94.069
1 21 30.956
1 23 66.075
1 24 27.727
1 25 60.041
1 26 43.919
1 30 7.379
2 3 7.956
2 6 41.159
2 29 50.334
2 34 24.663
2 35 76.554
2 37 2.982
2 38 95.389
2 44 10.48
2 45 87.185
3 48 77.762
3 20 98.502
3 37 89.202
3 22 15.886
3 38 68.471
3 41 18.669
3 28 99.573
4 6 79.66
4 7 49.334
4 11 82.972
4 13 48.042
4 17 94.028
4 24 78.578
4 28 64.301
4 32 11.574
4 34 30.999
4 37 3.927
5 16 85.188
5 17 42.252
5 19 55.312
5 7 86.743
5 28 48.643
5 13 16.309
5 31 6.273
6 34 98.227
6 33 65.035
6 22 24.489
6 12 77.371
7 35 27.099
7 36 55.621
7 42 59.676
7 44 16.687
7 14 94.375
7 20 96.678
7 21 30.229
7 22 19.914
7 25 14.52
8 10 76.449
8 18 73.71
8 22 81.894
8 24 42.27
8 34 26.518
8 39 97.25
8 40 56.492
8 44 15.553
8 46 71.776
8 48 70.696
9 36 82.402
9 22 60.29
9 11 71.812
9 43 96.76
9 12 13.785
9 45 66.023
9 30 62.8
9 31 29.615
10 35 72.318
10 47 73.339
10 16 36.338
10 21 22.909
10 31 70.943
11 14 10.721
11 20 52.409
11 26 76.807
11 38 85.064
11 39 25.977
11 41 64.891
12 13 53.341
12 14 30.713
12 15 45.904
12 21 97.401
12 38 83.734
12 41 13.391
12 43 37.837
12 46 26.308
13 16 93.029
13 19 42.873
13 26 94.96
13 29 68.409
13 31 52.534
13 36 9.865
13 42 3.24
13 44 90.206
14 48 60.24
14 28 32.66
14 19 78.278
14 27 29.959
14 45 52.661
15 17 27.671
15 23 23.707
15 26 7.573
15 29 56.371
15 30 13.36
15 33 27.954
15 39 45.781
15 40 26.024
15 46 96.349
15 47 19.541
16 42 73.811
16 21 75.237
16 39 57.855
16 40 53.845
17 18 76.186
17 19 12.138
17 21 85.985
17 23 28.729
17 25 51.334
17 30 29.347
17 34 27.006
17 36 25.225
17 39 45.277
17 44 20.743
17 48 37.658
18 34 30.081
18 21 4.127
18 39 25.546
18 24 69.171
19 27 24.281
19 28 49.508
19 33 63.928
19 36 98.011
19 40 15.359
20 32 31.696
20 34 38.056
20 47 65.27
20 49 55.748
20 21 71.035
20 30 74.899
21 36 6.221
21 47 49.387
21 25 1.442
21 26 70.984
22 35 97.489
22 37 25.572
22 46 43.316
23 33 12.953
23 34 62.302
23 27 49.011
24 42 41.196
24 27 49.129
24 45 55.829
25 28 23.474
25 32 55.271
25 38 24.97
25 44 8.899
25 48 59.567
26 27 67.559
26 28 95.63
26 43 36.173
26 44 59.51
27 29 78.586
28 33 48.789
28 35 51.798
28 31 31.386
29 39 90.303
29 42 5.335
29 45 47.416
29 48 70.574
29 31 84.951
30 33 52.605
31 32 67.297
31 35 3.162
31 37 65.613
31 40 95.007
31 42 28.368
32 34 18.61
32 43 46.732
32 47 90.458
33 39 80.684
33 43 93.627
33 46 8.197
33 48 75.158
34 47 67.325
34 48 58.811
35 37 74.997
36 37 62.56
36 41 97.561
36 49 96.207
37 42 23.092
37 47 20.732
38 49 66.519
38 42 6.911
38 46 61.171
39 40 26.107
40 46 4.543
40 49 5.418
41 49 14.734
41 42 21.961
41 47 74.24
42 43 90.61
43 45 49.572
43 46 42.335
43 47 88.828
44 48 46.798
44 49 67.329
45 47 21.483
