50
30 42 0.5
10 36 90.0
20 31 33.5
14 41 48.25
26 48 48.5
2 44 48.5
19 37 65.25
22 23 55.75
24 41 4.75
34 38 93.0
12 19 65.0
8 27 91.75
4 44 59.25
3 46 63.0
44 47 85.75
24 26 79.0
30 37 22.0
7 23 43.5
28 39 87.0
11 12 44.25
39 45 60.25
2 28 20.25
22 36 19.75
6 21 81.75
46 49 25.0
23 28 47.0
6 37 69.5
19 38 86.75
20 40 72.25
25 26 35.75
6 28 13.75
34 36 97.75
19 39 71.25
3 28 55.5
20 23 89.25
41 43 58.0
7 26 96.5
19 44 97.75
25 44 26.75
5 34 64.0
21 34 62.75
44 48 42.5
37 42 6.0
4 17 17.25
11 41 7.0
16 43 63.25
35 40 22.75
25 48 10.25
16 47 38.5
6 35 4.75
6 29 62.5
34 40 90.75
7 36 71.75
3 47 45.0
26 30 86.5
24 45 63.75
10 21 14.75
15 32 93.0
25 45 45.5
33 38 77.25
33 42 63.75
4 7 33.75
7 12 80.75
26 36 1.5
12 21 6.5
10 13 77.0
5 16 89.0
36 48 45.5
7 16 94.75
4 37 71.5
13 29 17.5
17 45 24.5
34 43 95.0
29 49 81.75
14 47 98.25
3 33 87.25
42 43 12.25
18 28 69.75
31 35 34.5
5 49 49.25
13 20 30.75
20 39 42.25
20 42 81.0
18 33 30.5
17 39 54.5
6 36 24.25
28 40 68.5
43 46 91.5
1 26 83.75
39 46 96.75
6 40 24.0
19 42 69.25
5 32 76.25
20 25 74.75
6 43 85.75
29 48 51.25
25 33 46.0
5 47 52.0
2 26 26.0
15 45 29.75
19 43 21.0
0 12 85.25
15 37 83.75
1 6 86.25
33 48 55.25
10 11 22.25
27 33 24.25
5 45 74.0
28 35 59.5
10 27 77.0
26 46 99.5
7 19 89.5
8 11 94.75
11 39 63.5
17 43 18.0
15 21 32.5
11 17 37.25
14 24 79.0
6 42 51.0
18 40 62.5
4 28 75.5
18 20 30.0
10 22 93.75
14 36 40.5
1 4 12.25
27 49 89.25
38 40 42.25
28 31 10.25
6 12 85.75
2 25 8.75
27 42 49.25
13 25 84.5
5 24 75.25
15 17 58.5
22 30 14.75
34 41 62.0
0 5 58.0
8 23 76.0
14 49 31.75
11 23 70.0
31 42 99.5
25 47 20.0
21 25 49.5
4 14 84.75
24 49 34.75
27 45 60.75
3 12 1.25
15 46 30.5
30 46 1.25
18 19 33.0
1 49 55.5
24 46 14.75
22 41 38.75
9 30 89.25