50
0 5 0.86
0 8 0.34
0 13 0.75
0 17 0.14
0 23 0.51
0 34 0.82
0 36 0.74
0 37 0.55
0 46 0.33
5 24 0.76
5 28 0.08
5 32 0.09
5 33 0.83
5 39 0.69
8 2 0.81
8 21 0.84
13 9 0.22
13 16 0.41
13 19 0.01
13 22 0.69
13 23 0.43
13 25 0.24
13 29 0.87
13 31 0.19
13 46 0.06
17 24 0.61
17 40 0.53
17 48 0.6
23 11 0.68
23 15 0.52
23 21 0.67
34 10 0.45
34 38 0.17
36 1 0.58
36 7 0.92
36 10 0.27
36 18 0.81
36 20 0.78
36 31 0.83
36 46 0.09
37 12 0.36
46 16 0.61
46 26 0.78
46 38 0.21
46 41 0.19
46 44 0.71
1 16 0.45
1 29 0.75
1 33 0.77
1 41 0.19
1 42 0.05
16 6 0.79
16 11 0.21
16 43 0.54
29 12 0.9
29 14 0.22
29 24 0.71
33 6 0.51
33 15 0.86
33 41 0.45
33 44 0.41
33 45 0.33
41 12 0.04
41 42 0.91
42 14 0.99
42 26 0.23
42 30 0.9
42 32 0.93
42 40 0.38
42 42 0.52
2 22 0.34
2 25 0.73
2 32 0.74
2 35 0.72
2 44 0.93
2 49 0.58
22 11 0.26
22 43 0.59
22 47 0.59
25 20 0.08
25 30 0.92
25 40 0.79
32 18 0.22
32 28 0.49
32 43 0.86
35 26 0.13
35 30 0.44
35 38 0.94
35 49 0.08
44 14 0.26
49 10 0.96
49 15 0.18
49 27 0.24
49 45 0.73
3 10 0.11
3 12 0.41
3 28 0.26
3 30 0.45
10 7 0.18
12 28 0.44
28 28 0.1
28 39 0.96
28 48 0.28
4 15 0.7
4 31 0.27
4 38 0.74
15 11 0.94
15 40 0.57
15 48 0.64
31 19 0.32
31 40 0.58
38 6 0.95
38 24 0.62
24 20 0.38
39 45 0.52
6 7 0.83
6 11 0.1
6 40 0.11
6 43 0.66
6 45 0.69
7 43 0.91
40 19 0.92
43 21 0.09
43 26 0.52
43 27 0.22
45 20 0.35
45 27 0.9
21 14 0.92
19 19 0.2
48 47 0.63
18 20 0.57
47 26 0.44