49
1 2 1
2 3 1
3 4 1
4 5 1
5 1 1
1 6 5
2 6 5
3 6 5
4 6 5
5 6 5
0 1 8
7 8 1
8 9 1
9 10 1
10 11 1
11 7 1
7 48 5
8 48 5
9 48 5
10 48 5
11 48 5
0 7 8
12 13 1
13 14 1
14 15 1
15 16 1
16 12 1
12 17 5
13 17 5
14 17 5
15 17 5
16 17 5
0 12 8
18 19 1
19 20 1
20 21 1
21 22 1
22 18 1
18 23 5
19 23 5
20 23 5
21 23 5
22 23 5
0 18 8
24 25 1
25 26 1
26 27 1
27 28 1
28 24 1
24 29 5
25 29 5
26 29 5
27 29 5
28 29 5
0 24 8
30 31 1
31 32 1
32 33 1
33 34 1
34 30 1
30 35 5
31 35 5
32 35 5
33 35 5
34 35 5
0 30 8
36 37 1
37 38 1
38 39 1
39 40 1
40 36 1
36 41 5
37 41 5
38 41 5
39 41 5
40 41 5
0 36 8
42 43 1
43 44 1
44 45 1
45 46 1
46 42 1
42 47 5
43 47 5
44 47 5
45 47 5
46 47 5
0 42 8
1 7 1
7 12 1
12 18 1
18 24 1
24 30 1
30 36 1
36 42 1
42 1 1
