35
29 2 29.799
13 16 61.87
9 25 32.96
33 31 55.144
22 3 43.576
3 34 16.547
32 30 58.966
11 16 54.629
5 14 1.599
4 6 64.528
30 12 50.186
21 20 79.733
15 11 93.222
4 9 13.984
11 21 45.522
25 4 9.162
16 5 41.907
19 13 62.465
15 4 92.829
14 9 82.948
20 23 33.223
21 34 12.76
7 18 2.741
14 19 55.287
25 16 17.399
26 33 13.058
25 10 2.85
30 1 4.858
3 33 6.906
21 25 79.34
13 30 96.748
4 7 76.439
23 29 51.123
19 21 18.151
21 7 86.068
0 1 22.441
1 2 39.088
2 3 56.908
3 4 13.936
4 5 1.292
5 6 46.56
6 7 20.349
7 8 56.914
8 9 63.87
9 10 58.092
10 11 54.128
11 12 6.542
12 13 50.768
13 14 13.189
14 15 30.411
15 16 39.262
16 17 31.661
17 18 10.255
18 19 92.898
19 20 40.337
21 22 28.685
22 23 29.265
23 24 72.983
24 25 89.096
25 26 77.455
26 27 55.714
27 28 78.406
28 29 8.61
29 30 39.21
30 31 95.304
31 32 31.809
32 33 38.258
33 34 92.242
