50
0 1 0.5
0 7 1.25
1 3 0.55
2 9 1.15
2 31 1.15
3 5 0.8
3 14 3.25
4 13 3.05
5 20 4.15
6 7 0.75
7 8 0.75
8 16 4.25
8 32 1.25
9 17 3.5
10 13 0.5
10 15 0.6
11 12 0.8
11 33 1.15
12 15 0.75
13 18 3.5
14 24 2.7
15 21 2.75
15 22 3.35
16 21 2.8
16 37 1.15
16 43 0.2
17 21 0.65
17 43 2.7
18 25 2.6
19 23 2.9
19 24 0.5
20 23 1.15
20 27 2.6
21 28 2.75
21 29 0.75
22 28 2.75
23 24 2.4
26 27 0.5
30 43 2.95
30 44 3.55
32 35 3.2
33 37 3.33
34 35 0.75
34 40 2.9
35 38 0.3
36 39 2.7
36 40 2.9
38 43 3.45
38 48 4.05
40 41 0.7
40 42 1.15
40 45 1.25
41 45 0.5
42 44 1.05
42 46 1.15
47 48 0.65
47 49 0.7
48 49 0.95