50
5 44 55
35 11 97
5 22 75
6 34 18
38 8 21
10 41 24
45 39 25
29 10 22
48 49 32
31 12 93
45 35 68
15 14 37
3 23 91
41 0 90
46 41 61
44 33 91
19 2 90
11 21 34
9 10 1
28 29 57
47 25 10
3 25 98
5 3 98
27 46 86
24 49 34
13 22 77
40 34 93
30 2 15
9 0 13
49 13 70
38 41 86
0 29 45
30 13 88
13 44 10
12 32 6
17 28 27
16 4 5
34 27 52
15 1 47
7 34 44
12 10 97
43 27 28
42 41 62
22 18 35
0 44 88
37 24 88
29 8 29
14 27 89
27 5 52
30 40 53
19 23 84
11 28 62
13 43 10
39 23 43
37 37 20
16 6 43
8 29 18
27 11 22
17 35 81
49 5 50
12 38 16
44 24 2
13 19 67
13 31 7
2 31 17
24 34 84
14 21 10
19 1 97
8 33 55
9 2 58
21 47 20
24 11 68
42 23 62
26 16 32
42 10 51
46 35 3
46 1 22
9 12 82
29 42 39
24 13 85
29 47 16
19 8 6
28 19 81
24 20 94
29 33 51
43 45 96
34 5 13
4 36 21
6 28 22
48 5 62
12 34 90
7 9 89
19 49 2
25 36 68
46 15 23
17 35 49
19 5 65
20 38 19
21 3 78
37 19 30
49 4 25
38 26 64
3 3 59
34 4 61
47 40 40
41 23 78
0 29 72
49 33 56
2 41 31
17 0 49
22 8 56
17 2 3
16 44 82
47 31 56
35 3 82
41 48 21
36 28 51
12 11 25
24 30 90
39 22 5
16 5 35
24 14 67
46 45 6
30 30 94
15 26 48
22 0 60
34 20 43
47 25 80
3 5 18
24 9 25
45 36 12
16 20 85
19 40 24
20 43 15
28 46 57
28 6 52
24 47 36
35 5 21
7 12 15
37 18 94
27 17 32
28 22 28
46 24 35
1 4 13
11 28 92
43 23 17
42 0 39
44 3 26
7 27 57
27 1 54
25 21 98
17 5 88
16 30 70
44 42 8
28 1 76
34 36 93
22 13 42
35 7 69
34 4 27
32 35 37
30 46 39
20 37 95
43 23 53
21 24 92
8 11 79
38 48 40
1 1 91
5 30 70
33 45 8
2 1 92
17 33 29
47 23 80
15 41 77
17 25 75
16 21 55
24 4 39
14 18 32
21 25 74
21 32 82
9 17 19
25 28 64
44 35 4
37 29 37
9 23 54
20 16 67
8 13 62
46 22 90
46 13 12
33 27 10
35 11 65
38 43 78
47 13 49
11 40 71
34 42 84
31 5 34
28 46 80
20 36 84
9 35 28
46 20 72
27 4 60
45 7 14
46 27 93
30 6 94
43 22 64
4 43 17
37 49 9
0 9 38
4 32 43
11 48 48
40 12 40
34 18 96
14 29 98
43 43 40
48 18 36
16 10 38
27 2 81
10 5 54
4 35 70
20 2 25
46 40 47
40 13 3
8 41 11
5 39 11
32 39 5
41 14 83
47 41 25
30 1 99
0 18 99
44 33 93
30 10 94
14 15 90
9 11 21
31 41 53
43 16 66
28 20 45
37 15 60
11 29 11
7 37 62
25 48 93
14 30 55
30 0 95
5 33 36
42 16 43
46 40 84
38 49 24
49 32 29
43 31 58
0 34 40
45 47 42
5 44 38
6 37 44
10 4 99
17 20 19
16 11 11
5 10 4
24 1 3
5 16 74
36 4 3
45 9 36
25 7 47
27 19 39
25 7 96
49 42 46
14 39 26
3 24 23
32 12 3
28 26 27
15 5 92
16 13 39
26 16 18
27 6 41
45 18 58
28 17 44
6 20 66
31 0 27
16 44 56
28 23 46
24 30 13
6 25 77
36 9 73
27 20 4
0 7 61
16 41 76
5 31 86
45 16 56
9 0 51
11 27 87
16 37 73
36 10 76
48 3 20
16 0 38
23 16 92
40 37 23
9 46 98
8 39 34
22 37 46
49 34 77
28 43 25
26 20 20
45 38 81
30 15 2
36 31 25
25 49 61
13 19 25
32 17 81
28 36 5
43 10 45
17 34 82
21 0 15
39 43 70
39 5 56
26 37 41
30 29 26
45 11 28
24 8 31
9 21 37
37 13 97
37 37 89
0 35 53
37 5 50
20 15 92
0 22 8
8 49 86
20 26 55
47 0 55
19 16 71
23 29 84
11 5 23
33 41 56
42 23 60
28 46 70
23 20 27
18 42 7
36 37 78
37 15 50
10 27 91
41 48 89
4 20 46
18 17 76
46 27 72
37 2 77
49 3 83
44 2 47
35 41 10
16 33 32
8 23 36
27 43 92
9 40 33
15 31 57
13 15 21
3 12 28
24 42 61
5 29 65
42 7 11
28 37 14
40 47 92
22 30 64
48 40 48
25 49 65
36 3 82
19 4 33
49 21 83
3 14 96
5 24 10
33 37 3
1 23 52
42 35 68
36 34 74
2 26 62
17 12 41
30 35 81
15 12 51
42 28 59
40 14 22
14 20 81
27 39 38
43 26 48
13 49 98
45 45 77
36 9 70
23 9 8
37 8 77
35 0 43
37 4 64
20 2 32
8 26 9
34 29 77
18 31 53
28 48 52
12 18 74
46 15 88
49 21 16
21 13 45
46 8 26
16 28 98
42 15 78
39 24 51
40 8 54
46 38 97
11 36 34
3 30 86
0 2 43
33 46 53
11 33 46
36 12 9
10 28 96
49 34 90
30 22 65
37 40 25
24 46 89
48 5 71
12 47 52
45 48 79
46 15 73
21 10 17
44 28 8
33 47 69
35 5 34
46 40 43
12 22 14
22 34 50
42 17 66
1 0 88
13 48 69
47 1 95
16 14 9
11 26 73
4 20 17
43 27 4
47 31 1
16 25 64
46 1 58
16 6 75
49 26 23
34 36 31
36 23 32
38 16 49
22 39 1
13 33 91
39 24 20
44 44 31
0 44 51
28 7 8
42 17 34
38 35 16
26 33 57
15 25 6
2 2 83
27 1 83
35 20 5
21 22 61
35 19 35
14 17 94
47 28 60
13 34 82
27 4 50
5 9 26
33 39 14
28 33 58
35 16 14
14 6 96
10 20 2
22 27 85
16 35 68
46 13 83
18 14 7
7 8 81
32 43 12
24 7 10
22 10 54
40 20 10
16 13 61
43 48 12
45 42 8
5 4 69
35 31 17
28 16 63
26 15 9
5 45 94
1 32 74
3 29 73
16 28 24
44 24 84
20 11 52
49 34 43
25 17 18
42 38 45
44 49 75
26 19 84
14 36 48
44 34 37
10 41 57
13 10 88
32 42 84
18 39 26
6 47 69
11 32 81
2 41 55
15 7 5
15 35 55
