50
0 16 49.91
0 47 32.23
1 5 40.02
1 9 22.42
1 16 32.7
1 24 6.64
1 41 46.43
2 14 14.59
2 28 49.4
2 40 10.42
3 10 17.07
3 39 47.53
3 41 31.47
3 47 10.14
4 5 15.89
4 6 9.01
4 7 3.56
4 14 46.28
4 20 12.44
4 30 44.21
4 37 14.57
4 39 10.83
4 44 29.12
4 48 12.41
5 10 7.37
5 20 44.83
5 24 43.93
5 39 31.97
5 40 11.65
5 43 17.54
6 19 44.88
6 25 29.46
6 27 48.63
6 29 28.97
6 38 16.36
6 47 11.66
7 10 12.21
7 12 29.21
7 17 34.58
7 20 12.05
7 25 25.49
7 35 16.82
7 41 16.23
7 47 12.67
8 11 20.32
8 33 34.86
8 41 28.48
9 10 15.65
9 24 36.92
9 34 23.02
9 44 2.71
9 45 24.42
10 14 21.88
10 16 7.54
10 36 16.7
10 38 25.21
10 40 37.59
11 19 21.34
11 40 29.36
11 48 48.7
12 25 43.88
13 45 0.86
14 19 34.07
14 34 40.07
14 35 25.85
14 46 32.59
14 48 8.58
15 17 48.08
15 27 31.82
15 28 24.66
15 40 39.38
15 43 30.14
15 48 17.53
16 26 46.8
16 32 13.73
16 37 9.99
17 22 29.98
17 27 37.12
17 32 29.02
17 37 4.12
18 24 37.72
19 24 39.71
19 27 34.44
19 31 34.39
19 46 45.54
20 30 34.99
20 34 16.71
20 44 44.65
20 45 14.74
21 28 16.95
22 27 37.8
22 30 16.3
22 33 36.06
22 38 30.61
22 42 49.72
22 46 14.32
23 31 39.3
23 38 34.85
23 46 27.55
24 34 33.64
24 47 15.52
25 27 6.19
25 34 40.4
26 27 43.49
26 40 3.95
26 45 47.18
27 28 13.04
27 45 8.9
29 31 36.85
29 37 39.45
30 33 23.56
30 36 13.01
31 42 25.0
31 46 23.24
31 49 48.47
32 37 25.23
32 39 44.0
32 41 34.46
33 42 31.76
34 42 12.94
36 40 45.21
37 39 24.02
37 45 11.62
39 44 46.57
39 49 3.57
40 43 4.56
40 49 39.55
41 42 30.68
42 48 29.09
44 49 36.41
47 48 32.86