50
0 1 23
1 2 12.3
2 3 43.2
3 4 23.4
4 5 35.4
5 6 12.4
6 7 99.2
7 8 92.4
8 9 32.4
9 10 1
10 11 3.5
11 12 64.2
12 13 53.6
13 14 67.3
14 15 46.7
15 16 35.1
16 17 24.6
17 18 63.5
18 19 77.7
19 20 34.7
20 21 53.7
21 22 32.7
22 23 8.8
23 24 23.5
24 25 35.5
25 26 50.3
26 27 23.3
27 28 77.7
28 29 45.6
29 30 39.6
31 15 34.4
32 14 23.4
33 16 33.3
34 31 13.6
35 31 23.5
36 13 55.5
37 17 67.3
38 32 8.6
39 32 4.4
40 33 56.7
41 33 8.9
42 34 53.4
43 34 34.5
44 35 56.3
45 35 45.6
46 12 34.5
47 18 56.3
48 36 67.3
49 36 46.7