50
25 26 14
25 37 0.5
25 36 0.7
25 35 1
25 38 2.8
26 27 6
26 38 3
26 35 12
27 35 14
27 41 10
27 42 0.6
27 43 6
27 34 5
27 28 10
28 34 2
28 29 16
28 33 0.2
29 46 0.2
30 32 1
30 31 1
31 32 1
31 48 1
32 49 14
32 33 1
33 47 0.2
33 43 0.2
33 49 20
34 43 3
35 42 16
35 41 8
35 38 1
36 38 0.1
37 38 0.5
38 39 5
38 40 8
38 41 6
39 40 0.3
39 41 0.5
40 41 5
41 42 21
41 44 20
42 43 1
43 44 2
43 49 0.1
43 45 7
43 46 0.2
44 49 13
45 49 10
46 49 20
47 48 20
47 49 10
48 49 9
0 1 20
0 2 1
1 3 1
1 4 1
4 5 3.5
4 8 30
4 9 10
5 6 0.1
6 7 0.2
7 8 2.5
8 9 29
8 19 30
9 10 20
9 11 2
9 19 15
10 12 2
10 13 1
11 12 2
13 14 99
14 15 2
15 16 1
16 17 40
17 18 1
19 20 1
19 23 40
19 24 38
20 21 1
20 22 40
20 23 1
20 24 1
21 22 1
21 23 20
22 23 38
23 24 1
28 14 17.76
39 11 0.152
16 1 7.219
37 20 9.128
32 12 6.128
42 7 14.128
39 25 11.128
2 3 19.314
15 13 8.932
15 29 9.183
16 10 14.932
37 20 21.349