40
0 21 49.754
0 24 26.617
0 17 63.741
0 25 24.248
0 12 47.317
0 26 97.034
0 13 8.519
1 24 31.738
2 26 67.644
3 31 8.524
4 12 15.332
5 17 82.527
5 34 97.972
6 24 31.934
6 36 18.897
6 32 97.238
7 37 32.892
8 15 60.378
8 21 60.749
9 20 63.499
9 38 91.539
10 29 96.245
11 28 69.315
11 17 82.49
13 35 79.383
13 23 64.312
14 20 43.029
15 39 22.722
16 20 26.618
17 23 93.002
18 22 70.007
19 29 10.58
20 24 91.081
22 26 27.109
24 37 69.246
24 29 45.999
25 31 26.966
26 33 20.925
26 34 57.908
27 37 41.177
29 39 62.444
29 36 69.598
30 33 81.944
