50
0 1 1.0
0 2 3.0
0 4 5.0
0 5 50.0
1 4 5.0
5 6 2.0
5 7 2.0
5 8 2.0
6 7 2.0
6 8 2.0
7 8 2.0
4 9 20.0
9 10 15.0
10 25 1.0
10 12 8.0
11 12 8.0
11 8 1.0
12 13 5.0
13 14 5.0
14 15 10.0
15 7 5.0
15 16 5.0
16 18 2.0
17 18 2.0
18 19 9.0
19 20 3.0
20 21 1.0
18 21 10.0
2 18 5.0
21 22 10.0
22 23 2.0
22 24 2.0
23 14 2.0
24 14 2.0
21 47 87.0
3 20 4.0
25 26 1.0
25 27 3.0
25 28 5.0
25 29 50.0
26 28 5.0
29 30 2.0
29 31 2.0
29 32 2.0
30 31 2.0
30 32 2.0
31 32 2.0
28 33 20.0
33 34 2.0
33 35 1.0
34 49 1.0
34 36 2.0
35 36 3.0
35 32 1.0
36 37 23.0
37 38 5.0
38 39 10.0
39 7 5.0
39 40 5.0
40 42 2.0
41 42 2.0
42 43 9.0
19 44 3.0
44 45 1.0
42 45 10.0
43 42 5.0
45 49 10.0
46 47 2.0
46 48 2.0
47 38 2.0
24 38 2.0
34 42 4.0