50
0 2 84.019
1 3 39.438
2 4 78.310
3 5 79.844
4 6 91.165
5 7 19.755
6 8 33.522
7 9 76.823
8 10 27.777
9 11 55.397
10 12 47.740
11 13 62.887
12 14 36.478
13 15 51.340
14 16 95.223
15 17 91.620
16 18 63.571
17 19 71.730
18 20 14.160
19 21 60.697
20 22 01.630
21 23 24.289
22 24 13.723
23 25 80.418
24 26 15.668
25 27 40.094
26 28 12.979
27 29 10.881
28 30 99.892
29 31 21.826
30 32 51.293
31 33 83.911
32 34 61.264
33 35 29.603
34 36 63.755
35 37 52.429
36 38 49.358
37 39 97.278
38 40 29.252
39 41 77.136
40 42 52.674
41 43 76.991
42 44 40.023
43 45 89.153
44 46 28.331
45 47 35.246
46 48 80.772
47 49 91.903
48 0 06.976
49 1 94.933
0 1 52.600