50
0 16 83.125
0 20 88.831
0 33 29.645
0 38 7.079
0 43 76.336
0 46 9.469
1 19 87.961
2 20 16.189
2 21 48.628
2 37 48.951
3 46 78.198
4 17 65.065
4 20 75.529
4 42 96.783
5 25 59.748
5 30 14.948
5 42 9.652
5 44 32.044
5 45 74.061
6 21 27.968
6 37 58.531
6 39 24.306
6 42 16.813
6 48 41.990
7 11 95.858
7 15 44.169
7 16 15.043
7 22 8.020
8 30 79.768
8 40 13.783
8 45 41.404
9 19 71.073
9 21 3.289
9 22 20.267
10 21 81.840
10 31 46.927
11 13 66.585
11 25 56.116
11 32 40.360
11 38 79.707
12 22 44.222
12 36 26.598
13 18 22.825
14 16 56.654
14 32 2.141
15 18 8.833
15 24 60.035
16 23 96.401
16 35 58.613
17 23 44.861
17 33 36.352
17 42 99.218
18 23 29.884
18 27 63.038
18 34 50.784
18 47 75.719
18 48 94.126
19 34 50.708
19 37 62.027
19 49 13.252
20 32 17.097
20 44 27.695
21 29 10.064
21 40 8.890
21 41 16.422
21 49 29.393
22 23 24.213
22 26 29.450
22 29 18.883
22 43 4.241
23 24 68.738
24 41 56.052
25 39 21.949
25 49 81.608
27 48 0.055
28 49 29.062
29 32 55.621
29 42 93.688
29 48 44.896
31 44 23.012
32 40 72.907
37 44 2.628
38 48 78.852
41 45 76.326