50 
0 1 98
0 2 98
0 3 98
0 5 99
0 45 99
1 4 98
1 2 2
1 48 99
2 4 99
2 3 2
3 4 99
3 6 99
4 9 99
4 49 99
5 6 98
5 7 98
5 8 98
5 10 99
6 9 98
6 7 2
7 9 99
7 8 2
8 9 99
8 11 99
9 14 99
10 11 98
10 12 98
10 13 98
10 15 99
11 14 98
11 12 2
12 14 99
12 13 2
13 14 99
13 16 99
14 19 99
15 16 98
15 17 98
15 18 98
15 20 99
16 19 98
16 17 2
17 19 99
17 18 2
18 19 99
18 21 99
19 24 99
20 21 98
20 22 98
20 23 98
20 25 99
21 24 98
21 22 2
22 24 99
22 23 2
23 24 99
23 26 99
24 29 99
25 26 98
25 27 98
25 28 98
25 30 99
26 29 98
26 27 2
27 29 99
27 28 2
28 29 99
28 31 99
29 34 99
30 31 98
30 32 98
30 33 98
30 35 99
31 34 98
31 32 2
32 34 99
32 33 2
33 34 99
33 36 99
34 39 99
35 36 98
35 37 98
35 38 98
35 40 99
36 39 98
36 37 2
37 39 99
37 38 2
38 39 99
38 41 99
39 44 99
40 41 98
40 42 98
40 43 98
40 45 99
41 44 98
41 42 2
42 44 99
42 43 2
43 44 99
43 46 99
44 49 99
45 46 98
45 47 98
45 48 98
46 49 98
46 47 2
47 49 99
47 48 2
48 49 99
