46
0 1 76.09
0 2 33.167
0 3 67.703
1 4 56.81
1 26 82.338
2 10 6.972
2 11 61.835
3 18 20.908
3 19 58.433
4 5 35.744
4 33 35.288
5 6 31.533
5 29 99.099
6 7 33.804
6 27 3.211
7 8 72.29
7 14 66.908
8 9 82.495
8 38 70.852
9 10 85.336
9 37 1.364
10 39 8.397
11 12 75.988
11 39 77.242
12 13 97.19
12 35 28.782
13 14 47.867
13 15 57.536
14 34 89.74
15 16 91.833
15 22 15.641
16 17 89.736
16 44 34.274
17 18 56.711
17 43 50.946
18 45 86.257
19 20 87.969
19 45 80.528
20 21 17.867
20 41 99.001
21 22 96.318
21 23 47.918
22 40 19.655
23 24 70.752
23 27 56.38
24 25 11.409
24 32 92.197
25 26 69.094
25 31 76.725
26 33 60.792
27 28 58.639
28 29 3.199
28 32 89.983
29 30 22.045
30 31 71.644
30 33 78.36
31 32 64.794
34 35 44.178
34 38 91.451
35 36 33.495
36 37 86.59
36 39 13.884
37 38 24.052
40 41 11.844
40 44 13.349
41 42 93.631
42 43 79.173
42 45 23.33
43 44 31.69
