50
1 0 96.375
2 1 14.899
3 2 34.614
4 3 98.611
5 4 80.134
6 1 60.214
6 5 55.728
7 2 48.128
7 5 82.332
7 6 94.638
8 7 35.078
9 1 60.389
9 8 1.278
10 9 63.732
11 5 66.397
11 10 72.727
12 5 38.43
12 11 94.25
13 12 10.539
14 6 14.3
14 13 10.888
15 8 87.823
15 14 46.39
16 15 56.051
17 0 18.473
17 7 8.881
17 16 10.366
18 2 95.286
18 5 17.536
18 17 57.546
19 1 74.986
19 14 4.466
19 16 59.485
19 18 80.952
20 19 77.914
21 7 67.421
21 8 58.033
21 10 54.22
21 20 37.573
22 0 21.869
22 4 13.068
22 21 91.476
23 9 99.512
23 18 27.502
23 22 91.758
24 22 5.873
24 23 78.691
25 8 3.269
25 13 54.426
25 18 71.862
25 24 29.022
26 10 6.02
26 25 88.701
27 18 50.499
27 26 45.618
28 27 61.859
29 25 20.245
29 26 77.63
29 28 98.587
30 2 54.683
30 11 73.064
30 25 64.762
30 29 36.413
31 7 74.505
31 19 58.583
31 30 60.691
32 1 26.484
32 2 1.713
32 13 20.79
32 31 32.426
33 13 29.177
33 32 2.145
34 27 71.572
34 33 54.822
35 4 81.671
35 5 51.872
35 8 49.721
35 16 76.005
35 18 73.334
35 30 83.468
35 34 76.388
36 1 75.955
36 4 83.622
36 24 34.489
36 35 87.881
37 35 68.91
37 36 60.943
38 8 96.545
38 10 29.591
38 21 82.345
38 36 20.171
38 37 54.059
39 0 42.769
39 3 65.379
39 21 74.262
39 38 48.976
40 31 15.768
40 32 73.871
40 36 1.009
40 39 8.339
41 29 79.616
41 33 90.743
41 40 79.228
42 27 39.223
42 40 53.417
42 41 45.341
43 0 34.277
43 1 75.287
43 6 16.178
43 20 40.745
43 32 58.87
43 39 21.181
43 42 10.762
44 1 43.567
44 2 97.475
44 29 58.343
44 33 14.906
44 41 95.059
44 43 50.063
45 4 88.694
45 10 10.538
45 37 88.351
45 44 73.348
46 13 49.746
46 26 3.611
46 45 63.796
47 2 90.329
47 46 88.758
48 11 32.966
48 14 85.096
48 31 38.927
48 32 39.309
48 34 80.909
48 41 64.643
48 47 55.74
49 0 27.325
49 1 17.191
49 20 32.677
49 43 7.996
49 48 20.814
