50
0 6 54.58
1 13 87.17
1 30 87.0
1 32 18.91
1 40 85.41
2 16 5.68
2 28 33.92
3 10 1.39
3 11 99.93
3 14 50.63
3 30 11.0
3 31 75.35
3 41 70.95
4 9 96.28
4 13 59.34
4 25 31.73
4 34 99.52
4 47 33.47
5 6 2.91
5 13 34.35
5 16 65.22
5 28 74.82
6 24 72.38
6 28 89.04
6 36 34.14
7 20 92.26
7 21 56.49
7 38 15.63
7 44 82.97
7 48 12.82
8 12 85.58
8 35 76.13
8 37 12.95
8 39 34.46
8 41 86.14
8 43 24.54
8 45 6.76
9 43 9.43
9 44 28.75
9 47 70.74
10 24 36.89
10 36 76.65
10 38 26.26
11 14 35.19
11 16 32.7
11 18 57.54
11 23 12.7
11 34 42.6
11 38 13.7
11 42 82.92
12 32 55.3
12 35 90.79
12 42 14.41
12 45 84.81
13 14 9.43
13 27 34.31
13 33 28.23
13 49 14.79
14 19 91.69
14 23 94.25
14 43 46.61
14 45 15.46
15 21 99.64
15 22 41.55
15 24 71.17
16 19 32.77
16 20 43.28
16 34 60.96
17 22 75.98
17 29 75.66
17 36 54.56
17 41 66.76
17 47 12.81
18 20 51.79
18 23 85.94
18 26 44.65
18 48 47.05
19 20 57.61
19 23 71.88
20 21 80.19
20 27 24.78
21 43 50.72
22 39 94.05
22 42 55.12
23 26 89.17
23 32 43.66
24 30 73.13
24 34 29.88
24 40 74.62
24 41 27.27
24 46 10.83
25 31 32.58
25 37 95.84
25 39 25.42
26 28 62.88
26 40 61.45
27 29 6.23
27 31 14.86
27 38 18.12
27 44 73.25
28 44 18.41
29 32 30.33
29 44 82.73
30 31 81.27
30 44 35.36
30 45 10.98
30 48 69.65
31 37 3.1
31 43 75.93
33 38 59.38
33 48 99.86
34 39 79.97
34 44 9.08
35 38 33.57
35 40 21.92
35 44 66.81
36 40 61.38
36 41 70.12
37 46 85.76
38 47 23.6
38 49 68.82
39 43 99.99
40 41 67.28
40 44 20.91
40 49 99.91
43 44 74.28
44 48 44.34
45 48 33.07
