30
0 1 14.7
0 6 10.2
0 11 45.3
1 2 57.4
1 6 99.5
2 4 90.5
2 8 72.3
3 7 11.0
3 8 22.9
3 9 26.6
4 5 29.7
4 9 79.8
4 14 8.02
4 22 34.2
5 6 69.3
6 8 15.2
7 13 75.0
7 29 77.1
9 12 26.3
10 11 54.9
10 16 63.6
11 12 30.9
11 16 30.5
12 14 69.0
12 18 93.9
13 17 29.2
13 18 26.8
13 19 26.6
14 15 70.6
14 19 42.7
15 16 59.4
15 29 64.7
16 18 23.2
17 27 2.4
19 25 0.75
20 21 35.9
20 26 85.6
21 22 21.8
21 26 41.7
22 24 26.8
22 28 55.7
23 27 62.0
23 28 44.9
23 29 50.5
24 25 40.1
24 29 19.6
25 26 70.3
26 28 47.7