46
0 1 1.015
0 2 1.015
0 3 1.015
1 2 1.846
1 3 1.846
2 3 1.846
1 6 4.255
2 9 4.255
3 11 4.255
4 12 4.955
4 13 4.955
5 7 4.955
5 8 4.955
6 7 6.889
7 8 6.889
8 9 6.889
9 10 6.889
10 11 6.889
11 12 6.889
12 13 6.889
13 6 6.889
6 14 13.16
6 15 13.16
7 16 13.17
8 17 13.16
8 18 13.16
9 19 13.17
10 20 13.16
10 21 13.16
11 22 13.17
12 23 13.16
12 24 13.16
13 25 13.17
14 15 21.74
15 16 21.74
16 17 21.74
17 18 21.74
18 19 21.74
19 20 21.74
20 21 21.74
21 22 21.74
22 23 21.74
23 24 21.74
24 25 21.74
25 14 21.74
14 34 35.008
15 34 37.086
15 36 35.008
16 36 37.086
16 26 35.008
16 29 37.086
17 29 37.086
17 37 35.008
17 38 37.086
18 37 37.086
18 39 35.008
19 39 37.086
19 28 35.008
19 29 35.008
20 40 35.008
20 41 37.086
21 41 37.086
21 42 35.008
22 42 37.086
22 30 35.008
22 31 35.008
23 43 35.008
23 44 37.086
23 45 37.086
24 45 35.008
25 32 35.008
25 33 35.008
34 36 37.086
34 35 35.008
36 35 35.008
26 27 35.008
37 38 35.008
37 39 37.086
38 39 35.008
28 29 35.008
40 41 35.008
41 42 35.008
30 31 35.008
43 44 35.008
44 45 35.008
32 33 35.008
32 35 89.72
26 38 89.72
28 41 89.72
30 44 89.72
44 0 99.999
35 0 99.999
38 0 99.999
41 0 99.999