50
0 1 2
0 2 8
1 2 6
3 2 7
0 3 1
1 4 1
2 4 5
2 5 1
4 5 3
6 5 4
2 6 2
3 6 9
4 7 8
5 7 6
6 7 3
7 8 2
7 9 8
8 9 6
10 9 7
7 10 1
8 11 1
9 11 5
9 12 1
11 12 3
13 12 4
9 13 2
10 13 9
11 14 8
12 14 6
13 14 3
14 15 2
14 16 8
15 16 6
17 16 7
14 17 1
15 18 1
16 18 5
16 19 1
18 19 3
20 19 4
16 20 2
17 20 9
18 21 8
19 21 6
20 21 3
21 22 2
21 23 8
22 23 6
24 23 7
21 24 1
22 25 1
23 25 5
23 26 1
25 26 3
27 26 4
23 27 2
24 27 9
25 28 8
26 28 6
27 28 3
28 29 2
28 30 8
29 30 6
31 30 7
28 31 1
29 32 1
30 32 5
30 33 1
32 33 3
34 33 4
30 34 2
31 34 9
32 35 8
33 35 6
34 35 3
35 36 2
35 37 8
36 37 6
38 37 7
35 38 1
36 39 1
37 39 5
37 40 1
39 40 3
41 40 4
37 41 2
38 41 9
39 42 8
40 42 6
41 42 3
42 43 2
42 44 8
43 44 6
45 44 7
42 45 1
43 46 1
44 46 5
44 47 1
46 47 3
48 47 4
44 48 2
45 48 9
46 49 8
47 49 6
48 49 3