50
0 49 16.25
0 1 63.745
1 16 34.941
1 46 30.328
2 5 88.848
2 9 38.536
2 45 77.013
3 6 48.698
3 30 68.243
3 26 65.538
3 28 18.292
4 25 45.735
4 30 2.835
5 23 99.414
5 25 72.508
5 39 7.853
6 13 51.689
6 14 52.279
6 12 71.751
6 24 58.367
7 43 29.141
8 23 56.383
9 21 48.633
9 31 4.414
9 49 80.722
10 16 52.083
10 27 2.464
11 48 62.208
12 30 55.956
13 32 80.836
13 38 14.226
13 31 63.205
13 35 80.745
14 31 70.638
14 27 87.828
14 36 18.094
14 43 7.73
15 38 13.977
15 27 80.104
15 22 97.685
16 39 84.074
16 48 66.633
17 41 47.669
17 47 51.901
18 47 67.167
18 36 60.138
18 29 94.239
18 34 68.641
19 31 84.303
19 40 74.989
19 25 70.968
19 29 73.61
19 32 28.993
20 40 55.666
20 23 42.833
21 49 26.196
21 40 27.65
21 48 87.88
23 43 20.698
24 42 35.533
25 49 84.438
26 49 24.348
26 41 61.017
29 33 66.416
29 44 32.482
30 37 14.927
30 45 15.216
31 38 33.326
33 39 21.664
34 37 90.806
35 40 43.803
35 36 32.426
35 47 80.916
37 43 81.907
40 49 61.611
42 46 4.014
44 46 47.591
