32
0 0 8
1 1 8
2 2 8
3 3 8
4 4 8
5 5 8
6 6 8
7 7 8
8 8 8
9 9 8
10 10 8
11 11 8
12 12 8
13 13 8
14 14 8
15 15 8
16 16 8
17 17 8
18 18 8
19 19 8
20 20 8
21 21 8
22 22 8
23 23 8
24 24 8
25 25 8
26 26 8
27 27 8
28 28 8
29 29 8
30 30 8
31 31 8
0 1 4
1 2 4
2 3 4
3 4 4
4 5 4
5 6 4
6 7 4
7 8 4
8 9 4
9 10 4
10 11 4
11 12 4
12 13 4
13 14 4
14 15 4
15 16 4
16 17 4
17 18 4
18 19 4
19 20 4
20 21 4
21 22 4
22 23 4
23 24 4
24 25 4
25 26 4
26 27 4
27 28 4
28 29 4
29 30 4
30 31 4