50
2 42 40.992
7 37 27.049
4 31 20.138
22 29 73.047
10 26 4.277
0 2 24.652
19 40 42.629
30 47 4.729
17 45 29.652
15 40 24.739
25 12 41.115
32 11 98.939
0 21 11.81
30 20 40.026
37 14 76.248
15 30 75.955
12 40 50.536
26 31 19.094
27 17 85.798
11 8 24.626
13 17 45.404
42 0 68.462
29 44 10.519
12 34 20.353
41 36 33.389
49 39 54.181
5 20 99.028
21 16 90.034
16 5 93.808
17 11 18.53
35 21 91.963
40 41 65.215
46 17 50.222
13 24 87.848
6 14 68.76
37 5 6.57
5 7 37.594
46 31 84.667
2 49 51.26
34 20 67.57
12 49 5.714
27 31 13.839
12 31 30.769
5 13 70.092
28 10 27.825
12 23 84.573
16 29 58.663
39 11 93.263
24 17 7.641
22 32 37.381
46 2 98.228
2 26 12.067
6 22 35.38
19 5 30.873
25 39 77.662
37 29 73.535
44 35 63.173
18 44 82.035
32 15 38.946
22 49 22.86
5 22 14.878
14 40 49.786
48 47 43.006
43 39 89.137
1 44 67.755
2 41 31.68
47 5 66.192
5 3 11.122
2 39 87.962
5 29 0.775
39 40 23.348
44 12 91.049
42 44 93.767
13 49 80.767
10 20 89.166
0 15 73.066
29 34 10.827
6 39 40.971
22 30 76.901
8 41 45.586
35 46 48.78
1 26 32.025
19 2 35.093
7 31 35.237
15 3 69.476
3 22 28.882
27 3 80.964
23 48 50.794
30 40 1.811
4 49 8.067
20 23 98.157
30 45 31.656
15 49 83.766
4 2 58.679
5 14 33.768
43 19 19.267
12 4 26.139
39 3 63.896
25 48 33.271
46 22 41.392
39 1 99.791
26 48 61.37
6 43 27.646
7 24 22.159
40 32 96.162
31 32 55.618
29 36 10.495
35 13 19.935
25 22 53.658
45 18 14.305
3 46 57.584
39 10 5.756
1 11 4.629
3 2 86.143
39 5 11.696
49 17 26.374
30 7 3.621
29 40 1.522
16 30 43.961
6 45 61.014
8 4 11.268
17 10 52.958
7 46 87.138
3 47 13.101
45 35 36.306
5 43 32.016
25 36 95.299
47 49 78.541
12 41 83.021
17 40 19.247
13 42 87.805
13 44 2.553
28 13 54.945
7 19 49.078
21 46 43.339
48 7 24.915
9 41 6.838
35 15 51.966
16 25 89.837
16 7 67.09
3 9 40.0
19 24 99.303
26 23 85.459
4 29 53.434
26 9 92.97
31 13 20.847
37 23 5.481
22 37 87.051
34 31 43.684
17 2 54.412
22 40 39.471
6 12 6.913
34 44 5.22
22 26 56.935
30 8 64.201
24 46 22.035
15 22 40.901
39 8 39.575
25 46 76.621
41 16 44.237
7 34 38.299
33 7 91.118
47 43 94.356
31 49 45.477
24 9 78.992
32 37 19.683
27 46 46.337
17 20 76.79
20 46 80.954
0 4 64.445
7 0 66.42
32 30 78.145
6 15 12.851
10 0 54.264
42 29 58.693
12 35 56.498
1 8 22.483
47 21 83.921
31 19 59.36
36 47 76.668
14 31 67.569
43 0 79.841
28 47 1.808
45 40 26.562
30 29 25.605
34 49 20.423
48 19 99.029
36 39 5.984
19 35 52.635
21 43 4.891
1 47 76.649
31 11 7.738
24 12 97.761
1 37 72.124
27 15 28.712
8 15 64.355
48 11 52.062
46 8 91.211
20 11 64.476
0 13 0.607
20 45 39.429
37 10 33.113
39 46 78.37
4 10 59.349
29 35 77.592
12 29 30.61
40 48 96.956
23 24 26.334
36 11 81.433
24 40 74.642
6 49 13.629
17 48 28.006
5 0 18.666
8 27 14.028
2 48 24.428
15 44 39.554
33 0 70.683
34 9 59.084
30 39 76.253
25 7 63.589
6 48 53.325
1 5 99.053
6 18 87.553
44 9 35.937
35 1 43.065
30 17 28.453
46 37 8.439
27 7 28.656
2 23 94.303
11 7 1.788
8 25 35.016
32 34 19.485
6 8 42.275
42 7 96.559
29 6 16.195
43 45 67.743
35 49 82.764
3 11 39.473
33 28 62.655
49 0 2.561
20 33 71.788
14 33 3.966
42 38 28.728
41 39 41.779
18 11 28.564
0 37 49.876
32 36 66.187
3 48 32.628
40 1 63.256
18 27 48.437
26 25 75.69
27 9 87.414
33 43 70.314
40 34 79.653
11 45 94.447
44 33 16.7
35 26 41.751
9 31 69.528
17 29 18.92
13 22 29.742
5 45 97.601
26 12 63.95
3 24 43.368
21 13 76.799
44 32 17.206
16 45 29.17
8 28 87.837
2 8 0.348
37 24 95.215
24 32 65.278
17 47 32.477
31 38 46.615
21 41 88.434
27 11 11.539
25 24 23.796
8 36 23.669
46 34 14.892
1 24 41.084
23 36 45.187
24 48 86.336
25 35 79.886
1 46 50.675
1 48 73.527
45 15 69.673
