50
0 2 13.24
2 4 67.3
3 4 77.54
1 4 10.87
1 3 16.29
2 3 44.21
0 4 18.33
7 9 66.31
6 7 16.39
5 7 17.06
8 9 47.46
5 9 1.05
7 8 66.41
6 8 19.61
11 13 67.49
10 14 81.15
11 12 51.95
12 14 49.36
10 11 45.71
10 12 72.08
10 13 70.27
15 19 85.03
17 18 6.06
16 19 48.13
15 16 61.36
17 19 2.86
15 18 80.88
21 22 16.57
23 24 7.17
20 22 42.46
20 24 86.46
22 24 58.38
20 21 66.82
22 23 89.98
27 29 6.39
25 29 41.44
25 28 52.32
27 28 15.61
25 27 54.35
26 28 12.41
25 26 41.55
31 33 74.98
32 34 76.3
31 34 60.32
30 31 2.77
33 34 5.47
30 32 5.75
35 38 16.43
36 37 8.57
35 39 3.24
35 37 13.18
37 39 63.58
36 38 5.32
41 43 73.85
42 43 12.38
42 44 15.14
43 44 50.23
40 43 18.08
40 41 1.62
46 49 52.49
45 49 53.91
46 47 62.49
45 48 88.1
45 46 46.34
45 47 81.8
46 48 72.85
2 14 42.52
0 29 8.13
9 19 54.32
5 20 14.26
12 49 75.45
11 47 43.51
16 48 65.42
16 31 60.28
21 38 18.23
24 18 75.0
29 49 73.32
26 1 10.88
34 47 76.16
30 18 7.53
37 15 80.02
38 8 82.86
41 32 64.26
41 28 62.72
48 3 88.63
0 32 9.96