43
0 2 7
0 4 7
0 5 11
1 4 20
1 5 1
2 3 5
2 4 2
4 5 11
5 8 16
16 8 15
11 1 4
0 1 20
11 20 35
15 20 5
8 15 2
14 4 2
12 4 50
12 14 3
14 22 2
18 17 1
17 19 24
17 12 40
2 9 2
9 14 50
9 3 1
3 21 1
21 0 10
16 24 20
19 24 3
24 4 5
7 21 3
13 0 5
11 13 6
23 15 40
6 7 99
10 7 1
37 36 0.5
36 35 0.5
35 34 0.5
34 33 0.5
32 33 0.5
32 31 0.5
31 30 0.5
30 29 0.5
29 28 0.5
28 27 0.5
27 26 0.5
26 25 0.5
25 42 0.5
42 41 0.5
41 40 0.5
40 39 0.5
39 38 0.5
38 37 0.5
37 3 5