50
0 1 11.000
1 2 11.000
1 3 13.563
1 4 0.552
2 3 11.000
3 0 11.000
3 5 0.108
4 6 5.000
5 11 31.000
6 7 5.000
6 8 5.487
6 9 0.058
7 8 5.000
8 4 5.000
8 10 0.333
9 16 17.000
10 21 33.000
11 12 31.000
11 13 42.598
11 14 0.809
12 13 31.000
13 5 31.000
13 15 0.798
14 26 20.000
15 31 11.000
16 17 17.000
16 18 22.533
16 19 0.370
17 18 17.000
18 9 17.000
18 20 0.594
19 36 47.000
20 41 24.000
20 46 99.999
20 47 99.999
20 48 99.999
20 49 99.999
21 22 33.000
21 23 43.484
21 24 0.181
22 23 33.000
23 10 33.000
23 25 0.308
26 27 20.000
26 28 26.484
26 29 0.657
27 28 20.000
28 14 20.000
28 30 0.837
31 32 11.000
31 33 13.038
31 34 0.963
32 33 11.000
33 15 11.000
33 35 0.266
36 37 47.000
36 38 61.230
36 39 0.512
37 38 47.000
38 19 47.000
38 40 0.936
41 42 24.000
41 43 29.968
41 44 0.345
42 43 24.000
43 20 24.000
43 45 0.182
