50
0 1 61.833
0 2 96.504
0 3 10.88
0 4 12.701
0 5 74.094
0 6 31.388
0 7 93.379
0 8 52.681
0 9 21.312
0 10 87.1
0 11 27.52
0 12 98.209
0 13 12.161
0 14 50.656
0 15 73.155
0 16 51.068
0 17 99.81
0 18 8.118
0 19 26.92
0 20 79.27
0 21 92.622
0 22 86.998
0 23 78.611
0 24 45.927
0 25 46.026
0 26 7.467
0 27 95.381
0 28 79.93
0 29 68.318
0 30 74.535
0 31 96.27
0 32 54.941
0 33 72.687
0 34 41.255
0 35 28.958
0 36 64.052
0 37 57.862
0 38 97.989
0 39 47.401
0 40 90.657
0 41 19.485
0 42 91.069
0 43 9.236
0 44 11.344
0 45 51.059
0 46 42.101
0 47 70.505
0 48 32.876
0 49 16.97
1 2 6.837
1 3 65.894
1 4 2.938
1 5 10.399
1 6 88.713
1 7 23.408
1 8 75.075
1 9 72.262
1 10 36.782
1 11 48.313
1 12 98.064
1 13 42.569
1 14 78.623
1 15 15.388
1 16 2.467
1 17 34.705
1 18 52.087
1 19 80.249
1 20 44.557
1 21 5.221
1 22 19.05
1 23 43.399
1 24 33.435
1 25 7.403
1 26 92.824
1 27 69.526
1 28 40.464
1 29 66.406
1 30 14.768
1 31 91.632
1 32 3.243
1 33 86.414
1 34 23.099
1 35 65.331
1 36 30.751
1 37 9.967
1 38 92.213
1 39 80.343
1 40 95.709
1 41 15.274
1 42 32.491
1 43 32.613
1 44 72.168
1 45 21.108
1 46 44.358
1 47 19.292
1 48 58.736
1 49 73.731
2 3 87.811
2 4 11.645
2 5 26.103
2 6 85.053
2 7 96.786
2 8 70.435
2 9 81.476
2 10 94.732
2 11 55.78
2 12 15.699
2 13 11.434
2 14 16.788
2 15 68.313
2 16 39.919
2 17 81.644
2 18 10.816
2 19 43.435
2 20 95.651
2 21 71.083
2 22 71.177
2 23 30.672
2 24 51.746
2 25 48.627
2 26 23.488
2 27 19.702
2 28 42.056
2 29 43.703
2 30 75.608
2 31 5.8
2 32 69.383
2 33 65.953
2 34 35.672
2 35 23.623
2 36 82.564
2 37 98.25
2 38 10.189
2 39 73.458
2 40 92.128
2 41 23.084
2 42 0.391
2 43 90.344
2 44 78.449
2 45 66.255
2 46 78.724
2 47 83.719
2 48 86.257
2 49 43.613
3 4 26.185
3 5 32.082
3 6 61.702
3 7 6.012
3 8 84.12
3 9 25.65
3 10 30.983
3 11 82.098
3 12 7.485
3 13 26.708
3 14 21.659
3 15 20.393
3 16 57.694
3 17 86.979
3 18 2.974
3 19 23.907
3 20 51.627
3 21 32.731
3 22 19.889
3 23 83.119
3 24 44.666
3 25 86.995
3 26 41.166
3 27 95.534
3 28 84.109
3 29 5.929
3 30 16.552
3 31 67.105
3 32 42.462
3 33 67.099
3 34 16.896
3 35 59.112
3 36 54.191
3 37 40.543
3 38 86.976
3 39 9.734
3 40 58.933
3 41 94.638
3 42 65.633
3 43 46.409
3 44 80.69
3 45 52.937
3 46 53.828
3 47 5.311
3 48 77.918
3 49 73.76
4 5 45.729
4 6 38.038
4 7 53.369
4 8 48.844
4 9 0.288
4 10 9.783
4 11 43.525
4 12 62.681
4 13 1.58
4 14 2.669
4 15 41.52
4 16 90.657
4 17 87.55
4 18 17.472
4 19 45.612
4 20 45.126
4 21 31.97
4 22 24.298
4 23 83.935
4 24 93.693
4 25 91.015
4 26 27.303
4 27 53.912
4 28 76.148
4 29 41.637
4 30 57.02
4 31 35.17
4 32 35.774
4 33 24.41
4 34 44.64
4 35 7.917
4 36 66.274
4 37 52.986
4 38 72.001
4 39 16.346
4 40 36.961
4 41 14.456
4 42 44.928
4 43 51.728
4 44 15.328
4 45 9.068
4 46 31.066
4 47 6.167
4 48 88.199
4 49 81.879
5 6 63.75
5 7 89.493
5 8 53.116
5 9 84.338
5 10 97.496
5 11 1.459
5 12 48.711
5 13 24.857
5 14 75.188
5 15 52.453
5 16 46.789
5 17 5.778
5 18 48.453
5 19 59.321
5 20 87.714
5 21 43.354
5 22 70.684
5 23 1.999
5 24 73.269
5 25 87.477
5 26 81.575
5 27 7.818
5 28 93.511
5 29 72.394
5 30 15.377
5 31 82.862
5 32 69.274
5 33 54.29
5 34 86.499
5 35 21.385
5 36 96.952
5 37 51.199
5 38 7.946
5 39 3.043
5 40 62.803
5 41 46.123
5 42 88.238
5 43 69.335
5 44 98.369
5 45 33.021
5 46 31.476
5 47 34.919
5 48 34.893
5 49 26.075
6 7 16.44
6 8 8.323
6 9 70.769
6 10 14.082
6 11 17.333
6 12 91.647
6 13 75.35
6 14 62.728
6 15 45.01
6 16 84.237
6 17 8.165
6 18 66.903
6 19 12.34
6 20 45.69
6 21 91.878
6 22 77.729
6 23 77.071
6 24 47.426
6 25 15.556
6 26 34.209
6 27 51.876
6 28 51.171
6 29 74.605
6 30 1.104
6 31 46.235
6 32 45.538
6 33 6.439
6 34 53.665
6 35 79.495
6 36 52.07
6 37 33.192
6 38 9.785
6 39 42.442
6 40 95.276
6 41 11.873
6 42 93.917
6 43 4.359
6 44 35.686
6 45 37.128
6 46 14.971
6 47 58.802
6 48 68.081
6 49 78.914
7 8 31.9
7 9 68.396
7 10 15.772
7 11 60.399
7 12 38.237
7 13 79.749
7 14 20.047
7 15 79.075
7 16 83.598
7 17 93.262
7 18 97.568
7 19 67.696
7 20 52.691
7 21 60.467
7 22 56.541
7 23 80.701
7 24 55.938
7 25 76.531
7 26 91.86
7 27 95.605
7 28 99.536
7 29 18.179
7 30 83.653
7 31 76.479
7 32 33.427
7 33 29.014
7 34 91.555
7 35 47.699
7 36 62.81
7 37 8.107
7 38 48.926
7 39 25.674
7 40 45.58
7 41 35.997
7 42 97.212
7 43 61.252
7 44 64.632
7 45 73.777
7 46 51.956
7 47 26.423
7 48 65.542
7 49 19.622
8 9 58.294
8 10 17.188
8 11 66.832
8 12 98.612
8 13 33.794
8 14 60.516
8 15 75.722
8 16 56.834
8 17 4.645
8 18 37.524
8 19 10.416
8 20 70.918
8 21 82.908
8 22 95.199
8 23 30.602
8 24 91.911
8 25 77.993
8 26 32.285
8 27 1.059
8 28 0.499
8 29 50.626
8 30 24.606
8 31 3.82
8 32 8.072
8 33 36.891
8 34 46.989
8 35 90.795
8 36 72.964
8 37 12.304
8 38 10.808
8 39 18.627
8 40 87.043
8 41 18.918
8 42 29.435
8 43 3.396
8 44 36.931
8 45 13.545
8 46 60.972
8 47 36.846
8 48 36.707
8 49 86.222
9 10 89.21
9 11 29.496
9 12 72.564
9 13 58.23
9 14 42.723
9 15 93.948
9 16 17.265
9 17 87.528
9 18 72.842
9 19 47.984
9 20 50.827
9 21 8.055
9 22 95.81
9 23 22.685
9 24 90.855
9 25 8.52
9 26 66.841
9 27 85.629
9 28 74.285
9 29 62.539
9 30 77.32
9 31 73.539
9 32 98.791
9 33 23.578
9 34 34.119
9 35 48.556
9 36 81.535
9 37 45.945
9 38 68.751
9 39 86.749
9 40 63.401
9 41 59.075
9 42 33.304
9 43 82.744
9 44 59.492
9 45 57.435
9 46 10.423
9 47 25.015
9 48 54.807
9 49 92.699
10 11 57.498
10 12 21.143
10 13 62.779
10 14 87.069
10 15 52.512
10 16 35.962
10 17 62.091
10 18 43.281
10 19 64.982
10 20 31.376
10 21 25.308
10 22 0.088
10 23 34.795
10 24 0.033
10 25 20.398
10 26 74.525
10 27 6.901
10 28 72.172
10 29 15.233
10 30 73.013
10 31 89.659
10 32 64.44
10 33 86.75
10 34 75.058
10 35 38.683
10 36 37.845
10 37 97.433
10 38 86.464
10 39 4.394
10 40 32.056
10 41 13.682
10 42 49.064
10 43 17.31
10 44 17.195
10 45 54.385
10 46 88.496
10 47 80.011
10 48 94.513
10 49 63.924
11 12 10.046
11 13 8.201
11 14 4.387
11 15 41.169
11 16 20.389
11 17 61.022
11 18 10.783
11 19 97.134
11 20 90.912
11 21 26.573
11 22 43.933
11 23 61.209
11 24 86.597
11 25 91.993
11 26 75.235
11 27 29.355
11 28 60.917
11 29 94.505
11 30 57.226
11 31 35.285
11 32 78.55
11 33 29.541
11 34 65.451
11 35 21.423
11 36 34.439
11 37 94.039
11 38 11.465
11 39 82.754
11 40 99.602
11 41 26.194
11 42 23.619
11 43 59.108
11 44 73.744
11 45 39.386
11 46 98.847
11 47 46.069
11 48 4.595
11 49 19.918
12 13 43.528
12 14 59.575
12 15 7.621
12 16 27.568
12 17 69.285
12 18 13.738
12 19 56.001
12 20 89.317
12 21 53.464
12 22 25.092
12 23 31.666
12 24 24.975
12 25 78.215
12 26 40.075
12 27 95.451
12 28 28.377
12 29 72.488
12 30 56.324
12 31 65.95
12 32 55.89
12 33 77.196
12 34 82.78
12 35 90.731
12 36 10.557
12 37 21.461
12 38 75.466
12 39 21.141
12 40 64.837
12 41 42.605
12 42 32.305
12 43 80.873
12 44 51.695
12 45 66.895
12 46 10.788
12 47 77.76
12 48 90.322
12 49 10.927
13 14 53.545
13 15 39.635
13 16 69.246
13 17 57.238
13 18 43.501
13 19 53.83
13 20 65.221
13 21 21.403
13 22 64.541
13 23 26.487
13 24 91.826
13 25 46.005
13 26 34.516
13 27 93.857
13 28 47.214
13 29 69.415
13 30 56.5
13 31 34.539
13 32 73.286
13 33 73.32
13 34 7.71
13 35 62.105
13 36 96.42
13 37 90.971
13 38 80.21
13 39 66.846
13 40 58.856
13 41 6.56
13 42 80.371
13 43 86.757
13 44 3.069
13 45 86.917
13 46 25.213
13 47 46.872
13 48 91.682
13 49 24.064
14 15 27.51
14 16 38.97
14 17 74.626
14 18 84.261
14 19 85.987
14 20 64.574
14 21 75.933
14 22 14.65
14 23 35.397
14 24 51.594
14 25 50.116
14 26 57.325
14 27 74.163
14 28 25.323
14 29 9.124
14 30 63.048
14 31 47.668
14 32 56.73
14 33 50.875
14 34 65.974
14 35 78.112
14 36 13.629
14 37 55.305
14 38 93.439
14 39 20.529
14 40 25.607
14 41 75.983
14 42 83.92
14 43 94.062
14 44 53.279
14 45 18.163
14 46 57.146
14 47 90.792
14 48 24.879
14 49 67.681
15 16 93.632
15 17 13.961
15 18 93.06
15 19 65.987
15 20 98.24
15 21 23.504
15 22 25.999
15 23 27.141
15 24 82.669
15 25 77.123
15 26 65.8
15 27 81.601
15 28 35.554
15 29 94.158
15 30 57.534
15 31 14.087
15 32 42.884
15 33 66.217
15 34 55.104
15 35 2.53
15 36 29.547
15 37 9.296
15 38 44.342
15 39 13.924
15 40 32.66
15 41 96.424
15 42 74.256
15 43 35.019
15 44 67.998
15 45 87.462
15 46 65.821
15 47 42.059
15 48 97.623
15 49 50.701
16 17 70.3
16 18 78.11
16 19 69.529
16 20 9.849
16 21 10.64
16 22 39.432
16 23 98.557
16 24 20.295
16 25 49.464
16 26 34.049
16 27 33.0
16 28 33.279
16 29 0.429
16 30 83.253
16 31 95.284
16 32 89.651
16 33 87.635
16 34 92.029
16 35 6.492
16 36 21.064
16 37 82.437
16 38 50.888
16 39 30.326
16 40 28.764
16 41 69.736
16 42 15.842
16 43 17.803
16 44 47.026
16 45 41.557
16 46 83.415
16 47 61.806
16 48 59.416
16 49 16.805
17 18 60.36
17 19 19.299
17 20 16.771
17 21 25.824
17 22 29.525
17 23 16.531
17 24 57.52
17 25 85.833
17 26 69.053
17 27 6.05
17 28 34.245
17 29 3.177
17 30 33.632
17 31 24.868
17 32 72.317
17 33 67.301
17 34 12.854
17 35 48.912
17 36 4.279
17 37 47.868
17 38 2.387
17 39 49.631
17 40 73.93
17 41 33.59
17 42 2.724
17 43 34.841
17 44 52.103
17 45 5.405
17 46 90.527
17 47 9.529
17 48 0.189
17 49 61.316
18 19 94.836
18 20 73.436
18 21 9.887
18 22 27.865
18 23 95.105
18 24 75.964
18 25 54.545
18 26 91.253
18 27 9.441
18 28 90.063
18 29 17.691
18 30 57.129
18 31 36.407
18 32 99.398
18 33 40.865
18 34 47.831
18 35 32.978
18 36 45.944
18 37 10.269
18 38 49.137
18 39 89.125
18 40 15.657
18 41 23.219
18 42 24.113
18 43 25.125
18 44 61.439
18 45 48.963
18 46 51.495
18 47 45.702
18 48 77.448
18 49 97.912
19 20 53.314
19 21 86.222
19 22 42.57
19 23 42.434
19 24 51.069
19 25 53.952
19 26 50.349
19 27 31.789
19 28 13.002
19 29 21.93
19 30 44.631
19 31 51.589
19 32 62.537
19 33 72.372
19 34 96.89
19 35 20.983
19 36 87.373
19 37 99.091
19 38 43.395
19 39 99.581
19 40 40.019
19 41 72.762
19 42 73.555
19 43 96.721
19 44 61.875
19 45 23.309
19 46 2.611
19 47 64.033
19 48 1.047
19 49 18.321
20 21 10.318
20 22 99.131
20 23 31.472
20 24 35.17
20 25 79.277
20 26 2.963
20 27 81.378
20 28 94.312
20 29 4.052
20 30 88.63
20 31 44.426
20 32 16.702
20 33 70.365
20 34 89.152
20 35 92.924
20 36 21.659
20 37 35.692
20 38 59.464
20 39 38.754
20 40 85.47
20 41 40.652
20 42 94.464
20 43 4.167
20 44 18.274
20 45 79.127
20 46 0.159
20 47 58.907
20 48 85.357
20 49 73.82
21 22 2.255
21 23 84.522
21 24 49.051
21 25 83.118
21 26 96.562
21 27 97.93
21 28 29.589
21 29 27.171
21 30 5.82
21 31 50.723
21 32 60.201
21 33 4.641
21 34 51.559
21 35 29.743
21 36 83.381
21 37 70.43
21 38 49.823
21 39 44.474
21 40 2.814
21 41 62.116
21 42 71.875
21 43 53.729
21 44 71.249
21 45 91.486
21 46 69.151
21 47 15.892
21 48 58.888
21 49 79.996
22 23 78.525
22 24 90.945
22 25 50.12
22 26 93.275
22 27 30.777
22 28 84.866
22 29 32.534
22 30 36.93
22 31 1.529
22 32 12.096
22 33 14.813
22 34 73.271
22 35 48.07
22 36 10.557
22 37 17.959
22 38 96.34
22 39 11.022
22 40 52.202
22 41 73.985
22 42 46.546
22 43 78.945
22 44 26.153
22 45 0.482
22 46 32.666
22 47 45.22
22 48 94.129
22 49 90.237
23 24 54.081
23 25 91.253
23 26 31.27
23 27 13.518
23 28 61.158
23 29 18.496
23 30 82.008
23 31 37.059
23 32 94.239
23 33 46.751
23 34 18.815
23 35 82.346
23 36 90.68
23 37 35.346
23 38 91.139
23 39 76.211
23 40 61.033
23 41 15.828
23 42 74.25
23 43 70.415
23 44 45.596
23 45 34.116
23 46 95.133
23 47 42.782
23 48 98.002
23 49 69.226
24 25 79.131
24 26 54.55
24 27 21.735
24 28 38.065
24 29 39.136
24 30 57.659
24 31 41.816
24 32 96.701
24 33 75.835
24 34 45.336
24 35 73.022
24 36 37.153
24 37 1.534
24 38 97.018
24 39 88.507
24 40 60.266
24 41 46.952
24 42 94.895
24 43 65.614
24 44 99.146
24 45 8.643
24 46 25.599
24 47 44.149
24 48 52.427
24 49 32.426
25 26 53.029
25 27 47.198
25 28 9.52
25 29 84.344
25 30 60.632
25 31 52.995
25 32 58.065
25 33 81.091
25 34 28.948
25 35 43.184
25 36 9.007
25 37 22.828
25 38 28.743
25 39 59.983
25 40 76.069
25 41 61.655
25 42 90.421
25 43 94.209
25 44 23.027
25 45 16.118
25 46 67.26
25 47 19.066
25 48 25.307
25 49 76.59
26 27 76.458
26 28 39.023
26 29 81.285
26 30 6.86
26 31 86.733
26 32 49.398
26 33 50.961
26 34 92.045
26 35 59.085
26 36 25.778
26 37 98.995
26 38 67.942
26 39 43.572
26 40 45.738
26 41 97.38
26 42 85.836
26 43 40.41
26 44 92.412
26 45 49.845
26 46 92.026
26 47 7.965
26 48 58.996
26 49 40.218
27 28 25.032
27 29 76.028
27 30 75.661
27 31 48.031
27 32 54.783
27 33 86.783
27 34 10.874
27 35 72.532
27 36 87.534
27 37 30.559
27 38 17.687
27 39 55.969
27 40 83.15
27 41 78.271
27 42 10.43
27 43 23.436
27 44 34.129
27 45 50.912
27 46 51.438
27 47 22.766
27 48 41.686
27 49 12.109
28 29 22.638
28 30 82.33
28 31 0.998
28 32 38.05
28 33 56.515
28 34 41.217
28 35 82.285
28 36 98.16
28 37 12.948
28 38 81.785
28 39 83.833
28 40 30.017
28 41 53.148
28 42 41.182
28 43 56.191
28 44 8.042
28 45 14.333
28 46 60.321
28 47 40.492
28 48 98.163
28 49 45.691
29 30 74.059
29 31 28.431
29 32 33.647
29 33 24.37
29 34 87.439
29 35 41.769
29 36 44.535
29 37 88.42
29 38 58.413
29 39 42.21
29 40 5.694
29 41 33.662
29 42 81.915
29 43 98.135
29 44 8.703
29 45 89.034
29 46 67.885
29 47 46.011
29 48 16.331
29 49 10.617
30 31 79.714
30 32 69.202
30 33 23.591
30 34 90.551
30 35 10.521
30 36 20.806
30 37 67.629
30 38 57.372
30 39 68.759
30 40 0.268
30 41 94.011
30 42 97.272
30 43 10.084
30 44 26.714
30 45 38.176
30 46 78.556
30 47 84.257
30 48 75.635
30 49 53.472
31 32 68.226
31 33 56.891
31 34 22.19
31 35 45.594
31 36 51.294
31 37 67.695
31 38 75.73
31 39 32.624
31 40 35.116
31 41 35.862
31 42 74.528
31 43 7.5
31 44 5.829
31 45 33.992
31 46 40.14
31 47 97.92
31 48 5.335
31 49 45.055
32 33 51.971
32 34 35.799
32 35 75.129
32 36 87.266
32 37 41.671
32 38 3.584
32 39 16.564
32 40 61.134
32 41 75.113
32 42 98.504
32 43 40.469
32 44 52.279
32 45 76.66
32 46 18.072
32 47 74.361
32 48 62.904
32 49 9.835
33 34 3.443
33 35 15.192
33 36 22.552
33 37 97.582
33 38 73.884
33 39 88.559
33 40 13.993
33 41 81.209
33 42 64.835
33 43 86.34
33 44 6.762
33 45 48.795
33 46 29.64
33 47 8.12
33 48 80.58
33 49 55.285
34 35 67.64
34 36 60.742
34 37 27.621
34 38 24.108
34 39 81.988
34 40 7.511
34 41 78.678
34 42 31.957
34 43 76.365
34 44 13.569
34 45 43.182
34 46 16.464
34 47 26.84
34 48 83.037
34 49 66.193
35 36 8.337
35 37 22.474
35 38 75.292
35 39 93.296
35 40 18.159
35 41 96.188
35 42 51.257
35 43 83.06
35 44 58.082
35 45 59.221
35 46 54.528
35 47 18.088
35 48 5.792
35 49 40.268
36 37 41.239
36 38 77.293
36 39 8.596
36 40 25.831
36 41 20.172
36 42 6.331
36 43 61.526
36 44 4.079
36 45 89.511
36 46 46.306
36 47 7.41
36 48 37.996
36 49 48.03
37 38 27.516
37 39 21.596
37 40 9.484
37 41 17.319
37 42 3.802
37 43 24.966
37 44 24.707
37 45 76.175
37 46 81.706
37 47 40.234
37 48 80.793
37 49 75.618
38 39 77.767
38 40 14.525
38 41 71.904
38 42 64.864
38 43 24.692
38 44 76.976
38 45 74.274
38 46 74.045
38 47 74.765
38 48 89.983
38 49 86.007
39 40 59.937
39 41 26.183
39 42 76.86
39 43 0.758
39 44 82.724
39 45 13.661
39 46 4.807
39 47 85.812
39 48 59.074
39 49 54.244
40 41 91.296
40 42 6.349
40 43 34.221
40 44 4.574
40 45 60.166
40 46 53.728
40 47 43.742
40 48 73.6
40 49 22.8
41 42 61.067
41 43 90.437
41 44 56.756
41 45 79.239
41 46 1.494
41 47 31.809
41 48 95.637
41 49 55.833
42 43 91.995
42 44 21.034
42 45 91.212
42 46 74.415
42 47 57.285
42 48 10.202
42 49 59.841
43 44 42.479
43 45 4.512
43 46 61.573
43 47 23.178
43 48 48.76
43 49 34.581
44 45 26.351
44 46 21.568
44 47 5.686
44 48 37.336
44 49 37.55
45 46 78.705
45 47 35.283
45 48 30.245
45 49 30.928
46 47 66.604
46 48 86.523
46 49 18.058
47 48 98.665
47 49 4.162
48 49 5.604