49
1 27 93.798
26 46 54.442
36 48 1.294
41 9 76.002
20 44 65.718
48 41 57.954
28 37 22.494
1 37 27.112
17 32 80.63
13 19 62.443
38 14 39.341
9 13 71.84
14 44 47.237
0 47 93.657
15 43 95.41
35 9 0.029
32 38 84.21
33 26 12.269
30 27 30.491
12 22 31.734
47 34 16.556
4 48 29.531
9 23 72.007
34 21 37.572
45 2 84.989
25 32 41.395
1 29 74.994
8 2 53.798
7 10 93.357
4 28 54.828
7 6 37.23
10 37 30.805
41 5 44.93
22 31 50.254
48 3 61.492
5 18 57.68
24 48 39.087
8 28 11.27
16 34 32.696
36 13 30.197
30 19 99.073
12 43 80.054
16 36 30.368
25 33 20.5
26 32 86.066
34 18 84.808
39 44 56.155
14 19 46.644
43 39 74.12
13 36 64.323
47 6 18.603
17 25 61.694
14 28 34.802
16 23 36.894
33 39 58.192
9 12 44.768
38 22 54.7
48 21 6.988
10 46 98.548
5 4 95.887
3 47 57.601
39 21 36.302
1 2 53.866
8 9 60.304
44 13 20.898
33 46 47.607
48 12 29.05
18 37 45.933
38 40 84.92
36 39 15.673
33 20 36.392
2 25 79.223
33 43 45.761
31 44 63.236
15 38 13.954
9 7 28.914
5 16 28.154
14 34 39.755
32 11 46.531
36 40 50.749
36 45 38.226
35 35 26.234
30 40 42.751
34 17 30.867
37 43 94.197
41 10 83.906
5 44 94.556
23 24 30.766
11 22 7.961
3 44 95.469
2 32 44.332
5 10 65.384
25 13 53.415
36 14 2.044
4 30 90.194
14 2 4.592
7 28 96.008
1 12 97.047
7 38 8.652
18 24 82.272
19 8 74.166
19 42 47.485
2 15 52.124
36 24 66.601
41 38 58.217
7 15 89.822
0 48 50.139
41 42 77.805
15 32 37.172
10 38 77.173
36 17 74.923
20 14 50.697
25 4 22.235
27 37 46.258
45 10 43.933
11 21 73.263
45 30 40.538
26 45 94.123
1 36 39.903
9 39 54.417
29 0 46.35
20 35 21.953
2 39 36.336
7 19 16.624
17 13 66.946
7 12 22.289
46 26 62.124
12 29 12.072
32 14 9.642
13 31 18.431
6 16 28.52
16 35 69.756
5 34 16.922
32 34 1.992
2 34 7.886
6 45 3.869
20 5 95.768
43 48 6.182
28 47 13.717
18 31 89.453
2 18 11.183
29 46 10.744
12 20 32.73
23 40 77.413
1 5 10.843
15 24 68.393
26 25 73.807
5 36 20.227
28 48 33.376
14 48 4.401
4 18 31.243
3 7 67.331
4 31 98.402
9 46 20.337
13 13 22.341
26 44 39.719
20 48 89.626
1 24 76.119
27 43 15.545
8 34 2.549
31 43 2.444
11 46 44.895
22 8 93.695
48 22 30.75
20 21 0.472
48 30 28.464
11 43 89.301
44 13 2.353
27 18 40.136
30 31 34.689
20 1 47.917
24 33 19.462
47 48 75.392
2 11 17.946
34 10 88.088
45 14 36.109
1 18 50.756
7 24 32.642
28 42 71.361
10 30 10.058
41 31 74.841
22 45 64.742
33 42 87.539
34 38 76.677
44 19 99.47
24 28 83.678
39 40 70.696
47 47 78.385
18 42 9.491
20 40 26.139
34 33 96.919
5 19 69.782
24 37 55.079
7 48 35.094
12 25 23.404
12 37 67.505
14 43 36.686
38 13 85.196
7 37 57.053
22 24 59.571
24 31 85.443
10 42 36.039
19 17 91.342
23 30 15.833
29 18 21.192
6 39 28.31
28 29 7.436
6 15 28.945
17 12 34.386
33 29 28.716
44 47 88.833
13 24 28.688
11 29 45.517
34 35 7.01
38 12 74.399
29 42 63.077
33 36 14.119
38 18 81.228
21 38 68.068
11 25 7.708
27 44 18.91
40 15 89.865
22 10 77.284
21 45 59.435
19 45 15.62
41 29 71.699
38 19 64.545
7 44 64.888
29 35 2.369
45 35 99.706
25 23 39.928
33 45 88.232
48 9 5.631
46 41 7.596
18 40 84.987
23 27 0.267
32 36 16.723
14 31 97.412
32 37 16.977
0 8 88.34
22 33 35.813
34 28 20.031
35 47 8.018
43 19 69.541
8 16 19.583
27 42 75.614
3 6 62.154
1 16 78.146
11 42 70.496
12 28 74.027
18 19 17.436
27 32 11.779
19 24 43.941
2 40 39.066
42 1 53.533
2 5 54.051
14 17 12.488
21 8 70.911
31 28 45.76
32 31 94.375
4 8 17.527
4 4 56.556
0 2 11.261
4 13 19.866
21 35 82.929
46 46 93.62
17 47 68.982
11 37 45.992
6 23 50.538
9 32 22.005
34 48 93.242
21 9 17.305
4 14 74.943
7 33 62.288
40 4 0.967
12 26 86.356
34 46 73.498
28 1 29.772
38 25 74.663
19 21 34.783
2 16 83.017
37 30 74.943
48 39 28.992
11 13 42.661
5 6 37.171
23 11 10.842
46 44 63.313
0 18 97.478
43 9 48.629
19 19 38.693
13 46 4.016
28 11 63.462
42 47 25.117
44 43 5.251
21 25 96.86
4 43 91.82
17 27 98.086
6 38 97.089
17 15 48.361
33 48 95.181
6 41 54.537
12 45 57.742
25 3 98.414
13 3 55.56
7 35 79.679
27 48 69.824
1 14 45.138
44 6 79.761
26 22 87.912
18 26 17.179
6 27 37.316
1 25 77.264
33 17 72.151
19 32 5.19
30 20 5.422
1 33 13.668
1 8 28.572
21 47 40.69
36 18 73.414
5 39 31.877
10 10 94.034
45 37 79.099
4 33 65.804
10 18 47.243
29 45 95.515
4 48 91.828
2 35 65.994
43 18 8.187
9 9 33.479
8 8 10.546
13 26 37.271
6 40 92.29
29 9 0.815
3 3 67.234
37 44 50.964
40 45 23.245
19 37 28.817
3 24 56.532
5 14 16.705
9 0 19.554
15 3 1.954
7 25 38.9
21 26 37.978
25 31 80.67
30 12 3.554
41 18 79.793
1 15 33.547
45 28 65.808
19 0 34.425
5 42 58.131
12 39 18.52
39 16 90.835
19 25 14.86
12 33 80.496
6 22 97.493
19 10 41.126
18 8 1.953
2 19 11.098
22 23 51.624
0 34 16.004
23 44 17.797
25 34 17.152
28 43 54.818
36 23 68.97
8 48 93.69
12 34 33.205
11 41 82.717
14 39 72.09
17 48 38.742
37 0 25.886
11 30 54.939
11 10 69.059
11 14 73.146
7 16 54.792
20 47 78.761
28 27 55.336
45 23 20.063
40 19 74.373
17 37 78.814
39 23 92.121
19 1 67.974
43 42 18.885
47 5 85.847
2 4 89.655
16 11 91.543
39 47 63.379
45 16 72.678
48 18 30.662
15 16 55.115
41 4 50.695
40 0 14.767
32 44 36.486
46 43 5.869
32 32 95.757
33 35 8.105
1 48 69.192
12 24 38.739
35 4 56.399
40 41 41.834
10 20 21.77
29 47 20.138
32 21 99.762
12 32 94.469
28 38 51.805
7 14 6.522
19 27 86.132
33 40 67.727
14 12 94.114
29 30 34.288
8 44 10.807
42 9 38.727
13 40 22.224
20 39 81.147
48 5 66.242
23 12 56.514
35 3 14.694
35 42 61.783
32 48 9.222
46 20 58.335
15 33 5.158
44 0 28.25
23 29 30.731
21 46 59.043
9 28 59.318
6 26 14.204
41 19 14.386
30 32 0.344
36 43 75.747
3 36 55.914
13 1 90.849
15 20 59.411
31 48 55.347
37 33 89.477
40 35 23.703
11 12 78.942
23 5 37.415
19 48 22.138
22 40 95.506
45 38 71.003
27 20 99.428
6 43 22.008
2 41 88.83
24 11 91.107
29 39 80.019
7 32 73.076
26 2 53.291
45 48 17.937
7 29 26.882
23 8 26.371
7 37 18.877
37 47 4.273
27 29 75.919
37 20 64.787
31 17 21.571
37 29 24.61
33 13 75.921
48 21 80.251
42 48 31.579
29 8 84.819
5 27 74.835
23 44 44.446
39 42 64.556
11 18 63.091
15 5 35.133
37 21 20.965
21 22 78.553
31 40 78.523
14 14 42.58
27 46 73.759
20 42 47.853
30 30 18.329
10 27 48.059
2 28 32.817
41 43 83.427
8 5 72.5
17 40 70.263
9 11 41.759
27 34 50.868
15 30 90.519
46 17 29.034
27 45 5.542
9 34 64.577
3 26 16.653
4 45 51.773
44 22 71.635
8 31 52.632
12 6 8.601
12 8 38.039
19 16 85.515
22 3 38.938
22 47 8.585
23 31 46.08
26 28 56.744
26 16 48.506
32 33 47.392
37 48 29.942
0 20 33.986
3 20 90.295
10 44 70.302
12 35 56.214
23 47 19.757
46 45 29.795
7 11 34.848
32 4 81.823
43 2 65.291
24 25 81.844
36 46 19.309
2 37 10.16
44 18 4.207
15 25 4.366
22 22 20.032
11 38 92.765
13 43 81.356
39 24 7.452
33 19 6.79
22 37 10.299
26 42 85.498
39 8 41.113
35 0 70.703
46 18 89.148
15 18 83.704
47 11 99.235
27 15 77.546
20 26 22.733
37 5 87.943
7 47 18.896
8 40 12.712
38 17 89.052
42 38 21.765
13 45 30.075
19 20 47.401
42 46 13.997
42 45 26.663
9 38 26.249
15 23 44.954
17 29 30.084
5 35 62.728
14 23 94.456
36 2 51.734
40 28 24.019
24 46 20.818
36 29 10.191
0 21 24.924
9 17 45.46
13 27 42.22
21 43 53.85
15 37 31.051
38 48 56.579
15 34 8.522
48 11 76.873
33 44 83.795
34 3 44.38
32 42 98.917
1 45 83.906
7 43 87.056
18 33 90.864
28 20 5.483
1 6 99.84
45 11 46.783
0 27 77.449
6 14 33.774
33 6 88.239
31 21 47.081
7 30 6.093
16 25 72.777
30 46 67.8
11 30 88.325
3 12 63.037
7 13 72.639
13 28 5.308
23 48 0.662
10 13 24.521
8 25 20.103
6 37 24.464
4 41 91.259
17 22 2.477
20 1 39.103
24 47 86.119
40 48 33.016
40 46 69.841
3 46 75.87
4 20 62.616
1 10 71.338
35 39 17.946
5 43 51.925
32 10 58.458
24 38 89.814
35 41 21.137
22 35 5.919
11 35 66.924
14 27 36.435
29 21 55.016
6 42 43.933
11 0 2.96
26 10 57.185
20 7 64.136
6 29 68.271
24 21 45.946
17 24 75.07
41 22 27.592
7 40 75.917
36 41 89.959
23 46 56.177
4 47 89.906
45 31 7.057
22 10 98.864
23 38 13.815
30 13 15.167
40 18 93.857
34 36 94.025
44 28 38.855
6 24 59.095
42 2 67.159
43 30 91.789
29 38 25.292
31 35 79.364
14 41 0.634
12 31 22.343
17 38 84.86
28 36 46.245
28 46 60.037
45 18 55.496
38 38 6.915
23 0 94.111
43 25 21.257
5 32 19.941
16 34 35.284
7 27 66.278
45 47 69.229
9 45 70.713
8 10 44.948
4 19 9.858
11 27 44.942
11 33 49.351
2 48 87.112
19 33 98.635
25 36 12.865
41 47 91.209
42 8 92.714
14 15 95.995
2 3 40.285
26 47 93.668
24 45 5.311
46 25 72.417
9 27 26.886
17 8 87.897
46 32 19.621
20 25 65.325
26 48 34.545
0 46 19.649
38 1 52.508
14 46 12.093
12 15 85.612
3 33 38.09
1 26 52.445
17 20 88.212
18 3 45.464
20 22 40.534
8 7 68.694
9 42 54.363
26 31 51.269
39 32 71.293
9 5 7.633
9 37 33.512
7 18 92.167
20 18 89.614
28 12 69.866
9 31 21.831
17 42 4.71
18 30 10.73
19 6 44.077
25 26 73.67
39 4 66.017
22 25 59.295
11 39 35.04
16 0 70.968
30 9 64.898
3 32 80.233
16 30 59.235
7 17 73.133
25 6 47.905
32 18 40.776
17 23 2.712
23 21 0.675
44 9 11.239
42 31 63.111
1 31 25.357
44 29 25.471
31 11 17.248
16 31 29.287
4 22 68.35
16 17 2.423
20 23 87.012
8 13 84.46
1 30 70.013
12 46 1.789
14 35 75.761
24 16 65.404
27 27 31.143
35 18 37.982
20 24 19.315
24 20 9.635
32 47 20.698
41 23 92.062
5 38 64.747
25 41 22.497
47 27 90.685
17 39 70.348
47 14 79.308
37 4 46.569
10 29 81.656
36 31 23.993
10 29 6.012
27 3 8.554
14 16 67.659
32 6 22.321
9 18 71.094
20 32 68.388
38 44 26.542
42 7 59.548
46 15 8.916
28 21 23.455
38 46 66.528
7 21 56.24
6 38 61.136
36 26 6.846
18 47 3.031
2 24 4.406
0 14 75.483
16 20 92.161
14 13 66.074
46 47 3.852
32 0 58.643
46 7 25.571
39 33 2.789
11 36 41.984
8 14 91.72
22 30 58.835
43 34 81.146
0 39 89.914
23 37 86.274
4 21 13.25
32 29 35.91
21 13 77.842
39 39 81.295
39 46 50.766
16 16 26.512
19 9 65.011
19 47 49.873
19 22 78.026
9 26 59.804
11 44 36.537
22 34 92.702
25 14 77.385
47 16 79.575
32 1 1.347
42 24 78.44
17 47 62.173
4 6 4.077
16 43 62.088
30 36 76.541
14 42 32.567
8 11 17.158
40 3 93.779
0 43 92.43
29 14 20.151
2 30 10.305
29 24 21.665
28 0 51.997
28 41 7.779
3 30 25.829
27 12 59.759
22 29 88.807
18 13 7.475
7 5 27.587
37 39 84.829
42 15 78.358
36 38 50.786
24 24 62.607
5 13 67.985
11 11 50.196
16 27 36.104
10 12 81.401
41 41 96.975
28 30 41.849
3 14 1.282
10 6 59.03
35 15 93.763
18 6 51.415
3 42 94.165
35 32 81.184
30 25 64.537
3 21 14.636
0 22 40.155
4 9 38.858
16 42 95.392
7 39 82.979
0 31 18.805
20 36 89.176
7 4 26.14
17 3 53.745
10 48 2.921
29 34 72.001
5 22 8.233
29 40 54.067
39 13 59.967
36 25 45.129
44 30 75.01
16 32 19.567
20 20 77.806
16 33 24.259
25 35 32.66
17 35 62.92
3 27 4.686
4 44 12.739
43 24 2.676
44 45 37.297
24 34 43.139
17 0 69.239
14 0 61.349
15 19 77.775
4 34 30.665
18 28 48.005
35 1 76.53
22 43 2.006
8 39 16.275
9 6 79.57
43 32 14.844
18 35 33.23
10 40 83.61
0 36 15.687
3 28 32.055
10 36 31.025
21 5 92.095
19 34 86.275
48 48 79.896
5 26 36.87
47 8 11.047
19 45 85.764
13 42 39.309
43 10 67.138
47 25 37.148
47 43 84.905
39 10 45.405
2 7 5.488
23 32 32.177
9 16 84.29
20 29 83.073
13 47 42.719
45 17 29.043
29 31 15.523
16 18 47.037
2 31 60.54
27 36 19.089
6 20 7.913
31 27 37.854
18 39 11.446
9 14 3.754
12 36 98.9
4 23 38.652
27 35 51.265
9 3 24.12
44 41 17.795
43 31 20.152
18 14 7.918
33 2 41.106
1 41 76.077
19 36 26.939
21 15 55.399
5 24 78.491
38 35 42.2
48 13 24.011
21 1 23.861
15 31 12.835
37 35 15.653
26 30 89.141
42 30 80.592
10 16 80.552
12 13 83.473
14 26 6.456
46 24 22.936
37 41 16.117
1 3 99.771
4 10 84.004
36 8 29.959
6 46 80.717
40 30 70.707
17 4 33.06
6 31 61.209
21 30 11.523
29 23 38.983
7 23 19.766
11 6 35.903
20 2 60.856
26 19 77.067
37 8 93.03
27 22 23.354
47 2 13.604
40 37 74.43
44 48 78.51
9 33 41.299
1 47 1.718
14 33 29.445
5 28 7.657
38 26 23.291
30 8 20.854
34 41 93.788
5 12 69.17
3 37 43.132
11 40 15.491
41 13 57.281
41 17 70.589
3 8 95.014
9 35 20.57
18 21 64.218
39 41 99.921
1 5 75.093
16 29 8.82
35 43 82.952
41 45 20.24
1 22 49.21
5 45 29.502
26 23 39.615
45 7 92.988
0 37 29.242
48 29 95.718
32 6 23.819
12 0 35.566
12 4 4.767
12 44 8.885
29 25 50.067
25 10 16.512
37 38 53.297
2 21 89.963
31 33 14.377
2 38 4.676
10 23 41.621
25 27 43.211
42 34 95.025
42 42 70.275
6 6 50.802
8 27 55.294
36 47 83.148
20 13 5.721
21 44 17.294
14 24 88.824
5 41 88.754
17 10 55.387
32 40 81.245
25 39 45.965
46 48 94.228
15 48 49.384
3 5 61.591
0 5 67.995
1 44 53.033
9 1 57.351
10 14 77.728
34 40 47.833
5 17 94.032
28 45 62.492
18 18 53.579
21 33 1.043
1 1 7.661
25 48 20.812
15 36 57.767
3 43 2.147
15 22 11.896