50
0 18 90.48
18 4 4.05
4 48 70.78
48 40 72.00
40 3 58.54
3 30 45.12
30 20 84.88
20 25 3.97
25 47 25.74
47 5 26.35
5 0 50.03
0 6 85.69
6 43 32.05
43 24 57.96
24 11 42.19
11 40 15.30
40 35 93.94
35 13 86.64
13 32 28.54
32 41 80.44
41 21 28.74
21 26 16.91
26 37 17.34
37 32 2.53
32 12 84.14
12 29 91.37
29 44 18.94
44 6 53.22
6 26 74.60
26 16 85.12
16 39 78.30
39 12 46.83
12 25 11.79
25 3 95.40
3 12 81.88
12 4 14.54
4 1 70.52
1 0 40.13
0 48 78.54
48 45 84.47
45 29 20.12
29 33 86.72
33 37 4.07
37 46 95.18
46 43 71.97
43 41 80.52
41 38 24.08
38 19 0.70
19 4 14.57
4 46 50.84
46 10 96.14
10 42 82.46
42 22 6.99
22 48 93.93
48 3 21.71
3 18 66.23
18 12 96.68
12 22 80.41
22 20 48.91
20 10 70.55
10 29 71.80
29 38 11.79
38 22 97.16
22 2 16.07
2 38 81.38
38 20 63.14
20 33 93.35
33 42 7.88
42 12 76.47
12 36 81.98
36 20 31.15
20 42 80.75
42 15 41.40
15 8 21.53
8 29 78.60
29 42 20.06
42 32 25.06
32 17 50.14
17 35 50.95
35 25 68.63
25 46 95.61
46 15 90.34
15 12 2.80
12 13 14.72
13 5 33.63
5 38 97.46
38 13 54.65
13 17 20.01
17 43 54.62
43 49 52.68
49 34 89.53
34 2 37.79
2 24 60.06
24 5 13.69
5 14 98.07
14 2 11.87
2 35 38.06
35 28 8.98
28 32 64.43
32 49 68.67
49 8 23.17
8 18 89.73
18 5 2.84
5 36 68.37
36 26 55.17
26 15 98.24
15 29 43.52
29 32 96.74
32 10 67.68
10 18 20.18
18 27 98.87
27 31 34.75
31 25 21.97
25 6 72.93
6 9 70.89
9 44 83.73
44 28 4.77
28 40 31.21
40 21 38.84
21 35 78.18
35 12 39.12
12 34 75.70
34 3 13.12
3 0 66.82
0 4 86.32
4 26 45.28
26 9 50.40
9 37 48.82
37 7 60.26
7 39 7.68
39 34 20.49
34 46 69.76
46 47 21.71
47 7 26.50
7 0 63.22
0 23 68.21