50
0 49 54.199
0 18 79.19
0 41 46.606
0 12 52.88
0 23 61.763
0 2 57.955
0 1 41.396
0 38 21.595
0 36 88.198
1 49 64.458
1 4 6.386
1 10 1.109
1 39 8.709
1 48 60.503
2 10 52.722
2 38 48.53
2 6 5.492
2 1 63.307
2 29 4.854
2 25 7.349
2 11 35.897
2 7 53.961
2 4 95.711
2 18 53.38
3 19 19.136
3 10 99.173
3 22 79.555
3 18 73.502
3 38 68.175
3 1 71.844
3 25 0.143
3 41 72.908
3 24 57.317
3 0 4.751
3 8 76.823
3 2 69.799
3 49 44.997
3 36 36.561
3 5 62.461
3 43 80.003
3 34 16.582
3 37 44.549
3 12 96.261
4 33 33.385
4 26 13.33
4 3 37.179
4 0 31.801
4 36 49.483
5 49 71.792
5 39 13.814
5 41 12.138
5 29 82.866
5 38 33.621
5 20 42.522
5 36 98.981
5 33 84.289
5 40 87.412
5 12 32.797
5 23 2.774
6 5 51.983
6 36 11.619
6 3 79.242
6 7 8.713
6 1 78.412
6 43 92.082
6 31 79.553
6 45 98.249
6 20 7.265
6 19 72.844
6 21 74.041
6 0 27.995
6 23 69.482
6 16 9.005
6 4 40.213
6 39 17.323
7 3 72.317
7 5 76.735
7 49 94.077
7 41 19.224
7 36 96.703
7 18 30.078
7 31 90.914
7 34 85.024
7 21 94.185
7 48 88.417
7 16 68.713
7 1 87.186
8 36 58.294
8 44 30.187
8 25 78.178
8 0 38.402
8 49 38.143
8 1 31.14
8 34 3.092
8 40 82.027
8 18 23.391
8 28 75.846
8 38 51.209
8 45 10.772
8 5 91.9
8 26 15.879
8 24 94.586
9 31 50.693
9 4 76.809
9 1 65.175
9 8 10.292
9 29 94.524
9 28 10.809
9 40 28.815
9 38 97.884
9 6 66.366
9 12 9.377
9 27 96.556
9 19 42.505
9 0 29.067
9 5 37.863
9 3 12.374
9 2 4.08
9 43 90.047
9 36 8.979
9 23 97.834
9 39 86.407
9 25 80.95
9 11 92.986
9 45 28.92
9 7 1.227
9 18 14.496
9 37 27.787
9 22 70.23
10 47 62.105
10 19 29.189
10 28 79.377
10 45 14.259
10 37 71.964
10 41 88.484
10 25 17.028
10 7 93.422
10 39 21.683
10 9 88.415
10 8 95.763
10 6 21.912
10 16 60.39
10 43 11.523
10 34 10.626
11 31 74.753
11 29 9.894
11 45 29.315
11 12 16.831
11 7 29.066
11 1 50.252
11 16 47.858
11 20 4.84
11 3 49.256
11 44 95.209
13 1 8.828
13 3 53.737
13 6 48.888
13 43 96.237
13 22 82.907
13 16 4.843
13 21 4.812
13 0 90.787
13 33 28.682
13 41 13.015
13 2 3.061
13 38 88.071
13 18 17.517
13 10 32.103
13 12 3.786
13 34 24.453
13 39 63.626
13 47 37.576
13 4 44.523
13 5 41.686
13 19 84.581
13 11 29.585
13 45 51.576
13 37 24.822
13 8 78.252
13 26 42.822
13 9 51.784
13 49 56.686
13 7 21.859
14 40 48.174
14 7 74.846
14 23 95.337
14 10 73.759
14 4 40.374
14 8 64.53
14 44 60.383
14 19 38.574
14 36 93.973
14 35 60.184
14 3 6.56
14 0 80.363
14 1 49.512
14 38 61.781
14 30 32.704
14 11 65.437
14 6 22.334
14 49 3.893
14 12 68.557
14 13 71.726
14 9 26.678
14 2 92.129
14 31 47.363
14 18 11.118
15 16 58.375
15 2 76.596
15 24 32.614
15 1 12.377
15 41 27.394
15 11 77.57
15 49 91.52
15 48 50.994
15 29 63.608
15 45 94.88
15 5 23.075
15 6 62.347
15 13 36.506
15 36 69.65
15 14 5.08
15 12 54.318
15 3 42.915
15 19 43.07
15 0 36.925
15 10 58.594
15 8 12.398
15 40 68.696
15 9 3.221
15 4 81.029
15 7 59.549
16 9 16.178
16 14 38.56
16 49 78.195
16 5 52.555
16 3 2.892
16 39 47.419
17 46 93.633
17 5 66.993
17 41 8.477
17 4 72.334
17 18 62.054
17 48 53.312
17 33 0.668
17 23 84.668
17 15 15.41
17 35 39.328
17 13 20.314
17 0 92.202
17 47 4.482
17 11 96.709
17 7 80.582
17 14 70.692
17 3 46.605
17 10 68.102
17 31 26.356
17 49 55.664
17 19 29.898
17 9 43.481
17 6 54.804
17 8 70.287
17 2 49.092
17 1 41.402
17 43 39.398
17 38 96.054
17 40 8.545
17 16 45.6
18 12 98.334
18 6 22.903
18 43 76.385
18 5 81.889
18 38 41.302
18 4 1.092
19 4 97.656
19 22 7.692
19 11 95.312
19 46 84.999
19 12 4.23
19 28 36.399
19 18 55.503
20 3 71.416
20 1 78.947
20 31 96.382
20 49 33.63
20 15 80.722
20 10 98.195
20 44 77.026
20 2 28.495
20 16 30.749
20 47 31.529
20 0 52.665
20 28 84.528
20 17 58.313
20 9 44.249
20 19 83.032
20 7 49.675
20 43 27.903
20 8 99.92
20 36 10.394
20 14 9.198
20 39 4.1
20 4 31.355
21 33 43.633
21 5 55.507
21 28 72.049
21 11 49.846
21 2 43.751
21 25 26.819
21 0 34.585
21 26 90.326
21 4 53.751
21 1 81.541
21 29 49.612
21 14 35.324
21 47 91.969
21 23 35.321
21 43 13.256
21 40 46.933
21 34 71.09
21 9 30.023
21 30 17.74
21 20 74.047
21 17 17.8
21 36 25.774
21 10 89.177
21 8 79.908
21 48 2.109
21 3 93.079
21 19 48.574
21 49 19.74
21 18 32.446
21 38 86.411
21 41 46.044
21 15 75.026
21 12 14.191
22 38 18.713
22 0 13.868
22 15 38.132
22 10 77.483
22 1 80.566
22 2 2.352
22 18 27.811
22 36 82.392
22 23 38.133
22 7 4.769
22 17 9.976
22 5 8.336
22 24 0.394
22 6 35.271
22 14 31.198
22 12 13.997
22 4 88.288
22 21 90.741
22 16 12.954
22 11 72.439
23 13 30.694
23 11 2.676
23 8 18.014
23 3 45.656
23 7 83.852
23 36 10.096
23 20 28.248
23 18 18.463
23 1 40.628
23 25 18.01
23 15 14.355
23 31 97.348
23 2 29.301
23 33 0.545
23 47 25.393
23 10 69.323
23 16 81.814
24 19 85.919
24 17 95.715
24 4 67.607
24 23 99.699
24 41 18.603
24 2 56.576
24 12 42.383
24 9 55.883
24 7 93.032
24 16 91.777
24 28 2.294
24 44 83.357
24 14 82.614
24 48 31.288
24 10 23.422
24 21 4.749
24 34 64.09
24 29 86.283
24 13 87.108
24 38 46.12
24 1 94.578
24 6 50.117
24 33 61.652
24 18 27.62
24 36 97.071
24 27 11.082
24 20 90.761
24 11 2.979
24 40 45.293
24 26 79.251
25 11 40.069
25 24 6.642
25 15 91.75
25 41 19.041
25 13 92.706
25 45 2.323
25 6 19.372
25 35 28.269
25 14 29.387
25 17 69.166
25 19 26.123
25 12 46.843
25 40 64.409
25 37 2.499
25 49 84.943
25 4 35.797
25 29 69.684
25 20 90.043
25 31 86.381
26 48 1.069
26 27 44.407
26 6 18.978
26 9 52.776
26 43 97.526
26 10 65.926
26 7 37.302
26 49 64.632
26 19 17.301
26 23 52.164
26 29 36.777
26 5 94.635
26 11 50.864
26 20 15.857
26 3 47.049
26 17 58.572
26 15 48.95
26 14 14.207
26 1 97.772
26 25 94.267
26 0 29.796
26 45 49.949
26 2 20.05
27 6 56.369
27 14 63.783
27 10 28.223
27 48 52.289
27 2 26.16
27 21 77.565
27 13 5.171
27 0 99.492
27 17 69.779
27 18 39.293
27 34 77.719
27 8 8.998
27 31 97.097
27 43 6.202
27 3 73.659
27 39 57.817
27 41 63.783
27 1 3.455
27 28 79.124
27 5 13.596
27 45 39.299
27 33 43.758
27 20 45.109
27 15 37.439
27 16 79.201
27 4 49.001
27 12 61.274
27 36 98.776
27 7 38.816
27 47 27.543
27 22 5.929
27 38 35.704
27 11 37.696
27 49 41.95
28 22 95.782
28 12 34.008
28 6 12.354
28 17 35.742
28 7 18.944
28 38 33.752
28 3 11.421
28 25 85.214
28 15 45.591
28 32 81.062
28 36 39.179
28 14 16.43
28 2 12.129
28 5 72.907
28 4 77.137
28 48 51.699
28 0 30.837
28 13 9.435
29 3 81.844
29 13 73.458
29 35 16.288
29 19 10.415
29 17 29.407
29 0 59.873
29 38 20.97
29 10 53.935
29 8 51.68
29 6 51.128
29 7 99.874
29 27 0.81
29 34 78.48
29 14 56.505
29 16 69.057
29 12 30.561
29 30 82.103
29 43 82.349
30 41 58.25
30 8 99.513
30 9 85.009
30 49 55.025
30 27 62.671
30 26 65.112
30 15 40.348
30 33 99.08
30 34 98.634
30 5 19.853
30 3 0.275
30 17 33.734
30 18 32.363
30 25 16.911
30 11 80.125
30 6 45.575
30 4 15.888
30 46 54.046
30 13 16.806
30 0 67.005
30 28 96.813
30 43 27.675
30 1 90.825
30 37 92.822
30 22 53.564
30 7 52.355
30 24 73.037
30 10 91.027
30 45 32.747
30 2 48.13
30 12 49.25
30 16 0.71
31 8 36.055
31 26 95.436
31 13 97.139
31 19 72.067
31 15 51.203
31 24 30.626
31 3 24.637
31 30 97.483
31 18 4.651
31 10 46.475
31 12 5.858
31 21 26.815
31 2 95.961
31 1 90.324
32 44 26.569
32 36 62.85
32 13 41.488
32 27 54.984
32 33 84.368
32 38 4.443
32 48 27.428
32 7 56.319
32 22 36.036
32 30 93.993
32 17 12.633
32 31 89.557
32 16 98.954
32 24 72.54
32 12 46.314
32 43 38.549
32 11 66.915
32 3 44.215
32 15 85.916
32 4 39.773
32 1 51.028
32 23 63.642
32 9 64.677
32 6 60.629
32 29 44.228
32 2 83.199
32 0 79.764
32 20 47.014
32 5 51.342
32 14 52.65
32 8 31.144
32 25 80.604
32 10 80.792
32 34 17.237
32 26 78.361
32 41 87.775
32 19 74.638
32 40 77.696
32 18 20.096
32 21 11.019
33 44 36.453
33 16 85.029
33 41 84.988
33 36 55.834
33 18 29.732
33 22 98.881
33 48 55.919
33 1 26.735
33 9 59.944
33 29 88.088
33 37 38.431
33 12 33.68
33 0 74.412
33 26 79.367
33 28 11.856
33 6 58.012
33 2 80.617
33 7 21.485
33 15 75.667
33 19 88.704
33 10 5.321
33 14 99.221
33 3 33.726
33 43 57.509
33 47 75.335
33 8 35.042
33 38 20.047
33 25 74.572
33 20 97.012
34 23 53.094
34 11 44.332
34 6 91.683
34 47 97.97
34 42 34.764
34 2 22.86
34 14 77.68
34 38 71.216
34 25 22.873
34 16 42.545
34 17 19.535
34 9 11.075
34 36 77.997
34 31 49.506
34 28 79.492
34 20 68.544
34 26 39.412
34 12 76.604
35 47 13.632
35 36 69.461
35 45 91.278
35 15 85.279
35 2 89.03
35 12 68.473
35 7 69.923
35 16 26.577
35 31 21.712
35 30 13.212
35 20 49.037
35 0 81.504
35 27 9.657
35 6 77.242
35 24 12.1
35 37 71.48
35 34 80.111
35 32 0.885
35 22 30.136
35 18 47.411
35 23 19.807
35 48 9.434
35 9 64.446
35 43 74.836
35 13 2.671
35 33 54.671
35 26 92.322
35 10 15.643
35 3 60.434
35 5 27.159
36 47 4.225
36 25 28.752
37 34 72.783
37 0 62.416
37 29 21.077
37 17 64.762
37 49 90.192
37 31 12.648
37 27 70.997
37 2 88.746
37 12 70.07
37 23 15.029
37 43 26.658
37 26 83.789
37 38 27.252
37 32 96.31
37 45 67.964
37 7 64.859
37 5 34.95
37 16 2.467
37 19 88.797
37 11 78.901
37 4 11.656
37 44 35.841
37 18 65.759
37 21 59.268
37 15 51.407
37 24 18.512
37 28 44.003
37 6 70.696
37 14 83.59
38 15 2.645
38 35 49.435
38 7 73.186
39 48 93.092
39 14 51.467
39 25 38.431
39 38 94.314
39 28 0.948
39 41 2.572
39 8 73.524
39 24 45.553
39 22 34.079
39 15 26.951
39 18 81.716
39 26 35.3
39 2 41.915
39 11 82.456
39 45 68.053
39 12 9.239
39 4 42.443
39 31 74.393
39 32 2.312
39 17 27.006
39 33 39.389
39 49 69.757
39 30 17.588
39 36 5.405
39 34 49.944
39 21 50.556
39 43 3.282
39 3 47.798
39 35 74.506
39 0 35.907
39 37 37.459
39 23 49.244
39 29 55.906
39 7 18.141
40 34 55.78
40 11 58.706
40 18 11.659
40 35 49.537
40 39 78.63
40 31 73.486
40 20 80.961
40 26 14.739
40 33 86.775
40 47 53.213
40 12 92.782
40 22 52.63
40 2 90.759
40 38 28.229
40 13 87.993
40 45 67.566
40 30 68.902
40 41 6.752
40 43 4.703
40 36 59.196
40 10 6.549
40 4 59.03
40 0 35.926
40 23 46.996
40 3 5.076
40 27 4.535
40 19 82.526
40 29 97.879
41 6 10.317
41 38 29.977
41 20 47.831
41 43 90.581
41 37 25.768
41 45 58.173
41 29 44.432
41 1 72.513
41 9 53.44
41 31 54.599
41 23 87.638
41 16 43.104
41 28 97.91
41 35 98.147
41 11 13.906
42 41 93.422
42 13 70.997
42 22 31.018
42 48 60.479
42 23 46.567
42 40 55.795
42 49 59.965
42 43 26.471
42 39 17.648
42 10 76.843
42 19 7.334
42 35 46.126
42 18 76.177
42 14 70.588
42 5 30.127
42 17 59.265
42 8 35.187
42 29 18.979
42 0 39.117
42 16 3.57
42 33 24.126
42 20 58.615
42 36 69.529
42 1 86.678
42 21 86.66
42 37 76.691
42 24 37.756
42 28 45.713
42 11 26.875
42 3 42.16
42 12 49.147
42 7 77.654
42 38 71.545
42 30 91.068
42 9 21.949
42 27 12.545
42 25 10.751
42 2 47.772
42 6 40.79
42 15 47.173
42 26 60.355
42 4 3.406
42 32 11.827
43 23 4.636
43 12 76.503
43 48 28.67
43 38 36.332
43 19 6.526
43 4 6.85
43 8 21.721
44 38 78.164
44 34 34.867
44 42 81.883
44 35 71.495
44 28 89.006
44 25 79.856
44 6 61.974
44 19 18.453
44 9 1.865
44 17 49.641
44 41 45.252
44 40 46.528
44 1 59.185
44 2 34.831
44 21 47.388
44 10 21.716
44 3 32.871
44 18 13.477
44 13 37.698
44 0 98.197
44 39 39.271
44 36 18.64
44 43 62.026
44 27 81.757
44 15 32.838
45 7 4.456
45 22 63.711
45 20 42.002
45 21 79.638
45 16 67.429
45 33 25.683
45 23 55.047
45 14 0.025
45 42 14.335
45 32 36.569
45 18 54.532
45 17 90.258
45 3 74.0
45 31 5.206
45 48 86.246
46 3 10.632
46 24 21.277
46 20 13.49
46 18 87.364
46 42 49.97
46 1 57.482
46 43 36.847
46 34 31.53
46 36 88.963
46 35 51.733
46 33 43.447
46 37 51.026
46 25 96.036
46 0 18.577
46 13 61.495
46 31 84.562
46 38 69.246
46 40 0.034
46 2 52.508
46 26 69.259
46 45 11.177
46 15 17.517
46 39 59.748
46 44 31.883
46 21 74.447
46 6 15.089
46 10 46.736
46 7 65.467
46 9 12.994
46 4 4.99
46 8 59.95
46 12 19.261
46 11 6.563
46 32 34.191
46 49 1.287
46 14 48.988
46 28 91.385
46 29 72.958
46 23 21.152
46 27 86.203
46 16 37.58
46 41 82.865
46 5 64.941
47 6 45.234
47 31 51.919
47 37 67.929
47 24 74.535
47 3 67.103
47 9 83.52
47 8 29.044
47 25 47.33
47 14 33.27
47 46 44.626
47 19 40.478
47 30 36.4
47 28 73.049
47 43 37.18
47 32 34.388
47 45 17.346
47 18 29.062
47 39 64.357
47 15 6.63
47 0 7.568
47 2 5.452
48 11 46.162
48 14 69.146
48 40 56.217
48 8 20.119
48 29 93.928
48 4 57.038
48 36 24.129
48 37 99.688
48 2 51.183
48 9 38.186
48 0 28.245
48 22 13.742
48 23 77.14
48 16 75.291
48 46 8.655
48 34 3.675
48 49 33.565
48 20 95.121
48 10 64.761
48 3 17.42
49 6 3.563
49 40 27.653
49 24 41.116
49 11 55.011
49 35 71.997
49 10 12.162
49 9 84.965
49 4 21.312
49 38 12.962
49 47 6.988
49 2 55.085
49 33 51.656
49 43 45.262
49 45 4.396
49 19 78.66
49 28 71.891
49 32 75.382
49 29 25.923
