50
0 5 8
0 6 22
0 8 40
0 9 77
0 10 96
0 11 73
0 13 37
0 14 57
0 15 16
0 16 60
0 19 89
0 22 39
0 24 90
0 29 52
0 32 35
0 37 65
0 48 70
1 5 64
1 6 57
1 11 11
1 20 77
1 33 6
1 39 56
2 5 95
2 6 42
2 7 78
2 8 33
2 13 4
2 14 12
2 30 30
2 36 87
2 40 74
3 5 76
3 6 3
3 7 98
3 9 87
3 13 35
3 16 74
3 17 6
3 25 98
3 35 97
3 38 23
3 39 61
3 40 67
3 44 84
4 5 57
4 7 36
4 45 24
5 6 75
5 7 56
5 8 82
5 9 63
5 10 12
5 11 61
5 14 45
5 15 53
5 18 43
5 20 42
5 21 86
5 23 14
5 31 21
5 35 43
5 36 53
5 38 89
5 43 64
5 46 37
5 49 85
6 7 52
6 8 98
6 9 71
6 10 5
6 12 59
6 16 12
6 17 41
6 19 33
6 20 42
6 21 15
6 23 99
6 24 52
6 26 66
6 28 1
6 31 85
6 42 70
6 44 60
7 8 53
7 9 7
7 10 25
7 12 67
7 22 47
7 25 80
7 26 97
7 28 64
7 30 81
7 35 57
7 36 98
7 37 7
7 38 27
8 12 35
8 14 71
8 15 17
8 18 37
8 21 57
8 27 90
8 29 63
8 38 16
8 45 4
8 46 81
8 47 78
9 10 31
9 11 91
9 12 21
9 14 40
9 17 71
9 18 2
9 19 71
9 22 53
9 23 12
9 25 29
9 27 15
9 28 60
9 31 16
9 33 83
9 43 20
10 11 64
10 12 92
10 19 38
10 20 66
10 21 91
10 44 35
11 13 54
11 15 62
11 17 61
11 26 32
11 43 59
11 47 71
12 13 19
12 16 50
12 17 25
12 18 77
12 21 66
12 22 96
12 29 18
12 32 9
12 34 36
12 37 99
12 42 54
13 20 44
13 26 65
13 31 35
13 49 1
14 15 37
14 16 93
14 18 39
14 23 76
14 27 75
14 35 85
14 38 63
14 40 20
14 42 58
15 24 69
15 27 62
15 28 45
15 32 43
15 46 71
15 49 98
16 19 70
16 24 49
16 28 59
16 44 42
16 45 25
17 39 90
17 42 31
17 47 74
18 22 50
18 27 30
18 30 53
18 33 6
18 43 41
18 47 96
18 48 61
19 23 91
19 34 49
19 39 50
19 43 85
19 44 84
19 48 20
21 24 64
21 25 5
21 30 17
21 33 65
22 47 76
23 25 43
23 26 13
23 30 57
23 41 13
23 48 68
24 33 59
24 34 2
25 29 93
25 31 19
25 32 53
25 39 84
26 29 20
26 34 10
26 37 61
29 32 34
29 34 44
30 37 80
30 46 89
31 41 51
32 36 84
32 46 11
32 49 43
33 41 87
33 45 69
33 49 49
34 35 41
34 36 81
34 40 92
34 41 98
36 40 63
36 45 70
38 41 5
41 42 80
47 48 9