46
0 1 10.5
0 2 0.3
0 3 10.4
1 4 10.2
2 3 2.3
3 5 1.3
3 8 30.0
4 9 0.1
4 2 10.2
5 1 0.3
5 6 5.0
5 9 35.0
10 7 5.0
10 1 10.5
10 2 0.3
11 4 10.2
12 3 2.3
13 5 1.3
13 8 30.0
14 9 0.1
15 0 5.0
15 9 5.0
16 0 10.0
20 1 80.2
20 17 5.0
20 18 10.5
20 19 0.3
21 4 10.2
22 3 2.3
23 25 1.3
23 8 30.0
24 9 0.1
25 6 5.0
25 9 5.0
26 0 20.1
27 26 60.4
30 28 5.0
30 29 10.5
30 2 0.3
31 4 10.2
32 3 2.3
33 38 1.3
33 37 30.0
33 1 1.0
34 9 0.1
35 36 5.0
35 29 5.0
39 0 10.0
40 7 5.0
40 1 10.5
40 2 3.3
41 4 2.1
42 23 52.3
43 5 1.3
43 3 30.0
44 1 10.1
45 1 25.0
45 9 25.0