50
0 24 87.663
0 42 52.443
0 21 88.842
0 18 39.259
0 35 33.201
1 46 74.235
2 33 21.001
2 27 50.399
2 34 77.902
3 8 25.76
3 47 2.524
3 31 90.691
3 7 89.779
3 41 55.069
4 47 40.291
4 31 57.58
4 15 96.76
5 10 63.789
5 45 20.751
6 28 0.637
6 17 14.039
6 22 84.308
6 34 90.669
7 13 13.553
7 19 95.613
7 22 91.805
8 28 22.633
8 30 2.489
8 41 78.706
9 21 20.763
10 34 81.565
10 24 25.911
10 27 79.15
11 47 80.465
11 32 6.315
11 44 46.758
11 46 65.131
11 22 48.338
12 19 83.907
12 32 82.286
12 43 28.947
12 36 87.528
12 39 17.862
12 45 22.817
12 37 2.776
13 41 1.296
13 29 44.432
13 49 80.737
13 18 93.112
13 43 99.98
14 48 98.16
14 39 43.725
15 25 74.108
15 41 6.258
15 16 15.297
15 49 15.27
15 48 30.27
15 45 59.661
16 42 1.414
16 30 71.245
16 25 80.414
16 45 98.527
17 47 72.799
17 18 40.087
18 46 2.613
18 19 11.901
18 45 17.674
18 23 93.289
18 37 63.429
20 46 39.332
20 43 47.147
21 39 80.758
21 34 69.514
21 22 11.703
22 24 51.06
23 45 10.514
23 40 86.596
24 36 20.455
24 31 30.581
24 40 2.644
24 47 93.173
25 33 56.058
25 41 47.903
25 28 23.039
26 46 59.747
27 38 36.69
27 36 7.393
28 40 95.467
28 47 46.178
28 29 95.768
29 44 84.844
29 40 99.546
29 37 37.264
30 46 29.592
30 33 86.129
30 37 75.271
30 44 49.268
31 34 35.148
31 43 91.351
31 37 97.395
33 49 94.312
33 37 87.248
35 46 35.985
35 47 10.19
35 49 76.915
36 49 26.849
37 44 25.582
37 42 78.682
38 47 79.442
39 40 24.185
39 43 75.245
42 49 97.644
44 46 98.871
46 47 65.597