50
0 1 31.75
0 29 38.97
0 25 29.67
1 2 58.59
1 24 1.05
2 3 52.37
2 21 15.68
2 44 20.03
2 46 73.14
3 4 21.25
3 30 16.45
3 9 77.51
3 11 15.62
3 36 9.79
4 5 26.48
4 35 33.76
4 12 80.1
4 42 23.93
5 6 89.66
5 38 83.06
5 8 76.74
5 13 24.36
6 7 3.95
6 49 76.18
6 28 79.08
6 35 2.16
7 8 11.92
7 37 67.85
8 9 20.62
8 47 90.03
9 10 47.13
9 27 56.85
9 36 14.38
9 23 77.14
9 28 4.95
9 18 86.93
10 11 69.71
10 43 74.95
10 27 56.26
11 12 26.03
11 17 66.94
12 13 40.41
12 20 78.05
13 14 83.6
13 23 74.93
13 34 62.03
14 15 57.62
14 34 63.28
15 16 37.06
15 27 98.73
16 17 50.42
16 45 5.36
17 18 57.41
17 33 34.51
18 19 21.56
18 30 63.74
19 20 48.07
20 21 85.65
20 48 85.09
21 22 4.75
21 32 17.22
21 23 37.66
22 23 47.06
22 34 99.03
23 24 60.35
23 44 0.2
23 31 38.63
23 39 71.32
23 48 34.22
24 25 97.61
24 35 68.91
25 26 57.22
25 33 91.15
25 27 7.85
25 35 27.36
26 27 39.08
27 28 70.01
27 40 70.65
27 29 36.18
28 29 9.73
28 39 0.65
28 36 36.35
29 30 39.76
29 38 54.34
30 31 99.92
30 37 34.44
31 32 78.88
31 49 51.46
32 33 55.88
33 34 56.73
33 42 28.59
34 35 30.04
35 36 60.89
36 37 44.62
36 46 99.25
37 38 39.8
38 39 90.92
39 40 16.24
40 41 87.41
40 43 88.26
40 44 83.05
41 42 86.12
42 43 10.88
43 44 23.45
44 45 47.43
45 46 2.68
46 47 5.44
47 48 92.39
48 49 96.84