49
0 11 25.329
0 11 30.569
0 11 50.912
0 11 79.032
0 13 33.306
0 13 34.855
0 14 43.465
0 14 94.155
0 18 77.749
0 19 44.847
0 19 45.885
0 20 95.544
0 20 97.731
0 21 85.32
0 22 35.627
0 23 56.884
0 23 74.799
0 24 3.283
0 25 43.405
0 26 52.968
0 3 40.837
0 3 70.897
0 32 4.301
0 33 65.781
0 33 67.925
0 35 66.076
0 35 67.581
0 39 82.56
0 41 83.177
0 43 74.922
0 45 91.423
0 46 49.092
0 48 30.655
0 5 85.462
0 6 12.369
0 8 45.054
0 9 66.565
1 11 57.353
1 14 28.483
1 15 3.989
1 18 45.37
1 19 54.589
1 2 87.276
1 21 87.547
1 22 25.751
1 22 74.161
1 26 14.862
1 26 25.427
1 29 17.711
1 3 34.431
1 3 88.0
1 32 88.735
1 35 97.94
1 4 7.392
1 40 84.212
1 42 42.501
1 45 7.986
1 48 91.111
1 5 11.348
1 5 31.802
1 5 90.66
1 7 55.408
10 14 65.381
10 14 8.537
10 15 29.759
10 15 36.483
10 16 51.167
10 16 94.76
10 17 33.358
10 17 79.686
10 19 78.091
10 23 31.123
10 27 55.079
10 28 59.529
10 28 83.498
10 29 5.612
10 30 27.346
10 31 65.163
10 32 3.365
10 32 46.495
10 32 7.069
10 32 83.064
10 33 13.15
10 34 40.863
10 35 46.319
10 35 60.67
10 35 92.617
10 38 49.799
10 38 51.933
10 39 0.078
10 39 43.289
10 40 25.868
10 40 78.834
10 41 18.37
10 41 76.269
10 42 26.688
10 42 39.474
10 43 27.407
10 43 80.157
10 44 73.914
10 45 81.008
10 45 91.396
10 47 73.066
10 48 66.624
11 14 52.531
11 14 8.86
11 15 12.574
11 15 69.905
11 16 54.122
11 17 28.356
11 17 42.247
11 18 94.028
11 19 32.623
11 19 58.26
11 19 75.627
11 20 3.331
11 21 52.922
11 21 87.927
11 22 37.17
11 23 63.041
11 26 18.56
11 27 9.18
11 28 31.66
11 28 47.486
11 28 55.408
11 29 85.696
11 30 10.446
11 30 86.983
11 33 40.601
11 33 50.75
11 34 16.538
11 36 41.093
11 37 43.352
11 37 5.704
11 37 53.635
11 37 94.926
11 38 11.326
11 41 3.536
11 44 15.823
11 44 54.429
11 44 90.594
11 45 80.468
11 46 2.313
11 46 6.194
11 47 77.753
12 14 8.359
12 15 42.221
12 15 43.551
12 17 32.302
12 18 72.329
12 18 99.334
12 21 54.346
12 23 12.483
12 23 68.644
12 24 76.539
12 25 60.857
12 26 71.402
12 26 74.943
12 27 97.153
12 28 29.203
12 29 71.294
12 31 14.558
12 32 37.538
12 33 19.387
12 33 22.064
12 36 19.422
12 36 47.106
12 36 61.316
12 36 85.092
12 40 33.722
12 41 10.17
12 42 76.756
12 43 64.729
12 45 21.013
12 45 28.509
12 45 72.211
12 46 70.31
12 46 79.118
13 14 95.677
13 16 70.245
13 18 36.556
13 19 95.916
13 22 36.879
13 25 52.591
13 25 95.815
13 28 23.812
13 29 54.013
13 30 37.838
13 30 44.033
13 31 41.843
13 31 68.114
13 32 74.753
13 33 10.833
13 34 68.191
13 37 74.066
13 38 97.749
13 39 80.395
13 39 99.376
13 42 15.557
13 42 75.712
13 45 64.104
13 46 56.51
13 47 98.744
14 15 28.482
14 15 28.708
14 16 85.403
14 17 14.473
14 17 85.357
14 18 19.668
14 20 87.418
14 21 20.147
14 21 57.967
14 21 88.282
14 23 48.247
14 28 93.829
14 29 23.993
14 29 71.481
14 30 32.891
14 31 0.938
14 31 16.455
14 32 28.535
14 35 13.599
14 35 20.31
14 35 66.172
14 37 47.744
14 37 53.049
14 39 45.3
14 39 64.095
14 40 90.064
14 41 11.272
14 41 97.086
14 42 70.405
14 48 85.42
15 16 71.789
15 21 79.7
15 24 16.267
15 24 17.564
15 24 30.098
15 26 51.239
15 28 4.145
15 29 0.017
15 29 29.682
15 31 29.728
15 31 29.844
15 31 73.486
15 32 42.876
15 33 28.829
15 33 94.014
15 34 22.247
15 34 50.831
15 34 54.242
15 36 11.69
15 36 93.145
15 39 80.255
15 40 85.249
15 45 22.768
15 45 24.556
15 45 6.313
15 45 69.93
15 45 94.241
15 46 62.762
15 47 40.865
15 48 36.579
16 19 63.506
16 19 7.533
16 20 0.592
16 20 53.881
16 20 94.849
16 21 23.672
16 24 79.456
16 24 99.938
16 25 15.21
16 26 26.2
16 27 18.494
16 27 39.362
16 29 11.244
16 29 24.312
16 29 80.829
16 30 14.282
16 31 13.254
16 33 70.709
16 34 34.128
16 36 45.024
16 37 58.499
16 38 0.334
16 39 90.127
16 40 68.089
16 42 65.604
16 44 15.186
16 44 87.848
16 46 14.104
16 47 54.68
16 48 23.508
16 48 80.328
17 19 37.076
17 20 39.848
17 23 29.233
17 23 40.305
17 23 50.165
17 23 81.662
17 23 93.547
17 25 61.891
17 26 10.291
17 28 20.378
17 28 83.093
17 29 56.161
17 30 98.465
17 31 80.134
17 32 71.378
17 33 30.411
17 33 75.168
17 35 36.76
17 40 64.833
17 40 91.771
17 41 11.605
17 42 12.555
17 44 85.75
17 45 11.607
17 46 38.176
17 46 73.371
17 48 59.826
18 19 17.197
18 19 55.898
18 19 59.442
18 20 51.913
18 20 69.317
18 21 15.948
18 21 2.006
18 21 20.429
18 21 74.861
18 21 83.494
18 21 92.842
18 22 25.586
18 23 97.953
18 24 51.338
18 26 15.023
18 31 19.172
18 31 24.185
18 34 38.08
18 34 63.282
18 36 45.44
18 41 14.18
18 42 25.684
18 42 27.204
18 42 38.266
18 43 81.156
18 43 93.354
18 44 14.309
18 47 67.388
18 47 91.385
18 48 30.718
18 48 97.909
19 21 89.101
19 22 18.996
19 22 40.159
19 22 51.971
19 24 5.353
19 24 6.533
19 25 38.136
19 25 87.679
19 26 81.194
19 26 93.517
19 27 45.828
19 27 7.783
19 28 57.454
19 30 17.688
19 30 90.554
19 31 61.009
19 31 97.432
19 32 58.498
19 32 65.963
19 32 72.393
19 33 34.451
19 33 99.921
19 37 26.636
19 37 31.63
19 37 8.499
19 38 18.938
19 38 60.91
19 39 62.146
19 43 3.388
19 47 79.794
2 11 99.131
2 12 9.075
2 17 23.397
2 17 59.892
2 18 51.037
2 18 91.621
2 19 11.241
2 20 95.188
2 21 93.471
2 22 28.596
2 30 2.604
2 30 32.49
2 31 52.301
2 33 69.815
2 37 40.95
2 38 79.471
2 39 49.193
2 39 59.266
2 41 75.048
2 43 0.912
2 44 49.629
2 45 80.244
2 6 48.567
2 6 55.956
2 7 64.324
2 7 92.483
2 9 21.975
2 9 81.633
20 21 14.713
20 21 3.934
20 21 70.966
20 22 57.096
20 23 3.144
20 25 57.445
20 25 9.33
20 27 40.432
20 29 82.255
20 30 26.079
20 30 4.4
20 33 46.5
20 38 65.978
20 39 24.766
20 39 61.639
20 40 41.561
20 40 81.632
20 41 20.991
20 42 16.728
20 43 27.146
20 43 5.023
20 44 82.429
20 47 71.064
21 22 49.29
21 23 59.883
21 23 95.616
21 24 77.914
21 26 66.891
21 30 38.873
21 30 76.785
21 33 98.878
21 34 73.031
21 38 17.626
21 41 48.621
21 42 41.043
21 42 63.432
21 43 76.492
21 44 50.901
21 44 51.569
21 44 84.292
21 45 85.385
21 46 37.498
21 46 42.323
21 46 7.557
21 47 40.493
21 47 55.631
21 48 71.076
22 25 3.71
22 25 37.636
22 27 13.305
22 31 91.365
22 32 33.978
22 32 7.555
22 35 93.529
22 37 21.457
22 39 23.269
22 39 64.546
22 44 60.066
23 25 17.84
23 26 18.576
23 26 97.12
23 27 27.49
23 28 57.148
23 29 79.586
23 31 31.802
23 34 43.617
23 37 1.055
23 37 35.335
23 37 37.898
23 38 90.885
23 39 20.071
23 39 76.098
23 40 7.037
23 40 99.026
23 41 62.904
23 42 5.005
23 43 70.023
23 43 84.107
23 43 92.373
23 44 8.993
23 45 79.729
23 47 25.976
23 48 61.925
23 48 66.92
24 26 70.241
24 28 28.381
24 29 31.406
24 29 55.462
24 29 98.592
24 31 35.071
24 33 92.519
24 35 23.752
24 35 50.992
24 36 22.319
24 36 26.377
24 38 94.695
24 39 97.555
24 41 26.897
24 41 55.483
24 41 91.804
24 44 55.106
24 47 49.164
25 27 48.72
25 28 36.247
25 28 6.39
25 30 83.78
25 32 21.862
25 35 59.685
25 36 29.483
25 37 3.839
25 38 59.862
25 38 87.554
25 39 98.252
25 40 54.651
25 42 84.329
25 46 6.564
25 46 76.921
25 46 80.572
25 47 10.469
25 47 42.918
25 48 47.388
25 48 70.318
26 27 46.143
26 30 11.552
26 30 39.376
26 34 82.099
26 35 26.087
26 35 62.708
26 36 71.617
26 38 34.085
26 40 60.088
26 41 58.678
26 42 78.675
26 43 59.692
26 44 94.929
26 47 72.837
27 28 73.352
27 30 43.095
27 30 70.108
27 32 37.553
27 33 61.599
27 33 91.883
27 37 9.29
27 39 35.918
27 39 62.197
27 40 10.015
27 41 34.683
27 44 33.583
27 45 27.237
27 45 53.313
27 45 87.028
27 48 63.579
28 30 45.105
28 30 71.151
28 31 0.965
28 31 77.978
28 32 8.806
28 33 25.611
28 35 20.027
28 35 55.115
28 35 61.544
28 40 15.305
28 41 74.69
28 42 85.079
28 43 86.887
28 44 38.419
28 44 95.352
28 45 70.191
28 45 76.066
28 46 24.858
28 46 47.529
28 47 11.382
28 47 69.769
29 33 1.33
29 36 17.401
29 36 60.525
29 37 53.135
29 37 77.524
29 40 14.059
29 41 40.374
29 42 44.044
29 44 12.438
29 45 78.643
3 10 77.799
3 10 94.062
3 12 77.923
3 14 41.699
3 15 13.435
3 15 76.372
3 18 67.893
3 19 22.017
3 19 34.365
3 21 71.791
3 23 97.237
3 27 90.788
3 28 46.142
3 32 49.043
3 33 42.117
3 33 75.079
3 35 23.703
3 36 40.888
3 36 77.632
3 36 99.296
3 4 42.339
3 40 22.307
3 40 58.407
3 41 21.764
3 41 70.881
3 41 80.384
3 44 17.286
3 44 28.553
3 46 51.79
3 46 58.366
3 47 23.015
3 48 11.837
3 9 34.041
3 9 35.085
30 31 18.908
30 31 33.931
30 31 49.248
30 32 31.853
30 32 87.387
30 33 28.639
30 33 89.613
30 34 74.866
30 35 26.105
30 41 3.024
30 42 10.889
30 43 52.057
30 43 55.565
31 33 0.908
31 34 12.313
31 36 59.339
31 36 71.009
31 36 85.279
31 41 72.483
31 42 79.51
31 42 87.744
31 45 85.778
31 46 45.027
31 46 61.249
32 34 53.156
32 35 47.643
32 35 66.476
32 36 27.886
32 36 29.674
32 37 53.49
32 37 67.368
32 40 32.345
32 44 86.724
32 44 88.763
33 34 34.781
33 34 61.688
33 34 75.64
33 35 34.549
33 36 51.03
33 37 35.138
33 38 30.436
33 38 56.981
33 38 79.577
33 39 84.819
33 40 59.725
33 43 49.127
33 43 71.714
33 43 93.095
33 44 21.199
33 45 59.389
33 45 71.844
33 46 0.824
33 46 32.108
33 46 48.938
33 47 37.225
33 48 22.904
34 35 58.172
34 37 66.902
34 37 74.715
34 38 14.249
34 38 52.34
34 38 81.623
34 39 68.915
34 39 78.123
34 40 9.497
34 43 36.443
34 43 58.64
34 43 91.933
34 44 71.97
34 45 58.934
35 36 95.705
35 37 52.439
35 40 42.978
35 42 94.579
35 44 26.909
35 44 39.606
35 44 57.694
35 45 78.385
35 48 33.244
36 37 10.582
36 37 79.211
36 39 53.014
36 40 8.006
36 41 47.157
36 42 29.696
36 42 5.833
36 43 0.313
36 43 31.062
36 43 65.756
36 43 70.381
36 44 29.438
36 44 48.95
36 45 54.068
36 45 71.187
36 45 8.945
37 38 25.217
37 38 89.041
37 39 15.893
37 43 38.107
37 44 9.275
37 46 7.077
37 48 78.61
38 39 25.21
38 39 71.08
38 42 13.385
38 44 3.246
38 44 32.392
38 45 29.599
38 46 34.487
38 48 85.538
39 42 40.776
39 43 20.387
39 43 84.57
39 44 56.59
39 47 44.111
39 47 80.911
39 47 98.585
4 11 0.294
4 12 13.456
4 12 5.941
4 16 16.152
4 18 6.652
4 19 74.191
4 20 1.333
4 20 32.495
4 20 70.678
4 20 90.265
4 21 28.995
4 22 95.843
4 23 28.651
4 23 49.493
4 26 47.385
4 26 98.383
4 28 35.118
4 29 75.607
4 32 36.337
4 32 62.677
4 32 96.692
4 33 30.407
4 33 31.159
4 34 41.506
4 35 71.377
4 35 86.47
4 37 13.411
4 39 87.931
4 41 23.134
4 42 43.457
4 43 0.974
4 48 80.038
4 48 90.731
4 5 12.085
4 5 65.245
4 5 80.148
4 5 84.538
4 5 86.697
4 6 80.037
4 7 48.609
4 7 79.372
4 8 68.622
4 8 69.002
4 8 94.5
40 41 25.301
40 42 43.653
40 45 82.94
40 47 10.549
40 47 60.213
40 48 96.838
41 42 84.818
41 43 73.34
41 44 38.273
41 44 5.447
41 45 37.461
41 48 69.617
42 45 18.134
42 48 82.985
42 48 84.94
43 44 26.29
43 48 73.286
44 47 11.994
46 47 4.856
46 48 27.024
46 48 9.166
5 10 17.474
5 10 27.931
5 10 58.373
5 10 62.469
5 10 75.559
5 11 69.579
5 12 21.432
5 13 88.138
5 15 73.864
5 19 79.829
5 20 16.053
5 21 24.293
5 22 97.32
5 24 64.163
5 30 79.856
5 31 9.485
5 32 76.182
5 33 25.499
5 33 51.888
5 34 56.268
5 34 80.421
5 35 30.888
5 37 54.968
5 39 14.562
5 42 47.505
5 42 50.649
5 43 72.488
5 44 13.13
5 44 8.287
5 46 54.044
5 46 63.763
5 47 66.661
5 9 81.746
5 9 85.751
6 10 18.19
6 10 98.875
6 12 73.392
6 14 10.174
6 14 82.566
6 18 67.35
6 19 60.552
6 20 15.649
6 20 89.961
6 21 20.686
6 22 74.478
6 23 68.306
6 24 45.423
6 24 5.811
6 24 62.546
6 24 99.85
6 25 57.046
6 26 45.654
6 28 40.035
6 29 11.615
6 29 25.446
6 29 29.123
6 29 6.756
6 32 66.958
6 33 22.6
6 34 8.56
6 34 80.757
6 36 26.062
6 36 88.855
6 38 4.944
6 39 39.392
6 39 85.129
6 40 51.222
6 40 90.681
6 41 51.237
6 42 77.152
6 42 99.384
6 44 37.904
6 47 75.914
6 47 90.543
6 7 39.068
6 8 36.382
6 9 25.792
6 9 47.166
7 10 14.979
7 11 18.228
7 13 85.041
7 15 97.465
7 17 21.886
7 17 36.993
7 17 66.758
7 17 95.19
7 18 43.259
7 19 48.24
7 20 65.839
7 21 74.512
7 25 33.42
7 30 14.507
7 33 22.531
7 33 98.179
7 34 22.093
7 34 66.199
7 35 27.739
7 36 96.845
7 38 1.867
7 39 98.083
7 39 98.857
7 41 13.848
7 41 52.104
7 41 62.672
7 41 7.062
7 41 80.243
7 43 5.428
7 44 63.124
7 45 38.377
7 46 89.52
7 47 50.454
7 48 47.55
8 15 90.049
8 16 36.412
8 16 46.533
8 16 63.088
8 18 91.278
8 20 12.015
8 21 10.016
8 22 88.072
8 23 15.088
8 24 33.18
8 25 14.958
8 26 70.289
8 27 24.343
8 27 53.945
8 31 52.869
8 31 78.978
8 32 10.31
8 33 1.912
8 33 29.924
8 34 83.297
8 36 39.812
8 36 9.013
8 37 35.021
8 37 91.038
8 39 68.943
8 40 43.75
8 40 98.756
8 43 81.83
8 48 47.412
9 10 26.196
9 12 5.755
9 13 15.358
9 13 29.858
9 13 42.096
9 14 85.26
9 15 10.545
9 16 28.331
9 16 43.346
9 17 6.513
9 18 9.255
9 18 9.865
9 19 18.196
9 19 58.034
9 20 12.385
9 20 94.31
9 21 18.362
9 21 78.0
9 27 5.667
9 29 90.817
9 30 50.518
9 31 37.966
9 33 71.615
9 34 79.158
9 36 13.421
9 37 98.772
9 39 59.368
9 40 90.044
9 40 99.237
9 45 6.868
9 46 16.692
9 46 18.504
9 47 73.764
9 47 80.403
9 48 5.541
9 48 98.114