50
0 14 0.852
0 13 0.039
0 30 0.513
0 20 0.787
0 37 0.208
0 39 0.058
0 11 0.593
0 5 0.51
0 10 0.711
0 25 0.956
0 6 0.749
0 22 0.313
0 9 0.412
0 35 0.065
0 48 0.611
0 26 0.345
0 34 0.028
0 41 0.198
0 21 0.903
0 3 0.678
0 28 0.461
0 8 0.42
0 49 0.275
0 44 0.942
0 27 0.851
0 45 0.654
0 19 0.671
0 46 0.123
0 33 0.695
0 42 0.672
1 5 0.928
1 27 0.331
1 13 0.51
1 9 0.175
1 41 0.8
1 35 0.774
1 48 0.683
1 8 0.925
1 36 0.514
1 43 0.173
1 17 0.325
1 14 0.278
1 12 0.094
1 28 0.401
1 47 0.644
1 32 0.866
1 42 0.811
1 37 0.193
1 6 0.379
1 40 0.825
1 34 0.004
1 38 0.037
1 2 0.381
1 16 0.224
1 22 0.67
1 31 0.729
1 23 0.232
1 18 0.202
1 21 0.173
1 26 0.761
1 15 0.067
1 4 0.519
1 33 0.713
1 20 0.379
1 49 0.479
1 3 0.02
2 39 0.143
2 37 0.083
2 31 0.784
2 19 0.212
2 5 0.817
2 9 0.83
2 6 0.196
2 49 0.516
2 27 0.333
2 36 0.567
2 44 0.432
2 34 0.338
2 26 0.981
2 3 0.029
2 10 0.143
2 40 0.614
2 24 0.744
2 11 0.544
2 30 0.285
2 48 0.104
2 35 0.471
2 43 0.705
2 17 0.121
2 13 0.36
2 38 0.593
2 18 0.508
2 23 0.147
2 14 0.375
2 28 0.294
2 45 0.415
2 15 0.265
3 38 0.905
3 4 0.656
3 6 0.599
3 37 0.669
3 10 0.733
3 20 0.768
3 47 0.755
3 17 0.758
3 44 0.653
3 12 0.685
3 49 0.958
3 15 0.451
3 8 0.56
3 21 0.814
3 22 0.95
3 27 0.564
3 45 0.05
3 35 0.535
3 41 0.759
3 29 0.485
3 26 0.306
3 48 0.366
3 32 0.661
3 42 0.984
3 46 0.813
3 7 0.507
3 14 0.2
3 5 0.832
3 39 0.159
3 11 0.047
3 25 0.116
4 23 0.22
4 10 0.111
4 35 0.422
4 45 0.158
4 47 0.61
4 16 0.421
4 6 0.076
4 24 0.938
4 41 0.276
4 20 0.858
4 37 0.438
4 7 0.703
4 49 0.316
4 39 0.547
4 22 0.95
4 18 0.846
4 11 0.087
4 28 0.994
4 29 0.624
4 8 0.27
4 27 0.231
4 12 0.803
4 44 0.845
4 13 0.521
4 48 0.441
4 46 0.056
4 19 0.119
4 43 0.24
4 14 0.652
4 9 0.877
4 17 0.392
4 30 0.676
4 36 0.109
4 21 0.75
4 32 0.758
4 25 0.715
4 34 0.02
4 40 0.89
4 26 0.131
5 33 0.365
5 42 0.185
5 29 0.999
5 31 0.631
5 46 0.159
5 41 0.69
5 11 0.191
5 35 0.599
5 28 0.408
5 17 0.742
5 23 0.604
5 36 0.818
5 14 0.915
5 38 0.077
5 22 0.57
5 9 0.256
5 34 0.87
5 48 0.347
5 39 0.494
5 21 0.443
5 44 0.275
5 32 0.012
5 18 0.753
5 12 0.121
5 26 0.59
5 37 0.754
5 47 0.557
5 8 0.984
5 27 0.768
5 45 0.548
5 49 0.915
5 7 0.206
5 19 0.425
5 20 0.75
6 8 0.245
6 29 0.2
6 40 0.346
6 38 0.274
6 10 0.545
6 23 0.986
6 11 0.976
6 48 0.589
6 15 0.302
6 17 0.314
6 21 0.256
6 47 0.186
6 19 0.022
6 45 0.231
6 7 0.129
6 44 0.046
6 43 0.887
6 27 0.004
6 42 0.45
6 13 0.06
6 33 0.959
6 25 0.569
6 36 0.332
6 9 0.787
6 24 0.154
6 22 0.218
6 14 0.692
6 34 0.063
7 48 0.53
7 17 0.697
7 27 0.659
7 21 0.932
7 25 0.542
7 24 0.394
7 16 0.98
7 44 0.081
7 49 0.404
7 31 0.562
7 19 0.229
7 35 0.066
7 43 0.81
7 40 0.912
7 13 0.133
7 20 0.791
7 45 0.888
7 9 0.189
7 18 0.794
7 36 0.33
7 15 0.172
7 41 0.947
7 30 0.166
7 42 0.463
7 34 0.672
7 32 0.332
8 14 0.239
8 44 0.248
8 46 0.069
8 28 0.488
8 16 0.027
8 37 0.119
8 49 0.92
8 9 0.167
8 47 0.458
8 20 0.62
8 10 0.089
8 42 0.812
8 43 0.212
8 32 0.764
8 35 0.814
8 11 0.698
8 19 0.884
8 27 0.21
8 17 0.144
8 23 0.705
8 22 0.557
8 15 0.756
8 40 0.881
8 45 0.023
8 25 0.758
8 18 0.681
8 24 0.479
8 33 0.642
9 16 0.377
9 17 0.653
9 25 0.444
9 13 0.811
9 39 0.96
9 21 0.29
9 38 0.915
9 46 0.671
9 43 0.843
9 45 0.069
9 19 0.607
9 31 0.178
9 26 0.438
9 23 0.471
9 28 0.186
9 27 0.525
9 11 0.088
9 29 0.624
9 34 0.992
9 30 0.221
9 37 0.001
9 32 0.525
9 35 0.389
9 33 0.888
9 18 0.156
9 20 0.446
9 49 0.552
9 24 0.674
9 48 0.25
9 10 0.367
9 15 0.613
10 43 0.055
10 42 0.621
10 40 0.751
10 23 0.231
10 20 0.291
10 28 0.302
10 46 0.856
10 17 0.248
10 21 0.493
10 33 0.814
10 35 0.509
10 41 0.971
10 36 0.741
10 37 0.161
10 16 0.251
10 34 0.904
10 29 0.458
10 24 0.106
10 31 0.344
10 15 0.26
10 38 0.02
10 49 0.054
10 13 0.197
10 26 0.668
10 44 0.894
10 12 0.22
10 25 0.928
10 48 0.638
11 19 0.627
11 12 0.869
11 26 0.813
11 41 0.105
11 14 0.253
11 37 0.729
11 46 0.189
11 22 0.545
11 28 0.15
11 33 0.639
11 17 0.144
11 15 0.107
11 42 0.203
11 18 0.911
11 38 0.723
11 45 0.532
11 25 0.039
11 39 0.901
11 34 0.777
11 49 0.415
11 32 0.48
11 35 0.466
11 36 0.41
11 30 0.138
11 21 0.217
11 44 0.537
12 44 0.339
12 40 0.274
12 21 0.91
12 32 0.977
12 30 0.699
12 34 0.885
12 33 0.741
12 17 0.748
12 13 0.131
12 47 0.605
12 37 0.576
12 36 0.65
12 14 0.959
12 43 0.892
12 48 0.87
12 15 0.083
12 22 0.301
12 28 0.944
12 45 0.535
12 35 0.658
12 46 0.925
12 31 0.152
12 38 0.473
13 45 0.447
13 27 0.97
13 31 0.04
13 30 0.134
13 37 0.434
13 47 0.085
13 49 0.909
13 46 0.2
13 19 0.841
13 21 0.317
13 20 0.881
13 17 0.604
13 25 0.004
13 29 0.772
13 36 0.592
13 40 0.292
13 28 0.736
13 48 0.051
13 41 0.881
13 16 0.607
13 24 0.58
13 44 0.94
13 42 0.62
13 23 0.623
13 14 0.051
13 38 0.545
13 34 0.294
13 26 0.737
13 35 0.511
13 43 0.044
14 36 0.171
14 41 0.726
14 21 0.322
14 15 0.043
14 42 0.181
14 26 0.869
14 20 0.609
14 44 0.275
14 47 0.453
14 35 0.491
14 23 0.942
14 38 0.819
14 16 0.35
14 19 0.543
14 48 0.319
14 28 0.919
14 34 0.386
14 30 0.704
14 32 0.365
14 22 0.078
14 46 0.868
14 40 0.832
15 31 0.869
15 18 0.618
15 44 0.126
15 32 0.603
15 27 0.868
15 17 0.154
15 16 0.541
15 48 0.567
15 19 0.919
15 22 0.108
15 21 0.489
15 33 0.475
15 38 0.35
15 34 0.518
15 42 0.289
15 26 0.995
15 43 0.606
15 36 0.965
15 45 0.052
15 24 0.218
15 30 0.769
15 49 0.731
15 40 0.855
15 23 0.194
15 47 0.783
16 23 0.538
16 40 0.333
16 35 0.203
16 30 0.88
16 45 0.701
16 33 0.849
16 47 0.886
16 25 0.988
16 18 0.898
16 38 0.636
16 22 0.183
16 37 0.24
16 26 0.369
16 20 0.191
16 42 0.45
16 17 0.523
16 32 0.398
16 21 0.774
16 44 0.643
16 36 0.647
16 39 0.294
16 28 0.907
16 49 0.769
16 24 0.674
16 29 0.634
17 48 0.216
17 38 0.586
17 26 0.341
17 18 0.416
17 32 0.864
17 25 0.14
17 31 0.487
17 45 0.346
17 20 0.473
17 23 0.303
17 47 0.43
17 44 0.359
17 28 0.608
17 33 0.347
17 42 0.606
17 22 0.778
17 21 0.845
17 29 0.806
17 34 0.849
17 39 0.366
17 43 0.743
17 40 0.974
17 19 0.761
17 36 0.079
17 27 0.499
17 30 0.967
17 24 0.871
17 35 0.076
17 46 0.776
18 25 0.348
18 42 0.053
18 27 0.739
18 37 0.474
18 35 0.707
18 29 0.178
18 43 0.619
18 21 0.846
18 26 0.686
18 40 0.774
18 45 0.575
18 44 0.018
18 33 0.005
18 38 0.793
18 48 0.289
18 32 0.159
18 36 0.843
18 19 0.93
18 47 0.297
19 32 0.283
19 37 0.087
19 42 0.297
19 44 0.161
19 35 0.885
19 22 0.125
19 33 0.935
19 27 0.776
19 48 0.654
19 21 0.166
19 24 0.199
19 47 0.749
19 46 0.37
19 43 0.36
19 23 0.273
19 38 0.289
19 26 0.944
19 39 0.625
19 34 0.288
19 31 0.229
19 28 0.479
19 40 0.354
20 22 0.5
20 36 0.367
20 27 0.442
20 45 0.355
20 42 0.78
20 39 0.602
20 29 0.178
20 43 0.429
20 26 0.902
20 25 0.548
20 47 0.266
20 24 0.921
20 32 0.847
20 49 0.964
20 33 0.474
20 48 0.16
20 35 0.151
20 41 0.239
20 40 0.674
20 34 0.246
20 28 0.133
21 29 0.415
21 23 0.322
21 30 0.439
21 26 0.481
21 47 0.181
21 49 0.148
21 36 0.829
21 31 0.741
21 40 0.67
21 35 0.467
21 42 0.119
21 25 0.604
21 27 0.627
21 44 0.935
21 38 0.026
21 39 0.837
21 32 0.391
21 41 0.563
22 30 0.579
22 43 0.388
22 34 0.344
22 48 0.628
22 44 0.624
22 23 0.349
22 36 0.178
22 32 0.881
22 31 0.592
22 46 0.593
22 35 0.489
22 41 0.229
22 47 0.306
22 26 0.519
22 39 0.188
22 29 0.471
22 28 0.954
22 42 0.295
23 26 0.124
23 30 0.427
23 47 0.686
23 25 0.157
23 28 0.439
23 41 0.155
23 27 0.342
23 24 0.327
23 34 0.476
23 31 0.416
23 45 0.999
23 46 0.578
23 32 0.694
23 44 0.524
23 43 0.074
23 42 0.864
23 33 0.413
23 37 0.213
24 42 0.034
24 36 0.836
24 37 0.457
24 49 0.982
24 30 0.85
24 34 0.496
24 48 0.53
24 26 0.697
24 39 0.27
24 28 0.733
24 25 0.425
24 29 0.928
24 33 0.169
24 41 0.549
24 38 0.119
24 47 0.596
24 31 0.578
25 36 0.003
25 26 0.933
25 39 0.518
25 49 0.879
25 30 0.498
25 29 0.946
25 31 0.838
25 47 0.341
25 28 0.21
25 33 0.575
25 46 0.565
25 48 0.875
25 45 0.743
25 35 0.582
25 41 0.864
25 43 0.58
26 34 0.268
26 42 0.971
26 44 0.458
26 43 0.518
26 30 0.879
26 38 0.92
26 48 0.271
26 33 0.81
26 28 0.613
26 39 0.426
26 49 0.569
26 47 0.406
26 27 0.169
26 36 0.949
26 29 0.898
26 46 0.625
26 32 0.998
27 47 0.555
27 35 0.742
27 37 0.424
27 49 0.416
27 44 0.368
27 39 0.983
27 43 0.044
27 46 0.829
27 48 0.435
27 31 0.385
27 30 0.429
27 38 0.675
27 40 0.821
28 43 0.172
28 33 0.851
28 29 0.377
28 30 0.047
28 47 0.029
28 46 0.857
28 45 0.477
28 36 0.109
28 31 0.469
28 44 0.174
28 48 0.994
28 42 0.596
28 49 0.615
28 37 0.648
28 41 0.805
28 39 0.629
28 38 0.846
29 30 0.107
29 32 0.972
29 46 0.568
29 47 0.027
29 45 0.566
29 33 0.326
29 48 0.482
29 37 0.859
29 40 0.524
29 43 0.602
29 41 0.812
29 42 0.475
29 49 0.228
29 31 0.999
30 31 0.038
30 41 0.378
30 46 0.332
30 48 0.613
30 38 0.02
30 47 0.793
30 43 0.02
30 33 0.19
30 40 0.663
30 32 0.644
30 44 0.656
30 45 0.978
30 37 0.62
30 36 0.365
30 39 0.561
30 49 0.668
31 37 0.528
31 44 0.319
31 34 0.45
31 45 0.037
31 46 0.229
31 41 0.554
31 47 0.069
31 36 0.39
31 38 0.833
31 42 0.868
31 40 0.078
31 49 0.638
31 43 0.133
32 35 0.313
32 44 0.787
32 46 0.095
32 47 0.034
32 34 0.051
32 38 0.933
32 40 0.356
32 33 0.429
32 49 0.32
32 37 0.715
32 43 0.964
32 48 0.554
33 35 0.833
33 44 0.884
33 48 0.532
33 36 0.88
33 40 0.836
33 34 0.55
33 39 0.283
33 37 0.818
33 42 0.915
33 43 0.131
33 45 0.723
34 41 0.712
34 48 0.455
34 37 0.68
34 40 0.911
34 44 0.664
34 47 0.096
34 42 0.014
34 46 0.237
34 43 0.799
34 45 0.28
35 48 0.528
35 44 0.611
35 41 0.244
35 43 0.399
35 38 0.913
35 39 0.651
35 49 0.741
35 37 0.379
35 42 0.673
36 37 0.868
36 46 0.475
36 45 0.716
36 38 0.55
36 47 0.137
37 39 0.109
37 41 0.338
37 40 0.47
37 49 0.166
37 43 0.059
37 48 0.713
37 42 0.795
37 45 0.662
37 38 0.195
37 47 0.41
38 40 0.417
38 39 0.546
38 44 0.868
38 42 0.608
39 44 0.593
39 46 0.827
39 43 0.359
39 45 0.998
39 47 0.235
39 40 0.966
40 43 0.202
40 41 0.728
40 44 0.369
40 49 0.702
40 42 0.418
40 47 0.257
41 45 0.045
41 43 0.334
41 48 0.644
41 46 0.891
41 47 0.631
41 49 0.539
41 44 0.285
42 49 0.024
42 45 0.353
42 47 0.317
42 46 0.008
42 48 0.82
43 48 0.842
44 46 0.474
44 49 0.462
44 48 0.308
44 45 0.807
45 46 0.364
45 49 0.307
46 49 0.136
46 48 0.764
46 47 0.416
47 49 0.455
47 48 0.42
