50
0 24 24.915
1 7 0.406
1 36 70.024
1 3 20.308
1 39 36.177
1 25 14.129
1 38 86.08
1 21 76.794
1 41 38.934
2 47 75.753
3 31 76.739
4 11 22.163
5 36 93.727
5 29 30.04
5 49 99.407
5 31 63.386
6 25 74.343
6 18 54.069
6 14 95.632
6 42 19.782
6 35 8.372
6 31 13.345
6 49 99.122
6 21 38.22
7 10 72.472
7 31 50.024
7 29 84.112
8 42 38.941
8 31 12.025
8 36 3.698
9 21 55.426
9 47 87.682
10 12 66.746
10 36 71.428
10 11 4.393
10 32 58.293
10 44 89.35
10 21 10.321
11 21 11.094
11 29 46.437
13 36 77.854
13 21 76.037
14 36 46.374
14 40 92.299
14 42 96.06
14 21 50.072
15 36 71.089
15 47 61.95
15 31 85.135
15 29 48.027
16 31 92.889
16 42 43.564
16 29 29.384
16 35 67.296
17 46 17.652
17 49 70.606
17 26 54.472
17 31 15.413
17 38 32.094
17 33 73.958
17 24 55.54
17 42 84.033
17 21 38.462
18 42 40.701
18 26 96.566
18 27 12.677
19 21 60.718
19 49 80.991
19 31 40.438
20 49 18.505
20 29 49.988
20 21 91.23
20 31 41.16
20 36 8.95
21 38 8.076
21 45 40.983
21 40 4.968
21 37 1.189
21 29 91.342
21 35 52.057
21 33 9.805
21 32 92.75
22 49 74.326
23 31 90.807
23 47 54.489
23 49 81.207
23 36 67.046
24 47 25.064
24 49 98.325
24 29 97.15
25 26 62.248
28 29 70.637
28 31 77.742
29 47 59.34
29 37 73.803
29 48 84.72
29 32 23.527
30 31 8.005
31 36 73.604
31 41 61.551
31 48 77.184
31 35 79.19
31 34 62.351
31 45 81.948
32 36 41.174
35 47 56.222
35 41 84.961
35 36 80.122
35 45 59.583
35 44 55.86
36 39 50.553
36 38 27.386
36 41 53.223
36 44 75.399
36 47 78.301
38 47 94.596
40 49 11.706
40 42 41.517
41 42 94.658
42 47 89.335
43 49 57.878
45 49 75.394
