50
0 26 34.14
1 29 24.09
2 20 7.36
3 43 6.6
4 21 2.08
5 17 4.5
6 44 41.91
7 33 29.64
8 35 14.29
9 16 29.65
10 11 3.65
11 31 48.5
12 44 27.54
13 44 17.35
14 12 42.09
15 27 17.07
16 12 43.2
17 31 43.9
18 19 2.6
19 34 11.33
20 14 48.52
21 12 6.21
22 8 24.13
23 3 2.8
24 2 23.25
40 25 18.94
5 32 3.72
20 43 48.83
43 4 32.96
23 0 37.7
25 8 44.45
35 2 23.06
38 33 38.71
28 47 4.01
31 24 42.62
30 7 5.42
35 36 27.5
21 23 27.89
31 12 16.43
4 39 7.34
30 2 43.37
32 3 49.01
25 17 27.42
2 45 21.74
44 40 6.97
0 27 7.19
24 34 11.78
23 2 14.78
17 47 46.22
46 15 41.72
43 25 10.58
9 40 11.8
29 36 47.02
21 11 13.26
4 12 19.3
40 45 8.73
14 47 11.63
7 2 25.14
25 20 47.15
48 47 46.43
26 23 5.94
4 20 22.07
46 37 44.97
41 25 18.52
42 13 13.02
47 0 22.83
44 26 34.42
3 16 19.81
42 20 13.56
17 26 17.38
40 42 24.31
32 26 25.91
49 6 47.29
39 21 8.53
19 11 35.55
42 14 16.62
3 42 44.25
1 2 49.72
39 46 47.57
48 17 31.07
46 47 9.76
44 7 44.58
31 38 25.39
23 44 27.42
13 39 10.47
33 22 10.63
19 23 16.89
12 1 28.0
5 9 26.5
49 43 45.54
32 21 10.81
36 0 9.49
12 39 17.27
17 34 7.18
32 14 46.12
21 31 3.03
34 9 37.76
9 43 30.4
36 8 15.67
2 6 42.21
42 19 40.51
44 3 25.75
6 10 43.23
18 13 20.75
0 16 6.37
34 10 35.42
38 14 42.28
15 13 40.61
2 5 25.21
6 24 14.06
9 25 39.87
4 38 30.55
20 16 44.96
42 31 42.23
31 1 43.22
23 46 37.94
39 35 31.37
8 14 4.93
19 15 50.0
6 9 19.93
16 6 34.89
13 11 20.07
27 20 35.04
25 35 6.06
6 31 11.5
36 2 7.16
26 43 39.0
28 40 44.28
36 31 34.31
23 30 24.66
49 0 22.58
27 24 32.21
24 18 48.3
30 17 9.33
17 32 28.86
23 42 31.9
31 3 5.17
19 49 14.34
19 24 7.8
10 1 38.86
2 37 10.88
15 37 15.02
43 37 34.83
5 6 40.9
2 12 19.86
37 49 31.57
17 18 36.09
37 23 35.8
18 30 32.26
32 36 43.55
21 47 24.61
48 3 49.76
42 28 38.21
34 39 36.45
45 32 3.13
35 20 37.43
45 49 44.36
39 36 48.65
3 10 17.92
15 36 47.18
11 16 42.37
22 44 47.47
1 33 25.19
33 25 30.59
7 23 29.02
18 37 8.55
8 17 26.73
12 33 27.62
48 22 11.66
13 34 24.78
45 16 31.91
49 32 48.77
6 7 20.51
13 20 37.3
18 1 44.29
1 42 44.03
1 22 23.2
1 3 18.71
10 26 23.92
25 49 13.5
41 21 20.46
29 24 27.28
13 8 3.18
41 6 15.37
38 35 31.78
41 28 36.44
14 13 2.57
16 46 22.96
20 22 48.68
8 40 18.77
18 4 32.26
37 9 23.59
43 11 47.38
29 46 31.52
18 46 10.68
12 17 35.15
12 28 44.59
38 43 7.4
46 3 10.61
31 0 19.92
3 35 3.4
22 14 9.6
41 44 39.8
0 21 29.15
2 46 26.28
19 32 42.3
12 40 4.16
44 8 20.66
7 3 35.63
28 17 38.93
19 26 31.03
0 9 14.55
47 30 5.93
43 45 49.84
10 14 2.51
12 45 18.73
11 45 49.91
22 43 21.94
33 32 41.2
30 22 49.06
19 36 18.02
0 19 43.22
35 34 35.23
37 6 1.58
48 42 26.95
27 41 19.69
48 16 13.78
31 28 2.95
25 34 4.5
42 10 28.93
44 48 36.11
34 23 47.78
42 24 22.1
21 38 2.77
39 43 6.18
34 45 13.7
2 44 27.3
12 29 13.68
16 33 40.39
19 22 9.92
5 23 33.25
33 26 11.83
13 33 38.74
41 10 37.26
49 35 23.92
24 8 2.56
21 25 25.25
48 1 39.09
25 38 17.91
7 43 17.76
40 41 38.55
34 33 11.33
33 37 19.52
32 10 39.48
9 26 45.75
18 3 37.8
37 31 1.71
47 39 27.26
20 7 1.75
8 1 3.29
33 49 8.32
38 15 26.52
36 10 2.38
16 39 38.6
38 30 24.04
40 16 38.11
30 19 31.43
4 10 34.1
28 15 2.35
34 46 6.57
27 33 33.91
19 40 38.77
19 1 35.95
23 12 49.93
5 1 29.86
31 10 14.05
26 5 34.43
39 18 42.3
23 29 10.16
37 48 40.63
38 13 29.28
17 40 16.0
42 35 31.65
44 9 9.11
45 22 20.12
40 26 28.6
3 4 49.46
35 0 12.96
44 25 37.87
11 15 35.08
27 46 10.79
7 9 2.12
37 3 25.77
46 25 12.39
7 40 48.7
45 42 47.19
17 49 24.63
18 38 13.98
35 5 24.81
39 14 8.34
29 28 9.97
3 6 6.05
8 29 45.8
46 42 49.36
5 40 25.17
23 49 41.02
7 31 14.56
36 18 41.75
4 15 10.63
15 3 26.72
44 38 22.04
0 48 4.44
31 16 41.97
15 1 9.23
14 43 28.48
43 28 20.05
8 16 23.86
34 27 31.18
27 6 24.82
31 45 36.52
41 16 43.03
3 0 15.16
9 10 13.98
11 33 7.67
14 37 30.55
34 44 31.98
47 16 17.93
7 22 18.81
41 8 28.65
46 36 34.72
34 28 48.88
15 18 43.89
48 11 9.8
30 13 48.93
6 25 38.96
46 32 16.35
11 38 27.62
30 10 25.9
18 31 17.15
9 41 34.9
9 48 18.68
16 19 23.05
8 20 21.01
6 0 10.15
20 44 38.43
7 16 40.53
4 47 11.45
14 1 20.45
10 17 3.4
42 27 21.24
19 35 46.15
0 25 9.79
21 13 24.16
17 20 27.08
32 18 14.53
16 1 46.9
4 13 17.35
4 7 19.34
22 5 32.77
45 17 15.82
49 22 38.23
26 12 12.91
11 42 30.42
47 40 30.53
36 17 7.19
4 22 8.68
39 31 32.88
44 4 45.24
49 14 15.92
18 21 49.63
45 41 48.99
15 7 44.94
19 39 36.01
13 43 3.41
24 16 26.0
47 15 34.13
6 42 31.89
16 10 5.14
39 3 30.67
47 37 34.06
9 46 45.64
5 45 22.22
36 11 38.54
47 38 21.25
2 40 35.25
6 17 21.95
20 19 39.79
44 0 40.76
17 38 24.1
19 37 30.26
16 29 45.59
29 25 14.37
28 6 46.17
23 15 39.93
40 23 23.95
24 48 15.57
46 0 28.52
37 13 6.59
3 40 15.53
36 16 20.92
18 6 15.57
12 6 25.28
16 2 18.69
37 12 24.99
2 22 43.76
28 30 34.87
21 49 38.41
32 12 9.92
1 26 10.92
17 11 22.83
24 47 16.19
34 22 35.34
14 29 32.6
41 18 1.35
39 20 30.73
14 19 16.35
7 26 15.69
46 19 5.59
47 3 37.25
9 4 43.6
5 21 18.69
12 13 44.42
11 28 33.72
2 26 47.03
23 28 4.54
5 3 35.29
44 11 35.54
39 32 35.1
24 1 22.47
18 12 44.35
40 49 41.59
38 0 36.79
22 11 18.33
49 26 45.14
16 27 20.37
5 25 19.54
36 33 44.04
49 27 19.4
48 38 2.72
4 0 9.29
41 2 30.66
46 40 37.37
47 13 31.81
29 43 21.25
5 48 18.47
42 37 36.4
25 31 24.58
36 47 42.95
17 13 32.55
15 22 9.76
2 43 20.61
35 28 39.9
28 39 47.23
31 27 26.54
29 20 31.1
8 48 26.44
0 15 11.29
35 16 39.38
26 15 44.57
41 46 35.57
34 18 48.52
15 29 22.07
36 3 19.65
37 20 46.94
40 30 13.49
2 0 7.74
30 41 29.44
28 5 7.2
29 6 12.47
1 11 1.61
43 17 40.54
25 45 44.28
37 22 42.1
49 12 20.9
6 48 2.98
20 47 23.8
30 37 44.34
24 9 43.43
45 44 9.39
20 9 23.57
10 5 42.83
36 28 34.26
49 1 14.0
9 18 39.93
47 43 2.43
44 36 36.45
38 19 49.44
44 42 12.46
35 47 33.44
23 16 34.47
18 20 26.97
13 6 18.74
19 29 44.77
41 3 21.33
3 30 13.01
28 8 23.47
26 8 22.97
19 8 36.17
21 40 17.41
31 23 12.29
13 5 13.34
48 25 34.53
20 0 10.39
39 0 33.4
5 37 27.13
24 35 18.62
27 19 18.72
25 14 8.51
21 42 5.09
27 23 42.93
9 23 12.34
44 24 3.82
44 17 28.05
24 13 37.4
34 15 15.17
26 4 19.92
41 14 18.07
28 25 29.95
27 28 22.72
38 8 24.73
30 9 30.46
23 45 17.3
37 11 25.71
39 33 25.03
7 35 31.89
23 47 47.32
38 16 48.52
36 42 37.53
41 42 3.24
28 4 29.71
0 7 20.74
46 11 7.59
10 35 34.62
7 10 47.45
34 31 27.01
25 10 5.04
44 15 21.2
30 16 15.15
28 22 40.91
34 29 3.83
34 30 2.87
34 11 24.94
33 43 47.49
3 11 41.44
32 31 38.96
20 15 39.84
39 37 32.12
35 40 7.2
43 24 38.19
21 46 14.15
33 15 8.43
26 47 31.45
31 35 7.63
14 24 1.93
41 29 28.51
34 26 47.67
19 2 34.92
29 17 47.32
38 26 12.81
29 32 25.73
21 19 22.22
42 39 16.93
23 10 10.74
48 10 32.34
41 1 35.76
7 29 41.94
24 33 24.72
41 47 33.86
48 30 5.21
15 35 25.37
29 18 16.62
48 31 8.58
38 2 44.35
27 36 9.87
27 39 20.93
34 3 21.41
2 14 15.03
11 26 22.74
8 30 44.44
9 49 45.33
23 35 29.34
33 17 42.42
20 10 20.92
32 15 7.91
29 11 8.89
15 21 5.61
41 22 21.99
41 23 47.98
32 2 44.4
44 47 23.8
19 33 14.64
26 27 41.83
46 22 19.41
25 30 11.72
38 10 47.75
9 47 35.38
46 43 1.63
2 18 30.16
15 16 31.4
9 45 31.56
2 48 26.86
22 29 32.36
24 49 9.51
48 21 13.9
41 48 31.62
28 9 49.84
49 39 37.23
41 17 17.71
28 13 38.29
20 11 28.97
8 34 7.53
27 47 3.84
47 31 23.99
20 33 43.85
15 49 48.95
43 23 39.13
14 44 38.15
13 16 40.88
48 49 14.18
8 49 17.76
26 3 32.69
41 43 46.74
12 22 44.37
7 17 16.95
31 40 45.69
26 35 41.77
0 30 19.15
31 26 18.28
2 21 3.62
41 5 35.38
49 3 10.65
32 20 34.52
43 40 25.7
7 27 38.29
22 27 10.68
30 29 22.4
4 32 6.04
22 42 15.32
2 3 44.24
6 47 22.74
5 46 3.42
30 24 26.29
0 13 7.98
31 29 8.29
28 7 5.45
21 30 33.12
18 35 44.48
34 47 21.5
39 1 33.63
38 37 33.58
43 36 29.39
34 32 33.67
22 9 7.49
28 20 47.76
34 42 10.3
45 0 19.13
2 4 26.1
1 23 35.15
49 2 26.04
36 21 46.34
38 24 9.37
9 35 12.3
3 24 26.45
20 1 29.32
19 17 25.47
47 11 22.73
28 21 37.44
37 44 45.91
25 4 31.06
13 45 4.93
9 13 33.86
43 48 44.31
22 47 13.64
39 10 22.73
3 8 32.35
31 46 11.4
6 26 43.04
18 45 8.05
6 32 3.95
41 37 21.56
44 29 13.45
19 7 34.29
8 31 8.92
28 49 5.79
32 22 2.85
42 0 15.04
43 15 30.32
28 18 41.3
33 0 5.01
7 39 17.88
39 48 9.53
36 4 12.4
18 23 20.24
36 12 4.51
31 13 5.34
14 21 5.9
45 8 43.27
25 2 25.43
48 14 2.05
43 0 7.53
19 10 37.18
49 36 13.25
27 25 5.08
7 12 29.09
25 1 48.32
49 31 11.14
36 41 34.7
27 48 21.04
43 16 10.57
36 6 44.47
49 10 8.31
17 35 15.14
1 21 40.59
28 16 26.81
29 35 1.51
43 44 2.19
39 25 12.8
36 45 42.48
22 17 16.17
39 22 28.1
33 8 26.13
22 35 40.06
0 24 30.45
8 46 14.42
48 20 26.53
3 19 43.61
2 9 38.8
27 8 26.38
20 45 38.54
46 1 12.43
48 40 5.65
32 37 21.31
30 26 27.86
30 46 28.8
0 37 16.63
48 7 20.15
49 34 40.91
0 1 20.74
49 13 43.57
36 24 49.26
1 37 22.26
37 16 32.89
2 13 6.88
33 48 25.33
42 47 48.27
11 12 33.86
47 1 21.62
39 11 20.86
9 15 9.8
42 7 44.9
18 26 48.41
0 5 35.95
44 46 10.04
14 27 1.42
32 11 25.33
11 18 34.61
1 36 34.42
11 5 21.76
4 40 32.45
19 41 38.32
0 12 34.67
36 13 9.55
28 33 8.01
48 32 15.73
18 14 32.4
43 31 44.02
27 44 44.33
24 32 23.96
41 24 7.31
11 25 39.29
26 46 28.17
48 15 12.44
39 29 40.71
41 11 11.05
4 11 21.83
22 36 27.61
38 34 6.22
40 20 27.15
25 23 7.3
28 14 38.78
31 2 6.78
35 6 44.89
39 30 2.22
11 23 29.23
35 21 49.37
35 41 24.24
1 9 3.33
12 43 21.83
31 5 17.36
27 29 27.78
26 39 11.85
13 25 46.11
35 14 30.48
8 32 21.56
21 10 41.84
28 26 35.23
8 43 6.15
23 8 25.6
10 2 2.74
38 28 33.95
40 37 15.62
20 12 16.65
10 22 22.9
9 17 40.31
19 45 30.92
13 27 31.21
23 14 32.94
30 49 11.78
35 1 13.38
40 22 18.01
38 6 43.47
5 16 30.64
4 35 44.37
6 33 38.47
1 27 12.31
28 46 22.63
10 0 46.05
41 0 41.27
16 18 44.44
18 40 28.47
43 30 34.93
43 32 43.15
30 4 31.11
48 45 38.99
36 20 38.19
14 36 11.02
26 16 40.0
6 21 7.01
18 22 20.3
1 13 48.94
21 34 34.37
21 27 31.96
7 47 20.44
7 1 33.92
12 9 5.04
8 10 18.67
24 40 44.46
5 42 38.46
48 4 38.5
38 12 42.16
28 45 9.06
24 23 11.63
44 32 16.41
13 40 21.58
4 24 39.04
23 17 7.77
45 37 22.69
12 42 35.08
44 30 38.89
28 32 21.57
12 24 33.4
16 21 32.78
40 6 13.01
19 4 5.6
13 22 14.9
29 21 32.27
40 11 48.03
32 9 12.58
7 21 11.45
6 23 18.9
9 29 11.38
25 42 35.41
39 44 13.95
33 3 27.11
2 17 16.93
26 48 17.34
23 13 26.16
39 2 4.07
5 18 5.92
17 46 12.85
48 35 48.49
35 30 39.83
10 24 34.39
20 34 21.49
18 10 6.88
4 49 31.3
23 4 31.39
15 31 9.46
41 13 41.14
8 5 31.79
7 32 19.07
40 36 10.17
38 42 7.0
32 27 16.81
32 35 1.34
25 22 42.6
48 23 4.59
47 5 12.55
37 26 42.39
14 33 45.48
27 30 21.24
13 32 15.31
4 1 9.99
31 44 9.02
0 18 22.61
21 26 27.1
32 38 19.83
42 17 41.69
14 15 35.36
45 15 26.87
2 11 18.94
21 9 25.51
15 17 21.58
47 25 30.08
11 24 7.8
26 41 42.06
45 29 10.06
43 6 49.02
34 2 2.57
26 42 18.96
32 23 39.86
32 42 19.47
47 33 11.65
26 14 21.04
11 6 30.44
36 5 37.96
23 22 40.27
10 27 43.25
33 31 26.29
15 24 49.71
34 4 28.51
1 43 44.2
42 49 48.56
35 13 32.8
17 24 23.0
29 33 37.22
19 9 13.46
22 16 39.94
14 7 10.59
10 28 16.63
48 34 36.51
41 4 35.34
45 6 44.87
14 0 45.44
10 29 14.31
18 43 44.78
37 25 20.05
14 4 35.0
42 30 3.16
8 9 35.67
19 28 24.86
33 5 47.33
34 40 49.88
21 3 35.95
22 3 42.66
31 19 2.66
38 29 36.25
43 21 33.79
5 14 45.14
41 32 46.13
18 7 4.92
1 17 33.08
5 44 26.55
7 5 25.2
47 12 44.1
46 33 47.02
5 15 34.53
3 20 7.68
4 6 33.58
3 9 38.3
49 47 2.0
38 7 23.39
27 38 21.87
20 6 31.6
37 24 49.12
38 20 44.85
34 37 44.51
35 33 23.73
3 25 12.25
46 12 38.52
46 14 47.72
21 17 25.64
4 31 31.0
28 3 23.81
14 6 7.97
12 25 18.0
31 30 13.33
22 6 46.25
42 43 12.52
12 5 33.83
42 9 43.69
42 16 40.95
43 19 28.51
5 19 40.86
33 18 6.66
47 29 37.27
1 30 30.56
10 33 27.18
26 36 30.9
32 47 6.76
14 9 34.28
14 45 8.36
35 43 21.79
5 39 15.37
46 7 9.84
18 48 46.0
5 24 41.25
8 15 31.39
10 15 27.85
40 10 34.76
15 40 32.86
11 9 22.21
31 41 3.83
1 40 4.83
15 30 3.69
1 28 30.6
45 26 41.63
38 46 45.43
24 28 37.17
46 35 34.51
13 19 43.46
24 7 11.33
9 39 43.61
14 3 41.93
17 39 23.63
40 0 17.81
49 20 43.44
29 5 47.93
49 44 30.18
12 48 31.51
29 3 42.26
28 0 42.44
40 14 15.61
48 36 19.01
20 31 4.5
11 30 44.49
44 19 26.73
3 38 39.95
7 45 20.61
37 10 47.97
10 45 42.98
15 42 30.15
42 29 35.73
33 42 47.41
41 12 49.59
6 8 47.09
4 46 9.47
29 48 18.74
34 6 2.47
36 30 14.21
29 13 42.75
21 44 27.37
27 37 1.42
24 46 18.33
49 18 18.46
47 10 17.04
46 45 17.61
11 0 7.67
34 0 18.3