50
0 8 29.022
0 9 45.442
0 10 6.805
0 14 85.186
0 17 42.492
0 18 35.671
0 22 32.684
0 24 67.056
0 26 10.869
0 46 56.202
0 48 47.629
1 8 54.903
1 9 1.348
1 12 92.007
1 33 61.432
2 8 6.522
2 10 3.295
2 11 53.849
2 13 17.027
2 18 63.305
2 21 52.047
2 22 23.508
2 27 43.612
2 29 2.244
2 37 75.592
2 40 49.338
3 8 47.67
3 9 85.284
3 10 82.075
3 11 27.224
3 12 14.33
3 13 39.169
3 15 69.59
3 16 52.93
3 19 95.478
3 30 50.102
3 34 42.727
3 47 8.335
4 8 81.618
4 9 7.073
4 10 9.998
4 11 3.231
4 12 18.331
4 13 80.425
4 15 57.086
4 23 96.157
4 24 31.883
4 25 84.153
4 34 39.083
4 49 61.986
5 8 64.887
5 9 79.348
5 10 22.021
5 11 70.386
5 12 23.63
5 13 21.997
5 14 56.734
5 15 95.439
5 16 88.766
5 19 26.623
5 22 96.593
5 25 41.679
5 26 13.254
5 30 77.541
5 32 15.388
5 33 4.848
5 36 93.613
5 38 87.609
5 41 70.406
6 8 77.883
6 9 76.247
6 12 36.596
6 15 10.655
6 17 99.206
6 20 79.992
6 24 90.94
6 28 94.252
6 42 82.732
6 48 32.021
7 8 65.132
7 9 90.067
7 10 52.525
7 11 77.656
7 12 92.34
7 15 24.894
7 18 98.647
7 20 23.076
7 21 95.853
7 22 39.621
7 23 26.295
7 26 74.128
7 32 19.139
7 33 71.088
7 35 38.159
7 36 40.137
7 38 66.279
7 45 71.565
8 9 60.81
8 10 95.081
8 11 73.088
8 12 90.86
8 13 18.676
8 14 84.766
8 15 2.374
8 16 89.902
8 17 69.113
8 19 18.17
8 23 63.632
8 28 27.727
8 29 59.962
8 32 19.984
8 35 61.628
8 37 31.231
8 39 77.107
8 41 11.378
8 43 24.2
8 44 5.346
8 45 46.988
8 46 61.993
9 10 30.554
9 11 25.482
9 14 54.513
9 16 37.786
9 17 15.945
9 19 66.859
9 21 12.488
9 23 28.92
9 24 26.022
9 25 17.688
9 26 20.333
9 32 38.779
9 33 92.522
9 34 37.215
9 35 86.901
9 38 83.48
9 39 32.791
9 43 69.759
9 45 26.571
9 46 28.058
9 47 51.193
10 11 18.232
10 13 73.79
10 14 25.781
10 16 9.773
10 17 16.59
10 18 93.391
10 21 24.57
10 24 6.292
10 25 96.069
10 27 46.134
10 29 87.329
10 30 52.595
10 34 69.653
10 37 58.889
10 38 11.165
10 43 80.243
10 44 35.006
10 46 39.55
10 47 28.3
11 12 12.518
11 13 77.161
11 14 82.086
11 17 51.037
11 19 13.603
11 20 56.794
11 24 79.996
11 28 47.146
11 30 57.312
11 36 61.445
11 39 49.424
11 44 52.848
11 47 62.933
12 13 53.658
12 14 86.591
12 16 74.651
12 17 29.126
12 18 95.529
12 19 64.061
12 20 77.517
12 22 8.672
12 23 59.48
12 25 25.302
12 27 12.343
12 28 83.128
12 29 70.392
12 30 1.731
12 31 98.406
12 32 75.38
12 33 76.46
12 35 14.732
12 36 42.244
12 41 20.714
12 44 86.184
12 49 74.041
13 14 38.184
13 15 33.35
13 16 27.328
13 18 18.554
13 19 59.485
13 21 3.907
13 23 30.41
13 26 35.287
13 27 44.122
13 31 83.713
13 38 98.937
13 42 60.792
13 46 82.194
14 15 93.191
14 16 85.331
14 19 5.675
14 20 74.496
14 21 74.603
14 22 14.582
14 24 13.044
14 26 72.978
14 27 24.69
14 29 3.296
14 31 36.921
14 34 66.246
14 36 72.366
14 37 32.743
14 42 57.263
14 43 83.981
14 48 86.07
15 30 67.304
15 35 50.965
15 37 5.377
15 40 57.333
16 17 35.176
16 18 12.35
16 20 10.205
16 25 61.118
16 31 44.499
16 38 24.353
16 40 91.49
16 41 7.556
16 43 40.026
16 48 90.65
16 49 30.874
17 18 45.806
17 20 14.884
17 37 72.779
17 39 83.445
17 42 1.356
18 21 30.765
18 23 37.933
18 31 20.854
18 32 78.598
18 33 71.355
18 35 52.479
18 38 22.989
19 20 76.929
19 21 12.985
19 22 59.84
19 23 67.471
19 25 32.362
19 27 91.88
19 28 67.446
19 29 21.734
19 30 24.832
19 32 34.119
19 34 41.068
19 44 89.443
19 46 74.919
19 48 94.931
20 22 20.901
20 24 31.446
20 26 42.139
20 27 52.079
20 29 51.471
20 36 45.55
20 42 34.487
20 43 91.992
20 47 11.102
21 31 65.474
21 34 13.595
21 42 36.867
21 49 40.619
22 27 98.003
22 45 93.803
22 47 34.83
23 26 25.099
23 28 22.946
23 32 81.489
23 33 7.029
23 36 24.607
23 40 33.875
23 41 77.927
23 45 66.911
23 46 26.107
24 25 75.028
24 28 60.163
25 28 49.561
25 31 65.415
25 37 22.177
25 41 66.621
26 30 84.656
26 33 59.974
26 39 35.002
26 43 26.349
26 48 9.721
27 29 29.014
27 34 35.023
27 35 47.744
27 36 10.31
27 45 82.498
28 31 23.285
29 35 29.849
29 37 68.321
29 39 42.056
30 38 73.415
30 44 23.949
30 47 84.547
30 49 77.907
31 39 64.397
31 42 60.919
32 40 87.581
32 41 41.56
33 40 93.223
33 41 0.598
34 42 46.492
34 44 61.985
34 45 79.525
34 46 40.147
34 48 73.71
37 39 43.497
37 40 48.821
37 48 14.414
37 49 90.525
39 40 63.277
39 49 8.093
40 43 45.476
40 45 59.519
41 47 45.282
43 44 54.681
45 49 94.142