49
0 39 55
44 22 43
34 18 90.11
16 40 28
0 22 25
5 21 99
7 27 70
35 21 54
28 39 71
9 40 84
21 34 61
31 42 49
12 29 24
13 40 55
8 1 77
29 39 7.11
16 43 62
45 16 83
30 43 97
30 5 63
6 2 65
2 31 80
7 21 19
45 11 21.28
25 18 12
0 16 68
8 34 91
5 19 54
27 37 29
31 38 38
15 0 74.23
36 41 44
44 16 25
10 20 42
21 43 54
4 13 53
39 9 30
31 43 47
3 25 27
17 4 23
8 44 17
36 3 10
43 1 12
2 18 92
26 19 63
17 30 12
25 38 69
10 1 4
36 48 86
7 29 90
29 14 37
34 4 7
4 10 88
16 8 76
1 43 49
25 34 95
26 36 77
32 37 33
33 35 45
31 19 28
24 1 34
7 31 5
40 30 58
36 17 1
45 41 30
42 20 41
31 41 48
43 48 59
34 38 46
36 10 60
27 4 99
42 43 66
18 28 5
26 35 8
8 36 48
20 28 80
30 22 32
40 35 51
27 15 58
32 30 36
43 30 79
16 4 14
32 6 16
26 30 97
25 28 96
14 17 57
42 18 30
42 40 22
17 34 57
36 43 37
17 16 78
5 44 98
14 7 21
11 7 1.5
2 0 48
37 45 81
30 32 73
25 31 53
29 36 13
21 16 39
27 45 49
34 31 66
41 27 5
26 48 24
2 44 19
39 42 67
1 32 82
47 42 81
0 11 88
15 3 44
18 9 67
30 11 8
47 14 83
8 47 54
31 23 14
19 9 54
35 16 58
29 26 6
27 30 64
2 39 7
14 35 84
48 5 69
28 38 36
14 40 12
2 26 69
4 30 95
48 47 92
9 26 20
3 32 30
22 38 55
48 0 28
29 25 12
4 27 83
29 12 22
31 27 8
47 43 13
0 46 17
