50
0 1 20.514
0 2 85.848
0 3 97.251
0 4 35.071
0 5 73.512
0 6 30.44
0 7 74.313
0 8 97.168
0 9 3.252
0 10 60.241
0 11 38.437
0 12 77.605
0 13 9.426
0 14 20.577
0 15 57.744
0 16 81.35
0 17 46.648
0 18 17.444
0 19 80.624
0 20 41.635
0 21 94.128
0 22 69.888
0 23 48.78
0 24 72.178
0 25 90.79
0 26 98.299
0 27 5.399
0 28 18.55
0 29 95.632
0 30 57.756
0 31 35.543
0 32 36.067
0 33 58.003
0 34 62.761
0 35 43.036
0 36 13.47
0 37 6.849
0 38 0.365
0 39 66.195
0 40 25.277
0 41 83.706
0 42 82.693
0 43 13.028
0 44 66.915
0 45 20.109
0 46 62.531
0 47 74.997
0 48 80.73
0 49 8.073
1 2 1.371
1 3 91.779
1 4 1.088
1 5 92.773
1 6 83.189
1 7 61.431
1 8 62.523
1 9 0.426
1 10 54.237
1 11 36.782
1 12 3.309
1 13 76.176
1 14 71.758
1 15 13.533
1 16 2.744
1 17 68.327
1 18 0.161
1 19 73.193
1 20 86.419
1 21 47.886
1 22 41.544
1 23 84.92
1 24 13.987
1 25 15.924
1 27 68.483
1 28 25.346
1 29 0.942
1 30 85.473
1 31 25.448
1 32 67.201
1 33 50.639
1 34 1.164
1 35 90.284
1 36 6.352
1 37 74.255
1 38 31.702
1 39 97.394
1 40 67.13
1 41 21.063
1 42 55.532
1 43 47.451
1 44 87.428
1 45 20.782
1 46 65.361
1 47 22.21
1 48 31.639
1 49 24.455
2 3 5.287
2 4 96.778
2 5 74.089
2 6 96.11
2 7 84.56
2 8 94.415
2 9 81.17
2 10 47.675
2 11 0.116
2 12 88.461
2 13 30.88
2 14 3.317
2 15 22.639
2 16 14.613
2 17 6.665
2 18 52.317
2 19 1.366
2 20 28.471
2 21 75.841
2 22 75.972
2 23 93.41
2 24 53.996
2 25 7.331
2 26 29.88
2 27 39.053
2 28 82.403
2 29 48.661
2 30 15.558
2 31 46.929
2 32 82.558
2 33 91.92
2 34 78.269
2 35 85.463
2 36 83.423
2 37 40.972
2 38 29.61
2 39 30.777
2 40 62.715
2 41 29.753
2 42 39.718
2 43 87.951
2 44 54.874
2 45 66.267
2 46 39.6
2 47 48.728
2 48 54.439
2 49 17.584
3 4 93.109
3 5 91.523
3 6 26.674
3 7 34.748
3 8 37.061
3 9 58.722
3 10 15.545
3 11 31.44
3 12 87.651
3 13 80.042
3 14 45.721
3 15 91.14
3 16 60.316
3 17 83.853
3 18 0.496
3 19 10.776
3 20 8.837
3 21 75.151
3 22 66.021
3 23 65.15
3 24 48.915
3 25 51.062
3 26 84.771
3 27 34.454
3 28 25.25
3 29 82.837
3 30 35.586
3 31 67.832
3 32 77.058
3 33 32.472
3 34 44.368
3 35 2.396
3 36 84.195
3 37 95.305
3 38 48.275
3 39 72.123
3 40 0.06
3 41 32.605
3 42 29.802
3 43 51.64
3 44 46.533
3 45 18.339
3 46 34.728
3 47 27.933
3 48 1.019
3 49 8.784
4 5 55.756
4 6 28.239
4 7 36.736
4 8 59.302
4 9 89.09
4 10 59.311
4 11 93.156
4 12 7.58
4 13 69.423
4 14 12.661
4 15 84.487
4 16 25.727
4 17 31.9
4 18 81.441
4 19 51.909
4 20 10.948
4 21 37.675
4 22 60.293
4 23 37.999
4 24 56.371
4 25 16.035
4 26 80.793
4 27 50.722
4 28 55.32
4 29 8.7
4 30 61.286
4 31 30.292
4 32 14.578
4 33 8.667
4 34 66.88
4 35 37.224
4 36 4.137
4 37 27.199
4 38 86.854
4 39 61.221
4 40 2.779
4 41 5.71
4 42 75.07
4 43 64.426
4 44 86.52
4 45 34.334
4 46 54.319
4 47 29.688
4 48 25.992
4 49 14.354
5 6 43.342
5 7 70.596
5 8 79.211
5 9 86.521
5 10 91.086
5 11 88.565
5 12 30.051
5 13 50.666
5 14 13.422
5 17 81.941
5 18 16.562
5 19 95.267
5 20 24.845
5 21 11.645
5 22 24.864
5 23 16.304
5 24 83.822
5 25 2.184
5 26 29.988
5 27 66.584
5 28 86.085
5 29 27.556
5 30 70.724
5 31 55.184
5 32 72.059
5 33 37.619
5 34 76.047
5 35 53.925
5 36 8.104
5 37 42.216
5 38 46.477
5 39 42.366
5 40 22.587
5 41 54.322
5 42 27.521
5 43 99.923
5 44 84.374
5 45 22.282
5 46 7.459
5 47 8.2
5 48 3.862
5 49 51.777
6 7 74.309
6 8 13.292
6 9 43.072
6 10 80.108
6 11 21.4
6 12 21.644
6 13 8.054
6 14 55.174
6 15 68.528
6 16 34.096
6 17 5.808
6 18 86.113
6 19 87.733
6 20 0.885
6 21 97.114
6 22 41.435
6 23 36.695
6 24 91.65
6 25 72.061
6 26 68.133
6 27 95.221
6 28 31.729
6 29 18.694
6 30 95.081
6 31 79.977
6 32 77.454
6 33 72.612
6 34 81.244
6 35 47.627
6 36 17.189
6 37 27.558
6 38 81.24
6 39 62.179
6 40 81.029
6 41 98.8
6 42 29.6
6 43 2.166
6 44 26.706
6 45 52.441
6 46 43.628
6 47 9.341
6 48 34.833
6 49 0.491
7 8 59.715
7 9 46.026
7 10 94.654
7 11 19.183
7 12 4.824
7 13 34.589
7 14 34.756
7 15 92.38
7 16 62.806
7 17 54.394
7 18 34.402
7 19 82.152
7 20 31.854
7 21 49.471
7 22 32.073
7 23 70.75
7 24 31.521
7 25 70.017
7 26 15.088
7 27 78.587
7 28 22.635
7 29 94.289
7 30 79.464
7 31 35.882
7 32 34.877
7 33 95.416
7 34 50.232
7 35 53.339
7 36 60.758
7 37 4.59
7 38 84.869
7 39 97.536
7 40 18.312
7 41 83.426
7 42 74.462
7 43 41.129
7 44 97.23
7 45 22.498
7 46 47.965
7 47 13.065
7 48 57.193
7 49 33.336
8 9 57.237
8 10 27.478
8 11 66.374
8 12 63.972
8 13 65.539
8 14 19.835
8 15 23.395
8 16 86.665
8 17 15.108
8 18 68.223
8 19 65.094
8 20 2.159
8 21 64.0
8 22 53.115
8 23 29.016
8 24 57.06
8 25 16.614
8 26 49.129
8 27 78.895
8 28 80.128
8 29 91.884
8 30 99.216
8 31 94.621
8 32 6.071
8 33 17.032
8 34 20.184
8 35 95.891
8 36 20.84
8 37 9.024
8 38 56.577
8 39 80.158
8 40 39.635
8 41 85.076
8 42 30.061
8 43 37.288
8 44 17.708
8 45 20.055
8 46 6.846
8 47 76.397
8 48 18.656
8 49 84.155
9 10 83.812
9 11 42.215
9 12 9.417
9 13 46.819
9 14 33.619
9 15 3.877
9 16 96.238
9 17 1.776
9 18 91.491
9 19 35.315
9 20 51.609
9 21 16.244
9 22 13.181
9 23 49.194
9 24 93.978
9 25 21.16
9 26 70.55
9 27 76.791
9 28 57.515
9 29 30.572
9 30 4.879
9 31 57.634
9 32 84.197
9 33 63.867
9 34 44.399
9 35 54.904
9 36 72.842
9 37 5.166
9 38 2.038
9 39 36.483
9 40 68.954
9 41 99.476
9 42 59.79
9 43 28.354
9 44 5.255
9 45 14.247
9 46 81.115
9 47 36.287
9 48 58.906
9 49 81.874
10 11 65.197
10 12 59.45
10 13 47.847
10 14 97.113
10 15 40.182
10 16 96.612
10 17 57.153
10 18 92.423
10 19 6.366
10 20 9.567
10 21 90.333
10 22 48.821
10 23 43.824
10 24 96.741
10 25 58.276
10 26 97.775
10 27 37.854
10 28 37.196
10 29 3.295
10 30 73.93
10 31 28.856
10 32 13.332
10 33 76.713
10 34 95.437
10 35 44.667
10 36 13.094
10 37 34.501
10 38 39.133
10 39 52.705
10 40 34.538
10 41 99.561
10 42 18.529
10 43 6.579
10 44 49.799
10 45 26.818
10 46 75.934
10 47 32.141
10 48 76.873
10 49 36.05
11 12 9.84
11 13 46.544
11 14 25.703
11 15 83.663
11 16 86.31
11 17 83.588
11 18 9.053
11 19 22.148
11 20 16.089
11 21 7.556
11 22 66.19
11 23 30.654
11 24 35.352
11 25 42.018
11 26 62.172
11 27 22.413
11 28 86.43
11 29 10.714
11 30 35.383
11 31 93.225
11 32 4.155
11 33 98.818
11 34 50.722
11 35 56.952
11 36 38.773
11 37 66.988
11 38 42.308
11 39 81.724
11 40 20.089
11 41 10.814
11 42 91.49
11 43 31.439
11 44 85.709
11 45 96.781
11 46 25.958
11 47 1.474
11 48 64.107
11 49 8.491
12 13 49.902
12 14 34.22
12 15 16.455
12 18 49.617
12 19 75.36
12 20 79.218
12 21 99.053
12 22 36.745
12 23 12.041
12 24 87.678
12 25 69.013
12 26 85.672
12 27 84.5
12 28 26.816
12 29 68.976
12 30 0.183
12 31 58.386
12 32 99.444
12 33 64.201
12 34 89.384
12 35 10.111
12 36 36.648
12 37 12.727
12 38 90.102
12 39 98.262
12 40 92.615
12 41 8.064
12 42 95.953
12 43 65.474
12 44 81.346
12 45 42.19
12 46 86.345
12 47 38.204
12 48 5.348
12 49 0.933
13 14 18.987
13 15 40.88
13 16 15.039
13 17 72.279
13 18 48.365
13 19 50.627
13 20 76.509
13 21 2.011
13 22 27.221
13 23 9.743
13 24 78.16
13 25 63.939
13 26 30.587
13 27 94.352
13 28 86.509
13 29 81.666
13 30 48.839
13 31 52.787
13 32 81.426
13 33 70.414
13 34 93.379
13 35 77.809
13 36 31.871
13 37 25.817
13 38 47.133
13 39 97.745
13 40 56.326
13 41 44.448
13 42 58.643
13 43 12.643
13 44 10.49
13 45 26.567
13 46 10.638
13 47 7.938
13 48 90.637
13 49 39.77
14 15 89.316
14 16 84.86
14 17 43.205
14 18 82.412
14 19 92.359
14 20 41.582
14 21 95.715
14 22 6.76
14 23 64.863
14 24 95.846
14 25 65.171
14 26 50.086
14 27 6.392
14 28 23.69
14 29 47.077
14 30 57.339
14 31 37.835
14 32 57.549
14 33 36.312
14 34 97.761
14 35 70.204
14 36 76.683
14 37 0.941
14 38 40.401
14 39 68.902
14 40 60.114
14 41 95.493
14 42 19.747
14 43 22.309
14 44 19.881
14 45 56.909
14 46 22.312
14 47 3.752
14 48 85.525
14 49 2.166
15 16 48.179
15 17 75.231
15 18 82.535
15 19 13.22
15 20 99.448
15 21 29.355
15 22 20.805
15 23 89.688
15 24 49.97
15 25 47.511
15 26 15.684
15 27 2.338
15 28 25.854
15 29 38.065
15 30 19.108
15 31 20.039
15 32 86.065
15 33 86.923
15 34 73.816
15 35 4.062
15 36 8.258
15 37 30.604
15 38 99.749
15 39 12.904
15 40 94.196
15 41 52.509
15 42 56.345
15 43 5.369
15 44 22.135
15 45 78.418
15 46 19.123
15 47 32.676
15 48 3.592
15 49 19.182
16 17 46.318
16 18 34.885
16 19 71.759
16 20 38.431
16 21 37.504
16 22 33.469
16 23 78.403
16 24 72.97
16 25 64.359
16 26 1.257
16 27 12.951
16 28 2.137
16 29 22.814
16 30 71.936
16 31 14.383
16 32 87.852
16 33 55.223
16 34 34.295
16 35 40.665
16 36 58.122
16 37 50.308
16 38 82.311
16 39 67.528
16 40 36.261
16 41 56.136
16 42 81.963
16 43 0.779
16 44 96.908
16 45 80.279
16 46 26.628
16 47 28.829
16 48 41.773
16 49 26.404
17 18 53.726
17 19 33.368
17 20 39.173
17 21 46.098
17 22 23.452
17 23 7.332
17 24 42.307
17 25 45.537
17 26 40.123
17 27 85.486
17 28 12.548
17 29 59.281
17 30 71.809
17 31 61.321
17 32 29.104
17 33 44.246
17 34 67.797
17 35 16.585
17 36 46.992
17 37 41.729
17 38 54.123
17 39 77.787
17 40 55.615
17 41 63.955
17 42 33.376
17 43 48.392
17 44 98.32
17 45 63.049
17 46 46.9
17 47 16.772
17 48 38.01
17 49 31.201
18 19 17.096
18 20 27.147
18 21 44.726
18 22 61.043
18 23 57.441
18 24 37.858
18 25 81.842
18 26 2.602
18 27 17.342
18 28 55.965
18 29 47.607
18 30 25.506
18 31 64.215
18 32 71.889
18 33 67.155
18 34 60.122
18 35 19.379
18 36 7.08
18 37 66.872
18 38 57.582
18 39 45.431
18 40 19.678
18 41 33.912
18 42 39.289
18 43 51.931
18 44 60.592
18 45 26.812
18 46 98.598
18 47 19.673
18 48 59.645
18 49 67.35
19 20 23.463
19 21 6.251
19 22 70.895
19 23 2.173
19 24 10.698
19 25 69.95
19 26 41.444
19 27 49.893
19 28 28.372
19 29 7.266
19 30 26.794
19 31 66.853
19 32 72.993
19 33 82.336
19 34 83.509
19 35 22.301
19 36 17.574
19 37 18.086
19 38 76.998
19 39 19.478
19 40 28.108
19 41 20.019
19 42 66.081
19 43 71.59
19 44 17.225
19 45 13.12
19 46 32.186
19 47 99.341
19 48 52.13
19 49 88.119
20 21 4.281
20 22 22.998
20 23 13.281
20 24 71.049
20 25 14.545
20 26 77.215
20 27 92.411
20 28 2.233
20 29 10.549
20 30 25.165
20 31 20.79
20 32 27.399
20 33 15.099
20 34 28.843
20 35 0.513
20 36 51.963
20 37 81.207
20 38 65.703
20 39 93.193
20 40 18.831
20 41 28.291
20 42 86.5
20 43 98.694
20 44 56.183
20 45 86.425
20 46 81.329
20 47 60.731
20 48 56.124
20 49 33.757
21 22 69.113
21 23 55.032
21 24 4.644
21 25 48.106
21 26 0.072
21 27 50.155
21 28 83.386
21 29 87.846
21 30 66.65
21 31 31.13
21 32 89.921
21 33 18.919
21 34 80.253
21 35 5.569
21 36 6.853
21 37 81.733
21 40 83.453
21 41 50.373
21 42 7.893
21 43 71.765
21 44 76.17
21 45 63.248
21 46 11.804
21 47 49.743
21 48 86.45
21 49 0.657
22 23 15.744
22 24 99.659
22 25 2.118
22 26 66.971
22 27 58.925
22 28 72.671
22 29 45.32
22 30 20.282
22 31 91.104
22 32 93.211
22 33 10.357
22 34 84.554
22 35 74.073
22 36 84.113
22 37 42.363
22 38 6.004
22 39 52.763
22 40 1.698
22 41 88.607
22 42 60.036
22 43 60.32
22 44 25.899
22 45 15.769
22 46 28.171
22 47 44.755
22 48 48.588
22 49 75.301
23 24 65.098
23 25 57.714
23 26 51.94
23 27 42.133
23 28 63.534
23 29 39.042
23 30 68.351
23 31 10.19
23 32 84.671
23 33 78.13
23 34 70.292
23 35 36.157
23 36 84.085
23 37 42.683
23 38 49.641
23 39 51.757
23 40 87.862
23 41 47.494
23 42 64.764
23 43 5.575
23 44 21.649
23 45 66.321
23 46 30.702
23 47 12.592
23 48 77.471
23 49 28.651
24 25 52.635
24 26 36.261
24 27 90.764
24 28 8.618
24 29 9.327
24 30 34.522
24 31 19.58
24 32 97.132
24 33 18.819
24 34 98.077
24 35 42.747
24 36 4.333
24 37 60.422
24 38 5.741
24 39 76.746
24 40 70.032
24 41 65.899
24 42 72.656
24 43 78.459
24 44 87.477
24 45 37.325
24 46 43.65
24 47 12.218
24 48 71.619
24 49 8.257
25 26 60.362
25 27 75.606
25 28 42.313
25 29 60.041
25 30 4.91
25 31 60.48
25 32 48.613
25 33 67.394
25 34 35.099
25 35 98.217
25 36 67.422
25 37 31.742
25 38 40.047
25 39 31.158
25 40 74.993
25 41 48.498
25 42 74.96
25 43 73.296
25 44 29.572
25 45 13.317
25 46 96.338
25 47 54.951
25 48 65.347
25 49 98.568
26 27 89.596
26 28 64.322
26 29 38.64
26 30 25.483
26 31 56.002
26 32 28.996
26 33 40.33
26 34 85.41
26 35 67.309
26 36 67.8
26 37 86.917
26 38 11.782
26 39 6.004
26 40 96.894
26 41 66.846
26 42 10.766
26 43 32.592
26 44 1.012
26 45 29.97
26 46 76.709
26 47 13.26
26 48 80.953
26 49 7.371
27 28 90.565
27 29 99.535
27 30 36.318
27 31 63.684
27 32 76.459
27 33 84.209
27 34 37.262
27 35 39.02
27 36 48.088
27 37 22.958
27 38 53.566
27 39 74.734
27 40 54.193
27 41 98.282
27 42 21.082
27 43 35.349
27 44 49.17
27 45 64.747
27 46 69.891
27 47 19.587
27 48 45.95
27 49 51.756
28 29 66.355
28 30 97.85
28 31 43.389
28 32 23.229
28 33 89.744
28 34 73.21
28 35 13.577
28 36 54.54
28 37 29.83
28 38 24.778
28 39 26.573
28 40 65.276
28 41 79.403
28 42 85.915
28 43 59.087
28 44 99.508
28 45 90.395
28 46 29.017
28 47 19.145
28 48 3.374
28 49 63.667
29 30 13.809
29 31 0.821
29 32 37.49
29 33 1.822
29 34 81.222
29 35 94.837
29 36 40.362
29 37 24.862
29 38 10.408
29 39 67.109
29 40 92.982
29 41 70.798
29 42 61.05
29 43 26.829
29 44 33.966
29 45 33.114
29 46 3.498
29 47 37.206
29 48 8.429
29 49 17.483
30 31 46.791
30 32 63.84
30 33 32.948
30 34 37.4
30 35 12.254
30 36 15.261
30 37 19.564
30 38 60.105
30 39 33.099
30 40 0.738
30 41 53.048
30 42 39.425
30 43 83.731
30 44 21.368
30 45 3.866
30 46 86.312
30 47 29.793
30 48 26.368
30 49 82.489
31 32 25.664
31 33 73.778
31 34 92.991
31 35 21.402
31 36 48.056
31 37 23.576
31 38 89.065
31 39 86.005
31 40 14.968
31 41 88.485
31 42 70.758
31 43 13.508
31 44 77.615
31 45 96.564
31 46 61.997
31 47 22.589
31 48 11.982
31 49 89.835
32 33 12.312
32 34 5.426
32 35 66.508
32 36 32.434
32 37 15.82
32 38 11.5
32 39 76.098
32 40 30.224
32 41 1.164
32 42 30.767
32 43 15.902
32 44 23.688
32 45 16.925
32 46 91.598
32 47 97.283
32 48 39.464
32 49 21.54
33 34 44.43
33 35 14.05
33 36 54.57
33 37 54.088
33 38 80.196
33 39 47.924
33 40 99.237
33 41 90.904
33 42 33.413
33 43 65.452
33 44 31.252
33 45 65.239
33 46 28.877
33 47 84.111
33 48 56.202
33 49 97.731
34 35 26.129
34 36 48.587
34 37 39.91
34 38 50.815
34 39 32.955
34 40 8.086
34 41 5.719
34 42 54.624
34 43 69.885
34 44 93.756
34 45 72.033
34 46 31.932
34 47 87.966
34 48 80.396
34 49 99.706
35 36 56.406
35 37 92.187
35 38 85.935
35 39 35.534
35 40 29.465
35 43 33.33
35 44 75.775
35 45 11.063
35 46 66.822
35 47 95.845
35 48 93.001
35 49 45.514
36 37 99.438
36 38 3.539
36 39 6.79
36 40 78.165
36 41 29.279
36 42 28.568
36 43 67.778
36 44 41.674
36 45 31.515
36 46 42.198
36 47 77.556
36 48 86.048
36 49 6.793
37 38 75.889
37 39 32.072
37 40 80.322
37 41 79.58
37 42 45.629
37 43 0.471
37 44 83.239
37 45 81.466
37 46 53.591
37 47 48.211
37 48 93.703
37 49 78.796
38 39 2.035
38 40 41.791
38 41 4.773
38 42 89.51
38 43 79.085
38 44 90.617
38 45 59.245
38 46 16.902
38 47 50.467
38 48 96.386
38 49 0.557
39 40 0.625
39 41 8.507
39 42 27.335
39 43 90.575
39 44 3.724
39 45 54.123
39 46 20.153
39 47 73.263
39 48 15.25
39 49 51.529
40 41 60.133
40 42 78.502
40 43 99.404
40 44 94.653
40 45 17.519
40 46 98.46
40 47 67.755
40 48 87.029
40 49 46.197
41 42 94.27
41 43 73.541
41 44 17.485
41 45 92.314
41 46 78.735
41 47 69.891
41 48 91.07
41 49 94.224
42 43 59.699
42 44 97.351
42 45 99.038
42 46 48.78
42 47 68.789
42 48 31.068
42 49 54.368
43 44 8.638
43 45 44.516
43 46 95.048
43 47 20.732
43 48 58.231
43 49 64.032
44 45 4.285
44 46 12.671
44 47 25.199
44 48 39.879
44 49 3.463
45 46 7.641
45 47 21.935
45 48 14.842
45 49 45.599
46 47 39.941
46 48 61.714
46 49 64.509
47 48 78.767
47 49 6.768
48 49 19.56
