50
0 1 30.096
0 3 37.617
0 5 5.036
0 6 7.428
0 7 37.045
0 15 83.912
0 16 68.061
0 18 77.501
0 20 60.97
0 24 9.889
0 25 45.007
0 27 29.21
0 28 2.328
0 29 24.812
0 30 29.878
0 34 46.044
0 36 15.659
0 41 50.326
0 42 51.41
0 48 27.572
1 2 1.261
1 4 2.552
1 6 73.229
1 7 18.814
1 8 27.979
1 9 61.157
1 12 93.797
1 15 55.27
1 16 16.043
1 17 36.316
1 20 41.872
1 21 46.0
1 22 89.464
1 24 6.864
1 26 38.768
1 27 91.042
1 35 83.178
1 36 96.77
1 40 39.772
1 41 44.073
1 42 3.282
1 44 7.929
1 45 64.62
1 46 24.928
1 49 45.928
2 4 24.919
2 6 77.335
2 7 67.498
2 13 35.624
2 14 74.454
2 15 86.764
2 17 90.796
2 19 62.471
2 20 38.419
2 22 34.885
2 24 82.646
2 25 26.326
2 30 13.02
2 31 73.738
2 32 24.734
2 37 45.524
2 42 69.806
2 45 15.954
2 46 40.793
2 47 63.794
2 48 76.368
2 49 16.425
3 4 55.116
3 6 10.629
3 7 25.73
3 10 76.103
3 12 7.325
3 13 53.479
3 16 63.344
3 17 91.594
3 18 32.589
3 24 66.308
3 25 1.808
3 26 49.374
3 27 95.863
3 30 25.665
3 31 86.393
3 33 81.367
3 34 65.643
3 35 44.256
3 36 2.863
3 37 75.481
3 38 24.615
3 41 56.906
3 42 92.538
3 43 39.237
3 45 27.124
3 46 49.809
3 47 98.722
3 48 9.389
4 7 61.242
4 8 87.963
4 12 96.571
4 14 13.783
4 15 66.163
4 16 9.468
4 19 84.852
4 21 45.325
4 23 25.669
4 24 51.593
4 26 66.761
4 27 99.403
4 33 86.596
4 36 37.322
4 37 65.508
4 41 29.514
4 48 0.596
5 9 9.148
5 11 6.45
5 17 27.478
5 19 15.288
5 22 32.382
5 23 73.575
5 29 26.142
5 30 35.062
5 32 26.851
5 35 59.103
5 37 50.658
5 40 71.176
5 41 76.931
5 43 92.451
5 44 71.061
5 45 66.498
5 46 18.098
5 47 12.0
5 48 57.48
6 9 80.701
6 12 95.568
6 15 48.399
6 16 60.827
6 17 93.808
6 18 85.366
6 20 5.827
6 22 49.207
6 24 42.826
6 25 40.366
6 26 93.394
6 27 30.737
6 29 60.534
6 36 60.712
6 37 69.01
6 41 39.827
6 43 56.464
6 47 92.816
7 9 4.8
7 11 32.942
7 18 45.026
7 19 50.548
7 20 26.918
7 24 45.298
7 25 46.137
7 26 79.564
7 28 37.487
7 29 24.44
7 30 96.934
7 35 6.079
7 37 25.016
7 39 57.103
7 40 93.745
7 43 98.581
7 48 50.118
7 49 15.655
8 9 8.419
8 11 74.419
8 12 35.18
8 13 96.471
8 18 78.506
8 21 42.337
8 22 3.653
8 23 11.566
8 25 8.16
8 26 20.995
8 27 22.694
8 28 29.875
8 32 11.498
8 33 25.54
8 34 79.225
8 36 42.48
8 37 10.003
8 40 24.075
8 43 51.683
8 45 29.149
8 49 27.626
9 10 13.762
9 12 7.914
9 14 18.509
9 16 19.991
9 20 51.701
9 21 65.228
9 23 18.961
9 25 34.72
9 26 63.034
9 27 64.785
9 28 8.308
9 30 45.214
9 31 99.271
9 32 71.165
9 35 52.918
9 37 43.971
9 38 21.53
9 39 71.642
9 40 30.459
9 42 50.444
9 43 55.516
9 44 57.664
9 46 24.31
9 48 50.133
10 11 54.742
10 12 13.136
10 15 12.24
10 16 80.109
10 18 27.553
10 24 15.221
10 25 10.98
10 26 4.879
10 27 64.719
10 28 11.096
10 30 13.389
10 33 43.472
10 34 62.726
10 39 99.843
10 41 64.552
10 43 62.344
10 44 74.429
10 45 77.063
10 48 73.083
11 12 53.493
11 13 25.183
11 14 13.447
11 17 57.38
11 19 9.062
11 20 43.661
11 21 47.049
11 23 98.798
11 28 93.762
11 30 52.659
11 32 9.841
11 33 47.64
11 36 29.4
11 37 53.669
11 40 20.563
11 41 87.482
11 45 76.025
11 48 35.934
11 49 45.513
12 13 87.927
12 14 93.29
12 15 93.009
12 17 40.754
12 18 65.219
12 23 23.31
12 25 35.591
12 26 36.163
12 27 48.695
12 28 74.732
12 31 49.237
12 34 61.636
12 36 94.714
12 39 95.611
12 41 10.498
12 43 69.593
12 44 63.515
12 48 7.084
13 15 18.244
13 16 73.212
13 17 57.246
13 18 48.007
13 22 79.334
13 25 10.835
13 30 16.693
13 32 99.922
13 36 71.732
13 41 79.118
13 42 75.564
13 44 67.969
14 17 62.815
14 18 41.357
14 19 31.878
14 20 11.347
14 24 81.76
14 25 27.198
14 26 89.861
14 28 41.093
14 31 13.448
14 35 91.647
14 38 88.334
14 39 91.359
14 41 6.73
14 42 54.471
14 43 71.452
15 18 39.135
15 20 44.26
15 21 99.871
15 23 32.893
15 24 4.908
15 26 17.184
15 29 85.021
15 33 74.908
15 37 3.792
15 47 64.564
15 48 13.591
16 18 48.964
16 20 90.096
16 21 50.266
16 25 74.524
16 26 72.038
16 30 90.582
16 32 98.357
16 33 46.623
16 36 40.953
16 38 77.105
16 40 58.653
16 42 36.949
16 43 63.902
16 45 76.608
16 47 9.728
16 49 61.222
17 18 7.934
17 19 53.774
17 20 27.286
17 22 34.447
17 23 3.86
17 25 37.719
17 26 35.685
17 28 67.88
17 29 93.691
17 31 77.069
17 34 89.302
17 37 10.581
17 38 59.934
17 40 65.676
17 42 54.92
17 43 57.414
18 23 39.98
18 29 26.465
18 30 90.292
18 35 80.952
18 36 69.777
18 37 10.33
18 38 89.316
18 39 52.864
18 40 92.213
18 44 99.561
18 45 20.648
18 47 96.073
18 48 47.093
18 49 69.174
19 21 96.196
19 25 34.135
19 27 64.837
19 28 94.525
19 29 77.781
19 35 18.781
19 36 17.064
19 37 95.774
19 38 50.134
19 40 49.674
19 41 40.038
19 43 32.525
19 46 3.216
19 47 54.664
20 22 51.295
20 23 73.205
20 26 80.025
20 28 99.522
20 30 61.426
20 31 3.499
20 36 72.938
20 38 94.843
20 42 45.669
20 43 37.844
20 45 64.537
21 24 21.509
21 26 59.796
21 27 97.091
21 28 62.22
21 29 76.969
21 30 89.483
21 33 17.049
21 35 13.404
21 36 41.37
21 41 27.039
21 43 62.85
21 44 91.73
21 46 51.23
21 48 72.11
21 49 73.741
22 23 9.338
22 24 37.113
22 26 15.966
22 27 51.312
22 29 8.003
22 30 71.584
22 31 14.412
22 36 57.015
22 39 8.541
22 40 26.998
22 42 78.871
22 43 5.85
22 44 24.072
22 46 79.707
22 47 50.584
22 49 41.254
23 25 23.37
23 31 34.852
23 32 35.459
23 33 39.229
23 36 56.142
23 38 79.92
23 42 53.318
23 44 46.208
23 45 38.763
23 47 77.301
23 49 55.473
24 30 29.333
24 33 27.671
24 36 90.261
24 37 28.915
24 38 83.317
24 41 46.157
24 42 2.935
24 44 53.324
24 47 65.392
24 48 34.15
24 49 84.415
25 28 33.452
25 30 14.705
25 32 80.488
25 33 25.42
25 34 71.715
25 36 16.691
25 45 58.253
26 27 30.699
26 29 69.218
26 32 46.505
26 33 21.993
26 36 98.382
26 37 68.378
26 41 26.322
26 43 11.917
26 46 14.57
26 47 80.692
26 48 7.726
26 49 54.51
27 34 86.296
27 35 34.197
27 37 18.133
27 40 82.454
27 45 98.341
27 47 82.255
27 48 15.268
27 49 96.74
28 29 50.792
28 36 90.485
28 37 54.619
28 40 55.516
28 44 3.425
28 46 42.678
28 47 71.034
28 48 6.303
29 31 80.043
29 32 0.29
29 37 46.661
29 38 49.339
29 39 31.22
29 40 46.199
29 41 53.501
29 47 2.434
30 31 92.734
30 34 78.943
30 36 62.088
30 38 63.374
30 42 72.113
30 49 23.825
31 33 32.282
31 34 86.405
31 36 79.796
31 38 20.365
31 39 5.077
31 40 28.987
31 45 10.817
31 47 25.79
31 48 91.14
32 33 18.363
32 37 52.861
32 41 13.797
32 42 85.085
32 43 50.827
32 44 42.976
32 45 85.297
32 49 79.974
33 35 66.084
33 36 4.21
33 37 84.331
33 42 53.426
33 44 91.782
33 45 82.16
33 47 79.567
33 49 9.424
34 37 83.227
34 38 9.143
34 39 33.469
34 41 96.661
34 42 30.539
34 43 59.613
34 44 69.238
34 46 94.441
34 48 76.866
34 49 35.437
35 36 61.389
35 37 85.303
35 38 79.327
35 39 34.247
35 40 56.229
35 41 11.256
35 43 59.091
35 44 36.899
35 47 58.673
35 49 34.34
36 37 46.366
36 43 16.916
36 44 18.41
36 46 46.854
36 48 41.266
36 49 6.278
37 45 79.521
38 39 62.375
38 40 33.451
38 44 13.282
38 46 23.415
38 47 6.778
38 49 32.735
39 40 75.115
39 41 4.249
39 45 28.98
39 47 80.502
39 48 84.205
39 49 68.928
40 42 16.566
40 44 82.644
40 46 67.938
40 47 8.75
41 45 76.619
41 47 53.013
42 43 53.52
42 45 18.775
42 46 0.172
42 47 25.695
42 48 38.894
42 49 32.564
43 44 47.573
43 45 37.394
43 47 38.824
44 46 44.003
44 48 79.292
44 49 41.663
45 47 98.206
46 47 63.811
46 49 98.342
47 48 60.187
48 49 34.546