50
0 25 55.88
1 26 48.86
2 27 95.26
3 28 58.17
4 29 55.13
5 30 40.04
6 31 91.15
7 32 75.91
8 33 76.1
9 34 38.55
10 35 98.4
11 36 81.77
12 37 97.55
13 38 94.91
14 39 58.09
15 40 54.71
16 41 89.28
17 42 44.42
18 43 80.24
19 44 8.43
20 45 10.46
21 46 79.77
22 47 12.6
23 48 51.21
24 49 78.44
0 1 70.98
1 2 95.79
2 3 78.86
3 4 33.3
4 5 71.99
5 6 5.0
6 7 4.18
7 8 55.05
8 9 94.58
9 10 86.13
10 11 6.52
11 12 99.67
12 13 74.86
13 14 30.48
14 15 19.49
15 16 7.77
16 17 5.63
17 18 96.12
18 19 60.71
19 20 5.53
20 21 58.41
21 22 76.42
22 23 48.37
23 24 61.26
