50
10 4 89.469
2 10 30.342
28 4 41.879
39 2 6.466
40 4 4.234
21 40 2.731
3 28 36.280
47 10 48.566
9 2 66.805
46 28 69.877
41 10 31.857
32 46 0.808
5 28 43.306
24 4 95.791
38 10 91.262
15 3 16.150
23 5 5.314
16 24 78.301
17 28 32.541
20 46 75.630
29 15 85.033
49 47 0.168
0 9 37.343
43 28 42.553
27 43 94.881
44 15 4.767
35 15 80.533
18 41 24.393
7 16 88.485
19 0 65.656
36 7 12.252
33 43 22.928
30 43 41.604
45 32 54.231
37 2 78.090
34 18 5.530
13 9 84.020
22 21 58.019
1 44 37.184
25 49 31.078
31 18 17.971
8 16 27.589
42 38 92.031
6 2 4.926
12 0 81.519
48 42 29.003
26 4 5.778
14 25 95.055
11 18 86.709