50
0 1 59.667
1 2 33.028
2 3 8.681
3 4 43.65
4 5 14.281
5 6 66.974
6 7 71.231
7 8 39.78
8 9 36.043
9 10 12.446
10 11 80.496
11 12 30.337
12 13 85.894
13 14 41.176
14 15 79.973
15 16 75.011
16 17 82.146
17 18 24.072
18 19 49.789
19 20 3.525
20 21 21.195
21 22 5.878
22 23 50.207
23 24 77.629
24 25 47.38
25 26 83.8
26 27 36.934
27 28 60.127
28 29 63.527
29 30 33.917
30 31 96.158
31 32 72.786
32 33 12.287
33 34 67.301
34 35 50.613
35 36 65.912
36 37 60.612
37 38 25.12
38 39 51.45
39 40 98.839
40 41 19.725
41 42 70.611
42 43 27.095
43 44 74.36
44 45 72.61
45 46 74.864
46 47 30.411
47 48 77.054
48 49 81.043
14 7 10.921
12 11 5.714
40 38 62.819
34 40 37.621
33 42 89.679
10 33 76.792
23 29 35.917
36 32 8.486
7 36 21.117
21 38 29.585
6 28 42.151
7 45 30.138
45 21 63.312
28 49 93.088
42 46 64.181
1 41 44.309
14 46 67.02
22 47 73.568
33 45 28.567
32 42 91.49
14 25 86.471
18 29 1.865
49 35 78.505
15 23 41.999
46 13 87.433
22 39 95.791
42 24 47.281
1 3 31.525
2 8 46.836
10 6 61.896
35 18 72.322
3 48 39.191
25 10 63.116
25 4 25.311
10 36 49.844
38 0 4.517
1 11 77.793
46 48 95.464
2 45 40.649
29 48 15.567
7 11 20.998
14 15 35.004
38 0 92.382
24 43 19.428
18 42 11.78
21 46 70.714
9 28 77.828
36 13 73.513
