50
0 1 0.25
0 2 0.5
1 3 0.75
3 4 0.5
4 0 1.25
4 5 0.25
5 3 0.25
5 6 0.50
6 7 0.25
6 8 0.25
8 9 0.5
9 10 0.25
10 8 0.75
10 12 0.5
12 11 0.5
11 8 0.75
12 13 0.5
13 14 0.25
13 15 0.5
15 16 0.25
16 14 0.5
16 13 0.75
16 17 1
16 18 0.75
18 19 0.25
18 20 0.5
20 21 1.25
21 22 0.25
22 23 0.25
23 21 0.5
23 24 0.75
24 25 1
24 26 0.25
26 25 0.5
26 28 0.25
28 27 0.5
27 25 0.25
28 29 1.25
28 30 1.25
30 31 1
31 32 0.75
32 33 0.25
33 34 0.75
33 36 0.75
36 35 0.25
35 32 0.5
35 37 1.25
36 38 0.75
38 39 0.5
39 40 0.25
40 41 0.5
41 39 0.5
41 44 1.25
44 43 0.5
44 45 1
43 42 0.25
42 40 0.5
44 46 0.25
46 47 1
47 48 1.5
48 49 1.5
49 34 2