50
0 1 98.441
1 2 25.334
2 0 97.881
2 3 22.113
3 4 1.76
4 5 80.698
5 3 81.597
5 6 63.485
6 7 56.486
7 8 74.064
8 6 85.672
8 9 74.349
9 10 41.18
10 11 24.471
11 9 53.262
11 12 86.122
12 13 97.626
13 14 91.396
14 12 76.515
14 15 61.314
15 16 74.197
16 17 32.771
17 15 51.132
17 18 16.277
18 19 82.983
19 20 63.837
20 18 53.809
20 21 40.048
21 22 71.63
22 23 38.168
23 21 87.795
23 24 0.68
24 25 58.191
25 26 84.581
26 24 93.97
26 27 35.921
27 28 79.96
28 29 44.298
29 27 83.897
29 30 5.839
30 31 71.57
31 32 65.885
32 30 65.665
32 33 68.183
33 34 58.814
34 35 84.81
35 33 28.735
35 36 46.911
36 37 36.887
37 38 85.569
38 36 89.077
38 39 2.951
39 40 76.822
40 41 51.047
41 39 96.863
41 42 64.701
42 43 47.94
43 44 31.502
44 42 70.171
44 45 54.988
45 46 44.646
46 47 18.85
47 45 55.136
47 48 3.99
48 49 84.153
