49
0 1 0.001
0 6 0.001
0 7 0.001
1 6 0.001
1 7 0.001
2 7 0.5
2 8 0.25
3 4 0.25
4 5 0.51
4 10 0.5
4 11 0.3
5 10 0.001
5 11 0.52
10 11 0.001
6 7 0.001
6 12 0.498
8 9 0.25
8 14 0.3
9 14 0.25
9 4 0.25
14 20 0.23
20 13 0.5
20 15 0.45
13 12 0.001
13 18 0.6
13 19 0.5
15 21 0.25
21 22 0.25
22 23 0.001
22 17 0.001
22 16 0.51
16 17 0.001
16 11 0.5
16 23 0.52
17 23 0.57
12 19 0.001
12 18 0.27
18 19 0.3
19 24 0.5
13 26 0.001
22 29 0.003
24 25 0.01
24 31 0.001
29 34 0.001
29 35 0.001
34 35 0.1
28 35 0.001
28 34 0.1
28 29 0.1
27 28 0.8
27 33 0.7
26 33 0.1
26 32 0.1
26 31 0.1
25 31 0.1
25 30 0.5
30 31 0.3
24 30 0.001
30 36 0.1
36 37 0.001
36 42 0.001
36 43 0.001
37 42 0.001
37 43 0.001
42 43 0.001
37 44 0.001
32 39 0.4
32 38 0.1
38 39 0.3
38 44 0.109
34 41 0.001
41 40 0.9
41 46 0.9
41 47 0.9
46 47 0.001
40 47 0.9
40 46 0.9
46 48 0.9
47 48 0.001
45 46 0.9
39 46 0.1