50
0 1 32.34
1 2 7.03
2 3 42.28
3 4 88.62
4 5 77.04
5 6 99.01
6 7 10.28
7 8 71.95
8 9 40.7
9 10 79.3
10 11 97.67
11 12 81.24
12 13 57.15
13 14 22.97
14 15 57.98
15 16 20.48
16 17 31.12
17 18 51
18 19 35.36
19 20 85.27
20 21 65.22
21 22 73.73
22 23 94.79
23 24 97.09
24 25 6.06
25 26 72.12
26 27 34.6
27 28 38.43
28 29 38.17
29 30 53.93
30 31 46.16
31 32 70.36
32 33 96.33
33 34 12.01
34 35 79.44
35 36 18.55
36 37 37.67
37 38 54.92
38 39 45.11
39 40 20.53
40 41 13.15
41 42 76.25
42 43 34.07
43 44 37.42
44 45 4.83
45 46 78.45
46 47 63.3
47 48 46.62
48 49 50.14
