50
0 1 86.163
0 2 31.698
0 3 69.006
0 23 61.816
0 40 62.018
0 48 63.237
0 38 3.442
0 32 18.136
0 34 51.73
0 12 57.87
0 36 45.004
0 26 29.572
0 14 7.762
0 28 71.248
0 8 75.045
0 31 58.189
0 16 84.082
0 41 9.437
0 18 94.145
0 46 8.005
0 11 60.827
0 27 60.537
0 30 16.152
0 29 87.233
0 35 9.131
0 39 12.619
0 42 13.964
0 5 45.479
0 4 8.966
0 25 79.561
0 0 0.001
1 39 22.877
1 4 29.965
1 23 30.538
1 16 45.369
1 18 24.971
1 40 8.628
1 44 91.172
1 26 43.315
1 43 61.751
1 20 64.268
1 17 20.945
1 19 9.877
1 2 21.81
1 27 50.228
1 46 89.48
1 38 23.261
1 28 2.61
1 48 23.828
1 37 54.758
1 21 17.643
1 31 62.993
1 10 4.715
1 33 6.4
1 7 43.239
1 5 25.454
1 41 86.409
1 25 58.978
1 13 71.725
1 1 0.001
2 4 49.157
2 6 97.621
2 33 26.654
2 48 14.466
2 32 11.867
2 41 58.396
2 11 98.107
2 47 43.045
2 42 74.334
2 44 16.425
2 12 49.146
2 7 24.786
2 37 43.953
2 35 14.307
2 22 25.247
2 21 91.936
2 46 50.835
2 25 3.345
2 3 95.64
2 49 65.998
2 8 38.79
2 30 21.578
2 38 22.048
2 17 23.516
2 13 91.089
2 15 73.088
2 16 60.972
2 14 94.266
2 10 13.374
2 9 58.161
2 18 55.254
2 24 23.7
2 2 0.001
3 7 36.734
3 8 95.338
3 14 57.617
3 20 20.421
3 33 75.357
3 38 43.017
3 5 87.521
3 24 24.138
3 18 63.835
3 44 78.86
3 9 93.735
3 36 30.968
3 49 30.1
3 37 21.991
3 6 72.978
3 39 90.991
3 12 5.372
3 42 95.554
3 30 20.521
3 4 44.835
3 10 40.253
3 35 35.895
3 15 20.694
3 48 11.701
3 31 56.448
3 17 73.892
3 3 0.001
4 5 87.62
4 13 68.503
4 8 68.862
4 14 85.801
4 10 99.168
4 6 24.43
4 44 73.623
4 45 55.274
4 25 98.213
4 21 0.036
4 18 54.455
4 35 32.865
4 24 17.735
4 19 81.471
4 36 48.622
4 11 39.772
4 23 7.179
4 42 97.579
4 12 94.968
4 39 65.868
4 9 23.352
4 34 66.32
4 16 35.427
4 29 90.579
4 7 95.838
4 46 47.704
4 20 44.53
4 4 0.001
5 45 32.452
5 19 17.374
5 37 80.978
5 27 1.296
5 34 94.045
5 38 84.169
5 23 47.797
5 13 92.593
5 41 46.442
5 35 56.344
5 14 15.511
5 39 25.864
5 25 33.745
5 46 94.761
5 30 35.806
5 15 30.548
5 26 42.313
5 6 27.336
5 7 65.085
5 44 33.18
5 48 12.356
5 32 19.415
5 31 41.497
5 12 0.997
5 43 12.669
5 16 34.78
5 18 40.764
5 5 0.001
6 16 93.387
6 46 79.273
6 37 63.526
6 15 86.287
6 21 30.853
6 25 96.825
6 11 16.008
6 10 95.217
6 29 5.926
6 22 52.192
6 35 44.6
6 17 4.314
6 19 3.066
6 18 71.476
6 14 33.413
6 39 77.478
6 49 58.359
6 40 18.116
6 38 98.413
6 26 33.542
6 34 86.257
6 7 73.175
6 24 93.636
6 6 0.001
7 9 15.503
7 10 78.069
7 11 14.31
7 15 37.073
7 46 75.231
7 33 14.004
7 30 6.085
7 23 52.133
7 25 91.561
7 8 41.242
7 47 44.458
7 34 46.093
7 12 45.407
7 24 33.456
7 44 16.441
7 35 77.601
7 27 41.968
7 28 51.5
7 29 90.816
7 7 0.001
8 12 28.606
8 47 11.362
8 14 15.637
8 37 6.878
8 30 16.386
8 26 15.303
8 13 87.3
8 36 68.964
8 23 73.248
8 35 99.489
8 28 99.852
8 9 52.35
8 27 45.529
8 18 12.754
8 41 10.919
8 15 7.062
8 17 16.092
8 21 46.264
8 42 33.829
8 8 0.001
9 24 45.927
9 28 19.983
9 37 17.66
9 26 63.699
9 33 96.081
9 35 4.134
9 39 61.889
9 16 49.595
9 48 77.385
9 32 92.084
9 12 76.514
9 46 41.827
9 18 46.022
9 14 49.778
9 44 9.7
9 23 56.904
9 49 47.514
9 25 53.052
9 41 93.779
9 15 93.518
9 31 52.873
9 34 28.758
9 17 99.857
9 10 11.466
9 47 12.589
9 20 21.414
9 43 81.528
9 30 44.168
9 9 0.001
10 19 53.014
10 22 7.983
10 49 17.838
10 32 13.556
10 38 24.407
10 27 29.912
10 40 68.416
10 26 36.929
10 12 85.993
10 48 47.917
10 36 57.56
10 42 11.433
10 28 94.695
10 33 74.27
10 47 78.575
10 31 38.97
10 39 23.633
10 43 62.406
10 15 41.169
10 10 0.001
11 17 55.969
11 44 61.499
11 31 29.416
11 34 46.027
11 15 54.143
11 29 62.191
11 20 15.471
11 19 5.566
11 40 29.396
11 42 99.386
11 49 95.583
11 37 97.296
11 33 78.523
11 28 25.279
11 14 12.79
11 21 31.251
11 12 7.909
11 43 39.997
11 11 0.001
12 30 32.682
12 39 86.433
12 18 40.744
12 31 99.002
12 19 87.686
12 46 95.416
12 37 41.546
12 38 75.983
12 41 75.712
12 29 57.248
12 33 81.456
12 34 95.381
12 40 74.731
12 44 89.598
12 35 60.918
12 25 39.214
12 17 5.584
12 26 25.376
12 23 71.72
12 27 70.654
12 48 78.076
12 24 24.004
12 47 96.112
12 16 24.893
12 12 0.001
13 42 28.158
13 16 16.318
13 49 21.758
13 38 80.863
13 27 64.803
13 44 64.549
13 30 39.585
13 35 66.467
13 24 86.398
13 18 68.818
13 32 9.663
13 20 8.319
13 14 23.834
13 45 86.673
13 31 80.788
13 28 49.46
13 41 82.047
13 43 70.754
13 19 69.793
13 13 0.001
14 18 26.503
14 21 61.777
14 27 57.111
14 24 99.593
14 32 36.179
14 23 55.424
14 41 16.026
14 16 53.717
14 48 51.645
14 45 64.921
14 46 98.836
14 47 4.355
14 17 58.045
14 15 55.106
14 49 4.597
14 31 99.9
14 26 96.236
14 14 0.001
15 25 65.723
15 29 42.197
15 21 14.143
15 27 90.374
15 46 75.838
15 44 29.282
15 28 86.636
15 16 43.912
15 31 80.676
15 33 53.882
15 24 84.273
15 42 5.342
15 20 9.268
15 36 94.901
15 18 5.688
15 41 44.611
15 15 0.001
16 44 29.744
16 45 1.41
16 41 8.563
16 38 34.054
16 37 76.489
16 21 79.982
16 46 81.752
16 43 88.817
16 26 1.535
16 42 61.747
16 34 70.146
16 29 9.323
16 18 59.577
16 39 40.48
16 35 23.294
16 16 0.001
17 33 20.346
17 24 40.176
17 19 98.747
17 48 87.038
17 39 20.384
17 25 37.574
17 30 87.975
17 43 47.734
17 41 40.648
17 23 81.17
17 37 59.798
17 27 68.786
17 18 12.403
17 28 75.067
17 32 34.871
17 47 9.221
17 29 84.736
17 17 0.001
18 45 30.109
18 21 10.542
18 46 23.347
18 49 63.6
18 43 53.637
18 29 49.415
18 24 45.202
18 36 75.377
18 31 58.478
18 25 66.519
18 26 4.886
18 27 20.729
18 44 11.213
18 40 60.467
18 19 28.923
18 22 93.668
18 33 67.898
18 38 23.356
18 37 80.95
18 20 63.932
18 30 91.931
18 18 0.001
19 26 52.216
19 34 93.874
19 35 92.627
19 48 90.634
19 44 94.786
19 23 3.164
19 47 44.091
19 29 64.467
19 32 71.718
19 31 95.258
19 45 46.73
19 41 55.644
19 19 0.001
20 27 69.283
20 48 70.032
20 38 60.865
20 46 42.305
20 32 40.391
20 29 83.221
20 24 88.601
20 22 81.488
20 34 77.422
20 35 94.084
20 43 30.462
20 44 71.934
20 36 33.938
20 25 62.38
20 37 20.57
20 23 80.661
20 47 38.599
20 20 0.001
21 28 54.026
21 37 76.571
21 24 86.577
21 43 8.826
21 47 6.219
21 33 66.159
21 45 21.405
21 32 67.266
21 30 19.403
21 36 71.995
21 23 82.788
21 39 26.275
21 41 85.127
21 44 14.003
21 25 67.167
21 42 7.665
21 27 95.667
21 21 0.001
22 49 93.907
22 44 81.237
22 36 86.804
22 42 49.444
22 41 23.086
22 28 80.587
22 46 26.882
22 32 22.107
22 24 77.039
22 38 88.989
22 47 6.279
22 48 83.323
22 45 60.494
22 40 68.569
22 29 94.101
22 33 17.14
22 22 0.001
23 26 13.569
23 44 96.377
23 38 3.575
23 32 55.337
23 47 61.708
23 49 80.818
23 27 28.06
23 43 60.047
23 41 59.051
23 25 52.86
23 39 31.702
23 35 55.147
23 24 29.114
23 30 92.008
23 31 89.253
23 29 52.21
23 23 0.001
24 28 54.869
24 39 22.067
24 31 16.363
24 36 91.883
24 32 83.424
24 34 40.28
24 48 51.847
24 46 42.498
24 30 54.278
24 24 0.001
25 32 71.474
25 37 19.63
25 49 6.472
25 43 15.949
25 47 68.419
25 41 15.272
25 33 87.844
25 38 61.238
25 48 81.324
25 25 0.001
26 35 24.969
26 31 99.351
26 36 28.446
26 39 16.815
26 34 86.471
26 38 72.004
26 29 61.351
26 44 97.58
26 45 61.521
26 47 34.438
26 40 34.15
26 27 71.533
26 43 59.944
26 49 70.82
26 41 58.796
26 46 64.306
26 37 93.194
26 30 85.118
26 26 0.001
27 34 6.867
27 42 64.38
27 36 94.99
27 39 5.788
27 29 1.471
27 49 12.738
27 45 12.964
27 43 38.893
27 38 26.889
27 47 89.319
27 30 61.816
27 37 71.593
27 40 23.886
27 28 71.639
27 27 0.001
28 30 94.651
28 38 25.822
28 40 2.559
28 34 56.58
28 33 11.007
28 35 94.311
28 42 36.112
28 49 5.151
28 41 46.52
28 43 24.438
28 28 0.001
29 44 85.437
29 42 19.017
29 31 47.788
29 48 16.759
29 32 90.383
29 35 10.632
29 40 94.018
29 33 8.059
29 29 0.001
30 31 57.915
30 45 87.301
30 37 13.364
30 32 1.474
30 47 49.02
30 40 20.259
30 44 6.459
30 48 18.567
30 42 23.3
30 30 0.001
31 41 30.491
31 32 7.089
31 34 12.171
31 48 56.007
31 42 97.513
31 38 3.724
31 37 82.456
31 31 0.001
32 38 44.446
32 44 75.504
32 42 66.112
32 36 94.189
32 37 34.738
32 34 95.624
32 46 39.267
32 32 0.001
33 47 91.06
33 42 45.532
33 39 23.183
33 48 8.98
33 34 53.014
33 49 11.105
33 33 0.001
34 36 53.165
34 49 99.252
34 37 42.201
34 39 96.839
34 34 0.001
35 40 7.833
35 41 36.738
35 45 95.413
35 43 15.814
35 39 87.552
35 37 94.501
35 35 0.001
36 43 92.3
36 44 94.235
36 40 13.415
36 48 45.729
36 42 80.395
36 37 30.65
36 38 70.029
36 49 43.525
36 45 91.964
36 36 0.001
37 44 22.15
37 45 73.594
37 47 27.82
37 49 54.372
37 37 0.001
38 46 62.48
38 43 73.212
38 41 28.706
38 49 91.389
38 47 75.15
38 42 66.785
38 48 14.041
38 38 0.001
39 43 97.214
39 47 67.848
39 42 99.93
39 39 0.001
40 48 29.395
40 45 48.603
40 43 64.622
40 46 90.062
40 42 34.337
40 40 0.001
41 47 9.439
41 49 45.732
41 45 55.033
41 43 8.682
41 44 13.145
41 46 39.196
41 41 0.001
42 47 71.496
42 43 10.934
42 45 79.201
42 42 0.001
43 45 83.241
43 47 6.492
43 43 0.001
44 46 36.402
44 49 16.613
44 44 0.001
45 45 0.001
46 49 45.782
46 46 0.001
47 48 99.645
47 49 28.921
47 47 0.001
48 49 25.2
48 48 0.001
49 49 0.001