50
2 30 90.451
16 47 91.391
39 45 66.684
6 7 72.239
9 20 40.5
11 26 82.659
32 37 1.16
7 8 9.073
25 37 75.407
18 33 59.169
9 30 95.162
5 42 63.4
6 31 25.775
15 16 17.832
17 29 31.535
3 28 64.034
29 32 19.999
23 44 4.241
5 38 56.42
9 40 15.989
29 31 61.358
12 44 61.904
25 35 40.795
21 46 60.551
16 31 2.061
36 46 18.306
14 35 43.862
17 19 82.124
20 32 99.905
21 29 30.537
26 29 13.581
8 36 93.389
3 7 40.607
34 44 59.034
8 25 55.153
18 46 98.318
16 24 94.579
15 28 23.02
0 5 98.109
4 27 4.35
24 32 38.656
47 49 24.458
0 37 57.806
7 49 76.878
27 33 4.488
26 28 96.937
33 49 14.331
20 49 98.239
9 31 5.218
12 45 38.231
7 46 65.824
30 36 29.711
18 19 73.415
5 16 16.93
38 42 66.194
3 4 7.223
27 32 81.6
18 21 75.235
2 9 33.384
2 45 47.059
19 21 47.521
6 26 32.563
10 37 34.313
29 35 19.19
15 39 76.613
14 32 43.365
1 5 81.786
21 39 50.678
43 45 95.711
23 45 79.567
1 15 1.684
20 38 48.743
10 21 12.593
4 33 89.016
42 49 54.774
22 39 93.124
31 38 80.653
25 47 28.729
0 26 14.515
44 45 86.432
3 17 5.894
4 37 74.266
3 21 17.431
1 49 51.545
16 42 50.738
30 35 36.893
36 47 6.361
36 41 30.007
12 23 49.929
4 11 14.426
29 42 91.969
6 22 90.386
28 37 72.532
23 26 24.179
12 37 70.295
32 46 21.986
15 44 57.662
17 46 55.099
17 42 88.964
44 48 40.003
40 43 26.776
5 9 84.349
4 30 12.313
33 35 21.639
40 46 10.736
38 46 76.637
13 37 51.551
9 49 22.918
21 24 30.517
34 47 88.82
37 40 69.221
11 34 25.961
38 48 97.011
2 15 36.588
8 49 79.491
11 25 25.473
18 30 37.845
16 22 42.579
16 29 34.435
5 14 23.667
20 21 90.815
24 44 39.594
1 34 63.996
19 31 3.633
3 11 84.548
21 25 37.646
4 45 74.8
34 38 90.609
11 24 0.871
31 43 91.573
19 34 59.255
36 49 81.703
30 37 94.518
4 29 41.314
33 38 55.693
5 48 39.882
5 6 32.795
30 34 79.473
29 38 62.554
10 38 65.541
14 18 29.123
10 26 5.464
3 8 18.184
30 40 14.34
2 47 44.273
11 36 32.839
9 15 19.616
7 19 78.666
23 42 54.839
8 37 25.257
23 48 31.504
0 19 10.734
22 38 19.076
43 49 43.151
19 46 73.784
2 43 97.001
7 36 26.871
38 45 30.501
16 45 68.137
7 25 89.717
21 33 26.93
17 24 30.191
3 14 3.986
0 45 95.363
7 43 41.456
10 13 66.695
45 49 98.703
5 39 87.009
14 26 48.819
11 37 32.093
7 33 85.934
1 4 97.208
28 35 20.051
7 26 96.961
2 38 32.934
11 48 14.383
6 25 17.51
0 21 72.367
31 46 7.464
25 26 61.557
38 41 73.216
35 43 55.835
24 49 86.592
11 46 20.549
19 20 56.196
14 41 44.705
24 41 29.307
7 14 19.896
4 8 17.438
16 41 37.007
35 37 64.258
6 20 47.107
37 43 88.116
36 40 53.134
39 42 95.365
0 1 40.794
19 40 44.049
19 38 92.801
35 41 52.494
17 21 23.591
