50
40 46 86.506
40 48 69.969
16 48 39.22
16 20 31.818
18 20 40.619
18 24 19.908
7 24 16.406
7 33 48.748
8 33 17.805
0 8 4.831
0 44 92.906
12 44 8.386
4 12 97.894
4 32 64.011
2 32 98.008
2 37 32.347
6 37 78.325
6 47 57.269
27 47 47.608
27 31 10.236
1 31 94.23
1 25 54.901
17 25 37.995
17 19 21.401
19 36 8.498
36 38 10.17
21 38 22.233
21 22 11.827
3 22 12.052
3 14 85.211
14 43 22.343
9 43 81.741
9 35 32.839
35 41 85.459
13 41 80.045
13 15 16.72
15 45 25.597
5 45 23.605
5 10 70.519
10 34 91.136
26 34 94.483
23 26 34.994
23 30 6.707
28 30 13.299
28 29 20.123
29 42 16.76
11 42 89.943
11 49 89.906
39 49 3.585
39 46 73.501
30 34 84.52
34 38 93.42
0 38 68.63
0 9 7.332
2 9 53.551
2 40 23.292
19 40 46.768
13 19 88.411
13 32 99.783
32 47 40.981
31 47 26.127
12 31 35.341
12 46 47.664
46 48 48.894
21 48 82.633
14 21 92.981
14 29 4.094
11 29 56.858
11 23 91.504
4 23 49.623
3 4 27.341
3 26 75.953
1 26 89.37
1 20 17.634
16 25 79.934
25 35 23.678
17 35 55.619
7 17 79.628
7 37 1.134
37 44 94.392
5 44 32.085
5 6 46.793
6 22 39.278
22 28 42.541
10 28 92.436
10 41 37.939
24 41 85.921
24 27 41.07
8 27 75.52
8 42 45.113
18 42 82.851
18 36 16.393
36 45 18.196
15 43 48.714
43 49 26.609
33 49 49.911
33 39 14.006
30 39 71.336
24 28 59.902
22 24 35.548
22 36 49.696
5 36 32.319
5 18 73.712
17 18 83.465
9 17 3.606
9 27 54.366
15 31 44.72
6 15 67.624
6 26 51.84
26 46 69.27
37 46 16.679
33 37 32.555
0 33 84.465
0 13 66.816
13 47 1.23
29 47 14.905
2 29 71.95
2 11 90.073
11 32 30.658
19 32 71.495
10 19 18.085
10 45 4.681
8 45 58.189
3 8 41.762
3 21 43.951
21 35 80.423
12 35 33.066
1 12 48.593
1 14 92.115
14 23 44.97
23 44 23.704
42 44 14.099
30 42 41.806
7 30 20.505
7 20 37.047
4 20 80.63
4 48 41.492
16 43 95.531
25 43 16.502
25 34 59.066
34 41 61.527
41 49 79.463
39 40 65.755
38 40 56.083
28 38 2.916
19 46 55.444
16 19 15.754
16 31 15.695
3 31 37.395
1 10 47.344
10 42 44.239
42 48 5.14
13 48 15.677
6 13 26.216
6 43 79.458
8 43 22.476
8 32 91.267
29 32 95.17
9 29 84.985
9 20 14.915
17 20 40.569
17 41 55.907
40 41 48.035
14 40 52.918
14 36 62.597
2 36 29.598
4 11 4.07
4 21 20.036
7 21 59.697
7 23 65.443
23 38 29.12
33 38 13.522
30 33 24.053
30 35 48.761
12 25 42.602
12 24 13.769
18 34 0.571
34 45 59.195
45 47 32.636
37 47 65.941
37 39 29.421
5 39 96.065
5 22 89.818
22 44 44.303
28 44 12.587
0 28 47.795
0 15 88.69
15 27 7.138
27 49 46.712
46 49 10.326
34 46 0.771
34 44 50.347
21 28 26.369
21 42 31.158
17 42 41.658
9 12 14.109
7 12 15.516
7 38 60.619
3 38 54.274
2 3 82.773
2 45 35.214
6 45 98.301
33 40 61.606
1 40 6.995
1 27 76.456
16 27 51.287
4 16 62.769
0 4 0.414
0 10 26.345
10 14 25.394
8 14 59.759
8 31 72.942
19 31 86.727
11 19 81.659
11 25 62.907
22 25 77.163
22 26 49.508
26 36 20.239
36 41 36.805
15 41 15.848
5 15 3.887
5 24 20.77
24 47 43.655
39 47 78.804
39 43 6.732
32 43 20.318
32 49 18.405
13 49 93.2
13 35 46.443
35 48 93.819
29 48 50.098
18 29 28.56
18 30 12.78
20 23 2.779
20 46 80.726
1 41 80.631
37 41 56.208
12 37 27.406
12 29 59.269
6 19 15.72
6 38 99.199
15 38 63.451
43 45 6.904
45 46 56.668
9 46 20.386
9 22 39.23
4 22 60.636
4 25 35.079
13 25 25.432
13 20 25.258
20 31 82.246
31 40 97.996
0 39 31.991
0 17 17.462
17 28 95.294
3 28 73.918
3 23 0.396
5 23 21.631
5 8 54.54
8 47 61.008
35 47 79.807
10 35 53.644
10 24 81.76
24 26 26.452
26 42 13.027
33 42 87.672
11 33 21.454
11 44 65.672
44 49 51.762
14 49 58.975
14 34 9.8
7 34 37.599
18 27 70.779
2 27 2.12
2 16 95.982
16 21 29.314
21 36 9.989
36 48 67.0
1 48 4.733
17 47 76.676
1 17 2.484
1 2 59.222
2 21 17.896
20 24 20.428
20 40 57.556
41 44 5.288
43 44 55.427
33 43 20.441
31 33 16.978
6 31 64.203
6 11 30.613
5 11 46.329
36 49 91.001
26 49 85.564
26 37 91.165
14 37 74.843
14 48 4.616
45 48 84.272
0 45 50.973
27 39 14.107
12 27 10.741
8 12 52.556
8 23 94.885
23 25 57.461
4 18 64.179
13 18 84.298
3 32 30.683
3 10 19.375
10 16 7.413
16 30 4.124
22 38 42.01
35 38 3.262
9 34 75.466
42 46 24.977
15 29 74.529
15 47 42.025
3 43 74.067
42 43 95.6
28 42 0.799
28 46 83.32
32 46 73.594
17 32 68.441
17 45 36.756
8 15 96.704
8 48 80.349
39 48 89.509
12 49 69.237
22 27 30.633
22 47 0.699
25 47 32.898
13 21 33.544
19 21 34.39
19 33 33.831
6 33 4.233
6 16 80.994
29 40 60.539
1 38 76.144
1 5 12.166
20 44 69.434
20 37 87.81
31 37 98.452
31 35 97.445
14 35 84.77
0 14 72.254
0 26 59.17
18 26 27.21
7 36 6.436
2 7 50.635
40 42 81.564
31 42 61.877
9 31 32.908
9 47 95.891
47 49 14.55
4 49 22.791
4 37 74.954
0 37 41.776
0 21 46.941
21 25 4.686
8 35 35.164
8 17 36.56
17 39 48.587
13 39 34.852
13 33 60.021
33 44 96.067
36 44 92.586
12 26 96.896
3 12 26.365
3 45 24.739
18 46 66.026
11 18 8.723
7 32 6.113
7 10 45.133
19 20 96.325
20 48 57.039
34 48 48.656
14 16 43.866
23 43 41.377
1 24 81.246
1 22 86.262
22 41 9.684
6 41 31.211
6 29 39.881
29 30 60.107
27 30 76.368
27 28 82.114
15 28 55.154
26 39 71.143
43 47 11.567
11 47 11.919
5 42 96.957
9 25 68.027
25 36 45.169
8 38 28.204
8 22 43.455
2 22 43.544
2 17 9.16
32 40 31.654
33 45 49.737
24 45 13.874
12 18 64.731
13 16 7.814
13 34 10.144
27 34 82.121
1 30 50.513
23 29 15.222
21 23 6.23
0 7 46.236
7 28 10.671
10 44 14.176
3 44 68.986
3 37 65.103
6 14 37.071
19 35 41.647
35 49 0.657
48 49 57.077
20 26 97.275
38 49 9.738
19 39 62.981
7 19 60.788
7 14 96.456
14 24 84.496
24 44 21.129
40 44 53.811
12 40 31.521
0 46 47.198
0 6 88.93
5 26 82.579
26 28 39.215
16 28 47.1
16 36 32.623
18 32 79.141
9 32 96.525
8 34 65.566
1 34 25.169
11 27 97.724
43 48 84.598
42 45 92.737
25 45 22.717
25 37 73.243
20 33 17.986
20 22 67.734
22 35 76.276
10 13 89.042
13 17 64.271
3 17 93.253
3 30 81.529
4 31 24.187
29 31 51.095
0 2 4.986
0 20 98.387
20 38 81.084
38 46 59.464
15 46 58.717
11 15 30.612
23 42 90.547
14 44 52.014
7 44 97.165
7 25 98.457
18 25 71.451
18 47 55.413
13 27 66.447
27 33 90.129
8 19 96.785
17 40 17.456
1 16 39.901
28 48 90.858
28 35 8.156
34 35 76.378
5 32 33.905
30 32 36.497
3 49 73.31
37 49 89.216
22 43 74.543
24 43 16.68
21 24 62.053
6 21 86.009
9 45 18.292
9 41 5.824
36 39 99.14
4 39 7.772
11 22 18.804
11 21 72.631
21 31 79.857
27 45 15.724
27 41 59.164
28 41 59.642
7 40 4.129
1 7 77.548
10 43 59.012
23 35 53.948
2 35 71.66
2 26 97.046
6 42 28.119
16 42 39.981
16 49 11.202
30 49 57.555
13 30 29.496
17 38 69.801
14 32 99.066
3 25 92.585
8 24 97.677
39 44 12.221
9 39 31.209
4 34 64.507
40 49 83.294
3 40 89.812
3 19 76.434
29 35 38.314
29 36 71.149
28 36 98.282
28 45 42.691
13 45 96.111
12 13 69.62
5 12 70.945
2 5 0.359
11 17 34.049
0 25 6.298
30 37 31.332
20 30 4.603
20 42 23.987
22 42 37.555
10 22 85.805
10 47 65.527
14 47 68.516
7 48 11.405
21 34 4.444
34 43 24.101
26 43 9.409
8 18 45.142
16 33 14.68
16 44 82.959
44 46 52.724
15 39 50.418
6 39 62.135
6 32 90.548
24 32 18.886
4 24 30.246
1 23 72.666