50
0 2 88
0 3 69
0 14 15
0 17 71
0 18 17
0 22 53
0 25 70
0 29 64
0 31 92
0 35 45
0 38 27
0 43 91
0 44 48
0 45 58
1 3 44
1 4 23
1 7 41
1 14 69
1 18 36
1 21 11
1 25 31
1 28 29
1 37 67
1 41 99
1 45 78
1 46 85
1 47 90
2 3 53
2 4 58
2 5 8
2 6 20
2 9 15
2 13 58
2 14 34
2 21 37
2 26 28
2 28 89
2 29 87
2 32 4
2 37 65
2 38 48
2 40 64
2 42 95
2 46 21
2 47 96
3 4 48
3 5 74
3 10 79
3 13 83
3 17 26
3 18 63
3 21 54
3 23 84
3 24 33
3 25 36
3 27 55
3 32 39
3 36 9
3 38 43
3 43 9
3 45 81
4 5 49
4 9 20
4 11 36
4 12 24
4 14 66
4 15 23
4 16 44
4 25 98
4 26 70
4 27 3
4 30 37
4 33 57
4 36 55
4 41 18
4 49 33
5 6 78
5 8 96
5 10 91
5 12 75
5 16 42
5 17 3
5 20 54
5 21 15
5 25 85
5 29 47
5 30 96
5 33 90
5 35 70
5 36 29
5 42 6
5 44 40
5 45 12
5 46 91
6 8 12
6 9 11
6 13 52
6 14 17
6 17 46
6 19 52
6 23 54
6 24 79
6 25 64
6 29 29
6 31 56
6 32 22
6 39 78
6 41 20
6 42 86
6 43 60
6 45 40
6 46 5
6 47 80
7 10 94
7 13 76
7 15 95
7 16 21
7 17 36
7 18 88
7 19 64
7 20 45
7 24 48
7 28 93
7 31 90
7 33 41
7 34 63
7 39 95
7 41 21
7 43 63
7 46 62
7 48 96
7 49 4
8 9 51
8 15 99
8 17 71
8 18 16
8 28 40
8 29 32
8 30 74
8 31 20
8 34 80
8 35 50
8 36 18
8 39 69
8 43 36
8 44 41
8 46 76
9 17 7
9 22 90
9 24 62
9 25 44
9 28 73
9 33 15
9 38 56
9 40 79
9 42 5
9 44 29
9 45 61
9 48 60
9 49 41
10 14 52
10 17 35
10 18 45
10 20 80
10 22 88
10 27 21
10 30 10
10 31 22
10 32 64
10 35 92
10 36 17
10 38 20
10 39 52
11 12 19
11 15 77
11 16 27
11 17 51
11 22 69
11 42 67
11 43 98
11 45 14
12 17 58
12 20 74
12 24 89
12 27 53
12 33 41
12 35 88
12 39 12
12 42 20
12 44 37
12 47 63
13 14 34
13 15 55
13 17 60
13 18 52
13 22 3
13 31 34
13 33 58
13 36 5
13 41 67
13 46 96
14 17 57
14 28 85
14 30 14
14 33 38
14 34 16
14 37 4
14 38 37
14 40 52
14 45 3
14 46 54
14 47 90
15 16 80
15 20 45
15 21 1
15 27 49
15 28 78
15 35 76
15 40 64
16 21 4
16 22 67
16 25 40
16 27 54
16 29 77
16 41 92
16 44 75
16 45 29
16 47 20
17 18 92
17 24 91
17 26 79
17 28 14
17 36 49
17 37 29
17 44 59
18 20 12
18 23 11
18 24 59
18 31 49
18 33 34
18 39 13
18 40 37
18 43 61
18 45 77
19 25 17
19 35 51
19 38 96
19 39 71
19 43 80
19 46 24
19 47 7
20 27 35
20 29 75
20 30 87
20 31 83
20 34 11
20 37 78
20 38 67
20 40 5
20 41 6
20 42 68
20 44 26
20 46 41
20 47 42
21 25 74
21 27 43
21 28 82
21 35 75
21 36 43
21 39 50
21 40 22
21 48 97
22 24 10
22 26 93
22 28 59
22 31 32
22 36 62
22 47 79
23 28 23
23 29 69
23 30 30
23 36 78
23 37 86
23 39 48
23 40 18
23 42 81
23 44 65
23 47 81
23 48 75
24 26 86
24 27 54
24 28 97
24 33 16
24 34 33
24 39 60
24 43 18
24 46 30
24 47 48
25 26 35
25 27 99
25 28 3
25 30 81
25 32 4
25 33 56
25 36 6
25 38 84
25 41 69
25 42 32
25 45 27
26 33 19
26 36 15
26 40 18
26 48 2
26 49 46
27 35 34
27 36 72
27 42 83
27 43 66
27 44 75
28 30 11
28 31 14
28 35 65
28 42 74
28 43 88
28 44 58
28 45 14
28 49 25
29 36 86
29 38 46
29 40 86
29 43 28
30 34 57
30 36 85
30 37 71
30 40 17
30 45 84
30 46 1
30 49 79
31 32 37
31 33 22
31 34 71
31 35 87
31 37 9
31 38 43
31 39 24
31 40 85
31 44 57
31 48 69
32 35 24
32 37 63
32 38 71
32 41 49
32 45 22
33 34 20
33 35 78
33 38 39
33 39 98
33 40 83
33 42 34
33 45 56
33 47 9
33 49 22
34 35 91
34 44 80
35 37 6
35 39 49
35 41 67
35 44 30
35 45 92
35 48 48
36 41 37
36 42 75
36 45 47
36 47 71
36 49 72
37 46 20
37 49 65
38 40 65
38 42 19
38 49 49
39 41 53
39 43 90
39 45 86
40 42 50
40 44 94
40 46 23
40 48 12
41 43 62
41 44 20
41 45 80
42 44 81
42 47 44
42 49 74
43 48 21
44 45 64
44 46 92
44 49 86
46 48 77
46 49 40
48 49 31
