50
0 20 83.0
0 21 26.0
0 26 73.0
0 39 17.0
0 40 84.0
0 45 82.0
0 47 80.0
0 48 91.0
1 2 80.0
1 5 79.0
1 17 76.0
1 38 12.0
1 41 81.0
1 46 68.0
1 49 21.0
2 8 88.0
2 15 73.0
2 17 15.0
2 21 17.0
2 24 20.0
2 36 27.0
2 41 79.0
3 4 72.0
3 8 19.0
3 25 75.0
3 32 80.0
3 37 23.0
3 40 16.0
3 41 75.0
3 45 19.0
4 13 74.0
4 15 85.0
4 28 20.0
4 29 88.0
4 33 16.0
4 36 81.0
4 40 17.0
4 47 12.0
5 7 19.0
5 8 80.0
5 15 81.0
5 17 18.0
5 32 22.0
5 34 78.0
5 37 17.0
5 40 73.0
5 49 25.0
6 10 23.0
6 13 80.0
6 14 17.0
6 18 11.0
6 25 16.0
6 30 29.0
6 35 81.0
6 37 23.0
6 42 83.0
6 45 20.0
7 9 15.0
7 19 19.0
7 27 29.0
7 40 74.0
8 10 83.0
8 18 78.0
8 36 88.0
8 40 33.0
8 49 86.0
9 10 73.0
9 14 81.0
9 28 17.0
9 33 27.0
9 37 23.0
9 40 82.0
9 42 83.0
9 46 82.0
10 19 20.0
10 26 65.0
10 30 81.0
10 36 92.0
10 40 80.0
10 43 81.0
10 44 21.0
11 14 22.0
11 16 82.0
11 24 28.0
11 26 18.0
11 30 25.0
11 35 82.0
11 37 78.0
11 42 73.0
11 43 19.0
11 49 22.0
12 16 20.0
12 19 25.0
12 20 21.0
12 34 80.0
12 36 25.0
12 39 88.0
12 40 81.0
12 41 78.0
12 42 83.0
12 45 88.0
12 46 21.0
13 15 78.0
13 16 23.0
13 20 12.0
13 22 14.0
13 27 79.0
13 29 31.0
13 42 11.0
14 19 82.0
14 26 75.0
14 39 70.0
15 24 79.0
15 32 81.0
15 33 75.0
15 49 18.0
16 18 82.0
16 21 12.0
16 26 23.0
16 35 28.0
17 23 87.0
17 26 78.0
17 31 16.0
17 39 86.0
17 47 77.0
18 28 76.0
18 31 27.0
19 21 20.0
19 23 22.0
19 38 24.0
19 43 79.0
19 44 77.0
19 46 23.0
19 48 79.0
20 24 17.0
20 27 78.0
20 34 25.0
20 43 80.0
21 22 17.0
21 28 21.0
21 34 19.0
21 37 19.0
21 40 21.0
21 43 81.0
21 48 19.0
22 23 82.0
22 26 20.0
22 33 76.0
22 43 23.0
23 27 24.0
23 28 82.0
24 30 74.0
24 40 81.0
25 49 92.0
26 28 73.0
26 31 83.0
26 32 17.0
26 38 16.0
26 45 73.0
28 34 24.0
28 36 15.0
28 38 85.0
29 39 91.0
29 46 19.0
30 34 73.0
30 37 19.0
30 41 74.0
31 43 22.0
31 47 26.0
32 36 69.0
32 37 20.0
32 41 26.0
33 34 24.0
33 42 19.0
33 45 15.0
35 39 13.0
35 45 20.0
35 49 81.0
36 37 75.0
36 40 75.0
37 38 16.0
37 49 20.0
38 46 74.0
39 45 16.0
40 42 77.0
40 44 16.0
40 46 19.0
40 48 14.0
40 49 10.0
41 44 73.0
41 46 27.0
41 48 17.0
41 49 78.0
42 44 75.0
42 48 34.0
44 49 13.0
45 47 20.0
45 49 18.0
