50
49 0 29.62
49 1 80.89
49 2 35.02
49 3 78.93
49 4 56.12
49 5 25.35
49 6 10.48
49 7 5.84
49 8 67.32
49 9 69.77
49 10 73.27
49 11 78.77
49 12 7.630
49 13 31.75
49 14 74.09
49 15 32.84
49 16 47.0
49 17 18.09
49 18 32.34
49 19 45.48
49 20 52.94
49 21 29.29
49 22 27.68
49 23 67.80
49 24 23.34
49 25 67.71
49 26 43.22
49 27 38.76
49 28 33.54
49 29 51.31
49 30 98.75
49 31 53.08
49 32 68.03
49 33 39.1
49 34 11.65
49 35 70.71
49 36 41.34
49 37 45.59
49 38 33.19
49 39 9.370
49 40 45.76
49 41 80.57
49 42 19.34
49 43 46.48
49 44 19.08
49 45 7.580
49 46 3.19
49 47 15.24
49 48 25.7
48 1 6.93
48 2 92.7
48 3 54.65
48 4 96.71
48 5 89.72
48 6 39.1
48 7 37.87
48 8 65.14
48 9 85.61
48 10 44.3
48 11 53.26
48 12 16.29
48 13 55.51
48 14 12.67
48 15 94.56
48 16 98.25
48 17 30.14
48 18 76.95
48 19 31.19
48 20 97.8
48 21 28.12
48 22 67.36
48 23 43.3
48 24 40.46
48 25 58.08
48 26 59.15
48 27 5.81
48 28 42.07
48 29 69.46
48 30 2.16
48 31 69.41
48 32 25.94
48 33 51.84
48 34 54.74
48 35 36.38
48 36 40.23
48 37 6.65
48 38 22.90
48 39 0.1
48 40 19.5
48 41 11.39
48 42 42.71
48 43 76.03
48 44 71.87
48 45 61.75
48 46 26.54
48 47 67.47
47 2 18.92
47 3 72.41
47 4 61.73
47 5 60.57
47 6 69.07
47 7 54.02
47 8 58.42
47 9 60.41
47 10 30.66
47 11 85.94
47 12 6.710
47 13 84.55
47 14 56.57
47 15 22.81
47 16 89.03
47 17 57.85
47 18 6.77
47 19 82.77
47 20 89.7
47 21 42.01
47 22 55.2
47 23 62.12
47 24 96.82
47 25 66.55
47 26 44.68
47 27 22.43
47 28 88.55
47 29 26.20
47 30 9.04
47 31 67.36
47 32 4.229
47 33 33.12
47 34 43.44
47 35 88.86
47 36 43.07
47 37 72.41
47 38 41.9
47 39 45.37
47 40 74.25
47 41 28.79
47 42 57.36
47 43 64.71
47 44 68.41
47 45 8.07
47 46 50.61
46 3 37.33
46 4 43.16
46 5 39.28
46 6 19.07
46 7 86.02
46 8 45.31
46 9 80.58
46 10 59.51
46 11 35.13
46 12 70.43
46 13 84.97
46 14 12.19
46 15 76.29
46 16 53.92
46 17 54.77
46 18 87.86
46 19 46.07
46 20 16.13
46 21 48.59
46 22 9.29
46 23 48.04
46 24 68.41
46 25 89.75
46 26 32.74
46 27 27.38
46 28 13.59
46 29 97.33
46 30 70.34
46 31 76.92
46 32 33.19
46 33 20.84
46 34 12.85
46 35 59.3
46 36 94.92
46 37 18.77
46 38 95.59
46 39 50.72
46 40 7.13
46 41 3.75
46 42 85.61
46 43 40.28
46 44 93.32
46 45 55.92
45 4 4.99
45 5 42.47
45 6 4.25
45 7 12.72
45 8 36.54
45 9 69.23
45 10 51.48
45 11 54.01
45 12 62.23
45 13 77.7
45 14 54.36
45 15 14.96
45 16 10.5
45 17 10.63
45 18 13.70
45 19 21.85
45 20 82.08
45 21 9.46
45 22 15.73
45 23 88.0
45 24 81.17
45 25 35.29
45 26 45.80
45 27 23.27
45 28 62.62
45 29 82.55
45 30 24.52
45 31 2.510
45 32 75.37
45 33 24.84
45 34 72.35
45 35 11.21
45 36 65.21
45 37 23.79
45 38 2.27
45 39 90.09
45 40 52.86
45 41 34.16
45 42 75.83
45 43 95.73
45 44 91.24
44 5 97.76
44 6 81.56
44 7 20.81
44 8 47.49
44 9 41.11
44 10 19.12
44 11 53.32
44 12 43.58
44 13 54.99
44 14 27.26
44 15 45.25
44 16 76.02
44 17 15.04
44 18 98.14
44 19 57.86
44 20 3.119
44 21 32.71
44 22 65.39
44 23 52.84
44 24 62.98
44 25 94.78
44 26 17.71
44 27 46.23
44 28 20.15
44 29 93.84
44 30 23.31
44 31 21.94
44 32 28.66
44 33 95.32
44 34 70.3
44 35 75.11
44 36 19.79
44 37 1.880
44 38 40.87
44 39 89.66
44 40 1.24
44 41 22.93
44 42 55.96
44 43 86.7
43 6 18.68
43 7 82.17
43 8 42.53
43 9 97.0
43 10 88.88
43 11 69.05
43 12 41.11
43 13 26.52
43 14 4.81
43 15 5.42
43 16 89.86
43 17 59.8
43 18 87.47
43 19 55.95
43 20 91.69
43 21 44.22
43 22 32.06
43 23 19.46
43 24 62.66
43 25 90.62
43 26 56.89
43 27 35.97
43 28 49.55
43 29 41.18
43 30 49.58
43 31 42.4
43 32 85.50
43 33 49.41
43 34 25.83
43 35 23.77
43 36 17.95
43 37 89.52
43 38 57.87
43 39 41.72
43 40 81.5
43 41 3.1
43 42 57.91
42 7 40.32
42 8 5.87
42 9 90.68
42 10 11.89
42 11 95.14
42 12 70.92
42 13 79.99
42 14 37.6
42 15 85.06
42 16 54.01
42 17 37.36
42 18 80.85
42 19 55.63
42 20 28.74
42 21 8.75
42 22 87.18
42 23 86.92
42 24 3.09
42 25 0.54
42 26 45.73
42 27 67.84
42 28 58.14
42 29 87.67
42 30 3.38
42 31 57.62
42 32 27.83
42 33 36.64
42 34 2.16
42 35 73.48
42 36 60.42
42 37 43.41
42 38 87.27
42 39 89.14
42 40 28.9
42 41 72.09
41 8 93.16
41 9 5.25
41 10 80.2
41 11 65.63
41 12 30.85
41 13 62.17
41 14 58.54
41 15 41.94
41 16 52.87
41 17 8.74
41 18 6.21
41 19 19.72
41 20 0.42
41 21 4.66
41 22 47.32
41 23 66.12
41 24 44.94
41 25 37.99
41 26 52.34
41 27 94.78
41 28 88.92
41 29 44.1
41 30 41.16
41 31 21.09
41 32 80.35
41 33 30.45
41 34 12.13
41 35 9.379
41 36 94.71
41 37 34.65
41 38 40.73
41 39 62.67
41 40 70.78
40 9 74.29
40 10 28.03
40 11 37.09
40 12 77.99
40 13 56.15
40 14 81.15
40 15 86.11
40 16 82.52
40 17 94.84
40 18 35.64
40 19 37.47
40 20 82.77
40 21 69.67
40 22 2.58
40 23 30.5
40 24 18.32
40 25 26.14
40 26 71.28
40 27 19.55
40 28 43.5
40 29 49.41
40 30 86.59
40 31 21.41
40 32 30.47
40 33 43.9
40 34 47.57
40 35 55.24
40 36 69.05
40 37 88.67
40 38 45.98
40 39 36.51
39 10 14.59
39 11 76.1
39 12 45.72
39 13 85.58
39 14 41.29
39 15 32.28
39 16 67.73
39 17 14.51
39 18 24.75
39 19 25.06
39 20 30.9
39 21 52.66
39 22 96.07
39 23 59.85
39 24 36.13
39 25 49.5
39 26 65.82
39 27 87.21
39 28 76.72
39 29 63.69
39 30 36.55
39 31 56.69
39 32 10.34
39 33 71.23
39 34 9.25
39 35 81.22
39 36 18.58
39 37 61.19
39 38 1.26
38 11 92.03
38 12 75.69
38 13 98.50
38 14 43.63
38 15 46.08
38 16 66.53
38 17 17.91
38 18 55.23
38 19 54.82
38 20 48.22
38 21 95.06
38 22 32.41
38 23 2.52
38 24 10.23
38 25 68.78
38 26 29.42
38 27 88.75
38 28 50.0
38 29 4.82
38 30 54.40
38 31 40.16
38 32 39.34
38 33 19.88
38 34 62.5
38 35 73.82
38 36 56.63
38 37 31.39
37 12 30.5
37 13 27.40
37 14 23.76
37 15 33.85
37 16 46.61
37 17 18.11
37 18 27.22
37 19 30.48
37 20 0.899
37 21 90.86
37 22 75.76
37 23 94.93
37 24 84.47
37 25 7.649
37 26 76.34
37 27 4.05
37 28 24.87
37 29 62.97
37 30 36.47
37 31 79.85
37 32 5.319
37 33 26.27
37 34 82.62
37 35 44.15
37 36 34.65
36 13 6.140
36 14 28.00
36 15 50.83
36 16 11.55
36 17 8.780
36 18 95.8
36 19 90.36
36 20 76.85
36 21 12.6
36 22 55.94
36 23 32.41
36 24 88.68
36 25 69.25
36 26 83.78
36 27 19.38
36 28 71.54
36 29 0.339
36 30 45.68
36 31 39.21
36 32 41.58
36 33 8.709
36 34 47.02
36 35 17.43
35 14 47.24
35 15 19.96
35 16 18.92
35 17 93.10
35 18 92.63
35 19 95.02
35 20 3.119
35 21 95.36
35 22 0.09
35 23 62.73
35 24 89.44
35 25 41.48
35 26 47.34
35 27 91.14
35 28 42.34
35 29 65.64
35 30 90.64
35 31 23.1
35 32 91.03
35 33 73.31
35 34 89.36
34 15 71.24
34 16 64.71
34 17 97.0
34 18 86.47
34 19 37.99
34 20 70.37
34 21 6.05
34 22 8.709
34 23 24.91
34 24 31.94
34 25 56.62
34 26 91.27
34 27 0.940
34 28 6.87
34 29 38.87
34 30 49.16
34 31 8.93
34 32 50.9
34 33 8.49
33 16 38.75
33 17 31.06
33 18 34.51
33 19 88.34
33 20 11.73
33 21 91.51
33 22 80.41
33 23 96.37
33 24 16.25
33 25 55.58
33 26 41.68
33 27 15.40
33 28 36.11
33 29 55.55
33 30 19.16
33 31 61.53
33 32 91.71
32 17 4.19
32 18 65.93
32 19 9.5
32 20 82.13
32 21 27.02
32 22 44.19
32 23 78.61
32 24 28.79
32 25 47.0
32 26 93.52
32 27 63.46
32 28 83.99
32 29 23.38
32 30 39.31
32 31 75.09
31 18 9.39
31 19 24.75
31 20 70.92
31 21 88.97
31 22 54.76
31 23 31.16
31 24 8.790
31 25 43.23
31 26 64.41
31 27 69.98
31 28 34.21
31 29 53.86
31 30 70.44
30 19 89.42
30 20 81.03
30 21 11.59
30 22 93.78
30 23 69.99
30 24 96.67
30 25 32.71
30 26 40.12
30 27 71.66
30 28 91.81
30 29 39.19
29 20 57.44
29 21 90.53
29 22 13.83
29 23 89.45
29 24 43.64
29 25 55.94
29 26 14.97
29 27 32.41
29 28 33.79
28 21 83.82
28 22 88.13
28 23 56.79
28 24 9.64
28 25 85.61
28 26 12.24
28 27 36.68
27 22 87.27
27 23 98.72
27 24 66.74
27 25 47.08
27 26 70.35
26 23 58.4
26 24 90.05
26 25 39.22
25 24 17.61