50
0 1 5
0 2 47
0 3 88
0 4 47
0 5 77
0 6 77
0 7 59
0 8 49
0 9 27
0 10 44
0 11 91
0 12 94
0 13 54
0 14 83
0 15 37
0 16 11
0 17 88
0 18 86
0 19 11
0 20 70
0 21 58
0 22 42
0 23 53
0 24 5
0 25 12
0 26 7
0 27 50
0 28 78
0 29 21
0 30 80
0 31 79
0 32 49
0 33 21
0 34 99
0 35 77
0 36 70
0 37 5
0 38 42
0 39 9
0 40 16
0 41 85
0 42 40
0 43 84
0 44 5
0 45 9
0 46 83
0 47 36
0 48 80
0 49 98
1 2 61
1 3 81
1 4 59
1 5 86
1 6 39
1 7 54
1 8 91
1 9 3
1 10 75
1 11 37
1 12 93
1 13 8
1 14 40
1 15 45
1 16 97
1 17 88
1 18 37
1 19 90
1 20 40
1 21 72
1 22 78
1 23 95
1 24 79
1 25 9
1 26 51
1 27 86
1 28 38
1 29 88
1 30 10
1 31 35
1 32 74
1 33 4
1 34 3
1 35 71
1 36 98
1 37 28
1 38 69
1 39 80
1 40 61
1 41 8
1 42 58
1 43 42
1 44 43
1 45 72
1 46 22
1 47 95
1 48 5
1 49 34
2 3 20
2 4 26
2 5 98
2 6 82
2 7 51
2 8 56
2 9 48
2 10 71
2 11 30
2 12 78
2 13 79
2 14 25
2 15 1
2 16 44
2 17 75
2 18 10
2 19 41
2 20 52
2 21 45
2 22 44
2 23 50
2 24 37
2 25 92
2 26 3
2 27 87
2 28 85
2 29 49
2 30 41
2 31 29
2 32 77
2 33 24
2 34 68
2 35 48
2 36 45
2 37 47
2 38 60
2 39 32
2 40 1
2 41 84
2 42 93
2 43 97
2 44 48
2 45 47
2 46 54
2 47 23
2 48 65
2 49 86
3 4 10
3 5 26
3 6 54
3 7 49
3 8 7
3 9 17
3 10 95
3 11 58
3 12 23
3 13 62
3 14 59
3 15 1
3 16 94
3 17 10
3 18 92
3 19 25
3 20 11
3 21 49
3 22 22
3 23 50
3 24 25
3 25 58
3 26 69
3 27 87
3 28 7
3 29 79
3 30 67
3 31 47
3 32 68
3 33 38
3 34 29
3 35 87
3 36 99
3 37 99
3 38 21
3 39 79
3 40 79
3 41 25
3 42 90
3 43 31
3 44 93
3 45 2
3 46 82
3 47 97
3 48 40
3 49 92
4 5 51
4 6 30
4 7 8
4 8 72
4 9 9
4 10 80
4 11 14
4 12 21
4 13 28
4 14 4
4 15 1
4 16 51
4 17 12
4 18 32
4 19 94
4 20 60
4 21 69
4 22 40
4 23 33
4 24 82
4 25 33
4 26 58
4 27 67
4 28 13
4 29 19
4 30 34
4 31 2
4 32 1
4 33 91
4 34 51
4 35 29
4 36 42
4 37 32
4 38 12
4 39 59
4 40 98
4 41 12
4 42 30
4 43 8
4 44 83
4 45 8
4 46 56
4 47 69
4 48 1
4 49 87
5 6 21
5 7 67
5 8 27
5 9 73
5 10 52
5 11 82
5 12 89
5 13 73
5 14 32
5 15 92
5 16 3
5 17 91
5 18 91
5 19 56
5 20 40
5 21 55
5 22 25
5 23 13
5 24 7
5 25 2
5 26 94
5 27 36
5 28 86
5 29 64
5 30 89
5 31 54
5 32 72
5 33 10
5 34 85
5 35 23
5 36 71
5 37 92
5 38 38
5 39 78
5 40 31
5 41 18
5 42 62
5 43 92
5 44 30
5 45 20
5 46 11
5 47 34
5 48 61
5 49 81
6 7 67
6 8 15
6 9 85
6 10 4
6 11 52
6 12 55
6 13 12
6 14 12
6 15 7
6 16 71
6 17 40
6 18 34
6 19 70
6 20 57
6 21 88
6 22 87
6 23 61
6 24 81
6 25 16
6 26 36
6 27 28
6 28 96
6 29 60
6 30 41
6 31 30
6 32 14
6 33 3
6 34 49
6 35 90
6 36 81
6 37 9
6 38 95
6 39 84
6 40 85
6 41 68
6 42 83
6 43 4
6 44 88
6 45 45
6 46 55
6 47 52
6 48 85
6 49 51
7 8 38
7 9 96
7 10 25
7 11 51
7 12 95
7 13 48
7 14 60
7 15 59
7 16 93
7 17 89
7 18 99
7 19 66
7 20 66
7 21 94
7 22 49
7 23 93
7 24 71
7 25 17
7 26 89
7 27 21
7 28 5
7 29 52
7 30 95
7 31 9
7 32 97
7 33 86
7 34 64
7 35 32
7 36 83
7 37 73
7 38 88
7 39 67
7 40 83
7 41 90
7 42 21
7 43 99
7 44 67
7 45 54
7 46 19
7 47 69
7 48 15
7 49 70
8 9 60
8 10 22
8 11 31
8 12 52
8 13 29
8 14 58
8 15 26
8 16 36
8 17 73
8 18 89
8 19 14
8 20 72
8 21 7
8 22 85
8 23 54
8 24 32
8 25 34
8 26 48
8 27 56
8 28 42
8 29 59
8 30 29
8 31 74
8 32 47
8 33 53
8 34 97
8 35 59
8 36 32
8 37 2
8 38 23
8 39 56
8 40 88
8 41 38
8 42 38
8 43 94
8 44 61
8 45 14
8 46 31
8 47 47
8 48 81
8 49 36
9 10 91
9 11 53
9 12 37
9 13 34
9 14 7
9 15 80
9 16 70
9 17 32
9 18 75
9 19 91
9 20 56
9 21 73
9 22 67
9 23 60
9 24 29
9 25 88
9 26 22
9 27 30
9 28 23
9 29 72
9 30 22
9 31 27
9 32 34
9 33 29
9 34 49
9 35 25
9 36 12
9 37 1
9 38 97
9 39 44
9 40 97
9 41 31
9 42 42
9 43 44
9 44 92
9 45 83
9 46 28
9 47 9
9 48 35
9 49 33
10 11 3
10 12 6
10 13 71
10 14 34
10 15 9
10 16 20
10 17 39
10 18 27
10 19 13
10 20 44
10 21 14
10 22 61
10 23 24
10 24 43
10 25 48
10 26 87
10 27 9
10 28 9
10 29 65
10 30 15
10 31 10
10 32 90
10 33 87
10 34 35
10 35 35
10 36 16
10 37 77
10 38 22
10 39 36
10 40 4
10 41 56
10 42 32
10 43 75
10 44 30
10 45 75
10 46 68
10 47 78
10 48 62
10 49 97
11 12 91
11 13 53
11 14 63
11 15 19
11 16 75
11 17 52
11 18 97
11 19 8
11 20 55
11 21 41
11 22 50
11 23 15
11 24 74
11 25 35
11 26 52
11 27 12
11 28 87
11 29 20
11 30 98
11 31 17
11 32 3
11 33 55
11 34 79
11 35 71
11 36 8
11 37 40
11 38 82
11 39 87
11 40 48
11 41 30
11 42 68
11 43 15
11 44 39
11 45 72
11 46 71
11 47 42
11 48 12
11 49 93
12 13 85
12 14 45
12 15 6
12 16 49
12 17 88
12 18 2
12 19 8
12 20 57
12 21 73
12 22 94
12 23 61
12 24 60
12 25 28
12 26 51
12 27 76
12 28 56
12 29 83
12 30 6
12 31 4
12 32 21
12 33 63
12 34 69
12 35 29
12 36 60
12 37 34
12 38 25
12 39 46
12 40 11
12 41 32
12 42 79
12 43 78
12 44 53
12 45 47
12 46 1
12 47 55
12 48 15
12 49 56
13 14 13
13 15 17
13 16 11
13 17 58
13 18 57
13 19 50
13 20 84
13 21 23
13 22 69
13 23 64
13 24 28
13 25 39
13 26 40
13 27 47
13 28 76
13 29 64
13 30 60
13 31 47
13 32 52
13 33 84
13 34 42
13 35 65
13 36 84
13 37 91
13 38 40
13 39 98
13 40 36
13 41 71
13 42 99
13 43 24
13 44 85
13 45 85
13 46 80
13 47 8
13 48 33
13 49 48
14 15 36
14 16 57
14 17 44
14 18 23
14 19 33
14 20 86
14 21 50
14 22 89
14 23 31
14 24 30
14 25 13
14 26 59
14 27 99
14 28 14
14 29 54
14 30 52
14 31 14
14 32 81
14 33 3
14 34 50
14 35 97
14 36 78
14 37 50
14 38 29
14 39 14
14 40 64
14 41 22
14 42 87
14 43 35
14 44 71
14 45 55
14 46 40
14 47 35
14 48 99
14 49 88
15 16 8
15 17 63
15 18 82
15 19 30
15 20 85
15 21 53
15 22 71
15 23 94
15 24 92
15 25 88
15 26 79
15 27 46
15 28 50
15 29 29
15 30 64
15 31 6
15 32 47
15 33 52
15 34 36
15 35 90
15 36 95
15 37 23
15 38 77
15 39 72
15 40 47
15 41 21
15 42 86
15 43 11
15 44 70
15 45 95
15 46 82
15 47 78
15 48 88
15 49 21
16 17 42
16 18 40
16 19 95
16 20 40
16 21 62
16 22 24
16 23 71
16 24 78
16 25 82
16 26 58
16 27 24
16 28 79
16 29 77
16 30 46
16 31 30
16 32 68
16 33 6
16 34 48
16 35 20
16 36 4
16 37 78
16 38 80
16 39 7
16 40 8
16 41 3
16 42 33
16 43 78
16 44 40
16 45 14
16 46 55
16 47 32
16 48 87
16 49 22
17 18 63
17 19 73
17 20 73
17 21 47
17 22 89
17 23 50
17 24 41
17 25 32
17 26 65
17 27 71
17 28 34
17 29 53
17 30 72
17 31 57
17 32 7
17 33 59
17 34 95
17 35 3
17 36 14
17 37 2
17 38 56
17 39 27
17 40 87
17 41 31
17 42 55
17 43 65
17 44 77
17 45 89
17 46 99
17 47 20
17 48 40
17 49 25
18 19 3
18 20 78
18 21 65
18 22 5
18 23 99
18 24 88
18 25 90
18 26 1
18 27 6
18 28 73
18 29 93
18 30 54
18 31 94
18 32 19
18 33 4
18 34 72
18 35 92
18 36 11
18 37 50
18 38 48
18 39 18
18 40 18
18 41 43
18 42 62
18 43 57
18 44 58
18 45 2
18 46 26
18 47 56
18 48 58
18 49 58
19 20 78
19 21 94
19 22 62
19 23 14
19 24 96
19 25 96
19 26 60
19 27 15
19 28 99
19 29 87
19 30 95
19 31 55
19 32 51
19 33 23
19 34 59
19 35 40
19 36 85
19 37 84
19 38 53
19 39 83
19 40 64
19 41 61
19 42 80
19 43 67
19 44 81
19 45 36
19 46 39
19 47 66
19 48 37
19 49 38
20 21 91
20 22 12
20 23 63
20 24 25
20 25 17
20 26 22
20 27 13
20 28 12
20 29 26
20 30 83
20 31 22
20 32 46
20 33 90
20 34 74
20 35 79
20 36 85
20 37 67
20 38 12
20 39 3
20 40 68
20 41 42
20 42 25
20 43 90
20 44 49
20 45 53
20 46 55
20 47 85
20 48 29
20 49 45
21 22 25
21 23 6
21 24 54
21 25 56
21 26 62
21 27 8
21 28 29
21 29 49
21 30 48
21 31 91
21 32 74
21 33 44
21 34 7
21 35 74
21 36 17
21 37 7
21 38 63
21 39 74
21 40 69
21 41 55
21 42 77
21 43 41
21 44 21
21 45 90
21 46 94
21 47 63
21 48 24
21 49 95
22 23 62
22 24 99
22 25 66
22 26 89
22 27 74
22 28 43
22 29 9
22 30 89
22 31 5
22 32 82
22 33 69
22 34 85
22 35 55
22 36 72
22 37 79
22 38 34
22 39 77
22 40 30
22 41 65
22 42 34
22 43 48
22 44 30
22 45 97
22 46 49
22 47 20
22 48 66
22 49 46
23 24 87
23 25 25
23 26 35
23 27 65
23 28 68
23 29 28
23 30 51
23 31 2
23 32 65
23 33 79
23 34 14
23 35 52
23 36 75
23 37 72
23 38 61
23 39 64
23 40 45
23 41 57
23 42 93
23 43 98
23 44 62
23 45 17
23 46 2
23 47 26
23 48 73
23 49 80
24 25 76
24 26 30
24 27 45
24 28 44
24 29 57
24 30 79
24 31 33
24 32 69
24 33 14
24 34 6
24 35 96
24 36 62
24 37 94
24 38 43
24 39 38
24 40 47
24 41 29
24 42 33
24 43 95
24 44 5
24 45 65
24 46 33
24 47 52
24 48 1
24 49 65
25 26 69
25 27 3
25 28 56
25 29 41
25 30 58
25 31 33
25 32 32
25 33 54
25 34 39
25 35 68
25 36 69
25 37 63
25 38 69
25 39 30
25 40 64
25 41 78
25 42 17
25 43 27
25 44 69
25 45 96
25 46 53
25 47 30
25 48 21
25 49 70
26 27 90
26 28 91
26 29 61
26 30 97
26 31 59
26 32 82
26 33 86
26 34 99
26 35 26
26 36 87
26 37 96
26 38 98
26 39 64
26 40 49
26 41 99
26 42 50
26 43 57
26 44 54
26 45 53
26 46 19
26 47 60
26 48 41
26 49 46
27 28 5
27 29 22
27 30 80
27 31 25
27 32 1
27 33 57
27 34 82
27 35 82
27 36 10
27 37 48
27 38 15
27 39 97
27 40 74
27 41 72
27 42 42
27 43 50
27 44 58
27 45 8
27 46 85
27 47 13
27 48 44
27 49 56
28 29 37
28 30 90
28 31 62
28 32 19
28 33 71
28 34 36
28 35 96
28 36 74
28 37 45
28 38 11
28 39 58
28 40 30
28 41 50
28 42 19
28 43 54
28 44 56
28 45 88
28 46 51
28 47 59
28 48 37
28 49 59
29 30 69
29 31 87
29 32 96
29 33 45
29 34 15
29 35 87
29 36 4
29 37 31
29 38 54
29 39 7
29 40 54
29 41 47
29 42 96
29 43 12
29 44 63
29 45 32
29 46 37
29 47 82
29 48 72
29 49 83
30 31 16
30 32 13
30 33 30
30 34 87
30 35 86
30 36 11
30 37 75
30 38 89
30 39 6
30 40 84
30 41 93
30 42 33
30 43 15
30 44 32
30 45 34
30 46 92
30 47 68
30 48 88
30 49 19
31 32 43
31 33 65
31 34 53
31 35 57
31 36 51
31 37 76
31 38 64
31 39 82
31 40 82
31 41 93
31 42 39
31 43 39
31 44 9
31 45 57
31 46 24
31 47 81
31 48 86
31 49 64
32 33 39
32 34 7
32 35 96
32 36 68
32 37 93
32 38 62
32 39 19
32 40 95
32 41 53
32 42 38
32 43 71
32 44 96
32 45 59
32 46 73
32 47 37
32 48 21
32 49 75
33 34 72
33 35 54
33 36 47
33 37 4
33 38 93
33 39 82
33 40 60
33 41 61
33 42 60
33 43 17
33 44 9
33 45 53
33 46 70
33 47 10
33 48 86
33 49 18
34 35 6
34 36 12
34 37 1
34 38 93
34 39 51
34 40 38
34 41 27
34 42 28
34 43 82
34 44 40
34 45 43
34 46 77
34 47 89
34 48 87
34 49 34
35 36 45
35 37 1
35 38 81
35 39 56
35 40 18
35 41 62
35 42 10
35 43 79
35 44 44
35 45 21
35 46 99
35 47 16
35 48 84
35 49 96
36 37 21
36 38 26
36 39 45
36 40 27
36 41 63
36 42 28
36 43 2
36 44 90
36 45 26
36 46 17
36 47 49
36 48 39
36 49 41
37 38 67
37 39 52
37 40 21
37 41 77
37 42 73
37 43 39
37 44 11
37 45 94
37 46 28
37 47 19
37 48 51
37 49 59
38 39 42
38 40 76
38 41 2
38 42 23
38 43 23
38 44 50
38 45 68
38 46 19
38 47 33
38 48 68
38 49 67
39 40 96
39 41 56
39 42 61
39 43 19
39 44 80
39 45 25
39 46 84
39 47 48
39 48 6
39 49 20
40 41 86
40 42 23
40 43 75
40 44 30
40 45 44
40 46 80
40 47 14
40 48 44
40 49 15
41 42 88
41 43 4
41 44 11
41 45 93
41 46 97
41 47 26
41 48 85
41 49 88
42 43 55
42 44 87
42 45 77
42 46 66
42 47 48
42 48 45
42 49 37
43 44 32
43 45 13
43 46 25
43 47 77
43 48 15
43 49 10
44 45 20
44 46 39
44 47 61
44 48 25
44 49 5
45 46 64
45 47 67
45 48 28
45 49 30
46 47 95
46 48 53
46 49 69
47 48 79
47 49 99
48 49 44
