50
0 1 9.347
1 2 78.578
2 3 62.012
3 4 99.509
4 5 72.487
5 6 32.02
6 7 98.217
7 8 54.351
8 9 51.205
9 10 73.479
10 11 6.368
11 12 69.677
12 13 54.899
13 14 70.548
14 15 13.376
15 16 97.939
16 17 81.835
17 18 94.207
18 19 2.136
19 20 67.862
20 21 41.552
21 22 67.16
22 23 97.08
23 24 85.051
24 25 9.6
25 26 39.308
26 27 74.8
27 28 1.498
28 29 85.634
29 30 2.742
30 31 60.682
31 32 68.923
32 33 19.492
33 34 50.91
34 35 44.365
35 36 91.282
36 37 33.233
37 38 7.44
38 39 80.333
39 40 55.471
40 41 90.279
41 42 31.215
42 43 4.915
43 44 94.12
44 45 55.076
45 46 39.462
46 47 21.477
47 48 0.7
48 49 9.343
30 18 51.754
31 3 15.92
1 45 54.674
22 29 28.466
1 47 38.82
2 24 74.633
25 19 55.335
15 20 10.9
4 41 14.92
31 45 76.331
6 13 46.594
28 13 56.578
47 34 67.028
22 48 82.272
13 49 26.559
44 33 0.215
6 22 9.461
42 33 15.929
30 12 36.749
32 39 44.453
32 44 90.427
49 39 52.192
49 14 96.278
7 13 61.807
31 10 79.953
30 29 54.243
15 31 20.235
12 27 66.182
44 40 2.879
17 25 53.706
8 1 4.173
31 34 73.211
5 7 66.92
45 16 8.265
12 35 73.163
48 10 41.17
2 7 61.666
6 19 25.999
15 44 51.778
34 28 38.749
26 3 95.429
34 49 41.244
12 49 8.055
36 21 82.254
45 26 58.817
36 38 3.551
34 2 32.884
49 2 43.818
6 11 99.083
44 38 57.608
22 41 89.43
44 30 36.705
38 12 70.46
41 37 44.764
36 26 30.808
2 33 55.044
23 42 32.609
24 10 37.159
30 35 83.134
17 3 12.08
16 26 97.765
7 14 54.878
49 1 36.216
21 8 87.608
23 5 63.304
29 39 19.528
7 29 16.841
25 2 88.95
24 21 34.36
4 49 66.734
25 36 98.615
13 17 9.715
3 49 73.354
22 24 24.178
20 3 31.076
31 28 10.129
32 17 74.264
39 1 84.579
47 44 91.629
43 34 58.9
16 9 8.556
18 37 70.294
32 12 88.813
34 22 84.491
21 47 85.208
15 4 5.309
33 48 17.631
22 10 86.124
5 33 51.974
37 16 65.368
25 12 3.206
17 43 55.732
37 49 88.487
22 25 62.924
22 44 30.734
41 16 95.376
0 34 51.883
15 10 28.029
43 28 84.841
24 38 43.406
49 43 65.226
8 37 22.635
15 33 90.664
17 28 92.739
32 19 81.876
45 20 47.223
25 11 10.431
6 35 99.209
41 0 47.369
12 7 24.486
5 42 44.071
34 29 27.867
22 17 10.191
0 16 0.17
9 30 84.485
48 45 24.463
49 33 2.238
11 18 46.014
47 26 2.648
45 7 8.307
4 0 17.702
18 40 95.104
45 25 70.907
44 20 73.026
19 23 64.34
8 36 90.889
23 10 14.451
30 26 70.045
10 0 36.92
41 10 31.975
32 40 32.422
21 17 75.258
18 9 66.32
35 49 9.762
2 18 22.224
16 5 58.712
44 24 30.353
30 23 72.276
34 11 95.123
38 46 91.393
10 20 85.686
38 23 38.418
15 3 82.177
30 6 24.172
42 38 95.169
12 1 40.148
38 33 12.783
28 2 50.571
37 19 45.26
36 23 33.448
8 0 32.282
44 4 69.548
40 24 25.994
18 24 56.134
25 14 29.379
29 31 78.068
15 48 20.044
47 32 52.232
11 8 11.965
11 49 51.535
0 46 54.148
45 2 6.699
25 16 19.631
49 31 19.455
21 48 98.196
21 15 28.057
15 47 92.944
8 44 53.009
45 24 45.166
0 36 20.49
30 4 90.261
0 22 87.898
39 7 33.089
27 41 69.019
16 19 21.515
45 13 49.273
17 12 17.851
32 25 96.486
23 32 43.184
47 10 17.797
49 15 8.377
40 29 96.324
35 8 74.369
44 14 49.356
3 32 34.864
7 27 82.602
32 6 94.45
24 34 36.434
17 24 10.519
11 22 65.881
22 16 93.355
10 29 56.165
37 11 73.965
6 3 20.584
43 9 67.856
47 13 56.823
27 9 31.37
49 0 79.669
22 47 63.91
13 11 28.488
7 18 4.299
16 3 61.784
27 17 12.61
15 1 78.844
26 6 19.332
4 23 88.211
44 31 73.877
0 42 76.53
43 15 49.652
13 2 7.328
25 9 99.675
8 29 79.706
31 42 30.618
29 37 16.015
9 4 47.592
48 39 38.195
3 10 90.352
33 23 19.217
47 35 11.465
26 32 15.209
43 23 29.145
12 34 55.694
27 11 59.597
9 33 90.997
25 29 36.311
21 2 7.871
39 20 4.556
23 45 18.889
22 9 44.154
25 5 13.546
29 24 12.918
22 43 34.245
38 26 15.542
33 3 27.284
13 24 36.77
1 13 25.895
18 16 76.447
41 6 21.44
46 44 5.391
12 48 62.677
17 14 5.801
46 24 10.811
24 28 54.834
25 1 24.54
20 13 7.559
15 11 80.896
44 1 88.946
12 33 10.838
0 38 48.95
4 13 63.144
2 44 68.851
27 21 4.393
45 33 42.408
17 30 11.643
43 1 63.413
5 4 63.057
11 38 80.708
13 35 54.665
38 47 45.035
23 1 38.069
35 26 58.862
9 36 78.305
14 31 87.027
39 17 22.597
9 0 78.39
7 6 2.115
8 43 24.591
27 34 12.337
20 34 72.682
13 9 9.361
42 4 94.497
15 12 97.577
36 27 21.039
49 47 87.769
47 16 20.479
37 21 21.33
37 35 86.762
31 27 34.086
49 19 98.773
30 10 13.334
42 20 24.731
15 36 95.078
6 17 44.2
37 7 23.784
32 20 57.073
17 46 69.856
13 26 62.906
32 10 49.427
30 37 7.461
34 36 23.531
3 9 39.53
5 27 4.918
22 5 17.258
26 34 38.492
45 5 48.996
17 49 1.263
42 47 16.648
29 4 46.25
0 13 89.401
42 9 45.442
29 45 5.537
37 26 47.112
33 46 35.721
33 7 2.06
41 29 99.007
1 26 74.451
33 36 16.129
16 12 37.322
49 27 61.419
28 27 87.756
4 2 70.641
40 45 15.553
29 23 90.84
38 49 39.955
47 8 64.168
39 24 8.723
4 10 30.73
38 20 43.71
47 39 82.888
48 5 65.732
22 26 98.39
39 12 20.127
11 29 99.987
10 35 12.96
43 3 77.208
5 35 39.605
47 7 58.754
12 2 13.287
17 23 90.903
5 49 34.242
5 0 37.434
1 38 26.323
26 23 57.56
25 46 56.02
26 49 98.523
22 27 55.23
25 42 37.549
21 20 41.878
6 46 60.374
24 32 47.074
36 29 19.612
7 21 8.411
36 39 62.829
0 27 3.479
1 20 89.695
44 26 87.307
44 5 65.444
18 39 48.559
37 4 46.128
43 12 32.28
31 5 62.175
47 23 98.541
3 38 36.883
34 32 78.705
3 11 8.79
45 47 40.596
0 21 75.092
24 31 13.106
30 48 37.565
20 5 64.396
12 19 32.985
20 17 15.211
3 12 18.008
37 28 57.778
16 2 1.856
0 24 42.35
36 13 84.773
4 36 75.133
11 14 44.425
25 44 55.926
43 24 5.244
29 47 9.017
46 23 90.297
16 48 82.107
21 35 63.493
38 31 54.201
40 19 29.501
19 38 67.513
45 37 21.783
7 24 36.653
14 2 38.808
15 13 2.688
32 2 32.559
25 30 31.167
17 11 65.881
48 17 0.744
37 32 49.42
11 16 4.068
47 11 83.024
0 43 4.786
5 2 28.587
5 11 72.419
4 33 47.106
49 45 10.761
24 47 51.55
9 24 45.524
22 19 43.454
7 4 14.992
44 7 35.706
19 26 69.038
2 43 40.042
41 35 85.433
46 1 0.9
14 27 80.783
26 15 91.518
0 48 0.726
7 15 66.595
14 37 54.173
22 45 34.7
26 10 15.43
5 47 91.527
26 2 59.296
8 26 3.212
44 9 35.868
48 35 56.377
16 10 39.448
41 33 6.909
22 7 22.139
4 35 65.592
34 41 98.568
41 5 54.349
35 3 1.812
15 46 18.908
40 9 95.565
10 12 63.622
2 23 1.907
40 42 63.458
4 45 79.733
31 6 39.13
22 14 45.476
2 40 24.458
37 40 41.973
9 21 54.448
44 36 94.832
32 48 42.04
9 15 71.132
38 48 59.521
5 37 28.639
45 12 87.654
14 40 1.739
21 34 1.997
36 16 90.668
13 8 98.747
3 23 75.698
20 4 37.401
37 9 69.284
13 29 14.668
41 14 73.944
5 26 33.065
14 23 28.324
22 49 58.271
22 15 47.603
28 46 59.092
10 37 26.48
9 41 51.871
11 45 91.506
12 42 80.311
44 19 34.224
24 48 88.32
29 19 59.253
20 11 56.321
18 36 29.944
8 45 10.572
7 32 24.182
21 1 72.06
3 37 94.346
12 18 41.248
40 21 56.619
24 35 66.367
5 15 34.616
46 7 77.29
3 13 54.847
16 40 54.343
1 17 55.624
11 46 73.075
21 33 20.348
0 47 5.858
39 30 94.341
35 28 22.303
36 40 27.387
9 35 26.896
10 49 7.123
44 18 10.474
31 25 65.749
36 20 19.861
39 16 58.507
27 4 43.141
27 18 36.671
23 6 73.856
32 27 0.142
3 0 67.597
33 14 97.514
8 19 22.71
25 7 81.294
47 40 37.103
0 32 70.738
46 39 72.723
19 35 25.279
41 32 87.823
14 13 95.862
40 1 13.807
23 44 49.833
1 31 32.516
15 32 48.666
28 0 53.344
0 18 99.735
15 39 8.156
45 19 82.066
43 33 55.098
45 34 19.948
10 13 90.339
17 2 54.997
26 42 16.715
28 26 91.487
2 37 27.788
37 47 64.405
25 39 76.959
40 15 43.689
37 27 92.671
27 30 92.142
30 3 5.327
36 11 36.91
27 16 95.906
31 12 75.067
38 37 87.406
34 3 9.243
33 16 11.715
11 32 65.979
27 10 84.686
48 28 20.508
23 21 45.856
5 13 54.007
27 47 64.925
7 17 7.085
4 40 98.479
21 39 81.858
36 19 85.453
1 41 23.952
17 47 75.051
11 21 27.257
25 21 77.35
20 29 8.6
24 12 46.024
11 19 21.648
23 37 19.41
34 40 29.395
4 47 59.404
25 38 40.283
16 15 46.407
45 35 15.386
35 2 49.496
42 11 70.694
37 20 10.974
32 21 86.172
11 41 28.405
21 44 44.729
9 23 24.224
43 46 80.676
41 2 98.042
6 33 11.701
47 30 89.049
14 47 15.54
14 48 28.061
38 29 44.54
39 8 51.916
44 13 99.778
36 30 45.492
8 25 23.241
16 24 9.783
8 41 76.344
20 7 88.689
6 36 13.637
14 28 40.971
19 2 55.831
7 19 98.318
37 36 60.72
43 30 63.776
49 8 79.333
41 17 41.007
0 40 40.823
34 10 61.471
4 28 15.682
32 5 62.057
29 12 9.534
28 21 88.986
4 6 90.835
35 40 17.646
34 25 31.735
31 20 80.165
41 3 76.393
38 5 90.392
45 17 52.285
1 22 17.485
28 39 85.534
32 35 16.996
47 46 64.49
42 3 65.55
48 36 18.026
11 31 70.319
36 14 61.533
36 43 98.511
8 7 44.097
21 49 35.814
7 28 35.269
44 29 11.829
32 38 4.97
10 33 31.97
2 42 5.903
27 20 50.595
19 24 28.129
30 22 45.525
39 14 14.28
40 26 73.856
34 19 71.719
30 15 87.402
49 16 6.582
0 39 95.366
14 4 47.184
20 19 81.883
26 29 58.628
35 17 88.057
32 14 28.317
34 1 45.803
6 28 29.402
41 36 44.451
14 20 94.036
14 42 85.375
6 9 5.528
46 29 24.182
48 40 59.245
4 18 40.972
32 28 46.462
24 36 80.285
8 27 2.904
48 41 95.379
36 45 28.117
43 14 24.998
43 19 46.379
6 5 86.512
9 2 56.293
48 20 15.225
25 6 92.631
33 24 89.23
37 42 71.468
45 44 0.029
41 44 52.565
35 22 5.09
8 15 82.942
19 9 89.158
1 5 56.798
8 14 58.48
28 19 86.1
41 23 89.582
19 13 73.177
39 2 89.063
12 22 44.569
4 17 55.671
25 33 3.315
18 14 63.478
10 9 23.101
19 39 51.404
14 12 62.655
33 31 66.836
31 37 87.251
42 28 63.834
44 6 30.852
8 2 23.999
18 28 39.737
26 18 44.917
10 38 58.139
28 41 63.849
7 9 97.995
46 2 31.056
45 10 14.718
26 17 26.461
31 4 36.853
8 12 26.676
48 46 34.006
6 12 83.503
13 30 97.2
17 42 78.092
1 16 18.611
26 21 73.574
8 16 91.592
27 15 79.543
3 5 12.051
41 13 79.625
14 16 22.706
29 6 2.176
10 6 38.521
31 41 48.782
10 36 19.883
37 46 80.05
15 29 58.402
2 20 48.319
49 20 69.777
29 28 37.745
1 14 83.338
14 38 40.183
40 49 11.527
25 40 70.085
44 3 66.594
23 49 90.081
23 40 67.03
34 4 64.37
48 6 8.603
7 1 94.299
36 31 18.177
30 38 34.706
43 13 63.393
44 11 15.127
25 10 32.996
1 33 63.858
19 14 12.344
35 15 23.174
5 8 50.251
31 0 24.559
7 30 81.294
37 24 81.811
29 49 98.384
15 41 6.118
13 39 17.268
31 2 99.847
17 10 13.244
4 46 64.389
30 45 61.039
22 31 55.236
42 36 74.979
42 1 56.745
13 21 67.939
42 45 55.124
34 38 78.992
0 35 24.985
28 45 70.965
16 29 47.032
18 42 41.702
47 28 9.544
9 14 36.911
48 43 28.217
3 7 46.969
41 20 47.928
13 18 14.513
30 46 71.422
20 43 12.074
32 13 31.441
2 36 51.5
7 26 30.547
27 48 78.645
48 31 28.85
38 21 40.458
38 41 51.832
29 48 2.04