50
0 2 29.831
0 3 1.419
0 6 2.44
0 16 21.637
0 17 32.723
0 18 52.16
0 21 33.5
0 22 35.131
0 33 98.275
0 40 75.188
0 41 0.293
0 47 22.304
0 48 39.369
0 49 92.396
1 4 96.308
1 6 80.289
1 7 47.659
1 9 37.842
1 14 76.435
1 17 7.221
1 20 98.884
1 23 17.34
1 37 88.601
1 46 41.268
2 1 47.142
2 3 12.615
2 7 62.539
2 8 42.307
2 12 49.076
2 13 4.555
2 14 2.899
2 16 28.404
2 17 10.973
2 19 14.642
2 20 69.135
2 26 22.137
2 33 26.315
2 41 38.082
2 44 6.523
2 46 99.892
2 48 57.582
3 6 59.405
3 7 79.675
3 12 85.436
3 14 77.259
3 17 93.618
3 19 22.835
3 23 71.925
3 26 46.467
3 28 35.867
3 40 64.616
3 41 60.11
3 44 53.334
3 45 74.664
4 3 26.057
4 8 12.758
4 11 52.46
4 12 64.786
4 15 1.835
4 21 78.57
4 27 60.427
4 33 44.501
4 35 27.269
4 41 23.379
4 45 99.315
5 4 2.868
5 13 91.662
5 16 32.003
5 19 57.617
5 26 73.23
5 28 22.774
5 40 91.633
5 43 64.538
6 16 28.546
6 17 16.965
6 18 11.772
6 23 68.226
6 26 22.225
6 37 97.069
6 38 77.043
6 39 35.693
6 40 53.473
6 45 33.992
6 47 53.132
6 48 20.906
7 6 54.17
7 12 60.896
7 15 14.574
7 19 86.189
7 21 11.782
7 22 84.555
7 23 91.228
7 25 84.217
7 31 91.79
7 42 62.028
7 46 13.704
7 47 93.742
8 11 68.159
8 18 95.976
8 21 36.812
8 25 72.058
8 32 51.277
8 42 88.175
9 0 54.774
9 5 28.874
9 12 57.884
9 13 43.487
9 15 28.115
9 17 79.487
9 23 61.112
9 26 38.092
9 31 4.681
9 37 9.604
9 48 77.562
10 2 49.432
10 5 23.253
10 17 42.786
10 23 46.032
10 27 95.577
10 29 89.125
10 30 95.759
10 35 66.328
10 38 0.929
10 43 55.532
10 45 84.084
10 48 96.699
11 6 55.423
11 12 85.581
11 14 44.669
11 16 27.109
11 21 42.252
11 24 1.354
11 27 49.817
11 28 32.725
11 29 53.184
11 34 12.234
11 36 14.473
11 39 80.37
11 42 48.885
11 43 65.621
11 44 18.415
11 49 7.387
12 0 8.486
12 5 73.941
12 6 10.958
12 30 54.814
12 42 84.324
12 43 35.795
12 44 23.435
12 49 56.847
13 16 61.662
13 17 28.994
13 19 36.459
13 20 44.644
13 22 87.581
13 27 50.135
13 29 93.512
13 32 2.344
13 34 61.896
13 35 96.161
13 36 2.805
13 39 46.565
14 0 6.014
14 6 65.973
14 13 61.809
14 19 18.241
14 21 73.029
14 24 39.68
14 25 22.721
14 35 14.091
14 43 70.511
14 44 15.867
15 0 84.515
15 2 95.294
15 11 21.421
15 12 30.696
15 17 54.121
15 18 87.319
15 24 7.063
15 27 98.24
15 30 95.754
15 36 79.277
15 37 82.963
15 39 78.402
15 43 7.506
15 47 26.882
15 48 54.886
16 4 54.817
16 12 25.946
16 19 10.434
16 21 86.26
16 24 17.704
16 29 70.595
16 45 10.915
16 47 89.64
17 7 84.775
17 12 2.598
17 21 26.043
17 24 10.523
17 33 69.272
17 43 57.197
17 46 8.143
18 3 50.698
18 10 95.779
18 16 21.792
18 17 92.351
18 20 26.163
18 22 63.193
18 24 20.442
18 26 40.937
18 33 78.361
18 34 99.621
18 36 41.396
18 39 79.739
18 41 37.302
18 46 84.218
18 49 76.056
19 4 35.685
19 6 51.592
19 22 18.782
19 23 71.837
19 29 26.357
19 33 16.622
19 34 70.173
19 38 72.926
19 47 18.303
20 8 29.008
20 12 25.808
20 14 44.684
20 15 5.787
20 25 52.283
20 28 13.421
20 30 32.344
20 32 33.218
20 33 48.164
20 36 81.054
20 43 58.247
20 46 32.239
20 47 67.622
21 1 96.021
21 2 1.724
21 5 38.365
21 6 94.04
21 18 78.882
21 29 49.577
21 37 99.938
21 39 99.302
21 41 64.55
21 43 53.052
21 47 67.19
22 5 64.817
22 6 73.396
22 17 28.599
22 20 41.771
22 26 12.242
22 29 2.045
22 30 52.487
22 32 65.474
22 34 38.568
22 35 96.974
22 36 82.884
22 38 45.266
22 45 25.058
22 47 92.91
22 48 78.02
23 8 76.017
23 11 90.067
23 14 92.835
23 16 44.766
23 17 19.051
23 26 39.084
23 29 42.064
23 30 14.959
23 37 81.159
23 40 29.338
23 42 47.236
23 48 48.77
24 1 48.719
24 8 41.62
24 10 87.296
24 25 3.507
24 30 59.332
24 34 56.032
24 37 11.542
24 44 68.048
24 46 12.965
24 48 54.264
25 2 74.066
25 11 14.936
25 15 54.95
25 18 87.967
25 19 9.776
25 23 3.278
25 26 76.025
25 27 18.371
25 31 7.213
25 33 98.926
25 37 19.283
25 41 33.093
25 43 43.452
25 45 34.822
26 1 8.139
26 4 37.244
26 8 87.29
26 12 54.159
26 13 94.305
26 14 46.23
26 19 60.232
26 20 31.685
26 29 16.136
26 34 59.844
26 37 93.496
26 41 3.839
26 48 92.01
27 0 1.621
27 3 43.383
27 8 15.93
27 9 40.406
27 19 97.06
27 22 84.866
27 24 95.481
27 26 82.288
27 29 40.625
27 30 99.897
27 32 59.19
27 44 2.434
28 12 16.44
28 14 90.793
28 22 20.344
28 23 33.164
28 27 55.62
28 34 50.752
28 37 23.15
28 42 86.619
28 43 74.905
28 47 70.003
29 0 53.683
29 2 79.576
29 3 34.636
29 25 78.412
29 30 3.219
29 36 59.212
29 37 37.54
29 40 7.371
29 44 95.748
29 46 9.817
30 0 64.475
30 6 62.555
30 7 85.375
30 13 71.74
30 17 70.392
30 19 48.252
30 25 15.772
30 28 5.776
30 32 83.37
30 34 12.405
30 41 54.465
31 5 11.323
31 6 37.923
31 12 19.572
31 14 23.627
31 15 69.563
31 20 84.079
31 23 77.637
31 29 0.709
31 35 45.622
31 47 53.82
31 49 49.88
32 1 78.52
32 2 68.497
32 6 53.08
32 10 37.194
32 14 12.941
32 15 77.413
32 16 27.402
32 21 16.333
32 35 26.921
32 41 96.488
32 45 15.941
32 48 79.955
32 49 46.003
33 3 94.907
33 5 46.101
33 6 41.098
33 7 16.003
33 13 88.274
33 15 4.606
33 22 11.837
33 29 87.333
33 30 27.819
33 34 46.116
33 48 7.396
33 49 34.438
34 3 66.333
34 4 6.403
34 16 40.257
34 27 92.984
34 29 25.48
35 0 64.569
35 11 29.2
35 16 68.265
35 17 42.651
35 18 32.719
35 19 53.753
35 24 97.733
35 30 33.59
35 34 69.362
35 37 69.225
35 42 42.952
35 44 15.646
35 46 23.941
36 5 41.787
36 6 68.249
36 17 61.342
36 23 10.356
36 27 72.229
36 30 78.212
36 32 4.151
36 38 69.495
36 41 73.71
36 42 51.896
36 43 20.535
36 44 58.629
36 46 20.758
36 48 13.408
36 49 19.619
37 4 90.548
37 8 10.134
37 30 9.626
37 39 13.429
37 41 54.85
38 1 31.544
38 2 41.183
38 4 8.145
38 7 28.855
38 12 79.946
38 14 36.243
38 15 12.565
38 17 49.623
38 20 7.316
38 24 52.206
38 28 65.436
38 29 94.529
38 32 39.173
38 37 83.147
38 39 17.23
38 44 36.864
38 48 4.102
39 0 28.506
39 9 25.783
39 12 23.439
39 14 34.347
39 16 21.919
39 24 2.259
39 34 40.485
39 36 41.986
39 44 76.168
40 7 8.984
40 8 39.054
40 10 99.469
40 16 15.76
40 24 28.802
40 26 1.608
40 30 36.959
40 32 67.767
40 33 6.45
40 34 37.527
40 37 93.981
40 41 74.19
40 48 50.178
41 10 55.869
41 13 77.532
41 15 21.431
41 16 57.693
41 19 1.149
41 42 78.64
41 44 50.395
41 48 54.952
41 49 27.081
42 0 81.55
42 1 46.921
42 3 50.174
42 6 3.223
42 10 11.719
42 13 28.704
42 14 88.465
42 16 93.315
42 18 36.76
42 19 48.916
42 25 2.599
42 31 36.658
42 43 82.128
42 46 5.14
42 47 91.607
43 7 96.0
43 9 38.493
43 19 20.861
43 23 43.678
43 30 41.547
43 31 98.112
43 32 90.116
43 48 70.078
44 1 21.966
44 20 63.762
44 42 41.429
44 47 10.851
45 0 11.003
45 5 35.749
45 13 64.516
45 18 58.465
45 26 66.521
45 39 29.196
45 40 94.138
45 44 80.944
45 49 79.161
46 5 60.346
46 10 39.666
46 21 23.608
46 23 88.762
46 28 45.391
46 33 82.342
46 41 64.673
47 1 31.863
47 2 61.491
47 4 29.148
47 5 66.028
47 12 23.957
47 14 22.677
47 27 43.938
47 29 66.601
47 33 0.502
47 37 20.903
47 40 80.388
47 48 92.503
48 1 65.015
48 20 93.752
48 21 13.812
48 25 86.646
48 31 75.198
48 45 72.674
49 3 42.74
49 6 63.513
49 9 8.43
49 14 82.502
49 16 6.077
49 27 44.21
49 34 59.293
49 35 44.568
49 42 80.477
49 46 49.219
