50
0 1 27.437
0 2 8.122
0 3 90.179
0 4 11.481
0 6 2.316
0 8 4.385
0 10 76.374
0 11 62.12
0 12 35.053
0 13 80.355
0 14 67.589
0 15 24.395
0 16 43.822
0 18 56.906
0 19 59.071
0 20 44.394
0 22 78.547
0 23 43.584
0 25 62.59
0 28 73.369
0 31 1.156
0 33 42.711
0 37 86.857
0 38 63.624
0 45 74.711
0 47 61.723
0 48 56.471
1 2 46.835
1 6 72.457
1 7 9.579
1 8 77.035
1 9 96.072
1 10 6.202
1 12 78.604
1 13 20.268
1 14 14.334
1 16 99.537
1 17 36.15
1 18 65.013
1 26 34.453
1 27 23.492
1 28 98.306
1 30 38.858
1 32 52.134
1 33 32.43
1 34 30.546
1 35 29.421
1 36 98.928
1 37 32.235
1 38 74.293
1 39 20.61
1 40 40.505
1 41 58.501
1 42 11.926
1 43 85.663
1 44 61.905
1 45 67.023
1 47 53.909
1 49 17.33
2 4 72.002
2 5 23.587
2 7 57.081
2 8 12.917
2 12 11.588
2 15 51.183
2 16 68.042
2 17 34.41
2 19 0.432
2 22 63.811
2 26 58.056
2 27 30.418
2 32 11.922
2 33 5.798
2 34 50.48
2 36 45.72
2 41 12.783
2 43 22.026
2 47 54.774
3 4 93.048
3 6 54.185
3 7 43.49
3 9 96.482
3 10 72.348
3 11 93.403
3 13 23.612
3 14 37.689
3 15 75.772
3 18 54.633
3 20 24.479
3 21 80.411
3 22 54.856
3 28 31.676
3 31 72.778
3 34 55.993
3 35 45.973
3 36 77.074
3 38 83.784
3 43 54.792
3 45 49.89
3 46 45.843
3 48 93.777
4 5 31.827
4 6 53.106
4 8 90.908
4 11 58.047
4 13 97.79
4 14 5.303
4 17 58.902
4 19 17.355
4 21 44.845
4 22 91.097
4 24 76.984
4 26 90.59
4 27 79.96
4 28 90.71
4 31 36.674
4 33 1.219
4 34 11.332
4 36 58.424
4 40 32.531
4 42 7.601
4 43 66.179
4 46 19.313
4 47 98.571
4 49 8.873
5 8 99.994
5 10 7.581
5 14 40.129
5 17 4.888
5 18 87.829
5 20 28.942
5 21 46.288
5 22 58.439
5 23 56.364
5 24 41.398
5 26 84.834
5 27 20.625
5 28 64.386
5 33 31.75
5 35 41.424
5 36 92.959
5 37 26.642
5 38 68.762
5 40 93.324
5 41 54.926
5 43 94.471
5 45 43.07
5 47 81.006
6 7 94.378
6 8 65.568
6 9 25.802
6 10 29.158
6 11 50.034
6 12 74.773
6 13 74.087
6 15 29.073
6 17 50.804
6 20 38.02
6 24 4.789
6 25 49.02
6 26 94.682
6 27 10.197
6 30 58.634
6 31 25.616
6 32 6.945
6 33 23.228
6 34 87.151
6 35 89.956
6 37 65.457
6 39 21.382
6 41 57.399
6 42 29.244
6 43 99.946
6 46 82.657
6 47 41.377
7 8 88.981
7 10 36.238
7 11 2.33
7 13 69.508
7 17 88.324
7 18 90.305
7 21 95.832
7 22 29.322
7 23 88.227
7 25 58.169
7 27 23.86
7 28 35.734
7 29 89.89
7 30 78.459
7 33 29.001
7 34 91.276
7 35 65.185
7 36 8.193
7 38 90.305
7 42 14.004
7 43 9.876
7 45 1.584
7 46 68.126
7 47 67.087
7 48 15.544
8 10 97.645
8 11 29.336
8 13 39.862
8 14 50.038
8 21 7.186
8 22 8.457
8 24 93.971
8 29 49.586
8 31 76.574
8 32 88.952
8 35 78.266
8 38 65.524
8 39 76.095
8 42 35.455
8 44 23.892
8 45 66.45
8 46 89.336
8 48 61.728
9 11 18.245
9 12 38.943
9 18 2.112
9 19 38.694
9 22 15.815
9 24 9.842
9 25 96.623
9 26 94.892
9 27 19.116
9 28 4.957
9 32 34.56
9 35 38.092
9 40 78.997
9 41 64.911
9 42 13.414
9 43 58.222
9 44 12.185
9 49 44.966
10 13 46.611
10 14 89.243
10 15 67.764
10 18 19.101
10 20 46.983
10 21 48.548
10 22 35.07
10 25 82.177
10 26 97.541
10 28 43.838
10 32 66.329
10 33 23.654
10 36 44.335
10 37 41.355
10 38 40.893
10 39 95.081
10 41 20.245
10 42 37.501
10 43 61.405
10 46 6.066
11 12 11.895
11 14 71.432
11 17 11.389
11 19 19.304
11 22 81.645
11 23 52.158
11 25 41.576
11 26 54.957
11 28 12.693
11 30 45.651
11 36 11.47
11 37 39.468
11 41 24.048
11 42 15.591
11 43 34.216
11 45 4.91
11 48 51.54
11 49 85.549
12 13 54.759
12 14 6.669
12 15 99.465
12 23 93.686
12 27 70.04
12 31 24.58
12 32 39.702
12 34 69.465
12 36 24.152
12 41 27.52
12 42 68.824
12 43 27.287
12 45 82.75
12 46 27.692
12 47 54.845
12 48 51.318
12 49 14.266
13 15 25.172
13 21 1.823
13 23 34.765
13 26 52.061
13 29 81.175
13 33 81.691
13 34 57.432
13 35 82.001
13 40 58.54
13 42 15.433
13 44 28.982
13 47 87.62
13 49 95.412
14 16 89.503
14 19 86.312
14 20 96.212
14 21 81.367
14 24 80.07
14 25 41.221
14 27 59.876
14 28 14.278
14 33 55.109
14 34 64.361
14 35 12.875
14 37 0.404
14 47 29.097
14 48 76.916
14 49 9.146
15 18 4.169
15 20 14.833
15 22 10.782
15 24 92.892
15 25 91.74
15 26 80.503
15 27 68.78
15 28 17.604
15 31 76.597
15 32 61.062
15 33 45.07
15 35 47.044
15 36 90.611
15 37 39.723
15 38 54.104
15 39 60.667
15 40 87.472
15 41 64.934
15 42 49.884
15 44 52.162
15 45 59.634
15 47 35.243
15 48 72.12
16 17 78.502
16 21 6.008
16 22 22.995
16 23 79.184
16 24 7.956
16 27 51.34
16 30 54.412
16 31 70.455
16 33 42.67
16 34 50.935
16 36 66.836
16 37 96.368
16 38 76.567
16 40 55.44
16 42 13.23
16 47 58.14
16 48 49.289
16 49 61.877
17 18 61.203
17 19 62.859
17 21 65.908
17 22 70.739
17 23 34.048
17 25 42.058
17 27 3.017
17 29 41.928
17 30 94.458
17 31 47.907
17 32 7.016
17 35 46.389
17 38 60.283
17 39 45.706
17 42 87.332
17 46 4.464
17 49 45.497
18 20 86.423
18 21 46.286
18 22 71.506
18 23 52.773
18 25 9.958
18 26 68.951
18 28 8.467
18 31 14.761
18 32 5.145
18 33 1.022
18 34 24.413
18 36 62.765
18 38 58.66
18 43 85.3
18 44 42.853
18 45 97.701
18 47 40.402
18 48 35.269
18 49 95.886
19 20 48.157
19 21 71.624
19 23 75.274
19 24 55.169
19 26 28.022
19 29 20.304
19 30 67.219
19 32 14.762
19 38 16.408
19 39 28.663
19 42 78.719
19 43 80.966
20 21 48.217
20 23 35.423
20 25 36.964
20 26 13.26
20 27 2.838
20 28 15.338
20 32 65.589
20 34 91.557
20 38 67.24
20 39 16.129
20 41 13.358
20 45 4.184
20 47 23.854
21 22 50.357
21 23 88.31
21 25 34.953
21 26 60.053
21 29 19.768
21 30 88.198
21 31 56.285
21 33 54.087
21 34 11.997
21 36 6.39
21 37 22.104
21 39 30.632
21 40 98.517
21 42 30.237
21 44 51.755
21 45 69.873
21 47 49.343
21 48 23.388
21 49 53.577
22 23 25.479
22 24 8.235
22 26 72.249
22 27 25.714
22 28 30.984
22 32 20.435
22 33 37.691
22 34 97.828
22 38 37.345
22 41 0.269
22 44 95.49
22 46 11.658
22 48 4.161
23 24 98.189
23 27 5.019
23 29 95.63
23 30 37.883
23 31 55.104
23 32 44.533
23 33 81.714
23 36 48.689
23 38 26.263
23 39 40.832
23 40 71.673
23 41 2.343
23 42 18.744
23 43 73.769
23 46 7.568
23 47 9.763
23 48 81.957
24 26 46.607
24 27 58.256
24 28 59.975
24 30 44.796
24 33 24.276
24 34 70.076
24 35 89.312
24 36 92.699
24 37 38.535
24 38 86.403
24 39 79.16
24 45 60.48
24 46 80.481
24 47 55.644
24 49 45.475
25 27 13.303
25 29 96.71
25 31 88.137
25 32 60.764
25 34 77.818
25 37 2.026
25 41 10.43
25 43 22.868
25 45 85.052
25 46 3.439
25 47 83.441
26 28 22.303
26 29 73.945
26 30 85.845
26 32 34.477
26 36 34.434
26 40 14.449
26 41 24.275
26 44 43.322
26 45 66.377
26 46 41.661
26 48 95.209
26 49 45.673
27 31 7.906
27 33 11.969
27 35 47.289
27 36 72.306
27 37 86.232
27 38 49.733
27 42 70.428
27 43 5.472
27 44 65.781
27 45 96.243
27 46 83.36
27 47 73.267
27 49 53.894
28 29 25.226
28 30 9.273
28 32 45.042
28 35 45.925
28 42 55.32
28 44 43.466
28 45 62.027
28 46 1.365
29 30 61.13
29 35 57.885
29 36 39.605
29 37 45.785
29 40 38.758
29 46 81.951
29 47 34.297
29 49 58.955
30 31 53.331
30 33 62.335
30 34 47.802
30 35 43.852
30 36 35.972
30 37 63.213
30 38 65.04
30 39 80.094
30 40 23.627
30 41 62.219
30 42 55.084
30 43 81.398
30 44 36.964
30 49 8.397
31 32 57.274
31 33 42.254
31 35 68.182
31 38 70.26
31 39 46.468
31 42 9.2
31 43 45.807
31 44 23.232
31 46 53.566
31 48 72.856
31 49 7.399
32 34 71.215
32 35 22.38
32 37 94.001
32 39 0.188
32 40 52.901
32 42 76.624
32 47 81.907
33 35 57.41
33 36 97.587
33 37 95.549
33 39 40.364
33 40 12.715
33 42 6.573
33 46 71.556
34 36 35.856
34 44 46.916
34 46 53.4
34 48 67.258
35 36 3.845
35 39 5.891
35 40 77.266
35 41 3.831
35 42 31.036
35 47 92.976
36 41 78.803
36 42 94.491
36 43 11.734
36 45 30.287
36 46 40.779
36 48 79.003
36 49 56.587
37 39 93.561
37 43 59.109
37 48 90.535
38 39 7.959
38 41 30.617
38 43 13.219
38 46 88.191
38 48 14.094
39 42 40.286
39 43 7.595
39 45 42.347
39 46 21.515
39 49 64.979
40 42 14.819
40 45 78.327
40 47 10.457
40 49 84.051
41 42 12.483
41 43 74.435
41 47 62.359
41 48 27.329
41 49 43.421
42 43 37.14
42 44 62.787
42 48 8.321
43 44 43.891
43 46 50.447
43 47 79.725
43 48 60.794
43 49 4.51
44 46 37.542
45 46 60.66
45 48 71.632
46 47 53.512
