50
37 28 1.0
37 32 1.0
37 6 1.0
37 40 1.0
37 13 1.0
37 31 1.0
37 20 1.0
32 2 1.0
32 17 1.0
32 27 1.0
32 25 1.0
32 19 1.0
32 49 1.0
32 3 1.0
6 12 1.0
6 35 1.0
6 23 1.0
6 42 1.0
6 16 1.0
6 31 1.0
6 26 1.0
40 8 1.0
40 22 1.0
40 41 1.0
40 21 1.0
40 5 1.0
40 4 1.0
40 17 1.0
13 35 1.0
13 33 1.0
13 11 1.0
13 38 1.0
13 41 1.0
13 14 1.0
13 5 1.0
31 38 1.0
31 11 1.0
31 8 1.0
31 46 1.0
31 20 1.0
31 22 1.0
20 17 1.0
20 48 1.0
20 16 1.0
20 35 1.0
20 19 1.0
20 25 1.0
24 28 1.0
24 29 1.0
24 16 1.0
24 39 1.0
24 23 1.0
24 27 1.0
24 44 1.0
29 27 1.0
29 38 1.0
29 5 1.0
29 47 1.0
29 21 1.0
29 17 1.0
29 45 1.0
16 14 1.0
16 49 1.0
16 8 1.0
16 42 1.0
16 38 1.0
39 25 1.0
39 14 1.0
39 36 1.0
39 17 1.0
39 35 1.0
39 34 1.0
39 19 1.0
23 34 1.0
23 25 1.0
23 14 1.0
23 48 1.0
23 27 1.0
23 10 1.0
27 4 1.0
27 49 1.0
27 8 1.0
27 35 1.0
44 19 1.0
44 10 1.0
44 21 1.0
44 11 1.0
44 14 1.0
44 30 1.0
44 2 1.0
18 28 1.0
18 5 1.0
18 43 1.0
18 22 1.0
18 14 1.0
18 35 1.0
18 11 1.0
5 21 1.0
5 41 1.0
5 45 1.0
5 33 1.0
43 10 1.0
43 21 1.0
43 25 1.0
43 30 1.0
43 12 1.0
43 41 1.0
43 11 1.0
22 28 1.0
22 47 1.0
22 38 1.0
22 12 1.0
22 2 1.0
22 3 1.0
14 46 1.0
14 42 1.0
35 28 1.0
35 4 1.0
35 45 1.0
11 30 1.0
11 45 1.0
11 8 1.0
9 28 1.0
9 10 1.0
9 26 1.0
9 34 1.0
9 42 1.0
9 49 1.0
9 46 1.0
10 15 1.0
10 3 1.0
10 38 1.0
10 48 1.0
26 41 1.0
26 46 1.0
26 2 1.0
26 15 1.0
26 33 1.0
26 21 1.0
34 28 1.0
34 8 1.0
34 45 1.0
34 41 1.0
34 25 1.0
34 33 1.0
42 4 1.0
42 3 1.0
42 30 1.0
42 15 1.0
49 3 1.0
49 19 1.0
49 47 1.0
49 30 1.0
46 36 1.0
46 30 1.0
46 25 1.0
46 47 1.0
0 28 1.0
0 48 1.0
0 36 1.0
0 33 1.0
0 38 1.0
0 45 1.0
0 12 1.0
48 45 1.0
48 33 1.0
48 4 1.0
48 15 1.0
36 45 1.0
36 19 1.0
36 3 1.0
36 47 1.0
36 21 1.0
33 28 1.0
33 15 1.0
33 2 1.0
38 15 1.0
45 28 1.0
12 19 1.0
12 3 1.0
12 2 1.0
12 41 1.0
1 28 1.0
1 30 1.0
1 3 1.0
1 17 1.0
1 47 1.0
1 8 1.0
1 2 1.0
30 47 1.0
17 47 1.0
17 4 1.0
8 4 1.0
2 28 1.0
2 15 1.0
7 28 1.0
7 19 1.0
7 4 1.0
7 15 1.0
7 21 1.0
7 25 1.0
7 41 1.0
