50
0 33 69.009
47 18 37.205
45 12 85.131
46 30 28.008
44 37 77.338
5 6 37.698
6 38 35.863
24 12 24.529
29 21 88.167
10 17 73.943
39 14 15.968
17 21 86.469
9 26 76.580
45 21 54.420
14 28 15.024
4 12 58.686
43 5 24.058
29 12 26.166
4 24 98.979
21 47 39.531
7 24 25.481
3 21 97.200
4 1 53.347
28 29 97.437
19 28 85.386
15 16 17.392
33 4 93.688
12 39 42.915
19 4 75.573
36 4 67.548
37 45 0.739
19 13 3.790
8 33 61.458
38 3 78.443
33 7 95.069
48 24 26.845
33 34 9.118
33 32 77.038
43 19 74.666
12 9 11.326
49 33 73.848
42 5 18.510
2 29 24.380
36 24 18.812
28 2 51.598
26 45 79.508
41 7 99.237
13 16 20.338
45 46 80.208
30 32 35.296
31 24 72.580
48 15 93.748
16 24 8.146
17 3 30.495
37 10 36.935
28 46 23.126
21 42 20.229
48 36 37.379
39 31 32.600
0 4 27.585
35 36 98.799
44 8 32.112
10 28 11.832
28 5 3.432
4 17 63.816
25 27 62.031
18 0 24.701
34 13 60.857
20 12 2.126
14 25 84.434
4 21 8.078
14 34 2.629
24 9 53.776
13 37 64.852
28 32 54.914
44 20 56.362
25 45 66.161
40 18 20.331
24 45 3.557
13 21 81.242
27 4 30.560
4 6 38.308
47 46 34.132
22 15 32.916
16 25 31.206
35 41 44.747
1 21 35.038
4 49 38.541
44 21 4.361
9 4 54.902
26 33 96.390
18 36 72.826
10 42 8.351
6 11 24.966
5 33 21.673
31 38 56.512
45 4 60.318
22 49 57.224
23 3 67.686
41 34 58.665
42 18 85.752
2 30 80.965
19 9 28.915
26 7 80.909
5 10 25.464
28 25 30.060
18 23 51.322
29 32 72.674
8 40 15.381
35 2 70.283
5 2 28.183
42 44 11.994
16 2 58.381
14 6 84.962
35 40 32.651
7 17 92.950
22 25 63.762
6 47 62.141
46 17 31.062
9 37 34.728
48 5 62.078
19 23 31.447
46 14 1.472
7 27 45.060
12 46 61.412
33 20 91.263
15 0 69.471
10 16 21.763
17 26 53.233
47 39 54.303
4 7 89.772
42 36 15.516
23 28 90.918
41 42 20.779
7 44 99.218
39 3 52.541
34 23 75.032
25 34 24.227
26 0 22.311
42 3 3.526
18 10 44.889
24 34 47.170
5 31 53.567
5 45 32.338
12 37 30.916
33 47 57.894
41 32 62.439
22 26 68.981
6 44 55.140
17 35 6.557
32 8 14.212
5 35 18.882
5 23 48.164
21 10 85.810
1 15 96.241
8 27 27.637
29 44 60.844
46 4 8.853
18 43 24.536
47 26 18.298
43 9 67.152
4 10 47.786
42 2 95.843
31 16 41.421
33 46 22.875
32 11 49.004
6 15 28.923
11 18 91.155
9 10 23.630
15 7 79.712
15 9 3.893
25 31 34.142
45 23 37.273
46 6 1.481
19 18 58.698
25 4 26.463
30 33 82.181
21 31 81.037
14 2 77.988
34 35 78.652
3 8 35.655
16 28 8.263
43 16 15.437
24 11 81.885
17 8 96.642
37 22 74.477
36 14 52.286
14 10 96.522
3 22 48.708
0 3 68.637
33 16 67.944
15 40 1.378
39 28 58.047
13 18 60.205
15 49 3.815
3 36 55.548
3 14 74.830
38 45 76.154
48 21 76.200
45 15 33.176
44 49 84.497
25 46 91.257
25 8 62.531
5 18 11.184
21 35 60.043
37 30 98.320
8 20 68.671
7 35 34.658
5 36 81.056
17 28 59.437
48 12 97.124
11 45 83.079
24 14 33.842
26 37 61.641
16 19 42.595
47 11 40.298
30 23 71.776
46 8 48.487
18 16 40.316
38 20 99.176
45 42 84.356
37 3 66.823
13 46 13.795
23 11 50.310
37 7 67.769
46 29 62.990
5 30 77.662
5 11 84.876
44 48 24.230
12 30 46.257
7 23 97.848
10 29 3.487
37 41 63.185
37 11 98.674
8 10 20.394
29 0 67.899
40 43 82.603
38 21 82.837
27 15 54.403
32 43 91.297
44 28 13.495
46 37 42.916
18 9 29.470
25 39 63.427
45 16 71.898
26 3 26.355
41 13 30.470
23 46 3.808
46 16 15.805
11 4 90.834
1 9 80.442
4 3 75.585
24 43 10.967
49 36 55.653
47 13 21.095
41 43 7.680
4 38 59.226
42 37 76.519
27 43 94.668
39 40 72.591
23 17 48.134
47 3 40.260
4 5 24.019
16 17 23.529
47 35 78.134
14 11 93.479
1 41 56.106
45 0 27.975
49 35 4.022
19 0 5.296
49 16 64.711
9 48 75.918
25 24 4.127
30 13 72.761
24 21 38.676
26 15 57.935
20 46 68.036
16 35 98.496
30 1 66.283
35 39 6.621
12 35 22.853
15 31 40.263
20 5 20.791
13 14 65.686
21 12 1.568
41 38 38.731
16 27 87.104
18 17 39.244
19 33 47.808
33 2 76.050
42 11 21.092
27 13 52.451
43 1 76.422
29 17 75.322
48 17 32.402
43 22 2.444
13 38 49.693
7 39 22.701
36 34 43.160
25 36 15.375
33 42 9.668
37 33 99.337
30 19 44.478
12 25 15.336
43 42 59.812
1 34 39.356
43 23 64.418
40 5 8.960
47 29 39.912
5 49 64.347
49 28 38.491
32 5 22.625
34 20 75.834
27 34 49.254
19 12 93.678
36 2 30.120
37 4 34.375
49 29 54.535
43 47 22.244
14 29 56.119
44 0 98.684
30 9 80.256
49 13 56.107
8 38 17.798
30 21 9.828
6 19 42.632
30 45 65.839
19 1 6.650
5 7 16.393
36 11 67.702
39 42 46.204
31 35 10.366
7 34 14.016
19 32 81.750
26 27 7.441
39 45 28.539
48 35 83.203
10 24 84.755
16 29 24.283
35 43 16.664
41 45 90.697
11 48 9.055
11 16 88.642
10 7 2.720
40 22 91.077
2 10 90.725
25 11 30.252
1 45 4.959
42 9 95.567
14 30 63.974
13 45 85.131
19 39 13.721
26 18 56.799
48 22 57.379
47 32 88.930
44 1 58.321
2 38 58.162
21 32 13.328
30 26 59.346
29 9 3.123
49 43 43.683
29 26 53.072
34 39 0.660
43 0 75.040
26 38 74.883
32 31 50.759
4 32 50.835
4 48 68.200
29 45 32.221
29 8 59.598
21 14 90.966
47 42 70.917
45 34 32.550
35 46 63.186
9 49 61.086
7 6 40.767
49 11 16.096
14 26 56.478
3 41 0.463
33 13 26.368
5 44 66.960
23 33 30.648
2 6 73.420
25 42 96.681
9 20 9.431
28 21 91.264
49 2 4.645
1 42 11.321
49 32 48.091
42 49 59.263
15 8 13.737
2 27 30.508
27 28 82.504
49 46 19.980
34 2 62.457
22 16 36.213
8 47 68.342
6 0 93.524
40 30 74.739
7 14 20.037
4 40 46.678
47 38 59.003
39 27 18.040
31 9 13.736
22 7 43.452
6 28 40.486
8 6 66.639
16 4 96.047
27 32 85.822
2 11 96.774
33 12 45.602
7 48 81.781
8 0 91.700
6 42 52.385
3 48 98.888
1 48 84.868
42 32 90.789
10 34 24.712
23 32 11.621
31 20 61.345
18 33 79.805
32 45 93.776
11 38 25.089
46 27 53.997
40 47 55.316
33 27 81.158
9 14 6.473
47 30 58.603
9 22 37.590
39 9 31.436
25 0 52.590
3 34 92.990
17 34 81.916
36 10 30.789
29 4 90.903
16 48 51.845
12 14 35.636
32 25 53.129
33 40 8.514
4 23 26.902
34 21 83.051
0 34 9.517
27 35 2.388
42 24 72.770
3 46 12.834
36 12 41.193
33 15 28.713
48 28 25.168
27 0 45.798
37 25 73.226
27 19 59.172
31 29 95.543
18 4 77.083
27 36 37.371
13 2 96.757
5 38 22.232
14 35 16.756
36 37 89.566
21 9 58.662
36 45 6.881
28 35 73.586
38 0 57.293
47 14 69.664
0 20 58.951
0 46 24.097
11 34 75.258
3 30 68.802
41 6 76.185
38 44 90.405
28 24 86.715
43 37 65.577
23 1 59.932
1 18 40.583
27 1 13.323
40 32 83.496
48 6 81.048
46 26 24.002
33 17 93.016
16 38 41.208
4 41 65.308
37 16 37.092
47 41 47.092
36 38 49.221
0 23 79.449
9 40 78.065
35 32 95.102
36 30 34.798
0 49 15.466
12 18 35.721
33 9 47.272
12 8 19.700
19 47 56.345
46 34 84.761
5 46 57.250
9 16 42.753
26 32 77.553
9 17 80.301
47 20 38.607
5 13 38.519
43 3 15.038
7 45 35.348
31 17 67.182
0 16 39.300
22 19 49.594
30 7 74.339
8 7 96.017
36 46 97.652
49 7 40.629
8 30 24.826
47 1 5.782
23 47 74.162
1 26 0.756
17 38 80.354
6 34 17.641
5 26 20.282
35 42 89.577
17 22 72.184
6 22 92.946
42 19 54.062
22 34 95.986
24 3 15.590
17 14 34.908
5 14 84.385
1 13 47.582
26 20 91.249
14 43 60.927
14 22 10.295
29 23 67.494
24 22 43.958
32 17 10.561
7 21 79.147
23 21 39.172
9 38 2.197
23 16 26.774
41 8 65.925
8 37 62.522
2 21 99.869
28 20 18.292
29 43 13.070
36 1 61.713
27 40 32.065
32 13 52.428
44 27 23.243
7 3 68.880
16 30 99.398
44 22 91.131
42 8 35.645
28 1 35.466
25 41 73.685
40 16 53.483
5 22 62.874
21 26 91.700
34 18 91.390
47 5 66.947
49 41 53.522
48 25 17.917
49 6 33.538
7 2 66.563
20 41 53.825
1 38 45.896
27 30 43.378
3 49 2.160
48 46 32.030
44 32 40.389
15 23 22.088
24 46 2.415
41 17 33.228
40 48 92.787
19 7 95.175
11 13 26.893
12 32 63.305
40 31 17.583
7 1 14.694
40 20 57.944
17 37 45.209
27 6 90.873
27 9 2.959
2 3 11.061
4 35 5.684
20 14 74.941
2 18 67.029
48 18 8.931
21 49 71.326
12 41 90.206
47 17 24.639
27 47 73.237
17 0 86.435
20 30 87.246
20 29 61.570
10 30 50.681
46 10 41.506
24 32 40.829
36 40 91.139
33 44 62.552
5 21 80.900
22 38 89.465
37 1 46.686
35 11 46.528
35 44 56.857
44 34 14.634
22 45 6.814
20 13 63.445
39 48 27.790
13 29 62.083
48 10 59.239
28 37 41.798
4 22 3.894
42 12 39.965
32 3 7.187
2 0 10.360
15 38 86.694
21 6 85.906
3 35 37.457
44 10 90.957
44 14 16.118
14 4 38.774
39 44 14.050
40 12 16.690
6 25 54.370
48 31 75.823
1 20 96.832
44 17 87.657
36 41 44.099
40 14 79.643
30 28 76.313
38 34 92.724
23 48 51.769
29 30 26.640
35 18 87.981
49 27 7.203
41 18 27.429
7 28 34.374
10 22 17.189
26 43 34.837
37 6 31.299
32 22 65.704
44 19 3.565
20 24 30.065
13 17 47.125
18 25 79.489
38 23 15.126
42 30 27.547
3 11 17.626
33 28 9.814
42 31 35.769
9 36 55.031
6 43 52.508
22 31 95.503
47 12 95.719
3 20 47.537
31 36 49.520
37 20 62.201
29 25 25.936
43 25 56.863
18 7 44.548
23 42 80.087
33 35 52.877
35 15 32.127
13 4 61.727
32 2 48.794
35 30 16.447
26 19 50.270
43 20 76.735
45 3 32.741
40 26 30.896
39 22 90.505
37 15 27.846
10 45 81.581
0 42 14.230
34 19 79.083
36 17 42.129
35 26 37.583
0 41 20.711
30 17 53.256
42 15 84.377
48 13 48.689
17 1 16.969
45 20 73.259
40 7 37.805
44 2 63.637
30 11 50.679
3 1 2.379
2 25 87.179
23 41 24.157
0 40 20.967
34 9 97.150
24 19 6.203
21 19 34.289
20 11 8.842
5 9 51.191
12 43 9.348
24 38 87.502
14 45 48.567
45 19 33.657
19 2 36.662
31 12 95.360
14 33 34.428
14 19 68.398
3 25 27.869
43 34 35.352
32 9 63.060
4 20 50.917
11 46 30.502
31 49 51.812
35 8 44.665
3 18 31.612
20 39 61.878
34 31 58.613
22 47 60.099
32 36 29.603
23 14 73.907
11 21 49.240
37 29 23.549
42 16 49.567
47 44 75.256
6 20 73.766
15 11 73.863
15 28 68.313
44 15 32.016
30 6 2.252
5 34 7.334
2 41 3.872
37 0 4.229
41 29 12.495
19 10 85.075
22 20 18.573
2 4 85.952
47 48 29.476
19 41 17.763
26 10 79.607
23 8 25.175
37 21 33.615
27 31 20.302
1 35 47.495
4 43 98.300
11 29 16.915
30 39 29.055
49 25 74.103
19 15 19.211
45 40 60.172
20 35 20.499
23 26 61.853
24 37 40.569
36 28 36.972
27 18 68.057
3 13 30.772
28 3 4.229
25 26 2.655
25 33 61.106
12 27 55.260
12 2 71.909
22 35 99.214
28 26 1.713
40 10 91.507
14 8 85.243
33 6 36.192
13 26 56.462
17 2 46.419
49 34 59.249
0 22 41.400
43 31 14.243
31 28 0.638
36 33 59.852
11 7 89.850
38 48 92.695
36 16 3.019
24 33 27.846
2 15 92.304
19 8 48.884
9 47 46.867
12 15 70.068
22 2 96.484
4 47 3.726
11 39 86.751
9 28 70.230
23 10 1.872
8 9 25.956
5 41 12.946
46 38 68.134
41 40 18.012
3 44 95.787
13 10 37.855
1 46 5.090
44 4 13.435
37 2 59.993
12 22 72.205
38 14 5.946
23 40 20.129
13 23 33.872
8 45 79.706
15 41 28.811
24 39 59.907
31 23 57.684
15 13 84.686
29 18 25.323
28 38 79.626
7 47 87.471
40 21 43.199
15 4 65.569
38 43 9.494
10 27 27.338
36 26 4.988
38 49 42.727
15 36 83.727
6 10 47.339
43 36 7.587
26 41 32.132
39 15 53.521
40 34 89.177
36 47 55.043
29 22 11.330
10 39 56.472
49 19 39.483
8 39 84.287
30 41 2.784
1 40 67.771
6 16 29.115
6 45 89.969
45 44 18.827
35 37 56.174
27 38 55.217
26 39 78.346
21 25 74.510
39 5 84.752
47 10 12.199
1 33 7.845
36 44 70.112
20 42 94.362
9 11 44.091
8 4 83.676
45 31 14.205
7 16 73.238
16 34 1.347
27 5 2.230
7 20 1.091
12 0 72.848
26 42 40.685
3 27 32.008
5 19 95.124
28 47 43.306
6 18 68.325
1 24 71.197
7 43 47.223
30 22 47.567
29 24 89.881
48 8 98.440
29 5 94.579
18 15 62.073
20 25 36.054
43 39 49.697
28 34 38.607
0 7 93.492
4 30 66.813
23 6 97.461
9 3 8.818
2 47 88.574
6 13 34.741
11 10 88.346
16 41 44.059
48 2 99.518
8 26 13.755
43 45 25.391
29 36 76.402
0 14 42.421
28 12 26.452
18 14 18.139
37 18 33.544
29 6 21.733
38 40 23.436
44 25 81.322
11 27 97.561
45 49 88.321
43 44 20.481
24 27 32.834
31 10 52.175
10 15 68.207
24 41 22.704
29 40 67.224
24 15 29.322
18 45 14.322
46 7 36.436
36 8 41.172
30 31 70.423
21 39 27.416
10 32 55.206
26 34 77.361
9 44 88.240
44 18 87.511
24 13 68.805
20 19 10.903
42 27 62.633
25 9 64.649
27 22 0.473
31 14 62.720
5 1 93.174
10 41 12.011
23 2 37.114
38 30 67.841
22 42 91.967
0 30 7.893
39 36 96.666
41 46 41.337
41 44 95.539
35 29 22.615
37 47 58.611
18 39 25.286
39 4 23.698
12 49 13.307
24 18 19.922
18 46 18.120
42 13 68.272
28 8 54.215
22 11 45.022
14 42 99.097
46 44 53.639
1 12 53.497
12 5 23.480
1 49 39.317
41 31 88.379
44 13 6.441
37 32 82.954
2 40 80.825
29 1 40.911
25 35 13.458
31 26 66.233
39 38 36.504
36 20 64.849
41 14 83.693
12 7 27.409
5 8 42.196
9 35 23.908
41 39 45.564
37 34 65.067
38 33 13.922
44 12 95.648
3 10 19.982
23 12 10.673
32 1 37.966
41 48 74.436
8 22 48.255
10 33 21.221
49 17 65.069
27 20 89.328
36 22 94.920
11 26 22.954
31 33 59.120
32 6 1.748
45 33 29.334
11 33 61.180
8 1 68.842
13 22 0.559
25 10 39.424
13 35 57.916
15 20 69.448
27 48 59.990
35 45 87.078
39 33 16.660
3 40 11.885
7 29 82.873
0 1 20.980
27 17 40.432
19 31 54.080
42 38 15.598
4 26 18.498
36 0 48.620
1 14 23.555
39 0 33.492
46 15 10.184
20 21 37.625
31 11 32.858
49 37 26.211
34 8 91.221
28 0 64.019
31 18 94.789
43 30 96.805
36 19 57.742
41 28 30.116
11 12 53.125
13 8 59.055
19 17 79.626
35 6 3.350
1 6 93.809
28 11 35.157
12 26 73.880
39 49 47.676
19 3 69.922
12 3 68.258
27 41 62.602
6 3 29.539
43 46 48.532
0 13 78.732
18 49 27.867
42 40 78.234
38 7 90.458
0 21 99.249
25 30 80.531
1 31 73.914
24 49 30.064
46 21 10.314
6 12 97.345
38 10 37.809
39 29 52.504
30 48 98.030
13 40 9.904
6 24 92.797
27 37 7.345
48 29 1.204
47 34 61.343
11 41 41.417
45 48 41.905
23 44 79.467
31 47 39.526
11 0 52.588
44 26 71.571
36 7 94.438
36 6 53.281
16 47 31.129
27 14 15.176
10 20 90.254
31 4 97.038
19 40 3.652
32 38 34.410
38 19 31.107
30 44 91.043
34 42 30.412
13 12 42.411
13 31 85.689
40 6 44.059
17 12 34.956
3 5 22.838
26 48 40.142
42 29 61.560
7 25 33.675
24 23 93.895
32 14 85.601
43 48 62.887
3 31 29.199
43 17 80.223
24 30 13.764
20 23 18.584
43 13 78.629
42 46 17.024
37 23 64.014
19 48 83.778
6 17 89.170
19 11 94.511
23 27 0.426
1 25 36.012
11 17 18.967
46 39 80.983
4 42 70.906
33 43 95.546
18 28 69.899
4 34 39.192
2 9 16.775
39 13 97.414
31 37 30.480
5 25 84.288
16 21 95.752
18 32 58.679
47 0 70.409
27 45 34.300
35 10 28.173
8 31 80.143
32 39 21.802
15 5 55.855
21 22 23.985
24 8 92.126
41 9 59.025
8 49 15.217
35 0 51.199
16 5 77.744
35 19 45.507
27 21 19.702
2 20 78.502
21 15 59.984
14 48 14.369
9 7 54.958
21 8 98.598
17 5 87.956
48 0 67.268
39 6 76.741
40 17 8.556
24 0 0.583
33 21 27.056
34 29 34.827
3 16 84.060
33 41 52.933
4 28 55.070
1 11 22.114
6 31 85.043
44 16 24.699
32 15 75.075
38 35 81.605
20 32 0.449
21 18 19.953
25 38 43.125
15 43 71.673
24 5 31.125
1 2 24.028
43 21 50.963
24 35 50.058
30 15 31.672
38 37 69.926
0 31 44.613
48 32 41.895
25 13 93.692
2 8 6.827
32 16 95.275
26 2 1.907
0 5 46.419
24 17 55.064
22 46 53.588
34 12 65.574
33 22 35.042
24 47 90.895
24 26 72.615
6 26 64.900
20 18 36.068
22 23 34.432
38 29 7.969
39 1 80.415
1 10 55.876
32 7 36.190
40 49 8.470
3 29 30.984
8 43 52.298
48 37 96.969
2 43 33.473
23 35 48.372
7 31 77.548
46 9 79.541
39 2 53.231
39 23 50.998
43 28 30.639
30 18 85.480
40 25 13.038
39 16 35.820
24 44 39.652
40 11 23.745
22 41 24.126
17 25 3.645
32 34 0.424
49 10 56.765
22 18 19.250
40 44 44.053
17 42 30.848
23 9 34.556
45 9 51.899
25 19 44.590
14 16 70.467
17 39 10.133
46 19 36.116
1 22 29.537
37 40 95.895
23 49 82.824
18 38 20.795
48 42 91.429
15 17 27.667
9 6 75.106
16 8 26.699
48 34 69.748
49 26 76.195
45 47 75.195
13 7 66.912
12 10 27.933
24 2 11.960
20 49 82.486
32 46 56.354
9 0 87.797
28 42 25.829
23 25 80.401
46 31 63.505
1 16 39.896
33 48 8.002
23 36 20.356
48 20 71.166
8 18 58.057
12 16 95.876
46 40 18.544
47 25 72.127
43 10 12.095
34 15 51.176
11 43 25.449
12 38 97.768
32 0 21.639
21 36 50.111
39 37 89.089
49 48 70.724
49 47 13.337
13 9 65.454
28 45 40.968
22 28 97.870
33 29 89.466
30 49 65.640
2 31 27.985
13 36 4.413
34 30 77.510
24 40 94.739
16 20 96.650
46 2 16.342
45 17 29.836
3 33 65.046
10 0 98.946
15 25 74.854
17 20 27.577
37 19 53.004
2 45 34.543
26 16 61.681
49 14 29.302
3 15 78.017
28 40 33.622
11 44 24.012
7 42 98.746
13 28 95.438
21 41 2.285
14 37 41.904
19 29 31.868
29 15 92.870
27 29 61.033
15 47 81.357
15 14 45.705
31 44 28.697
11 8 42.312
37 5 19.118