39
0 6 76.914
0 7 77.075
0 8 83.663
0 1 1.436
0 5 10.514
6 8 4.578
1 9 78.014
1 10 92.306
1 11 92.509
1 12 83.017
1 13 84.589
1 14 84.14
1 15 90.501
1 2 7.417
12 14 3.238
2 16 95.897
2 17 98.264
2 18 88.562
2 19 96.021
2 20 78.932
2 3 12.475
19 20 5.473
3 21 77.538
3 22 82.405
3 23 91.203
3 24 78.605
3 25 84.486
3 4 21.874
22 23 11.739
4 26 83.339
4 27 78.194
4 28 93.882
4 29 94.968
4 30 97.904
4 31 96.653
4 5 8.264
26 28 25.951
5 32 90.43
5 33 92.743
5 34 95.635
5 35 86.55
5 36 90.726
5 37 95.21
5 38 90.715
34 37 18.397