40
0 2 0.23
1 39 0.69
2 4 0.24
3 1 0.16
4 6 0.46
5 3 0.62
6 8 0.12
7 5 0.49
8 10 0.23
9 7 0.52
10 12 0.43
11 9 0.39
12 14 0.63
13 11 0.40
14 16 0.23
15 13 0.84
16 18 0.32
17 15 0.48
18 20 0.32
19 17 0.63
20 22 0.86
21 19 0.23
22 24 0.93
23 21 0.74
24 26 0.24
25 23 0.13
26 28 0.34
27 25 0.02
28 30 0.89
29 27 0.34
30 32 0.21
31 29 0.64
32 34 0.28
33 31 0.31
34 36 0.83
35 33 0.67
36 38 0.25
37 35 0.92
38 37 0.35
39 0 0.32
4 20 5
3 9 20
9 7 0.04
5 12 0.32
8 31 0.62
31 15 0.31
15 19 0.52
9 12 0.32
32 8 0.63
