50
0 1 29.671
0 2 33.763
0 3 66.458
0 4 57.866
0 5 4.074
0 6 60.646
0 7 48.672
0 8 22.875
0 9 37.623
0 10 61.765
0 11 68.906
0 12 44.652
0 13 90.846
0 14 77.185
0 15 81.21
0 16 15.429
0 17 61.016
0 18 63.61
0 19 53.145
0 20 96.403
0 21 81.088
0 22 82.922
0 23 87.602
0 24 75.956
0 25 82.682
0 26 76.21
0 27 47.912
0 28 32.622
0 29 78.091
0 30 12.914
0 31 32.017
0 32 62.899
0 33 75.975
0 34 71.419
0 35 45.169
0 36 25.823
0 37 44.408
0 38 26.155
0 39 7.573
0 40 79.83
0 41 13.614
0 42 11.72
0 43 14.044
0 44 36.922
0 45 59.149
0 46 73.468
0 47 82.575
0 48 83.269
0 49 96.808
1 2 87.7
1 3 78.489
1 4 67.285
1 5 16.697
1 6 97.443
1 7 78.578
1 8 72.532
1 9 87.557
1 10 2.294
1 11 25.173
1 12 94.675
1 13 63.918
1 14 82.249
1 15 95.275
1 16 75.533
1 17 32.822
1 18 68.242
1 19 88.255
1 20 98.459
1 21 27.186
1 22 3.15
1 23 48.315
1 24 21.69
1 25 84.249
1 26 53.148
1 27 30.582
1 28 4.954
1 29 1.235
1 30 65.971
1 31 75.918
1 32 16.98
1 33 65.231
1 34 76.019
1 35 33.607
1 36 95.47
1 37 59.795
1 38 68.081
1 39 65.173
1 40 68.837
1 41 25.558
1 42 78.389
1 43 9.182
1 44 32.336
1 45 45.004
1 46 79.362
1 47 55.144
1 48 50.774
1 49 83.471
2 3 22.651
2 4 66.775
2 5 88.891
2 6 61.579
2 7 22.989
2 8 28.396
2 9 41.715
2 10 63.646
2 11 87.836
2 12 59.518
2 13 26.837
2 14 17.174
2 15 12.697
2 16 51.248
2 17 50.611
2 18 43.237
2 19 81.688
2 20 11.977
2 21 68.141
2 22 94.728
2 23 79.691
2 24 67.122
2 25 75.57
2 26 79.586
2 27 30.19
2 28 61.561
2 29 70.988
2 30 43.661
2 31 17.659
2 32 48.858
2 33 65.602
2 34 56.257
2 35 14.198
2 36 9.046
2 37 21.964
2 38 45.702
2 39 94.142
2 40 54.545
2 41 59.147
2 42 41.112
2 43 68.0
2 44 38.536
2 45 37.057
2 46 52.292
2 47 74.802
2 48 67.269
2 49 22.626
3 4 77.894
3 5 87.121
3 6 73.45
3 7 77.155
3 8 97.398
3 9 76.437
3 10 73.098
3 11 36.547
3 12 51.44
3 13 67.233
3 14 56.227
3 15 75.751
3 16 87.944
3 17 41.966
3 18 86.655
3 19 85.331
3 20 65.117
3 21 30.208
3 22 88.639
3 23 70.687
3 24 65.303
3 25 87.894
3 26 90.01
3 27 12.183
3 28 51.064
3 29 16.632
3 30 71.476
3 31 68.489
3 32 33.965
3 33 8.651
3 34 34.16
3 35 75.716
3 36 1.089
3 37 84.755
3 38 77.91
3 39 17.188
3 40 72.204
3 41 9.696
3 42 18.639
3 43 30.08
3 44 25.003
3 45 71.532
3 46 20.409
3 47 9.531
3 48 18.602
3 49 85.744
4 5 29.558
4 6 36.812
4 7 6.177
4 8 78.557
4 9 59.263
4 10 59.334
4 11 85.739
4 12 83.306
4 13 12.259
4 14 98.878
4 15 1.613
4 16 20.415
4 17 19.007
4 18 91.723
4 19 25.237
4 20 85.596
4 21 90.752
4 22 9.156
4 23 98.557
4 24 49.95
4 25 85.218
4 26 30.945
4 27 14.246
4 28 6.065
4 29 78.463
4 30 6.244
4 31 47.953
4 32 99.353
4 33 96.714
4 34 6.071
4 35 27.314
4 36 47.314
4 37 20.006
4 38 74.652
4 39 86.165
4 40 70.427
4 41 56.259
4 42 23.899
4 43 16.561
4 44 74.186
4 45 41.328
4 46 24.196
4 47 97.786
4 48 39.215
4 49 19.844
5 6 43.722
5 7 23.724
5 8 46.422
5 9 76.176
5 10 59.091
5 11 85.446
5 12 8.701
5 13 14.026
5 14 22.732
5 15 26.513
5 16 50.659
5 17 28.524
5 18 26.644
5 19 26.631
5 20 88.135
5 21 59.902
5 22 59.002
5 23 25.865
5 24 72.758
5 25 20.765
5 26 75.604
5 27 4.431
5 28 64.073
5 29 47.725
5 30 69.036
5 31 45.633
5 32 69.075
5 33 50.515
5 34 78.284
5 35 53.653
5 36 21.971
5 37 27.677
5 38 22.495
5 39 3.782
5 40 9.087
5 41 74.684
5 42 31.888
5 43 35.987
5 44 3.747
5 45 22.926
5 46 48.344
5 47 60.737
5 48 10.031
5 49 45.255
6 7 52.233
6 8 29.649
6 9 48.71
6 10 5.37
6 11 87.581
6 12 12.928
6 13 65.111
6 14 76.308
6 15 74.485
6 16 96.063
6 17 95.755
6 18 24.494
6 19 75.204
6 20 97.694
6 21 65.665
6 22 77.227
6 23 38.172
6 24 65.161
6 25 18.499
6 26 87.979
6 27 29.326
6 28 26.295
6 29 54.921
6 30 71.994
6 31 66.502
6 32 12.82
6 33 6.317
6 34 90.141
6 35 97.319
6 36 7.485
6 37 0.548
6 38 26.867
6 39 66.796
6 40 98.684
6 41 17.426
6 42 7.812
6 43 26.189
6 44 27.696
6 45 94.159
6 46 24.687
6 47 31.354
6 48 58.091
6 49 45.717
7 8 35.103
7 9 63.992
7 10 99.752
7 11 12.895
7 12 61.63
7 13 57.002
7 14 97.636
7 15 86.582
7 16 3.01
7 17 33.963
7 18 76.008
7 19 16.64
7 20 35.727
7 21 31.988
7 22 46.223
7 23 38.507
7 24 38.274
7 25 21.172
7 26 55.687
7 27 70.238
7 28 72.381
7 29 8.545
7 30 56.972
7 31 28.927
7 32 80.43
7 33 5.677
7 34 98.591
7 35 28.446
7 36 19.818
7 37 86.203
7 38 13.751
7 39 20.016
7 40 69.497
7 41 60.046
7 42 32.545
7 43 91.18
7 44 57.426
7 45 80.874
7 46 39.563
7 47 36.346
7 48 45.675
7 49 20.89
8 9 56.628
8 10 74.762
8 11 10.264
8 12 87.05
8 13 70.002
8 14 64.901
8 15 25.003
8 16 80.264
8 17 48.34
8 18 61.481
8 19 56.97
8 20 32.123
8 21 85.041
8 22 5.182
8 23 88.758
8 24 27.658
8 25 9.623
8 26 71.485
8 27 51.364
8 28 74.269
8 29 45.47
8 30 29.958
8 31 3.341
8 32 59.442
8 33 86.802
8 34 70.585
8 35 98.852
8 36 73.082
8 37 82.343
8 38 94.945
8 39 78.378
8 40 72.623
8 41 18.701
8 42 58.594
8 43 16.167
8 44 16.096
8 45 47.534
8 46 66.697
8 47 35.846
8 48 0.641
8 49 92.836
9 10 24.949
9 11 51.021
9 12 24.556
9 13 35.202
9 14 1.302
9 15 92.72
9 16 59.006
9 17 68.662
9 18 71.274
9 19 5.582
9 20 7.318
9 21 95.416
9 22 85.081
9 23 48.002
9 24 71.275
9 25 77.791
9 26 87.516
9 27 90.787
9 28 48.483
9 29 91.246
9 30 76.153
9 31 66.841
9 32 29.514
9 33 52.755
9 34 12.07
9 35 44.221
9 36 59.157
9 37 5.509
9 38 61.693
9 39 80.587
9 40 92.73
9 41 23.425
9 42 98.967
9 43 61.902
9 44 47.06
9 45 38.604
9 46 44.092
9 47 19.429
9 48 92.353
9 49 78.349
10 11 66.15
10 12 82.536
10 13 68.62
10 14 39.861
10 15 60.148
10 16 91.524
10 17 65.92
10 18 91.62
10 19 4.043
10 20 14.193
10 21 39.565
10 22 93.975
10 23 73.885
10 24 18.056
10 25 34.428
10 26 0.266
10 27 37.802
10 28 83.491
10 29 53.116
10 30 79.28
10 31 89.339
10 32 83.752
10 33 1.695
10 34 51.93
10 35 8.981
10 36 48.538
10 37 90.006
10 38 47.077
10 39 95.386
10 40 22.89
10 41 63.764
10 42 96.334
10 43 33.78
10 44 93.482
10 45 39.823
10 46 43.563
10 47 69.601
10 48 97.542
10 49 9.565
11 12 29.993
11 13 83.087
11 14 88.946
11 15 17.972
11 16 93.551
11 17 13.972
11 18 50.478
11 19 76.171
11 20 23.705
11 21 24.446
11 22 22.63
11 23 51.847
11 24 32.134
11 25 4.027
11 26 77.471
11 27 11.516
11 28 3.229
11 29 88.633
11 30 0.144
11 31 71.525
11 32 55.096
11 33 19.235
11 34 81.23
11 35 35.297
11 36 70.587
11 37 68.588
11 38 37.596
11 39 68.726
11 40 19.305
11 41 98.52
11 42 56.664
11 43 3.155
11 44 12.385
11 45 8.058
11 46 68.567
11 47 97.067
11 48 93.677
11 49 16.745
12 13 2.567
12 14 96.697
12 15 59.581
12 16 62.328
12 17 76.754
12 18 63.57
12 19 92.737
12 20 35.37
12 21 94.038
12 22 53.007
12 23 84.776
12 24 31.617
12 25 74.661
12 26 23.867
12 27 12.587
12 28 14.286
12 29 49.189
12 30 77.569
12 31 58.424
12 32 14.068
12 33 99.253
12 34 9.789
12 35 94.805
12 36 4.349
12 37 60.521
12 38 26.586
12 39 65.396
12 40 20.432
12 41 87.668
12 42 83.786
12 43 66.202
12 44 38.29
12 45 0.742
12 46 43.185
12 47 33.47
12 48 29.855
12 49 85.685
13 14 39.571
13 15 43.594
13 16 88.335
13 17 93.289
13 18 96.957
13 19 61.417
13 20 6.885
13 21 7.1
13 22 58.045
13 23 17.588
13 24 80.037
13 25 17.406
13 26 1.164
13 27 97.198
13 28 87.67
13 29 6.063
13 30 41.975
13 31 19.64
13 32 40.453
13 33 98.514
13 34 75.234
13 35 78.062
13 36 20.651
13 37 39.54
13 38 42.5
13 39 64.276
13 40 41.336
13 41 21.578
13 42 30.958
13 43 76.875
13 44 16.914
13 45 8.882
13 46 78.03
13 47 79.012
13 48 4.479
13 49 36.99
14 15 52.406
14 16 83.169
14 17 45.387
14 18 99.93
14 19 51.377
14 20 27.746
14 21 89.411
14 22 28.407
14 23 85.185
14 24 36.05
14 25 77.212
14 26 59.449
14 27 57.23
14 28 7.21
14 29 21.655
14 30 72.762
14 31 69.369
14 32 49.595
14 33 90.984
14 34 6.037
14 35 27.263
14 36 88.214
14 37 35.5
14 38 76.37
14 39 53.557
14 40 99.32
14 41 8.027
14 42 59.46
14 43 10.535
14 44 20.135
14 45 91.159
14 46 59.554
14 47 26.057
14 48 44.734
14 49 74.156
15 16 63.176
15 17 20.962
15 18 38.303
15 19 91.778
15 20 89.284
15 21 81.674
15 22 7.845
15 23 23.373
15 24 0.174
15 25 98.308
15 26 79.473
15 27 29.112
15 28 56.954
15 29 27.751
15 30 30.816
15 31 92.716
15 32 23.683
15 33 35.737
15 34 38.445
15 35 31.151
15 36 16.432
15 37 77.692
15 38 43.739
15 39 8.801
15 40 49.607
15 41 74.17
15 42 12.183
15 43 31.644
15 44 16.91
15 45 99.469
15 46 21.533
15 47 66.026
15 48 28.666
15 49 8.485
16 17 64.421
16 18 18.84
16 19 73.226
16 20 46.985
16 21 11.252
16 22 50.677
16 23 50.858
16 24 59.592
16 25 37.87
16 26 39.803
16 27 36.515
16 28 77.963
16 29 7.545
16 30 57.116
16 31 91.188
16 32 59.047
16 33 13.338
16 34 82.744
16 35 74.826
16 36 14.329
16 37 12.525
16 38 27.683
16 39 78.286
16 40 1.342
16 41 78.527
16 42 0.007
16 43 42.869
16 44 70.42
16 45 66.803
16 46 39.15
16 47 20.753
16 48 46.72
16 49 94.913
17 18 80.767
17 19 48.72
17 20 2.614
17 21 7.428
17 22 98.33
17 23 34.744
17 24 73.125
17 25 18.213
17 26 79.283
17 27 87.434
17 28 39.678
17 29 11.623
17 30 40.973
17 31 21.612
17 32 86.527
17 33 52.815
17 34 66.959
17 35 46.884
17 36 67.344
17 37 82.979
17 38 4.119
17 39 60.114
17 40 36.134
17 41 52.725
17 42 52.461
17 43 25.454
17 44 47.159
17 45 25.163
17 46 77.728
17 47 87.266
17 48 92.313
17 49 12.018
18 19 87.632
18 20 6.441
18 21 31.802
18 22 86.413
18 23 44.295
18 24 66.398
18 25 88.917
18 26 14.605
18 27 8.884
18 28 1.992
18 29 18.122
18 30 25.459
18 31 18.786
18 32 45.079
18 33 38.35
18 34 55.514
18 35 31.733
18 36 16.429
18 37 48.559
18 38 3.773
18 39 68.335
18 40 78.074
18 41 27.731
18 42 69.534
18 43 14.013
18 44 15.356
18 45 1.78
18 46 17.03
18 47 54.306
18 48 7.114
18 49 90.703
19 20 19.396
19 21 79.238
19 22 37.199
19 23 8.787
19 24 22.698
19 25 68.015
19 26 66.108
19 27 19.905
19 28 79.092
19 29 0.086
19 30 48.503
19 31 60.826
19 32 35.126
19 33 41.255
19 34 37.564
19 35 75.443
19 36 52.144
19 37 89.659
19 38 13.658
19 39 50.186
19 40 62.781
19 41 55.264
19 42 11.058
19 43 47.225
19 44 65.083
19 45 64.987
19 46 6.932
19 47 49.034
19 48 58.788
19 49 66.267
20 21 13.837
20 22 69.844
20 23 84.834
20 24 20.534
20 25 43.85
20 26 38.264
20 27 53.19
20 28 47.561
20 29 57.3
20 30 36.754
20 31 20.135
20 32 2.438
20 33 64.093
20 34 30.669
20 35 43.251
20 36 87.723
20 37 69.334
20 38 82.509
20 39 59.197
20 40 66.203
20 41 4.223
20 42 18.467
20 43 62.616
20 44 8.869
20 45 45.744
20 46 34.05
20 47 21.083
20 48 14.191
20 49 43.998
21 22 6.874
21 23 40.105
21 24 10.828
21 25 63.025
21 26 87.188
21 27 61.416
21 28 99.229
21 29 6.64
21 30 60.056
21 31 62.996
21 32 84.523
21 33 46.113
21 34 85.351
21 35 72.174
21 36 19.505
21 37 14.955
21 38 64.459
21 39 36.759
21 40 55.571
21 41 68.068
21 42 44.804
21 43 61.651
21 44 18.939
21 45 11.177
21 46 19.82
21 47 64.422
21 48 23.354
21 49 5.815
22 23 41.818
22 24 29.209
22 25 18.262
22 26 44.911
22 27 97.172
22 28 96.625
22 29 68.416
22 30 0.932
22 31 83.817
22 32 10.079
22 33 79.834
22 34 36.232
22 35 20.593
22 36 50.074
22 37 6.781
22 38 26.248
22 39 61.588
22 40 34.551
22 41 15.999
22 42 86.07
22 43 50.834
22 44 2.18
22 45 3.657
22 46 33.513
22 47 80.431
22 48 10.853
22 49 73.055
23 24 5.545
23 25 40.807
23 26 2.914
23 27 55.426
23 28 49.492
23 29 88.002
23 30 36.984
23 31 72.723
23 32 77.277
23 33 35.606
23 34 47.177
23 35 74.577
23 36 42.845
23 37 73.655
23 38 72.592
23 39 46.768
23 40 13.007
23 41 50.945
23 42 6.071
23 43 12.32
23 44 63.7
23 45 63.656
23 46 37.279
23 47 4.831
23 48 46.312
23 49 61.582
24 25 72.887
24 26 71.175
24 27 21.371
24 28 74.085
24 29 39.954
24 30 89.361
24 31 52.338
24 32 93.616
24 33 9.25
24 34 99.814
24 35 41.751
24 36 45.853
24 37 98.766
24 38 81.906
24 39 74.796
24 40 91.692
24 41 41.574
24 42 71.965
24 43 45.825
24 44 48.724
24 45 79.54
24 46 57.261
24 47 90.225
24 48 18.782
24 49 82.162
25 26 1.208
25 27 85.292
25 28 51.792
25 29 89.129
25 30 58.228
25 31 27.528
25 32 51.735
25 33 88.575
25 34 16.796
25 35 35.137
25 36 41.247
25 37 73.858
25 38 28.718
25 39 98.459
25 40 55.089
25 41 68.65
25 42 47.021
25 43 66.651
25 44 42.61
25 45 68.391
25 46 34.674
25 47 7.143
25 48 77.698
25 49 45.991
26 27 0.843
26 28 67.799
26 29 84.432
26 30 27.295
26 31 14.394
26 32 48.037
26 33 22.031
26 34 93.113
26 35 15.792
26 36 32.926
26 37 16.178
26 38 23.297
26 39 94.279
26 40 52.824
26 41 90.158
26 42 62.993
26 43 33.802
26 44 65.477
26 45 73.175
26 46 80.327
26 47 37.447
26 48 15.251
26 49 47.423
27 28 33.496
27 29 10.678
27 30 72.367
27 31 29.687
27 32 26.071
27 33 53.35
27 34 31.963
27 35 17.818
27 36 0.59
27 37 60.249
27 38 89.371
27 39 94.41
27 40 60.363
27 41 38.039
27 42 58.003
27 43 82.589
27 44 27.663
27 45 6.449
27 46 81.277
27 47 77.283
27 48 26.893
27 49 66.79
28 29 17.742
28 30 37.316
28 31 73.261
28 32 64.84
28 33 16.34
28 34 77.435
28 35 0.803
28 36 93.232
28 37 32.578
28 38 96.942
28 39 94.918
28 40 22.969
28 41 74.74
28 42 74.21
28 43 36.011
28 44 34.882
28 45 37.537
28 46 30.881
28 47 4.126
28 48 92.41
28 49 93.967
29 30 31.87
29 31 52.65
29 32 83.173
29 33 60.074
29 34 42.081
29 35 24.87
29 36 35.761
29 37 62.665
29 38 91.302
29 39 37.699
29 40 96.14
29 41 56.95
29 42 23.355
29 43 21.26
29 44 48.352
29 45 13.386
29 46 2.02
29 47 0.623
29 48 84.791
29 49 39.984
30 31 52.094
30 32 43.718
30 33 9.578
30 34 91.525
30 35 79.611
30 36 75.904
30 37 24.309
30 38 85.896
30 39 21.57
30 40 50.979
30 41 35.074
30 42 23.678
30 43 11.142
30 44 97.699
30 45 81.462
30 46 72.209
30 47 74.897
30 48 39.44
30 49 19.244
31 32 29.637
31 33 17.477
31 34 81.638
31 35 47.64
31 36 39.489
31 37 65.088
31 38 46.18
31 39 99.01
31 40 22.716
31 41 22.951
31 42 57.391
31 43 43.066
31 44 19.797
31 45 38.49
31 46 21.494
31 47 68.493
31 48 20.999
31 49 52.138
32 33 30.736
32 34 51.176
32 35 28.555
32 36 29.24
32 37 77.258
32 38 46.836
32 39 48.222
32 40 84.249
32 41 1.675
32 42 18.223
32 43 6.98
32 44 78.762
32 45 5.425
32 46 13.811
32 47 15.176
32 48 43.779
32 49 62.7
33 34 18.33
33 35 18.04
33 36 47.879
33 37 21.004
33 38 49.193
33 39 71.138
33 40 41.696
33 41 60.698
33 42 4.95
33 43 40.956
33 44 43.433
33 45 6.22
33 46 42.793
33 47 0.63
33 48 24.106
33 49 95.913
34 35 55.332
34 36 89.41
34 37 36.426
34 38 22.383
34 39 48.709
34 40 68.113
34 41 62.476
34 42 9.197
34 43 98.063
34 44 94.165
34 45 31.915
34 46 95.025
34 47 54.709
34 48 51.367
34 49 11.823
35 36 85.993
35 37 76.441
35 38 81.573
35 39 84.221
35 40 85.846
35 41 60.39
35 42 41.987
35 43 10.002
35 44 68.6
35 45 76.35
35 46 35.992
35 47 87.936
35 48 25.028
35 49 6.557
36 37 7.916
36 38 65.211
36 39 64.802
36 40 79.349
36 41 57.765
36 42 68.483
36 43 76.525
36 44 23.053
36 45 50.14
36 46 28.312
36 47 37.774
36 48 99.878
36 49 15.566
37 38 13.824
37 39 68.332
37 40 10.376
37 41 1.767
37 42 87.962
37 43 29.411
37 44 30.041
37 45 17.446
37 46 33.597
37 47 5.085
37 48 1.368
37 49 12.862
38 39 24.415
38 40 87.596
38 41 34.032
38 42 60.639
38 43 47.197
38 44 66.637
38 45 78.749
38 46 34.866
38 47 85.754
38 48 48.67
38 49 89.401
39 40 96.019
39 41 7.901
39 42 54.829
39 43 54.511
39 44 16.046
39 45 39.965
39 46 49.966
39 47 68.093
39 48 83.849
39 49 96.929
40 41 56.979
40 42 34.842
40 43 8.06
40 44 17.486
40 45 73.729
40 46 95.452
40 47 11.855
40 48 17.201
40 49 44.366
41 42 38.078
41 43 9.665
41 44 77.434
41 45 25.449
41 46 83.751
41 47 35.574
41 48 18.191
41 49 60.955
42 43 99.246
42 44 69.45
42 45 8.811
42 46 31.861
42 47 23.093
42 48 24.945
42 49 50.437
43 44 36.251
43 45 46.011
43 46 55.194
43 47 98.364
43 48 23.501
43 49 77.926
44 45 38.715
44 46 51.994
44 47 44.514
44 48 55.816
44 49 13.042
45 46 53.827
45 47 55.846
45 48 52.78
45 49 52.671
46 47 52.779
46 48 52.428
46 49 63.336
47 48 60.112
47 49 60.792
48 49 4.528