50
0 44 14.0
1 19 28.48
1 38 53.31
1 8 85.81
1 33 17.58
1 18 93.41
1 47 72.68
1 40 77.11
1 42 60.35
1 5 60.34
1 37 65.81
1 11 9.98
1 31 86.78
1 2 55.48
1 6 46.47
1 21 99.49
1 41 51.77
1 23 44.77
1 10 1.99
1 4 89.97
1 29 47.2
2 30 78.88
2 48 29.02
2 5 44.61
2 26 55.57
2 10 96.76
2 29 17.58
2 41 73.34
2 16 62.83
2 23 20.2
2 42 82.33
2 25 58.5
2 19 16.71
2 47 37.27
2 32 50.64
2 35 19.27
2 9 40.99
2 14 26.05
2 36 94.72
2 31 10.91
3 36 98.35
3 25 77.14
3 27 98.28
3 43 79.68
3 49 2.54
3 28 40.65
3 6 80.46
3 46 2.73
3 31 58.18
3 9 83.87
3 30 0.31
3 40 73.91
3 29 84.56
3 42 51.94
3 4 3.37
3 47 39.61
3 7 89.27
3 26 29.93
4 6 0.66
4 42 34.91
4 38 44.74
4 30 72.35
4 41 6.8
4 48 25.85
4 13 75.14
4 5 51.2
4 34 12.67
4 35 51.56
4 8 38.76
4 47 86.8
4 12 2.5
4 21 2.92
4 27 51.04
5 49 62.61
5 44 4.17
5 34 3.78
5 29 48.09
5 14 28.62
5 46 48.52
5 25 30.42
5 11 33.75
5 39 7.56
5 17 67.74
5 16 22.13
5 33 18.11
5 22 45.22
5 47 62.88
5 23 65.58
5 32 99.67
5 45 2.57
5 19 66.54
5 18 60.3
5 28 19.21
5 7 82.16
5 35 23.66
6 46 37.36
6 38 89.05
6 23 5.8
6 42 28.34
6 25 70.32
6 44 72.63
6 36 62.43
6 16 73.41
6 32 49.22
6 12 79.98
6 41 79.26
6 33 60.05
6 14 94.41
6 37 25.46
6 19 4.47
7 9 34.09
7 28 43.01
7 24 10.42
7 16 57.65
7 15 99.32
7 25 52.5
7 41 85.63
7 22 61.02
7 44 50.75
7 40 81.74
7 49 75.53
7 27 45.36
7 18 29.0
7 42 99.28
7 13 4.19
7 29 22.15
7 48 0.05
7 12 28.47
8 36 20.61
8 47 36.41
8 43 80.23
8 13 40.28
8 45 99.07
8 23 31.64
8 32 9.93
8 25 15.21
8 18 12.77
8 26 59.48
8 49 78.63
8 28 75.41
8 22 13.81
8 39 73.88
9 16 18.89
9 39 18.82
9 40 76.68
9 37 16.98
9 19 65.93
9 43 92.24
9 31 0.55
9 48 7.6
9 21 85.54
9 30 78.57
9 14 97.81
9 47 56.04
9 46 13.41
9 41 38.07
9 49 91.08
9 13 87.57
9 17 95.76
9 24 82.08
9 45 33.24
10 26 36.57
10 46 8.45
10 35 5.95
10 49 53.73
10 28 74.71
10 45 90.41
10 37 49.16
10 43 11.36
10 13 81.7
11 37 41.14
11 12 77.91
11 34 47.55
11 26 40.89
11 44 86.63
11 49 24.1
11 42 4.27
11 19 14.5
11 14 61.38
11 23 66.81
11 22 58.82
11 46 79.05
11 48 59.6
11 27 71.18
11 18 40.22
11 35 77.35
11 45 89.05
12 38 68.85
12 41 1.46
12 22 14.98
12 27 37.29
12 36 87.9
12 47 72.69
12 44 89.51
12 17 97.53
12 26 43.55
12 24 39.79
12 45 80.92
12 21 10.78
12 39 98.8
12 18 20.81
12 46 66.38
12 33 71.95
12 31 58.1
12 19 91.71
13 27 41.63
13 16 58.26
13 40 56.44
13 14 50.69
13 43 4.99
13 34 50.51
13 18 75.13
13 44 83.04
13 21 45.72
13 48 10.88
13 38 0.39
13 49 71.4
13 24 60.25
13 22 78.24
14 15 21.68
14 48 51.74
14 30 47.95
14 41 22.13
14 28 66.49
14 23 51.48
14 31 1.74
14 37 84.83
14 25 61.21
14 47 64.68
14 42 19.03
14 19 46.54
14 44 78.83
14 33 43.84
14 22 42.05
14 46 3.41
15 39 60.26
15 29 88.59
15 33 36.67
15 23 53.4
15 44 53.19
15 48 86.34
15 18 30.33
15 38 20.04
15 19 48.25
15 32 2.17
15 46 14.85
15 21 60.3
16 33 57.09
16 41 9.53
16 20 37.29
16 29 93.98
16 42 72.33
16 22 72.35
16 43 70.79
16 48 80.36
16 21 54.67
16 17 13.63
16 34 56.37
16 19 64.44
16 39 98.24
16 23 0.96
16 26 19.49
16 35 78.44
17 18 64.01
17 20 7.9
17 45 65.8
17 36 42.16
17 21 80.16
17 31 73.67
17 49 50.33
17 22 42.18
17 44 65.48
17 46 12.54
17 34 74.29
17 42 47.99
17 26 70.86
17 30 95.69
17 28 34.7
17 48 55.25
17 19 39.52
17 32 16.23
17 33 86.01
18 26 31.25
18 31 93.34
18 36 91.24
18 47 7.19
18 44 73.79
18 21 65.61
18 40 19.5
18 46 46.0
18 48 10.48
18 38 45.88
18 27 25.67
18 42 38.6
18 33 74.83
18 34 32.42
18 39 72.57
18 29 59.15
19 27 95.9
19 33 13.55
19 42 32.01
19 48 18.46
19 47 66.33
19 22 28.2
19 44 92.53
19 41 59.26
19 24 32.73
19 20 70.42
20 35 57.96
20 24 88.92
20 26 37.57
20 30 28.62
20 36 4.02
20 46 79.11
20 29 57.29
20 37 52.38
20 39 20.09
20 22 23.7
20 42 5.53
20 41 18.26
20 43 59.87
20 40 70.6
21 45 7.24
21 40 23.61
21 28 65.12
21 22 7.72
21 30 38.89
21 44 0.96
21 27 34.29
21 31 87.88
21 24 28.39
21 41 84.72
21 33 80.92
21 49 50.04
22 25 14.78
22 30 10.02
22 26 65.11
22 36 41.83
22 39 93.04
22 42 97.33
22 35 21.32
22 38 41.18
22 28 76.83
22 27 76.94
22 23 75.32
22 40 9.61
22 44 16.91
22 46 61.16
22 41 21.64
23 43 31.3
23 26 40.47
23 40 29.82
23 33 55.48
23 41 87.26
23 37 2.44
23 32 53.86
23 27 26.83
23 46 31.23
23 39 62.97
23 44 74.6
23 24 50.29
23 31 37.89
24 45 67.67
24 48 61.95
24 26 25.91
24 27 58.72
24 42 50.31
24 25 85.26
24 35 71.2
24 37 81.09
24 31 61.05
24 30 21.02
24 41 15.48
24 47 64.82
25 44 66.95
25 41 56.62
25 27 8.69
25 35 71.88
25 47 63.66
25 36 16.86
25 28 99.45
25 31 42.08
25 40 41.7
25 33 28.11
25 34 51.99
26 32 70.75
26 42 0.13
26 37 81.13
26 45 7.83
26 27 61.53
26 48 69.53
26 49 83.27
27 46 25.87
27 41 65.44
27 40 57.68
27 39 69.5
27 33 25.61
27 43 54.72
27 38 45.85
27 47 26.97
27 37 19.27
27 31 21.63
27 36 82.03
28 36 27.03
28 34 6.4
28 49 11.19
28 45 52.13
28 46 44.26
29 35 5.97
29 38 77.93
29 48 69.56
29 42 49.15
29 46 66.13
29 45 66.3
29 39 46.18
30 31 13.32
30 34 26.26
30 39 96.47
30 40 11.18
30 37 25.97
30 48 59.67
30 35 37.96
30 38 40.64
30 42 78.59
30 44 31.92
30 45 56.13
31 49 87.16
31 38 12.96
31 45 14.71
31 48 61.48
31 40 52.61
31 37 9.41
31 47 10.29
32 36 12.27
32 41 86.63
32 37 86.07
32 42 72.54
32 45 17.13
32 40 22.23
33 34 28.05
33 37 27.53
33 42 1.17
33 43 80.57
33 46 70.77
33 45 17.72
33 36 32.2
34 47 39.06
34 49 72.37
34 43 76.71
34 48 57.93
34 38 9.47
34 42 85.45
34 40 8.28
34 35 87.72
35 43 66.51
35 40 51.49
35 48 41.97
35 38 76.97
35 47 39.35
35 42 31.95
35 39 48.64
35 37 40.48
36 39 9.41
36 40 47.73
36 49 71.69
36 41 87.75
37 47 61.62
37 42 51.03
37 43 45.46
37 49 48.72
38 47 95.81
38 42 39.96
38 44 86.78
38 43 63.26
39 40 48.5
39 45 47.93
39 47 71.77
40 41 26.41
40 44 0.15
40 49 84.58
40 42 89.82
41 42 84.83
41 46 77.49
41 43 34.95
42 46 56.66
42 47 41.38
42 43 8.31
43 46 82.52
43 47 96.53
43 44 49.92
43 49 5.33
44 48 10.9
44 46 32.26
45 46 15.58
45 49 37.54
46 49 26.54
46 48 7.44
47 49 71.92
47 48 78.72
48 49 35.13
