45
0 1 89.422
0 2 61.197
0 3 87.264
0 5 48.567
0 6 67.865
0 7 90.739
0 10 0.403
0 13 40.698
0 17 46.827
0 18 83.902
0 19 88.709
0 20 73.847
0 22 97.022
0 24 83.391
0 25 29.362
0 27 75.44
0 29 22.086
0 31 31.355
0 32 62.604
0 36 18.351
0 37 1.19
0 38 71.379
0 41 20.327
1 2 48.427
1 4 71.218
1 5 47.835
1 10 79.798
1 14 2.337
1 15 22.911
1 16 94.735
1 17 39.058
1 18 74.949
1 20 37.936
1 21 89.307
1 22 6.357
1 24 18.246
1 25 37.321
1 28 58.349
1 30 60.958
1 31 34.412
1 32 62.57
1 33 97.792
1 35 71.401
1 36 35.067
1 37 81.437
1 38 1.856
1 39 53.829
2 3 78.55
2 5 31.411
2 6 63.949
2 7 6.006
2 11 49.198
2 13 56.315
2 14 90.675
2 15 64.184
2 17 64.986
2 18 39.524
2 20 46.614
2 21 6.334
2 22 9.681
2 23 61.873
2 24 68.427
2 26 73.01
2 27 2.609
2 35 67.437
2 37 53.974
2 38 74.716
2 39 57.132
2 42 51.544
2 44 57.739
3 7 55.124
3 9 33.421
3 12 64.266
3 14 77.959
3 16 99.881
3 17 41.613
3 19 77.633
3 22 33.797
3 23 58.676
3 25 39.229
3 28 82.063
3 37 95.133
3 38 54.662
3 39 93.081
3 42 1.022
3 43 11.6
4 5 27.606
4 6 89.52
4 8 4.146
4 9 41.13
4 10 68.143
4 12 54.963
4 13 81.872
4 14 15.599
4 17 7.344
4 19 82.842
4 20 88.525
4 25 93.522
4 26 12.483
4 29 86.935
4 32 71.244
4 33 14.772
4 34 86.782
4 35 71.655
4 38 52.805
4 39 74.795
4 40 10.725
4 42 48.864
5 6 6.667
5 7 9.389
5 8 20.613
5 9 42.356
5 10 36.679
5 13 97.629
5 15 11.316
5 17 47.499
5 19 26.203
5 21 16.792
5 22 41.441
5 23 58.698
5 26 74.567
5 27 26.225
5 28 93.599
5 29 84.869
5 30 11.585
5 31 56.789
5 32 85.717
5 35 87.252
5 37 37.163
5 39 79.491
5 40 99.401
5 42 41.387
5 43 96.113
6 7 30.369
6 8 18.343
6 12 98.947
6 16 96.674
6 17 18.947
6 18 30.873
6 19 47.177
6 22 72.286
6 23 68.015
6 24 56.364
6 25 16.557
6 28 6.183
6 32 83.483
6 33 24.1
6 34 37.134
6 38 49.782
6 43 35.228
6 44 56.305
7 8 98.187
7 9 77.018
7 11 31.271
7 12 22.446
7 13 41.981
7 15 19.954
7 16 13.731
7 17 36.649
7 19 45.389
7 20 90.829
7 21 2.748
7 24 60.722
7 25 19.173
7 26 25.193
7 28 63.333
7 29 82.892
7 30 8.922
7 31 42.808
7 32 7.819
7 34 81.351
7 35 77.437
7 39 89.474
7 40 91.506
7 41 4.813
7 42 99.681
7 44 20.598
8 11 99.086
8 12 23.565
8 15 3.425
8 16 3.066
8 17 20.195
8 20 16.598
8 22 67.698
8 24 16.318
8 28 49.291
8 29 58.154
8 38 12.213
8 39 90.214
8 40 56.968
8 41 63.98
8 44 48.536
9 10 5.11
9 11 64.271
9 14 58.309
9 15 45.179
9 16 50.442
9 18 95.007
9 19 59.228
9 23 20.717
9 29 45.562
9 30 51.304
9 31 13.184
9 32 69.474
9 33 85.46
9 36 81.989
9 37 76.695
9 38 14.134
9 39 76.245
9 40 67.822
9 41 10.666
9 43 34.786
10 15 46.871
10 18 24.061
10 22 11.513
10 23 58.141
10 26 77.066
10 27 42.296
10 31 32.903
10 32 1.876
10 34 96.301
10 40 86.849
10 41 51.292
10 42 85.872
10 43 73.303
10 44 55.293
11 13 80.111
11 15 26.773
11 17 77.163
11 21 6.116
11 22 20.547
11 24 35.031
11 26 95.931
11 27 94.268
11 28 55.174
11 29 89.129
11 30 67.511
11 31 37.31
11 33 64.785
11 34 97.801
11 35 49.344
11 36 93.424
11 39 80.696
11 41 81.299
11 42 84.294
12 14 52.147
12 15 86.361
12 17 22.341
12 20 40.549
12 27 69.408
12 30 3.003
12 31 58.689
12 33 65.244
12 34 43.023
12 35 2.782
12 40 20.537
12 43 23.843
12 44 37.621
13 16 1.016
13 17 77.156
13 18 7.408
13 19 9.586
13 21 43.202
13 24 65.183
13 26 41.234
13 28 6.723
13 31 48.613
13 32 24.08
13 36 96.929
13 37 14.897
13 39 52.134
14 16 80.858
14 18 23.915
14 21 22.052
14 22 90.988
14 23 7.084
14 26 56.098
14 27 75.943
14 30 98.893
14 31 98.155
14 33 0.634
14 38 2.623
14 39 78.169
14 41 27.232
14 43 2.38
14 44 67.366
15 17 10.44
15 20 9.192
15 21 73.999
15 22 68.197
15 23 67.891
15 24 11.669
15 29 89.192
15 30 24.105
15 34 20.356
15 37 0.332
15 38 23.656
15 40 64.722
15 41 80.968
15 43 76.26
15 44 82.782
16 20 63.458
16 21 79.757
16 22 54.845
16 23 60.302
16 26 86.068
16 28 96.497
16 29 1.584
16 32 14.617
16 33 68.91
16 34 76.268
16 36 79.257
16 38 99.453
16 39 74.205
16 40 15.96
16 41 82.62
16 42 64.201
16 44 20.686
17 18 37.882
17 19 65.422
17 21 84.678
17 23 85.711
17 26 46.047
17 28 86.671
17 29 23.242
17 30 13.571
17 32 52.713
17 36 24.532
17 38 3.194
17 39 98.75
17 41 54.278
17 42 97.754
18 20 56.473
18 21 28.088
18 26 1.822
18 28 38.622
18 29 9.39
18 33 15.072
18 37 52.643
18 38 57.787
18 41 9.629
18 43 25.831
18 44 97.255
19 21 7.776
19 22 89.47
19 23 47.782
19 24 8.575
19 25 70.063
19 26 74.004
19 27 42.265
19 28 37.698
19 29 6.315
19 35 20.135
19 37 19.398
19 38 54.231
19 41 9.178
19 43 65.344
20 22 7.673
20 24 35.311
20 26 88.762
20 28 6.623
20 29 80.999
20 30 38.216
20 31 65.512
20 32 37.476
20 33 20.524
20 34 40.365
20 35 58.816
20 37 9.948
20 38 70.5
20 39 64.588
20 41 69.87
20 44 14.66
21 23 15.103
21 26 53.764
21 28 86.65
21 31 47.813
21 32 32.983
21 36 64.54
21 39 42.321
21 40 84.613
21 41 92.661
21 42 15.961
22 24 86.409
22 25 84.101
22 28 59.237
22 30 18.157
22 34 96.741
22 35 87.472
22 37 67.019
22 41 24.728
22 42 70.516
22 43 62.746
22 44 51.807
23 24 42.592
23 27 22.729
23 29 50.998
23 30 44.892
23 31 91.668
23 32 83.328
23 34 57.123
23 36 63.893
23 37 21.071
23 38 7.249
23 40 21.986
23 41 52.205
23 44 53.909
24 26 21.438
24 27 7.703
24 28 63.43
24 29 25.085
24 30 2.976
24 33 74.136
24 35 5.608
24 38 21.592
24 39 87.743
24 40 73.526
24 41 72.9
24 42 96.856
24 43 40.883
25 26 43.158
25 32 76.848
25 33 28.379
25 34 22.919
25 35 80.287
25 37 77.687
25 38 46.226
25 40 25.837
25 42 44.082
25 44 79.958
26 28 53.099
26 31 67.2
26 32 1.845
26 35 82.717
26 36 14.126
26 37 38.069
26 39 81.773
26 44 6.205
27 30 31.133
27 32 81.396
27 33 47.093
27 34 36.465
27 37 28.087
27 39 92.849
27 41 47.176
27 42 77.414
27 43 46.333
28 30 75.672
28 34 58.809
28 35 60.772
28 36 66.663
28 37 49.051
28 38 60.409
28 40 42.913
28 43 47.825
28 44 13.12
29 30 38.84
29 31 44.909
29 32 15.564
29 35 85.197
29 41 55.225
29 43 4.642
30 32 24.697
30 33 1.319
30 35 94.988
30 36 26.35
30 38 51.633
30 39 98.222
30 41 88.731
31 35 92.343
31 37 50.919
31 39 3.567
31 40 95.757
31 42 1.723
31 43 25.347
31 44 24.97
32 33 12.315
32 34 32.714
32 35 77.333
32 37 95.67
32 40 37.034
32 43 21.124
32 44 80.704
33 34 36.813
33 39 31.255
33 40 65.208
33 42 86.133
33 43 42.678
33 44 87.359
34 37 3.342
34 38 76.682
34 39 52.102
34 41 95.303
34 42 15.355
35 37 75.249
35 39 54.171
35 41 43.769
35 43 38.29
35 44 92.014
36 38 30.187
36 40 58.652
36 42 52.233
36 43 19.692
36 44 12.495
37 38 96.757
37 40 81.62
37 41 43.147
37 42 75.506
37 44 69.478
38 39 26.838
38 40 12.852
39 40 4.11
39 41 91.718
39 43 95.058
39 44 55.103
40 43 23.813
41 42 37.041
42 43 11.121
43 44 91.626
