50
0 6 6.413
0 7 17.479
0 8 95.069
0 9 20.873
0 11 90.514
0 13 40.07
0 14 6.579
0 15 31.982
0 16 38.707
0 18 77.411
0 22 17.631
0 24 39.08
0 27 43.605
0 29 87.801
0 30 81.978
0 34 36.507
0 36 1.191
0 37 87.992
0 38 5.658
0 39 67.218
0 42 36.549
0 45 66.933
0 46 69.842
0 47 81.708
0 48 51.329
1 2 69.58
1 3 68.02
1 4 45.022
1 7 90.833
1 12 47.177
1 14 80.611
1 18 19.528
1 20 47.322
1 22 77.987
1 23 36.006
1 24 28.471
1 26 31.354
1 27 64.274
1 28 41.827
1 29 86.867
1 30 21.739
1 31 63.385
1 32 17.834
1 35 59.931
1 38 83.496
1 39 23.963
1 44 50.075
1 45 98.316
1 46 80.479
1 47 18.583
1 49 47.403
2 4 46.718
2 5 34.6
2 8 84.248
2 11 87.653
2 12 87.449
2 13 91.518
2 14 51.281
2 15 31.174
2 16 14.979
2 18 7.45
2 19 40.289
2 20 6.518
2 21 43.395
2 23 26.404
2 24 24.873
2 25 61.817
2 26 1.02
2 28 87.59
2 30 11.815
2 31 46.342
2 32 18.956
2 33 34.652
2 34 21.46
2 36 92.456
2 39 32.02
2 42 33.988
2 43 76.482
2 44 59.375
2 46 3.421
2 47 99.573
2 49 53.778
3 5 61.196
3 9 47.617
3 10 45.098
3 11 22.174
3 12 78.158
3 15 77.443
3 17 86.834
3 20 73.965
3 21 49.133
3 24 46.171
3 27 51.835
3 28 32.933
3 30 67.282
3 31 28.683
3 32 20.555
3 33 47.213
3 34 19.807
3 35 64.632
3 39 60.28
3 40 8.103
3 43 46.975
3 44 50.674
3 45 58.389
3 47 49.227
3 48 99.393
3 49 52.924
4 5 9.019
4 7 82.727
4 8 41.841
4 9 49.128
4 10 46.914
4 11 62.696
4 12 32.816
4 14 62.732
4 15 60.77
4 16 99.614
4 25 46.158
4 27 82.393
4 28 48.893
4 31 59.261
4 32 97.585
4 33 59.391
4 39 87.964
4 42 71.242
4 44 42.885
4 45 12.752
4 47 10.002
5 6 8.043
5 7 1.575
5 9 45.93
5 11 11.126
5 12 16.245
5 13 20.093
5 18 30.663
5 19 99.715
5 24 23.299
5 25 47.271
5 27 66.864
5 28 32.892
5 29 13.518
5 30 11.801
5 31 45.565
5 35 92.485
5 37 50.504
5 41 10.593
5 42 20.751
5 44 4.896
5 45 22.423
5 46 87.311
5 47 40.434
6 8 50.544
6 11 19.471
6 15 46.689
6 16 53.016
6 17 21.871
6 18 49.403
6 20 50.07
6 24 98.206
6 25 79.149
6 26 12.386
6 30 58.235
6 33 10.414
6 34 83.495
6 36 72.898
6 37 85.23
6 38 68.618
6 39 73.609
6 41 20.046
6 44 54.61
6 45 68.107
6 47 2.269
6 48 5.881
6 49 68.011
7 11 30.916
7 13 85.787
7 14 84.004
7 18 54.138
7 23 35.341
7 25 83.503
7 27 96.625
7 28 87.308
7 29 7.76
7 35 2.775
7 47 49.827
8 9 57.585
8 11 38.56
8 13 71.348
8 15 35.063
8 16 83.37
8 19 64.227
8 20 85.558
8 21 21.952
8 22 44.802
8 23 20.04
8 24 79.135
8 26 88.206
8 27 89.13
8 30 81.747
8 34 97.704
8 35 20.929
8 36 49.603
8 39 86.802
8 40 40.241
8 42 86.676
8 43 33.867
8 44 24.51
8 45 68.401
8 46 10.805
8 47 74.539
8 49 92.201
9 11 45.412
9 12 88.419
9 13 65.996
9 16 7.735
9 17 72.806
9 18 1.727
9 19 64.435
9 21 95.839
9 24 22.433
9 25 23.844
9 26 66.545
9 30 47.896
9 31 13.346
9 34 70.9
9 36 79.238
9 40 17.957
9 41 40.702
9 45 21.454
9 46 8.356
9 48 64.32
9 49 83.879
10 13 97.12
10 14 98.592
10 15 23.611
10 16 98.328
10 20 10.169
10 21 44.34
10 23 77.818
10 26 92.479
10 29 57.388
10 30 41.019
10 32 80.268
10 34 38.889
10 35 38.203
10 37 52.352
10 38 84.997
10 39 42.916
10 40 84.575
10 42 37.444
10 48 1.886
10 49 38.001
11 13 84.157
11 15 52.617
11 17 18.694
11 18 37.503
11 20 25.127
11 21 46.145
11 22 6.21
11 27 39.894
11 32 91.795
11 33 53.802
11 35 83.785
11 36 73.366
11 37 86.502
11 39 57.407
11 41 52.453
11 43 15.544
11 44 96.291
11 45 34.465
11 46 39.842
11 47 46.949
12 14 11.914
12 17 3.019
12 19 91.938
12 27 34.417
12 28 78.962
12 31 12.999
12 32 98.971
12 33 10.319
12 40 72.111
12 42 2.963
12 44 90.617
12 46 15.393
12 48 6.112
12 49 97.643
13 14 16.069
13 15 23.989
13 16 56.948
13 18 15.836
13 20 6.246
13 22 59.881
13 24 33.192
13 28 74.699
13 30 83.865
13 31 62.173
13 32 46.613
13 38 23.57
13 39 36.384
13 40 35.707
13 41 85.68
13 44 99.477
13 49 18.345
14 16 58.614
14 17 22.852
14 21 77.386
14 22 98.71
14 24 95.749
14 31 32.237
14 38 36.342
14 40 25.032
14 48 68.233
14 49 60.892
15 16 68.155
15 18 27.725
15 23 54.773
15 24 27.755
15 28 96.53
15 33 40.389
15 34 29.862
15 37 15.819
15 39 2.251
15 40 29.448
15 41 66.393
15 46 80.412
15 48 45.61
16 18 74.329
16 26 37.48
16 27 11.314
16 29 31.585
16 30 89.006
16 32 4.989
16 33 78.468
16 34 54.444
16 35 86.833
16 36 94.387
16 39 79.518
16 41 16.805
16 42 70.059
16 44 67.314
16 45 33.058
16 46 28.216
16 47 63.557
16 48 68.623
17 19 90.277
17 22 84.4
17 23 61.27
17 24 84.61
17 25 12.943
17 26 21.005
17 27 92.423
17 30 80.871
17 32 29.236
17 34 18.781
17 35 13.783
17 37 92.961
17 39 6.6
17 48 78.208
18 19 63.955
18 21 14.32
18 22 48.918
18 24 25.136
18 25 97.833
18 26 28.976
18 27 29.107
18 28 84.939
18 29 49.11
18 32 21.039
18 34 48.882
18 36 18.69
18 40 3.526
18 41 71.639
18 44 14.483
18 45 38.939
18 46 98.764
18 47 63.972
19 24 80.977
19 25 9.85
19 29 24.586
19 30 6.538
19 32 83.12
19 33 83.574
19 34 4.515
19 38 64.114
19 39 42.044
19 40 67.744
19 41 24.091
19 42 55.353
19 46 66.481
19 47 36.422
19 48 44.021
20 23 32.089
20 25 27.29
20 26 78.384
20 27 61.547
20 29 32.556
20 33 39.921
20 34 83.901
20 37 41.847
20 39 81.082
20 40 13.225
20 42 79.542
20 44 68.208
20 45 84.276
20 46 99.039
20 48 54.818
20 49 57.946
21 23 28.233
21 25 11.412
21 29 11.218
21 31 63.45
21 39 24.053
21 40 7.039
21 41 81.142
21 43 43.18
21 44 34.77
21 46 76.15
22 26 24.03
22 30 71.429
22 32 87.928
22 33 27.113
22 35 57.796
22 36 80.41
22 37 90.686
22 40 20.875
22 41 69.072
22 43 94.503
22 45 15.999
22 46 83.736
22 47 55.84
22 48 91.028
22 49 41.883
23 24 16.854
23 25 79.566
23 26 72.905
23 29 78.313
23 32 37.329
23 34 90.656
23 35 81.593
23 37 76.09
23 40 51.162
23 45 17.565
23 46 49.704
23 47 15.681
23 48 64.543
23 49 55.456
24 25 53.756
24 26 34.284
24 27 9.073
24 28 49.319
24 29 13.342
24 31 30.682
24 32 74.57
24 33 91.011
24 34 61.806
24 35 88.026
24 36 1.691
24 38 60.56
24 39 37.813
24 41 57.777
24 44 7.262
24 49 58.131
25 29 62.473
25 30 32.179
25 31 46.174
25 35 28.263
25 39 86.815
25 40 2.631
25 42 36.323
25 45 95.753
25 46 89.057
26 27 87.729
26 29 93.973
26 30 5.352
26 31 89.557
26 33 15.302
26 34 21.7
26 35 79.246
26 36 97.329
26 38 12.206
26 41 55.02
26 43 79.372
26 46 83.153
26 48 21.217
26 49 92.982
27 29 77.357
27 30 83.932
27 31 19.049
27 32 61.254
27 34 88.357
27 35 62.693
27 37 9.771
27 39 13.348
27 40 33.103
27 42 46.068
27 43 21.301
27 48 72.786
27 49 49.641
28 30 20.739
28 32 86.287
28 33 53.843
28 36 71.2
28 37 60.711
28 38 36.875
28 39 96.287
28 42 9.935
28 43 55.298
28 46 73.985
28 48 53.079
28 49 73.58
29 32 85.396
29 34 12.349
29 36 81.242
29 41 16.951
29 46 25.056
29 49 49.268
30 31 20.857
30 32 36.937
30 33 70.216
30 34 30.706
30 36 15.226
30 44 60.314
30 45 6.519
30 47 61.876
30 48 9.566
31 32 31.122
31 34 25.488
31 37 57.758
31 41 52.457
31 47 99.34
31 48 62.522
32 34 24.243
32 39 23.676
32 40 65.004
32 41 39.002
32 43 87.249
32 45 52.861
32 47 91.203
32 48 14.437
32 49 91.647
33 34 11.143
33 38 76.563
33 40 40.636
33 44 55.937
33 46 4.111
33 48 68.803
34 35 9.562
34 36 26.036
34 37 99.848
34 38 15.158
34 39 44.731
34 41 42.08
34 42 41.991
34 43 62.044
34 44 21.863
34 45 51.088
34 46 50.284
35 37 2.042
35 38 37.522
35 41 10.882
35 42 28.656
35 43 88.294
35 44 66.194
35 45 3.402
35 47 64.959
36 39 71.518
36 40 58.094
36 42 4.409
36 44 48.404
36 47 19.301
36 48 22.39
37 39 96.71
37 44 61.951
37 45 49.157
37 46 85.075
37 47 36.959
38 39 61.824
38 43 7.131
38 44 82.941
38 46 91.651
39 40 77.733
39 42 93.87
39 45 15.2
39 47 42.074
39 48 94.098
39 49 64.903
40 41 99.074
40 42 50.524
40 47 18.493
40 48 33.654
41 43 81.359
41 46 43.156
42 44 47.385
42 46 13.941
42 48 27.254
42 49 73.784
43 45 33.556
43 49 19.738
44 45 66.112
44 47 72.346
44 49 18.543
45 46 46.059
45 48 97.864
46 47 97.34
46 49 64.586
47 48 27.727
48 49 45.84
