50
0 2 87.015
0 22 99.208
0 26 92.497
0 9 84.793
0 23 60.326
1 4 88.277
1 28 40.457
1 39 6.316
1 42 6.332
1 6 21.404
1 18 87.203
2 11 25.142
2 19 13.162
2 31 48.173
3 19 41.775
3 21 21.113
3 23 26.212
3 27 8.999
4 9 5.473
4 17 16.436
4 41 2.088
4 45 30.712
4 48 81.338
5 17 22.339
5 21 26.451
5 35 7.941
5 11 2.451
5 16 35.965
5 23 36.978
6 16 67.798
6 17 37.012
6 48 50.971
6 40 30.399
6 45 45.506
7 7 24.278
7 21 2.937
7 25 66.843
7 29 41.345
7 32 36.618
7 45 62.278
8 17 15.717
8 27 62.164
8 36 88.795
8 41 2.876
8 46 57.057
9 9 31.479
9 14 72.204
9 21 53.197
9 31 5.847
10 23 84.644
10 28 70.529
10 31 71.139
10 33 84.891
10 47 8.88
10 13 26.797
11 20 77.368
11 24 64.542
11 28 58.732
11 29 4.655
12 18 31.855
12 45 9.196
13 23 1.9
13 43 31.64
13 48 28.356
13 16 3.797
13 25 9.387
14 14 37.335
14 16 44.438
14 40 27.086
14 49 82.774
14 25 95.68
15 17 7.168
15 33 6.45
15 35 92.777
15 41 61.332
15 44 94.253
15 21 47.266
16 21 28.241
16 22 79.397
17 26 40.28
18 31 76.088
18 38 59.086
18 44 80.233
18 24 45.29
19 31 99.479
19 34 25.854
20 39 74.887
20 43 46.02
20 44 28.969
20 48 80.921
20 22 63.103
22 38 38.863
22 41 30.11
23 42 46.599
24 24 72.572
24 28 86.474
24 43 49.273
24 37 81.733
25 31 92.513
25 37 58.668
25 39 5.924
26 35 33.774
26 37 18.785
26 41 75.023
26 32 84.318
27 41 6.649
27 37 90.32
28 28 72.361
28 43 8.642
29 35 0.331
29 36 16.176
30 43 86.838
30 49 65.683
32 42 75.735
33 33 36.049
33 35 14.906
33 36 49.155
33 37 71.822
34 37 22.457
34 46 50.348
34 35 86.82
34 45 44.844
36 42 56.936
36 47 86.887
36 48 65.8
38 44 48.238
38 45 40.561
39 44 52.994
40 43 49.716
40 47 56.324
42 42 27.561
42 46 23.46
44 48 55.308
47 49 55.477