50
49 10 94.548
30 5 46.297
43 44 97.559
22 49 6.37
3 32 32.894
27 2 32.369
4 37 75.938
21 11 18.436
38 4 32.325
28 48 3.689
2 13 1.718
49 40 28.637
10 18 96.081
35 27 26.413
0 25 26.095
21 43 93.178
19 23 76.246
41 1 82.806
22 19 55.384
11 30 30.068
6 3 12.664
20 21 89.564
21 37 58.512
22 37 34.541
39 49 49.179
40 13 37.234
13 22 15.513
39 41 60.536
29 37 36.744
20 6 17.182
24 33 75.412
10 29 80.754
11 12 5.56
29 8 40.266
40 10 69.14
5 20 17.388
29 15 99.187
7 45 3.736
3 4 28.606
31 12 59.614
2 42 36.049
37 38 5.384
30 2 38.95
41 28 15.195
29 21 8.902
36 3 34.834
34 10 38.852
8 39 39.372
6 8 42.033
15 26 34.066
36 17 11.038
26 9 87.506
4 47 94.585
44 29 48.679
0 27 75.735
43 34 22.274
27 32 66.923
27 23 20.208
47 46 84.614
8 25 31.309
34 31 94.17
24 1 40.265
6 42 93.241
42 41 46.985
44 16 28.015
3 24 3.411
20 46 15.854
41 44 80.862
42 38 3.645
39 16 82.778
2 23 61.276
33 38 57.478
29 2 92.371
31 7 74.433
1 38 18.823
33 1 56.599
17 43 64.896
34 13 46.824
14 15 19.591
23 21 44.467
28 11 33.78
3 28 91.979
37 41 99.874
38 3 6.623
26 7 62.422
21 18 94.7
30 33 52.222
23 47 19.649
47 45 14.394
32 28 8.077
31 30 62.869
7 23 78.249
24 38 47.166
22 14 67.292
6 11 31.977
42 31 18.388
49 23 87.867
1 35 28.115
1 5 2.583
31 35 32.207
10 26 85.731
49 2 76.55
6 16 59.21
23 26 71.276
21 24 93.869
12 32 44.926
46 13 56.424
48 19 35.424
11 5 64.59
23 34 37.361
9 36 2.938
14 34 5.995
42 11 57.142
8 16 53.154
3 16 14.345
18 19 60.357
25 9 94.741
37 34 97.881
42 25 16.497
36 10 18.342
27 37 94.86
5 8 79.799
4 25 94.219
26 21 53.031
38 31 5.991
31 13 34.137
29 17 81.388
46 5 20.418
22 21 25.545
47 31 83.837
20 12 89.569
19 49 96.669
49 3 50.485
35 32 84.739
44 2 55.733
30 0 8.422
18 3 79.155
5 32 0.966
43 8 39.309
17 4 30.092
20 28 42.185
47 13 55.944
48 3 29.873
20 19 31.003
15 25 11.137
20 8 90.845
9 5 75.246
0 47 2.301
5 38 7.803
46 32 37.292
