50
0 8 20
0 9 47
0 12 35
0 15 31
0 16 50
0 20 62
0 23 40
0 30 82
0 32 90
0 34 96
0 35 14
0 36 1
0 38 52
0 39 22
0 40 40
0 46 29
1 3 11
1 4 39
1 6 29
1 8 98
1 18 16
1 26 13
1 27 38
1 33 45
1 41 87
1 43 40
1 45 40
2 3 78
2 5 53
2 11 9
2 17 49
2 33 16
2 35 25
2 45 38
2 46 75
3 7 19
3 19 45
3 23 80
3 25 28
3 26 12
3 34 34
3 35 81
3 38 64
3 42 8
3 43 76
3 46 77
4 6 57
4 7 74
4 26 87
4 29 66
4 34 85
4 40 36
4 44 51
4 46 81
5 7 4
5 8 36
5 11 7
5 17 89
5 19 21
5 20 53
5 24 79
5 43 29
6 9 16
6 12 80
6 15 41
6 18 54
6 24 76
6 26 24
6 27 24
6 28 50
6 29 18
6 41 82
6 43 60
6 45 2
7 8 21
7 11 88
7 14 24
7 15 3
7 29 13
7 46 42
8 12 5
8 19 27
8 22 81
8 23 54
8 27 5
8 31 97
8 34 81
8 35 63
8 40 73
8 49 58
9 12 12
9 13 29
9 16 92
9 19 26
9 27 40
9 35 79
9 40 53
9 43 73
10 13 32
10 14 78
10 21 63
10 28 25
10 39 93
10 40 87
10 41 72
10 43 89
10 48 93
10 49 57
11 12 78
11 16 82
11 21 55
11 24 7
11 34 49
11 36 98
11 46 5
11 49 4
12 13 9
12 27 90
12 30 93
12 32 87
12 34 29
12 37 39
12 41 77
12 44 93
12 45 49
12 46 32
13 18 83
13 20 91
13 22 96
13 24 98
13 28 66
13 29 82
13 37 26
13 44 49
13 46 51
14 16 67
14 18 80
14 23 46
14 27 18
14 30 61
14 34 41
14 37 60
14 41 27
14 47 41
14 48 39
15 20 2
15 23 85
15 25 38
15 31 42
15 34 16
15 35 96
15 39 20
15 46 66
15 49 51
16 26 64
16 27 78
16 30 57
16 46 74
17 22 40
17 26 65
17 27 8
17 28 99
17 31 2
17 33 75
17 36 72
17 37 61
17 45 55
17 49 56
18 29 66
18 36 82
18 37 63
18 46 33
18 49 27
19 22 27
19 30 74
19 31 32
19 34 51
19 35 5
19 37 11
19 38 93
19 42 72
19 44 1
19 46 23
20 24 23
20 25 81
20 26 6
20 29 42
20 41 5
20 49 30
21 28 56
21 30 11
21 37 67
21 40 20
21 41 17
21 47 9
21 49 88
22 24 31
22 32 31
22 34 97
22 38 55
22 42 58
22 46 31
22 48 95
23 28 71
23 38 63
23 42 61
23 45 59
24 30 96
24 32 6
24 34 10
24 36 11
24 42 74
24 45 32
24 49 73
25 29 83
25 35 11
25 36 39
25 37 85
25 47 72
25 49 27
26 31 95
26 32 69
26 37 34
26 42 39
26 46 65
26 49 13
27 29 26
27 30 9
27 33 78
27 34 10
27 35 23
27 39 76
27 45 54
27 46 39
27 48 1
28 29 28
28 32 46
28 33 32
28 37 4
28 38 8
28 40 9
28 43 34
28 44 55
28 46 95
29 30 69
29 32 55
29 37 97
29 39 57
29 40 49
29 44 87
29 47 87
29 49 18
30 34 19
30 39 92
30 47 81
30 49 61
31 36 50
31 38 72
31 41 59
31 42 88
31 45 43
31 47 53
31 49 76
32 33 10
32 34 3
32 38 15
32 40 26
32 45 80
33 35 49
33 36 55
33 49 50
34 35 12
34 40 16
35 38 27
35 43 86
35 44 77
35 47 51
36 39 98
36 46 24
37 40 36
37 43 33
38 39 73
38 49 60
39 46 7
39 47 99
41 48 39
42 46 77
43 47 7
45 48 71