50
0 1 36
0 4 84
0 17 51
0 16 63
0 15 29
0 22 98
0 43 31
1 3 20
1 24 61
1 39 13
1 16 24
1 30 46
1 31 97
2 26 84
2 8 45
2 15 40
2 35 79
3 4 80
4 11 66
4 35 21
4 41 4
5 7 41
5 8 36
5 37 99
5 32 43
5 23 55
6 7 50
6 8 29
6 9 36
7 9 82
7 13 37
7 26 54
8 33 97
8 11 21
8 46 36
9 20 15
9 22 89
10 11 54
10 13 39
10 14 36
10 44 25
10 17 33
11 14 46
12 13 72
12 14 46
12 32 89
12 33 24
13 14 44
13 21 64
13 31 94
15 17 77
15 19 47
15 27 59
16 17 25
16 19 27
16 45 94
17 19 87
17 42 13
18 19 85
18 36 92
19 36 43
20 21 33
20 22 87
20 23 14
21 23 24
21 24 54
22 30 77
25 26 32
25 27 3
25 28 77
25 29 76
26 28 77
26 29 19
27 29 39
28 35 66
28 37 99
29 41 74
30 31 29
30 33 41
30 47 98
31 33 77
32 34 22
32 40 44
33 35 20
35 37 63
36 39 1
36 40 90
37 39 12
37 38 49
40 43 66
40 44 40
41 43 1
42 44 38
43 45 74
45 47 32
45 48 25
46 47 89
46 48 37
47 49 47
48 49 33