50
9 26 81.810
0 17 9.987
41 0 10.702
0 12 17.895
39 0 83.435
0 42 23.422
0 33 32.060
5 0 13.805
0 1 87.146
0 6 58.316
25 0 46.834
36 0 62.165
24 0 7.569
0 44 16.691
4 0 28.120
0 10 79.667
0 14 35.251
47 0 58.018
35 0 29.342
3 0 71.001
8 0 42.197
22 0 99.954
0 45 26.540
0 21 96.403
43 0 75.826
0 28 52.919
7 0 93.929
0 40 79.388
0 32 38.778
42 1 53.545
29 1 78.661
34 1 9.500
2 1 27.048
1 6 82.684
11 1 98.420
20 1 8.683
1 28 70.248
46 1 78.794
1 44 54.630
30 1 74.372
24 1 54.743
37 1 76.107
1 35 86.159
1 16 28.759
38 1 46.268
1 14 76.228
13 1 97.360
39 1 35.671
1 4 68.969
3 1 90.401
32 1 76.360
1 36 7.189
10 1 78.451
9 1 0.770
47 1 21.781
2 20 28.937
2 38 29.561
2 42 2.897
2 19 51.055
2 21 66.468
2 28 14.812
2 49 29.300
41 2 37.991
2 25 29.133
2 39 37.099
2 5 57.420
30 2 80.227
18 2 62.266
2 40 69.645
35 2 5.857
45 2 70.432
2 47 53.217
23 2 78.124
2 9 67.571
31 2 33.330
22 2 3.190
2 43 21.097
13 2 47.416
2 26 20.299
27 2 82.267
48 3 28.641
3 37 46.335
33 3 77.509
9 3 26.710
22 3 46.869
15 3 85.479
19 3 71.151
13 3 75.470
3 49 75.261
42 3 27.336
20 3 53.315
4 3 98.701
3 38 22.563
8 3 54.707
46 3 62.502
25 3 80.253
3 35 50.511
24 3 75.245
34 3 2.132
40 3 51.291
28 3 30.006
45 3 40.101
3 30 65.623
3 32 28.223
3 18 6.957
3 31 62.294
3 26 89.663
3 29 81.085
21 3 18.564
4 43 0.084
4 42 73.377
4 44 22.373
48 4 71.967
18 4 1.876
20 4 88.396
33 4 69.044
4 36 84.907
10 4 45.476
31 4 40.533
4 26 27.583
4 37 96.273
15 4 99.982
29 4 74.475
4 35 66.375
12 4 40.747
32 4 0.194
13 4 29.119
30 4 72.289
6 4 63.031
4 5 86.520
4 49 60.461
4 16 40.255
41 4 44.744
4 34 39.611
4 11 16.174
5 17 68.095
5 48 33.675
5 21 74.670
33 5 81.571
12 5 34.633
5 35 99.862
5 32 62.233
5 29 88.258
5 24 9.917
13 5 95.461
5 41 82.172
6 5 94.082
5 11 51.706
42 5 95.263
5 40 86.867
5 18 94.006
19 5 10.840
5 46 50.894
5 27 3.650
36 5 17.288
5 38 16.888
5 44 24.056
34 5 94.803
10 5 59.105
5 26 3.491
45 5 40.073
39 5 59.678
33 6 1.938
35 6 10.597
12 6 64.223
6 27 13.981
6 30 56.626
6 9 5.515
6 10 94.256
41 6 37.365
6 48 15.643
25 6 19.897
11 6 92.933
6 42 84.683
6 8 49.295
47 6 96.228
6 20 52.937
22 6 91.162
18 6 27.918
6 45 48.898
6 28 17.205
29 6 47.795
37 6 90.855
43 6 20.979
17 6 52.698
6 26 0.050
13 6 63.646
41 7 91.755
44 7 98.173
15 7 95.628
24 7 79.295
27 7 87.052
7 35 81.017
38 7 6.048
7 25 52.124
7 8 77.620
7 29 49.382
7 48 51.836
43 7 49.761
30 7 29.468
7 34 83.636
23 7 14.412
7 17 91.235
7 39 65.905
16 7 36.809
7 46 80.968
7 47 11.061
7 45 48.500
14 7 60.593
7 21 32.247
7 11 46.338
7 32 92.049
7 31 32.238
37 7 51.260
28 7 8.164
26 7 35.302
22 7 18.423
8 10 21.148
8 22 49.693
15 8 69.458
13 8 52.453
8 29 11.587
8 40 96.963
49 8 52.835
32 8 60.276
8 9 46.064
8 16 23.857
8 23 32.175
8 11 92.887
47 8 91.900
12 8 86.634
20 8 64.659
8 39 58.601
18 8 1.767
8 27 85.304
33 8 49.818
8 30 97.050
36 8 52.511
35 8 98.813
26 8 52.902
8 43 93.380
8 24 7.009
48 8 40.445
29 9 7.101
9 19 43.070
24 9 64.038
12 9 22.409
46 9 59.728
9 18 48.962
10 9 71.128
44 9 34.271
37 9 86.821
13 9 36.889
42 9 73.789
9 16 86.661
9 45 68.499
49 9 37.591
20 9 95.823
33 9 7.433
9 36 16.122
17 9 8.950
23 9 85.767
9 25 23.362
35 9 9.821
9 38 58.833
15 9 32.946
9 14 57.686
11 9 88.941
9 47 79.903
22 9 13.803
40 9 30.240
10 18 14.225
10 24 54.672
32 10 84.374
46 10 63.780
10 48 21.997
10 36 54.679
27 10 87.403
10 26 81.382
10 45 3.300
31 10 24.644
10 38 88.199
41 10 2.994
30 10 58.043
40 10 49.511
16 10 84.917
23 10 1.767
34 10 48.015
35 10 81.761
42 10 39.195
22 10 72.316
49 10 19.184
11 10 49.046
39 10 3.160
10 12 83.319
19 10 15.568
12 11 65.283
11 47 79.691
46 11 16.157
23 11 57.717
20 11 14.979
11 17 31.630
11 28 33.851
11 30 34.435
22 11 32.383
25 11 51.722
31 11 87.412
11 45 64.215
18 11 43.170
29 11 72.825
11 19 91.756
11 48 32.973
21 11 93.970
49 11 2.868
32 11 97.670
11 33 58.932
11 27 12.903
11 26 17.897
24 11 73.085
11 37 55.469
11 13 27.724
44 11 13.805
34 11 54.012
12 35 68.442
12 22 19.095
42 12 24.816
26 12 24.140
12 28 88.497
31 12 27.054
12 49 96.310
12 44 98.575
24 12 1.759
12 46 2.513
12 14 48.373
12 19 50.381
23 12 80.464
12 34 16.932
12 36 82.288
12 29 64.935
22 13 60.456
29 13 98.494
13 14 18.015
13 18 13.148
13 15 91.368
13 38 11.530
13 45 60.348
16 13 1.478
13 48 54.852
20 13 31.622
27 13 64.729
13 49 23.468
13 35 0.024
43 13 85.573
13 17 39.475
13 34 82.059
13 19 30.045
13 41 69.822
13 42 0.396
13 44 72.850
47 13 64.132
24 13 35.813
13 28 67.933
13 36 86.423
33 13 32.120
40 13 54.180
30 14 54.788
14 42 7.621
45 14 92.761
39 14 16.277
17 14 29.802
49 14 37.287
14 33 50.323
14 27 4.481
14 43 83.447
14 36 1.887
19 14 33.678
14 32 93.546
14 38 93.481
28 14 22.184
14 18 44.177
14 23 30.038
16 14 92.995
26 14 21.467
42 15 21.338
40 15 15.538
15 22 96.620
15 33 30.761
15 20 49.264
29 15 67.786
41 15 14.306
49 15 74.727
15 23 32.680
15 32 60.757
15 43 73.284
18 15 88.980
31 15 63.302
15 48 63.093
38 15 47.036
44 15 82.433
39 15 81.656
17 15 11.663
16 26 1.063
16 41 76.063
35 16 7.792
37 16 3.563
22 16 83.119
16 43 36.920
16 29 22.172
32 16 81.604
16 40 81.100
16 19 92.581
33 16 58.033
27 16 16.790
21 16 21.003
16 20 64.871
28 16 54.475
16 30 60.978
16 42 85.590
34 16 91.566
16 45 17.953
48 16 67.129
46 16 42.359
18 16 98.388
25 17 98.149
17 18 31.038
17 33 21.058
22 17 86.675
43 17 19.151
38 17 4.576
48 17 48.037
36 17 28.421
49 17 3.763
21 17 36.967
17 39 85.967
26 17 56.712
17 24 4.600
19 17 19.951
31 17 98.799
27 17 14.586
41 17 15.606
17 45 58.014
17 32 75.191
18 25 17.536
26 18 71.417
18 27 78.560
18 20 31.224
24 18 15.019
18 33 11.050
19 18 38.119
18 35 22.899
47 18 6.057
31 18 40.489
23 18 79.919
18 45 50.365
18 39 98.941
43 18 76.806
49 18 20.826
40 18 87.371
18 21 1.909
44 18 69.588
41 18 18.698
19 20 55.505
19 33 48.056
19 44 95.660
49 19 72.262
26 19 30.266
34 19 91.818
46 19 11.767
28 19 95.999
19 36 54.686
19 23 67.636
31 19 22.998
19 21 64.664
19 41 46.521
19 25 82.810
19 38 93.809
22 19 4.981
47 19 56.634
19 30 63.710
19 27 18.252
37 19 2.213
19 39 45.080
38 20 37.091
20 27 14.034
20 39 9.239
20 37 37.770
20 35 78.810
20 34 14.567
43 20 42.776
42 20 3.905
32 20 53.200
20 22 27.617
20 48 40.792
28 20 9.351
20 45 46.170
20 21 10.726
21 22 49.562
21 25 74.944
45 21 59.756
21 46 16.656
33 21 28.562
21 34 50.371
21 49 47.770
21 40 88.935
44 21 73.837
36 21 64.022
32 21 63.924
21 47 60.670
43 21 60.356
21 41 55.371
22 41 53.631
22 36 19.930
22 31 11.310
27 22 36.993
37 22 0.855
32 22 85.821
24 22 22.402
25 22 71.192
38 22 6.092
22 39 15.323
49 22 91.660
23 34 14.016
23 40 21.048
23 38 22.121
23 24 31.360
23 37 95.675
23 31 13.282
23 41 46.320
44 23 87.038
23 28 12.571
42 23 96.392
23 29 93.043
49 23 75.853
47 23 6.332
24 35 28.333
42 24 73.382
43 24 53.415
27 24 32.320
49 24 88.141
47 24 27.425
24 33 32.353
40 24 62.565
24 48 45.286
24 41 37.046
24 25 69.004
24 38 10.261
24 36 13.206
24 39 32.121
44 24 17.867
24 45 42.765
25 29 16.991
40 25 73.401
25 44 90.158
25 32 50.369
25 31 68.762
25 36 53.865
27 25 95.558
49 25 43.383
25 41 93.776
25 26 46.350
35 25 20.215
25 33 64.107
25 30 69.450
25 48 58.355
39 26 20.609
26 35 38.732
26 49 62.397
44 26 77.120
26 48 9.625
26 31 7.996
34 26 51.660
26 28 49.602
43 26 68.342
36 26 13.839
29 26 63.770
30 26 9.851
26 37 17.509
45 26 75.527
26 40 86.614
26 41 62.476
32 26 80.366
41 27 73.887
27 28 31.419
49 27 22.297
27 38 32.038
27 39 13.376
34 27 83.915
35 27 1.246
37 27 30.659
30 27 13.206
27 31 94.518
47 27 96.734
28 48 67.310
28 35 26.989
28 45 60.675
32 28 17.112
28 49 94.556
28 30 10.813
44 28 69.211
40 28 97.134
28 31 63.344
28 34 52.000
28 47 39.309
28 36 82.546
28 42 95.864
29 28 37.358
29 34 32.869
47 29 57.865
29 37 20.607
29 32 27.652
35 29 86.807
33 29 38.748
36 29 5.601
45 29 25.781
39 29 50.282
38 29 3.236
29 41 1.510
43 29 34.322
48 29 12.028
44 29 13.559
49 29 70.067
40 29 43.755
38 30 40.220
30 31 41.213
39 30 57.339
48 30 24.067
45 30 42.713
34 30 57.858
35 30 70.279
30 33 92.112
37 30 5.825
30 43 59.420
31 44 35.926
37 31 10.217
31 48 75.892
31 34 30.446
31 33 58.987
46 31 98.325
41 31 57.087
42 31 46.616
31 45 32.326
40 31 28.500
43 31 99.970
34 32 12.727
32 36 16.374
45 32 25.171
32 41 37.460
40 32 83.920
43 32 87.196
32 37 59.214
49 33 33.196
40 33 35.520
33 34 89.139
39 33 82.744
33 41 64.657
33 46 69.317
44 33 65.730
33 38 53.946
43 33 73.173
36 34 8.129
34 39 46.692
34 46 81.586
34 47 18.744
40 34 70.817
34 38 14.084
48 34 1.100
34 49 9.543
34 45 52.686
35 34 9.735
34 43 13.276
34 37 32.354
46 35 1.894
39 35 64.183
35 48 79.338
38 35 80.407
45 35 3.908
40 35 11.308
36 35 25.934
35 47 94.342
36 41 99.371
36 46 4.899
36 40 68.355
39 36 63.772
43 36 29.610
38 36 50.341
36 42 48.681
36 37 76.710
36 44 83.015
48 36 28.328
49 37 57.116
37 46 37.068
41 37 43.694
38 42 77.423
49 38 94.533
43 38 5.073
45 38 80.023
46 38 30.854
47 38 7.510
46 39 80.927
39 42 3.078
43 39 17.892
41 39 70.985
47 39 3.519
39 48 7.031
49 39 37.967
39 45 21.971
39 40 91.530
40 49 43.833
40 43 40.784
40 41 57.564
40 45 39.943
40 42 46.659
48 40 14.792
44 40 10.057
46 40 22.917
40 47 82.999
41 45 83.195
44 41 35.269
46 41 11.895
41 43 57.191
49 41 28.374
46 42 64.906
42 48 44.510
45 43 48.434
43 46 49.898
47 43 41.578
44 43 29.189
49 43 76.685
44 48 59.958
45 44 31.939
44 46 55.688
45 49 25.024
47 46 59.923
47 49 91.691
47 48 64.236
48 49 55.814
