33
0 8 12
1 3 0.5
2 19 24
3 14 1.345
4 5 88
5 23 42.69
6 16 15
7 29 0.15
8 20 9
9 32 2.4
10 5 5.6
11 22 56.56
12 30 12
13 26 1.111
14 0 69.69
15 7 0.01
16 13 13.5
17 8 36
18 28 1.828
19 10 4.5
20 3 98.99
21 1 1.21
22 15 15.22
23 4 44.21
24 2 22.24
25 31 5
26 6 19.65
27 9 1.009
28 17 20.20
29 21 20.19
30 3 19.96
31 12 1.1
32 6 33
3 25 19.96
6 28 19.65
5 6 88
15 20 4
18 10 19.96
17 13 8.12
27 12 12.27
29 4 4.55
6 19 9
9 30 0.002
0 1 90
0 31 90
0 24 2
1 22 0.5