45
0 30 52.0
0 13 90.0
0 6 69.0
0 29 87.0
0 12 35.0
1 12 28.0
1 5 58.0
1 19 48.0
1 9 37.0
1 8 59.0
2 19 36.0
2 23 77.0
2 5 48.0
2 12 1.0
2 7 16.0
3 17 20.0
3 16 64.0
3 25 23.0
3 10 66.0
3 35 58.0
4 32 18.0
4 31 41.0
4 34 46.0
4 6 36.0
4 30 73.0
5 12 38.0
7 14 30.0
9 16 99.0
11 18 5.0
13 6 12.0
13 20 35.0
15 16 8.0
15 24 67.0
15 22 23.0
15 8 77.0
17 16 4.0
17 18 68.0
17 24 69.0
17 10 58.0
19 18 24.0
19 20 8.0
19 26 81.0
19 12 46.0
21 20 99.0
21 22 18.0
21 28 46.0
21 14 32.0
23 22 33.0
23 24 64.0
23 16 31.0
23 30 14.0
18 25 55.0
20 27 38.0
22 29 46.0
24 31 93.0
25 26 44.0
25 34 38.0
25 32 59.0
27 26 83.0
27 28 36.0
27 34 70.0
29 28 41.0
29 30 54.0
29 36 6.0
31 30 49.0
31 32 65.0
31 38 78.0
33 32 87.0
33 34 17.0
33 26 36.0
33 40 36.0
28 35 44.0
30 37 2.0
32 39 36.0
34 41 36.0
35 36 98.0
35 44 25.0
37 36 67.0
37 38 3.0
39 38 34.0
39 40 30.0
41 40 62.0
41 42 79.0
43 42 10.0
43 44 88.0