50
0 17 3
0 19 3
0 1 4
0 25 4
1 44 4
1 1 4
2 44 4
2 9 3
2 38 1
2 25 2
3 10 3
3 45 3
3 6 2
3 39 4
4 22 2
4 49 3
4 14 1
4 10 2
5 40 1
5 14 3
5 32 1
5 38 2
6 37 2
6 40 2
6 49 2
7 0 2
7 16 3
7 29 2
7 39 3
8 35 2
8 9 3
8 21 2
8 27 2
9 27 4
9 6 4
10 36 1
10 18 1
11 20 4
11 27 3
11 46 1
11 17 3
12 33 2
12 35 2
12 26 2
12 17 4
13 12 1
13 18 1
13 33 2
13 35 1
14 15 1
14 0 1
15 42 1
15 26 1
15 32 1
16 11 4
16 8 2
16 22 4
17 3 1
18 0 3
18 25 3
19 31 3
19 48 4
19 32 1
20 16 3
20 29 1
20 24 1
21 39 1
21 33 1
21 45 3
22 14 2
22 7 1
23 25 1
23 49 4
23 28 4
23 36 3
24 45 2
24 19 4
24 16 2
26 23 2
26 11 4
27 16 2
28 6 4
28 8 4
28 32 3
29 4 3
29 47 1
30 25 4
30 26 1
30 45 2
30 22 2
31 2 3
31 33 4
31 6 3
34 5 1
34 31 1
34 14 1
34 38 4
35 10 2
36 27 4
36 42 1
37 33 2
37 21 3
37 1 1
38 47 1
39 13 3
40 17 1
40 34 4
41 2 3
41 23 4
41 28 2
41 25 1
42 27 4
42 11 2
43 40 3
43 18 1
43 38 3
43 26 4
44 3 1
44 47 2
46 34 4
46 33 2
46 13 4
47 17 1
48 32 1
48 29 3
48 43 3
49 33 3
