48
0 1 6
0 3 8
3 2 7
1 2 5
2 24 5
24 25 7
27 24 5
27 26 5
26 25 5
1 4 7
4 8 9
25 28 12
28 32 17
8 5 16
8 7 15
7 6 18
6 5 14
7 29 19
29 32 13
32 31 14
29 30 16
30 31 20
20 21 6
21 22 7
22 23 8
20 23 9
22 44 5
44 45 9
45 46 6
46 47 10
47 44 9
43 47 5
40 43 6
19 23 18
16 19 16
6 9 17
9 13 14
30 33 5
33 37 8
35 38 17
38 42 13
11 14 6
14 18 9
10 11 6
11 12 7
12 13 8
10 13 10
12 34 7
34 35 5
34 37 5
37 36 4
35 36 7
17 39 10
15 16 15
16 17 22
17 18 13
15 18 12
39 40 12
40 41 15
41 42 16
42 39 11