50
0 1 8.097
1 2 1.967
2 3 5.932
3 4 5.054
4 5 2.234
5 6 8.297
6 7 5.450
7 8 2.546
8 9 6.396
9 10 8.060
10 11 1.769
11 12 1.702
12 13 4.123
13 14 8.171
14 15 6.984
15 16 8.414
16 17 4.316
17 18 1.918
18 19 4.245
19 20 7.178
20 21 4.293
21 22 5.860
22 23 6.639
23 24 3.768
24 25 8.251
25 26 5.610
26 27 7.096
27 28 9.479
28 29 1.677
29 30 5.166
30 31 9.363
31 32 7.297
32 33 2.451
33 34 8.347
34 35 5.658
35 36 2.631
36 37 5.085
37 38 5.987
38 39 2.441
39 40 1.435
40 41 5.407
41 42 6.132
42 43 4.209
43 44 2.148
44 45 4.764
45 46 6.530
46 47 2.024
47 48 1.527
48 49 2.434
49 0 6.380