50
0 6 53.279
0 17 54.938
0 35 46.038
0 37 52.031
1 7 46.604
1 11 49.251
1 28 46.464
1 38 50.490
2 10 52.310
2 16 50.360
2 24 51.859
2 40 48.613
3 32 52.278
4 7 51.411
4 13 49.334
4 17 53.591
5 12 43.610
5 14 49.643
5 24 46.644
5 28 49.118
5 33 43.895
6 15 53.143
6 21 47.451
6 22 48.881
6 34 50.045
6 41 48.920
6 45 48.414
7 17 52.531
7 22 49.284
7 46 50.209
8 21 48.249
8 24 44.929
8 28 47.424
8 43 55.222
8 46 50.389
8 47 51.704
9 24 55.918
9 27 54.302
9 36 50.367
10 26 49.191
10 29 50.355
10 35 50.054
10 38 48.835
10 39 51.507
10 47 52.671
11 25 48.921
11 35 44.828
12 16 50.110
12 26 51.704
13 18 45.156
13 24 54.610
13 28 54.567
14 20 51.760
14 21 48.287
14 23 49.675
14 25 47.398
14 37 47.607
14 39 54.209
15 25 52.741
15 37 51.072
15 42 48.689
15 49 47.884
16 22 48.644
16 48 50.365
17 26 47.730
17 40 52.338
17 47 50.452
18 35 46.357
18 40 46.711
19 22 47.517
19 29 46.087
19 30 48.021
19 37 52.934
19 40 53.602
19 49 45.363
20 35 42.634
20 44 51.774
21 35 52.417
23 32 51.706
23 42 48.804
23 45 49.390
24 31 53.850
24 35 52.225
24 43 48.522
24 44 51.446
25 27 47.007
25 30 51.990
25 44 50.247
26 28 60.097
26 45 46.652
26 48 49.166
27 28 49.617
27 41 55.821
27 43 48.059
27 45 47.999
29 38 51.721
30 44 51.528
30 45 48.299
31 45 52.217
32 46 48.405
33 37 49.911
33 44 47.560
35 40 49.753
35 41 44.963
36 38 49.771
37 45 46.945
38 41 53.392
39 47 51.552
42 45 46.828
43 49 47.890
44 47 45.337
47 49 51.039