50
0 1 15.55
0 30 74.406
0 46 90.102
0 26 62.523
0 49 40.075
0 48 40.55
0 34 87.917
1 2 72.003
1 12 73.937
1 46 92.434
1 39 3.686
1 23 38.334
1 13 35.45
1 8 59.887
1 41 48.064
1 9 44.788
1 37 0.94
1 44 17.929
2 3 69.968
2 13 77.116
2 29 66.851
2 45 31.693
2 17 33.981
2 47 88.437
2 4 95.164
2 39 4.137
2 24 61.252
2 33 8.798
2 23 68.598
2 5 96.875
2 27 61.865
2 11 48.643
2 6 3.678
2 19 55.957
2 18 35.796
2 46 6.109
2 26 71.696
2 43 13.218
2 35 12.781
3 4 76.122
3 32 22.954
3 36 37.914
3 41 52.479
3 7 24.632
3 20 58.82
3 43 89.108
3 31 97.948
3 45 12.415
3 22 81.303
3 6 72.663
3 40 79.289
3 42 7.697
3 47 24.311
3 25 32.861
3 15 37.107
3 13 96.168
3 35 86.726
4 5 86.609
4 9 57.454
4 16 46.973
4 35 16.826
4 21 29.118
4 41 61.685
4 14 33.302
4 45 43.264
4 26 54.739
4 7 44.707
4 18 78.602
5 6 2.061
5 24 54.863
5 39 24.664
5 37 1.579
5 13 91.306
5 28 41.527
5 22 60.513
5 1 66.19
5 12 88.084
5 3 21.704
6 7 45.023
6 9 97.457
6 30 8.821
6 14 13.452
6 46 64.105
6 29 83.614
6 11 91.933
6 48 22.273
6 17 20.151
6 49 26.87
6 41 16.935
6 21 24.804
6 31 15.6
6 28 7.886
6 10 18.305
6 13 76.281
6 4 61.678
6 39 74.293
6 19 99.499
6 45 57.396
6 20 76.366
6 43 37.905
6 24 34.543
6 44 37.608
6 33 88.561
6 8 13.12
6 42 19.078
6 36 84.692
6 23 34.854
6 18 94.211
7 8 11.579
7 12 63.137
7 37 88.226
7 44 53.607
7 43 66.441
7 10 7.901
7 30 21.874
7 20 82.179
7 48 81.003
7 18 80.256
7 23 78.291
7 27 92.504
7 33 46.623
7 1 53.944
7 46 69.351
7 14 42.785
7 11 30.272
7 5 10.687
7 49 3.178
7 45 61.981
7 21 32.143
7 42 92.158
7 22 37.453
7 13 13.275
7 9 4.48
7 41 99.569
7 34 42.869
7 17 14.801
7 39 44.211
7 24 62.475
8 9 66.001
8 29 0.685
8 16 16.278
8 49 7.805
8 42 66.384
8 2 69.461
8 32 86.34
8 0 89.307
8 45 33.375
8 44 14.843
8 46 50.998
8 18 17.758
8 15 78.392
8 4 73.514
9 10 94.889
9 25 74.472
9 14 99.337
9 19 88.055
9 5 17.293
9 23 74.767
9 47 15.201
9 29 76.285
9 13 50.095
9 41 78.081
9 26 97.684
9 35 87.294
9 27 40.906
9 44 91.309
9 24 64.292
9 30 5.306
9 38 12.314
9 36 56.114
9 49 24.744
9 22 21.328
9 42 33.535
9 40 10.035
9 39 75.917
9 15 34.056
9 16 37.047
9 48 89.768
10 11 61.52
10 25 80.593
10 12 64.839
10 36 25.963
10 8 59.997
10 48 51.851
10 18 79.09
10 41 28.627
10 24 32.527
10 0 38.126
10 14 26.197
10 45 6.476
10 44 44.315
10 15 51.867
10 32 92.558
10 38 58.92
11 12 97.042
11 31 82.664
11 30 76.824
11 21 32.737
11 22 13.756
11 16 13.243
11 43 8.811
12 13 86.679
12 44 31.594
12 18 13.825
12 14 93.856
12 22 4.101
12 46 4.935
12 6 88.946
12 27 14.683
12 30 14.108
12 17 42.817
12 8 96.876
12 31 16.123
12 35 56.865
12 41 22.772
12 42 49.027
12 21 62.581
12 45 11.489
12 0 62.585
12 48 2.439
12 3 99.089
12 38 11.482
12 20 12.68
12 33 10.357
12 9 53.36
12 23 4.105
12 47 47.485
12 15 71.477
12 25 5.862
12 36 89.086
12 32 45.058
12 26 18.386
13 14 10.085
13 15 23.118
13 31 85.083
13 33 26.682
13 28 2.469
13 25 46.363
13 29 34.52
13 46 67.442
13 17 99.542
13 36 61.972
13 30 20.328
13 49 64.942
13 16 25.83
13 26 16.387
13 18 14.895
13 19 73.512
14 15 39.052
14 49 74.951
15 16 64.487
15 30 42.17
15 37 40.808
15 5 18.261
15 20 96.077
15 26 24.739
15 46 46.028
15 32 88.831
15 36 22.584
15 6 28.21
15 25 73.823
16 17 87.624
16 47 22.071
16 42 99.564
16 2 93.641
17 18 91.136
17 4 62.36
17 14 43.252
17 8 46.348
17 23 67.094
17 31 41.367
17 26 35.228
17 0 86.619
17 35 88.296
17 21 6.963
17 39 48.779
17 46 37.115
17 33 81.775
17 34 29.28
17 47 15.436
17 29 22.398
17 36 96.18
17 25 12.207
17 15 17.362
17 32 37.253
17 38 8.197
17 24 37.561
18 19 80.078
18 14 82.512
18 15 76.75
18 5 97.997
18 11 26.892
18 34 63.385
18 38 53.733
18 26 49.175
18 22 31.407
18 41 51.809
18 42 84.37
18 33 85.149
18 9 16.58
18 47 48.214
18 28 85.746
18 37 74.536
18 48 3.335
18 49 7.028
19 20 76.351
19 41 27.747
19 8 81.533
19 35 81.118
19 23 23.478
19 44 55.638
19 48 3.519
19 49 63.001
19 0 44.341
19 28 10.387
19 16 59.232
19 36 82.672
19 17 46.798
19 24 85.579
19 33 89.442
19 11 1.814
19 34 39.915
20 21 48.964
20 36 70.519
20 31 17.812
21 22 41.448
21 14 61.711
21 28 15.855
21 13 53.618
21 19 1.305
21 39 32.499
21 45 44.236
21 9 81.358
21 40 10.591
21 27 37.878
21 48 35.674
21 44 86.609
21 37 23.929
21 47 74.731
21 10 54.504
21 30 19.014
21 32 86.658
21 25 56.269
21 29 29.953
21 24 73.15
21 34 36.031
21 42 59.472
21 2 58.299
21 15 77.59
21 33 74.552
21 41 10.64
21 35 20.544
22 23 38.874
22 49 89.32
22 31 65.035
22 26 54.412
22 2 60.972
22 30 22.674
22 41 53.019
22 40 0.515
22 10 67.481
22 0 87.43
22 36 73.472
23 24 53.71
23 43 86.646
23 4 1.025
23 8 5.269
23 41 34.56
23 15 71.653
23 37 42.891
23 35 50.788
23 10 65.945
23 14 83.97
23 16 53.05
23 34 56.415
24 25 10.545
24 29 25.998
24 36 59.983
24 45 91.623
24 42 43.76
24 43 61.308
24 34 51.028
24 49 59.589
24 40 5.639
24 22 87.276
24 35 91.733
24 27 68.363
24 13 3.376
24 3 79.881
24 30 21.869
24 14 95.262
24 18 2.485
24 15 46.384
24 46 77.419
25 26 43.706
25 33 3.477
25 39 73.573
25 37 62.436
25 42 13.217
25 0 31.517
25 49 32.518
25 30 56.895
25 46 25.431
25 20 22.471
25 32 90.992
25 43 76.262
25 35 22.501
25 47 92.446
26 27 21.688
26 5 6.059
26 28 15.743
26 45 56.802
26 46 28.514
26 41 22.389
26 14 77.321
26 21 51.889
26 42 12.207
26 39 25.113
26 37 80.721
26 20 91.329
26 10 10.664
26 48 46.411
26 49 76.337
26 1 93.826
26 47 87.418
26 38 39.441
26 8 18.12
26 34 43.292
26 29 84.766
26 36 5.339
27 28 99.295
27 34 3.077
27 18 84.062
27 38 15.46
27 45 45.144
27 0 52.99
27 33 39.163
27 49 25.08
27 43 35.513
27 15 21.184
27 44 52.85
27 19 32.601
27 48 42.395
27 46 41.146
27 29 66.427
27 41 48.263
27 25 2.896
27 36 85.538
27 32 54.196
27 10 82.219
27 42 99.565
27 37 37.843
27 47 35.773
27 30 54.132
27 16 34.36
27 3 47.656
27 39 11.473
27 1 7.580
27 11 94.714
27 14 99.901
27 6 1.381
28 29 40.97
28 41 71.78
28 17 95.362
28 14 3.513
28 39 79.033
28 49 20.237
28 40 7.8
28 12 56.788
28 20 24.116
28 23 65.054
28 9 40.012
28 7 43.461
28 1 24.412
28 42 0.446
28 24 12.01
28 25 14.794
28 10 53.946
28 38 28.99
28 16 7.825
28 43 47.037
29 30 99.319
29 19 6.537
29 42 49.143
29 41 1.042
29 7 23.24
29 31 29.892
29 36 81.926
29 39 99.088
29 43 46.606
29 34 6.34
29 4 1.634
29 20 93.421
29 16 44.376
29 11 97.829
29 12 76.096
29 1 26.758
29 37 55.062
29 49 79.425
30 31 86.664
30 47 75.68
30 42 26.348
31 32 98.421
31 37 37.647
31 47 45.252
31 42 70.179
31 4 5.124
31 14 84.569
31 18 67.499
31 48 10.163
31 10 47.769
31 46 28.126
31 19 9.108
31 26 6.752
31 24 58.321
31 7 34.018
31 45 3.01
31 9 5.515
31 43 41.391
31 34 66.372
31 2 95.702
32 33 12.528
32 0 11.449
32 46 51.225
32 23 70.185
32 45 1.96
32 11 73.506
32 2 23.666
32 29 88.154
32 34 59.398
32 42 22.908
32 35 94.582
32 49 0.873
32 39 16.613
32 37 59.884
32 38 66.428
32 6 67.55
32 5 49.218
32 47 46.642
32 18 44.962
32 1 22.448
32 9 86.801
32 41 28.866
32 7 87.667
33 34 25.725
33 0 99.431
33 45 73.929
33 28 32.528
33 15 61.718
33 38 54.518
33 37 38.031
33 20 76.746
33 9 31.987
33 46 30.937
33 39 91.477
33 22 85.854
33 3 30.426
33 5 84.516
33 4 56.432
33 26 1.399
33 47 86.277
34 35 95.119
34 20 1.131
34 41 65.112
34 13 87.831
34 9 69.384
34 1 26.906
34 10 91.045
34 48 41.5
34 2 31.245
34 22 80.708
34 3 64.247
34 36 97.736
34 14 70.063
35 36 49.102
35 20 18.52
35 43 26.438
35 11 97.229
35 37 75.931
35 31 14.659
35 6 59.43
35 38 62.724
35 16 20.251
36 37 18.367
36 21 21.553
36 41 8.369
36 11 56.196
36 33 75.053
36 49 73.039
36 5 88.63
37 38 34.28
37 11 54.95
37 44 56.454
37 9 10.56
37 10 94.797
37 4 34.892
38 39 99.986
38 36 64.314
38 21 16.229
38 4 16.228
38 11 77.723
38 42 39.444
38 24 18.206
38 23 22.963
39 40 11.617
39 3 87.941
39 34 19.957
39 35 52.197
39 49 66.531
39 36 63.509
39 20 5.489
39 18 80.35
39 41 18.561
39 45 88.497
39 43 37.995
39 31 23.719
39 48 22.395
39 0 73.305
39 10 43.481
39 12 29.373
39 44 55.075
39 14 43.201
39 46 78.737
39 22 48.982
39 8 44.624
40 41 65.24
40 1 59.58
40 13 37.584
40 11 57.515
40 42 56.224
40 17 96.535
40 15 76.077
41 42 36.664
41 35 57.06
41 47 39.997
41 25 76.325
41 0 34.256
41 2 70.743
41 20 94.537
41 11 16.877
41 48 78.668
41 13 19.0
41 38 55.876
41 30 63.617
41 17 20.034
41 44 94.267
42 43 28.713
42 0 65.417
42 39 79.087
42 49 20.998
42 48 31.098
42 47 87.473
42 33 22.517
42 36 79.222
42 15 86.712
42 20 33.2
42 4 63.433
42 19 74.455
42 11 32.268
42 1 93.316
42 17 98.255
42 44 44.355
42 13 49.305
42 10 40.573
42 37 43.301
42 35 7.554
43 44 35.866
43 46 35.86
43 38 72.148
43 10 67.114
43 41 42.933
43 45 23.598
43 9 24.873
43 37 2.076
43 18 98.452
43 36 82.316
43 15 11.79
43 17 5.004
44 45 90.518
44 28 84.992
44 3 93.52
44 23 61.417
44 26 92.986
44 24 16.456
44 29 96.784
44 13 50.196
44 2 71.477
44 38 73.935
44 5 8.47
44 49 7.819
44 20 50.952
44 32 47.062
44 15 76.726
44 11 28.177
45 46 79.794
45 1 86.95
46 47 48.22
46 40 44.916
46 9 58.335
46 10 19.242
46 20 8.606
46 16 38.612
46 41 8.166
46 44 62.634
46 34 45.63
46 11 44.698
46 22 18.217
46 42 49.029
46 23 37.907
46 28 13.676
46 29 81.335
46 49 63.462
46 18 71.803
46 4 96.561
46 48 93.11
46 38 45.76
46 19 91.355
47 48 29.88
47 40 22.413
47 11 18.932
47 43 22.157
47 22 39.928
47 23 86.022
47 7 14.526
47 28 90.415
47 35 9.801
47 24 90.499
47 1 25.803
47 8 59.565
48 49 89.336
48 43 58.008
48 2 52.661
48 4 36.585
48 16 46.045
48 33 81.895
48 11 21.508
48 17 47.281
48 8 95.057
48 22 30.204
48 1 68.073
48 40 35.553
48 14 59.581
48 23 95.733
48 36 4.92
48 28 29.544
48 24 3.288
48 44 62.356