50
0 33 28.268
0 34 39.283
0 36 42.515
0 7 48.259
0 47 65.502
0 46 62.895
0 14 56.624
0 15 72.115
0 18 29.239
0 21 88.969
0 22 36.568
0 27 74.011
0 29 65.946
0 31 36.217
1 34 87.234
1 36 17.198
1 22 92.748
1 44 46.116
1 30 80.756
1 31 49.444
2 48 4.095
2 33 92.817
2 28 49.889
2 13 90.358
2 39 95.744
3 34 17.136
3 46 62.517
3 5 40.128
3 30 14.543
3 45 29.539
4 17 44.504
4 18 25.752
4 42 33.625
4 30 40.625
4 45 3.273
5 35 99.71
5 34 16.459
5 36 4.039
5 8 69.459
5 43 30.422
5 18 2.477
5 13 46.256
6 48 21.684
6 17 43.208
6 49 16.043
6 23 40.232
6 25 32.427
6 11 74.421
6 45 79.108
6 46 18.596
7 36 64.402
7 10 59.303
7 47 69.699
7 45 41.762
7 31 80.376
8 40 91.372
8 36 96.015
8 29 6.647
9 19 64.982
9 17 27.734
9 11 52.688
9 27 60.216
10 31 22.189
10 33 49.404
10 19 23.188
10 43 49.881
11 19 34.078
11 24 15.737
11 43 64.478
11 46 9.381
11 47 4.592
12 32 18.646
12 49 40.704
12 27 3.73
12 38 3.2
13 48 62.707
13 28 96.609
13 34 42.615
13 15 24.866
14 32 18.471
14 35 18.992
14 20 7.121
14 38 40.925
14 33 22.781
14 42 92.921
14 47 67.753
14 15 92.394
15 32 51.557
15 49 28.283
15 48 34.667
15 44 47.976
15 28 0.377
15 45 93.555
16 17 36.804
16 46 30.52
16 22 1.558
17 35 99.011
17 37 28.25
17 23 85.96
17 28 86.718
17 30 63.216
18 20 77.973
18 39 1.39
18 47 34.144
18 36 70.361
18 21 21.447
19 34 47.714
19 38 27.974
19 47 98.363
19 28 10.999
19 45 21.83
19 30 31.613
19 44 12.195
20 33 1.458
20 21 82.628
20 47 28.051
20 37 83.783
20 34 46.711
20 31 86.637
21 25 67.152
21 34 46.409
21 31 70.034
22 35 62.941
22 40 75.867
22 26 12.043
22 43 76.249
22 44 37.247
22 45 27.696
22 46 85.222
22 31 87.723
23 47 91.93
24 36 67.258
24 37 48.774
24 38 21.337
24 27 46.292
24 30 91.149
24 47 24.139
25 32 94.978
25 42 61.58
26 34 72.989
26 30 50.149
26 31 30.315
27 38 7.422
27 43 11.049
28 40 46.287
28 42 39.711
28 30 88.136
29 35 72.958
29 44 87.041
29 32 78.255
30 32 72.782
30 34 19.301
30 38 38.763
30 31 19.059
31 35 78.356
31 41 50.446
32 37 92.429
32 35 16.423
33 48 81.256
33 35 88.607
33 34 89.092
33 47 77.175
34 47 64.844
34 37 87.601
35 42 44.909
36 40 63.519
36 48 58.149
37 43 21.994
38 48 70.038
39 48 8.428
40 42 28.214
41 48 92.553
42 47 36.637
44 48 88.982
46 48 46.001
