45
0 11 18.73
0 40 2.25
0 41 24.11
0 37 4.16
0 0 11.03
0 34 18.8
0 43 2.3
0 2 14.34
0 4 17.01
0 13 2.47
0 42 8.88
0 17 16.12
0 6 7.98
0 24 22.44
0 3 24.33
0 19 22.56
0 9 8.32
0 14 17.93
0 20 18.52
0 23 3.83
0 26 24.22
0 30 13.25
0 31 1.48
0 32 13.75
0 36 12.86
0 44 4.08
44 6 3.94
44 7 14.23
44 8 24.8
44 9 15.45
44 11 8.92
44 13 3.99
44 15 7.69
44 18 5.47
44 19 13.48
44 20 20.22
44 23 22.95
44 24 14.44
44 25 14.96
44 26 9.66
44 33 13.71
44 34 10.32
44 35 23.54
44 21 21.08
44 5 11.7
44 29 19.46
44 44 11.41
44 3 23.05
44 28 1.64
44 10 4.62
44 22 9.04
44 43 20.45
44 12 17.8
44 42 24.39
11 2 13.51
11 3 4.65
11 6 5.38
11 7 0.66
11 9 8.23
11 5 17.82
11 8 18.47
11 26 14.7
11 15 23.81
11 16 3.6
11 23 6.38
11 10 12.94
11 37 9.86
11 28 10.4
11 17 23.8
11 24 7.76
11 39 7.98
11 18 7.59
11 19 15.21
11 30 23.65
11 32 24.1
11 33 8.92
11 34 12.92
11 36 10.97
11 38 17.95
11 42 11.94
11 43 22.4
40 1 11.08
40 2 2.28
40 3 4.67
40 4 4.58
40 7 12.92
40 9 16.61
40 10 5.27
40 16 8.42
40 18 6.32
40 28 14.43
40 29 16.81
40 30 4.27
40 34 21.78
40 35 21.54
40 37 19.26
40 38 7.94
40 39 2.54
40 25 19.31
40 13 20.9
40 14 20.49
40 20 13.42
40 40 10.86
40 42 1.82
40 19 24.43
40 21 11.98
40 41 8.89
40 36 4.64
41 2 14.59
41 3 9.08
41 4 16.89
41 5 16.22
41 8 9.03
41 9 19.27
41 10 19.02
41 16 14.31
41 19 3.91
41 20 0.17
41 21 4.84
41 22 17.62
41 28 13.1
41 33 6.23
41 37 11.72
41 38 21.07
41 6 23.09
41 43 13.96
41 13 6.79
41 27 9.07
41 17 9.5
41 36 16.77
41 26 2.83
41 42 13.02
41 1 22.54
37 1 7.33
37 5 4.43
37 10 13.84
37 12 3.9
37 14 2.92
37 15 2.66
37 17 22.32
37 24 8.88
37 25 12.5
37 26 16.77
37 31 21.91
37 34 12.26
37 6 23.13
37 32 8.71
37 27 11.75
37 35 16.72
37 21 24.67
37 13 4.89
37 8 19.15
37 37 18.23
37 19 20.12
37 39 15.59
34 1 19.37
34 9 7.58
34 13 23.27
34 15 9.17
34 16 21.42
34 17 10.89
34 20 18.49
34 21 5.99
34 23 3.52
34 25 11.04
34 27 11.97
34 31 4.33
34 33 0.19
34 29 14.68
34 14 2.55
34 12 1.36
34 32 1.18
34 36 7.91
34 28 18.28
34 43 6.76
34 34 19.09
34 26 8.52
34 5 13.64
34 7 0.11
34 35 5.34
34 39 24.08
34 42 13.06
43 2 0.53
43 9 7.11
43 12 19.7
43 13 5.83
43 14 12.56
43 15 7.94
43 18 9.96
43 19 19.83
43 20 2.04
43 21 3.9
43 26 7.44
43 29 2.76
43 30 8.06
43 33 1.52
43 36 9.78
43 3 23.62
43 1 2.5
43 28 16.3
43 17 17.26
43 25 19.42
43 5 15.12
43 38 16.11
2 1 17.24
2 29 14.62
2 4 9.76
2 2 8.37
2 13 14.13
2 15 10.5
2 30 12.72
2 18 6.76
2 36 10.73
2 42 10.0
2 17 12.59
2 9 10.34
2 35 17.61
2 10 0.52
2 39 6.6
2 6 21.96
2 7 9.18
2 8 18.99
2 12 4.79
2 14 21.8
2 16 15.38
2 24 16.38
2 27 13.04
2 32 9.31
4 3 22.01
4 38 0.94
4 10 3.66
4 33 24.02
4 5 10.86
4 26 19.09
4 28 16.95
4 31 7.89
4 8 3.82
4 6 13.19
4 21 12.82
4 23 11.37
4 36 9.73
4 12 22.74
4 27 8.72
4 13 16.53
4 18 13.75
4 22 10.74
4 24 19.05
4 32 15.74
13 7 6.41
13 8 8.04
13 27 0.3
13 13 11.67
13 6 23.21
13 20 13.12
13 29 24.92
13 24 6.79
13 9 3.73
13 12 14.81
13 39 14.56
13 23 14.66
13 35 4.8
13 1 13.29
13 19 17.37
13 14 0.48
13 15 10.13
13 16 16.86
13 17 16.01
13 22 4.3
13 26 18.95
13 30 8.17
13 31 18.64
13 32 3.89
13 33 5.88
13 36 4.23
13 38 7.61
42 3 23.78
42 5 1.08
42 8 14.28
42 22 18.41
42 24 20.16
42 27 2.39
42 29 6.26
42 30 23.19
42 31 3.57
42 33 24.85
42 35 0.94
42 39 4.35
42 32 14.37
42 7 21.23
42 36 8.74
42 18 15.47
42 10 5.37
42 6 20.53
42 17 24.37
42 42 8.23
42 38 9.2
17 5 7.14
17 12 17.47
17 16 4.53
17 28 23.98
17 36 12.18
17 23 19.84
17 1 20.08
17 17 18.15
17 30 7.71
17 29 24.52
17 31 8.72
17 26 21.94
17 9 18.56
17 19 16.04
17 6 3.75
17 21 4.04
17 8 8.09
17 25 23.69
17 32 19.95
17 38 3.0
6 1 23.81
6 3 4.66
6 22 18.76
6 19 21.97
6 9 17.04
6 25 23.61
6 24 21.74
6 32 9.72
6 27 1.24
6 30 12.0
6 15 19.67
6 26 13.46
6 28 8.05
6 6 3.54
6 38 20.6
6 8 0.67
6 10 12.35
6 12 3.35
6 16 23.09
6 20 7.54
6 21 4.45
6 31 16.06
6 35 1.77
24 3 9.44
24 7 23.69
24 8 16.31
24 18 24.71
24 36 19.15
24 32 6.66
24 28 8.53
24 21 5.07
24 35 13.76
24 14 8.02
24 1 22.43
24 38 13.33
24 19 13.46
24 25 8.57
24 26 3.1
24 27 20.98
24 33 2.69
3 21 19.43
3 12 22.18
3 28 23.86
3 14 3.94
3 22 12.49
3 33 11.74
3 25 10.49
3 10 24.76
3 36 24.78
3 8 10.43
3 15 10.34
3 16 18.23
3 27 10.69
3 30 14.86
3 31 5.19
19 5 11.85
19 9 23.41
19 10 6.63
19 14 19.21
19 15 21.77
19 18 14.04
19 32 15.54
19 36 22.54
19 28 9.05
19 21 20.78
19 20 3.28
19 29 12.54
19 39 17.48
19 31 17.2
19 30 15.78
19 25 7.92
19 33 9.74
19 23 4.13
19 22 12.82
19 27 16.26
19 35 21.1
1 32 4.77
1 18 16.29
1 21 18.13
1 1 3.96
1 33 4.32
1 22 22.84
1 16 22.08
1 27 2.56
1 23 3.68
1 5 19.33
1 30 4.33
1 28 18.51
1 8 7.84
1 15 3.26
1 35 0.84
1 39 9.97
32 5 1.66
32 8 24.75
32 10 19.46
32 12 3.71
32 14 16.0
32 21 12.73
32 22 21.37
32 26 1.28
32 27 6.94
32 28 12.28
32 29 23.45
32 30 20.18
32 18 3.71
32 38 24.87
32 23 10.24
32 16 0.45
32 32 0.55
32 33 16.96
32 35 7.65
32 39 13.48
18 5 23.11
18 10 23.41
18 12 20.81
18 14 7.47
18 16 24.72
18 28 0.68
18 25 16.7
18 33 7.81
18 38 1.28
18 8 3.72
18 39 1.3
18 15 19.82
18 7 19.79
18 9 20.32
18 27 8.63
18 20 19.7
18 31 23.82
18 21 6.85
18 23 2.84
18 26 7.29
18 29 13.23
18 30 12.41
21 7 2.65
21 9 4.17
21 10 19.54
21 12 4.03
21 14 5.92
21 5 12.9
21 29 16.95
21 28 9.18
21 23 20.99
21 30 5.74
21 38 0.48
21 15 15.34
21 21 5.43
21 36 7.17
21 26 0.38
33 12 3.12
33 22 8.52
33 23 16.84
33 25 20.32
33 26 8.63
33 30 11.74
33 31 8.52
33 28 17.23
33 16 20.54
33 27 9.39
33 20 13.62
33 39 24.49
22 7 1.34
22 8 9.04
22 9 11.15
22 10 11.68
22 12 22.88
22 14 15.29
22 15 1.86
22 26 17.99
22 39 24.45
22 30 12.53
22 36 14.1
22 5 21.69
22 35 22.7
22 16 12.32
22 25 20.94
22 23 9.52
16 5 16.61
16 7 23.47
16 8 4.14
16 10 20.63
16 15 18.95
16 23 2.89
16 39 18.61
16 20 8.76
16 12 11.89
16 25 7.29
16 30 6.86
16 28 24.95
16 31 22.91
16 36 2.94
27 5 4.11
27 8 20.62
27 20 10.99
27 26 4.42
27 27 14.04
27 9 6.02
27 7 18.46
27 23 10.47
27 29 14.63
27 31 24.32
27 38 9.93
27 39 18.74
23 8 1.3
23 9 16.24
23 10 21.15
23 12 19.39
23 14 15.84
23 25 4.03
23 38 11.47
23 36 2.57
23 7 10.17
23 28 20.74
23 26 18.46
23 30 6.83
23 31 20.8
5 35 18.56
5 31 16.47
5 30 11.17
5 20 22.62
5 5 2.07
5 29 4.02
5 26 14.73
5 38 1.36
5 25 4.51
5 14 2.71
5 15 17.87
5 28 14.51
30 10 9.89
30 14 24.19
30 20 12.05
30 29 2.34
30 38 22.09
30 35 16.08
30 15 1.33
30 31 16.6
30 39 22.37
28 8 14.91
28 10 5.56
28 12 1.72
28 15 5.01
28 25 23.08
28 9 14.46
28 7 11.45
28 20 7.38
28 31 8.11
29 8 24.1
29 20 7.28
29 26 21.2
29 10 21.52
29 14 21.2
29 29 24.31
29 36 14.43
29 12 20.1
29 7 9.22
29 25 7.87
29 15 10.74
29 38 20.58
29 39 8.48
15 9 6.75
15 31 4.96
15 12 11.58
15 39 18.59
15 15 0.07
15 8 2.81
15 25 11.99
15 35 13.33
15 36 9.69
36 12 23.28
36 14 14.9
36 25 14.21
36 26 24.68
36 31 21.45
36 7 23.58
36 38 16.6
36 36 23.37
36 8 15.94
9 8 11.56
9 20 9.01
9 7 14.25
9 10 12.59
9 25 12.0
9 38 21.54
9 12 18.63
9 35 0.47
9 39 19.62
35 12 16.24
35 14 11.09
35 20 1.58
35 25 15.05
35 31 23.82
35 8 16.44
35 7 22.87
35 26 16.82
10 7 17.43
10 39 20.15
10 38 20.12
10 8 6.22
10 12 23.88
10 14 3.26
39 20 17.28
39 38 2.18
39 8 6.5
39 39 15.42
39 14 4.92
12 7 2.99
12 8 18.93
12 31 6.32
12 25 9.97
12 14 2.01
12 20 13.09
12 38 12.32
14 7 22.99
14 20 6.27
14 38 5.01
25 20 1.04
25 8 22.86
25 38 0.1
25 26 2.86
8 7 17.61
8 8 0.32
8 38 19.36
38 7 12.59
38 26 17.34
38 31 3.79
26 7 0.23
26 20 5.59
26 26 24.46
26 31 8.58
31 7 18.54
31 20 0.15
20 7 8.47