45
0 1 2
0 6 2
0 14 2
1 2 9
1 4 10
1 5 5
1 6 3
2 3 13
2 7 11
2 8 14
3 9 12
4 6 12
4 7 9
4 8 10
8 9 12
8 10 12
9 19 12
10 11 9
11 12 12
11 13 1
12 15 21
13 27 2
15 19 20
15 20 7
16 20 7
16 21 4
17 18 11
18 21 3
18 44 12
20 21 7
20 23 7
20 24 7
21 22 5
21 24 9
22 25 13
23 28 19
24 29 6
25 26 13
26 29 8
26 42 10
27 28 17
27 42 5
28 29 9
30 31 11
31 32 16
32 33 10
32 35 17
33 34 10
34 36 10
34 39 10
35 36 10
36 37 15
36 38 10
37 38 20
37 43 10
38 39 20
39 40 8
40 41 10
41 42 10
41 43 19
42 44 13
43 44 10