38
0 16 17
0 4 20
0 5 32
0 1 53
0 2 20
0 3 4
0 6 63
0 7 57
0 8 26
0 9 26
0 10 18
0 11 25
0 12 1
0 13 50
0 14 71
0 15 13
0 17 6
0 18 59
0 19 54
0 20 91
0 21 37
0 22 82
0 23 99
0 24 85
0 25 40
0 26 5
0 27 78
0 28 89
0 29 11
0 30 70
0 31 43
0 32 92
0 33 55
0 34 99
0 35 62
0 36 37
0 37 92
1 27 3
1 6 67
1 33 28
2 5 15
3 29 56
7 18 14
7 11 64
7 36 5
8 22 24
9 18 44
9 23 52
10 17 75
12 18 76
12 35 56
13 28 41
13 26 49
13 29 84
14 27 70
15 21 70
16 30 38
17 22 92
17 28 49
18 31 13
19 23 37
20 30 20
20 25 29
21 33 58
22 30 39
22 24 95
26 32 88
30 33 6
30 34 16
31 36 64
36 37 10