50
0 5 69.038
0 6 49.167
0 7 35.656
0 8 73.152
0 9 73.4
0 10 49.078
0 11 85.498
0 13 87.63
0 15 33.634
0 17 48.678
0 18 65.14
0 22 34.465
0 25 45.539
0 26 78.453
0 33 65.176
0 35 42.366
0 36 56.619
0 37 76.383
0 39 71.296
0 41 6.573
0 42 54.975
0 43 71.06
0 45 78.586
0 47 63.395
0 48 2.403
1 5 7.28
1 7 8.267
1 9 33.52
1 12 95.519
1 15 90.317
1 18 5.459
1 19 72.759
1 27 64.273
1 32 63.747
1 34 24.44
1 36 25.349
1 37 49.681
1 38 85.301
1 43 99.607
1 45 63.535
1 46 92.853
2 5 83.117
2 6 36.706
2 7 11.878
2 9 81.262
2 11 52.119
2 16 38.196
2 17 41.625
2 20 5.945
2 23 52.005
2 26 68.53
2 27 28.117
2 28 55.188
2 46 36.981
3 5 85.614
3 6 99.65
3 21 81.271
3 24 16.538
4 5 76.817
4 6 0.394
4 8 33.567
4 9 75.05
4 10 41.043
4 13 22.297
4 15 90.651
4 19 46.784
4 23 15.355
4 39 38.683
5 6 45.857
5 7 86.399
5 8 20.538
5 10 66.947
5 11 65.378
5 13 95.976
5 15 14.185
5 16 87.018
5 17 50.531
5 20 93.636
5 21 37.169
5 25 23.268
5 28 90.857
5 34 76.646
5 44 50.909
6 7 39.852
6 8 12.485
6 17 99.904
6 20 41.909
6 30 2.895
6 35 22.582
6 38 88.973
6 49 88.876
7 8 95.452
7 9 68.644
7 10 87.938
7 11 1.367
7 12 82.152
7 13 16.515
7 14 79.407
7 18 16.324
7 21 32.888
7 22 7.715
7 24 80.665
7 25 9.149
7 26 18.094
7 29 40.206
7 30 95.901
7 31 11.002
7 33 40.843
7 36 97.842
7 38 48.27
7 39 84.013
7 42 15.913
7 43 23.718
7 44 45.947
7 46 27.819
8 10 19.409
8 11 59.065
8 12 94.408
8 13 12.99
8 14 31.133
8 16 56.199
8 20 86.026
8 26 5.636
8 35 89.583
8 37 54.73
8 42 33.722
8 45 24.881
9 12 86.648
9 16 76.15
9 18 0.686
9 20 82.925
9 29 51.79
9 31 34.195
9 32 33.939
9 37 27.891
9 41 7.777
9 42 87.616
9 44 24.797
9 48 11.851
10 12 46.997
10 23 47.32
10 24 58.278
10 25 13.512
10 28 79.994
10 33 99.616
10 35 8.122
10 36 56.978
10 38 24.023
10 48 73.728
11 14 67.244
11 15 36.656
11 19 29.441
11 31 76.635
11 36 25.044
11 39 51.52
12 14 35.741
12 18 51.586
12 25 20.41
12 32 45.744
12 41 5.665
13 14 20.579
13 17 40.267
13 23 63.988
13 37 52.601
13 45 49.565
14 16 12.738
14 19 45.484
14 22 41.687
14 23 61.262
14 24 21.555
14 27 35.453
14 47 11.52
14 49 81.561
15 43 68.766
16 19 82.989
16 28 4.527
16 29 91.663
16 34 76.717
16 43 24.617
16 44 29.918
16 47 29.709
17 21 0.921
18 21 25.311
18 22 56.864
18 31 97.72
18 33 25.282
20 22 28.875
20 28 57.343
20 29 3.205
20 30 79.117
20 31 95.243
20 32 28.553
20 49 99.223
21 26 43.586
21 34 19.434
21 44 65.189
22 24 90.819
22 30 9.259
22 40 20.304
23 38 15.632
23 39 5.502
23 40 60.923
23 41 58.08
24 27 33.801
24 30 44.767
24 33 48.786
24 46 81.728
26 27 1.164
26 35 97.416
26 40 22.396
27 42 41.954
28 29 71.313
28 46 44.781
30 32 70.618
30 34 78.626
32 47 85.323
34 41 96.825
35 40 93.908
36 40 95.619
36 49 3.996
39 47 24.527
41 48 65.386
44 45 90.546
44 49 66.326
45 48 52.789