50
2 1 37.694
5 0 15.622
6 4 88.961
7 1 98.861
7 6 38.435
8 6 97.326
9 8 28.463
10 0 81.380
10 5 15.986
10 6 88.838
11 7 22.169
12 5 83.470
12 10 82.185
13 6 79.569
13 9 43.818
13 10 39.930
14 1 4.121
14 6 53.108
14 12 43.017
15 8 61.976
15 9 70.568
16 12 41.548
17 12 76.634
18 1 77.282
18 6 76.482
18 16 45.840
19 8 34.662
19 16 26.379
20 12 46.757
20 16 38.001
21 4 81.966
21 6 53.525
21 7 13.672
21 8 14.272
21 13 43.129
21 16 60.894
21 17 41.443
22 7 6.515
22 19 47.798
22 21 19.282
23 2 81.159
23 15 15.702
23 18 53.268
23 20 90.513
23 22 78.238
24 0 56.232
24 5 23.018
24 6 12.672
24 17 39.907
24 20 79.023
25 5 48.802
25 6 48.121
25 7 75.112
25 12 84.557
25 14 15.458
26 0 20.237
26 3 51.661
26 7 20.984
26 8 83.997
26 11 97.854
26 14 32.428
26 19 58.203
26 20 98.301
26 23 93.994
27 11 32.214
27 18 73.503
27 26 72.023
28 14 83.557
28 24 41.301
29 4 92.631
29 14 7.172
29 20 2.438
29 24 70.444
30 3 12.714
30 16 27.532
30 18 86.087
30 19 76.471
31 16 20.134
31 17 17.457
32 5 86.678
32 15 41.025
32 29 57.967
33 2 45.793
33 13 25.840
34 10 14.599
35 11 80.175
35 21 94.569
35 24 11.119
35 28 88.765
36 11 73.864
36 15 11.414
36 16 60.458
36 18 5.862
36 23 74.449
36 34 42.147
37 4 9.771
37 17 75.456
37 23 18.740
37 35 95.378
38 8 79.786
38 11 82.488
38 30 90.704
38 35 99.193
38 36 37.579
39 1 2.434
39 4 31.416
39 5 39.034
39 8 60.353
39 13 44.050
39 16 55.671
39 31 6.099
39 32 85.017
39 33 84.392
40 19 30.839
40 24 42.716
40 30 77.217
41 3 64.189
41 6 69.638
41 12 2.143
41 17 10.389
41 23 0.045
42 3 23.041
42 7 94.455
42 11 55.668
42 21 58.164
42 31 48.613
42 36 40.386
42 37 28.779
43 9 28.448
43 10 12.894
43 13 63.712
43 19 90.329
43 36 71.249
43 39 61.907
44 7 66.582
44 15 20.552
44 21 12.292
44 29 27.449
44 36 94.059
44 41 57.725
44 42 25.592
45 5 8.816
45 16 16.960
45 19 1.938
45 22 98.736
45 24 42.934
45 36 94.368
45 37 69.064
46 0 70.649
46 10 76.957
46 15 94.975
46 17 17.120
46 19 96.924
46 30 98.009
47 1 41.446
47 12 33.260
47 22 39.112
47 26 90.493
48 1 15.276
48 2 22.422
48 7 64.241
48 13 48.426
48 16 39.603
48 20 89.042
48 24 69.279
48 32 55.729
48 35 30.962
48 43 62.102
49 1 22.508
49 2 94.145
49 4 18.645
49 5 81.856
49 14 75.918
49 19 9.138
49 20 56.040
49 29 78.292
49 40 65.608
49 44 61.398
49 45 73.088
49 47 6.394
49 48 8.498