50
0 1 11.805
1 2 11.231
2 3 74.549
3 4 30.04
4 5 48.044
5 6 59.955
6 7 80.427
7 8 35.066
8 9 53.333
9 10 19.07
10 11 51.779
11 12 97.997
12 13 25.514
13 14 62.847
14 15 9.592
15 16 23.565
16 17 49.031
17 18 7.906
18 19 40.048
19 20 5.124
20 21 78.751
21 22 45.730
22 23 42.53
23 24 9.532
24 25 4.657
25 26 6.681
26 27 82.002
27 28 76.031
28 29 49.594
29 30 29.477
30 31 9.944
31 32 70.349
32 33 68.611
33 34 18.809
34 35 99.262
35 36 42.969
36 37 88.187
37 38 51.773
38 39 70.792
39 40 70.273
40 41 12.352
41 42 21.219
42 43 44.173
43 44 33.864
44 45 64.055
45 46 70.44
46 47 99.332
47 48 44.369
48 49 49.659
12 28 51.322
30 42 50.047
19 38 18.987
7 19 76.515
32 23 89.364
12 29 34.849
13 37 35.412
38 32 79.097
22 39 34.471
49 46 28.083
19 6 22.375
20 47 44.623
11 37 73.071
45 6 39.399
7 33 56.703
45 24 64.45
38 35 25.645
31 2 76.002
42 38 39.549
5 26 23.858
23 45 76.101
7 9 88.626
20 29 21.497
48 14 92.46
49 26 7.714
29 3 6.788
22 14 89.85
0 8 1.441
33 48 90.272
6 2 27.402
1 27 66.895
47 33 16.539
13 48 12.195
18 43 26.907
38 48 63.626
28 0 12.704
15 24 46.618
34 7 24.903
0 46 10.444
27 0 87.379
16 3 23.898
11 39 81.136
32 9 22.607
45 20 98.612
12 7 75.082
1 38 48.108
10 39 10.222
23 2 61.31
37 39 22.064
49 2 59.773
30 2 75.417
41 29 51.751
36 18 33.921
6 24 37.953
49 35 13.83
27 47 54.652
1 25 94.884
18 27 53.422
49 10 89.451
49 30 21.484
38 24 77.573
10 26 38.056
13 30 86.825
29 1 72.812
23 40 34.067
47 13 38.124
8 19 85.139
6 20 24.227
8 27 62.385
12 17 22.616
15 41 61.243
16 22 48.808
22 38 98.039
28 7 30.412
28 8 99.754
0 10 39.527
46 26 6.16
5 3 21.42
40 44 58.262
31 18 49.112
25 22 13.006
5 9 44.208
45 15 75.129
17 3 61.618
13 36 32.551
16 43 80.315
5 45 10.473
7 24 69.24
35 3 75.542