50
37 49 88
47 49 2
29 42 87
36 46 89
38 45 84
15 21 90
12 24 7
39 41 8
18 41 85
21 37 93
44 49 98
28 46 13
7 44 91
48 49 85
19 43 87
3 20 85
42 48 96
27 29 94
35 46 15
5 12 4
22 49 95
10 33 95
1 32 83
8 38 97
46 47 8
24 29 89
34 44 89
20 35 90
4 12 94
0 39 10
32 38 6
6 15 87
9 24 2
41 42 17
33 48 1
2 32 81
26 31 1
13 31 86
25 26 89
11 22 10
40 48 90
23 29 4
16 31 3
17 22 87
43 48 11
31 34 15
30 37 10
45 48 2
14 46 93
21 30 14
19 23 14
32 49 3
8 34 11
9 33 90
5 45 8
17 25 12
10 32 83
14 29 97
7 11 83
6 14 19
2 33 15
9 47 2
4 43 83
0 30 5
37 39 84
17 28 4
0 26 98
2 36 82
18 39 93
11 34 94
23 41 93
4 38 8
5 42 90
13 32 11
17 46 80
23 48 80
6 16 97
7 31 13
32 42 87
11 39 85
1 33 81
8 28 14
6 45 10
15 29 82
7 20 14
8 10 13
23 45 19
6 9 19
23 24 80
8 29 96
11 42 19
14 36 97
16 18 3
33 40 14
10 43 1
23 30 18
5 48 12
9 46 89
5 16 3
19 38 97
46 47 10
36 41 17
32 36 80
39 43 96
17 40 11
11 13 10
7 13 16
22 45 12
6 40 17
1 34 14
32 35 16
25 47 15
17 37 19
10 31 88
6 22 11
9 35 17
2 6 83
20 26 2
1 10 80
23 29 8
32 33 97
43 44 3
8 47 84
2 18 7
17 33 86
24 35 2
22 30 81
7 23 84
34 40 16
11 44 93
5 32 99
25 33 13
14 15 84
19 22 10
19 34 90
27 31 6
4 33 17
34 36 90
3 39 20
12 31 17
31 38 89
18 41 80
27 49 80
6 42 97
16 48 20
30 38 14
30 41 2
0 16 18
3 22 18
40 42 18
42 44 5
11 14 1
4 45 18
21 23 11
19 33 92
33 34 12
0 48 84
14 46 87
8 13 81
10 28 92
12 16 20
21 42 86
44 49 90
4 8 17
6 26 85
45 49 84
29 49 2
4 48 18
30 40 96
26 29 83
13 15 2
36 42 15
15 25 91
14 27 7
10 26 2
18 46 18
5 9 15
18 18 18
9 13 91
42 47 93
24 44 13
4 26 86
29 40 13
0 21 8
28 29 2
13 13 5
32 37 83
5 43 7
4 17 10
13 31 9
9 48 80
29 46 5
29 32 98
9 9 15
37 47 96
24 34 7
22 25 83
6 25 1
28 47 14
3 31 98
15 43 13
15 27 8
44 47 88
0 9 3
44 45 20
22 28 4
6 34 8
23 42 98
5 27 1
32 45 82
6 44 90
2 8 17
40 48 2
42 46 83
15 39 8
22 42 11
19 45 99
25 30 96
6 12 97
12 20 2
22 49 12
24 49 82
7 37 96
14 35 9
0 1 15
37 41 15
37 38 87
25 44 95
28 41 83
5 40 88
34 44 10
22 36 96
35 38 94
9 23 82
14 30 89
10 38 85
2 14 90
11 12 6
46 46 19
2 43 81
26 26 13
4 25 95
2 32 94
12 46 91
21 45 94
14 37 92
27 33 82
4 5 1
17 36 19
31 33 12
10 34 6
10 45 11
7 26 89
31 40 83
9 10 1
6 28 2
4 23 99
31 34 13
15 44 85
12 36 89
36 48 16
28 43 20
9 25 95
32 41 88
5 46 88
8 45 9
2 41 3
32 38 6
20 49 1
2 38 89
6 33 18
19 48 6
18 36 10
3 45 95
2 49 2
15 30 83
30 36 81
6 13 82
21 47 92
6 41 12
42 45 88
26 38 94
19 32 9
15 28 10
41 49 17
12 41 95
10 41 96
10 15 2
22 43 17
33 45 94
11 47 87
17 30 89
15 40 16
13 25 17
12 17 6
27 37 7
9 29 91
36 39 7
5 13 82
0 27 9
27 39 87
2 2 7
4 7 96
11 23 95
12 35 97
40 40 18
10 37 7
13 36 16
1 3 9
6 38 2
9 12 96
22 47 5
8 20 2
8 46 7
10 33 19
35 44 17
7 19 3
5 23 17
0 44 88
1 48 12
1 22 95
3 47 87
3 35 95
18 28 1
14 31 86
37 45 93
31 37 20
1 21 96
1 44 4
20 37 81
10 19 16
29 33 95
9 17 1
31 31 18
2 37 3
39 47 14
17 42 89
24 33 10
3 40 81
25 39 99
8 18 7
18 30 97
36 37 81
3 30 93
2 46 20
13 27 80
24 37 8
25 34 95
1 13 92
7 14 82
34 49 91
12 26 80
3 11 80
7 32 4
3 3 10
24 24 95
14 33 83
13 38 81
11 37 95
11 11 95
26 48 89
0 42 18
22 26 83
28 32 80
17 23 97
4 9 90
17 49 19
27 41 12
30 42 14
11 27 6
14 48 2
0 33 13
2 44 97
40 44 3
43 43 13
9 42 80
7 24 94
29 43 89
13 22 81
40 43 87
0 46 94
14 47 5
4 31 86
6 11 91
22 32 15
23 37 94
25 37 84
15 41 83
21 36 16
39 48 12
22 44 13
13 43 98
4 24 9
31 43 90
9 39 82
7 42 95
7 30 20
0 36 85
11 43 9
42 49 15
22 39 6
20 42 91
2 11 80
3 43 14
26 28 18
20 32 87
29 44 7
24 40 88
9 45 98
23 28 11
0 38 93
3 23 87
10 17 89
12 23 2
12 32 2
16 22 93
5 39 5
15 22 98
0 10 19
16 25 20
18 37 15
20 23 12
13 44 81
3 38 5
11 33 2
18 35 94
8 42 3
35 42 18
35 45 20
4 28 5
4 21 96
2 40 89
19 29 85
8 30 11
9 21 4
19 47 87
30 46 7
23 39 12
11 25 93
3 42 10
11 49 15
39 46 84
5 8 92
22 46 2
12 28 92
2 15 81
21 39 99
1 31 84
32 47 11
1 30 12
1 24 1
9 22 83
9 49 3
26 37 84
27 35 12
26 43 95
10 47 88
2 34 83
13 33 13
14 39 81
3 6 9
18 22 7
36 40 3
16 47 10
25 26 1
23 47 20
21 38 10
3 41 19
1 41 87
12 24 91
2 48 99
30 44 85
32 43 82
13 14 8
14 38 88
8 31 96
0 15 13
12 13 15
23 44 86
3 49 12
26 27 80
12 22 98
8 11 81
23 38 19
0 14 81
26 34 90
29 31 91
29 35 15
10 20 90
20 34 86
23 49 9
38 49 96
12 45 92
11 30 8
1 43 2
29 29 18
27 32 93
19 41 99
6 23 18
14 22 98
8 39 82
34 34 19
7 49 95
25 29 6
26 45 11
17 32 3
5 10 5
16 31 87
21 40 17
16 33 17
20 41 10
23 23 1
13 40 89
15 48 1
15 31 98
4 22 80
9 14 81
13 45 95
19 19 13
28 28 91
26 49 16
0 20 80
26 46 17
23 43 12
7 36 90
0 31 83
20 28 81
8 36 81
3 27 94
4 6 87
19 39 81
15 45 9
35 46 81
1 35 96
15 47 17
41 43 2
5 28 18
4 39 83
16 20 92
26 32 93
8 17 84
23 40 95
24 48 15
18 26 89
27 47 85
42 43 91
11 19 93
19 44 11
18 45 5
22 33 5
6 15 89
9 38 89
8 9 10
1 40 13
23 46 20
4 44 81
6 7 97
15 34 19
19 28 87
7 17 84
8 19 18
2 5 96
0 40 81
23 31 6
4 35 12
33 47 90
13 37 95
16 44 10
0 13 97
17 39 88