50
0 1 4.966
1 2 3.237
2 3 3.649
3 4 3.569
4 5 3.299
5 6 5.08
6 7 4.993
7 8 3.086
8 9 3.432
9 10 0.852
10 11 2.976
11 12 0.679
12 13 4.86
13 14 4.927
14 15 0.572
15 16 5.134
16 17 3.268
17 18 5.039
18 19 2.1
19 20 4.188
20 21 1.428
21 22 1.442
22 23 2.268
23 24 2.183
24 25 2.914
25 26 5.03
26 27 3.416
27 28 1.27
28 29 1.481
29 30 4.682
30 31 3.836
31 32 1.319
32 33 1.43
33 34 4.873
34 35 4.279
35 36 1.289
36 37 3.511
37 38 3.712
38 39 4.578
39 40 4.012
40 41 4.807
41 42 1.331
42 43 3.992
43 44 3.367
44 45 4.45
45 46 1.129
46 47 4.602
47 48 1.727
48 49 3.238
49 0 3.287
0 3 3.883
1 8 3.54
2 40 1.564
3 23 3.975
4 30 0.958
5 41 1.862
6 28 3.51
7 15 1.47
8 2 1.745
9 7 1.895
10 31 0.356
11 37 3.141
12 18 0.565
13 27 1.138
14 34 2.921
15 48 1.247
16 22 3.202
17 44 1.163
18 43 2.615
19 11 1.691
20 35 0.749
21 5 0.636
22 16 2.95
23 20 1.244
24 19 3.484
25 17 1.764
26 4 4.404
27 38 1.799
28 26 0.384
29 12 1.581
30 1 2.489
31 39 3.163
32 46 4.075
33 13 1.228
34 24 1.475
35 10 3.33
36 49 1.961
37 14 2.002
38 36 1.675
39 47 1.787
40 9 3.208
41 45 2.484
42 25 3.828
43 29 3.42
44 21 3.777
45 0 3.077
46 6 0.39
47 33 1.573
48 32 1.283
49 42 2.867