50
27 42 77.167
26 9 69.922
31 11 71.096
9 12 1.934
11 43 55.284
16 1 77.764
22 7 37.087
19 6 44.31
36 10 19.13
12 4 23.679
35 40 1.13
20 26 4.544
11 10 89.467
46 29 37.583
30 32 43.236
10 14 4.909
4 5 44.672
18 2 42.89
35 1 4.802
48 11 43.572
19 23 49.869
46 28 80.918
26 17 97.273
6 11 42.871
36 5 66.246
21 45 86.979
42 28 27.87
11 21 35.544
32 3 89.279
19 26 63.446
5 47 33.077
34 11 97.612
11 41 13.868
14 11 35.188
2 45 93.041
40 39 44.816
26 38 0.267
34 15 77.807
23 8 26.275
17 13 61.838
34 2 42.519
4 42 52.441
24 8 41.907
2 30 89.058
19 15 77.413
26 43 48.899
24 17 18.085
46 7 66.681
49 3 34.729
10 45 42.336
9 48 76.409
48 7 99.954
23 29 52.583
25 14 52.757
7 11 11.748
39 3 64.823
13 49 71.25
5 9 64.658
25 29 5.879
45 35 14.538
47 27 98.534
34 32 22.071
8 12 29.956
20 43 46.722
38 48 37.95
37 7 14.805
5 43 94.39
34 22 8.824
24 5 14.083
14 5 20.638
5 30 7.494
33 9 27.868
12 43 66.465
37 3 88.656
14 44 62.2
0 38 41.573
15 8 52.335
35 30 84.976
8 9 2.563
39 3 25.677
10 37 19.555
18 45 34.746
27 12 42.525
26 43 98.619
45 18 46.559
46 45 19.145
21 28 59.991
17 28 76.762
9 40 67.873
46 7 45.819
24 9 41.266
20 13 12.965
8 30 30.727
25 18 67.017
26 23 39.056
37 10 37.783
49 27 48.954
6 35 98.377
35 33 49.823
26 30 50.258
21 3 27.459
44 39 77.104
15 39 72.241
42 22 79.08
14 17 29.383
41 20 73.858
49 25 74.92
39 42 79.877
42 9 18.554
28 8 56.052
23 12 50.692
28 11 26.023
21 3 71.056
11 9 63.02
36 34 83.316
14 6 66.23
49 47 46.733
24 14 27.869
11 29 42.883
49 20 78.73
28 0 0.864
39 0 29.297
40 40 56.985
22 22 47.093
20 26 34.751
43 12 59.486
3 19 5.231
12 8 50.602
4 23 88.974
20 30 49.494
2 32 3.127
49 41 8.893
8 28 86.984
15 33 56.856
10 10 67.936
22 46 28.663
27 29 34.267
47 40 58.613
1 30 43.069
42 27 28.506
37 29 96.974
31 41 36.572
20 11 58.446
18 15 64.304
28 24 83.164
32 43 47.458
40 28 78.518
31 32 21.576
15 23 26.235
13 9 74.498