50
0 1 10
1 2 10
2 3 10
3 4 10
4 5 10
5 6 10
6 7 10
7 8 10
8 9 10
9 10 10
10 11 10
11 20 10
12 21 10
13 12 10
14 13 10
15 14 10
16 15 10
17 16 10
18 17 10
19 18 10
20 19 10
21 24 10
22 0 20
22 1 20
22 2 20
22 3 20
22 4 20
22 5 20
22 6 20
22 7 20
22 8 20
22 9 20
22 10 20
22 11 20
23 20 20
23 19 20
23 18 20
23 17 20
23 16 20
23 15 20
23 14 20
23 13 20
23 12 20
23 21 20
24 25 10
25 26 10
26 27 10
27 28 10
28 29 10
29 30 10
30 31 10
31 32 10
32 33 10
33 34 10
34 35 10
35 36 10
36 37 10
37 38 10
38 39 10
39 40 10
40 41 10
41 42 10
42 43 10
43 44 10
44 45 10
45 46 10
46 47 10
47 48 10
49 24 20
49 25 20
49 26 20
49 27 20
49 28 20
49 29 20
49 30 20
49 31 20
49 32 20
49 33 20
49 34 20
49 35 20
49 36 20
49 37 20
49 38 20
49 39 20