49
0 1 53.63
1 2 69.96
0 3 21.64
2 4 5.65
0 5 21.76
3 6 67.4
3 7 45.22
5 8 56.14
1 9 98.08
6 10 10.13
7 11 83.46
2 12 92.21
12 13 86.05
7 14 67.05
0 15 46.4
0 16 46.6
0 17 19.42
7 18 24.37
4 19 87.16
9 20 9.01
2 21 57.11
3 22 34.26
4 23 87.6
4 24 84.47
2 25 90.69
8 26 44.6
3 27 2.79
6 28 9.11
14 29 91.32
6 30 61.5
22 31 16.72
29 32 49.91
9 33 35.34
1 34 10.61
25 35 84.6
34 36 61.67
6 37 40.18
36 38 19.47
6 39 86.53
39 40 20.65
33 41 45.08
9 42 4.37
11 43 59.91
41 44 35.62
13 45 37.35
23 46 11.91
27 47 45.0
21 48 59.82
14 42 80.18
28 32 59.16
48 40 68.91
3 23 91.67
1 37 52.29
28 34 15.06
29 7 60.89
26 3 76.37
37 21 64.29
41 20 61.8
13 10 32.52
11 25 7.19
8 24 37.76
38 48 26.31
43 18 59.48
27 29 68.96
4 18 48.55
44 13 46.33
27 16 11.86
4 0 63.33
5 20 72.4
21 19 82.51
8 36 75.98
37 25 89.46
47 26 76.14
24 28 71.56
10 48 22.89
33 46 94.28
12 47 13.04
42 41 32.57
6 38 72.68
37 29 85.59
6 7 54.11
5 35 62.38
17 38 13.13
28 48 76.25
48 33 44.99
8 1 51.34
37 34 87.61
7 37 23.6
9 13 2.93
29 38 27.24
44 22 10.68
14 5 3.54
9 36 55.55
30 4 43.27
43 15 67.69
30 45 20.66
9 47 38.15
11 27 30.91
21 34 28.69
38 15 84.52
24 11 95.64
31 32 7.85
5 31 17.06
9 27 68.04
14 36 78.75
47 20 16.59
7 39 40.63
20 43 13.89
17 47 33.17
6 27 28.78
44 11 58.58
17 9 68.48
14 8 54.87
12 41 95.6
14 1 75.67
47 40 88.79
47 28 39.36
40 16 49.37
39 45 34.55
27 38 45.72
35 32 70.58
34 20 33.16
33 16 72.22
15 24 78.53
24 0 1.52
2 20 89.53
13 37 20.76
32 15 1.2
9 5 98.6
27 2 27.24
23 38 89.94
20 39 23.48
6 13 47.27
40 37 49.39
18 42 12.68
4 34 17.74
11 4 40.83
26 30 23.25
5 26 14.23
37 45 46.61
0 35 24.73
20 1 66.93
44 16 29.62
44 12 77.49
43 9 64.08
35 2 72.5
16 10 4.68
17 7 85.09
34 12 56.19
30 5 47.88
40 4 49.23
37 18 30.32
6 36 46.55
11 13 93.53
45 24 39.42
12 9 73.34
4 10 4.46
18 15 26.14
44 45 60.17
41 38 6.35
5 39 45.63
21 45 87.69
37 39 92.18
17 36 19.77
10 23 64.82
8 39 90.89
34 25 51.46
7 25 81.99
21 24 91.7
44 38 97.95
14 25 14.97
9 10 83.12
42 16 71.26
5 44 8.39
25 13 45.04
45 42 17.05
1 23 17.6
7 5 57.78
37 5 63.69
33 26 2.94
31 1 89.42
31 26 48.07
20 17 62.33
24 30 93.39
15 5 92.59
34 27 29.92
45 36 77.95
32 9 19.06
45 32 91.05
45 5 5.9
0 28 6.21
5 38 93.21
9 3 72.45
27 14 22.5
2 38 3.7
10 3 25.48
40 7 57.97
27 4 94.42
12 28 57.98
37 19 13.07
12 7 78.76
9 28 13.13
8 43 26.85
13 21 94.86
3 44 71.29
38 9 31.07
41 16 30.35
23 25 95.97
46 18 26.28
4 48 56.23
22 8 48.54
27 1 30.16
33 40 80.26
31 13 40.61
2 5 52.38
42 48 81.36
19 22 95.08
30 47 36.57
42 1 86.17
10 46 4.45
18 25 96.38
12 22 29.38
4 36 79.16
0 25 80.75
20 3 45.26
34 8 91.3
28 2 6.87
31 10 51.92
27 5 8.2
14 2 49.31
31 30 97.96
36 47 4.02
11 31 35.71
11 19 20.42
37 4 60.86
11 1 37.77
7 26 67.3
10 22 60.11
12 35 36.76
27 25 87.37
0 9 66.73
30 27 73.71
47 21 41.02
5 47 84.16
43 31 23.99
36 42 92.02
28 25 11.3
8 27 59.2
37 11 93.31
37 36 63.88
3 11 92.42
23 39 56.27
12 42 54.34
21 8 24.61
39 19 84.06
46 40 7.41
15 40 48.09
32 2 45.47
21 5 40.74
17 19 38.5
40 21 3.17
12 25 85.15
38 13 41.72
2 6 21.42
21 28 3.18
10 5 79.92
32 19 45.26
8 15 94.4
41 48 21.98
33 44 42.97
36 23 23.7
13 33 87.56
39 43 39.61
30 29 89.78
33 35 83.86
38 35 49.91
16 15 94.58
8 13 95.74
39 44 75.16
22 21 51.98
13 3 48.76
41 22 82.74
9 29 20.09
33 1 13.97
19 43 55.73
5 42 54.84
7 35 54.74
37 30 26.48
36 0 10.06
44 1 58.36
7 8 31.95
15 7 53.39
35 42 19.04
38 19 88.29
45 12 83.08
26 38 82.55
42 43 72.74
39 33 17.73
46 27 7.91
43 1 16.9
45 16 63.48
17 12 14.53
7 30 69.9
6 29 81.75
36 32 19.43
26 4 5.32
18 32 46.65
44 9 46.72
28 18 17.46
47 10 42.46
18 0 64.04
46 14 5.9
16 47 60.25
29 13 58.85
3 15 37.78
13 35 53.36
20 48 67.47
35 14 88.29
43 10 57.76
26 13 84.01
44 30 32.29
44 26 51.29
33 11 58.9
38 14 70.63
33 5 29.26
15 47 59.52
33 6 83.71
39 10 74.09
36 29 42.1
35 18 72.52
28 26 89.99
21 42 17.27
48 5 78.27
45 33 32.31
18 16 7.15
42 25 95.89
22 13 56.23
47 3 27.09
22 33 22.98
15 13 28.64
28 19 50.69
33 10 48.36
44 7 35.26
11 29 39.69
44 31 34.03
27 48 33.34
46 48 5.4
35 40 90.12
19 33 2.06
1 7 53.72
2 24 53.26
9 40 22.92
34 33 76.03
32 40 43.32
8 35 68.42
34 32 50.84
27 40 77.51
29 5 41.21
28 42 28.3
24 13 6.06
31 19 60.88
32 23 1.36
17 45 84.53
0 11 80.67
44 43 44.94
16 46 47.43
6 16 72.78
8 9 41.62
33 0 55.91
40 28 33.11
8 19 85.91
33 28 25.71
11 34 7.25
37 14 28.07
6 22 13.62
12 39 36.91
47 6 12.35
5 11 51.93
47 14 65.67
30 18 31.5
28 30 9.48
43 14 56.17
32 46 32.0
24 47 82.67
26 1 48.0
18 10 28.52
41 15 38.27
9 35 87.98
46 2 17.44
16 25 5.57
43 47 47.12
4 21 50.21
32 20 39.4
21 11 66.65
17 25 24.67
22 35 29.05
5 3 49.66
39 14 52.86
37 33 38.11
18 33 36.92
44 14 53.23
44 23 21.5
7 31 50.58
7 46 87.28
18 11 14.39
42 8 78.07
18 6 19.31
11 42 78.03
48 34 6.65
30 14 18.18
17 41 3.87
40 25 25.49
10 15 96.17
24 23 26.55
39 1 56.41
40 13 56.97
9 15 83.01
12 46 67.79
1 5 16.43
36 2 15.87
21 32 97.47
40 41 16.52
1 16 18.68
9 26 54.46
2 11 18.2
1 38 8.59
34 30 42.22
24 31 68.28
