50
0 49 0.5
0 1 1.24
1 48 0.25
1 2 0.87
2 47 0.75
2 3 0.76
3 46 0.5
3 4 0.23
4 45 0.25
3 5 0.23
5 44 0.25
5 6 1.5
6 7 0.15
6 8 0.25
6 9 0.45
6 10 0.75
6 11 0.15
6 12 0.25
12 43 0.5
43 44 0.54
42 43 0.5
41 42 0.52
40 41 0.53
13 40 0.2
14 41 0.32
15 16 0.76
16 17 50
17 18 1
18 19 1
19 20 0.5
20 21 1.76
20 22 4
20 23 3.25
20 24 9
20 25 0.2
20 26 6
20 27 0.27
20 28 3.1
20 29 5.66
20 30 1.33
30 31 2
31 32 3
10 33 1.76
11 34 0.99
10 35 0.96
13 36 0.99
14 37 0.98
26 38 0.96
39 41 0.25
0 40 0.23
0 20 0.98
0 30 0.76
0 10 0.66
