50
41 11 77.511
11 43 5.212
43 2 54.837
2 46 91.293
46 9 47.048
9 5 9.036
5 1 46.448
1 35 85.19
35 37 95.912
37 8 49.803
8 31 49.533
31 15 43.28
15 16 81.939
16 45 62.198
45 11 64.64
11 27 41.022
27 43 83.886
43 21 27.82
21 16 43.585
16 19 31.69
19 47 4.608
47 31 68.414
31 25 36.958
25 10 47.263
10 13 59.508
13 48 40.564
48 38 81.703
38 47 71.374
47 7 45.126
7 2 32.59
2 18 70.211
18 32 38.723
32 20 19.347
20 12 48.21
12 35 52.948
35 40 87.915
40 5 64.527
5 0 72.984
0 15 69.347
15 33 83.789
33 22 8.572
22 32 4.149
32 10 50.93
10 19 85.062
19 49 87.63
49 7 91.719
7 18 59.897
18 24 6.77
24 41 83.318
41 14 96.568
14 31 58.063
31 30 72.231
30 48 13.135
48 27 65.287
27 28 20.58
28 32 74.468
32 40 60.857
40 8 39.125
8 25 66.503
25 41 74.329
41 3 3.766
3 49 46.709
49 5 9.021
5 32 62.569
32 6 95.371
6 9 6.678
9 33 12.706
33 37 88.982
37 36 47.219
36 23 65.274
23 48 90.109
48 39 67.009
39 46 41.568
46 0 87.99
0 26 66.799
26 31 78.67
31 4 5.491
4 5 84.835
5 34 8.5
34 17 67.166
17 23 61.184
23 31 95.876
31 28 72.181
28 41 87.37
41 49 19.069
49 13 41.597
13 36 96.642
36 24 3.951
24 29 54.814
29 37 0.5
37 1 79.768
1 11 73.57
11 46 36.06
46 45 10.485
45 3 99.524
3 46 91.942
46 38 78.776
38 15 78.85
15 12 74.632
12 8 59.781
8 6 23.084
6 23 52.635
23 21 12.799
21 19 11.555
19 29 24.145
29 9 58.783
9 40 34.214
40 34 42.545
34 27 76.345
27 15 43.142
15 47 2.686
47 4 13.17
4 45 84.935
45 26 27.291
26 39 5.813
39 34 0.489
34 24 32.507
24 31 71.892
31 16 61.021
16 34 29.507
34 41 62.75
41 33 65.646
33 6 76.491
6 18 45.611
18 19 74.485
19 32 16.288
32 27 21.716
27 2 6.928
2 32 83.715
32 31 96.976
31 20 98.157
20 45 36.933
45 22 38.097
22 29 47.287
29 0 73.9
0 12 14.825
12 34 75.467
34 25 77.499
25 14 86.056
14 27 91.173
27 9 13.558
9 37 60.804
37 22 72.897
22 23 69.743
23 1 67.908
1 9 65.752
9 13 71.09
13 47 98.653
47 30 91.341
30 46 62.166
46 23 5.383
23 25 56.22
25 43 37.568
43 9 18.06
9 35 64.774
35 38 85.924
38 39 4.341
39 0 44.178
0 36 29.358
36 6 5.307
6 28 89.545
28 39 41.618
39 35 90.352
35 32 67.159
32 13 35.323
13 0 27.235
0 28 97.379
28 25 25.547
25 18 93.858
18 37 12.305
37 3 20.564
3 32 43.193
32 38 45.73
38 8 82.057
8 24 68.919
24 27 47.535
27 38 48.829
38 13 75.793
13 44 2.482
44 26 28.212
26 18 31.05
18 36 82.69
36 17 77.227
17 42 72.194
