49
1 6 12.616
17 31 11.76
42 24 19.629
32 25 18.631
6 14 20.363
40 15 7.063
32 36 8.232
26 17 11.385
12 0 10.519
25 37 2.189
45 11 18.086
15 1 6.775
30 6 22.782
10 8 14.478
36 12 11.6
22 46 13.788
11 15 15.29
35 18 11.492
2 46 9.155
43 16 22.648
12 35 13.175
34 28 9.13
43 9 19.869
8 26 14.104
14 1 23.153
29 15 10.354
3 2 21.309
24 8 14.449
34 43 20.837
47 40 18.211
28 1 18.639
20 19 22.715
39 14 23.449
36 47 18.56
6 17 12.274
21 7 23.553
4 44 9.408
31 37 4.661
25 20 12.324
45 46 10.26
45 13 19.536
39 8 13.074
21 15 16.984
26 13 11.821
0 4 17.705
38 25 15.911
18 5 24.116
40 1 13.889
2 21 20.414
40 18 15.3
13 23 12.147
7 39 20.079
41 0 13.196
12 24 19.091
2 20 18.921
37 12 10.868
33 21 13.254
46 24 9.048
33 39 9.956
1 19 11.982
20 48 22.765
33 26 16.148
15 43 12.879
17 16 17.948
7 17 19.365
12 34 6.898
5 38 18.64
29 42 14.428
14 26 21.492
9 20 15.392
26 10 13.289
2 38 18.727
12 13 10.938
40 12 9.511
29 30 17.943
1 27 14.089
18 25 12.797
23 37 1.228
36 25 7.039
14 7 16.372
11 34 11.916
44 45 16.3
14 41 12.996
38 48 13.855
14 42 15.132
23 24 18.268
6 32 10.013
11 31 12.6
26 36 14.481
25 44 6.109
30 16 22.477
32 19 9.838
46 35 18.501
14 40 12.398
42 17 15.885
9 7 24.977
16 27 17.147
5 35 23.736
8 37 14.129
40 26 8.028
21 6 18.813
13 48 24.348
42 11 18.222
31 15 8.912
19 21 20.599
26 29 17.029
7 40 16.627
42 33 18.813
41 36 13.168
26 41 17.61
26 46 19.628
7 43 11.812
45 36 11.286
27 23 10.579
4 37 7.943
45 43 12.399
32 16 10.979
13 8 15.637
28 48 8.649
23 11 13.453
15 9 13.175
17 33 6.745
4 12 17.767
29 37 14.551
32 38 19.711
8 43 16.403
22 19 20.076
23 29 6.358
31 47 18.679
40 38 14.505
18 15 16.991
16 40 8.856
33 28 17.992
26 23 8.974
6 16 18.236
34 32 12.592
18 20 11.029
6 38 12.424
26 24 22.614
38 47 7.566
9 46 7.24
34 19 23.009
39 25 15.495
7 15 7.024
19 39 17.748
38 13 16.979
43 22 15.669
11 30 15.412
47 32 9.612
9 28 8.001
32 41 11.051
30 33 15.591
17 38 14.535
47 43 12.108
42 37 10.682
10 29 15.694
15 20 13.015
32 37 10.184
45 24 16.059
19 12 12.877
33 9 14.359
27 32 12.733
11 37 9.546
16 13 20.969
23 32 8.215
29 35 10.521
23 18 14.42
32 29 16.197
42 44 19.135
35 23 10.303
48 17 20.541
16 22 17.867
12 38 18.149
19 38 19.304
44 21 20.019
27 20 19.727
16 25 11.134
35 7 13.324
41 15 19.55
18 19 11.255
39 29 18.179
19 11 8.892
15 37 11.867
28 17 14.163
19 13 24.091
21 26 23.651
42 25 10.994
30 44 17.466
42 40 6.839
33 46 7.583
21 25 13.434
33 18 8.521
44 20 12.616
48 29 19.41
25 40 13.583
38 39 17.069
28 37 2.435
21 43 19.544
30 47 13.55
24 19 12.819
47 41 15.414
26 19 16.903
19 45 21.221
14 45 13.246
43 17 12.716
7 26 24.881
7 30 23.962
35 34 11.846
33 22 16.723
27 29 8.891
19 17 20.745
21 48 15.344
46 19 10.176
48 25 16.05
45 40 13.715
29 28 19.966
28 24 13.108
44 7 21.087
32 33 15.741
35 26 12.312
31 7 12.252
45 31 15.195
28 43 8.667
41 23 10.001
44 46 7.869
37 40 12.241
43 41 20.811
34 44 22.779
47 25 14.927
41 33 11.488
29 24 6.612
25 43 18.975
35 38 15.296
33 25 13.409
44 29 7.079
27 31 19.976
32 48 18.249
45 42 9.67
41 39 14.12
35 40 18.322
39 43 23.921
32 45 15.13
31 36 11.575
28 30 14.509
27 35 13.119
33 36 12.327
34 7 15.828
37 38 6.348
39 44 20.822
42 28 17.174
35 42 7.676
44 28 9.507
40 44 19.235
48 39 21.381
45 7 16.544
42 48 13.346
33 47 16.205
35 43 22.27
33 37 12.865
28 7 7.127
37 46 11.423
28 45 13.34
38 7 10.553
28 38 15.395
28 36 12.24
43 44 13.669
45 41 17.767
47 48 12.093
47 42 11.884
46 28 10.885
48 40 12.528
7 48 21.874
46 47 17.357
48 46 13.986
41 28 7.234
48 44 17.448
44 41 19.009
