49
23 37 44.759
23 40 29.785
37 5 76.739
23 33 8.562
23 26 67.203
23 44 99.409
37 22 7.888
33 9 67.247
22 7 21.094
9 1 85.877
1 28 90.450
37 8 2.430
26 25 2.717
22 14 67.962
44 48 35.545
23 36 75.980
37 31 19.775
8 46 70.998
1 45 67.007
31 11 12.376
1 0 47.386
8 4 47.062
26 39 61.471
7 16 72.070
5 24 77.807
31 13 8.500
39 43 78.246
45 42 81.600
9 34 39.912
46 47 21.304
13 12 71.206
11 32 69.831
23 41 67.233
36 29 79.112
0 10 6.966
45 20 32.543
22 38 43.181
36 3 74.913
7 21 49.167
7 19 43.374
4 2 63.828
23 30 99.003
43 35 86.495
48 17 46.880
16 15 71.453
20 18 80.084
47 6 95.334
14 27 82.008
39 37 79.460
14 7 92.116
22 15 93.844
46 42 12.583
37 42 37.318
14 41 95.251
38 35 15.042
35 47 91.265
25 37 48.830
41 34 95.963
2 13 79.635
12 36 76.860
24 20 80.853
11 24 62.300
16 6 11.758
21 3 36.439
0 27 18.587
5 44 31.239
36 8 2.748
21 20 97.233
0 30 24.938
47 4 13.139
45 19 42.921
25 10 2.595
16 34 52.894
19 33 39.752
25 34 34.982
48 31 51.671
9 45 51.742
32 37 93.292
23 48 50.076
14 21 3.347
7 8 92.750
9 29 35.097
20 4 51.034
6 9 87.171
7 36 64.593
31 3 52.693
14 30 4.825
3 46 11.090
20 0 65.527
37 30 47.440
18 13 31.628
25 7 29.425
0 2 58.703
20 42 60.648
19 37 68.256
11 25 62.751
10 38 14.770
46 9 97.317
30 27 17.207
10 23 28.036
39 23 8.567
17 1 37.879
33 30 75.411
33 45 59.556
1 27 61.534
3 30 59.264
11 35 7.048
13 4 56.224
44 6 54.149
20 27 27.832
12 46 42.723
4 33 3.188
7 47 43.418
46 45 92.706
40 10 24.163
4 40 45.088
43 36 64.487
21 48 60.266
36 41 65.121
40 46 97.981
0 16 35.572
47 20 19.687
38 11 4.476
28 24 60.039
47 28 88.386
48 45 80.181
32 14 56.742
2 14 5.029
47 8 55.774
18 35 25.495
3 17 81.124
39 10 23.724
36 30 99.973
44 34 17.642
3 4 87.753
32 46 84.738
20 2 56.103
33 40 38.691
23 31 11.856
18 44 89.728
35 19 97.843
42 0 29.235
6 42 98.418
32 44 41.705
14 36 78.945
38 32 1.824
21 12 18.252
27 47 86.869
25 22 92.062
17 5 45.241
8 39 12.862
30 34 44.551
21 41 15.061
35 24 57.984
39 41 59.560
28 37 29.207
11 8 96.310
8 16 14.508
15 17 96.907
41 28 97.570
48 30 54.404
24 21 4.003
1 30 29.045
44 31 52.582
4 18 30.997
5 26 23.655
10 18 75.785
21 39 59.188
10 8 19.312
18 24 23.451
20 44 28.311
41 33 41.548
40 26 5.370
11 14 55.745
2 38 17.202
3 6 55.115
43 46 29.564
17 36 86.465
39 3 50.551
48 4 54.974
7 45 42.629
0 22 27.704
22 34 5.612
48 2 35.519
46 23 68.832
43 4 73.417
1 10 44.982
24 34 51.647
7 33 42.967
7 18 59.244
42 28 56.015
24 15 32.099
36 24 16.170
48 42 35.607
4 38 10.830
11 21 10.092
33 46 49.080
3 2 67.468
3 22 34.916
28 33 17.557
45 6 20.692
3 45 32.026
15 31 69.502
23 1 56.316
16 30 94.668
15 4 74.476
22 12 41.221
23 4 77.314
8 9 58.575
19 0 4.650
34 46 17.195
0 32 61.830
34 18 50.305
11 28 16.827
18 22 81.418
16 18 57.146
22 47 45.209
48 14 45.504
26 48 41.101
13 37 14.682
4 28 27.656
19 40 86.345
24 43 14.691
39 48 94.147
32 6 64.241
18 17 12.815
42 9 7.737
44 26 43.760
24 12 99.872
25 8 27.893
4 17 6.574
26 32 74.060
36 25 94.793
24 4 32.386
5 35 58.822
31 47 43.445
23 2 72.819
48 5 41.225
11 37 47.544
3 11 63.815
13 19 33.088
43 8 31.883
31 33 5.886
38 21 65.894
16 22 46.828
36 21 1.442
19 16 49.558
4 11 79.630
16 46 77.239
13 32 49.486
44 27 78.044
17 29 70.058
15 21 83.658
4 5 57.647
4 9 42.832
20 16 71.743
22 19 74.763
15 1 63.966
42 4 61.232
29 15 18.064
23 15 57.329
0 17 22.228
47 37 76.537
17 42 68.863
19 9 50.775
47 44 51.102
21 35 94.756
24 3 77.722
26 20 85.321
18 41 59.853
37 17 9.840
6 14 71.396
9 28 29.767
15 26 64.186
26 46 28.952
44 7 67.987
12 16 33.450
25 30 54.514
6 10 51.473
46 4 98.947
24 44 32.798
21 37 48.975
33 37 51.054
20 6 70.622
16 41 17.687
9 27 10.132
8 28 28.414
30 38 73.506
6 12 45.645
12 31 1.738
39 7 51.434
27 25 49.191
24 23 80.010
38 26 4.272
3 27 1.156
9 24 20.469
29 19 82.530
25 14 65.389
9 26 24.534
6 48 79.993
28 25 90.151
4 0 64.990
9 23 71.877
12 45 3.903
46 22 65.381
39 5 95.605
1 32 81.613
20 30 38.501
11 23 14.553
26 33 61.674
37 10 91.867
34 8 23.867
33 10 54.659
29 16 69.115
28 0 92.056
19 21 45.366
32 45 67.717
6 37 34.607
46 15 33.707
24 16 6.263
43 26 69.688
38 31 57.606
44 21 21.399
8 5 97.112
19 39 13.868
43 6 92.713
11 44 30.915
32 29 3.608
2 10 97.914
32 25 2.731
30 32 95.769
43 16 69.050
6 5 48.909
39 28 95.293
4 1 2.403
25 46 15.125
14 16 38.386
20 23 62.309
17 32 80.412
17 8 27.583
36 42 93.650
27 29 58.195
10 46 75.426
47 12 91.957
20 10 90.213
44 22 68.247
30 5 82.463
24 33 61.153
19 3 47.423
47 13 72.662
8 3 17.792
20 15 79.168
35 25 92.844
36 46 74.384
19 48 47.436
44 25 65.412
26 14 69.243
44 3 10.180
7 10 93.648
46 18 73.972
0 31 86.890
44 2 51.613
46 13 80.028
0 3 24.218
11 34 23.175
17 2 55.038
29 39 50.956
15 35 85.646
15 43 70.570
46 21 89.981
11 17 84.536
27 32 24.960
13 3 81.587
44 1 7.592
24 17 71.815
27 37 39.070
0 13 51.238
29 22 12.095
0 46 14.355
2 26 33.786
14 8 16.384
12 27 90.476
23 19 87.411
7 12 58.186
31 17 12.591
22 2 91.029
2 21 85.810
40 18 15.935
22 36 18.675
30 22 62.525
48 0 80.257
40 9 9.816
35 41 94.137
27 4 65.891
3 29 21.293
25 47 58.278
12 10 95.512
28 10 87.616
1 16 54.250
0 33 70.380
25 21 6.871
48 7 60.810
1 21 27.737
12 8 58.861
6 21 16.950
38 17 59.349
27 24 26.955
18 45 59.880
41 45 53.364
13 22 30.374
21 43 11.404
36 9 77.332
40 3 28.619
41 11 57.533
38 15 31.398
36 11 29.502
3 35 16.018
40 31 64.838
20 28 41.466
13 6 8.708
30 44 53.628
8 26 37.323
39 38 7.324
38 44 13.922
29 47 73.274
31 29 38.221
44 37 40.599
6 28 37.516
20 11 79.214
26 13 22.717
13 17 78.317
24 7 30.891
29 30 34.602
34 1 76.518
32 7 34.884
46 31 22.332
25 6 87.737
9 38 87.296
19 10 50.493
7 20 47.254
28 3 87.289
16 4 41.947
0 25 45.847
41 12 93.031
15 9 12.272
3 34 29.721
21 13 53.901
25 2 17.331
2 34 6.155
21 16 90.342
25 9 5.637
37 2 61.778
12 2 58.548
13 39 13.398
15 12 55.350
30 35 8.072
0 47 3.145
42 44 26.658
21 18 67.538
2 24 77.678
5 40 34.123
22 4 33.492
10 32 3.364
13 5 21.806
31 2 45.181
13 29 9.844
1 31 44.082
20 43 78.681
29 35 35.205
39 22 56.929
0 40 71.424
41 0 9.505
41 48 26.490
29 42 95.960
24 48 47.917
15 3 71.839
48 32 90.243
16 36 47.975
36 13 40.583
29 45 32.486
31 8 53.741
29 41 68.818
16 40 5.088
20 39 87.981
3 41 76.935
31 14 10.778
1 5 95.771
41 37 61.798
19 4 42.580
41 5 71.150
47 21 22.424
11 46 65.768
35 1 89.045
31 22 41.455
25 18 45.192
3 18 13.634
0 37 73.360
16 13 75.986
34 42 38.871
45 22 42.097
40 35 26.876
21 33 62.246
43 5 70.874
5 27 57.841
29 4 2.700
10 21 41.178
16 37 87.998
47 9 45.026
20 25 87.197
22 40 2.745
1 46 71.061
20 40 21.202
10 41 30.346
4 26 22.355
20 41 25.788
2 43 60.459
36 28 25.072
6 7 78.071
20 34 5.409
2 8 56.681
7 46 42.631
40 47 98.849
43 40 71.382
11 18 80.212
20 29 48.016
17 10 93.079
28 19 35.595
3 20 97.515
21 26 86.394
10 48 41.076
35 37 40.892
27 40 47.503
24 13 63.746
33 6 37.728
19 44 87.211
8 22 62.378
23 29 55.356
20 37 49.513
19 30 98.947
12 32 35.422
43 28 61.227
41 6 44.450
47 11 1.560
39 17 79.927
4 44 20.522
30 26 20.650
37 43 35.636
40 14 14.086
46 35 87.481
15 37 75.276
1 13 59.667
43 23 13.218
0 9 41.017
33 15 92.587
44 10 88.772
26 19 37.102
3 25 58.479
0 11 67.539
16 45 2.773
28 16 53.862
2 39 86.820
6 23 88.345
9 43 52.440
11 30 36.666
32 31 1.172
14 4 99.918
9 7 98.242
42 11 10.778
23 32 11.579
6 18 40.390
38 23 2.640
39 27 53.674
36 10 69.997
36 34 93.413
4 32 49.610
2 41 28.769
18 8 50.468
39 12 96.275
24 6 53.526
9 22 25.798
