50
0 14 56.82
0 23 43.764
0 16 99.054
0 40 89.391
0 4 26.616
0 11 67.916
0 21 33.863
0 39 72.23
0 17 81.991
0 44 10.288
0 1 47.768
0 42 43.564
0 19 65.639
1 26 89.682
1 37 46.752
1 22 93.794
1 18 45.942
1 20 36.564
1 17 25.41
1 3 80.52
1 4 14.885
1 14 36.938
1 32 51.479
2 13 95.982
2 42 68.945
2 3 0.335
2 41 69.616
2 38 96.938
2 43 73.41
2 40 52.515
2 31 41.215
2 37 77.465
2 18 85.601
3 8 37.661
3 5 45.649
3 26 61.258
3 17 64.404
3 22 30.343
3 16 68.84
3 41 93.91
3 21 1.427
3 4 90.658
3 46 57.231
3 11 33.505
4 24 74.13
4 48 83.618
4 44 73.462
4 36 49.899
4 46 81.024
4 14 73.729
4 47 89.749
4 34 25.103
4 15 33.634
5 18 70.438
5 2 67.932
5 7 52.985
5 30 98.225
5 16 59.491
5 25 83.681
5 44 52.556
5 45 37.747
5 27 63.926
5 1 20.007
5 24 16.057
5 32 82.097
6 42 34.092
6 4 10.191
6 30 30.314
6 36 12.792
6 41 60.036
6 33 18.207
6 39 18.207
6 24 0.884
6 35 36.129
6 17 19.094
6 48 50.291
6 10 71.193
6 25 67.039
6 7 36.847
7 39 24.37
7 35 1.158
7 8 26.995
7 1 80.806
7 26 56.577
7 14 96.282
8 22 41.152
8 37 73.152
8 24 87.418
8 45 6.977
8 6 47.495
8 35 35.069
8 33 59.834
8 21 25.261
8 31 92.208
9 30 14.014
9 35 63.998
9 44 36.41
9 6 89.602
9 18 6.074
9 48 91.128
9 26 1.842
10 35 90.556
10 40 64.534
10 42 39.351
10 43 2.825
10 37 84.285
10 7 37.764
10 15 93.672
10 45 68.72
10 41 31.702
10 4 83.91
11 45 19.546
11 47 63.445
11 21 15.883
11 6 55.752
11 14 44.789
11 37 24.216
11 44 16.641
11 34 65.066
11 2 5.382
11 43 79.358
11 12 16.343
11 23 66.08
11 5 1.448
11 32 77.582
12 4 70.229
12 25 62.043
12 40 76.286
12 8 76.153
12 13 32.595
12 29 93.98
12 2 18.32
12 49 58.211
12 16 8.956
12 0 46.289
12 6 50.786
12 46 89.619
12 27 49.662
12 22 42.443
13 3 89.71
13 28 90.491
13 15 73.583
13 17 21.676
13 19 2.127
13 42 55.861
13 22 12.839
13 16 80.978
13 6 11.368
14 2 67.929
14 12 42.768
14 37 46.064
14 36 32.014
14 46 50.247
14 32 25.767
14 6 16.069
14 13 35.326
14 28 83.621
15 38 89.441
15 33 92.672
15 27 84.219
15 34 4.043
15 20 78.732
15 39 15.086
15 45 73.476
15 12 14.758
15 7 70.203
15 9 61.315
15 40 20.696
15 22 49.393
15 31 8.438
15 26 61.036
16 47 20.097
16 8 29.722
16 40 44.066
16 4 23.869
16 32 52.411
16 43 22.311
16 10 6.933
16 23 92.696
16 6 46.031
16 49 19.273
16 39 72.197
17 16 2.909
17 27 82.12
17 24 66.815
17 29 76.201
17 4 38.558
17 8 77.626
17 42 10.855
17 40 65.511
18 6 39.783
18 10 57.779
18 32 7.124
18 46 30.013
18 0 99.326
18 8 35.2
18 35 42.828
18 27 25.704
18 29 98.689
18 33 65.8
18 4 49.335
18 7 72.724
19 36 3.541
19 28 33.582
19 39 47.81
19 29 18.404
19 38 40.441
19 26 91.391
19 27 72.681
19 14 13.408
19 20 43.609
20 43 15.56
20 37 18.484
20 4 0.865
20 31 96.917
20 12 68.993
20 2 12.116
20 16 51.646
20 30 41.56
20 29 33.186
20 3 25.981
21 29 96.844
21 35 40.204
21 13 80.783
21 2 69.981
21 34 58.325
21 22 48.686
21 40 39.276
21 20 47.212
21 24 44.313
21 17 48.815
21 30 21.568
21 1 84.192
21 12 71.567
22 10 52.995
22 18 23.072
22 39 32.212
22 32 31.134
22 43 28.421
22 26 29.609
22 31 44.034
22 30 12.775
22 34 39.101
22 20 0.943
22 0 71.616
22 41 14.241
22 35 97.677
22 28 77.156
22 36 52.053
22 11 74.533
23 32 35.879
23 9 37.134
23 12 78.242
23 45 71.043
23 26 4.106
23 6 21.595
23 27 63.12
23 38 36.739
23 36 39.892
23 21 59.206
23 10 17.091
23 14 81.821
23 8 0.879
23 34 51.74
24 25 17.21
24 26 76.412
24 7 98.397
24 32 97.217
24 45 61.333
24 30 66.168
24 28 33.228
24 0 19.625
24 23 34.847
24 13 99.501
25 44 58.35
25 9 32.794
25 17 15.495
25 29 43.058
25 4 84.341
25 38 29.487
25 18 5.862
25 28 17.158
25 34 13.923
25 1 17.449
25 32 15.302
25 13 82.357
25 41 67.622
25 33 61.598
25 21 74.812
25 35 77.291
26 5 48.648
26 32 23.617
26 10 7.404
26 38 32.26
26 14 58.412
26 21 15.053
26 47 89.455
26 34 91.995
26 11 42.188
26 4 98.277
26 18 48.303
27 48 0.129
27 24 67.684
27 1 49.663
27 6 2.345
27 33 7.948
27 34 59.7
27 28 21.747
27 31 74.865
27 3 43.049
27 35 10.989
28 21 18.11
28 42 96.298
28 18 84.076
28 32 96.927
28 0 5.284
28 43 62.142
28 12 87.131
29 23 24.909
29 28 74.669
29 27 16.797
29 46 22.614
29 8 46.251
29 30 31.6
29 13 38.277
29 14 97.258
29 2 53.692
29 33 11.342
29 47 99.656
29 38 34.138
30 0 38.425
30 36 53.524
30 39 73.029
30 48 56.273
30 13 22.253
30 45 33.565
30 16 39.32
30 3 22.788
30 12 29.237
30 35 32.291
30 28 81.245
30 37 2.498
31 19 13.731
31 9 54.626
31 23 77.033
31 13 40.824
31 37 92.72
31 30 20.322
31 38 70.708
31 11 74.277
31 18 52.716
31 45 60.864
31 35 13.673
32 31 89.696
32 7 99.912
32 40 37.911
32 15 80.874
32 20 63.98
32 38 38.749
33 20 7.44
33 13 88.039
33 45 12.782
33 1 20.601
33 44 18.678
33 14 80.89
33 31 48.753
34 41 23.222
34 8 77.969
34 17 23.999
34 48 78.806
34 7 34.582
34 49 33.246
34 5 23.082
34 33 89.781
34 20 90.231
34 47 70.682
34 37 89.077
34 9 38.136
34 14 27.716
34 31 51.796
35 40 81.8
35 32 31.128
35 23 18.071
35 47 12.63
35 48 74.306
35 34 62.492
35 2 89.556
35 28 96.676
35 16 42.999
35 26 42.074
35 49 29.872
35 0 39.916
36 49 82.995
36 29 26.957
36 10 22.829
36 11 8.244
36 42 48.289
36 33 47.277
36 48 80.566
36 44 12.805
36 21 4.485
36 8 26.699
36 1 38.671
36 34 83.18
36 28 94.541
37 28 74.843
37 27 41.653
37 39 91.962
37 26 1.448
37 0 85.638
37 15 74.074
37 17 79.47
38 33 38.542
38 46 20.931
38 5 34.437
38 44 93.617
38 14 49.874
38 47 32.72
38 6 40.561
38 48 50.111
38 20 99.807
38 0 7.992
38 12 96.6
39 34 97.641
39 35 18.222
39 20 6.696
39 26 35.1
39 12 72.769
39 17 60.684
39 44 63.97
39 21 18.817
39 1 87.91
39 8 75.473
39 31 71.283
39 49 56.613
39 48 14.35
39 36 75.047
39 45 33.902
40 1 56.357
40 11 51.146
40 13 12.951
40 4 6.666
40 27 70.375
40 14 50.534
40 20 76.127
40 41 79.682
40 43 53.966
40 5 49.422
40 6 36.083
40 7 71.546
41 12 36.309
41 28 52.485
41 29 37.162
41 13 14.496
41 49 69.877
41 7 90.334
41 45 2.48
41 24 32.205
41 15 38.641
41 21 72.04
41 30 14.298
42 46 83.673
42 45 95.637
42 41 12.373
42 16 75.412
42 21 40.984
42 24 81.195
42 14 59.811
42 23 93.635
42 39 64.535
43 27 29.939
43 32 55.507
43 14 89.576
43 41 62.15
43 45 21.963
43 4 34.336
43 34 87.422
43 31 16.328
43 44 56.412
44 37 38.621
44 47 73.529
44 29 48.568
44 27 86.083
44 8 94.84
44 45 63.609
44 42 95.3
44 40 8.967
44 13 82.791
44 14 30.542
44 12 65.971
44 35 24.637
45 7 77.889
45 34 57.288
45 9 41.3
45 3 33.606
45 35 55.191
45 36 17.84
46 15 53.104
46 41 46.122
46 20 48.137
46 1 7.67
46 26 67.456
46 0 53.195
46 39 55.791
46 47 87.742
46 32 72.192
46 49 86.181
46 22 69.324
46 6 15.16
46 9 85.933
46 17 97.123
46 45 6.698
47 9 84.527
47 13 96.907
47 7 99.393
47 18 87.815
47 27 9.171
47 30 68.026
47 20 48.184
47 21 20.62
47 14 40.172
47 28 8.495
47 31 73.006
47 10 79.391
47 40 38.885
47 39 50.073
47 15 17.793
47 43 53.69
48 11 18.285
48 13 21.291
48 32 86.446
48 14 80.604
48 29 82.728
48 2 31.278
48 24 93.012
48 20 92.962
48 42 15.269
48 28 96.192
48 10 97.701
48 0 29.01
48 15 73.498
48 31 95.855
48 3 76.388
48 41 73.929
48 5 4.934
48 25 76.716
49 17 81.626
49 6 29.397
49 3 33.594
49 30 18.828
49 2 67.045
49 31 66.946
49 28 54.363
49 37 9.483
49 42 73.348
49 38 5.89
49 11 84.303
49 14 37.725
49 26 48.729
49 32 41.272
