50
12 27 38.07
13 3 50.24
27 47 41.65
7 36 20.89
13 22 30.24
11 14 3.33
9 48 76.89
32 3 66.1
31 22 89.51
26 3 35.97
14 13 4.19
15 34 85.6
1 12 92.28
6 29 73.65
31 9 33.98
14 42 87.67
38 34 98.93
34 17 79.23
49 42 11.63
26 30 43.5
11 28 20.04
12 47 40.88
30 19 69.21
49 18 47.11
47 37 99.74
3 20 96.27
37 28 57.28
12 16 44.15
21 1 58.18
5 6 94.37
45 33 79.79
27 15 11.97
9 28 6.2
0 14 79.13
6 7 68.83
19 11 40.48
48 35 32.04
36 39 17.4
49 1 57.28
35 23 93.19
29 40 53.56
20 42 51.21
21 0 15.63
49 5 29.03
49 4 18.98
0 29 15.94
41 42 38.82
20 4 55.45
29 25 42.12
5 24 49.37
35 14 77.79
26 11 56.67
41 0 13.44
12 30 38.18
5 34 68.15
15 0 23.09
49 13 65.5
11 30 65.52
46 41 60.64
23 44 50.5
30 24 18.47
38 33 8.46
22 42 86.17
43 33 92.6
4 36 14.19
13 23 54.79
21 23 60.18
11 17 79.85
16 5 64.77
11 39 89.25
29 17 92.17
39 44 41.73
33 0 20.49
22 8 19.36
16 26 40.82
3 34 9.26
9 11 22.82
10 24 16.82
18 35 77.52
15 12 88.88
39 19 55.19
5 1 78.08
31 36 29.44
30 34 60.45
44 9 56.49
13 48 12.37
5 35 69.99
27 25 22.54
19 9 52.19
2 19 84.26
7 18 19.79
39 28 58.36
45 7 63.49
9 18 79.15
43 5 32.36
42 3 40.36
37 22 78.4
4 5 77.37
4 29 24.13
46 3 46.45
45 28 97.65
1 20 45.8
23 24 94.66
23 12 3.42
20 29 22.63
25 0 42.25
37 20 88.76
6 27 34.46
27 13 6.53
0 45 45.54
21 22 33.17
28 30 45.3
28 10 15.31
13 37 48.09
34 18 21.68
17 6 21.97
4 7 52.08
32 30 22.85
36 28 25.8
36 17 88.17
22 11 49.62
6 26 56.8
23 29 34.87
0 35 93.83
39 22 54.35
34 47 23.78
22 10 20.03
0 36 12.4
3 38 24.36
17 35 50.6
7 11 86.5
33 11 78.7
9 20 77.71
16 30 54.87
25 7 3.58
43 15 24.47
30 8 68.91
28 43 76.92
35 42 57.67
22 17 48.31
2 46 91.11
37 44 36.01
40 16 49.96
20 35 54.77
27 31 4.24
44 5 12.18
18 41 29.61
30 39 48.45
7 10 67.02
33 7 77.52
36 35 97.08
14 18 85.54
40 25 53.04
21 24 29.98
35 12 57.34
4 41 55.35
0 17 64.88
23 32 32.75
10 4 94.79
19 41 1.63
4 34 45.59
11 13 37.78
34 48 13.62
36 33 31.16
46 28 83.76
12 48 99.67
16 4 53.96
26 24 38.44
41 21 71.06
11 25 78.95
2 34 42.94
42 21 11.38
29 46 93.61
14 5 67.18
11 10 19.3
15 47 97.6
1 10 78.85
43 18 10.13
30 7 53.96
6 30 15.83
38 11 0.6
6 13 37.72
48 16 88.25
43 24 30.44
23 39 66.09
22 28 59.41
26 7 37.36
24 11 36.72
1 26 24.21
31 43 55.85
21 14 76.02
4 17 1.55
7 17 68.27
8 6 61.44
10 39 77.0
22 3 90.67
24 45 8.43
41 10 12.98
21 3 42.69
19 46 43.52
35 26 54.32
15 7 69.25
18 36 66.42
30 0 10.12
21 35 4.06
39 13 60.61
10 32 86.8
16 23 49.42
37 24 15.7
11 2 84.42
43 46 64.1
36 1 57.0
19 18 2.08
48 6 17.86
44 7 72.08
48 26 98.31
23 40 20.37
42 11 63.24
49 30 33.74
32 27 52.11
39 38 16.94
23 49 96.24
16 44 29.8
15 22 49.9