50
0 6 63.405
0 10 75.362
0 17 79.047
0 20 62.251
0 30 90.221
1 8 25.296
1 28 1.159
1 29 79.388
1 30 5.202
1 36 50.266
1 41 94.452
1 42 75.817
2 12 45.342
2 18 44.023
2 42 24.856
3 12 97.306
3 38 51.801
3 46 5.257
4 18 49.766
4 30 41.538
5 7 85.536
5 26 86.782
5 30 69.767
6 40 88.243
6 43 69.556
6 44 72.293
7 23 5.392
8 11 34.422
8 16 36.084
8 23 66.669
8 33 32.141
8 34 74.074
8 35 48.857
9 11 29.822
9 14 60.886
9 19 45.739
10 22 38.320
10 24 72.702
10 28 75.856
10 43 62.265
11 14 39.443
11 32 63.184
11 33 95.036
11 44 17.883
11 48 89.811
12 39 91.964
12 42 50.558
13 23 55.037
13 46 63.452
14 16 42.753
14 21 98.337
14 22 22.352
14 30 90.039
15 47 81.926
15 48 10.859
16 25 26.682
16 33 81.704
17 22 19.757
17 26 46.136
17 38 39.757
17 47 76.669
18 27 72.181
18 28 4.458
18 30 27.904
18 45 52.125
18 46 62.456
19 30 90.191
19 31 6.762
19 40 15.993
20 22 5.777
20 45 84.308
20 47 46.027
21 22 69.289
21 27 8.343
21 47 82.230
22 24 70.797
22 26 38.011
22 49 41.022
23 26 86.069
23 31 56.397
23 39 43.905
24 28 37.402
25 29 50.940
25 37 54.526
26 30 79.608
26 37 79.789
26 39 73.716
26 46 88.192
27 49 60.541
28 29 5.538
28 34 40.203
28 36 68.687
28 38 40.276
28 47 89.207
29 32 18.237
29 44 81.483
30 36 29.083
30 41 49.636
30 43 3.377
30 49 67.250
31 33 9.993
31 41 1.259
31 42 54.678
31 45 72.379
31 49 20.313
32 41 61.650
32 44 32.415
32 46 16.537
34 35 75.914
34 42 4.632
34 43 99.454
34 47 33.959
34 49 99.592
35 48 52.658
36 46 82.298
36 47 50.642
40 44 60.890
42 43 93.614
43 44 40.983
44 49 82.102
