50
0 35 41.219
0 37 96.307
0 44 57.927
0 48 82.646
1 23 72.408
1 35 58.984
1 37 61.15
1 43 37.875
2 18 94.604
2 29 55.262
2 30 18.299
2 47 97.526
2 49 9.74
3 12 60.457
3 21 47.289
3 24 29.281
3 40 95.506
3 48 73.713
4 6 90.207
4 14 56.646
4 41 68.041
4 42 56.752
5 19 16.373
5 24 54.557
5 35 44.173
5 43 51.395
6 13 69.831
6 15 99.993
6 39 92.64
6 47 9.882
6 49 56.86
7 11 38.123
7 30 34.108
7 31 75.336
7 39 30.055
7 47 63.972
8 24 63.472
8 35 42.882
8 48 79.303
9 10 39.127
9 21 78.086
9 24 19.06
9 41 34.504
10 22 73.85
10 25 73.3
10 26 86.426
10 29 81.084
11 14 41.278
11 23 18.56
12 30 50.334
12 34 94.983
12 38 16.886
12 39 26.694
12 49 37.991
13 36 33.902
13 42 86.736
13 44 68.935
14 16 93.812
14 22 18.588
14 29 30.347
14 47 89.163
15 21 22.531
15 48 57.288
16 23 67.23
16 28 62.167
16 42 75.001
17 18 47.248
17 30 97.533
17 31 89.289
17 34 66.318
17 45 85.65
17 46 20.6
18 28 97.189
18 36 51.263
19 27 44.657
19 34 51.137
19 38 14.309
19 45 19.128
20 35 96.177
20 42 81.604
21 33 44.591
21 49 74.361
23 31 56.606
23 45 25.486
24 26 47.649
24 38 27.465
25 28 26.765
25 43 59.635
26 40 57.931
26 43 62.816
27 28 25.437
27 36 33.347
27 41 12.956
27 42 71.83
28 29 92.733
28 45 96.132
29 41 3.766
30 40 82.986
31 37 95.855
31 44 3.249
32 37 18.388
33 36 1.759
34 36 5.555
34 44 20.178
36 49 42.435
37 46 82.964
38 41 71.803
39 44 31.88
39 48 60.171
40 46 11.748
41 49 79.675
43 45 96.341
43 46 17.128
