50
0 0 54
0 1 46
0 2 40
0 3 29
0 4 90
0 5 86
0 6 46
0 7 87
0 8 29
0 9 22
0 10 33
0 11 92
0 12 51
0 13 54
0 14 75
0 15 19
0 16 59
0 17 80
0 18 78
0 19 51
0 20 29
0 21 9
0 22 23
0 23 68
0 24 23
0 25 34
0 26 54
0 27 49
0 28 11
0 29 26
0 30 93
0 31 45
0 32 54
0 33 27
0 34 27
0 35 48
0 36 11
0 37 59
0 38 27
0 39 1
0 40 77
0 41 3
0 42 84
0 43 45
0 44 7
0 45 8
0 46 13
0 47 4
0 48 54
0 49 90
1 1 79
1 2 59
1 3 3
1 4 57
1 5 59
1 6 51
1 7 78
1 8 80
1 9 46
1 10 27
1 11 58
1 12 64
1 13 35
1 14 36
1 15 74
1 16 5
1 17 64
1 18 94
1 19 10
1 20 4
1 21 23
1 22 4
1 23 21
1 24 55
1 25 8
1 26 67
1 27 98
1 28 36
1 29 36
1 30 60
1 31 87
1 32 77
1 33 15
1 34 36
1 35 62
1 36 26
1 37 40
1 38 62
1 39 56
1 40 54
1 41 33
1 42 48
1 43 65
1 44 71
1 45 26
1 46 92
1 47 69
1 48 25
1 49 2
2 2 96
2 3 30
2 4 66
2 5 57
2 6 66
2 7 56
2 8 39
2 9 40
2 10 56
2 11 83
2 12 86
2 13 27
2 14 21
2 15 76
2 16 54
2 17 21
2 18 89
2 19 68
2 20 93
2 21 19
2 22 91
2 23 79
2 24 56
2 25 90
2 26 48
2 27 59
2 28 72
2 29 33
2 30 96
2 31 32
2 32 46
2 33 38
2 34 3
2 35 63
2 36 69
2 37 91
2 38 69
2 39 61
2 40 18
2 41 31
2 42 35
2 43 21
2 44 41
2 45 58
2 46 7
2 47 66
2 48 64
2 49 1
3 3 27
3 4 90
3 5 94
3 6 18
3 7 65
3 8 38
3 9 29
3 10 1
3 11 65
3 12 76
3 13 65
3 14 44
3 15 19
3 16 50
3 17 23
3 18 82
3 19 55
3 20 2
3 21 41
3 22 83
3 23 77
3 24 8
3 25 37
3 26 60
3 27 59
3 28 16
3 29 10
3 30 30
3 31 41
3 32 17
3 33 48
3 34 74
3 35 26
3 36 18
3 37 94
3 38 62
3 39 15
3 40 14
3 41 58
3 42 32
3 43 14
3 44 92
3 45 70
3 46 90
3 47 24
3 48 22
3 49 61
4 4 51
4 5 20
4 6 9
4 7 51
4 8 42
4 9 30
4 10 38
4 11 34
4 12 36
4 13 13
4 14 19
4 15 14
4 16 62
4 17 89
4 18 61
4 19 29
4 20 75
4 21 43
4 22 66
4 23 76
4 24 13
4 25 61
4 26 43
4 27 50
4 28 63
4 29 83
4 30 55
4 31 42
4 32 18
4 33 90
4 34 43
4 35 81
4 36 83
4 37 69
4 38 91
4 39 72
4 40 13
4 41 88
4 42 16
4 43 48
4 44 61
4 45 37
4 46 96
4 47 54
4 48 4
4 49 68
5 5 61
5 6 7
5 7 62
5 8 88
5 9 79
5 10 73
5 11 66
5 12 39
5 13 44
5 14 75
5 15 10
5 16 5
5 17 97
5 18 93
5 19 27
5 20 52
5 21 93
5 22 10
5 23 80
5 24 63
5 25 96
5 26 16
5 27 39
5 28 84
5 29 59
5 30 64
5 31 64
5 32 95
5 33 33
5 34 11
5 35 81
5 36 64
5 37 51
5 38 13
5 39 71
5 40 60
5 41 53
5 42 42
5 43 80
5 44 71
5 45 43
5 46 97
5 47 32
5 48 74
5 49 33
6 6 47
6 7 82
6 8 36
6 9 93
6 10 14
6 11 55
6 12 28
6 13 81
6 14 40
6 15 51
6 16 90
6 17 5
6 18 25
6 19 68
6 20 7
6 21 81
6 22 19
6 23 56
6 24 80
6 25 63
6 26 86
6 27 64
6 28 85
6 29 4
6 30 78
6 31 37
6 32 84
6 33 13
6 34 46
6 35 81
6 36 21
6 37 33
6 38 54
6 39 86
6 40 23
6 41 81
6 42 66
6 43 81
6 44 63
6 45 49
6 46 22
6 47 4
6 48 49
6 49 3
7 7 3
7 8 51
7 9 57
7 10 42
7 11 5
7 12 88
7 13 8
7 14 38
7 15 96
7 16 86
7 17 46
7 18 56
7 19 23
7 20 24
7 21 85
7 22 63
7 23 13
7 24 75
7 25 90
7 26 73
7 27 29
7 28 82
7 29 53
7 30 6
7 31 98
7 32 59
7 33 58
7 34 92
7 35 65
7 36 53
7 37 48
7 38 73
7 39 79
7 40 62
7 41 70
7 42 77
7 43 55
7 44 32
7 45 14
7 46 21
7 47 82
7 48 30
7 49 72
8 8 11
8 9 55
8 10 46
8 11 7
8 12 39
8 13 25
8 14 68
8 15 6
8 16 53
8 17 22
8 18 77
8 19 41
8 20 58
8 21 34
8 22 23
8 23 3
8 24 35
8 25 7
8 26 59
8 27 89
8 28 33
8 29 67
8 30 46
8 31 76
8 32 38
8 33 43
8 34 36
8 35 82
8 36 70
8 37 11
8 38 18
8 39 93
8 40 34
8 41 83
8 42 39
8 43 57
8 44 13
8 45 55
8 46 55
8 47 8
8 48 27
8 49 7
9 9 57
9 10 83
9 11 25
9 12 24
9 13 13
9 14 19
9 15 94
9 16 8
9 17 36
9 18 58
9 19 29
9 20 52
9 21 97
9 22 68
9 23 72
9 24 89
9 25 67
9 26 81
9 27 70
9 28 81
9 29 85
9 30 91
9 31 23
9 32 95
9 33 38
9 34 77
9 35 89
9 36 91
9 37 48
9 38 63
9 39 95
9 40 85
9 41 68
9 42 56
9 43 69
9 44 2
9 45 48
9 46 45
9 47 24
9 48 70
9 49 63
10 10 89
10 11 2
10 12 85
10 13 16
10 14 68
10 15 81
10 16 4
10 17 51
10 18 1
10 19 51
10 20 35
10 21 84
10 22 21
10 23 47
10 24 53
10 25 62
10 26 35
10 27 79
10 28 40
10 29 90
10 30 26
10 31 53
10 32 23
10 33 33
10 34 88
10 35 40
10 36 91
10 37 71
10 38 28
10 39 24
10 40 55
10 41 45
10 42 49
10 43 63
10 44 3
10 45 41
10 46 11
10 47 67
10 48 58
10 49 8
11 11 59
11 12 3
11 13 54
11 14 56
11 15 75
11 16 11
11 17 55
11 18 50
11 19 31
11 20 80
11 21 73
11 22 14
11 23 93
11 24 53
11 25 53
11 26 49
11 27 63
11 28 70
11 29 11
11 30 23
11 31 21
11 32 68
11 33 45
11 34 46
11 35 89
11 36 69
11 37 73
11 38 95
11 39 94
11 40 53
11 41 60
11 42 55
11 43 50
11 44 73
11 45 51
11 46 30
11 47 7
11 48 36
11 49 26
12 12 68
12 13 46
12 14 57
12 15 75
12 16 12
12 17 97
12 18 49
12 19 62
12 20 73
12 21 10
12 22 58
12 23 87
12 24 40
12 25 4
12 26 68
12 27 46
12 28 82
12 29 60
12 30 98
12 31 54
12 32 29
12 33 93
12 34 77
12 35 63
12 36 66
12 37 67
12 38 75
12 39 53
12 40 56
12 41 55
12 42 55
12 43 24
12 44 6
12 45 42
12 46 95
12 47 87
12 48 95
12 49 43
13 13 94
13 14 27
13 15 94
13 16 32
13 17 67
13 18 27
13 19 82
13 20 66
13 21 50
13 22 94
13 23 39
13 24 66
13 25 30
13 26 49
13 27 40
13 28 21
13 29 53
13 30 87
13 31 96
13 32 61
13 33 2
13 34 8
13 35 16
13 36 11
13 37 97
13 38 37
13 39 54
13 40 17
13 41 56
13 42 69
13 43 83
13 44 77
13 45 56
13 46 52
13 47 92
13 48 60
13 49 27
14 14 49
14 15 86
14 16 61
14 17 93
14 18 4
14 19 45
14 20 31
14 21 67
14 22 93
14 23 75
14 24 9
14 25 94
14 26 76
14 27 67
14 28 87
14 29 35
14 30 65
14 31 51
14 32 28
14 33 1
14 34 17
14 35 80
14 36 64
14 37 1
14 38 81
14 39 75
14 40 53
14 41 48
14 42 49
14 43 52
14 44 15
14 45 87
14 46 81
14 47 98
14 48 37
14 49 41
15 15 89
15 16 3
15 17 36
15 18 13
15 19 20
15 20 26
15 21 61
15 22 65
15 23 8
15 24 69
15 25 68
15 26 6
15 27 45
15 28 64
15 29 66
15 30 37
15 31 52
15 32 22
15 33 7
15 34 89
15 35 79
15 36 88
15 37 61
15 38 95
15 39 37
15 40 58
15 41 79
15 42 64
15 43 39
15 44 73
15 45 67
15 46 7
15 47 66
15 48 98
15 49 29
16 16 28
16 17 28
16 18 47
16 19 73
16 20 6
16 21 9
16 22 10
16 23 5
16 24 5
16 25 6
16 26 55
16 27 84
16 28 25
16 29 30
16 30 58
16 31 88
16 32 90
16 33 45
16 34 25
16 35 22
16 36 38
16 37 18
16 38 15
16 39 15
16 40 51
16 41 45
16 42 67
16 43 78
16 44 36
16 45 1
16 46 16
16 47 42
16 48 35
16 49 84
17 17 34
17 18 80
17 19 91
17 20 60
17 21 85
17 22 57
17 23 1
17 24 6
17 25 47
17 26 96
17 27 74
17 28 21
17 29 59
17 30 43
17 31 77
17 32 69
17 33 16
17 34 67
17 35 56
17 36 51
17 37 20
17 38 32
17 39 65
17 40 96
17 41 42
17 42 79
17 43 97
17 44 96
17 45 67
17 46 4
17 47 59
17 48 55
17 49 27
18 18 84
18 19 60
18 20 69
18 21 23
18 22 40
18 23 83
18 24 91
18 25 93
18 26 55
18 27 63
18 28 14
18 29 6
18 30 85
18 31 28
18 32 72
18 33 62
18 34 60
18 35 86
18 36 43
18 37 38
18 38 19
18 39 14
18 40 48
18 41 94
18 42 7
18 43 32
18 44 11
18 45 50
18 46 62
18 47 75
18 48 92
18 49 70
19 19 30
19 20 12
19 21 50
19 22 13
19 23 49
19 24 13
19 25 79
19 26 42
19 27 47
19 28 84
19 29 28
19 30 57
19 31 71
19 32 38
19 33 88
19 34 77
19 35 1
19 36 21
19 37 38
19 38 41
19 39 82
19 40 41
19 41 54
19 42 79
19 43 8
19 44 16
19 45 81
19 46 17
19 47 30
19 48 5
19 49 62
20 20 13
20 21 26
20 22 47
20 23 88
20 24 54
20 25 14
20 26 34
20 27 22
20 28 97
20 29 13
20 30 11
20 31 84
20 32 55
20 33 1
20 34 42
20 35 66
20 36 43
20 37 93
20 38 62
20 39 13
20 40 91
20 41 83
20 42 64
20 43 62
20 44 98
20 45 54
20 46 35
20 47 61
20 48 41
20 49 40
21 21 61
21 22 2
21 23 42
21 24 4
21 25 60
21 26 41
21 27 62
21 28 17
21 29 13
21 30 33
21 31 52
21 32 46
21 33 24
21 34 49
21 35 68
21 36 94
21 37 52
21 38 7
21 39 52
21 40 23
21 41 26
21 42 44
21 43 2
21 44 13
21 45 24
21 46 72
21 47 31
21 48 36
21 49 5
22 22 4
22 23 51
22 24 44
22 25 36
22 26 95
22 27 97
22 28 1
22 29 74
22 30 31
22 31 12
22 32 31
22 33 83
22 34 94
22 35 96
22 36 65
22 37 40
22 38 22
22 39 78
22 40 12
22 41 38
22 42 7
22 43 20
22 44 51
22 45 12
22 46 16
22 47 49
22 48 66
22 49 6
23 23 23
23 24 25
23 25 35
23 26 36
23 27 75
23 28 43
23 29 23
23 30 62
23 31 26
23 32 78
23 33 73
23 34 84
23 35 37
23 36 25
23 37 11
23 38 27
23 39 26
23 40 66
23 41 24
23 42 19
23 43 12
23 44 73
23 45 96
23 46 91
23 47 22
23 48 60
23 49 9
24 24 33
24 25 42
24 26 42
24 27 17
24 28 97
24 29 78
24 30 22
24 31 76
24 32 41
24 33 75
24 34 84
24 35 59
24 36 10
24 37 4
24 38 25
24 39 42
24 40 76
24 41 67
24 42 88
24 43 26
24 44 86
24 45 76
24 46 28
24 47 58
24 48 68
24 49 81
25 25 24
25 26 6
25 27 34
25 28 10
25 29 92
25 30 86
25 31 98
25 32 10
25 33 1
25 34 30
25 35 91
25 36 60
25 37 20
25 38 48
25 39 46
25 40 91
25 41 19
25 42 81
25 43 81
25 44 22
25 45 4
25 46 23
25 47 18
25 48 76
25 49 64
26 26 20
26 27 34
26 28 89
26 29 78
26 30 92
26 31 19
26 32 16
26 33 26
26 34 20
26 35 84
26 36 1
26 37 21
26 38 54
26 39 44
26 40 22
26 41 7
26 42 25
26 43 30
26 44 9
26 45 68
26 46 19
26 47 22
26 48 24
26 49 96
27 27 57
27 28 74
27 29 12
27 30 67
27 31 76
27 32 10
27 33 55
27 34 92
27 35 50
27 36 34
27 37 10
27 38 35
27 39 10
27 40 49
27 41 56
27 42 7
27 43 69
27 44 17
27 45 91
27 46 12
27 47 78
27 48 57
27 49 95
28 28 82
28 29 77
28 30 65
28 31 50
28 32 35
28 33 54
28 34 61
28 35 8
28 36 82
28 37 83
28 38 98
28 39 49
28 40 29
28 41 81
28 42 29
28 43 88
28 44 94
28 45 44
28 46 76
28 47 65
28 48 31
28 49 34
29 29 48
29 30 11
29 31 28
29 32 65
29 33 20
29 34 54
29 35 95
29 36 78
29 37 20
29 38 92
29 39 28
29 40 74
29 41 74
29 42 10
29 43 23
29 44 7
29 45 55
29 46 10
29 47 56
29 48 77
29 49 1
30 30 41
30 31 79
30 32 75
30 33 9
30 34 53
30 35 92
30 36 75
30 37 90
30 38 67
30 39 29
30 40 67
30 41 19
30 42 8
30 43 44
30 44 94
30 45 36
30 46 27
30 47 76
30 48 59
30 49 78
31 31 43
31 32 50
31 33 46
31 34 40
31 35 26
31 36 6
31 37 93
31 38 98
31 39 24
31 40 7
31 41 70
31 42 43
31 43 14
31 44 91
31 45 98
31 46 92
31 47 92
31 48 36
31 49 79
32 32 97
32 33 10
32 34 6
32 35 73
32 36 57
32 37 21
32 38 98
32 39 53
32 40 92
32 41 64
32 42 23
32 43 57
32 44 10
32 45 76
32 46 25
32 47 6
32 48 59
32 49 95
33 33 50
33 34 46
33 35 3
33 36 87
33 37 12
33 38 47
33 39 78
33 40 48
33 41 2
33 42 74
33 43 83
33 44 26
33 45 5
33 46 14
33 47 78
33 48 90
33 49 94
34 34 21
34 35 50
34 36 29
34 37 7
34 38 29
34 39 54
34 40 55
34 41 3
34 42 33
34 43 23
34 44 81
34 45 44
34 46 50
34 47 75
34 48 51
34 49 89
35 35 98
35 36 18
35 37 31
35 38 55
35 39 1
35 40 58
35 41 79
35 42 65
35 43 45
35 44 54
35 45 15
35 46 34
35 47 12
35 48 77
35 49 88
36 36 1
36 37 3
36 38 8
36 39 86
36 40 83
36 41 20
36 42 7
36 43 71
36 44 7
36 45 97
36 46 52
36 47 10
36 48 45
36 49 64
37 37 73
37 38 59
37 39 24
37 40 85
37 41 53
37 42 22
37 43 17
37 44 13
37 45 57
37 46 21
37 47 73
37 48 75
37 49 84
38 38 29
38 39 23
38 40 68
38 41 18
38 42 53
38 43 4
38 44 71
38 45 19
38 46 34
38 47 66
38 48 46
38 49 81
39 39 49
39 40 9
39 41 51
39 42 33
39 43 47
39 44 41
39 45 7
39 46 75
39 47 61
39 48 20
39 49 90
40 40 16
40 41 76
40 42 30
40 43 93
40 44 72
40 45 60
40 46 97
40 47 9
40 48 66
40 49 52
41 41 42
41 42 25
41 43 60
41 44 27
41 45 79
41 46 76
41 47 26
41 48 14
41 49 93
42 42 75
42 43 23
42 44 9
42 45 45
42 46 68
42 47 52
42 48 19
42 49 89
43 43 71
43 44 11
43 45 75
43 46 71
43 47 95
43 48 1
43 49 97
44 44 6
44 45 93
44 46 97
44 47 15
44 48 16
44 49 44
45 45 55
45 46 40
45 47 82
45 48 56
45 49 98
46 46 45
46 47 5
46 48 84
46 49 54
47 47 16
47 48 14
47 49 47
48 48 13
48 49 52