50
7 30 71.56
39 2 1.75
4 21 33.78
15 14 45.21
15 8 79.24
10 5 45.82
16 42 73.89
32 5 89.86
13 23 70.03
5 26 47.29
13 36 93.25
41 8 94.09
4 32 60.34
24 35 24.92
18 30 43.32
13 1 4.63
7 0 17.8
22 26 86.34
34 21 42.32
11 32 38.45
32 20 91.52
21 35 64.15
7 33 76.46
18 44 24.75
1 31 52.07
8 11 52.63
6 30 19.08
20 38 57.73
2 37 51.06
38 33 52.35
13 10 76.15
32 16 10.78
36 37 90.32
29 11 10.2
42 18 32.57
6 11 27.12
19 5 56.92
23 39 90.37
31 34 93.08
3 12 20.64
12 40 97.45
20 39 18.38
29 25 36.57
28 7 9.96
24 3 38.32
28 36 64.63
11 13 26.23
2 3 63.95
15 20 69.68
42 4 5.02
32 41 59.47
8 22 93.74
5 28 47.6
32 9 56.37
35 8 26.2
11 30 85.4
21 29 0.45
36 11 92.12
34 24 71.99
3 29 3.4
45 4 7.4
39 27 22.79
30 12 39.15
4 30 94.61
22 19 52.56
34 8 61.35
33 21 49.64
7 11 44.13
3 8 43.77
0 4 45.93
14 40 18.13
40 31 43.66
19 25 50.84
20 2 39.59
28 19 90.13
36 26 68.13
25 28 29.3
4 14 26.11
10 11 12.24
22 14 35.65
31 32 18.05
21 19 18.02
6 36 67.73
25 20 87.49
42 25 29.54
43 16 48.0
7 29 22.26
17 24 88.43
35 42 75.35
41 23 29.44
39 28 36.63
9 22 32.73
44 10 41.51
45 6 13.96
26 35 6.06
11 43 47.46
29 24 76.76
13 5 16.92
38 10 34.78
45 19 40.91
20 26 65.07
35 0 35.88
11 14 74.86
19 13 39.94
1 43 48.47
16 15 87.04
35 19 95.23
1 25 89.71
21 22 29.35
10 42 18.67
2 22 11.21
21 5 19.52
45 1 24.72
9 25 27.53
22 24 87.36
5 41 59.98
32 14 48.9
1 29 3.8
24 32 88.12
14 5 32.84
21 30 8.31
30 29 38.4
35 25 61.75
14 26 63.63
9 17 64.07
7 5 38.08
33 15 75.16
1 32 64.66
44 30 50.5
3 36 40.86
35 39 74.1
35 9 68.66
23 32 85.64
15 19 64.92
25 32 13.25
16 13 16.43
0 8 11.16
9 28 32.31
44 21 34.99
27 31 72.01
4 37 28.05
26 30 87.86
11 22 87.15
15 25 81.53
1 5 95.44
42 28 19.68
34 22 14.38
18 12 7.29
41 16 26.62
1 20 55.93
16 35 70.33
7 38 88.18
28 31 96.33
19 34 77.67
23 18 36.26
13 22 36.17
38 29 83.21
2 4 0.22
33 4 48.67
44 5 97.51
21 6 8.2
20 31 56.72
34 9 36.59
35 31 1.7
1 15 72.05
24 7 0.16
34 12 99.13
39 5 24.77
31 29 79.6
18 16 12.51
7 37 31.64
43 30 15.67
3 16 45.99
28 30 72.2
30 25 86.8
18 2 46.48
25 6 94.18
29 27 70.69
30 8 51.99
31 19 45.88
3 5 3.93
16 12 7.67
41 20 33.64
0 6 72.45
36 7 38.83
34 11 94.31
24 36 35.51
12 5 56.6
18 0 34.24
20 28 43.07
28 18 34.75
33 22 69.83
13 37 78.9
42 34 34.58
7 21 86.82
21 45 51.13
4 44 97.66
0 17 48.86
25 3 29.02
17 40 61.55
12 38 62.64
17 16 99.24
37 26 87.93
35 20 48.71
12 14 54.43
14 1 27.18
10 23 51.9
35 36 31.62
42 29 12.75
13 18 84.0
19 24 77.13
25 21 29.84
16 31 68.36
36 18 4.72
14 16 13.95
42 6 76.24
17 44 69.54
33 1 51.95
5 36 36.23
6 40 38.7
22 44 86.89
43 41 20.23
22 38 76.2
37 1 85.54
35 15 58.73
25 36 86.56
31 9 31.03
1 18 12.09
27 7 6.94
7 44 41.53
35 33 72.83
9 10 74.66
21 14 48.75
19 0 88.93
7 34 68.6
12 27 72.29
27 38 28.43
16 6 20.26
28 32 66.03
3 7 42.44
30 14 52.29
14 3 24.99
29 22 99.3
2 0 71.51
36 8 1.99
13 14 72.82
36 38 70.42
41 39 51.72
10 27 28.04
42 3 12.88
37 3 26.55
29 19 79.52
25 45 64.08
2 12 87.81
12 22 5.09
9 5 26.13
8 25 83.49
28 44 70.41
33 2 68.4
9 13 97.99
15 6 34.41
34 36 12.67
16 33 76.33
1 41 77.78
45 5 22.42
14 7 22.05
37 27 80.83
16 28 2.3
15 17 66.15
34 25 33.86
45 2 84.33
18 10 89.7
8 45 85.83
14 29 52.57
45 10 82.32
45 27 33.38
31 6 99.5
40 26 87.67
1 28 73.61
19 32 40.81
43 19 26.31
38 43 87.18
10 34 18.26
11 39 89.02
43 21 60.18
23 43 76.19
37 30 65.07
10 33 50.83
30 40 99.85
35 43 33.38
35 40 22.98
35 7 38.12
34 13 19.81
26 31 99.01
45 16 86.92
24 2 76.27
44 13 71.88
38 31 58.92
5 31 0.12
4 35 92.17
16 19 18.71
22 3 43.02
1 23 95.77
15 4 87.41
4 16 28.77
5 25 40.74
39 22 90.87
44 40 95.95
3 21 24.1
8 39 94.74
15 23 24.73
39 36 37.23
4 11 3.51
36 27 91.91
27 26 83.85
13 24 19.12
23 29 22.23
17 4 21.24
35 6 54.55
3 0 51.68
38 23 60.39
24 41 82.14
6 19 63.11
20 0 42.38
2 5 15.37
17 32 78.61
35 1 54.74
36 16 52.41
24 8 32.87
9 36 1.92
3 30 33.77
23 7 6.5
15 18 11.41
28 26 93.8
12 45 57.49
5 16 54.78
40 22 18.12
27 5 97.26
42 5 29.02
19 40 60.54
10 22 55.97
45 7 19.28
1 30 19.53
20 17 82.02
27 40 41.82
9 24 10.06
11 20 73.09
41 22 41.82
17 12 61.57
31 37 56.13
43 0 76.96
4 25 78.31
13 33 26.4
13 6 93.79
4 23 54.05
43 44 97.9
3 1 73.29
4 36 62.01
9 14 58.09
6 23 78.09
0 38 68.22
19 44 0.6
36 43 81.79
42 23 9.13
29 43 68.13
37 8 88.81
15 27 1.32
11 23 53.57
26 12 0.77
27 42 4.54
1 11 6.93
22 20 36.35
28 0 47.89
41 36 73.16
45 33 62.3
16 2 57.08
24 15 50.26
42 19 79.84
40 37 97.21
30 35 23.58
0 13 96.73
3 11 71.87
45 42 14.32
43 15 32.86
29 26 88.05
21 37 22.22
27 0 28.87
24 26 72.91
35 17 37.53
8 10 48.46
29 17 49.15
7 6 15.06
34 27 45.87
11 26 49.14
31 43 63.99
7 9 44.15
37 0 62.82
27 20 53.76
11 33 61.21
42 37 59.42
2 39 77.18
32 15 78.27
8 32 40.2
38 11 92.51
41 7 98.14
10 21 25.75
28 3 21.77
0 42 73.81
18 26 72.52
33 26 42.92
43 7 2.79
38 8 31.04
40 38 68.06
9 21 39.2
26 23 74.56
41 38 13.31
1 9 17.85
32 36 3.64
9 18 79.18
42 30 82.3
27 23 27.92
30 5 85.19
4 29 35.46
13 30 52.77
38 4 19.59
27 3 6.11
31 21 37.65
41 37 32.71
5 6 34.66
34 17 72.72
20 16 68.15
6 39 33.17
35 44 18.85
41 14 10.21
16 10 2.9
37 14 42.94
41 33 21.24
20 40 90.21
40 8 69.32
38 16 26.34
14 45 27.0
25 22 5.36
29 20 9.36
40 9 47.86
40 5 70.87
0 48 99.6
1 48 99.6
2 48 99.6
3 48 99.6
4 48 99.6
5 48 99.6
6 48 99.6
7 48 99.6
8 48 99.6
9 48 99.6
10 48 99.6
11 48 99.6
12 48 99.6
13 48 99.6
14 48 99.6
15 48 99.6
16 48 99.6
17 48 99.6
18 48 99.6
19 48 99.6
20 48 99.6
21 48 99.6
22 48 99.6
23 48 99.6
24 48 99.6
25 48 99.6
26 48 99.6
27 48 99.6
28 48 99.6
29 48 99.6
30 48 99.6
31 48 99.6
32 48 99.6
33 48 99.6
34 48 99.6
35 48 99.6
36 48 99.6
37 48 99.6
38 48 99.6
39 48 99.6
40 48 99.6
41 48 99.6
42 48 99.6
43 48 99.6
44 48 99.6
45 48 99.6
46 48 99.6
47 48 99.6
0 49 99.6
1 49 99.6
2 49 99.6
3 49 99.6
4 49 99.6
5 49 99.6
6 49 99.6
7 49 99.6
8 49 99.6
9 49 99.6
10 49 99.6
11 49 99.6
12 49 99.6
13 49 99.6
14 49 99.6
15 49 99.6
16 49 99.6
17 49 99.6
18 49 99.6
19 49 99.6
20 49 99.6
21 49 99.6
22 49 99.6
23 49 99.6
24 49 99.6
25 49 99.6
26 49 99.6
27 49 99.6
28 49 99.6
29 49 99.6
30 49 99.6
31 49 99.6
32 49 99.6
33 49 99.6
34 49 99.6
35 49 99.6
36 49 99.6
37 49 99.6
38 49 99.6
39 49 99.6
40 49 99.6
41 49 99.6
42 49 99.6
43 49 99.6
44 49 99.6
45 49 99.6
46 49 99.6
47 49 99.6
48 49 0.1
