50
0 12 32.8
0 28 66.4
0 29 18.2
0 35 10.9
0 40 43.1
0 42 30.1
0 49 98.2
1 14 99.9
1 15 10.7
1 30 89.4
1 33 87.0
1 41 56.6
1 49 33.6
2 7 72.4
2 19 1.9
2 26 56.6
2 28 22.2
2 38 38.3
2 39 40.9
2 46 90.9
2 47 24.2
3 5 61.3
3 6 2.7
3 22 56.9
3 26 54.2
3 27 27.5
3 41 34.1
3 43 14.4
4 20 44.2
4 23 31.2
4 34 52.9
5 13 15.3
5 19 25.2
5 23 82.7
5 25 66.0
5 28 97.7
5 33 19.8
5 36 86.7
5 38 37.8
5 42 93.3
6 16 98.0
6 31 48.5
6 41 39.1
7 13 44.7
7 16 9.2
7 46 15.7
8 25 92.0
8 35 76.2
8 39 90.9
9 15 6.3
9 17 15.9
9 38 52.9
10 11 94.8
10 14 39.4
10 38 11.3
10 40 58.3
10 49 15.2
11 26 23.1
12 23 16.4
13 14 15.2
13 24 86.4
14 15 81.0
14 22 24.8
14 49 11.6
15 18 59.1
15 27 64.0
15 31 4.8
15 32 83.8
15 37 70.9
15 39 22.8
15 44 91.3
16 17 57.0
16 46 25.4
16 49 31.5
17 23 23.2
17 44 1.9
19 22 33.6
19 48 28.1
20 23 13.0
20 29 31.5
21 22 53.0
21 32 84.6
21 41 94.2
22 25 7.8
22 27 45.2
22 35 91.8
23 25 11.8
23 30 6.0
23 39 5.1
23 43 20.8
24 32 80.5
24 46 65.5
25 26 32.6
26 38 4.8
27 34 91.1
27 40 14.3
28 36 50.1
29 39 68.7
29 41 12.6
31 37 41.2
33 35 23.5
34 35 3.9
35 36 56.2
35 39 7.6
37 40 28.7
37 48 10.2
38 46 54.4
38 48 23.4
40 45 60.8
40 47 59.7
42 47 56.6
47 48 70.5