50
21 35 43.575
35 29 47.311
29 4 34.714
4 30 42.574
30 10 19.177
10 0 40.293
0 32 49.908
32 45 72.459
45 14 9.212
14 42 70.127
42 20 30.925
20 36 91.646
36 46 88.69
46 24 14.995
24 2 4.718
2 38 4.018
38 48 62.651
48 1 9.895
1 28 26.558
28 13 4.005
13 11 33.608
11 15 2.521
15 27 90.797
27 6 62.458
6 39 12.88
39 9 95.169
9 8 30.246
8 33 48.992
33 25 60.25
25 49 92.312
49 41 79.72
41 40 89.5
40 47 69.316
47 23 6.224
23 7 84.877
7 22 34.697
22 18 16.45
18 44 14.832
44 34 70.108
34 16 10.384
16 3 20.815
3 5 17.507
5 26 35.64
26 43 24.226
43 17 23.358
17 19 48.45
19 12 62.674
12 31 14.148
31 37 42.92
