50
0 1 0.25
1 2 0.5
2 0 0.75
2 3 1.5
3 4 0.25
4 5 0.25
5 6 0.25
6 7 0.25
7 8 0.25
8 9 1
9 10 1
10 11 1
11 12 1
12 13 1
13 14 1
14 15 1
15 16 1
16 17 1
17 18 1
18 19 1
19 20 1
20 21 1
21 22 1
22 23 1
23 24 1
13 15 0.95
17 12 0.001
10 13 0.001
11 24 99
24 25 1
25 26 1
26 27 1
27 28 1
28 29 1
29 30 1
30 31 1
31 32 1
32 33 1
33 34 1
34 35 1
35 36 1
36 37 1
37 38 1
38 39 1
39 40 1
40 41 1
41 42 1
42 43 1
43 44 1
44 45 1
45 46 1
46 47 1
47 48 1
48 49 1
1 49 0.05
2 49 0.05
3 49 0.051