50
43 2 9.488
10 4 59.907
20 35 41.039
27 36 43.327
33 20 55.436
28 9 40.808
25 4 41.018
9 12 14.101
19 13 68.674
42 48 91.906
32 13 10.223
24 39 72.167
16 46 60.112
2 4 9.283
1 9 24.672
15 17 14.898
30 40 79.508
44 21 62.745
34 33 41.261
16 5 72.939
19 25 90.141
17 9 66.242
40 41 62.481
12 17 52.777
40 25 21.436
17 26 48.003
26 16 65.966
4 34 34.976
32 36 37.701
5 28 71.04
8 7 68.269
31 13 2.689
48 25 37.669
15 39 25.604
9 3 28.186
35 32 89.568
31 28 58.077
12 38 71.522
21 5 12.334
48 10 74.667
35 4 79.322
4 44 70.165
29 48 13.547
34 31 84.738
45 34 84.629
21 7 37.701
32 16 61.183
31 15 78.36
3 49 15.48
18 0 69.278
4 41 66.312
17 12 10.957
48 13 36.258
36 37 0.528
6 35 30.708
23 0 11.854
25 18 56.979
19 24 73.345
30 25 65.381
33 31 97.865
10 2 71.372
9 21 87.534
41 37 59.726
13 29 34.538
20 19 6.974
3 8 74.185
12 22 35.881
31 28 29.36
9 26 26.918
21 9 91.609
43 23 87.488
23 31 64.669
45 1 16.997
48 16 76.83
6 5 70.483
11 31 29.303
40 7 14.088
42 27 9.58
29 22 51.681
32 18 30.793
23 33 91.323
3 28 82.384
15 19 44.0
16 32 9.934
14 28 21.05
17 8 54.3
27 46 9.909
17 7 63.371
19 29 93.273
2 23 93.422
2 16 10.808
43 30 10.256
18 41 93.278
45 21 53.183
39 6 79.447
24 16 1.307
27 39 26.186
28 13 98.869
4 12 11.023
46 17 8.011
32 26 37.082
4 44 75.768
18 4 35.067
46 1 89.957
38 21 0.842
40 5 41.411
12 22 71.068
10 25 11.673
44 42 98.109
18 22 53.356
5 3 66.652
14 19 67.663
12 10 1.989
7 30 44.848
27 33 28.958
15 45 23.159
44 42 71.417
46 25 84.7
9 24 36.498
43 27 36.223
1 29 41.997
20 4 97.767
30 2 29.585
49 4 23.416
32 36 78.512
22 13 6.727
12 0 57.817
41 37 64.504
20 49 29.297
0 12 39.9
46 15 1.055
6 13 9.731
21 9 23.38
9 33 54.759
24 36 62.823
7 46 15.694
39 32 94.08
15 9 84.297
36 21 46.995
32 11 88.0
39 3 83.433
38 39 43.857
47 17 97.187
