50
0 1 1.0
1 2 1.0
2 3 1.0
3 4 1.0
4 0 1.0
5 0 1.0
6 5 1.0
7 6 1.0
7 1 1.0
8 7 1.0
9 8 1.0
9 2 1.0
10 9 1.0
11 10 1.0
11 3 1.0
12 11 1.0
13 12 1.0
13 4 1.0
14 13 1.0
14 5 1.0
15 14 1.0
16 15 1.0
17 16 1.0
17 12 1.0
18 17 1.0
19 18 1.0
19 10 1.0
20 19 1.0
21 20 1.0
21 8 1.0
22 21 1.0
23 22 1.0
23 6 1.0
24 23 1.0
24 15 1.0
26 25 2.0
27 26 2.0
28 27 2.0
29 28 2.0
29 25 2.0
30 25 2.0
31 30 2.0
32 31 2.0
32 26 2.0
33 32 2.0
34 33 2.0
34 27 2.0
35 34 2.0
36 35 2.0
36 28 2.0
37 36 2.0
38 37 2.0
38 29 2.0
39 38 2.0
39 30 2.0
40 39 2.0
41 40 2.0
42 41 2.0
42 37 2.0
43 42 2.0
44 43 2.0
44 35 2.0
45 44 2.0
46 45 2.0
46 33 2.0
47 46 2.0
48 47 2.0
48 31 2.0
49 48 2.0
49 19 2.0
