42
0 1 0.25
1 2 1.75
2 3 2.25
3 4 0.75
4 5 1.75
5 6 2.75
6 7 3.25
7 8 1.0
8 9 0.75
9 10 4.25
10 11 5.0
11 12 0.25
12 13 1.25
13 14 4.0
14 15 3.0
15 16 2.25
16 17 4.75
17 18 1.5
18 19 2.25
19 20 2.75
20 21 4.25
21 22 1.25
22 23 1.5
23 24 3.75
24 25 4.25
25 26 1.25
26 27 0.25
27 28 1.75
28 29 5.0
29 30 3.75
30 31 4.75
31 32 3.0
32 33 4.0
33 34 2.75
34 35 4.25
35 36 1.75
36 37 2.25
37 38 1.25
38 39 1.75
39 40 3.75
40 41 1.5
0 2 5.0
0 9 1.75
0 13 2.75
0 19 3.0
0 23 3.75
0 31 1.75
0 41 4.5
1 4 2.0
1 9 1.75
1 13 4.25
1 17 3.0
1 25 2.25
1 37 1.0
1 40 4.25
3 12 1.75
3 18 3.25
3 25 3.75
3 27 1.5
3 29 1.75
3 33 4.5
3 37 0.25
4 25 0.75
4 28 1.25
4 35 3.5
4 39 1.5
6 23 5.0
6 34 1.75
7 18 2.5
7 26 1.0
9 11 2.25
9 14 3.0
9 24 1.25
10 13 4.25
12 29 2.5
15 18 0.75
15 24 2.5
15 33 4.0
17 19 2.0
17 23 1.75
20 24 2.75
20 32 1.0
20 34 4.25
23 27 4.0
23 29 0.25
26 31 0.75
26 37 3.75
29 31 0.25
29 33 1.75
29 36 4.25
29 39 4.5
31 33 1.75
31 36 4.0
32 34 1.25
32 38 4.25
35 37 0.25
36 38 1.75
39 41 2.25
