50
0 1 5.924
0 2 22.807
0 4 32.689
0 5 45.928
0 11 30.964
0 13 34.211
0 17 19.231
0 20 17.277
0 22 40.119
0 24 30.65
0 25 38.836
0 27 37.672
0 32 9.041
0 35 29.318
0 37 24.702
0 38 48.833
0 40 41.525
0 41 42.148
0 42 48.444
0 45 40.75
0 46 28.542
0 47 5.446
0 48 2.792
1 4 18.777
1 7 37.844
1 9 1.554
1 12 5.531
1 15 10.258
1 17 41.817
1 18 35.501
1 20 1.101
1 22 2.29
1 24 11.309
1 29 9.067
1 30 40.354
1 31 42.286
1 32 1.92
1 33 26.638
1 35 39.76
1 36 24.235
1 38 9.807
1 45 3.388
1 49 32.32
2 3 27.096
2 6 15.614
2 8 2.561
2 9 47.379
2 13 0.774
2 15 40.486
2 18 3.062
2 21 9.023
2 28 8.329
2 30 25.238
2 31 31.276
2 35 21.866
2 36 30.614
2 37 17.356
2 40 8.93
2 41 5.402
2 42 28.115
2 48 29.99
2 49 48.019
3 4 2.391
3 5 14.004
3 8 24.678
3 9 15.023
3 10 46.825
3 12 24.831
3 16 36.717
3 20 15.298
3 28 44.835
3 30 38.761
3 33 7.662
3 34 30.999
3 35 10.398
3 37 48.886
3 39 48.598
3 40 31.495
3 43 35.036
3 47 12.606
3 48 17.757
4 6 26.346
4 7 7.055
4 8 7.467
4 10 11.68
4 11 15.348
4 12 19.754
4 14 39.47
4 18 4.684
4 19 6.834
4 20 15.571
4 23 32.453
4 25 46.999
4 28 8.673
4 29 7.542
4 31 19.906
4 34 37.126
4 35 5.388
4 39 2.86
4 44 15.128
4 45 19.279
4 46 11.804
4 48 32.836
4 49 36.84
5 8 19.361
5 12 35.699
5 13 24.543
5 15 3.311
5 18 19.033
5 19 28.936
5 21 44.364
5 26 36.502
5 31 27.362
5 32 20.461
5 33 41.205
5 36 4.735
5 37 42.555
5 38 15.985
5 39 37.53
5 41 20.272
5 46 37.04
6 7 10.63
6 8 7.503
6 9 4.009
6 11 36.23
6 13 27.859
6 18 48.697
6 19 35.819
6 22 32.688
6 25 33.3
6 28 31.43
6 29 12.156
6 40 37.214
6 43 0.17
6 44 26.228
6 47 34.084
7 10 17.731
7 13 5.639
7 18 43.804
7 20 4.001
7 22 43.877
7 23 20.242
7 30 32.89
7 32 27.904
7 37 14.634
7 44 20.38
7 45 44.686
7 47 24.879
7 49 3.524
8 9 37.569
8 12 47.766
8 15 21.706
8 16 12.911
8 17 47.842
8 21 43.868
8 27 2.632
8 29 31.503
8 31 7.28
8 34 43.435
8 37 27.284
8 38 23.789
8 41 39.043
8 43 49.791
8 48 27.502
9 12 47.823
9 13 39.04
9 15 45.457
9 20 46.501
9 23 33.087
9 27 27.303
9 29 16.873
9 31 49.346
9 33 9.609
9 43 6.94
9 47 17.882
9 48 21.217
10 12 38.016
10 13 19.018
10 16 24.036
10 17 17.669
10 27 38.565
10 28 20.545
10 29 5.323
10 30 6.999
10 34 36.269
10 36 34.743
10 41 34.597
10 46 6.639
10 48 49.151
11 12 4.705
11 14 32.91
11 16 11.125
11 17 8.671
11 18 11.195
11 21 15.349
11 23 6.996
11 26 33.605
11 27 48.635
11 32 9.324
11 37 20.179
11 40 10.317
11 41 31.277
11 42 45.897
11 43 9.158
11 44 35.153
11 46 16.688
11 47 40.701
12 16 26.406
12 17 11.265
12 22 46.175
12 25 27.053
12 26 6.477
12 27 4.501
12 28 12.395
12 29 30.273
12 32 43.908
12 35 14.673
12 36 11.459
12 37 44.441
12 40 9.74
12 45 40.12
12 48 33.314
13 14 30.032
13 20 26.485
13 22 28.69
13 25 5.917
13 26 18.299
13 28 31.073
13 29 32.799
13 31 30.579
13 35 2.294
13 37 14.1
13 40 17.968
13 44 32.646
13 47 14.471
13 48 29.249
14 15 4.052
14 19 34.322
14 20 35.634
14 27 23.513
14 32 43.489
14 33 33.84
14 35 44.16
14 36 7.448
14 37 20.623
14 39 22.898
14 40 43.235
14 41 45.624
14 42 21.213
14 43 20.751
14 44 24.632
14 49 25.982
15 17 40.041
15 18 17.851
15 23 9.584
15 34 29.18
15 35 27.254
15 38 21.483
15 39 40.784
15 41 31.223
15 43 29.268
15 46 32.652
15 47 40.362
16 22 23.179
16 24 34.624
16 25 28.216
16 28 11.084
16 31 45.543
16 34 46.156
16 38 10.884
16 41 26.752
16 44 0.202
16 45 14.51
16 47 0.181
17 22 46.147
17 23 44.369
17 24 37.649
17 25 21.316
17 33 11.48
17 41 20.837
17 42 1.231
17 44 36.636
17 46 5.161
17 49 20.841
18 20 36.856
18 21 42.705
18 24 25.93
18 25 32.92
18 30 46.595
18 33 1.644
18 35 38.805
18 41 17.111
18 45 38.068
18 47 39.019
18 48 20.607
18 49 29.33
19 20 0.46
19 21 45.108
19 23 1.836
19 24 29.153
19 27 37.282
19 29 7.175
19 31 0.747
19 32 46.04
19 33 1.971
19 35 11.282
19 36 0.894
19 41 22.389
19 42 31.581
19 43 12.287
20 23 34.051
20 25 3.469
20 27 36.463
20 32 19.889
20 35 2.446
20 37 27.813
20 38 28.169
20 44 8.466
20 48 44.477
21 23 30.728
21 24 15.776
21 26 39.668
21 27 17.528
21 34 44.315
21 40 27.704
21 42 11.662
21 43 0.399
21 44 40.432
21 45 45.667
21 47 33.915
22 23 29.634
22 26 24.802
22 27 8.003
22 30 28.716
22 35 5.879
22 37 29.313
22 38 35.622
22 40 11.266
22 43 22.765
22 44 11.061
22 45 18.701
22 46 42.636
22 49 14.518
23 26 12.959
23 30 10.363
23 31 26.506
23 32 25.488
23 33 47.521
23 35 14.476
23 36 20.058
23 37 5.87
23 38 46.217
23 40 9.187
23 41 30.149
23 46 10.331
24 29 19.456
24 32 22.063
24 33 16.172
24 43 27.137
25 26 1.012
25 30 10.985
25 35 36.788
25 41 23.742
25 45 48.803
25 46 28.897
25 47 3.308
25 48 13.865
26 29 10.19
26 31 30.678
26 34 25.123
26 35 36.844
26 40 30.466
26 43 23.263
26 44 29.13
26 49 43.204
27 29 19.187
27 34 7.897
27 39 4.677
27 40 39.609
27 41 19.929
27 43 44.815
27 45 35.972
27 47 45.156
28 32 36.931
28 34 12.439
28 35 20.651
28 39 23.144
28 43 12.407
28 45 33.824
28 49 28.9
29 30 1.823
29 34 25.699
29 38 49.137
29 40 22.178
29 45 8.53
29 48 30.398
30 33 5.824
30 35 18.171
30 36 38.49
30 39 42.618
30 42 33.342
30 43 28.227
30 45 2.511
30 46 46.292
30 47 19.298
30 49 33.033
31 32 1.524
31 33 27.922
31 35 10.199
31 43 6.574
32 33 49.555
32 34 7.42
32 35 16.786
32 37 41.364
32 39 16.918
32 44 7.279
32 46 45.12
32 47 18.036
33 34 18.506
33 35 45.876
33 36 35.656
33 37 25.791
33 38 2.942
33 39 36.976
33 41 48.549
33 42 22.279
33 44 9.038
33 45 46.786
33 47 22.498
33 48 26.497
33 49 42.768
34 35 35.369
34 36 23.531
34 38 36.428
34 39 30.141
34 42 26.342
34 45 26.541
35 37 28.313
35 41 0.365
35 42 20.075
35 44 29.188
35 45 1.3
35 46 38.054
35 48 6.071
36 38 9.453
36 39 43.89
36 40 40.762
36 41 31.94
36 45 13.763
36 48 38.965
36 49 48.546
37 39 42.197
37 41 42.826
37 42 37.35
37 43 35.438
37 44 35.181
38 39 11.761
38 45 21.997
38 47 33.243
39 44 32.179
39 45 47.513
40 42 4.425
40 44 33.919
40 45 6.535
40 47 27.955
41 45 17.052
41 46 2.348
41 47 14.995
41 48 1.425
42 48 0.535
42 49 32.882
43 44 30.551
43 45 33.678
43 46 49.118
43 48 6.491
43 49 8.473
44 46 32.212
45 47 35.073
46 47 4.371
47 48 8.298
