50
0 1 78
0 22 80
0 23 81
0 34 86
0 40 77
0 44 99
0 45 78
1 36 88
1 37 22
1 43 77
1 44 89
1 48 24
2 5 99
2 7 36
2 11 33
2 14 35
2 15 63
2 44 8
3 19 34
3 24 27
3 29 7
3 39 22
3 43 17
3 49 70
4 5 95
4 10 20
4 16 75
4 24 86
4 26 38
4 34 5
4 36 1
5 8 53
5 11 36
5 13 21
5 37 60
5 46 49
6 8 13
6 11 55
6 22 65
6 24 39
6 39 37
6 49 18
7 24 95
7 34 65
7 36 78
8 11 32
8 18 39
8 24 20
8 29 30
8 33 78
8 37 63
9 21 3
9 33 70
11 15 62
11 18 57
11 29 83
11 31 53
12 19 88
13 17 15
13 28 6
13 37 17
13 46 55
14 16 19
14 30 24
14 33 57
14 35 56
15 45 94
16 17 8
16 20 25
16 28 80
16 32 95
16 35 59
16 37 43
16 42 69
17 19 45
18 24 65
18 41 62
18 42 75
18 48 27
19 43 58
20 43 13
20 44 99
20 45 31
20 48 11
21 32 78
21 43 5
22 31 98
22 47 7
23 28 33
24 25 64
24 47 10
25 28 59
25 35 28
25 45 14
25 46 51
26 34 31
26 38 8
26 48 74
27 33 65
27 36 31
29 31 26
29 39 91
29 44 56
30 33 28
30 44 4
30 46 61
31 33 55
31 42 47
31 43 99
33 34 52
33 40 34
34 38 51
34 47 96
35 47 96
35 49 1
36 37 12
36 39 8
36 40 42
36 45 31
38 43 65
48 49 85