50
0 21 83.151
21 47 30.542
47 38 85.398
38 0 88.669
38 48 90.541
48 44 30.271
44 45 56.91
45 23 83.664
23 25 70.355
25 45 81.763
25 47 15.484
25 15 66.594
15 5 9.008
5 36 28.026
36 34 74.8
34 39 53.226
39 23 98.573
39 41 57.757
41 24 3.768
24 7 78.711
7 18 73.18
18 29 66.537
29 14 94.843
14 23 57.814
14 1 72.92
1 10 32.544
10 27 15.958
27 40 47.443
40 15 33.46
40 46 71.441
46 1 67.544
46 36 47.253
46 45 12.067
46 18 47.3
46 48 60.45
46 47 35.284
46 12 57.728
12 32 64.987
32 23 45.433
32 49 78.858
49 3 81.456
3 7 73.921
3 45 28.556
3 12 16.556
3 43 96.328
43 42 83.986
42 31 14.472
31 10 13.982
31 3 45.345
31 24 56.033
31 7 49.463
31 35 92.463
35 13 7.651
13 18 42.281
13 40 97.125
13 36 4.204
13 48 93.346
13 31 20.163
13 38 28.119
13 21 82.49
13 45 48.192
13 2 41.977
2 45 21.409
2 18 78.383
2 23 89.485
2 41 20.175
2 19 97.691
19 31 30.834
19 9 60.193
9 28 85.69
28 30 4.916
30 0 20.631
30 39 8.534
30 32 52.698
30 24 70.795
30 48 87.638
30 7 41.766
30 31 48.321
30 23 26.888
30 38 76.135
30 42 73.648
30 20 87.823
20 10 46.612
20 35 75.164
20 22 36.898
22 21 48.716
22 44 23.554
22 5 94.339
22 12 71.619
22 33 67.594
33 7 88.902
33 23 19.448
33 4 32.527
4 17 46.18
17 14 54.941
17 5 83.895
17 32 94.179
17 13 72.371
17 20 27.752
17 1 25.791
17 0 66.456
17 31 62.847
17 43 40.463
17 2 51.489
17 26 11.082
26 3 18.778
26 22 29.149
26 13 53.469
26 30 86.038
26 42 44.928
26 11 83.27
11 3 72.901
11 38 47.093
11 45 68.439
11 13 73.615
11 28 20.57
11 48 84.707
11 41 39.818
11 5 79.913
11 32 8.044
11 7 96.797
11 15 30.873
11 36 70.522
11 49 24.831
11 37 9.254
37 31 61.292
37 5 21.727
37 27 76.191
37 33 98.039
37 48 53.002
37 18 71.579
37 15 7.187
37 22 67.235
37 39 25.845
37 42 53.779
37 38 79.132
37 3 28.566
37 19 0.316
37 35 23.528
37 9 11.967
37 16 18.008
16 30 81.896
16 19 95.538
16 8 79.423
8 20 24.697
8 23 15.265
8 45 75.296
8 34 72.593
8 3 94.37
8 49 42.635
8 32 43.652
8 15 7.743
8 10 59.727
8 28 21.065
8 25 10.884
8 1 89.811
8 2 0.588
8 35 83.694
8 26 63.165
8 27 35.757
8 48 85.008
8 39 28.814
8 46 19.109
8 31 29.017
8 38 9.119
8 43 22.922
8 5 81.622
8 4 16.506
8 6 83.549