50
0 1 92.42
0 2 95.35
0 3 53.12
0 4 90.20
0 5 58.06
0 6 11.58
0 7 15.05
0 8 23.12
0 9 68.63
0 10 65.75
0 11 18.48
0 12 71.52
0 13 36.60
0 14 60.88
0 15 14.88
0 16 91.30
0 17 86.44
0 18 42.72
0 19 30.81
0 20 35.79
0 21 50.06
0 22 81.65
0 23 80.01
0 24 11.18
0 25 48.20
0 26 26.19
0 27 27.50
0 28 57.16
0 29 38.91
0 30 87.51
0 31 30.50
0 32 59.65
0 33 99.11
0 34 83.38
0 35 31.42
0 36 2.584
0 37 90.91
0 38 26.91
0 39 45.27
0 40 12.62
0 41 47.04
0 42 16.58
0 43 49.32
0 44 80.04
0 45 93.44
0 46 50.66
0 47 58.70
0 48 80.01
0 49 83.53
1 2 29.14
1 3 74.85
1 4 55.35
1 5 10.35
1 6 43.75
1 7 3.442
1 8 82.69
1 9 69.25
1 10 81.66
1 11 19.31
1 12 72.18
1 13 25.46
1 14 97.49
1 15 37.54
1 16 18.16
1 17 68.51
1 18 28.18
1 19 61.12
1 20 45.49
1 21 30.88
1 22 7.940
1 23 77.73
1 24 74.37
1 25 43.22
1 26 86.98
1 27 61.34
1 28 36.69
1 29 27.64
1 30 85.77
1 31 94.18
1 32 23.79
1 33 25.46
1 34 39.25
1 35 98.69
1 36 12.39
1 37 81.80
1 38 68.43
1 39 28.72
1 40 42.32
1 41 87.36
1 42 69.51
1 43 37.08
1 44 64.37
1 45 25.16
1 46 63.74
1 47 95.37
1 48 35.51
1 49 16.76
2 3 10.44
2 4 67.76
2 5 61.02
2 6 58.67
2 7 11.80
2 8 35.43
2 9 84.56
2 10 40.18
2 11 16.66
2 12 3.395
2 13 32.40
2 14 52.15
2 15 80.14
2 16 31.29
2 17 47.48
2 18 83.91
2 19 75.33
2 20 37.65
2 21 11.23
2 22 95.43
2 23 56.95
2 24 84.21
2 25 26.95
2 26 10.60
2 27 51.68
2 28 32.91
2 29 73.36
2 30 2.360
2 31 9.631
2 32 45.17
2 33 71.15
2 34 23.86
2 35 8.292
2 36 34.54
2 37 65.60
2 38 70.06
2 39 12.91
2 40 8.789
2 41 54.27
2 42 84.97
2 43 93.80
2 44 27.53
2 45 84.39
2 46 96.12
2 47 32.37
2 48 42.59
2 49 30.80
3 4 34.20
3 5 82.98
3 6 56.45
3 7 51.05
3 8 73.82
3 9 82.47
3 10 71.44
3 11 68.20
3 12 53.76
3 13 87.49
3 14 67.22
3 15 12.27
3 16 75.39
3 17 67.49
3 18 80.73
3 19 94.47
3 20 5.768
3 21 1.286
3 22 82.89
3 23 31.71
3 24 80.49
3 25 64.34
3 26 66.90
3 27 7.990
3 28 54.89
3 29 50.58
3 30 92.06
3 31 40.42
3 32 31.93
3 33 82.97
3 34 19.74
3 35 51.10
3 36 84.42
3 37 75.25
3 38 23.63
3 39 70.34
3 40 8.740
3 41 21.88
3 42 36.79
3 43 14.00
3 44 5.394
3 45 55.71
3 46 60.89
3 47 73.66
3 48 27.42
3 49 18.62
4 5 17.11
4 6 45.03
4 7 36.58
4 8 48.62
4 9 70.75
4 10 68.85
4 11 32.03
4 12 93.74
4 13 67.11
4 14 38.44
4 15 15.82
4 16 6.610
4 17 45.17
4 18 30.97
4 19 60.62
4 20 98.24
4 21 97.63
4 22 65.06
4 23 94.84
4 24 23.63
4 25 70.19
4 26 61.89
4 27 73.83
4 28 15.85
4 29 87.19
4 30 82.45
4 31 78.66
4 32 28.98
4 33 93.64
4 34 42.19
4 35 42.95
4 36 2.735
4 37 45.59
4 38 14.22
4 39 55.87
4 40 90.18
4 41 5.119
4 42 25.02
4 43 77.76
4 44 82.34
4 45 69.33
4 46 67.06
4 47 28.00
4 48 21.91
4 49 35.33
5 6 20.00
5 7 80.21
5 8 52.99
5 9 13.31
5 10 59.15
5 11 6.464
5 12 64.63
5 13 26.74
5 14 32.44
5 15 37.41
5 16 11.46
5 17 85.32
5 18 67.63
5 19 99.06
5 20 53.17
5 21 77.23
5 22 97.37
5 23 81.14
5 24 50.34
5 25 29.94
5 26 33.91
5 27 40.90
5 28 18.71
5 29 66.25
5 30 92.88
5 31 90.10
5 32 82.09
5 33 64.60
5 34 73.12
5 35 48.51
5 36 51.79
5 37 22.26
5 38 69.29
5 39 97.38
5 40 84.20
5 41 52.48
5 42 54.87
5 43 58.71
5 44 51.60
5 45 78.35
5 46 39.51
5 47 97.92
5 48 46.39
5 49 77.64
6 7 43.27
6 8 14.76
6 9 2.433
6 10 50.62
6 11 95.68
6 12 58.29
6 13 77.33
6 14 58.00
6 15 49.88
6 16 40.28
6 17 3.838
6 18 52.22
6 19 40.71
6 20 62.53
6 21 91.14
6 22 35.64
6 23 16.89
6 24 78.96
6 25 67.47
6 26 97.34
6 27 59.74
6 28 32.35
6 29 9.268
6 30 33.60
6 31 71.64
6 32 33.86
6 33 43.23
6 34 50.56
6 35 77.92
6 36 5.006
6 37 82.52
6 38 50.15
6 39 23.09
6 40 67.63
6 41 84.02
6 42 29.44
6 43 27.78
6 44 75.89
6 45 8.265
6 46 32.84
6 47 85.31
6 48 19.44
6 49 14.37
7 8 62.13
7 9 63.97
7 10 19.74
7 11 48.42
7 12 40.55
7 13 24.75
7 14 15.76
7 15 4.797
7 16 79.60
7 17 91.13
7 18 55.68
7 19 84.52
7 20 68.42
7 21 3.492
7 22 30.62
7 23 68.12
7 24 52.66
7 25 18.46
7 26 66.45
7 27 33.31
7 28 42.91
7 29 64.80
7 30 7.624
7 31 80.15
7 32 81.61
7 33 94.70
7 34 58.02
7 35 83.26
7 36 59.51
7 37 5.183
7 38 50.07
7 39 65.00
7 40 48.08
7 41 10.35
7 42 8.264
7 43 82.22
7 44 16.28
7 45 76.49
7 46 20.24
7 47 75.29
7 48 60.07
7 49 30.23
8 9 87.75
8 10 30.98
8 11 59.73
8 12 63.45
8 13 42.23
8 14 19.66
8 15 58.54
8 16 78.19
8 17 68.44
8 18 1.666
8 19 63.90
8 20 49.38
8 21 90.19
8 22 18.80
8 23 22.59
8 24 83.17
8 25 51.35
8 26 66.54
8 27 77.39
8 28 41.24
8 29 0.792
8 30 12.84
8 31 59.34
8 32 73.09
8 33 16.37
8 34 31.19
8 35 71.47
8 36 89.84
8 37 70.43
8 38 87.08
8 39 52.01
8 40 66.54
8 41 86.58
8 42 55.43
8 43 38.12
8 44 60.74
8 45 57.73
8 46 62.99
8 47 51.35
8 48 43.57
8 49 54.75
9 10 20.49
9 11 94.32
9 12 15.44
9 13 77.76
9 14 25.75
9 15 21.13
9 16 74.69
9 17 12.58
9 18 54.29
9 19 85.70
9 20 64.05
9 21 75.86
9 22 21.09
9 23 74.26
9 24 30.74
9 25 53.52
9 26 18.96
9 27 16.51
9 28 9.641
9 29 87.88
9 30 72.51
9 31 60.24
9 32 48.05
9 33 84.48
9 34 34.18
9 35 67.97
9 36 83.53
9 37 81.86
9 38 69.14
9 39 38.74
9 40 32.21
9 41 48.20
9 42 87.75
9 43 15.20
9 44 61.85
9 45 83.27
9 46 95.08
9 47 91.62
9 48 90.80
9 49 80.02
10 11 53.42
10 12 69.86
10 13 22.01
10 14 21.37
10 15 59.28
10 16 33.03
10 17 43.95
10 18 37.88
10 19 22.98
10 20 17.68
10 21 63.61
10 22 55.19
10 23 80.87
10 24 1.074
10 25 8.493
10 26 32.05
10 27 95.86
10 28 25.80
10 29 44.97
10 30 86.41
10 31 22.50
10 32 61.70
10 33 65.53
10 34 48.08
10 35 5.774
10 36 3.808
10 37 54.42
10 38 63.77
10 39 55.66
10 40 90.96
10 41 29.77
10 42 35.45
10 43 99.25
10 44 10.44
10 45 67.87
10 46 6.695
10 47 3.098
10 48 11.61
10 49 6.482
11 12 82.79
11 13 44.66
11 14 5.688
11 15 35.07
11 16 41.27
11 17 82.52
11 18 54.99
11 19 21.02
11 20 45.63
11 21 36.66
11 22 15.81
11 23 33.52
11 24 92.57
11 25 6.959
11 26 53.65
11 27 46.22
11 28 73.04
11 29 74.85
11 30 69.79
11 31 27.15
11 32 92.07
11 33 26.82
11 34 33.35
11 35 72.63
11 36 83.03
11 37 64.89
11 38 91.42
11 39 86.19
11 40 50.98
11 41 68.05
11 42 19.22
11 43 82.37
11 44 23.08
11 45 13.32
11 46 13.41
11 47 98.34
11 48 31.86
11 49 24.68
12 13 25.40
12 14 49.91
12 15 19.29
12 16 40.03
12 17 42.15
12 18 98.87
12 19 58.77
12 20 79.27
12 21 95.49
12 22 43.26
12 23 63.96
12 24 28.53
12 25 45.22
12 26 53.69
12 27 77.46
12 28 82.64
12 29 16.68
12 30 69.51
12 31 80.60
12 32 86.03
12 33 18.45
12 34 64.20
12 35 56.97
12 36 78.34
12 37 60.49
12 38 83.91
12 39 26.97
12 40 98.19
12 41 86.24
12 42 67.12
12 43 47.96
12 44 2.790
12 45 12.45
12 46 7.732
12 47 36.76
12 48 56.33
12 49 94.54
13 14 97.00
13 15 8.530
13 16 68.58
13 17 19.90
13 18 73.66
13 19 91.01
13 20 19.16
13 21 53.25
13 22 88.36
13 23 43.79
13 24 79.20
13 25 25.64
13 26 93.63
13 27 89.11
13 28 45.28
13 29 94.96
13 30 11.90
13 31 9.695
13 32 42.68
13 33 50.72
13 34 22.93
13 35 62.65
13 36 86.53
13 37 62.83
13 38 4.219
13 39 44.79
13 40 72.13
13 41 99.44
13 42 18.24
13 43 16.47
13 44 58.56
13 45 8.111
13 46 22.20
13 47 19.01
13 48 32.54
13 49 36.16
14 15 58.70
14 16 82.22
14 17 72.93
14 18 76.47
14 19 60.48
14 20 5.700
14 21 77.27
14 22 18.92
14 23 26.11
14 24 64.10
14 25 11.42
14 26 63.97
14 27 90.24
14 28 56.89
14 29 37.15
14 30 66.46
14 31 63.32
14 32 1.049
14 33 27.95
14 34 77.25
14 35 47.27
14 36 5.743
14 37 75.13
14 38 33.16
14 39 91.70
14 40 92.63
14 41 35.65
14 42 48.16
14 43 46.75
14 44 97.30
14 45 82.35
14 46 64.96
14 47 87.64
14 48 86.99
14 49 77.60
15 16 59.14
15 17 85.66
15 18 49.21
15 19 46.71
15 20 57.49
15 21 2.932
15 22 10.25
15 23 49.25
15 24 73.75
15 25 4.479
15 26 31.95
15 27 48.76
15 28 49.23
15 29 77.96
15 30 53.68
15 31 51.43
15 32 9.303
15 33 6.401
15 34 45.67
15 35 60.84
15 36 93.05
15 37 98.61
15 38 57.29
15 39 90.73
15 40 99.09
15 41 24.74
15 42 69.27
15 43 78.25
15 44 58.59
15 45 88.13
15 46 21.66
15 47 33.54
15 48 70.59
15 49 42.80
16 17 94.06
16 18 10.55
16 19 98.97
16 20 48.37
16 21 62.94
16 22 40.73
16 23 20.11
16 24 89.61
16 25 21.63
16 26 82.02
16 27 58.76
16 28 51.06
16 29 11.26
16 30 37.94
16 31 13.19
16 32 97.52
16 33 96.80
16 34 33.53
16 35 14.91
16 36 68.32
16 37 95.18
16 38 55.71
16 39 33.16
16 40 25.13
16 41 23.94
16 42 72.31
16 43 29.76
16 44 96.60
16 45 36.61
16 46 8.319
16 47 55.83
16 48 89.21
16 49 25.33
17 18 69.76
17 19 98.08
17 20 59.59
17 21 67.85
17 22 56.53
17 23 86.42
17 24 9.394
17 25 3.264
17 26 43.52
17 27 82.99
17 28 49.20
17 29 36.69
17 30 37.45
17 31 57.28
17 32 28.87
17 33 30.40
17 34 83.53
17 35 31.03
17 36 7.148
17 37 49.17
17 38 95.35
17 39 97.28
17 40 27.34
17 41 71.01
17 42 79.62
17 43 34.06
17 44 94.39
17 45 87.41
17 46 88.67
17 47 68.27
17 48 4.245
17 49 59.91
18 19 61.94
18 20 85.31
18 21 74.28
18 22 49.67
18 23 48.36
18 24 24.84
18 25 34.95
18 26 59.15
18 27 45.35
18 28 3.084
18 29 11.92
18 30 80.62
18 31 65.08
18 32 22.21
18 33 3.795
18 34 72.52
18 35 16.77
18 36 94.10
18 37 49.66
18 38 33.84
18 39 72.83
18 40 37.74
18 41 91.41
18 42 91.78
18 43 80.25
18 44 97.65
18 45 17.47
18 46 53.54
18 47 41.66
18 48 61.97
18 49 71.30
19 20 81.43
19 21 29.83
19 22 67.45
19 23 59.73
19 24 45.23
19 25 66.70
19 26 61.55
19 27 35.55
19 28 23.43
19 29 22.22
19 30 20.48
19 31 82.51
19 32 65.17
19 33 68.35
19 34 99.00
19 35 66.16
19 36 67.97
19 37 57.22
19 38 35.23
19 39 81.33
19 40 92.49
19 41 57.23
19 42 32.45
19 43 11.23
19 44 37.80
19 45 86.57
19 46 46.03
19 47 43.41
19 48 91.92
19 49 23.27
20 21 36.16
20 22 2.669
20 23 65.89
20 24 16.91
20 25 38.41
20 26 10.19
20 27 33.36
20 28 35.40
20 29 15.03
20 30 73.43
20 31 5.852
20 32 11.44
20 33 71.75
20 34 95.29
20 35 86.26
20 36 35.32
20 37 65.37
20 38 13.83
20 39 97.02
20 40 95.35
20 41 30.81
20 42 62.58
20 43 99.26
20 44 98.12
20 45 86.58
20 46 44.53
20 47 79.53
20 48 42.99
20 49 56.85
21 22 19.94
21 23 58.57
21 24 53.87
21 25 19.53
21 26 88.79
21 27 91.71
21 28 80.73
21 29 8.303
21 30 15.25
21 31 93.77
21 32 30.32
21 33 5.425
21 34 67.10
21 35 4.659
21 36 30.82
21 37 67.88
21 38 1.955
21 39 64.94
21 40 60.50
21 41 31.05
21 42 39.94
21 43 36.91
21 44 55.55
21 45 82.66
21 46 26.99
21 47 51.77
21 48 95.78
21 49 80.52
22 23 37.23
22 24 96.32
22 25 70.85
22 26 24.79
22 27 69.54
22 28 90.74
22 29 91.58
22 30 22.48
22 31 26.38
22 32 83.42
22 33 16.49
22 34 98.92
22 35 16.38
22 36 88.35
22 37 30.49
22 38 7.626
22 39 21.15
22 40 66.26
22 41 87.69
22 42 57.00
22 43 65.06
22 44 28.31
22 45 11.86
22 46 21.76
22 47 3.830
22 48 32.39
22 49 96.44
23 24 54.53
23 25 57.08
23 26 67.85
23 27 94.62
23 28 2.295
23 29 24.51
23 30 93.02
23 31 27.35
23 32 0.873
23 33 25.36
23 34 39.99
23 35 97.34
23 36 82.48
23 37 68.50
23 38 88.89
23 39 56.95
23 40 55.29
23 41 93.16
23 42 53.07
23 43 44.27
23 44 9.624
23 45 46.46
23 46 98.15
23 47 97.20
23 48 18.85
23 49 86.80
24 25 58.57
24 26 23.35
24 27 18.71
24 28 42.75
24 29 60.12
24 30 5.829
24 31 71.09
24 32 62.33
24 33 7.269
24 34 46.00
24 35 70.69
24 36 88.49
24 37 30.77
24 38 8.123
24 39 88.66
24 40 42.78
24 41 71.76
24 42 61.47
24 43 48.43
24 44 61.86
24 45 61.29
24 46 35.13
24 47 2.100
24 48 21.43
24 49 35.17
25 26 83.28
25 27 11.95
25 28 66.59
25 29 72.45
25 30 16.32
25 31 44.57
25 32 30.99
25 33 48.71
25 34 83.76
25 35 51.28
25 36 74.93
25 37 78.60
25 38 85.69
25 39 84.36
25 40 31.64
25 41 85.26
25 42 1.345
25 43 34.46
25 44 12.21
25 45 94.46
25 46 43.19
25 47 99.03
25 48 60.90
25 49 46.08
26 27 20.88
26 28 66.48
26 29 7.333
26 30 89.45
26 31 14.03
26 32 68.55
26 33 33.12
26 34 34.93
26 35 62.51
26 36 89.47
26 37 43.62
26 38 59.24
26 39 1.586
26 40 50.08
26 41 83.13
26 42 60.49
26 43 39.10
26 44 63.59
26 45 4.350
26 46 61.53
26 47 45.05
26 48 80.77
26 49 77.61
27 28 62.12
27 29 9.558
27 30 7.933
27 31 30.01
27 32 98.03
27 33 28.89
27 34 95.17
27 35 44.58
27 36 35.39
27 37 91.47
27 38 24.54
27 39 55.64
27 40 34.99
27 41 44.69
27 42 26.69
27 43 1.938
27 44 87.19
27 45 47.65
27 46 14.19
27 47 15.00
27 48 53.52
27 49 93.23
28 29 55.42
28 30 61.14
28 31 57.08
28 32 46.76
28 33 67.14
28 34 81.72
28 35 84.04
28 36 32.93
28 37 13.50
28 38 91.99
28 39 93.00
28 40 15.19
28 41 71.96
28 42 13.53
28 43 18.54
28 44 46.63
28 45 12.42
28 46 54.34
28 47 61.30
28 48 78.31
28 49 88.66
29 30 74.64
29 31 9.277
29 32 61.34
29 33 34.11
29 34 32.32
29 35 63.46
29 36 83.15
29 37 76.59
29 38 51.09
29 39 58.13
29 40 21.50
29 41 66.39
29 42 82.07
29 43 46.15
29 44 42.06
29 45 74.79
29 46 26.94
29 47 73.02
29 48 26.92
29 49 20.66
30 31 93.30
30 32 70.84
30 33 94.83
30 34 81.25
30 35 52.31
30 36 33.62
30 37 25.29
30 38 1.792
30 39 64.43
30 40 41.82
30 41 38.90
30 42 42.21
30 43 61.84
30 44 2.627
30 45 84.15
30 46 35.07
30 47 57.16
30 48 27.20
30 49 32.19
31 32 17.07
31 33 36.67
31 34 64.29
31 35 0.967
31 36 56.59
31 37 99.29
31 38 86.54
31 39 9.140
31 40 7.083
31 41 36.88
31 42 30.11
31 43 94.38
31 44 32.24
31 45 77.20
31 46 38.88
31 47 43.08
31 48 64.15
31 49 34.44
32 33 14.97
32 34 90.20
32 35 13.73
32 36 57.82
32 37 25.19
32 38 15.14
32 39 9.335
32 40 29.93
32 41 32.93
32 42 47.96
32 43 85.72
32 44 91.59
32 45 92.01
32 46 56.26
32 47 40.18
32 48 11.36
32 49 15.04
33 34 23.21
33 35 16.32
33 36 13.75
33 37 75.52
33 38 25.06
33 39 54.46
33 40 80.55
33 41 41.78
33 42 22.73
33 43 70.45
33 44 69.76
33 45 85.79
33 46 29.62
33 47 45.36
33 48 38.58
33 49 70.71
34 35 68.01
34 36 27.68
34 37 64.50
34 38 9.498
34 39 78.62
34 40 32.71
34 41 37.59
34 42 23.49
34 43 95.16
34 44 27.12
34 45 18.43
34 46 44.51
34 47 34.28
34 48 89.16
34 49 55.29
35 36 43.68
35 37 21.94
35 38 64.31
35 39 61.01
35 40 54.50
35 41 21.84
35 42 99.27
35 43 46.22
35 44 98.57
35 45 33.43
35 46 97.17
35 47 74.62
35 48 12.00
35 49 74.18
36 37 80.37
36 38 93.37
36 39 39.25
36 40 63.29
36 41 31.13
36 42 56.62
36 43 29.74
36 44 62.62
36 45 87.84
36 46 3.495
36 47 51.98
36 48 22.02
36 49 6.472
37 38 31.95
37 39 3.622
37 40 31.21
37 41 43.87
37 42 97.37
37 43 42.48
37 44 66.78
37 45 48.87
37 46 5.318
37 47 31.19
37 48 95.50
37 49 27.44
38 39 33.70
38 40 17.51
38 41 34.75
38 42 49.93
38 43 84.31
38 44 60.78
38 45 64.15
38 46 18.01
38 47 45.96
38 48 42.74
38 49 14.20
39 40 25.76
39 41 87.16
39 42 29.09
39 43 90.66
39 44 97.72
39 45 14.42
39 46 81.78
39 47 89.96
39 48 45.52
39 49 7.947
40 41 96.46
40 42 0.589
40 43 87.62
40 44 83.91
40 45 5.860
40 46 15.74
40 47 36.55
40 48 79.69
40 49 14.70
41 42 50.13
41 43 18.17
41 44 70.79
41 45 57.04
41 46 49.63
41 47 84.96
41 48 19.03
41 49 61.74
42 43 75.12
42 44 34.70
42 45 62.10
42 46 8.210
42 47 9.287
42 48 54.23
42 49 11.03
43 44 8.126
43 45 5.491
43 46 45.24
43 47 25.96
43 48 34.29
43 49 8.961
44 45 21.71
44 46 16.90
44 47 9.656
44 48 15.41
44 49 27.01
45 46 99.12
45 47 24.82
45 48 95.59
45 49 17.08
46 47 88.39
46 48 38.88
46 49 26.40
47 48 75.43
47 49 78.18
48 49 38.89