49
0 1 89.03
0 2 25.13
0 3 58.12
0 4 83.34
0 5 33.03
0 6 35.07
7 8 87.46
7 9 94.26
7 10 92.3
7 11 95.07
7 12 10.55
7 13 90.46
0 7 68.4
14 15 97.0
14 16 68.8
14 17 24.08
14 18 41.92
14 19 88.85
14 20 15.05
0 14 26.62
21 22 39.3
21 23 95.19
21 24 96.65
21 25 23.74
21 26 79.3
21 27 12.79
0 21 88.11
28 29 47.42
28 30 73.23
28 31 56.58
28 32 64.37
28 33 58.3
28 34 63.85
0 28 36.48
35 36 77.89
35 37 6.58
35 38 60.91
35 39 97.18
35 40 10.16
35 41 54.58
0 35 30.43
42 43 31.72
42 44 12.87
42 45 54.61
42 46 6.41
42 47 9.04
42 48 57.83
0 42 18.75