50
0 2 1.68
0 6 1.42
0 7 1.78
0 10 0.3
0 12 0.53
0 13 0.89
0 17 0.21
0 23 0.73
0 27 1.18
0 28 1.82
0 30 1.64
0 31 1.53
0 32 1.79
0 43 1.51
0 45 0.99
0 47 0.96
0 48 1.55
1 7 1.51
1 8 0.4
1 9 0.67
1 10 1.66
1 13 0.65
1 15 1.12
1 21 0.09
1 22 1.75
1 24 0.86
1 29 0.45
1 32 0.27
1 33 0.38
1 34 0.41
1 35 1.8
1 38 1.33
1 39 1.53
1 43 1.31
1 45 0.44
1 46 0.11
1 48 1.71
1 49 1.01
2 3 0.42
2 7 0.34
2 8 1.02
2 10 1.36
2 12 0.22
2 13 0.81
2 16 1.75
2 19 0.62
2 22 0.68
2 23 1.48
2 25 1.83
2 26 1.02
2 30 0.45
2 38 0.9
2 40 0.54
2 42 1.77
2 47 0.14
2 48 0.54
3 4 0.32
3 7 1.32
3 9 1.04
3 11 0.26
3 13 1.64
3 15 1.26
3 18 1.28
3 24 1.95
3 25 0.67
3 30 1.76
3 34 0.44
3 36 0.6
3 37 0.75
3 38 1.0
3 39 0.93
3 40 1.26
3 43 1.96
3 46 1.67
3 49 0.58
4 5 1.52
4 7 1.21
4 9 0.67
4 10 0.67
4 12 1.76
4 14 1.33
4 17 1.78
4 19 0.77
4 22 0.5
4 26 1.22
4 30 1.53
4 33 0.92
4 35 1.42
4 36 1.67
4 39 1.69
4 41 1.09
4 43 0.56
4 44 0.84
4 46 0.92
5 7 0.08
5 10 1.84
5 11 1.87
5 12 1.8
5 16 0.77
5 19 1.14
5 23 0.51
5 27 1.86
5 29 1.92
5 34 1.64
5 37 1.51
5 42 1.26
5 46 0.41
6 7 0.32
6 10 1.06
6 12 0.85
6 14 0.46
6 15 0.07
6 17 1.92
6 19 1.18
6 20 0.69
6 24 1.87
6 26 1.96
6 29 1.64
6 35 1.13
6 38 0.35
6 43 1.4
6 44 1.31
6 47 1.79
6 48 1.68
7 8 1.6
7 13 1.42
7 14 1.45
7 18 0.87
7 21 0.9
7 22 1.39
7 23 0.2
7 24 0.29
7 25 1.83
7 33 0.31
7 34 1.52
7 36 0.49
7 38 1.41
7 40 0.82
7 42 1.41
7 43 1.22
7 45 1.22
7 48 0.73
8 9 0.64
8 11 1.59
8 14 0.1
8 15 1.67
8 16 1.06
8 17 0.34
8 21 1.48
8 22 1.22
8 24 0.27
8 27 1.64
8 28 1.33
8 33 1.35
8 34 0.78
8 38 0.35
8 42 0.77
8 44 1.37
9 12 0.76
9 14 0.29
9 15 0.71
9 17 1.16
9 19 1.54
9 24 0.25
9 26 1.99
9 27 1.94
9 30 0.05
9 31 1.36
9 33 1.43
9 34 0.14
9 36 1.46
9 38 0.59
9 40 1.14
9 44 1.7
9 46 1.67
9 47 1.44
9 49 1.35
10 11 0.07
10 12 1.01
10 13 1.4
10 21 0.53
10 23 0.92
10 25 1.09
10 27 0.87
10 30 1.03
10 31 0.5
10 32 1.14
10 33 1.62
10 36 1.05
10 40 1.92
10 41 1.1
10 49 1.18
11 12 1.54
11 15 0.36
11 16 1.13
11 18 1.35
11 19 0.41
11 25 1.15
11 28 1.16
11 32 1.95
11 34 1.22
11 41 0.64
11 47 1.15
12 13 0.77
12 14 1.85
12 16 0.43
12 18 1.14
12 19 1.42
12 20 0.33
12 21 1.24
12 26 1.9
12 27 1.57
12 29 1.42
12 31 1.24
12 34 0.61
12 39 0.29
12 41 1.37
12 43 0.87
12 45 0.27
13 15 0.54
13 17 1.66
13 19 0.81
13 24 1.01
13 25 1.47
13 28 0.05
13 31 0.72
13 32 0.15
13 34 1.5
13 35 1.4
13 37 0.66
13 39 1.75
13 40 1.02
13 41 1.48
13 49 0.32
14 15 1.9
14 16 0.16
14 18 0.27
14 19 1.48
14 21 1.5
14 25 0.31
14 28 1.66
14 36 1.39
14 38 0.54
14 39 1.58
14 42 1.3
14 43 1.27
14 44 1.52
14 45 0.14
14 49 0.79
15 16 0.43
15 23 1.53
15 24 1.15
15 26 1.43
15 31 0.47
15 32 0.34
15 37 1.59
15 40 0.98
15 41 1.31
15 45 0.9
15 47 1.37
16 19 1.36
16 23 1.64
16 30 0.63
16 38 1.39
16 40 1.91
16 41 1.83
16 42 1.67
16 43 1.69
16 44 0.48
16 46 0.58
17 22 0.89
17 30 0.81
17 34 1.06
17 36 1.82
17 37 1.41
17 40 1.22
17 44 1.23
17 46 0.83
18 19 0.14
18 21 1.12
18 22 0.46
18 24 0.54
18 25 1.1
18 28 1.93
18 35 0.31
18 36 0.21
18 37 0.99
18 38 0.87
18 39 1.96
18 41 0.33
18 43 0.27
18 44 1.23
18 45 1.26
19 20 1.58
19 21 1.97
19 23 1.32
19 24 0.6
19 25 0.26
19 26 1.07
19 27 1.33
19 29 0.83
19 31 1.68
19 32 1.95
19 35 0.78
19 37 1.65
19 38 0.65
19 44 0.49
19 47 1.83
19 48 0.98
19 49 0.81
20 21 1.49
20 26 1.95
20 28 1.73
20 29 0.3
20 33 0.48
20 36 1.33
20 39 1.01
20 41 1.12
20 43 0.52
20 45 0.96
20 48 1.99
21 22 1.48
21 24 1.98
21 25 0.24
21 27 0.97
21 28 0.23
21 32 0.63
21 35 0.66
21 36 1.3
21 37 1.48
21 46 1.62
21 47 1.7
22 23 1.9
22 24 0.81
22 26 1.8
22 28 0.94
22 29 0.91
22 30 0.77
22 31 0.25
22 43 0.34
22 45 0.67
22 46 1.48
22 48 1.95
23 24 0.83
23 25 0.09
23 27 1.25
23 29 1.31
23 32 0.55
23 33 1.93
23 35 1.92
23 41 0.38
23 43 1.97
23 44 0.21
23 47 1.45
23 49 0.8
24 26 0.41
24 28 0.72
24 29 1.39
24 34 1.1
24 35 0.6
24 36 0.41
24 39 0.85
24 40 0.07
24 41 1.48
24 47 0.07
25 27 0.51
25 30 0.89
25 33 0.26
25 36 0.9
25 38 1.85
25 41 0.53
26 33 1.61
26 37 1.33
26 38 0.8
26 42 0.96
26 44 0.43
26 47 1.14
26 48 0.34
27 28 0.81
27 32 1.08
27 39 1.24
27 44 1.67
27 48 1.66
27 49 0.19
28 30 0.51
28 35 0.53
28 36 0.25
28 37 0.28
28 41 1.71
28 44 0.77
28 46 1.14
28 48 0.8
29 32 1.61
29 35 0.42
29 36 1.27
29 37 1.39
29 42 1.27
30 32 0.54
30 36 1.16
30 37 0.99
30 38 1.04
30 39 1.18
30 40 0.91
30 41 1.03
30 44 1.3
30 47 1.9
30 48 1.55
31 36 1.95
31 40 0.22
32 34 1.18
32 35 0.1
32 37 0.8
32 39 0.92
32 41 1.28
32 43 0.91
32 47 0.08
32 49 0.8
33 34 1.9
33 36 1.34
33 44 1.0
33 45 1.63
33 46 0.14
33 49 0.42
34 38 1.01
34 39 0.35
34 42 0.65
34 43 1.29
34 48 1.93
34 49 1.99
35 36 1.39
35 41 0.36
35 48 1.56
36 41 1.45
36 46 1.25
36 47 1.41
36 48 0.25
37 38 1.0
37 40 1.32
37 42 0.78
37 43 1.48
37 45 1.89
37 46 1.04
37 47 1.87
37 48 0.95
38 39 0.8
38 40 0.32
38 42 1.08
38 43 1.39
38 47 1.12
39 44 0.91
39 45 1.52
39 46 1.51
39 49 0.84
40 44 1.84
40 45 1.63
40 46 1.63
40 47 0.07
41 46 0.49
41 48 1.66
42 43 0.28
42 44 1.88
42 48 1.3
43 46 0.39
43 47 0.49
44 48 0.66
45 46 0.92
45 47 0.83
45 49 0.37
48 49 0.61