50
19 41 18.373
19 23 33.253
19 42 6.112
19 38 40.796
19 29 62.566
19 14 84.486
19 7 16.705
19 36 19.983
19 9 40.773
19 20 79.301
19 24 15.621
19 32 18.613
19 40 21.726
19 16 34.419
19 2 64.022
19 30 31.192
19 13 47.716
19 45 22.317
19 17 83.622
19 35 98.962
19 0 61.684
19 12 80.805
19 10 50.905
19 31 18.783
19 34 91.058
41 11 37.022
41 13 16.858
41 45 64.07
41 17 14.325
41 35 30.528
41 21 55.161
41 28 79.465
41 6 45.765
41 37 6.972
41 43 18.263
41 32 53.371
41 30 85.338
41 23 44.176
41 16 93.195
41 22 45.06
41 9 79.542
41 33 56.851
41 27 13.448
41 31 41.688
41 46 76.864
32 30 73.712
32 35 1.675
32 42 28.701
32 20 34.775
32 22 93.43
32 8 83.001
32 34 78.917
32 25 51.066
32 12 7.585
32 44 73.692
32 9 32.774
32 36 53.942
32 16 46.257
32 11 84.782
32 40 10.031
32 27 88.696
32 0 49.585
32 4 48.419
32 43 23.165
32 39 84.575
32 29 71.084
32 5 59.491
30 35 38.246
30 7 30.526
30 6 15.034
30 18 23.11
30 3 70.534
30 39 66.387
30 42 67.856
30 23 53.017
30 0 81.807
30 34 71.293
30 16 81.713
30 4 21.133
30 48 6.629
30 29 52.784
30 9 50.593
30 1 88.683
30 33 94.0
30 20 76.898
30 46 13.909
30 25 35.562
30 28 66.567
30 21 78.471
30 45 16.512
30 17 40.051
30 11 65.895
31 16 0.515
31 25 80.1
31 21 60.9
31 27 17.24
31 7 85.788
31 48 90.492
31 24 73.95
31 49 5.589
31 42 3.828
31 23 39.547
31 0 2.704
31 40 59.113
31 36 83.876
31 35 91.758
31 20 81.754
31 29 21.394
31 11 29.133
31 47 41.307
31 2 7.969
31 38 55.092
31 45 36.676
31 44 3.422
31 8 14.491
31 3 83.54
31 28 13.938
31 39 21.688
31 10 42.221
31 46 18.66
16 47 2.917
16 8 19.589
16 26 22.651
16 38 33.943
16 13 26.729
16 7 29.267
16 22 34.094
16 34 92.976
16 29 55.586
16 3 52.865
16 15 42.474
16 9 76.396
16 5 92.057
16 18 22.826
16 24 67.324
16 48 62.803
16 2 50.976
16 28 62.232
16 17 74.911
16 33 69.157
49 45 23.338
49 47 5.72
49 27 34.537
49 10 45.059
49 38 53.493
49 37 78.998
49 18 84.245
49 1 44.903
49 43 79.592
49 21 49.227
49 17 97.463
49 48 82.915
49 40 85.326
49 28 48.098
49 13 15.919
49 7 11.841
49 35 72.151
49 42 18.959
49 5 53.199
49 34 81.199
49 29 4.173
49 44 39.207
45 36 58.134
45 24 26.581
45 29 58.459
45 18 56.147
45 13 79.821
45 44 4.086
45 23 21.319
45 39 34.029
45 6 53.483
45 7 31.665
45 43 16.386
45 21 17.429
45 0 17.386
45 11 9.597
45 15 40.669
45 42 36.941
45 10 77.928
45 26 28.568
45 28 16.554
45 34 89.141
45 5 56.012
45 1 77.324
45 33 68.318
36 33 60.67
36 8 95.313
36 25 31.109
36 2 67.889
36 37 30.44
36 35 5.053
36 18 94.951
36 0 28.14
36 24 16.938
36 15 40.297
36 7 88.472
36 38 16.093
36 17 96.748
36 23 61.489
36 21 30.442
33 12 61.311
33 10 5.086
33 18 79.646
33 26 22.682
33 9 23.084
33 14 32.986
33 17 17.642
33 35 51.932
33 25 98.151
33 40 19.159
33 27 93.817
33 38 21.547
33 5 48.366
33 2 76.143
33 6 50.349
33 11 63.192
33 15 75.422
33 0 53.208
39 2 67.299
39 34 52.955
39 1 0.539
39 29 11.184
39 35 73.735
39 21 64.886
39 44 76.928
39 17 44.904
39 10 14.662
39 6 10.866
39 0 95.199
39 27 22.113
39 24 59.982
2 12 75.273
2 24 77.23
2 25 27.399
2 28 31.694
2 6 13.982
2 10 90.3
2 35 39.406
2 3 94.902
2 18 67.041
2 42 74.53
2 23 32.932
2 8 9.71
2 38 22.855
2 37 64.877
2 43 42.057
2 9 24.778
2 1 80.536
2 22 14.031
2 26 16.289
2 14 90.485
2 11 42.775
2 17 94.471
2 21 50.493
2 40 40.469
34 7 46.078
34 6 66.294
34 38 23.324
34 4 89.906
34 22 77.076
34 40 88.206
34 29 69.052
34 17 98.367
34 27 98.588
34 3 53.262
34 14 1.594
34 46 36.767
34 47 79.762
34 43 76.74
34 28 36.218
34 44 0.491
34 0 51.307
34 1 32.901
34 35 64.797
34 11 98.518
34 9 89.872
7 47 83.314
7 0 6.413
7 44 41.83
7 28 49.194
7 6 81.549
7 38 4.544
7 37 7.063
7 35 48.747
7 3 11.438
7 17 6.071
7 46 86.773
7 42 11.012
7 15 91.568
7 8 70.433
7 25 65.628
7 14 98.665
7 26 21.683
7 11 8.052
7 9 79.105
7 24 34.467
7 43 79.124
7 13 32.536
7 1 27.767
7 40 19.417
23 17 4.653
23 9 32.487
23 38 18.717
23 37 72.614
23 14 13.63
23 35 72.927
23 12 56.107
23 11 53.76
23 24 56.922
23 47 73.986
23 8 8.424
23 29 2.038
23 4 72.884
23 40 74.771
23 46 52.212
23 43 31.197
23 6 58.01
23 1 93.549
23 26 30.358
23 15 19.583
23 42 48.866
23 5 92.966
23 25 52.368
23 44 59.293
12 35 65.976
12 8 63.081
12 42 29.861
12 37 77.461
12 28 65.449
12 29 43.387
12 27 18.612
12 5 99.633
12 4 31.789
12 9 91.723
12 0 24.023
12 3 25.438
12 21 55.036
12 25 30.347
12 10 45.017
12 11 45.314
12 20 10.091
12 6 11.544
12 22 87.517
12 48 36.016
12 38 12.246
12 24 81.973
35 14 5.592
35 40 5.999
35 4 62.872
35 27 99.137
35 46 63.056
35 48 32.547
35 38 48.577
35 9 0.051
35 13 77.118
35 0 76.022
35 25 10.004
35 43 47.528
35 22 71.212
35 15 91.238
35 26 52.166
35 20 94.732
47 10 7.171
47 27 22.266
47 18 22.438
47 13 69.224
47 28 67.192
47 5 20.875
47 8 10.19
47 44 78.615
47 26 84.193
47 3 9.664
47 6 8.551
47 20 91.855
47 29 10.622
47 21 24.034
47 25 43.789
47 22 12.371
0 25 50.254
0 5 38.137
0 14 78.369
0 29 97.96
0 37 0.298
0 22 19.504
0 48 88.061
0 42 56.815
0 11 67.322
0 24 79.379
0 26 31.85
0 43 19.46
0 40 14.76
0 46 85.194
25 29 9.733
25 26 85.379
25 40 98.564
25 1 0.36
25 18 47.77
25 11 67.046
25 20 88.805
25 22 78.338
25 3 51.391
25 43 88.577
25 8 27.297
25 6 93.673
25 24 76.568
25 4 89.089
25 37 47.387
25 9 30.301
14 8 68.564
14 48 87.717
14 5 50.883
14 15 6.775
14 6 15.935
14 22 99.871
14 20 94.252
14 1 15.787
14 37 87.505
14 29 59.991
14 26 33.83
14 9 32.284
14 43 36.851
8 40 68.306
8 48 80.076
8 46 82.424
8 13 78.017
8 3 25.751
8 18 34.036
8 43 22.287
8 26 99.902
8 29 12.994
8 15 72.173
8 24 55.657
8 21 26.412
8 27 83.114
8 38 39.437
8 9 78.725
8 37 87.483
8 11 66.514
8 44 10.378
8 17 7.63
8 28 37.915
8 1 71.475
8 6 81.301
10 44 45.708
10 38 27.275
10 40 3.49
10 37 81.143
10 27 0.364
10 4 58.403
10 6 26.317
10 3 61.177
10 46 13.939
10 17 69.736
10 18 34.483
6 4 90.416
6 26 95.412
6 22 97.682
6 11 78.676
6 24 52.605
6 3 32.057
6 40 73.891
6 17 80.36
6 46 24.325
6 28 8.168
6 43 51.86
6 13 90.26
6 9 20.39
6 27 28.172
44 4 67.993
44 9 27.232
44 38 14.81
44 11 10.397
44 40 4.394
44 42 86.951
44 22 96.424
44 43 84.006
44 29 7.666
44 28 65.585
44 3 94.679
44 27 23.838
44 24 93.445
4 3 35.802
4 18 31.012
4 28 54.783
4 46 34.747
4 1 81.023
4 21 92.281
4 17 90.043
4 5 20.696
28 40 37.507
28 24 38.221
28 15 4.789
28 18 26.163
28 26 1.366
28 17 80.097
28 22 54.312
28 1 51.169
28 42 54.266
28 3 31.184
28 5 76.078
28 27 34.361
40 26 74.484
40 3 5.041
40 17 7.234
40 37 69.17
40 22 57.818
40 42 99.856
40 5 39.821
40 15 25.704
40 20 66.814
40 46 42.022
5 15 23.465
5 26 40.244
5 3 89.808
5 29 59.122
5 27 56.676
5 37 90.732
5 38 9.997
5 17 28.436
5 42 53.702
5 48 65.112
9 20 86.816
9 43 37.75
9 38 2.994
9 26 89.293
9 42 15.091
9 46 80.896
9 24 43.931
9 29 10.677
9 15 49.446
9 21 52.454
9 37 86.511
9 3 23.391
20 15 97.865
20 27 53.908
20 24 98.079
20 48 58.69
20 17 45.662
20 3 40.147
20 22 37.05
20 37 43.518
20 26 34.805
20 43 50.255
20 42 64.526
20 13 40.042
38 17 13.088
38 22 83.021
38 46 37.95
38 26 50.509
38 42 13.901
38 37 50.035
38 21 86.656
38 1 74.166
38 15 13.296
38 27 42.659
38 18 56.987
24 27 22.585
24 13 12.935
24 21 69.116
24 46 32.631
24 22 51.029
24 26 36.564
29 43 26.755
29 1 72.457
29 46 40.818
29 15 88.367
29 27 44.332
29 42 81.915
29 17 17.233
29 48 82.007
17 13 59.72
17 42 25.387
17 15 59.058
17 37 80.185
17 22 79.299
17 27 78.594
17 43 99.389
13 15 95.605
13 43 82.001
13 22 38.589
13 18 36.425
15 37 33.731
15 46 49.092
15 42 10.369
15 1 7.042
15 43 16.465
27 3 72.774
27 42 36.306
27 21 55.425
27 22 75.05
27 43 78.858
42 11 87.024
42 43 21.689
42 22 52.882
42 1 77.515
42 21 16.362
42 46 8.513
22 11 12.153
22 21 96.68
22 3 61.505
22 1 6.618
22 46 72.26
11 48 97.786
11 26 0.913
11 46 80.263
11 18 97.907
11 37 65.382
48 37 95.022
48 43 55.953
48 3 88.748
46 43 24.072
46 21 97.368
46 1 92.27
46 18 85.049
46 3 94.689
43 37 39.039
43 18 66.929
43 3 79.814
18 21 12.833
18 3 24.208
18 26 49.161
18 37 28.268
37 3 65.401
37 1 28.963
37 21 82.83
37 26 10.974
26 1 3.605
26 3 10.181
21 1 51.894