40
0 1 20.08
1 2 9.453
1 3 10.202
2 3 9.472
3 4 4.176
4 5 20.711
4 7 6.052
4 8 19.925
5 6 10.89
7 8 14.098
8 9 19.246
10 11 16.925
11 12 9.429
11 13 18.437
12 13 6.92
13 14 23.699
14 15 13.488
14 17 26.87
14 18 11.391
15 16 29.607
17 18 21.366
18 19 28.21
20 21 3.737
21 22 9.525
21 23 7.741
22 23 24.118
23 24 1.552
24 25 21.325
24 27 17.131
24 28 29.155
25 26 25.971
27 28 24.772
28 29 21.427
30 31 25.16
31 32 26.363
31 33 1.93
32 33 13.359
33 34 7.933
34 35 4.136
34 37 3.019
34 38 1.86
35 36 22.936
37 38 29.851
38 39 12.756
8 10 4.124
3 22 7.693
6 35 20.204