50
0 1 1.00
1 2 1.00
2 3 1.00
3 4 1.00
4 5 1.00
5 6 1.00
6 7 1.00
7 8 1.00
8 9 1.00
9 10 1.00
10 11 1.00
11 12 1.00
12 13 1.00
13 14 1.00
14 15 1.00
15 16 1.00
16 17 1.00
17 18 1.00
18 19 1.00
19 20 1.00
20 21 1.00
21 22 1.00
22 23 1.00
23 24 1.00
24 25 1.00
25 26 1.00
26 27 1.00
27 28 1.00
28 29 1.00
29 30 1.00
30 31 1.00
31 32 1.00
32 33 1.00
33 34 1.00
34 35 1.00
35 36 1.00
36 37 1.00
37 38 1.00
38 39 1.00
39 40 1.00
40 41 1.00
41 42 1.00
42 43 1.00
43 44 1.00
44 45 1.00
45 46 1.00
46 47 1.00
47 48 1.00
48 49 1.00
49 0 1.00