50
38 41 55.262
41 39 65.205
38 21 48.523
38 45 1.366
38 48 89.178
45 41 23.564
39 48 38.189
45 21 8.092
41 4 31.481
41 10 98.581
10 39 10.404
38 13 84.639
38 4 99.787
21 40 3.101
48 9 43.817
10 1 89.623
48 35 93.982
40 13 17.861
1 25 49.45
21 4 12.721
38 27 83.816
13 9 10.396
10 23 1.969
41 25 94.94
40 10 60.382
45 34 95.955
10 46 25.039
38 29 85.121
9 4 19.493
34 13 72.603
25 38 19.062
9 41 77.451
46 35 84.267
38 6 84.035
21 5 86.056
27 31 10.943
21 23 16.967
45 48 75.529
25 12 16.869
45 7 68.405
31 7 19.604
21 27 99.574
31 37 70.987
38 14 83.721
40 1 75.851
9 21 21.27
45 47 76.633
34 44 63.574
9 12 22.331
34 19 46.14
48 3 59.883
44 41 65.352
13 33 11.255
41 3 96.697
46 49 22.955
1 36 49.042
4 40 67.711
12 11 86.164
23 26 14.466
38 20 77.14
36 38 44.341
39 8 7.2
45 28 33.2
47 49 16.461
13 16 46.731
11 4 63.659
5 17 82.09
47 32 58.429
8 15 26.257
41 17 82.331
1 20 59.395
19 49 26.207
1 30 90.064
21 22 31.029
15 42 39.687
33 43 96.807
26 0 94.582
12 34 90.191
14 46 4.68
4 18 74.407
41 24 7.597
39 26 13.348
1 23 2.792
31 2 84.149
