50
8 35 45.612
8 10 13.696
8 5 21.481
8 46 39.453
8 4 25.349
8 30 49.841
8 29 27.694
8 43 42.87
8 28 28.615
8 27 91.622
8 14 85.26
8 41 89.083
8 33 60.495
8 1 23.702
8 45 71.281
8 47 43.336
8 22 32.521
8 7 24.384
8 37 40.942
6 8 38.489
6 14 94.616
6 12 57.058
6 19 76.892
6 1 63.365
6 38 11.994
6 37 59.704
6 4 85.085
6 49 39.815
6 27 17.908
6 46 47.663
25 20 43.15
25 34 66.212
25 8 28.964
25 40 32.477
25 12 76.009
25 3 43.041
25 30 20.61
25 33 74.825
25 36 20.586
25 21 83.809
25 26 34.875
25 48 76.421
25 16 74.051
25 43 92.308
25 22 88.794
25 35 83.876
25 41 25.924
25 6 36.182
40 43 74.876
40 13 35.009
40 20 9.038
40 18 8.951
40 12 71.876
40 46 98.872
40 21 20.297
40 39 99.908
40 6 91.0
40 19 47.275
40 4 33.844
40 5 15.092
40 48 38.955
40 31 60.207
40 14 25.299
40 17 40.399
40 0 33.154
40 25 3.08
40 9 73.661
40 23 37.169
40 33 10.911
40 49 57.819
40 42 68.107
40 10 56.171
32 41 3.761
32 16 71.518
32 27 85.21
32 15 18.188
32 5 6.183
32 44 98.33
32 28 73.764
32 37 82.345
32 29 18.346
32 18 55.868
32 38 6.877
32 25 66.928
32 19 56.56
32 21 89.745
32 4 16.574
32 12 35.904
32 46 73.701
32 26 89.892
32 3 38.631
32 35 78.902
32 43 6.201
32 9 13.308
22 14 33.34
22 43 10.799
22 20 15.612
22 10 66.854
22 8 8.852
22 31 90.379
22 47 65.126
22 19 21.165
22 17 46.886
22 23 54.81
22 5 61.953
22 9 46.664
22 27 44.796
22 0 27.175
22 41 21.775
22 39 49.207
22 13 63.455
31 1 47.648
31 11 72.113
31 28 98.687
31 19 49.759
31 29 76.137
31 41 30.69
31 39 37.125
31 0 58.248
31 48 78.765
31 5 44.406
31 8 97.072
31 27 29.804
31 7 1.143
31 26 32.179
31 45 8.393
31 37 46.147
31 21 2.144
31 35 93.082
31 43 45.897
31 12 76.772
31 4 2.009
34 22 22.315
34 18 20.7
34 14 39.315
34 2 82.409
34 11 35.487
34 39 28.398
34 35 99.191
34 6 80.923
34 5 82.517
34 1 95.263
34 12 73.633
34 20 48.772
34 33 58.703
34 49 93.773
34 40 79.21
38 24 45.91
38 6 81.123
38 28 75.156
38 18 39.099
38 25 19.394
38 22 67.429
38 13 91.218
1 36 65.77
1 39 56.325
1 8 24.147
1 28 52.002
1 46 8.935
1 26 5.103
1 29 51.506
1 34 31.318
1 37 36.827
1 27 48.433
1 16 36.382
1 17 83.453
1 32 63.456
1 35 36.285
1 0 31.886
1 5 96.56
1 7 19.994
1 2 83.441
1 47 75.886
1 49 3.748
1 42 55.505
42 0 80.375
42 46 98.503
42 14 98.808
42 45 76.844
42 5 32.408
42 24 28.547
42 26 86.859
42 7 8.321
42 28 18.23
42 9 44.595
42 6 88.068
42 2 24.034
42 8 50.745
42 29 28.252
42 38 49.368
42 43 25.826
19 5 57.051
19 1 59.964
19 2 58.198
19 49 94.064
19 33 86.921
19 18 44.834
19 8 86.505
19 38 89.035
19 37 81.725
19 24 52.94
19 28 58.015
19 31 86.258
19 15 40.442
19 25 2.084
19 13 32.162
19 44 69.347
19 32 40.191
19 46 4.122
19 41 32.295
44 13 30.74
44 24 81.077
44 0 52.545
44 19 73.357
44 39 17.277
44 28 99.782
44 47 38.937
44 14 25.854
44 8 40.194
44 21 61.867
44 46 52.89
44 43 12.488
44 4 24.803
44 23 85.241
44 11 38.64
44 29 82.941
20 14 61.456
20 7 49.68
20 13 56.37
20 1 81.068
20 29 18.051
20 3 91.273
20 12 58.394
20 33 18.218
20 26 57.766
20 0 98.964
20 19 41.166
20 8 56.155
20 11 75.151
20 38 82.098
20 25 81.138
20 24 94.248
20 10 31.641
20 18 56.303
5 41 27.216
5 37 95.012
5 14 39.421
5 34 45.933
5 24 90.32
5 32 39.784
5 22 10.257
5 42 88.607
5 35 18.901
5 12 90.183
5 13 32.956
49 16 6.357
49 11 5.882
49 42 68.242
49 25 60.015
49 38 62.626
49 48 82.283
49 35 27.208
49 23 14.832
49 34 95.552
49 22 78.788
49 39 89.677
49 46 39.558
49 8 14.089
49 31 77.622
49 44 20.979
49 10 37.755
49 14 64.952
48 25 8.193
48 19 64.079
48 10 89.08
48 29 30.914
48 9 22.392
48 6 31.052
48 0 42.253
48 1 84.251
48 2 36.484
48 41 45.497
48 33 29.081
48 31 56.981
48 17 24.587
48 30 35.517
48 12 28.922
48 46 58.692
48 27 79.102
48 37 52.575
48 40 56.448
30 38 35.931
30 22 40.124
30 7 90.923
30 1 94.798
30 28 68.463
30 32 40.798
30 34 9.593
30 18 84.76
30 17 17.579
30 21 47.844
30 25 66.756
30 11 19.437
30 43 33.575
30 0 95.811
3 38 8.221
3 8 12.567
3 44 71.286
3 9 4.16
3 11 11.885
3 47 30.45
3 42 0.406
3 18 13.318
3 32 35.942
3 10 21.819
3 23 62.417
3 6 85.572
3 34 9.947
3 39 32.478
3 36 93.372
3 48 66.16
3 28 35.993
3 21 29.365
3 43 39.816
3 7 25.789
3 25 13.553
3 17 68.023
3 27 3.08
3 24 1.118
35 1 51.963
35 0 18.108
35 9 12.215
35 28 85.156
35 21 42.551
35 22 33.276
35 20 99.523
35 15 20.237
35 48 55.534
35 23 26.595
35 31 66.485
35 30 24.009
35 10 34.509
35 19 84.474
39 32 24.756
39 15 34.014
39 5 67.857
39 4 60.836
39 25 8.06
39 20 16.456
39 35 47.555
39 42 75.269
39 0 64.94
39 22 61.559
39 24 99.448
39 11 16.393
39 44 22.417
39 36 30.537
39 46 11.045
21 11 45.248
21 26 41.563
21 19 89.74
21 1 96.144
21 27 3.157
21 40 23.11
21 36 20.616
21 47 27.243
21 28 97.049
21 7 14.126
21 45 44.094
21 37 37.897
7 40 33.736
7 9 12.509
7 8 4.562
7 24 49.921
7 3 57.508
7 29 28.101
7 38 41.679
7 20 97.887
7 34 9.216
7 28 67.281
7 42 90.16
7 4 18.091
7 14 30.51
7 36 71.688
7 6 10.233
7 27 16.545
7 21 51.636
7 26 52.929
7 45 82.229
7 31 93.615
7 15 91.365
7 32 75.74
0 38 44.069
0 40 17.851
0 23 58.222
0 6 3.953
0 42 67.224
0 18 90.851
0 26 13.325
0 28 17.22
0 9 41.725
0 33 87.241
0 48 57.009
0 34 56.639
0 1 63.232
0 14 80.31
0 15 3.013
0 36 27.809
4 28 92.91
4 5 16.269
4 40 61.802
4 9 29.776
4 33 53.156
4 36 19.17
4 35 82.121
4 27 56.881
4 31 89.116
4 34 63.898
4 8 64.964
4 32 39.836
4 49 96.845
46 3 10.682
46 32 36.996
46 17 5.814
46 10 72.435
46 5 10.416
46 0 26.314
46 49 40.428
46 19 63.128
46 20 54.902
46 40 78.735
46 8 23.37
46 35 94.036
12 25 27.763
12 8 59.675
12 2 80.507
12 45 97.414
12 42 6.179
12 13 53.673
12 35 63.758
12 10 81.03
12 31 75.142
12 7 38.023
12 37 62.155
12 44 33.297
12 20 91.582
12 34 12.933
12 23 93.754
12 38 92.785
12 17 24.313
12 22 65.141
12 39 78.193
12 5 46.854
12 41 13.623
12 47 95.167
12 30 28.443
23 3 1.737
23 28 45.009
23 17 46.46
23 45 35.05
23 4 24.618
23 18 49.257
23 13 91.333
23 19 40.153
23 34 31.945
23 15 8.877
23 5 77.847
23 31 81.353
23 9 13.063
23 35 47.409
23 40 20.993
23 29 99.373
23 7 65.324
23 22 78.618
24 3 24.654
24 30 62.192
24 31 19.846
24 11 55.375
24 2 40.213
24 25 56.249
24 10 65.32
24 7 47.425
24 34 45.641
24 9 8.731
24 22 2.761
24 26 63.895
24 23 74.213
24 27 4.616
24 45 5.855
24 42 18.506
24 18 28.106
26 11 2.61
26 46 80.422
26 21 90.179
26 10 76.503
26 48 29.237
26 43 21.913
26 17 71.724
26 39 87.973
26 23 16.143
26 2 28.631
26 22 45.658
26 14 5.02
26 34 17.905
26 44 3.483
26 41 79.831
26 47 54.552
26 33 94.442
26 49 30.319
26 24 34.91
26 36 22.909
45 33 99.528
45 20 68.385
45 35 88.111
45 25 36.94
45 40 88.877
45 3 80.484
45 22 98.877
45 24 29.101
45 36 43.45
45 28 85.32
45 31 79.832
45 12 69.236
45 9 53.448
45 41 32.02
45 0 90.914
36 30 65.399
36 8 19.813
36 5 8.293
36 13 7.057
36 48 31.364
36 12 38.685
36 21 8.949
36 29 94.618
36 43 20.99
9 30 21.809
9 46 50.578
9 48 28.005
9 7 89.343
9 25 54.54
9 12 28.235
9 37 53.89
9 11 79.435
9 21 70.821
9 2 24.635
9 40 14.249
9 19 85.454
9 32 33.925
9 26 42.666
9 22 34.537
9 41 57.146
9 0 39.708
9 45 44.838
9 10 1.804
33 6 75.045
33 29 20.955
33 8 66.904
33 11 44.437
33 32 72.597
33 28 33.613
33 22 86.272
33 17 65.083
33 0 68.146
33 39 40.1
33 37 35.94
33 4 90.142
33 36 25.334
33 41 38.99
33 30 23.766
33 44 81.84
33 20 29.883
33 26 76.905
33 38 38.025
15 20 84.434
15 30 82.205
15 7 1.262
15 25 77.164
15 35 83.957
15 5 86.663
15 33 5.123
15 1 70.672
15 23 18.706
15 12 35.736
15 19 29.242
15 31 74.399
15 43 7.286
15 41 78.638
28 45 34.547
28 0 96.483
28 15 89.858
28 35 47.41
28 34 25.717
28 30 17.344
28 44 83.515
28 23 2.776
28 4 77.568
28 3 37.336
28 48 47.685
28 49 67.628
28 42 27.036
28 33 14.978
28 32 56.078
14 37 58.246
14 29 3.406
14 44 46.535
14 40 18.388
14 11 61.661
14 42 36.144
14 0 78.155
14 49 46.184
14 16 92.476
14 24 2.328
14 31 52.368
14 23 65.943
14 43 8.352
14 9 30.895
29 37 88.177
29 44 48.97
29 32 79.766
29 3 44.15
29 20 13.738
29 45 1.431
29 9 98.595
29 19 69.299
29 46 26.277
29 21 0.145
29 47 11.899
29 38 5.948
29 12 86.351
29 26 5.406
2 13 48.881
2 11 27.659
2 36 45.221
2 22 1.599
2 42 16.227
2 17 62.764
2 30 70.504
2 24 12.378
2 39 51.272
2 3 28.245
2 40 13.262
2 20 57.006
2 21 70.491
2 44 72.559
2 16 8.848
10 17 36.603
10 49 14.512
10 21 15.794
10 43 48.341
10 23 15.779
10 44 77.755
10 26 50.846
10 15 93.849
10 40 86.685
10 42 48.204
10 27 68.374
10 36 9.8
10 35 62.63
10 47 88.249
10 30 15.916
10 39 32.155
10 38 53.78
10 0 38.639
10 48 56.655
10 12 97.443
10 37 19.313
43 40 15.532
43 35 16.988
43 39 57.508
43 8 21.229
43 48 34.377
43 34 73.083
43 27 57.133
43 2 24.899
43 49 0.901
43 33 7.912
43 31 32.155
43 45 66.016
43 42 22.665
43 47 25.962
43 0 45.298
43 14 19.294
43 4 83.046
11 44 14.02
11 27 44.411
11 8 93.486
11 19 77.645
11 16 44.252
11 21 86.443
11 23 93.716
11 43 95.106
11 36 96.916
11 35 25.467
11 41 29.634
11 42 2.086
11 45 67.421
13 26 65.66
13 3 2.193
13 39 37.429
13 11 70.914
13 22 4.002
13 43 11.009
13 14 73.039
13 6 88.151
13 27 9.989
13 42 72.317
13 10 91.167
13 46 0.151
13 1 13.008
13 28 50.786
13 9 22.201
13 7 79.846
18 21 67.875
18 1 14.465
18 37 73.648
18 25 21.416
18 49 72.587
18 0 0.079
18 17 89.946
18 20 17.85
18 43 62.739
18 27 9.348
18 19 38.941
18 5 86.485
18 13 70.858
18 33 84.045
18 45 89.288
41 3 88.452
41 27 55.44
41 43 51.916
41 31 20.402
41 28 78.728
41 11 20.288
41 33 51.686
41 13 31.227
41 39 15.282
41 25 39.254
41 16 56.76
41 2 75.263
41 46 79.808
41 14 79.225
41 10 21.704
41 44 87.139
41 35 81.141
47 20 57.606
47 11 86.254
47 19 40.377
47 41 25.251
47 33 48.663
47 25 84.489
47 3 56.372
47 5 55.397
47 43 4.859
47 26 20.465
47 6 33.498
47 42 54.316
16 39 4.644
16 27 87.886
16 37 29.945
16 35 12.189
16 8 43.278
16 11 18.274
16 4 51.08
16 3 87.089
16 43 12.51
16 26 19.971
16 28 13.874
16 22 1.727
16 30 55.4
27 7 29.664
27 38 32.92
27 40 63.421
27 37 73.851
27 14 81.115
27 17 49.551
27 30 65.428
37 9 98.982
37 34 21.633
37 35 75.834
37 39 13.24
37 36 13.815
37 44 16.169
37 22 42.173
37 42 22.638
37 27 11.837
37 5 54.377
37 8 95.81
37 43 69.59
37 19 57.075
37 12 81.229
37 49 20.895
37 21 70.628
37 31 30.533
17 32 96.097
17 3 4.163
17 37 88.488
17 2 33.588
17 48 4.318
17 20 2.812
17 31 33.865
17 30 79.428
17 45 73.228
17 23 77.959
17 40 71.164
17 11 39.937
17 26 5.443
17 5 27.275
17 19 12.594
17 43 96.58
17 12 2.571
