50
0 2 2.5
1 4 1.0
1 5 6.0
1 21 50.5
2 3 3.0
2 4 5.0
3 7 2.0
3 9 1.5
3 10 2.0
3 44 50.5
4 11 3.5
4 48 3.0
5 6 4.0
6 7 4.0
6 8 3.0
6 16 12.5
7 49 0.5
8 12 5.0
8 49 2.5
9 20 1.0
9 44 20.5
10 14 5.5
10 20 2.5
11 13 4.5
11 17 7.5
13 19 3.5
13 22 10.5
14 15 9.0
14 21 7.5
15 19 1.5
15 23 12.7
17 18 2.0
17 28 5.0
18 26 3.5
18 27 4.5
18 45 1.5
19 22 91.8
19 23 99.5
20 21 6.5
21 43 13.5
22 45 0.5
23 24 5.0
23 25 6.0
24 38 1.5
24 42 12.5
24 46 8.5
25 35 5.5
25 39 2.5
25 41 10.5
26 31 5.5
26 40 2.5
27 31 6.0
27 32 8.5
28 29 6.0
28 30 7.5
32 33 10.5
32 34 5.0
35 36 2.5
35 37 3.0
38 39 81.8
42 47 3.5
43 44 2.5
43 46 15.5
46 47 20.5