50
18 1 75.499
18 0 99.215
0 2 63.577
18 6 29.652
2 3 83.276
6 30 56.52
3 48 6.241
18 45 50.367
30 15 65.831
48 10 76.223
30 14 62.822
10 20 39.585
6 26 70.066
26 36 43.195
3 11 6.586
1 29 93.469
26 41 57.486
30 4 2.699
4 23 49.995
26 37 39.155
2 7 60.139
7 43 27.511
29 44 16.334
44 9 75.777
44 28 94.613
6 33 28.363
43 40 94.867
48 25 60.079
45 35 36.225
40 16 44.194
36 24 74.477
14 38 22.479
15 19 30.518
4 13 30.673
19 46 77.018
2 27 14.513
46 47 52.102
15 17 62.28
37 22 22.021
1 5 88.281
26 34 68.75
46 8 16.975
40 39 62.232
38 12 22.28
33 49 25.783
33 21 67.142
20 31 35.968
9 32 28.127
0 42 29.65
22 31 35.442
27 31 57.237
28 47 20.299
44 26 86.423
45 38 23.949
31 13 61.589
42 9 30.611
36 49 45.714
1 2 97.811
6 42 31.578
0 6 11.369
12 19 95.176
14 36 36.668
35 1 77.314
47 27 19.262
15 28 68.44
41 23 77.881
7 8 13.634
10 4 40.651
38 4 30.287
48 41 78.549
4 47 82.406
4 31 38.121
40 36 53.211
19 24 85.786
44 33 23.691
24 39 41.686
48 1 33.852
15 3 31.149
48 26 87.51
24 10 10.743
44 49 24.651
44 3 24.176
46 26 58.492
28 46 50.909
28 48 50.556
20 0 66.462
15 46 11.54
6 13 52.488
24 1 96.223
42 22 29.686
23 1 46.589
3 49 76.808
9 17 86.237
7 27 43.434
10 28 74.897
23 49 36.625
30 0 86.63
6 32 93.207
14 48 32.644
22 14 12.857
1 28 98.894
16 43 40.129
14 1 11.625
33 14 22.188
13 48 20.178
40 15 23.094
9 8 30.922
33 25 57.374
22 13 95.595
29 36 44.441
10 46 36.082
43 3 13.415
3 41 83.954
36 5 89.187
49 12 40.651
24 33 29.912
44 42 3.184
9 11 30.555
25 21 11.779
39 25 48.211
16 30 55.46
38 35 40.649
11 20 67.331
36 6 97.689
7 28 3.944
9 22 70.056
21 22 51.703
16 12 78.166
32 44 25.978
44 17 24.745
31 12 0.672
10 37 85.961
38 41 39.191
10 27 86.651
47 2 47.521
3 32 77.783
24 4 9.132
10 43 90.487
15 47 24.82
47 21 1.559
13 26 4.544
13 41 25.568
13 40 16.872
11 10 10.163
43 31 17.474
20 22 17.146
11 14 67.558
4 41 21.762
2 29 10.536
42 35 38.19
12 36 20.869
36 20 48.058
0 4 68.785
45 20 57.818
16 3 2.838
27 20 56.091
26 22 32.427
13 38 18.285
19 27 12.912
44 23 50.969
17 12 51.319
29 15 79.658
35 13 62.776
44 13 17.557
7 42 89.225
21 35 18.361
21 48 51.849
29 49 78.803
27 22 71.156
34 12 61.745
45 32 43.223
31 35 54.551
8 18 75.73
33 12 42.608
22 46 39.22
12 48 66.084
27 46 10.578
20 25 82.973
20 6 73.78
14 46 47.416
30 46 32.528
0 15 80.319
17 19 64.337
7 40 55.027
26 47 58.611
20 8 6.048
18 34 3.461
16 7 7.537
18 4 46.976
36 16 11.488
44 14 99.112
1 7 59.018
1 25 1.523
5 2 55.929
19 22 22.077
39 36 65.554
1 37 2.876
11 7 75.699
5 26 98.449
0 24 94.931
19 9 9.983
21 6 2.072
42 41 83.288
12 28 24.827
27 5 50.155
33 40 53.672
25 23 64.691
10 18 34.488
47 22 37.92
46 29 29.3
26 49 19.529
16 2 42.621
11 25 98.467
17 45 77.719
31 3 52.915
23 46 75.381
2 48 48.836
20 26 44.307
23 31 65.52
43 15 4.587
2 46 69.966
43 17 66.767
4 3 21.535
35 16 8.434
34 6 9.639
22 49 81.228
10 30 97.533
43 42 54.455
11 13 18.037
44 6 20.494
7 41 94.366
8 3 52.143
45 0 79.349
23 34 60.24
31 30 32.949
42 20 71.545
25 7 71.576
12 2 75.677
20 29 85.229
46 45 38.971
15 8 98.59
46 1 45.522
11 23 51.482
25 46 49.35
33 43 15.846
10 8 45.424
36 45 43.235
40 5 14.045
41 31 54.383
24 37 51.398
34 30 86.575
22 11 13.216
15 37 69.288
11 36 0.723
20 12 16.127
35 32 57.3
33 16 10.283
47 44 75.679
29 40 41.972
0 40 63.925
34 36 16.184
34 33 25.668
26 15 20.792
0 16 80.771
47 8 51.095
13 32 66.958
1 20 62.009
40 28 8.867
28 18 54.204
3 20 68.022
39 49 39.188
28 37 14.774
30 49 75.035
18 15 83.024
31 24 18.117
15 33 44.221
34 8 49.655
25 24 55.756
9 48 9.814
12 44 80.569
1 42 87.992
43 32 41.895
33 3 33.642
34 3 42.812
3 47 46.183
17 30 94.028
16 11 22.704
0 26 70.89
9 26 82.018
5 43 28.18
43 19 98.25
17 22 7.691
41 0 24.105
2 28 30.879
47 5 11.546
24 8 4.408
22 2 12.55
5 11 15.892
17 29 38.466
24 48 47.601
32 25 34.561
25 45 22.732
35 8 41.341
15 9 38.529
2 10 13.072
38 37 48.764
24 29 3.177
26 29 3.611
34 28 87.678
12 13 81.54
8 0 39.569
9 30 69.455
39 11 52.974
5 24 69.56
5 33 61.843
41 24 17.88
40 45 33.644
42 8 36.386
16 27 98.941
23 37 82.839
21 14 26.415
22 5 63.548
4 14 18.573
34 31 87.67
37 31 54.984
48 47 65.911
47 39 76.669
26 39 54.15
8 22 34.559
47 20 49.572
33 2 75.989
9 47 15.582
35 47 18.101
1 10 40.406
2 9 19.844
39 9 13.691
21 7 82.105
37 35 43.72
35 34 3.671
15 35 70.883
14 0 44.74
37 49 62.324
18 41 71.501
48 29 16.348
24 35 58.432
7 38 64.544
43 23 94.428
44 27 91.259
49 41 84.636
4 34 77.873
23 9 53.389
5 34 77.745
48 17 17.922
41 12 12.766
49 25 99.497
42 10 28.583
0 34 76.341
4 36 17.184
49 46 92.806
22 48 93.62
29 23 8.788
43 1 38.554
43 36 20.024
35 20 72.868
21 32 77.086
32 18 80.821
2 19 39.028
33 0 36.943
28 26 41.7
34 2 10.46
4 11 74.845
45 27 58.585
35 18 68.666
23 2 30.929
7 5 80.286
29 0 14.678
40 26 99.54
6 12 73.747
46 17 1.128
32 39 43.912
48 46 2.077
19 8 44.723
4 28 68.267
17 28 38.396
45 19 21.032
36 35 91.78
9 20 88.834
10 39 55.464
28 49 48.331
30 40 80.965
29 12 14.25
4 37 21.955
1 47 41.284
7 36 31.421
15 44 77.26
11 27 28.304
2 37 68.349
19 42 58.306
34 40 54.45
45 49 71.341
26 21 62.185
40 6 11.49
26 18 42.099
46 7 56.567
32 36 97.34
49 10 65.639
21 2 76.444
32 5 37.366
45 12 71.981
20 4 83.346
2 17 25.703
45 44 48.773
3 6 6.329
46 34 69.689
31 29 56.722
7 26 44.092
15 38 62.097
16 10 73.441
42 29 44.59
46 39 55.35
3 29 1.916
34 44 22.749
22 23 51.398
21 8 49.386
39 35 60.428
30 13 78.455
18 22 71.133
6 19 16.715
39 45 32.852
35 12 15.745
39 30 0.933
42 25 31.281
48 35 1.769
19 30 25.819
3 19 40.749
9 14 24.522
41 37 66.471
7 13 76.395
48 44 3.885
6 24 86.524
39 3 56.827
27 32 52.873
14 29 26.39
42 37 75.942
31 14 18.07
11 8 25.039
41 30 82.087
0 35 58.631
30 25 92.884
41 35 45.111
44 11 38.284
40 2 14.066
34 22 67.651
33 20 89.444
31 9 46.703
4 48 67.581
9 1 5.723
1 26 2.881
16 21 39.188
32 16 45.04
39 43 20.861
24 17 2.476
41 43 63.42
25 35 63.479
0 39 87.752
32 49 47.619
42 32 12.598
11 43 38.147
34 47 45.907
32 23 40.933
23 33 92.203
39 1 77.978
44 46 82.241
22 15 69.706
33 37 54.483
9 18 23.994
32 41 9.088
17 34 50.286
22 25 42.214
5 41 18.302
29 19 69.806
38 27 32.936
45 2 85.774
13 21 70.651
45 37 15.672
21 45 89.298
17 20 88.147
38 31 31.532
16 23 62.483
24 26 83.315
12 5 67.596
46 43 22.454
48 6 90.391
33 30 37.794
3 27 62.088
27 35 92.75
27 1 54.687
1 12 36.917
6 37 88.414
17 16 65.736
23 35 27.18
34 9 70.298
45 26 72.774
12 30 99.077
1 49 73.773
28 8 51.255
9 37 90.09
6 45 62.664
22 36 10.564
9 12 65.518
35 49 19.334
28 23 8.992
18 11 29.026
49 18 20.85
9 6 51.914
31 47 3.43
10 33 47.563
24 45 18.534
42 30 84.045
41 25 81.34
22 39 16.582
7 39 34.359
7 9 78.871
42 18 0.647
41 46 67.739
42 36 8.148
4 6 56.013
40 23 96.842
0 12 35.114
22 38 3.828
25 3 88.942
40 9 92.282
3 42 54.001
26 42 8.829
43 27 46.499
17 6 18.443
15 1 51.678
32 47 64.832
48 40 62.082
40 11 7.304
48 37 83.663
41 27 32.672
48 20 60.945
8 6 84.157
41 47 14.34
43 48 59.681
19 5 17.332
39 34 30.702
4 40 53.329
44 8 50.344
11 45 44.742
38 46 87.971
49 13 47.286
39 5 55.305
32 29 26.067
2 31 90.678
11 38 10.955
30 11 47.268
15 10 62.769
7 19 12.414
48 5 9.541
21 29 94.455
36 0 85.96
4 27 17.539
21 40 30.911
4 33 7.865
18 33 14.634
43 25 82.154
49 8 88.809
28 25 1.127
20 24 54.561
7 12 69.436
3 14 64.073
16 15 5.756
35 3 11.761
1 44 2.252
16 19 98.048
38 47 64.554
17 5 38.006
41 28 73.357
6 2 35.076
33 7 85.423
11 24 23.054
5 31 79.923
42 14 20.77
16 28 25.539
48 8 62.711
44 38 88.616
30 29 20.611
41 2 81.832
2 14 66.743
21 10 90.971
43 20 97.293
33 46 31.092
49 16 86.351
48 49 14.979
45 1 74.141
19 26 39.716
4 21 81.347
40 19 33.342
49 38 81.026
48 19 99.463
41 15 20.276
3 30 35.947
33 32 26.628
37 36 20.638
5 28 81.943
1 21 40.915
32 48 8.597
3 1 19.207
14 47 42.934
27 37 4.765
31 15 98.276
40 18 18.62
33 28 33.958
27 33 68.057
43 45 52.732
24 32 61.446
29 45 39.632
40 1 55.394
48 0 70.127
31 0 57.657
39 18 87.347
37 3 31.82
30 26 35.597
47 13 67.962
10 22 87.278
47 33 37.559
4 7 9.997
24 40 38.995
47 24 66.071
15 34 84.599
16 9 78.23
47 0 80.109
43 21 57.935
14 10 12.996
31 42 28.914
39 41 84.211
14 34 82.991
27 40 53.342
27 39 40.26
7 31 16.319
44 5 2.174
31 19 11.319
41 9 76.736
32 12 21.239
10 34 20.598
46 18 53.365
22 12 49.896
32 4 0.764
