50
0 1 36.05
0 8 79.836
0 10 25.784
0 30 92.039
0 41 38.634
0 47 50.043
1 8 73.677
1 18 21.984
1 23 27.974
1 34 9.391
1 45 87.25
2 13 39.235
2 19 83.811
2 22 23.522
2 27 98.148
2 29 41.023
2 47 68.413
3 12 16.003
3 14 2.543
3 25 2.855
3 30 14.925
3 45 36.375
4 26 47.699
4 30 95.156
4 34 52.496
4 45 79.022
5 8 72.314
5 18 74.366
5 27 52.379
5 41 65.522
6 11 20.987
6 20 87.523
6 21 51.076
6 49 88.699
7 14 72.216
8 15 45.701
8 42 36.591
8 47 72.38
9 29 73.101
10 11 78.079
10 35 87.625
10 45 78.595
11 22 16.305
11 36 3.24
12 35 63.813
13 19 55.766
13 31 55.251
13 33 13.116
14 17 89.51
14 22 37.551
14 35 61.566
15 18 59.051
15 26 94.763
16 37 8.523
17 32 77.363
17 43 94.31
17 45 24.164
18 35 92.545
18 36 89.558
19 22 46.217
19 30 69.777
19 33 37.455
21 23 97.233
21 32 60.488
22 27 32.046
22 38 21.227
23 35 28.009
23 40 1.242
23 48 26.58
24 31 47.259
24 44 35.169
25 27 80.253
25 29 80.125
25 37 20.176
26 31 70.473
26 44 1.346
27 28 46.462
27 30 32.152
28 41 65.58
28 44 19.993
29 34 34.27
29 39 54.385
29 47 45.604
30 39 2.423
31 40 83.548
32 38 90.91
32 48 8.384
35 36 69.582
36 41 43.839
37 40 23.307
38 40 66.018
38 43 1.365
39 42 53.747
39 45 14.06
40 44 9.391
40 47 25.167
43 46 5.057
46 47 72.271