50
3 37 0.003
22 33 0.004
28 44 0.004
43 45 0.004
6 8 0.005
0 10 0.006
29 32 0.006
30 33 0.006
11 40 0.006
12 46 0.007
16 26 0.008
3 42 0.008
31 44 0.008
17 19 0.011
34 35 0.011
8 36 0.011
13 19 0.012
18 30 0.012
7 11 0.014
17 29 0.014
15 37 0.014
15 41 0.014
40 41 0.014
20 46 0.015
12 47 0.016
16 20 0.017
21 46 0.019
14 27 0.02
0 38 0.02
24 45 0.021
26 46 0.021
28 49 0.022
16 35 0.023
1 18 0.025
29 33 0.025
29 36 0.025
29 41 0.026
35 38 0.027
47 49 0.027
3 27 0.029
2 32 0.029
25 43 0.029
8 22 0.03
19 49 0.031
0 11 0.032
28 42 0.032
30 45 0.032
36 43 0.034
9 12 0.035
26 39 0.035
1 43 0.035
21 45 0.035
31 43 0.037
21 27 0.038
24 42 0.038
11 36 0.039
4 12 0.04
11 41 0.04
32 48 0.04
10 21 0.041
9 29 0.042
2 35 0.042
14 31 0.044
3 43 0.044
4 11 0.045
15 42 0.045
13 23 0.047
17 34 0.048
9 42 0.048
19 32 0.049
22 41 0.049
40 43 0.049
2 49 0.052
31 36 0.054
17 30 0.055
14 32 0.055
19 48 0.057
5 16 0.058
33 45 0.062
1 32 0.063
0 3 0.065
1 26 0.065
18 38 0.066
3 39 0.066
18 40 0.066
11 20 0.067
9 23 0.068
9 43 0.068
0 17 0.069
29 40 0.069
33 39 0.07
16 23 0.071
6 43 0.071
4 46 0.071
19 36 0.073
5 11 0.075
7 12 0.075
23 24 0.075
20 34 0.075
30 39 0.076
17 40 0.078
43 47 0.079
2 4 0.08
1 12 0.08
12 17 0.08
22 49 0.08
8 14 0.081
10 33 0.081
30 38 0.083
4 5 0.084
24 41 0.085
30 49 0.085
4 19 0.086
15 26 0.086
9 30 0.086
15 20 0.087
17 37 0.088
6 10 0.091
6 44 0.091
41 45 0.091
15 30 0.092
35 48 0.092
8 31 0.097
20 26 0.098
