49
0 1 0.09
0 48 0.17
1 2 0.26
2 3 0.04
3 4 0.44
4 5 0.32
5 6 0.04
6 7 0.54
7 8 0.15
8 9 0.07
9 10 0.31
10 11 0.33
11 12 0.7
12 13 0.73
13 14 0.42
14 15 0.58
15 16 0.33
16 17 0.23
17 18 0.59
18 19 0.56
19 20 0.32
20 21 0.47
21 22 0.34
22 23 0.84
23 24 0.09
24 25 0.45
25 26 0.45
26 27 0.57
27 28 0.09
28 29 0.15
29 30 0.55
30 31 0.15
31 32 0.06
32 33 0.88
33 34 0.75
34 35 0.28
35 36 0.91
36 37 0.73
37 38 0.78
38 39 0.71
39 40 0.76
40 41 0.14
41 42 0.27
42 43 0.5
43 44 0.23
44 45 1.0
45 46 0.29
46 47 0.13
47 48 0.39