50
0 6 54.036
0 48 37.584
0 14 25.585
0 36 16.024
0 22 33.103
0 37 20.836
0 13 78.561
0 42 54.653
0 23 57.422
0 5 4.759
0 41 80.126
0 44 87.147
0 43 5.176
0 11 27.128
0 10 65.756
0 3 69.626
0 40 86.344
0 7 51.463
0 26 93.217
0 16 46.517
0 49 3.146
0 12 29.967
0 21 10.919
1 41 46.856
1 39 55.498
1 11 53.402
1 16 25.04
1 8 13.795
1 30 86.128
1 20 62.06
1 46 79.23
1 43 50.783
1 17 3.251
1 12 32.305
1 44 26.36
1 29 29.624
1 36 82.71
1 2 85.839
1 24 52.953
1 3 54.887
1 33 52.64
1 9 82.496
1 48 90.104
1 21 73.676
1 47 30.695
1 38 0.443
1 22 52.571
1 14 67.353
1 35 40.958
2 5 56.389
2 20 13.432
2 48 81.098
2 14 19.145
2 9 26.325
2 47 77.107
2 13 57.751
2 3 3.267
2 21 67.158
2 22 14.283
2 41 38.475
2 12 93.734
2 23 16.402
2 7 68.112
2 24 75.73
2 25 70.735
2 43 6.471
2 11 80.236
2 36 34.273
2 17 15.181
2 33 19.928
2 44 87.624
2 16 31.088
2 39 65.165
2 49 28.831
2 42 67.89
3 33 41.485
3 23 24.253
3 16 78.242
3 46 93.651
3 8 24.096
3 32 28.518
3 45 89.309
3 40 0.331
3 31 56.749
3 18 74.725
3 29 98.3
3 26 76.717
3 19 92.799
3 15 37.35
3 39 44.396
3 25 90.256
3 10 59.599
3 6 4.685
3 4 72.384
3 44 89.586
3 13 94.011
3 5 45.367
3 38 97.521
4 37 11.085
4 5 42.611
4 40 9.998
4 39 83.022
4 44 90.144
4 24 86.428
4 10 86.587
4 9 82.276
4 8 41.6
4 42 92.085
4 7 60.428
4 17 22.173
4 29 28.962
4 28 63.369
4 46 60.218
4 19 60.646
4 30 50.33
4 25 97.94
4 31 6.676
4 15 13.043
4 45 91.926
4 27 79.388
5 43 75.355
5 33 71.822
5 17 5.639
5 25 58.929
5 32 6.504
5 35 22.842
5 38 26.617
5 41 63.976
5 46 38.983
5 30 0.172
5 27 10.61
5 22 2.962
5 14 74.552
5 26 84.563
5 19 68.276
5 9 47.764
5 40 27.514
5 47 72.056
5 42 30.554
5 48 6.376
5 10 42.318
5 29 35.882
5 20 54.809
5 34 15.934
5 16 49.455
5 24 44.839
5 44 80.163
5 31 96.817
5 28 18.965
6 48 80.062
6 34 88.382
6 31 66.182
6 15 68.266
6 41 82.47
6 19 25.378
6 29 36.964
6 35 99.813
6 7 68.219
6 39 32.102
6 27 54.883
6 36 43.405
6 46 48.074
6 21 89.552
6 38 58.352
6 13 45.617
6 40 49.449
6 23 48.799
6 26 36.597
7 34 27.332
7 39 34.011
7 42 13.869
7 15 11.52
7 35 68.479
7 33 96.268
7 22 34.847
7 26 25.468
7 49 27.08
7 16 58.396
7 18 96.532
7 37 34.74
7 27 63.788
7 20 25.279
7 9 12.335
7 14 14.407
7 13 28.076
7 30 57.875
7 38 85.485
7 23 89.781
8 40 62.572
8 35 32.063
8 32 84.557
8 17 56.314
8 45 47.102
8 22 13.392
8 21 88.135
8 23 93.244
8 46 56.217
8 38 91.419
8 18 49.028
8 48 81.907
8 37 8.198
8 16 98.255
8 24 39.182
8 43 87.064
8 39 70.942
8 9 56.934
8 34 61.186
8 26 36.572
8 44 9.559
8 20 7.339
8 31 42.695
9 49 17.961
9 39 48.823
9 34 94.039
9 19 32.174
9 17 18.677
9 29 38.983
9 10 32.622
9 25 22.637
9 35 18.939
9 44 16.954
9 12 94.162
9 36 9.511
9 48 48.406
9 27 13.189
9 14 27.272
9 15 79.479
9 41 6.283
9 47 17.614
9 24 32.814
9 32 71.95
9 20 89.005
9 16 88.469
9 11 9.942
10 13 81.047
10 25 30.798
10 41 71.894
10 45 62.149
10 19 33.256
10 11 87.545
10 26 41.729
10 32 33.789
10 28 20.146
10 39 92.288
10 12 96.383
10 38 26.038
10 18 43.601
10 37 11.623
10 17 56.487
11 26 48.32
11 25 32.584
11 33 97.197
11 41 47.18
11 13 78.625
11 12 76.029
11 28 90.838
11 48 49.887
11 16 35.603
11 32 23.27
11 34 75.055
11 22 12.005
11 40 68.567
11 17 6.232
11 18 92.315
11 21 78.723
11 37 67.401
11 49 30.243
12 29 83.893
12 35 13.777
12 46 44.091
12 16 12.074
12 42 91.733
12 38 31.629
12 43 51.579
12 33 99.674
12 48 67.334
12 17 38.321
12 13 53.038
12 36 96.105
12 28 5.756
12 18 22.951
12 23 63.288
12 49 3.513
12 41 74.276
12 37 11.166
12 19 85.311
12 39 46.633
12 20 32.508
12 26 31.316
12 31 48.485
13 27 36.866
13 44 37.737
13 33 61.915
13 36 89.8
13 41 17.925
13 31 54.385
13 14 32.139
13 20 66.095
13 29 54.065
13 24 0.838
13 49 6.977
13 22 42.066
13 34 85.349
13 46 97.148
13 23 90.516
13 48 70.969
13 26 99.379
13 38 11.443
13 40 68.44
14 34 35.614
14 17 72.944
14 37 78.182
14 31 33.52
14 20 17.392
14 19 68.638
14 40 9.743
14 29 27.76
14 23 58.292
14 26 46.691
14 21 82.249
14 47 12.515
14 43 81.322
14 27 9.385
14 45 27.622
14 39 9.032
14 30 12.178
14 25 29.831
14 24 75.624
15 18 36.432
15 44 76.32
15 32 3.195
15 40 45.536
15 47 2.852
15 19 94.224
15 21 39.333
15 29 7.882
15 20 19.619
15 22 37.686
15 45 12.781
15 30 62.327
15 48 40.709
15 34 23.698
15 27 40.721
15 26 6.803
15 25 11.387
16 49 74.693
16 33 75.818
16 32 53.023
16 27 58.909
16 17 91.587
16 42 96.34
16 31 89.356
16 21 43.181
16 28 34.019
16 19 14.305
16 39 63.464
16 38 71.188
16 46 72.68
16 22 11.119
16 26 34.242
16 24 37.294
16 37 79.627
16 48 27.076
16 30 33.579
16 44 91.477
16 43 72.983
17 42 18.512
17 25 75.308
17 43 92.695
17 32 69.283
17 33 99.236
17 34 29.055
17 26 81.378
17 47 60.88
17 18 51.825
17 24 97.68
17 45 90.777
17 23 33.544
17 35 32.394
17 21 80.396
17 40 87.695
17 20 92.709
17 44 58.434
17 46 54.936
18 32 90.731
18 23 4.326
18 34 11.158
18 25 9.645
18 46 13.323
18 31 37.13
18 29 93.397
18 19 90.437
18 28 40.297
18 33 26.544
18 27 46.939
18 41 23.633
18 38 34.736
18 48 67.222
18 20 4.129
18 21 38.286
18 24 86.982
18 26 46.576
18 44 36.543
19 27 23.333
19 40 93.887
19 24 43.699
19 39 89.166
19 32 43.877
19 34 12.548
19 20 54.498
19 49 11.895
19 36 43.355
19 42 32.365
19 31 84.104
19 25 70.408
19 33 1.231
19 29 22.124
19 22 91.38
20 23 32.195
20 26 65.041
20 42 95.493
20 41 5.026
20 33 54.004
20 40 62.524
20 39 11.699
20 35 48.051
20 32 66.917
20 38 24.784
20 45 66.872
20 46 47.666
20 22 15.769
20 28 37.507
20 36 36.488
20 27 84.327
20 37 27.067
20 30 45.443
21 42 52.849
21 26 74.875
21 49 42.965
21 40 1.234
21 43 31.069
21 27 77.71
21 44 46.548
21 28 9.33
21 23 61.056
21 29 22.415
21 41 46.717
21 22 67.464
21 31 75.293
21 32 9.309
22 29 31.533
22 26 62.783
22 45 50.636
22 23 27.665
22 49 45.868
22 34 82.137
22 32 91.984
22 43 98.694
22 38 53.141
23 35 42.317
23 49 84.674
23 41 4.841
23 29 34.645
23 25 26.958
23 31 13.27
23 45 82.682
23 24 83.954
23 36 63.622
23 33 2.596
23 43 77.725
23 47 12.505
23 26 1.28
24 48 55.096
24 25 37.704
24 46 86.154
24 26 29.761
24 35 46.513
24 30 28.955
24 39 83.535
24 42 57.512
24 27 54.278
24 49 19.154
24 44 84.8
24 43 32.464
24 34 36.193
24 29 22.329
25 37 37.124
25 40 48.365
25 35 43.153
25 30 51.356
25 46 20.775
25 33 32.343
25 31 26.03
25 29 4.674
25 27 39.599
25 41 7.456
25 42 42.24
25 49 68.38
25 28 3.121
26 29 59.648
26 40 85.81
26 35 6.997
26 42 85.437
26 27 10.423
26 43 13.427
26 33 95.376
26 41 77.84
26 37 48.49
26 31 6.778
26 44 6.328
26 38 41.288
26 32 38.555
27 36 52.648
27 31 93.561
27 35 48.334
27 47 50.808
27 46 88.37
27 37 10.245
27 33 93.947
27 28 37.844
27 45 56.701
27 48 68.619
27 41 47.163
27 38 49.935
27 30 58.639
28 33 20.817
28 36 16.718
28 32 69.627
28 34 99.148
28 35 39.269
28 40 17.643
28 47 5.283
28 43 79.882
28 39 96.053
28 38 48.746
28 30 46.202
28 31 52.465
28 42 27.681
29 36 32.426
29 39 18.629
29 41 92.952
29 35 1.693
29 46 10.11
29 42 76.903
29 33 87.899
29 30 31.48
29 47 86.767
29 48 47.191
29 34 20.521
30 42 87.309
30 45 44.179
30 41 49.711
30 49 95.962
30 47 96.69
30 35 69.995
30 46 98.338
30 37 40.121
30 31 63.067
30 40 72.03
30 36 76.212
30 39 14.865
31 36 16.773
31 38 3.596
31 43 26.235
31 34 68.397
31 45 31.066
31 40 45.488
31 37 45.115
31 44 65.134
32 34 38.606
32 33 9.707
32 35 70.984
33 39 97.313
33 44 1.422
33 42 40.789
33 45 54.978
33 37 96.652
33 46 59.163
34 46 52.199
34 42 4.588
34 40 72.301
34 36 72.685
34 48 88.788
34 37 12.715
34 35 83.776
35 49 5.411
35 43 35.334
35 39 17.397
35 46 24.781
35 45 12.452
35 47 58.663
35 40 41.378
36 45 72.668
36 47 32.056
37 42 91.83
37 48 63.783
37 45 14.462
37 40 3.711
37 47 82.669
37 46 89.967
37 39 66.436
38 43 71.965
38 40 1.123
38 48 5.659
38 44 48.287
38 46 92.802
38 49 56.63
39 46 30.656
39 45 33.557
39 40 24.765
39 42 92.566
39 49 69.224
40 43 8.755
40 45 91.063
40 46 21.338
40 42 52.176
40 41 40.454
40 44 99.716
41 46 38.936
41 42 45.075
41 44 76.829
41 49 77.139
42 49 31.782
42 45 19.319
42 44 86.115
43 44 94.017
43 49 87.63
44 45 17.1
44 48 34.17
44 46 31.608
44 47 96.028
44 49 23.234
45 49 57.455
45 46 52.017
46 48 55.561
47 49 30.98
47 48 80.181