50
0 3 84
0 4 81
0 18 92
0 24 94
0 27 89
0 30 95
0 37 80
0 41 94
0 44 90
1 15 91
1 23 92
1 25 93
1 26 80
1 32 7
1 35 97
1 36 92
1 39 85
2 7 86
2 26 84
2 31 87
2 36 85
2 37 87
2 38 83
2 39 88
2 42 88
2 46 5
3 8 82
3 9 5
3 10 94
3 13 88
3 18 94
3 28 85
3 49 7
4 5 93
4 6 99
4 7 9
4 9 94
4 13 95
4 16 96
4 23 6
4 30 96
4 34 99
4 47 97
4 48 94
5 13 9
5 20 81
5 27 89
5 29 99
5 30 97
5 34 94
5 35 93
5 43 96
5 47 91
5 49 10
6 15 99
6 16 89
6 25 84
6 27 5
6 29 87
6 32 84
6 39 95
6 43 95
7 18 96
7 24 90
7 38 88
7 43 10
7 48 91
8 9 91
8 10 85
8 13 89
8 29 85
8 30 95
8 34 92
8 35 93
8 36 92
8 38 97
8 41 98
8 45 9
9 16 85
9 23 7
9 31 2
9 32 92
9 33 91
10 19 96
10 27 88
10 30 87
10 31 90
10 46 95
11 14 4
11 18 7
11 20 89
11 29 89
11 30 96
11 33 85
12 17 98
12 22 84
12 27 99
12 30 2
12 39 4
12 44 80
13 14 91
13 15 94
13 24 91
13 33 80
13 34 97
13 37 93
13 45 95
14 15 5
14 17 80
14 18 93
14 25 94
14 27 7
14 40 84
15 20 98
15 37 89
15 46 82
16 19 1
16 25 81
16 27 83
16 29 90
16 30 80
16 35 97
16 43 5
16 45 2
17 22 93
17 23 98
17 36 80
17 39 81
17 40 91
17 41 95
17 45 87
18 22 92
18 26 90
18 29 95
18 36 85
18 49 86
19 28 88
19 30 2
19 33 93
20 28 94
20 29 3
20 32 89
20 34 2
20 42 96
21 24 93
21 38 94
21 39 86
22 37 80
22 43 89
22 47 96
23 26 89
23 33 94
23 49 4
24 28 95
24 31 91
24 38 94
24 40 80
24 45 81
24 49 99
25 45 89
25 49 84
26 29 97
26 30 7
26 39 91
27 38 91
27 47 84
27 49 99
28 30 98
28 31 87
28 35 89
28 37 97
28 47 84
29 31 10
29 44 90
29 46 82
30 43 97
30 45 99
30 47 97
31 34 87
31 37 88
32 36 83
32 37 93
32 41 96
32 42 83
33 37 83
33 42 81
34 37 80
34 39 98
34 43 8
34 48 80
34 49 87
36 44 82
36 47 82
37 38 84
37 39 87
37 43 88
38 39 85
39 40 97
39 43 99
39 49 98
41 42 80
41 49 82
42 45 84
42 47 80
42 48 81
43 44 97
46 49 87