50
0 1 54
0 16 1
0 20 49
1 2 11
1 18 91
2 3 75
2 31 60
3 4 23
3 19 83
4 5 20
4 29 64
5 6 83
5 35 59
6 7 92
6 27 24
7 8 13
7 37 51
8 9 61
8 26 91
9 10 93
9 39 60
10 11 67
10 24 81
11 12 41
11 40 26
12 13 77
12 22 8
13 14 8
13 42 80
14 15 43
14 20 46
15 16 23
15 44 63
16 17 42
17 18 63
17 45 42
18 19 67
19 34 85
20 21 46
21 22 32
21 31 29
22 23 14
23 24 74
23 32 15
24 25 45
25 26 62
25 33 44
26 27 55
27 28 81
28 29 46
28 33 74
29 30 46
30 31 37
30 32 91
32 33 50
34 35 35
34 46 31
35 36 18
36 37 89
36 47 7
37 38 41
38 39 96
38 49 37
39 40 33
40 41 31
41 42 60
41 49 62
42 43 24
43 44 22
43 48 12
44 45 21
45 46 7
46 47 51
47 48 43
48 49 84
