50
0 1 30
0 2 16
0 3 26
0 4 40
0 5 31
0 6 3
0 7 28
0 8 11
0 9 45
0 10 16
0 11 44
0 12 19
0 13 5
0 14 3
0 15 17
0 16 31
0 17 14
0 18 44
0 20 38
0 21 30
0 22 6
0 23 46
0 24 1
0 25 38
0 26 31
0 27 13
0 28 19
0 29 17
0 30 20
0 31 34
0 33 5
0 34 26
0 35 25
0 36 4
0 37 19
0 38 5
0 39 18
0 40 19
0 41 13
0 42 32
0 43 38
0 44 43
0 45 29
0 46 13
0 47 22
0 48 35
0 49 43
1 2 9
1 3 44
1 4 43
1 6 11
1 7 4
1 8 34
1 9 47
1 10 22
1 11 30
1 12 22
1 13 18
1 14 49
1 15 33
1 17 25
1 18 13
1 19 41
1 20 22
1 21 48
1 22 19
1 23 34
1 24 16
1 25 27
1 26 38
1 27 36
1 28 41
1 29 10
1 30 1
1 31 17
1 32 23
1 33 12
1 34 31
1 35 12
1 36 8
1 37 49
1 38 19
1 39 4
1 40 5
1 41 28
1 42 26
1 43 36
1 44 44
1 45 44
1 46 18
1 47 5
1 48 38
1 49 27
2 3 45
2 4 35
2 5 12
2 6 9
2 7 30
2 8 46
2 9 33
2 10 28
2 11 14
2 12 26
2 13 29
2 14 5
2 15 40
2 16 13
2 17 49
2 18 28
2 19 31
2 20 48
2 22 49
2 24 36
2 25 22
2 26 24
2 27 25
2 28 19
2 29 31
2 31 41
2 32 25
2 33 18
2 34 17
2 35 28
2 36 14
2 37 11
2 38 14
2 39 47
2 40 22
2 41 10
2 42 10
2 43 2
2 44 42
2 45 38
2 46 20
2 47 15
2 48 42
2 49 12
3 4 6
3 5 3
3 6 23
3 7 19
3 8 13
3 9 5
3 10 48
3 11 20
3 12 28
3 13 44
3 14 47
3 15 28
3 17 31
3 18 38
3 19 14
3 20 44
3 21 18
3 22 4
3 23 27
3 24 2
3 25 25
3 26 35
3 27 19
3 28 42
3 29 5
3 30 4
3 31 30
3 32 15
3 33 13
3 34 2
3 35 27
3 36 37
3 37 6
3 38 30
3 39 19
3 40 43
3 41 43
3 42 2
3 43 31
3 44 15
3 45 27
3 46 7
3 47 13
3 48 8
3 49 49
4 5 15
4 6 40
4 7 40
4 8 4
4 9 42
4 10 35
4 11 49
4 12 6
4 13 12
4 14 45
4 15 32
4 16 5
4 17 7
4 18 15
4 19 44
4 20 32
4 21 43
4 22 11
4 23 26
4 24 35
4 25 7
4 26 26
4 27 49
4 28 17
4 29 32
4 30 41
4 31 48
4 32 34
4 33 21
4 34 8
4 35 20
4 36 34
4 37 42
4 38 34
4 39 46
4 40 38
4 41 31
4 42 11
4 43 12
4 44 13
4 45 29
4 46 24
4 47 26
4 48 48
4 49 8
5 6 8
5 7 46
5 8 33
5 9 48
5 10 20
5 11 9
5 12 36
5 13 48
5 14 5
5 15 36
5 16 38
5 17 22
5 18 36
5 19 22
5 20 43
5 21 46
5 22 32
5 23 24
5 24 43
5 25 9
5 26 32
5 27 42
5 28 10
5 29 12
5 30 15
5 31 20
5 32 35
5 33 18
5 34 24
5 35 47
5 36 3
5 37 13
5 38 43
5 39 16
5 40 29
5 41 46
5 42 18
5 43 39
5 44 25
5 45 38
5 46 35
5 47 30
5 48 40
5 49 49
6 7 17
6 8 38
6 9 2
6 10 16
6 11 33
6 12 4
6 13 22
6 14 37
6 15 15
6 16 33
6 17 44
6 18 14
6 19 37
6 20 33
6 21 31
6 22 1
6 23 47
6 24 3
6 25 30
6 26 8
6 27 20
6 28 46
6 29 5
6 30 6
6 31 34
6 33 48
6 34 29
6 35 31
6 36 12
6 37 32
6 38 18
6 39 11
6 40 43
6 41 44
6 42 21
6 43 7
6 44 10
6 45 12
6 46 40
6 47 13
6 48 2
6 49 4
7 8 20
7 9 23
7 10 20
7 11 32
7 12 28
7 13 28
7 14 46
7 15 42
7 16 14
7 17 7
7 18 40
7 19 26
7 20 31
7 21 9
7 22 43
7 23 47
7 24 33
7 25 25
7 26 8
7 27 47
7 28 17
7 29 33
7 30 15
7 31 17
7 32 26
7 33 47
7 34 20
7 35 42
7 36 33
7 37 4
7 38 30
7 39 19
7 40 41
7 41 2
7 42 4
7 43 44
7 44 23
7 45 44
7 46 5
7 47 3
7 48 11
7 49 37
8 9 35
8 10 26
8 11 21
8 12 24
8 13 43
8 14 35
8 15 11
8 16 5
8 17 24
8 18 20
8 19 36
8 20 39
8 21 29
8 22 47
8 23 18
8 24 31
8 25 42
8 26 33
8 27 31
8 28 25
8 29 10
8 30 7
8 31 24
8 32 35
8 33 3
8 34 18
8 35 13
8 36 22
8 37 5
8 38 26
8 39 27
8 40 1
8 41 18
8 42 46
8 43 39
8 44 16
8 45 31
8 46 14
8 47 36
8 48 17
8 49 34
9 10 28
9 11 39
9 12 2
9 13 31
9 14 38
9 15 3
9 16 33
9 17 34
9 18 8
9 19 42
9 20 15
9 21 39
9 22 38
9 23 28
9 24 22
9 25 11
9 26 47
9 27 9
9 28 14
9 29 13
9 30 18
9 31 37
9 32 30
9 33 33
9 34 31
9 35 5
9 36 43
9 37 11
9 38 38
9 39 40
9 40 44
9 41 22
9 42 44
9 43 40
9 44 31
9 45 26
9 46 10
9 47 41
9 48 38
9 49 24
10 11 17
10 12 41
10 13 28
10 14 10
10 15 30
10 16 1
10 17 38
10 18 20
10 19 4
10 20 31
10 21 11
10 22 2
10 23 21
10 24 46
10 25 42
10 26 37
10 27 46
10 28 30
10 29 10
10 30 18
10 31 43
10 32 41
10 33 7
10 34 26
10 35 16
10 36 5
10 37 12
10 38 10
10 39 44
10 40 49
10 41 14
10 42 41
10 43 5
10 44 38
10 45 15
10 46 28
10 47 37
10 48 46
10 49 24
11 12 28
11 13 2
11 14 39
11 15 36
11 16 28
11 17 34
11 18 24
11 19 10
11 20 1
11 21 46
11 22 23
11 23 8
11 24 45
11 25 14
11 26 48
11 27 29
11 28 30
11 29 7
11 30 49
11 31 14
11 32 12
11 33 4
11 34 19
11 35 43
11 36 3
11 37 37
11 38 2
11 39 49
11 40 12
11 41 26
11 42 3
11 43 33
11 44 40
11 45 25
11 46 11
11 47 15
11 48 30
11 49 44
12 13 1
12 14 1
12 15 7
12 16 4
12 17 22
12 18 27
12 19 9
12 20 15
12 21 4
12 22 10
12 23 8
12 24 44
12 25 44
12 26 34
12 27 45
12 28 30
12 29 4
12 30 20
12 31 25
12 32 44
12 33 47
12 34 49
12 36 37
12 37 36
12 38 19
12 39 41
12 40 10
12 41 39
12 42 29
12 43 44
12 44 9
12 45 4
12 46 41
12 47 46
12 48 12
12 49 14
13 14 12
13 15 3
13 16 47
13 17 13
13 18 40
13 19 33
13 20 7
13 21 1
13 22 20
13 23 2
13 24 34
13 26 41
13 27 5
13 28 15
13 29 43
13 30 2
13 31 11
13 32 45
13 33 2
13 34 10
13 35 3
13 36 28
13 37 27
13 38 1
13 39 35
13 40 1
13 41 5
13 42 42
13 43 36
13 44 25
13 45 15
13 46 46
13 47 18
13 48 43
13 49 33
14 15 31
14 16 9
14 17 2
14 18 37
14 19 9
14 20 18
14 21 10
14 22 13
14 23 24
14 24 8
14 25 24
14 26 30
14 27 42
14 28 19
14 29 39
14 30 44
14 31 21
14 32 17
14 33 30
14 34 28
14 35 11
14 36 42
14 37 43
14 38 43
14 39 10
14 40 32
14 41 24
14 42 3
14 43 29
14 44 1
14 45 32
14 46 18
14 47 31
14 48 41
14 49 28
15 16 26
15 17 42
15 18 22
15 19 34
15 20 22
15 21 13
15 22 20
15 23 24
15 24 7
15 25 13
15 26 9
15 27 12
15 28 30
15 29 12
15 30 24
15 31 35
15 32 24
15 33 36
15 34 6
15 35 43
15 36 33
15 37 17
15 38 34
15 39 47
15 40 10
15 41 38
15 42 13
15 43 21
15 44 29
15 45 19
15 46 21
15 47 1
15 48 47
15 49 31
16 17 15
16 18 43
16 19 4
16 20 25
16 21 45
16 22 16
16 23 46
16 24 6
16 25 1
16 26 24
16 27 34
16 28 31
16 29 42
16 30 28
16 31 18
16 32 33
16 33 41
16 34 8
16 35 46
16 36 4
16 37 17
16 38 17
16 39 42
16 40 42
16 41 41
16 42 14
16 43 37
16 44 14
16 45 48
16 46 38
16 47 35
16 48 9
16 49 30
17 18 5
17 19 39
17 20 8
17 21 19
17 22 43
17 23 41
17 24 10
17 25 28
17 26 8
17 27 25
17 28 4
17 29 18
17 30 10
17 31 49
17 32 41
17 33 44
17 34 30
17 35 1
17 36 40
17 37 7
17 38 34
17 39 49
17 40 15
17 42 6
17 43 46
17 44 27
17 45 24
17 46 22
17 47 10
17 48 43
17 49 16
18 19 10
18 20 11
18 21 14
18 22 32
18 23 6
18 24 8
18 25 6
18 26 2
18 27 18
18 28 33
18 29 1
18 30 32
18 31 11
18 32 41
18 33 20
18 34 12
18 35 37
18 36 7
18 37 17
18 38 36
18 39 33
18 40 46
18 41 26
18 42 37
18 43 3
18 44 10
18 45 35
18 46 18
18 47 13
18 49 14
19 20 14
19 21 48
19 22 21
19 23 24
19 24 10
19 25 40
19 26 34
19 27 21
19 29 13
19 30 16
19 31 7
19 32 26
19 33 42
19 34 7
19 35 19
19 36 22
19 37 15
19 38 4
19 39 6
19 40 6
19 41 48
19 42 28
19 44 45
19 45 5
19 46 19
19 47 29
19 48 23
19 49 2
20 21 36
20 22 14
20 23 47
20 24 19
20 25 33
20 26 34
20 27 43
20 28 45
20 29 36
20 30 9
20 32 22
20 33 19
20 34 29
20 35 38
20 36 6
20 37 27
20 38 25
20 39 3
20 40 47
20 41 8
20 42 48
20 43 1
20 44 35
20 45 10
20 46 11
20 47 3
20 48 34
20 49 22
21 22 42
21 23 21
21 24 9
21 25 39
21 26 14
21 27 5
21 28 24
21 29 49
21 30 4
21 31 35
21 33 49
21 34 1
21 35 47
21 36 19
21 37 37
21 38 37
21 39 15
21 40 33
21 41 18
21 42 42
21 43 30
21 44 31
21 45 39
21 46 38
21 47 31
21 48 9
21 49 46
22 23 10
22 24 35
22 25 25
22 26 38
22 27 9
22 28 45
22 29 4
22 30 37
22 31 1
22 32 41
22 33 47
22 34 38
22 35 9
22 36 4
22 37 30
22 38 19
22 39 8
22 40 6
22 41 5
22 42 2
22 43 1
22 44 25
22 45 30
22 46 49
22 47 47
22 48 36
22 49 4
23 24 30
23 25 24
23 26 30
23 27 44
23 28 26
23 29 14
23 30 8
23 31 4
23 32 37
23 33 44
23 34 46
23 35 5
23 36 20
23 37 29
23 38 27
23 39 2
23 40 35
23 41 3
23 42 48
23 43 28
23 44 24
23 46 6
23 47 5
23 48 34
23 49 13
24 25 35
24 26 21
24 28 40
24 29 6
24 30 1
24 31 6
24 32 28
24 33 2
24 34 17
24 35 44
24 37 30
24 38 28
24 39 4
24 40 5
24 41 2
24 42 30
24 43 33
24 44 45
24 45 4
24 46 29
24 47 40
24 48 42
24 49 5
25 26 17
25 27 47
25 28 5
25 29 12
25 30 45
25 31 23
25 32 11
25 33 15
25 34 22
25 35 25
25 36 4
25 37 5
25 38 17
25 39 34
25 40 36
25 41 12
25 42 38
25 43 15
25 44 6
25 45 48
25 46 8
25 47 1
25 48 37
25 49 7
26 27 14
26 28 1
26 29 21
26 30 46
26 31 8
26 32 3
26 33 11
26 34 35
26 35 9
26 36 27
26 37 2
26 38 33
26 39 15
26 40 14
26 41 28
26 42 43
26 43 29
26 44 3
26 45 20
26 46 12
26 47 2
26 48 9
26 49 11
27 28 6
27 29 15
27 30 40
27 31 11
27 32 40
27 33 19
27 34 32
27 35 24
27 36 14
27 37 11
27 38 20
27 39 20
27 40 18
27 41 22
27 42 36
27 43 16
27 44 4
27 45 25
27 46 11
27 47 9
27 48 30
27 49 15
28 29 22
28 30 35
28 31 34
28 32 2
28 33 49
28 34 35
28 35 40
28 36 25
28 37 46
28 38 31
28 39 3
28 40 5
28 41 28
28 42 8
28 43 15
28 44 12
28 45 14
28 47 32
28 48 36
28 49 27
29 30 17
29 31 2
29 32 35
29 33 30
29 34 33
29 35 24
29 36 38
29 37 41
29 38 32
29 39 47
29 40 7
29 41 11
29 42 30
29 43 24
29 44 14
29 45 9
29 46 38
29 47 44
29 48 46
29 49 34
30 31 40
30 32 19
30 33 42
30 34 26
30 35 1
30 36 4
30 37 21
30 38 23
30 39 6
30 40 37
30 41 4
30 42 1
30 43 47
30 44 22
30 45 15
30 46 46
30 47 13
30 48 6
30 49 43
31 32 43
31 33 41
31 34 23
31 35 38
31 36 2
31 37 14
31 38 26
31 39 33
31 40 8
31 41 45
31 42 33
31 43 19
31 44 12
31 45 25
31 46 33
31 47 15
31 48 46
31 49 17
32 34 43
32 35 6
32 36 46
32 37 3
32 39 44
32 40 13
32 41 19
32 42 28
32 44 46
32 45 18
32 46 47
32 47 34
32 48 24
32 49 12
33 34 14
33 35 29
33 36 10
33 38 46
33 39 44
33 40 30
33 41 17
33 42 16
33 43 23
33 44 20
33 45 47
33 46 20
33 47 44
33 48 11
33 49 48
34 35 38
34 36 1
34 37 14
34 38 28
34 39 1
34 40 15
34 41 21
34 42 40
34 43 28
34 44 33
34 45 40
34 46 49
34 47 37
34 48 1
34 49 15
35 36 13
35 37 45
35 38 32
35 39 7
35 40 32
35 41 42
35 42 38
35 43 26
35 44 37
35 45 7
35 46 2
35 47 17
35 48 12
35 49 6
36 37 8
36 38 5
36 39 35
36 40 4
36 41 18
36 42 43
36 43 13
36 44 41
36 45 16
36 46 26
36 47 22
36 48 16
36 49 21
37 38 4
37 39 38
37 40 11
37 41 32
37 42 42
37 43 10
37 44 11
37 45 16
37 46 21
37 47 30
37 48 34
37 49 9
38 39 13
38 40 13
38 41 31
38 42 29
38 43 17
38 44 21
38 45 38
38 46 49
38 47 24
38 48 32
38 49 44
39 40 8
39 41 33
39 42 42
39 43 5
39 44 7
39 45 47
39 46 44
39 47 39
39 48 20
39 49 31
40 41 5
40 42 42
40 43 37
40 44 3
40 45 28
40 46 21
40 47 27
40 48 12
40 49 33
41 42 13
41 43 21
41 44 33
41 45 4
41 46 8
41 47 1
41 48 28
41 49 18
42 43 26
42 44 40
42 45 3
42 46 20
42 47 36
42 48 16
42 49 28
43 44 22
43 45 22
43 46 10
43 47 12
43 48 15
43 49 15
44 45 3
44 46 16
44 47 38
44 48 7
44 49 3
45 46 20
45 47 43
45 48 7
45 49 40
46 47 32
46 48 39
46 49 23
47 48 8
47 49 44
48 49 40