50
10 20 33.095
23 0 83.323
0 41 21.563
0 24 24.462
0 14 1.637
41 24 18.439
41 14 21.016
24 14 1.298
18 16 98.298
16 42 65.940
16 29 92.627
42 29 1.574
19 41 86.067
19 24 19.692
41 21 96.972
21 1 85.713
21 12 84.492
1 12 15.510
1 25 18.724
12 25 0.420
22 2 93.655
2 17 83.851
2 21 92.870
17 21 16.462
17 9 17.443
21 9 6.949
9 25 0.042
44 0 91.802
0 31 36.482
0 48 76.467
31 48 23.372
1 27 86.800
1 43 50.071
27 38 7.850
27 33 88.646
43 30 16.593
43 35 94.107
15 16 88.556
16 19 14.247
16 48 24.734
16 1 20.482
19 48 15.765
19 1 23.267
48 1 14.786
13 6 65.041
44 28 83.193
44 39 41.364
28 21 0.738
28 12 79.661
39 8 21.042
39 35 75.423
0 38 78.225
38 23 30.686
38 4 83.661
23 4 16.093
20 41 27.344
32 35 93.870
32 41 30.098
35 33 8.564
35 36 84.866
41 42 17.111
41 43 94.954
32 28 89.646
32 39 5.852
37 2 98.994
2 31 90.354
2 40 83.415
31 40 11.501
31 30 3.377
40 30 23.843
30 48 21.295
2 5 88.275
5 46 96.234
5 36 85.931
46 36 19.356
46 49 8.126
36 49 7.959
49 34 12.166
0 8 79.248
8 24 77.522
8 2 79.819
24 2 18.519
24 39 7.956
2 39 16.580
42 46 97.822
42 31 4.346
8 37 84.729
8 3 6.767
12 46 94.135
46 25 63.438
46 32 86.431
25 32 2.454
34 48 83.550
48 17 80.690
48 5 79.984
17 5 17.496
17 25 13.518
5 25 22.361
25 35 15.567
12 22 88.192
12 2 49.371
22 21 1.775
22 19 87.875
2 48 4.490
2 4 97.408
11 4 42.381
8 20 83.195
8 26 15.937
41 22 38.285
41 3 84.995
22 3 3.064
36 37 24.730
38 14 99.633
14 18 52.273
14 2 86.600
18 2 12.794
37 17 49.550
47 49 83.870
47 45 3.390
28 46 83.162
46 44 90.230
46 27 87.424
44 27 8.635
44 16 13.121
27 16 1.167
16 4 6.279
45 33 87.056
33 44 35.383
33 19 97.350
44 19 24.364
37 34 86.542
37 11 12.251
27 4 76.509
27 25 30.661
4 43 20.244
4 6 77.752
25 13 14.907
25 36 82.977
19 36 57.589
37 24 23.454
19 47 79.728
47 0 85.437
47 29 89.002
0 29 10.520
0 3 11.337
29 3 19.345
3 49 24.748
2 43 91.870
43 29 75.644
43 25 96.746
29 25 23.786
29 30 20.320
25 30 21.950
30 35 20.366
12 39 11.807
22 43 93.382
43 49 99.157
43 10 86.781
49 10 0.792
49 13 2.593
10 13 10.116
13 20 0.005
14 16 74.467
4 42 34.527
16 23 1.589
16 46 76.683
42 13 14.433
42 7 83.991
