50
0 6 44.82
0 7 61.36
0 15 36.69
0 27 12.45
0 1 80.09
1 15 30.21
1 16 63.99
1 23 1.56
1 25 87.33
1 30 51.16
1 2 2.46
2 20 97.30
2 27 36.14
2 45 76.99
2 45 33.61
2 47 63.37
2 3 40.55
3 5 47.20
3 12 26.97
3 17 34.98
3 39 72.88
3 4 11.04
4 6 17.08
4 19 41.16
4 30 37.76
4 33 83.36
4 47 29.45
4 5 4.60
5 24 81.69
5 30 14.25
5 34 18.08
5 41 16.50
5 49 95.24
5 6 71.81
6 18 18.01
6 25 34.90
6 36 81.67
6 37 23.76
6 40 83.06
6 7 83.21
7 6 23.83
7 34 92.90
7 39 97.51
7 8 46.32
8 0 37.01
8 14 41.31
8 18 66.33
8 28 21.48
8 36 12.84
8 9 73.93
9 11 71.90
9 24 69.02
9 33 35.10
9 35 53.84
9 41 16.18
9 10 59.29
10 4 14.69
10 15 97.88
10 32 20.69
10 42 12.56
10 11 90.03
11 5 29.74
11 20 94.31
11 37 66.50
11 45 74.19
11 49 48.02
11 12 72.55
12 6 45.44
12 24 14.06
12 27 88.25
12 36 87.58
12 42 24.91
12 13 7.22
13 19 56.39
13 24 87.14
13 45 33.46
13 48 74.97
13 14 63.66
14 20 75.92
14 35 52.91
14 38 61.45
14 41 30.35
14 49 26.99
14 15 18.64
15 6 95.64
15 18 80.12
15 28 31.73
15 30 47.22
15 42 10.25
15 16 4.13
16 18 45.17
16 23 58.88
16 31 99.63
16 34 43.38
16 48 34.58
16 17 72.64
17 5 41.82
17 29 45.52
17 33 57.01
17 37 91.25
17 44 29.34
17 18 13.73
18 5 24.93
18 7 3.61
18 20 85.46
18 28 39.66
18 32 70.01
18 19 3.41
19 5 97.86
19 21 34.89
19 23 64.26
19 28 89.32
19 36 16.10
19 20 87.74
20 29 78.00
20 33 17.07
20 36 93.38
20 46 85.21
20 47 18.35
20 21 8.03
21 9 32.91
21 29 68.41
21 34 52.86
21 22 61.53
22 20 89.97
22 27 36.31
22 29 96.32
22 37 18.36
22 42 7.83
22 23 79.16
23 8 43.37
23 11 94.79
23 17 46.25
23 27 14.98
23 28 20.77
23 24 98.33
24 4 47.05
24 8 22.90
24 10 3.34
24 37 9.13
24 38 66.35
24 25 45.45
25 23 11.30
25 27 88.37
25 29 12.82
25 37 58.25
25 47 48.58
25 26 49.30
26 3 38.71
26 17 56.53
26 21 91.42
26 22 83.21
26 45 77.17
26 27 14.85
27 13 7.33
27 17 28.88
27 29 45.26
27 33 57.80
27 35 2.77
27 28 32.95
28 12 93.63
28 36 9.15
28 43 54.11
28 45 58.33
28 49 57.33
28 29 43.13
29 3 91.16
29 13 79.48
29 35 31.28
29 45 57.82
29 47 59.16
29 30 47.78
30 0 96.44
30 2 29.98
30 17 93.69
30 18 9.65
30 29 29.56
30 31 86.85
31 12 51.35
31 13 19.91
31 27 27.89
31 44 11.65
31 47 96.17
31 32 64.32
32 9 58.65
32 23 38.13
32 28 90.58
32 35 8.18
32 33 63.90
33 8 76.19
33 18 71.68
33 39 34.00
33 43 53.64
33 34 34.11
34 15 58.75
34 18 0.27
34 25 32.04
34 33 66.80
34 42 39.72
34 35 39.68
35 17 82.04
35 26 90.54
35 29 51.06
35 33 25.46
35 48 30.70
35 36 8.66
36 10 17.66
36 12 8.54
36 16 2.60
36 24 63.25
36 41 9.81
36 37 22.15
37 7 57.70
37 8 47.82
37 21 84.15
37 34 87.33
37 38 53.82
38 7 87.32
38 11 78.46
38 20 4.03
38 40 42.62
38 39 1.78
39 15 71.79
39 19 2.18
39 27 38.60
39 32 52.88
39 34 14.83
39 40 95.67
40 9 30.94
40 12 28.66
40 17 82.79
40 31 82.55
40 43 19.73
40 41 51.23
41 11 36.72
41 12 44.40
41 15 9.50
41 24 51.76
41 42 92.47
42 10 20.70
42 21 21.27
42 28 64.43
42 36 95.81
42 47 61.20
42 43 93.59
43 19 27.66
43 20 78.75
43 22 53.73
43 29 40.14
43 39 78.50
43 44 55.96
44 10 57.64
44 13 41.82
44 20 75.46
44 22 23.85
44 27 72.41
44 45 89.06
45 1 0.53
45 16 98.72
45 19 23.70
45 24 6.96
45 30 63.74
45 46 89.93
46 2 55.70
46 3 4.42
46 34 39.79
46 40 20.07
46 47 64.38
47 6 98.82
47 7 80.52
47 22 78.20
47 32 64.32
47 40 8.90
47 48 67.59
48 14 12.86
48 17 92.83
48 24 12.08
48 37 21.62
48 49 48.30
49 0 0.94
49 1 56.54
49 12 22.40
49 18 77.71
49 37 17.55
