50
0 1 24.605
0 49 0.279
0 2 10.905
0 48 88.476
0 26 3.261
1 2 24.542
1 3 16.293
1 49 88.088
2 3 32.201
2 4 21.869
3 4 64.061
3 5 84.597
4 5 39.174
4 6 14.391
5 6 65.156
5 7 25.715
6 7 62.738
6 8 98.534
7 8 27.094
7 9 39.852
8 9 72.534
8 10 67.072
9 10 36.748
9 11 85.296
9 37 50.222
10 11 20.123
10 12 49.518
11 12 13.017
11 13 21.605
12 13 68.54
12 45 69.402
13 14 92.8
13 15 19.036
14 15 69.125
14 16 97.01
15 16 81.007
15 17 72.99
16 17 73.401
16 18 57.343
17 18 64.436
17 19 3.274
18 19 79.906
18 20 33.259
19 20 96.755
19 21 85.779
20 21 26.248
20 22 69.738
21 22 67.497
21 23 61.049
21 44 2.759
22 23 78.019
22 24 84.308
23 24 70.169
23 25 97.11
24 25 23.165
24 26 45.079
25 26 50.242
25 27 6.186
26 27 7.402
27 29 13.774
27 37 82.914
28 29 74.613
28 30 68.725
29 30 34.599
29 31 74.627
29 47 9.297
30 31 24.637
30 32 84.085
31 33 85.833
31 41 65.729
32 33 31.485
32 34 90.83
33 34 30.854
33 35 21.761
34 35 59.176
34 36 68.867
35 36 13.885
35 37 37.953
36 37 13.195
36 38 62.086
37 38 78.599
38 39 46.001
38 40 15.812
39 40 99.402
39 41 28.12
40 41 52.353
40 42 10.137
41 42 56.549
41 43 25.042
42 43 93.264
42 44 37.769
43 44 98.138
43 45 53.108
44 46 17.355
45 46 76.856
45 47 12.755
46 47 19.165
46 48 74.803
47 48 73.673
48 49 50.162
