50
0 1 52.303
0 3 40.473
0 5 11.909
0 6 62.722
0 9 95.554
0 10 80.784
0 12 45.602
0 16 97.097
0 17 38.208
0 19 45.764
0 20 14.702
0 21 36.494
0 24 89.379
0 31 8.236
0 32 22.517
0 33 84.972
0 34 47.931
0 38 42.241
0 41 12.417
0 42 14.8
0 43 60.27
0 44 84.795
0 46 30.413
1 7 71.811
1 8 70.056
1 11 57.56
1 14 54.44
1 18 55.607
1 21 85.226
1 22 42.974
1 23 29.08
1 25 14.976
1 27 47.797
1 30 72.483
1 34 51.049
1 35 83.049
1 36 90.03
1 42 67.913
1 43 84.648
1 44 66.672
1 48 31.075
2 3 86.14
2 5 44.94
2 6 19.726
2 13 55.472
2 14 86.903
2 21 12.065
2 25 5.408
2 27 78.178
2 29 63.211
2 30 51.473
2 32 67.491
2 33 74.001
2 34 79.56
2 38 5.248
2 39 42.217
2 40 33.961
2 41 90.162
2 42 19.391
3 1 55.141
3 4 15.079
3 6 34.407
3 8 60.429
3 9 65.819
3 12 8.101
3 15 29.812
3 18 95.088
3 19 50.217
3 22 1.835
3 23 80.966
3 24 74.136
3 25 52.801
3 27 9.403
3 28 61.469
3 30 75.922
3 31 30.939
3 33 60.795
3 34 99.699
3 35 26.002
3 38 34.073
3 39 69.678
3 40 77.814
3 45 93.438
3 46 85.13
3 47 82.81
3 48 64.867
3 49 33.447
4 1 38.825
4 2 65.206
4 7 26.293
4 9 21.831
4 10 97.438
4 11 37.348
4 13 36.034
4 14 60.561
4 16 65.286
4 18 49.805
4 19 95.206
4 21 28.822
4 24 19.525
4 25 34.516
4 26 11.222
4 27 48.377
4 29 20.989
4 30 48.205
4 31 26.526
4 32 35.346
4 34 85.134
4 39 7.617
4 42 61.298
4 44 92.364
4 49 49.523
5 1 85.097
5 3 47.961
5 4 8.577
5 8 51.388
5 9 17.447
5 11 51.905
5 12 86.811
5 13 5.071
5 20 51.192
5 23 66.778
5 24 93.565
5 25 4.875
5 26 37.512
5 28 61.339
5 33 73.423
5 34 69.793
5 38 65.158
5 41 0.813
5 44 26.997
5 48 61.251
5 49 24.561
6 1 37.186
6 4 3.041
6 7 55.132
6 8 73.212
6 9 60.395
6 10 47.0
6 11 90.79
6 12 39.658
6 13 87.907
6 17 23.242
6 19 93.107
6 20 39.207
6 21 6.074
6 25 88.97
6 27 10.36
6 32 30.476
6 33 63.052
6 34 8.936
6 36 60.949
6 39 77.973
6 40 37.459
6 44 70.255
6 45 61.404
6 46 1.289
7 8 9.004
7 9 6.984
7 10 94.266
7 12 86.245
7 13 35.679
7 14 5.652
7 15 62.254
7 17 37.791
7 18 44.63
7 22 98.779
7 23 61.349
7 25 82.963
7 26 60.159
7 27 91.668
7 28 20.297
7 29 73.451
7 30 11.573
7 33 24.772
7 34 51.672
7 37 60.127
7 38 2.802
7 39 13.876
7 43 80.764
7 44 67.849
7 45 92.228
7 47 64.026
7 49 77.736
8 0 15.178
8 12 8.306
8 16 28.671
8 17 84.998
8 18 29.35
8 19 38.432
8 21 95.252
8 24 21.56
8 25 59.683
8 27 21.028
8 30 86.934
8 33 35.523
8 35 13.04
8 38 20.981
8 39 36.726
8 41 8.357
8 43 52.116
8 44 55.438
8 45 39.35
8 46 34.798
8 47 11.519
9 1 50.454
9 2 80.162
9 12 29.909
9 13 73.472
9 16 77.59
9 18 80.404
9 22 40.626
9 23 10.557
9 24 21.517
9 27 27.363
9 29 28.789
9 30 38.53
9 37 33.505
9 42 8.417
9 43 35.841
9 45 18.246
9 47 42.959
9 48 32.514
10 8 86.691
10 9 46.64
10 12 88.186
10 13 45.244
10 15 13.468
10 16 69.603
10 17 98.669
10 20 34.373
10 21 0.88
10 22 20.95
10 23 32.681
10 24 70.757
10 26 5.592
10 28 44.862
10 29 39.748
10 30 57.022
10 32 12.962
10 34 63.359
10 36 28.266
10 37 55.488
10 39 65.923
10 40 82.686
10 41 38.995
10 42 33.841
10 44 44.313
10 45 60.684
10 47 56.802
10 48 5.768
10 49 5.029
11 0 85.793
11 3 8.33
11 10 69.93
11 12 45.047
11 13 58.48
11 14 64.424
11 15 44.273
11 16 8.973
11 18 59.199
11 19 12.893
11 22 62.681
11 24 66.113
11 26 7.703
11 27 25.566
11 31 15.573
11 32 89.283
11 36 44.888
11 39 37.412
11 45 71.513
11 46 22.063
11 49 48.075
12 2 95.662
12 14 26.302
12 16 13.071
12 23 56.313
12 24 0.047
12 26 21.001
12 28 44.335
12 29 19.125
12 31 37.592
12 33 57.365
12 34 27.403
12 36 43.082
12 37 73.667
12 38 25.848
12 39 79.983
12 42 64.255
12 47 86.324
12 48 81.223
13 0 9.341
13 1 60.147
13 8 39.572
13 12 97.316
13 17 74.027
13 19 65.319
13 21 43.955
13 24 93.683
13 25 44.245
13 27 5.895
13 29 63.276
13 30 95.793
13 31 0.129
13 32 65.823
13 34 80.226
13 37 44.202
13 38 77.692
13 42 33.206
13 43 53.46
13 45 69.571
13 46 84.157
13 48 43.659
14 0 99.267
14 3 40.333
14 6 44.463
14 10 89.593
14 15 38.953
14 16 21.186
14 21 75.422
14 24 45.495
14 26 19.212
14 30 53.713
14 31 65.638
14 36 71.267
14 37 47.863
14 40 94.713
14 43 46.792
14 44 23.835
14 46 93.824
15 0 79.393
15 4 87.504
15 5 26.413
15 9 53.046
15 13 22.118
15 17 32.037
15 19 74.862
15 20 48.917
15 21 18.416
15 22 70.828
15 25 91.778
15 27 34.293
15 29 99.562
15 30 45.748
15 35 77.364
15 36 1.779
15 37 28.577
15 38 18.87
15 41 48.537
15 43 4.924
15 46 93.749
15 49 81.48
16 1 56.071
16 2 45.845
16 7 70.267
16 19 33.762
16 20 43.174
16 21 29.461
16 25 87.252
16 28 25.616
16 32 18.935
16 33 5.561
16 34 6.633
16 35 86.339
16 40 2.433
16 41 54.818
16 48 17.155
17 2 74.292
17 5 74.146
17 9 16.789
17 16 11.429
17 18 67.552
17 20 42.84
17 21 63.283
17 22 22.676
17 24 9.561
17 26 15.724
17 27 5.819
17 28 83.82
17 30 40.681
17 33 96.406
17 36 23.456
17 41 21.628
17 42 56.543
17 45 5.621
17 46 58.273
17 48 4.306
17 49 46.558
18 0 98.66
18 5 94.205
18 6 41.181
18 10 28.333
18 12 68.089
18 16 89.96
18 23 35.237
18 24 92.139
18 25 18.996
18 26 15.382
18 27 7.012
18 30 50.174
18 34 42.502
18 35 79.377
18 39 19.885
18 40 52.012
18 46 38.732
18 47 90.627
18 48 14.012
19 2 5.574
19 5 86.115
19 9 41.281
19 10 22.434
19 12 98.155
19 14 71.62
19 17 60.044
19 18 11.263
19 20 81.38
19 21 17.606
19 22 82.631
19 23 96.756
19 24 24.561
19 25 32.383
19 27 36.412
19 28 87.808
19 31 89.755
19 33 57.959
19 34 44.808
19 36 16.255
19 37 29.036
19 38 50.488
19 40 18.779
19 41 92.684
19 42 17.77
19 43 13.895
19 44 86.353
19 45 43.098
19 47 70.572
19 48 66.619
19 49 84.35
20 1 9.579
20 2 59.236
20 11 59.571
20 12 84.59
20 18 33.66
20 21 27.108
20 22 97.019
20 25 13.307
20 29 75.3
20 33 44.651
20 34 22.032
20 36 48.145
20 45 73.927
20 46 49.755
20 48 52.984
21 5 95.133
21 9 6.336
21 22 4.566
21 23 70.568
21 24 34.485
21 27 38.831
21 29 46.043
21 31 58.185
21 32 95.13
21 33 55.383
21 34 23.89
21 35 27.943
21 36 14.926
21 38 19.055
21 39 57.778
21 42 4.095
21 43 14.237
21 44 60.172
21 46 83.369
21 48 84.114
21 49 64.885
22 0 67.914
22 2 80.25
22 4 44.401
22 6 98.743
22 14 1.446
22 16 7.687
22 18 77.168
22 23 33.594
22 31 6.491
22 32 78.708
22 37 90.996
22 38 46.689
22 41 30.806
22 42 68.412
22 44 37.097
22 45 18.941
22 46 24.146
22 47 34.716
22 49 39.503
23 0 1.103
23 2 15.769
23 4 58.595
23 6 64.435
23 11 64.202
23 13 18.544
23 14 24.86
23 15 2.717
23 16 18.779
23 24 21.724
23 26 3.281
23 27 75.55
23 29 88.116
23 30 42.764
23 31 60.021
23 32 73.935
23 34 60.46
23 35 18.53
23 37 3.192
23 38 45.408
23 41 66.4
23 42 77.684
23 43 50.047
23 44 44.25
23 45 1.908
24 1 52.448
24 2 46.457
24 6 41.147
24 16 74.12
24 20 61.323
24 28 85.022
24 29 95.277
24 31 28.521
24 33 21.925
24 35 98.457
24 38 43.099
24 40 74.15
24 43 38.59
24 44 57.073
24 45 32.632
24 46 52.682
24 47 87.441
24 49 98.343
25 10 24.016
25 12 20.598
25 21 14.258
25 26 88.334
25 27 35.746
25 28 43.102
25 29 9.843
25 32 58.29
25 33 36.78
25 34 30.118
25 35 46.115
25 38 33.376
25 45 97.025
25 46 86.03
25 48 3.093
25 49 49.175
26 0 28.152
26 1 30.199
26 2 38.067
26 8 87.823
26 13 41.084
26 15 5.943
26 19 11.229
26 21 97.425
26 22 30.427
26 29 98.556
26 31 94.939
26 37 67.063
26 40 47.838
26 41 68.099
26 43 63.05
26 45 32.704
26 47 22.978
27 10 37.167
27 12 4.503
27 20 88.576
27 22 11.913
27 24 60.635
27 29 52.117
27 30 71.058
27 35 51.091
27 36 13.956
27 37 99.39
27 38 98.793
27 39 70.664
27 42 34.229
27 43 43.603
27 44 91.977
27 45 33.04
27 48 97.978
27 49 36.871
28 0 84.624
28 1 49.077
28 6 82.595
28 9 19.707
28 11 48.781
28 14 1.312
28 15 3.089
28 18 14.276
28 23 71.487
28 26 84.597
28 27 65.013
28 29 47.486
28 30 17.824
28 33 14.643
28 34 81.726
28 36 60.068
28 39 16.447
28 40 29.119
28 41 69.835
28 44 24.742
28 45 59.065
28 48 87.632
29 1 20.818
29 3 63.117
29 5 93.336
29 8 48.853
29 14 9.669
29 16 4.435
29 17 21.675
29 19 37.537
29 30 24.401
29 31 31.632
29 33 14.251
29 34 8.847
29 36 75.608
29 37 77.257
29 38 35.979
29 39 42.951
29 40 17.286
29 41 74.649
29 42 92.058
29 45 17.113
29 46 85.452
29 47 28.886
29 48 54.094
30 5 41.736
30 19 4.203
30 20 34.117
30 24 71.32
30 26 57.189
30 34 56.628
30 36 80.043
30 37 22.51
30 39 55.179
30 41 32.196
30 43 12.943
30 48 7.497
30 49 26.107
31 1 78.691
31 2 71.864
31 5 94.656
31 6 12.407
31 7 15.95
31 8 3.98
31 9 65.499
31 17 30.37
31 20 57.607
31 27 72.977
31 32 89.172
31 35 16.984
31 36 41.479
31 39 13.929
31 41 98.079
31 43 99.223
31 45 55.112
31 46 91.415
31 49 41.213
32 3 47.429
32 7 37.102
32 9 62.115
32 14 82.593
32 17 35.027
32 18 86.746
32 19 23.801
32 24 74.89
32 26 44.255
32 33 9.796
32 35 8.174
32 38 39.262
32 39 17.163
32 40 91.019
32 42 29.462
32 44 91.531
32 48 79.994
32 49 23.053
33 1 32.007
33 9 80.65
33 10 74.113
33 13 8.407
33 18 81.686
33 23 33.631
33 26 69.158
33 34 42.453
33 35 84.177
33 38 22.241
33 41 79.953
33 42 48.86
33 46 61.729
33 48 95.734
33 49 68.154
34 8 87.907
34 17 0.124
34 22 77.751
34 24 91.867
34 27 19.468
34 31 89.418
34 32 85.268
34 35 83.057
34 36 49.468
34 40 88.715
34 41 69.209
34 42 49.009
34 44 67.013
34 47 54.115
34 49 5.676
35 0 50.845
35 2 43.446
35 5 72.695
35 6 32.94
35 9 80.223
35 10 46.514
35 11 92.965
35 12 85.055
35 13 86.369
35 14 75.044
35 19 74.345
35 20 33.054
35 22 70.485
35 30 35.253
35 36 12.063
35 37 53.865
35 38 21.31
35 40 82.785
35 43 97.732
35 44 44.517
35 48 80.511
36 3 43.272
36 7 12.701
36 9 95.263
36 16 89.656
36 18 41.346
36 23 2.307
36 33 38.254
36 37 8.395
36 39 55.89
36 40 76.148
36 41 33.54
36 42 6.127
36 43 24.636
36 44 75.237
36 45 43.308
36 48 73.471
36 49 94.566
37 0 45.648
37 3 18.077
37 5 7.994
37 6 58.782
37 11 69.579
37 18 16.598
37 21 25.545
37 25 70.524
37 28 67.306
37 32 9.667
37 34 66.119
37 38 11.755
37 41 87.205
37 44 47.498
37 45 71.459
37 49 10.481
38 4 32.945
38 6 79.045
38 9 76.141
38 10 43.309
38 16 55.206
38 17 0.704
38 20 69.322
38 28 88.828
38 31 28.154
38 34 62.852
38 42 24.133
38 43 30.281
38 45 94.666
38 47 31.75
39 0 58.621
39 1 34.172
39 9 43.387
39 14 66.365
39 17 11.683
39 19 34.457
39 24 26.137
39 25 0.443
39 26 64.211
39 33 14.057
39 34 94.907
39 35 35.526
39 37 47.917
39 41 55.829
39 43 80.956
39 44 76.2
39 45 13.531
39 46 1.031
40 1 67.837
40 5 42.764
40 12 15.539
40 13 59.238
40 20 6.46
40 23 1.804
40 30 84.837
40 39 97.616
40 43 99.41
40 45 78.478
40 46 91.12
40 48 91.944
40 49 51.16
41 1 29.962
41 3 95.82
41 4 9.807
41 6 88.163
41 7 51.498
41 12 15.948
41 14 41.221
41 18 49.101
41 20 8.745
41 24 1.33
41 27 71.751
41 42 16.84
41 44 7.321
41 46 98.475
42 3 28.961
42 7 37.546
42 11 29.249
42 15 64.716
42 16 88.974
42 26 6.578
42 30 4.923
42 35 65.064
42 39 2.524
42 40 28.006
42 43 20.461
42 44 8.16
42 45 40.438
42 48 33.368
42 49 97.86
43 3 98.824
43 5 34.511
43 11 81.871
43 12 26.134
43 16 68.58
43 17 88.506
43 25 10.52
43 28 40.704
43 29 89.251
43 33 1.293
43 45 89.311
43 48 80.901
43 49 84.291
44 2 14.039
44 9 70.853
44 12 67.965
44 16 80.976
44 26 7.163
44 29 86.989
44 30 77.425
44 40 76.168
44 45 19.845
44 48 41.312
44 49 45.287
45 0 20.047
45 1 86.018
45 2 81.819
45 4 7.499
45 5 54.295
45 12 64.208
45 14 1.327
45 15 2.665
45 18 70.349
45 21 53.02
45 30 75.877
45 33 57.506
45 49 25.929
46 12 9.326
46 19 17.203
46 23 7.591
46 26 93.931
46 27 13.528
46 30 96.4
46 32 18.761
46 34 26.959
46 35 17.649
46 37 34.109
46 38 99.775
46 43 98.946
46 44 29.747
46 45 16.364
46 48 4.315
46 49 32.185
47 1 55.527
47 5 47.678
47 6 40.154
47 11 5.925
47 13 76.534
47 16 86.675
47 17 53.916
47 20 79.522
47 21 86.565
47 27 21.34
47 30 77.251
47 31 46.706
47 32 39.47
47 36 51.882
47 37 33.754
47 41 95.023
47 44 84.399
47 45 93.007
47 46 14.023
47 48 9.716
47 49 77.426
48 0 98.999
48 4 54.016
48 6 3.996
48 7 23.555
48 8 3.003
48 11 73.213
48 22 68.265
48 24 49.003
48 34 4.038
48 38 56.692
48 39 17.407
48 45 38.814
48 49 82.74
49 8 56.444
49 12 8.904
49 14 81.972
49 20 7.237
49 35 22.712
49 41 33.256
