50
0 2 73.373
0 4 36.686
0 10 15.379
0 13 11.584
0 17 33.545
0 24 60.051
0 31 62.702
0 32 57.997
0 33 16.7
0 37 12.919
0 39 91.367
0 42 35.216
0 45 81.278
0 48 75.668
1 2 51.793
1 4 33.875
1 12 85.967
1 15 94.273
1 19 18.895
1 26 79.551
1 29 61.068
1 30 60.004
1 37 33.393
1 43 3.543
2 3 60.645
2 9 57.721
2 12 48.41
2 13 57.24
2 21 44.279
2 24 43.95
2 36 78.825
2 39 1.357
2 45 86.266
3 5 67.738
3 6 43.817
3 21 88.419
3 27 28.502
3 30 58.015
3 44 46.251
3 45 52.608
4 18 48.589
4 28 11.434
4 30 49.334
4 35 28.569
4 37 43.997
4 40 12.655
4 43 85.198
4 48 80.064
4 49 52.858
5 7 91.881
5 9 41.462
5 26 69.659
5 28 51.119
5 35 57.487
5 36 63.329
5 40 69.157
5 47 55.266
6 10 43.039
6 21 3.861
6 24 44.552
6 32 23.553
6 36 31.048
6 47 68.938
6 48 26.654
7 8 1.114
7 18 34.13
7 20 86.104
7 21 98.069
7 22 46.126
7 23 89.827
7 24 17.003
7 36 26.913
7 39 6.96
7 42 71.182
7 43 6.052
7 46 45.372
7 49 82.544
8 15 70.107
8 20 2.412
8 33 57.074
8 34 7.491
8 44 87.03
9 22 3.685
9 37 82.847
9 39 60.65
9 40 31.725
9 42 53.687
9 43 15.392
10 19 5.695
10 26 71.262
10 27 8.359
10 34 50.563
10 42 73.61
10 45 48.836
10 47 79.995
11 12 84.944
11 16 14.082
11 18 74.237
11 19 62.678
11 21 12.006
11 24 1.765
11 25 83.724
11 26 57.069
11 35 1.28
11 36 88.611
11 39 73.719
11 45 73.113
11 46 20.911
12 19 19.457
12 33 10.123
12 36 38.598
12 37 86.318
12 41 85.958
12 48 96.308
12 49 42.786
13 30 29.524
13 33 9.364
13 37 52.666
13 44 91.247
13 49 66.77
14 23 53.238
14 27 84.298
14 31 87.673
14 32 16.161
14 36 64.045
14 41 23.27
14 47 9.461
14 48 38.456
15 16 75.131
15 19 19.911
15 26 46.543
15 31 30.899
15 41 83.306
15 45 49.111
16 19 27.003
16 20 98.931
16 21 1.878
16 22 3.434
16 27 7.44
16 28 20.838
16 36 19.714
16 44 38.541
16 48 84.892
17 28 1.649
17 29 86.716
17 30 97.421
18 26 26.939
18 38 69.256
19 23 7.022
19 26 41.754
19 27 79.437
19 43 3.119
19 44 43.166
19 45 93.114
20 23 55.407
20 38 26.334
20 39 90.173
20 40 13.421
20 41 87.539
20 43 16.312
20 47 46.449
21 22 63.487
21 23 93.194
21 30 51.114
21 32 6.422
21 36 66.259
21 37 53.765
21 49 84.362
22 24 15.967
22 29 10.511
22 39 41.042
22 42 25.484
23 29 41.34
23 30 50.25
23 32 73.876
23 33 65.212
23 37 1.805
23 39 71.394
23 40 36.402
23 41 69.557
24 33 51.567
24 37 95.196
24 38 31.901
24 41 94.781
24 47 95.765
25 26 62.403
25 27 64.419
25 31 55.873
25 33 42.426
25 35 4.175
26 31 21.188
26 33 51.731
26 38 28.736
26 42 84.972
26 43 39.411
27 39 17.007
27 42 82.064
27 45 92.127
28 32 66.527
28 33 46.831
28 34 76.418
28 45 83.115
28 47 17.476
28 48 28.413
28 49 35.258
29 36 7.291
29 38 29.175
29 41 37.57
29 42 64.33
29 43 55.764
30 36 57.704
30 37 47.988
30 45 62.195
30 46 41.496
31 38 40.008
32 47 53.036
33 39 7.118
33 40 16.336
33 43 82.496
34 42 80.483
34 45 98.013
35 36 95.638
35 37 56.409
35 38 3.705
35 42 67.176
35 45 14.316
36 41 71.958
36 49 73.528
37 47 26.197
38 40 59.325
38 45 56.721
38 46 46.208
40 42 66.851
40 46 73.235
40 47 64.035
41 45 41.473
42 45 57.724
42 49 72.657
43 44 87.362
43 45 33.948
43 49 48.705
44 46 30.407
44 47 81.16
45 48 84.372
45 49 12.949
