50
0 1 66.2
1 2 86.2
2 3 82.1
3 4 66.8
4 5 45.5
5 6 69.7
6 7 42.9
7 8 20.1
8 9 24.9
9 10 95.4
10 11 73.9
11 12 35.1
12 13 51.4
13 14 30.0
14 15 25.9
15 16 3.8
16 17 88.9
17 18 82.8
18 19 9.4
19 20 68.1
20 21 20.1
21 22 40.1
22 23 45.2
23 24 31.6
24 25 0.5
25 26 81.5
26 27 8.5
27 28 87.9
28 29 70.2
29 30 8.8
30 31 29.2
31 32 62.8
32 33 31.1
33 34 73.3
34 35 86.3
35 36 23.2
36 37 56.1
37 38 13.6
38 39 14.8
39 40 8.4
40 41 59.9
41 42 35.4
42 43 27.8
43 44 93.5
44 45 34.4
45 46 26.8
46 47 95.7
47 48 38.5
48 49 34.8
49 0 73.8
7 46 19.3
23 31 29.0
20 39 54.9
25 12 23.8
28 22 82.1
26 23 48.2
25 32 99.3
45 41 32.0
0 27 93.2
14 17 19.6
16 26 4.1
4 25 41.0
31 17 56.4
17 35 74.0
22 33 76.0
39 31 42.5
22 3 14.8
5 24 44.1
38 3 42.2
9 33 25.5
40 32 94.7
22 40 20.2
17 27 25.3
20 37 47.7
14 35 44.9
6 34 82.0
15 46 30.0
44 24 17.9
39 16 93.9
35 21 12.6
13 4 22.6
14 39 59.0
44 10 21.4
32 35 97.0
43 9 45.8
19 2 53.5
27 34 70.9
2 4 13.6
43 12 98.5
34 17 45.3
44 7 13.2
47 38 96.0
30 35 57.6
40 49 95.8
24 14 78.7
12 2 53.4
22 2 18.7
2 9 4.1
19 0 73.1
46 16 54.7
44 19 69.6
5 31 96.8
1 12 86.7
34 30 88.0
16 23 2.2
20 10 36.8
22 36 33.1
13 0 68.5
42 34 19.9
18 1 42.8
18 37 76.3
11 27 74.5
13 41 32.6
22 38 55.7
0 37 61.9
33 11 87.3
47 45 47.2
48 41 20.7
34 33 25.5
6 44 55.3
48 13 81.0
38 7 20.6
8 23 70.3
15 4 25.4
31 47 62.8
25 45 24.5
31 34 36.4
23 21 98.6
12 15 38.7
23 19 47.5
11 30 54.8
0 36 18.4
35 41 5.6
21 35 38.3
32 20 67.6
0 2 78.3
43 22 11.8
23 1 92.5
15 1 37.5
41 1 38.1
17 21 26.2
33 3 87.9
25 2 33.5
23 34 95.5
2 7 12.3
19 12 50.2
36 6 30.2
21 23 91.7
5 1 12.0
38 16 60.6
7 9 79.7
23 37 48.9
37 22 10.9
40 42 94.4
18 36 70.0
49 10 9.2
28 17 45.9
24 35 25.3
19 3 89.4
34 9 54.6
36 32 50.8
5 44 79.1
45 33 53.0
21 9 26.3
1 4 9.1
14 38 48.8
6 45 81.7
11 5 68.0
45 48 91.5
38 37 80.2
45 40 44.7
33 18 51.5
6 2 23.8
31 9 26.9
43 25 61.3
6 35 63.4
32 31 50.0
6 14 74.6
32 3 2.9
27 9 85.2
37 39 31.7
31 43 13.5
19 22 88.6
14 4 15.4
29 28 64.2
43 14 73.3
14 0 8.7
29 1 65.2
7 25 7.8
32 39 34.3
13 23 69.0
6 48 73.9
7 33 41.9
16 32 29.8
46 1 0.9
27 24 41.0
41 16 88.4
21 41 91.3
23 8 29.7
18 17 15.2
6 40 46.7
3 28 7.6
26 47 6.2
18 16 30.3
6 10 75.6
38 5 3.0
16 29 44.1
11 14 79.6
25 24 36.3
40 9 45.5
15 23 44.3
29 41 67.3
49 38 95.9
14 23 10.0
8 22 84.9
0 42 95.9
39 22 18.0
11 9 25.6
9 17 65.6
26 31 48.6
11 34 81.1
4 9 22.2
44 17 69.9
4 45 33.7
44 33 23.0
26 1 23.4
17 12 19.6
34 20 62.3
22 19 44.4
29 27 42.8
33 19 67.8
5 37 20.6
35 24 81.3
26 17 64.7
5 49 46.4
21 10 57.3
30 46 11.9
32 7 34.6
31 38 53.8
16 27 64.8
38 31 97.5
10 34 25.8
1 3 92.2
32 41 11.9
5 40 80.3
