50
0 12 32.847
0 28 66.498
0 29 18.252
0 35 10.935
0 40 43.12
0 42 30.156
0 49 98.294
1 14 99.995
1 15 10.797
1 30 89.467
1 33 87.067
1 41 56.628
1 49 33.663
2 7 72.475
2 19 1.95
2 26 56.626
2 34 22.235
2 38 38.37
2 39 40.95
2 46 90.954
2 47 24.283
3 5 61.331
3 6 2.75
3 22 56.926
3 26 54.286
3 27 27.547
3 41 34.125
3 43 14.453
4 20 44.285
4 25 31.2
4 34 52.996
5 13 15.322
5 19 25.269
5 23 82.798
5 25 66.072
5 28 97.719
5 33 19.806
5 36 86.703
5 38 37.837
5 42 93.343
6 16 98.043
6 31 48.526
6 41 39.161
7 13 44.737
7 16 9.24
7 46 15.741
8 25 92.094
8 35 76.26
8 39 90.906
9 15 6.301
9 17 15.906
9 38 52.963
10 11 9.852
10 14 39.455
10 38 11.362
10 40 58.347
10 49 15.236
11 26 23.149
12 23 1.449
13 14 15.279
13 24 86.482
14 15 81.091
14 22 24.808
14 49 11.688
15 18 59.114
15 27 64.011
15 31 0.847
15 32 83.844
15 37 70.995
15 39 22.855
15 44 91.334
16 17 77.011
16 46 25.484
16 49 31.591
17 23 23.237
17 44 1.917
19 22 33.618
19 48 28.152
20 23 13.011
20 29 31.513
21 22 53.026
21 32 84.67
21 41 94.239
22 25 7.865
22 27 45.274
22 35 91.825
23 25 0.815
23 30 6.033
23 39 5.168
23 43 20.849
24 32 80.592
24 46 65.566
25 26 32.602
26 39 4.84
27 34 91.166
27 40 14.336
28 36 50.13
29 39 98.751
29 41 12.699
31 37 41.202
33 35 23.52
34 35 3.922
35 36 56.264
35 39 7.655
37 40 28.733
37 48 0.254
38 46 54.463
38 48 23.456
40 45 60.845
40 47 59.792
42 47 56.63
47 48 70.532