50
0 11 85.725
0 42 35.655
0 8 95.844
0 20 5.04
0 15 33.597
0 40 88.605
0 39 17.344
0 18 5.962
0 29 90.748
0 7 41.95
0 24 70.111
0 22 37.398
0 31 46.256
0 44 63.554
1 3 70.159
1 43 48.868
1 25 15.764
1 12 45.086
1 48 3.753
1 22 41.261
1 44 91.107
1 20 11.147
1 23 49.949
1 40 70.025
1 18 58.289
1 9 72.833
1 7 42.64
1 10 24.177
2 46 96.83
2 24 3.851
2 5 65.361
2 31 83.691
2 41 38.039
2 3 99.863
2 22 40.174
2 32 58.659
2 43 61.008
2 19 44.648
2 25 38.982
2 35 74.706
2 29 90.211
2 17 15.012
2 13 58.474
3 12 17.512
3 11 43.079
3 39 14.606
3 5 86.632
3 24 68.881
3 48 24.463
3 44 28.681
3 41 11.863
3 13 42.701
3 22 66.722
3 32 42.741
3 21 48.57
3 42 98.14
3 16 54.519
4 8 70.627
4 36 5.982
4 6 43.073
4 12 27.305
4 18 54.451
4 21 93.839
4 44 14.115
4 43 54.854
4 40 93.34
4 42 93.335
4 33 43.631
4 10 54.596
4 19 48.596
4 28 87.423
4 13 42.592
5 19 80.183
5 40 4.657
5 44 38.096
5 42 88.205
5 15 3.151
5 45 27.307
5 37 18.388
5 13 59.597
5 35 62.648
5 47 85.447
5 7 72.651
6 14 84.201
6 25 14.098
6 42 63.676
6 34 14.34
6 10 7.464
6 9 97.51
6 16 37.275
6 32 92.648
7 18 43.194
7 10 56.331
7 36 57.94
7 21 43.174
7 34 12.088
7 28 10.052
7 13 38.625
8 33 69.111
8 28 26.063
8 49 80.812
8 20 54.731
8 13 60.05
8 35 45.305
8 19 5.272
8 29 8.818
8 10 12.177
8 26 99.611
8 11 45.525
8 16 32.271
8 23 46.54
9 13 20.839
9 12 1.165
9 48 4.617
9 32 54.248
9 18 91.111
9 33 92.516
9 26 28.355
9 27 34.098
9 16 92.82
9 20 90.919
9 34 36.845
10 29 90.083
10 30 37.579
10 32 54.174
10 40 45.217
10 17 4.061
10 35 68.808
10 39 48.596
10 22 82.98
10 37 88.183
10 45 32.207
11 48 99.766
11 41 95.532
11 43 41.56
11 31 61.428
11 15 63.121
11 33 4.236
11 42 89.345
11 18 13.983
12 30 98.572
12 28 96.016
12 18 95.754
12 21 95.735
12 16 58.683
12 34 39.813
12 25 1.104
12 31 90.033
12 27 98.821
12 26 21.072
12 14 5.566
12 40 57.771
13 21 87.351
13 27 52.859
13 26 62.413
13 16 37.484
13 28 26.29
13 33 79.143
13 49 96.585
13 43 55.674
14 38 76.511
14 44 26.581
14 37 80.695
14 30 23.898
14 35 90.611
14 28 98.747
14 22 48.316
14 47 48.538
14 36 19.003
14 16 49.958
14 39 32.205
14 46 17.89
14 18 10.707
15 40 51.814
15 41 31.382
15 36 78.901
15 46 30.699
15 42 52.919
15 34 38.278
15 43 98.737
15 17 69.426
15 24 49.262
15 26 19.627
15 38 29.803
15 22 20.137
15 28 40.933
16 47 96.788
16 29 98.851
16 48 17.474
16 49 12.698
16 36 63.886
16 33 96.366
16 20 56.354
16 24 54.756
16 38 23.115
16 40 12.9
17 21 29.809
17 44 16.698
17 34 62.579
17 26 91.947
17 40 98.799
17 30 27.314
17 43 60.977
17 47 37.067
17 46 0.113
18 37 37.354
18 42 66.305
18 39 78.438
18 49 87.165
18 45 67.938
18 31 74.071
18 20 91.927
18 43 92.329
18 24 67.32
18 27 52.173
18 30 95.411
18 36 52.545
19 38 94.839
19 42 43.141
19 41 20.647
19 36 41.176
19 45 14.657
19 47 77.43
20 22 59.944
20 29 90.66
20 43 62.167
20 21 29.259
20 49 94.958
20 26 19.931
20 47 92.979
20 32 55.952
20 46 22.423
20 28 27.156
21 39 86.363
21 46 85.027
21 47 7.927
21 36 16.294
22 30 79.926
22 27 52.35
22 44 51.019
22 23 96.868
22 47 64.906
22 40 49.116
22 25 10.321
23 35 23.791
23 41 39.327
23 36 51.195
23 33 46.777
23 38 10.569
23 37 19.941
23 44 19.469
23 29 83.798
23 32 2.357
24 36 4.379
24 42 75.996
24 46 51.076
24 35 42.623
24 38 39.888
24 28 56.228
24 39 65.967
24 25 55.755
25 47 10.32
25 42 38.236
25 34 19.92
25 26 98.134
26 32 62.132
26 49 61.078
26 36 67.891
26 47 76.484
26 37 79.023
26 35 32.741
26 42 42.498
27 37 26.186
27 36 74.781
27 35 7.012
27 45 52.562
28 29 5.143
28 49 78.839
28 35 6.034
28 31 4.112
28 45 68.134
28 43 78.305
28 39 84.555
28 33 13.989
29 31 87.967
29 32 67.79
29 45 23.743
29 38 9.802
29 36 25.155
29 37 12.419
30 41 70.44
30 49 74.065
30 31 76.117
30 45 22.995
30 43 11.05
31 49 74.735
31 35 11.763
31 38 5.972
32 48 18.694
33 40 34.461
33 37 7.526
33 39 36.804
33 35 58.696
33 41 65.462
34 37 36.702
34 38 98.313
34 42 70.91
35 42 55.686
35 39 34.326
35 48 65.492
36 48 89.421
36 49 21.894
37 40 91.409
37 42 53.489
38 48 8.481
38 46 85.348
39 44 93.579
39 43 15.932
40 48 33.238
40 47 17.197
40 41 59.352
40 43 56.637
40 49 47.591
40 46 44.78
41 47 62.046
41 46 93.297
42 49 8.089
42 46 22.426
42 47 65.641
43 46 79.897
44 48 63.51
44 47 96.851
44 49 32.91
45 49 4.053
45 48 34.339
46 48 50.195
46 49 70.395
