50
0 1 33.13
0 2 27.19
0 7 39.86
0 10 4.89
0 14 31.37
0 16 65.08
0 19 76.02
0 25 76.13
0 35 16.52
0 44 90.77
0 48 9.78
1 3 18.08
1 13 4.51
1 18 63.68
1 19 39.01
1 24 23.36
1 25 18.13
1 26 66.61
1 34 29.99
1 37 89.58
1 42 88.06
1 44 11.58
2 5 83.38
2 10 7.08
2 19 17.66
2 23 46.02
2 26 47.87
2 28 43.77
2 34 27.08
2 48 61.70
3 4 81.45
3 6 55.71
3 9 49.41
3 10 4.17
3 11 6.38
3 19 86.52
3 26 31.04
3 31 17.09
3 33 46.98
3 36 78.00
3 40 43.08
3 41 25.87
3 42 22.11
4 9 50.45
4 12 74.52
4 22 17.78
4 29 11.21
4 31 90.44
4 32 6.02
5 6 76.77
5 11 97.61
5 16 10.63
5 17 13.61
5 20 53.43
5 26 3.68
5 35 36.44
5 41 45.91
5 44 89.63
5 45 87.63
6 8 56.41
6 12 51.63
6 13 10.74
6 16 82.45
6 19 95.60
6 31 7.32
6 35 17.37
6 36 4.09
6 37 44.37
7 14 20.43
7 16 55.45
7 19 52.16
7 23 12.53
7 36 86.97
7 37 84.32
7 41 8.84
7 42 41.38
7 43 89.63
7 44 57.21
7 48 31.58
8 13 32.69
8 15 20.05
8 17 38.23
8 19 55.98
8 20 42.51
8 28 29.89
8 31 8.88
8 35 87.53
8 47 23.78
9 15 64.98
9 21 94.08
9 24 11.11
9 28 40.61
9 32 87.09
9 38 44.03
9 39 11.97
9 46 44.47
10 12 77.82
10 15 74.23
10 18 64.89
10 20 81.57
10 22 16.74
10 27 72.08
10 31 76.29
10 32 96.79
10 34 23.63
10 39 0.30
10 45 55.65
10 49 32.72
11 18 23.21
11 25 88.45
11 34 51.88
11 40 66.03
11 47 15.84
12 27 4.52
12 28 54.12
12 30 47.69
12 32 48.33
12 39 80.88
12 47 63.32
13 14 27.44
13 20 26.46
13 29 3.45
13 38 1.91
13 40 89.10
13 44 9.52
14 20 4.52
14 28 12.35
14 38 95.67
14 39 18.11
14 43 2.03
14 44 27.27
14 47 2.99
15 17 97.97
15 22 97.95
15 23 74.49
15 40 30.36
15 44 80.83
16 20 55.48
16 21 27.10
16 29 95.74
17 18 9.40
17 20 46.30
17 22 94.27
17 33 33.59
17 35 7.54
18 23 93.62
18 37 36.92
18 40 18.09
18 46 85.82
19 22 45.34
19 29 57.55
19 30 43.66
19 36 51.23
19 38 9.34
20 28 77.87
20 31 41.00
20 44 0.46
21 28 46.55
21 30 85.57
21 31 97.45
21 35 10.04
21 38 37.17
21 40 25.55
21 41 76.88
21 49 19.89
22 32 9.28
22 39 6.19
22 41 78.44
23 30 27.92
23 34 23.70
23 36 11.27
23 49 65.09
24 26 32.46
24 33 49.24
24 37 40.58
24 38 16.41
24 43 16.99
24 45 43.38
24 46 55.81
25 30 9.01
25 35 92.35
25 41 61.88
25 43 73.32
25 48 78.92
26 35 84.81
26 41 67.83
26 45 52.66
26 49 9.50
27 31 85.26
27 38 97.39
27 43 93.32
27 46 35.96
28 33 4.72
28 44 63.57
28 46 45.24
28 48 56.28
29 45 26.73
30 37 21.36
30 40 28.93
30 48 88.81
31 33 3.54
31 43 70.96
32 34 47.43
32 44 4.84
33 42 65.11
34 37 44.08
34 40 15.39
35 40 50.40
35 44 96.92
36 38 56.12
36 48 85.77
36 49 32.82
37 38 23.36
37 47 18.41
38 39 11.83
38 40 94.56
38 48 86.65
39 42 27.16
39 44 91.18
39 49 9.57
40 47 28.65
41 46 68.00
41 48 67.68
42 46 79.94
42 48 67.20
44 49 1.96
45 46 23.08
46 49 57.58
48 49 40.49
