45
0 3 17
0 4 72
0 5 34
0 6 84
0 7 37
0 8 80
0 11 99
0 12 92
0 13 58
0 16 39
0 18 15
0 21 87
0 23 90
0 24 1
0 26 22
0 29 64
0 31 97
0 32 89
0 34 50
0 35 14
0 38 55
0 42 60
0 43 27
1 2 76
1 3 46
1 4 54
1 5 9
1 6 98
1 8 3
1 10 7
1 11 44
1 14 72
1 16 32
1 18 85
1 19 26
1 20 60
1 23 42
1 24 66
1 25 4
1 27 26
1 28 78
1 29 22
1 31 35
1 34 4
1 37 11
1 38 70
1 43 40
1 44 40
2 3 87
2 4 15
2 6 88
2 9 76
2 11 55
2 12 97
2 13 55
2 14 25
2 16 67
2 17 98
2 21 87
2 28 88
2 30 60
2 31 96
2 32 80
2 33 68
2 34 85
2 35 41
2 36 72
2 38 8
2 41 51
2 42 78
3 4 40
3 5 51
3 6 96
3 7 60
3 8 15
3 10 16
3 12 70
3 13 33
3 14 43
3 15 41
3 16 74
3 18 28
3 19 15
3 20 70
3 22 65
3 24 42
3 25 2
3 26 25
3 27 64
3 29 67
3 31 75
3 32 30
3 33 28
3 34 55
3 35 97
3 36 58
3 37 17
3 39 60
3 40 91
3 44 62
4 6 10
4 9 39
4 10 73
4 11 38
4 15 90
4 19 53
4 22 32
4 23 57
4 25 87
4 26 19
4 27 50
4 29 20
4 30 40
4 33 69
4 35 9
4 36 41
4 43 90
4 44 41
5 6 95
5 8 33
5 9 65
5 12 19
5 14 56
5 15 30
5 20 75
5 23 8
5 24 64
5 25 57
5 26 70
5 27 3
5 28 59
5 29 26
5 30 81
5 32 35
5 33 52
5 37 54
5 39 61
5 42 47
5 44 62
6 7 56
6 9 77
6 13 27
6 14 32
6 15 30
6 17 7
6 18 91
6 20 58
6 24 45
6 25 75
6 28 53
6 30 61
6 31 23
6 32 49
6 33 41
6 34 4
6 36 28
6 37 73
6 38 13
6 40 21
6 43 36
7 8 10
7 9 74
7 11 40
7 12 52
7 13 76
7 14 8
7 15 39
7 16 96
7 17 64
7 18 2
7 21 49
7 24 73
7 26 38
7 27 95
7 28 4
7 32 19
7 33 67
7 34 61
7 35 76
7 37 70
7 39 35
7 40 64
7 42 64
8 10 29
8 11 48
8 12 97
8 13 22
8 14 54
8 16 99
8 17 28
8 19 38
8 20 27
8 22 29
8 26 39
8 29 88
8 30 8
8 31 62
8 32 22
8 34 61
8 35 95
8 41 24
9 10 42
9 11 20
9 14 4
9 15 72
9 16 83
9 17 9
9 20 49
9 22 65
9 23 6
9 24 42
9 26 62
9 28 2
9 29 9
9 30 41
9 31 51
9 35 78
9 36 15
9 37 66
9 39 70
9 40 12
9 42 64
9 43 15
10 11 4
10 12 70
10 13 34
10 15 78
10 16 30
10 18 52
10 19 34
10 20 56
10 23 28
10 26 37
10 27 31
10 28 90
10 30 12
10 31 89
10 32 83
10 34 46
10 39 14
10 40 35
10 41 86
10 43 62
11 16 3
11 25 72
11 28 20
11 32 84
11 34 63
11 35 70
11 38 12
11 39 99
11 41 55
12 13 30
12 14 77
12 16 12
12 17 44
12 19 80
12 23 56
12 24 12
12 27 89
12 28 16
12 29 82
12 32 29
12 36 17
12 37 24
12 38 80
12 40 76
12 41 86
12 42 5
12 43 17
13 18 57
13 19 25
13 20 27
13 24 23
13 26 55
13 29 75
13 30 20
13 31 67
13 33 62
13 35 56
13 36 41
13 40 57
13 42 29
14 16 23
14 17 8
14 20 43
14 22 64
14 23 46
14 24 9
14 26 56
14 27 50
14 28 61
14 33 25
14 34 8
14 35 92
14 36 26
14 37 26
14 38 82
14 40 37
14 41 78
14 42 78
14 44 94
15 17 30
15 18 52
15 19 95
15 22 11
15 23 62
15 25 86
15 26 34
15 28 43
15 29 49
15 31 89
15 34 21
15 35 92
15 36 83
15 37 25
15 39 5
15 41 76
16 19 90
16 20 96
16 23 32
16 25 57
16 26 64
16 27 82
16 28 30
16 29 49
16 32 55
16 33 92
16 34 79
16 37 49
16 41 88
16 44 87
17 18 28
17 19 52
17 22 49
17 23 70
17 25 42
17 26 18
17 27 34
17 28 35
17 32 27
17 34 58
17 36 22
17 37 65
17 38 6
17 40 4
17 41 50
17 42 27
17 43 13
17 44 88
18 22 13
18 24 65
18 26 97
18 29 90
18 30 90
18 32 69
18 38 65
18 42 35
18 43 12
19 20 92
19 21 86
19 22 87
19 23 89
19 24 46
19 25 60
19 26 41
19 31 90
19 32 57
19 38 44
19 40 60
19 42 13
20 21 57
20 28 84
20 30 42
20 32 36
20 33 10
20 35 59
20 37 26
20 40 39
20 42 61
20 43 56
20 44 79
21 23 70
21 28 38
21 29 86
21 30 94
21 31 20
21 35 49
21 36 15
21 37 86
21 40 94
21 42 5
21 43 16
22 23 98
22 24 11
22 25 79
22 28 40
22 29 31
22 31 27
22 33 81
22 38 78
22 39 66
22 40 30
22 42 5
22 43 12
23 25 6
23 29 8
23 30 68
23 31 16
23 32 1
23 34 65
23 38 83
23 42 23
24 25 4
24 26 48
24 30 32
24 31 95
24 39 86
24 40 48
24 43 87
24 44 45
25 26 39
25 29 30
25 30 64
25 32 86
25 34 6
25 37 23
25 39 23
25 40 23
25 41 66
26 27 41
26 28 88
26 29 74
26 31 46
26 37 35
26 41 48
26 42 81
26 43 50
26 44 50
27 41 96
27 44 8
28 33 6
28 35 46
28 38 69
28 39 5
29 30 56
29 32 92
29 36 61
29 37 29
29 38 27
29 41 75
30 31 60
30 32 71
30 35 74
30 38 26
30 39 94
30 40 33
30 41 13
30 42 27
31 35 73
31 36 16
31 37 11
31 38 15
31 39 65
31 44 24
32 36 61
33 38 2
33 39 10
33 41 39
33 42 46
33 43 30
34 35 91
34 36 12
34 37 53
34 39 77
34 41 24
34 42 90
34 43 32
34 44 89
35 36 91
35 37 59
35 38 92
35 39 63
35 40 80
35 41 26
35 42 84
36 38 37
36 41 72
36 43 20
37 38 23
37 41 26
37 43 87
37 44 70
38 39 40
38 40 71
38 41 88
38 43 11
39 40 65
39 41 10
39 43 11
40 42 70
41 42 80
41 43 34
42 44 71
