50
27 16 15.745
16 0 55.184
0 13 89.412
13 14 43.486
14 47 27.647
47 9 69.128
9 32 10.753
32 45 37.044
45 15 86.238
15 23 46.729
23 46 53.559
46 44 41.572
44 17 40.387
17 18 7.544
18 43 94.901
43 10 35.714
10 39 1.619
39 29 2.553
29 3 6.508
3 1 31.025
1 26 59.085
26 33 19.492
33 21 12.332
21 20 52.473
20 31 99.583
31 24 47.999
24 37 10.595
37 48 14.818
48 28 99.956
28 42 90.109
42 38 86.645
38 25 49.33
25 7 39.877
7 40 3.297
40 12 55.879
12 2 31.306
2 4 41.3
4 34 83.931
34 8 24.732
8 6 16.629
6 30 10.668
30 35 66.926
35 36 58.405
36 19 66.757
19 22 92.849
22 41 92.919
41 11 21.24
11 49 47.714
49 5 40.763
49 40 42.871
1 18 76.349
35 21 65.101
22 15 30.922
21 8 12.222
46 45 65.486
36 9 41.197
22 8 7.115
32 15 40.937
13 1 63.77
12 45 15.811
44 38 92.459
41 44 15.611
23 0 26.775
9 13 51.172
44 22 60.386
28 10 45.461
3 35 63.863
5 24 82.814
32 35 13.3
7 11 52.373
6 5 46.327
3 10 72.219
20 22 67.928
2 24 13.328
15 41 15.123
17 22 43.258
24 14 17.088
27 11 38.59
33 28 45.795
2 32 7.639
25 35 45.35
44 20 90.196
17 4 97.821
41 3 97.577
30 29 70.964
27 3 90.794
22 40 62.954
10 41 64.621
27 41 52.38
7 37 61.863
14 41 90.148
44 3 70.547
23 8 50.272
27 25 65.432