50
0 15 31.79
0 32 64.673
0 7 87.7
0 48 50.5
0 10 85.433
0 41 29.158
0 21 27.529
0 18 43.236
0 39 25.723
1 4 61.006
1 11 39.714
1 6 81.9
1 34 70.415
1 40 20.839
1 43 5.48
1 17 59.408
1 19 45.834
1 18 33.351
1 31 71.229
1 33 28.677
1 35 56.763
1 39 34.669
2 42 58.998
2 45 87.649
2 39 94.207
2 48 67.266
2 13 31.183
2 47 68.117
2 18 96.989
2 7 23.985
2 5 82.282
2 20 22.002
2 35 80.842
3 27 23.685
3 9 68.329
3 22 50.058
3 34 34.757
3 38 40.272
3 13 93.402
3 39 13.102
3 44 52.848
3 14 11.979
3 17 61.043
3 35 82.128
3 43 18.637
4 12 80.296
4 25 56.264
4 27 9.926
4 28 66.669
4 23 63.284
4 10 33.371
4 49 89.036
4 6 93.505
4 16 66.61
4 32 54.575
4 35 5.481
5 11 43.361
5 10 86.109
5 36 67.154
5 39 50.371
5 23 27.315
5 42 57.668
5 35 49.702
5 9 47.839
5 15 78.061
5 22 48.402
5 24 93.11
6 41 21.472
6 16 74.903
6 35 5.16
6 27 44.62
6 28 26.323
6 23 14.71
6 11 33.655
6 15 35.384
6 20 20.38
7 36 80.232
7 26 50.267
7 35 46.469
7 21 25.833
7 30 54.429
7 25 48.069
7 12 96.196
7 33 47.558
8 43 40.901
8 19 64.405
8 42 94.842
8 29 80.59
8 34 97.425
8 14 14.141
8 41 92.966
8 33 61.277
8 20 42.694
8 26 6.145
8 27 71.956
8 36 75.56
8 37 27.772
8 49 65.229
9 32 83.456
9 15 60.127
9 29 76.333
9 22 89.091
9 10 18.396
9 34 23.804
9 16 37.564
9 23 51.342
9 44 50.08
9 48 12.386
10 20 34.055
10 29 32.187
10 18 42.346
10 22 71.419
10 31 41.276
10 38 96.743
11 26 97.631
11 41 9.817
11 21 36.063
11 46 64.477
11 14 89.501
11 15 79.141
11 16 12.624
11 22 18.49
11 43 10.678
12 49 6.97
12 19 41.019
12 29 25.312
12 27 24.68
12 23 61.604
12 39 82.246
12 40 63.647
12 42 14.054
13 25 62.095
13 43 76.006
13 15 66.35
13 24 43.992
13 47 49.467
13 14 93.998
13 18 22.735
13 21 84.776
13 41 86.158
13 45 27.404
14 15 31.921
14 36 85.763
14 44 31.325
14 49 90.33
14 17 39.218
14 28 20.89
14 29 21.643
14 47 36.421
15 19 16.432
15 26 85.302
16 21 91.93
16 44 2.018
16 43 63.913
16 42 82.726
16 17 75.329
16 29 1.314
16 32 63.192
17 36 6.321
17 18 18.347
17 34 12.632
17 24 26.531
17 26 86.979
17 31 66.839
17 33 4.741
18 30 67.123
18 19 38.215
18 37 70.223
18 41 36.023
18 42 35.426
18 46 34.498
19 21 30.206
19 34 99.841
19 44 27.135
19 20 39.242
19 30 41.586
20 31 1.541
20 24 27.893
20 44 58.35
20 25 54.755
20 37 70.173
21 34 4.884
21 39 98.945
21 24 95.881
21 25 2.928
21 38 79.682
21 48 91.07
22 35 11.839
22 27 28.235
22 41 78.84
22 39 89.827
22 40 28.669
23 37 93.753
23 30 81.365
23 48 99.357
23 31 91.507
23 46 77.393
24 43 59.477
24 28 70.893
24 31 20.043
24 26 19.729
24 29 76.461
24 44 54.661
25 31 54.43
25 37 21.351
25 34 68.979
25 27 90.276
25 38 1.947
25 47 43.468
26 29 77.254
26 38 52.306
26 27 90.626
26 30 18.997
27 32 99.386
28 30 22.206
28 33 88.203
28 42 31.206
28 34 79.995
28 36 35.819
28 38 82.371
28 40 95.619
28 45 25.692
28 46 66.174
28 49 91.99
29 40 24.087
29 42 55.555
29 46 9.69
30 40 98.923
30 44 24.809
30 32 30.034
30 33 30.5
30 38 99.042
31 33 41.73
31 32 88.73
32 45 69.022
32 43 13.348
33 49 99.12
34 45 87.154
34 47 45.728
36 40 26.369
36 46 78.647
36 45 58.571
37 45 8.277
37 48 71.135
37 49 77.798
38 41 8.372
40 47 13.66
40 46 53.848
41 47 48.13
45 48 73.844
45 46 58.453
45 49 53.613
47 48 75.922
