50
0 1 84.378
0 2 46.574
0 37 30.033
0 39 59.745
0 47 46.083
2 1 63.134
2 4 4.231
2 5 90.341
2 6 48.031
2 7 85.491
2 8 90.227
2 10 32.847
2 12 14.806
2 13 3.483
2 14 53.903
2 15 34.823
2 16 35.196
2 17 1.209
2 18 18.965
2 19 44.058
2 23 9.309
2 24 98.096
2 25 93.985
2 32 22.264
2 33 63.812
2 35 75.328
2 37 63.021
2 38 43.151
2 39 79.517
2 40 12.819
2 46 91.815
2 47 10.920
2 48 98.372
2 49 16.699
3 0 33.919
3 5 82.772
3 9 35.435
3 11 89.467
3 14 42.061
3 16 74.029
3 18 91.835
3 20 53.234
3 23 27.718
3 26 5.971
3 28 77.355
3 37 3.930
3 41 98.024
4 27 72.476
5 0 60.791
5 1 80.365
5 4 79.323
5 6 78.180
5 8 67.354
5 10 99.995
5 11 83.410
5 12 5.261
5 13 75.992
5 14 65.301
5 15 75.743
5 16 26.150
5 17 0.408
5 18 86.773
5 19 27.341
5 20 39.662
5 21 48.983
5 22 81.959
5 24 46.777
5 25 15.306
5 26 90.474
5 27 31.307
5 28 47.046
5 29 1.355
5 31 71.518
5 32 53.101
5 33 9.653
5 34 15.777
5 35 98.590
5 36 20.675
5 37 39.754
5 38 97.137
5 39 59.930
5 40 25.804
5 41 3.693
5 42 95.285
5 43 16.225
5 44 77.869
5 45 36.226
5 46 76.431
5 47 9.551
6 12 65.431
6 17 33.481
6 30 15.389
6 34 23.476
6 40 36.594
6 43 68.213
7 1 34.378
7 4 52.089
7 6 42.069
7 8 40.764
7 10 62.016
7 12 74.706
7 13 46.195
7 14 5.844
7 16 64.908
7 17 77.572
7 18 28.830
7 19 3.082
7 21 3.010
7 23 1.728
7 24 38.654
7 27 68.432
7 28 60.507
7 29 72.791
7 30 37.182
7 33 58.956
7 35 30.357
7 36 54.062
7 37 86.303
7 41 66.806
7 44 57.790
7 45 21.431
7 47 38.228
7 48 84.250
7 49 68.201
8 6 4.192
8 25 82.502
8 48 6.519
9 4 0.439
9 7 23.380
9 11 23.974
9 12 45.774
9 14 63.499
9 16 32.464
9 17 98.495
9 18 62.110
9 20 57.167
9 21 70.841
9 22 97.436
9 28 97.066
9 31 35.484
9 32 46.546
9 33 86.026
9 36 31.198
9 38 99.261
9 40 41.130
9 42 74.958
9 44 96.434
9 45 74.056
9 46 19.522
10 4 63.831
11 1 24.150
11 4 19.972
11 8 78.247
11 10 85.612
11 16 17.541
11 17 54.031
11 19 58.325
11 20 44.869
11 21 60.688
11 22 80.734
11 23 28.021
11 30 94.055
11 31 85.718
11 32 49.141
11 33 31.605
11 36 86.803
11 37 70.968
11 38 76.577
11 41 70.542
11 42 80.969
11 43 62.200
11 45 21.472
11 46 40.458
11 48 1.413
12 0 67.759
12 1 99.860
12 3 24.097
12 4 26.242
12 8 36.420
12 10 60.698
12 11 71.070
12 14 49.707
12 16 64.810
12 17 62.246
12 20 57.109
12 21 15.685
12 22 70.531
12 23 37.833
12 24 65.691
12 25 20.443
12 27 22.729
12 28 53.387
12 29 22.748
12 31 11.114
12 32 41.861
12 33 29.077
12 34 6.901
12 35 52.380
12 36 34.772
12 37 20.177
12 38 79.804
12 39 96.083
12 40 71.338
12 41 70.163
12 42 23.176
12 45 1.600
12 46 73.081
12 47 19.205
12 49 97.684
13 0 97.591
13 3 63.937
13 6 31.512
13 8 67.197
13 12 96.999
13 14 12.778
13 15 82.292
13 17 98.617
13 21 51.467
13 24 17.552
13 25 94.104
13 26 32.595
13 27 19.375
13 29 87.692
13 30 99.795
13 31 71.016
13 32 60.441
13 33 51.595
13 38 19.402
13 39 58.893
13 41 99.987
13 43 54.971
13 44 85.392
13 45 72.419
13 46 91.092
13 48 93.772
13 49 98.624
14 0 52.554
14 1 3.803
14 6 7.680
14 15 17.242
14 17 83.657
14 19 35.393
14 20 59.804
14 21 72.679
14 24 78.331
14 26 50.550
14 29 71.070
14 41 65.295
14 44 9.548
14 45 85.619
15 38 12.961
15 47 9.756
16 4 77.847
16 13 81.839
16 19 31.105
16 26 42.777
16 28 39.375
16 30 27.546
16 32 77.017
16 37 49.090
16 39 65.020
16 42 24.871
16 44 8.263
17 3 62.962
17 4 34.687
17 10 11.456
17 15 14.895
17 19 40.534
17 20 39.936
17 21 94.473
17 23 2.696
17 25 59.709
17 26 3.891
17 27 26.542
17 28 37.046
17 29 28.042
17 30 52.552
17 32 87.919
17 34 68.514
17 35 48.822
17 36 92.213
17 37 52.530
17 38 59.265
17 39 37.660
17 41 15.609
17 42 22.021
17 43 94.473
17 45 16.373
17 47 47.512
17 48 94.316
18 0 2.169
18 1 60.148
18 4 50.378
18 6 49.805
18 8 68.116
18 10 71.521
18 12 90.461
18 13 94.223
18 14 59.062
18 15 28.725
18 16 39.942
18 17 37.831
18 19 80.696
18 20 57.911
18 21 29.205
18 22 78.311
18 23 46.522
18 24 51.820
18 26 35.079
18 27 91.237
18 28 34.427
18 29 65.989
18 31 94.496
18 32 76.372
18 34 46.924
18 35 28.710
18 36 18.437
18 37 50.364
18 39 5.910
18 40 96.291
18 42 25.930
18 43 99.309
18 45 66.455
18 46 2.735
18 47 95.794
18 48 24.929
19 1 38.401
19 3 57.917
19 4 36.125
19 6 13.367
19 9 63.119
19 13 35.631
19 15 52.226
19 23 19.594
19 24 70.341
19 26 96.222
19 29 72.152
19 33 18.607
19 34 98.625
19 35 1.945
19 37 67.599
19 38 12.689
19 40 78.413
19 43 24.898
19 44 41.146
19 46 19.738
19 49 20.285
20 0 35.080
20 4 50.771
20 6 34.151
20 7 77.898
20 8 69.521
20 13 76.472
20 16 20.161
20 22 13.535
20 24 67.387
20 25 95.399
20 26 34.592
20 27 10.026
20 29 63.249
20 30 17.994
20 36 8.445
20 39 28.672
20 43 9.666
20 46 29.713
20 48 79.673
21 0 71.498
21 2 77.683
21 3 46.507
21 4 26.189
21 6 42.174
21 8 79.900
21 15 28.211
21 16 28.545
21 22 3.111
21 24 43.611
21 27 86.050
21 28 9.175
21 29 99.103
21 30 40.211
21 33 67.347
21 34 94.213
21 35 50.054
21 38 2.021
21 39 94.598
21 41 95.469
21 42 11.603
21 43 1.352
21 44 65.873
21 45 20.598
21 46 99.276
21 47 76.874
22 1 11.847
22 2 63.414
22 3 41.402
22 4 90.006
22 6 4.765
22 7 76.710
22 8 18.521
22 10 49.266
22 13 16.970
22 14 72.472
22 15 13.290
22 16 58.137
22 17 52.954
22 19 1.934
22 23 10.288
22 24 75.557
22 25 36.511
22 27 79.712
22 28 20.528
22 29 63.319
22 30 82.209
22 31 49.797
22 32 93.108
22 33 63.494
22 34 21.371
22 35 58.156
22 36 12.162
22 37 65.094
22 38 69.902
22 39 32.794
22 40 65.181
22 41 17.727
22 42 73.389
22 43 97.733
22 44 82.582
22 45 94.854
22 46 97.743
22 47 45.214
22 48 11.930
22 49 96.890
23 0 9.778
23 1 7.843
23 4 54.597
23 6 32.548
23 9 61.903
23 13 13.283
23 14 74.903
23 16 66.930
23 20 83.721
23 24 47.913
23 25 15.619
23 27 33.872
23 29 98.920
23 37 9.824
23 38 39.826
23 42 8.509
23 43 70.567
23 48 96.230
23 49 91.342
24 0 3.148
24 1 71.181
24 6 33.791
24 8 12.948
24 9 9.938
24 15 49.993
24 25 82.446
24 26 3.222
24 28 3.280
24 29 94.153
24 30 40.954
24 37 13.040
24 38 97.192
24 39 10.803
24 41 0.189
24 42 89.287
24 45 16.653
24 46 74.646
25 1 25.882
25 9 11.251
25 30 53.642
25 31 91.431
25 38 76.549
25 41 25.370
26 10 42.952
26 15 12.955
26 32 16.597
26 36 51.216
26 37 46.081
26 40 98.177
26 47 60.005
27 1 79.511
27 3 73.315
27 6 7.423
27 8 32.663
27 9 59.668
27 10 89.217
27 11 46.082
27 14 15.751
27 15 95.414
27 16 56.879
27 19 96.501
27 24 58.855
27 25 36.804
27 26 92.002
27 28 29.916
27 29 64.369
27 30 14.318
27 31 63.184
27 32 78.028
27 33 24.289
27 34 44.781
27 35 29.919
27 36 27.275
27 37 28.854
27 38 65.905
27 39 33.092
27 40 65.116
27 41 13.972
27 42 56.996
27 43 48.769
27 44 60.325
27 45 7.013
27 46 43.923
27 48 29.627
28 25 56.507
28 36 25.684
28 38 17.189
28 39 42.959
28 43 98.737
29 2 65.681
29 3 79.424
29 4 47.736
29 10 58.769
29 11 97.860
29 26 72.914
29 31 50.221
29 33 66.291
29 42 74.427
29 44 9.408
30 0 10.382
30 1 28.910
30 2 46.866
30 12 60.478
30 15 7.880
30 18 94.773
30 19 41.125
30 23 39.827
30 28 35.558
30 32 31.792
30 35 47.844
30 36 84.934
30 37 28.418
30 40 98.857
30 42 94.228
30 44 6.466
30 45 7.314
30 49 5.312
31 0 35.762
31 1 50.447
31 2 42.624
31 6 95.139
31 14 26.828
31 15 92.551
31 17 62.656
31 19 94.206
31 20 56.253
31 21 16.348
31 24 26.077
31 26 68.614
31 30 78.948
31 32 71.222
31 33 12.702
31 34 73.298
31 37 51.361
31 38 6.546
31 39 29.027
31 41 71.105
31 42 60.358
31 43 94.755
31 44 28.637
31 45 38.606
31 46 28.256
31 47 23.270
31 48 60.658
31 49 57.011
32 0 86.570
32 3 24.229
32 4 84.968
32 6 78.705
32 7 9.339
32 8 87.440
32 10 51.062
32 14 46.092
32 15 33.371
32 20 78.378
32 21 75.922
32 23 9.211
32 24 99.214
32 25 11.143
32 29 51.393
32 33 45.605
32 34 53.943
32 36 38.482
32 38 34.615
32 41 84.805
32 42 44.665
32 43 45.856
32 44 82.490
32 45 24.827
32 46 70.428
32 47 33.825
32 48 17.115
33 0 83.091
33 1 32.368
33 6 80.983
33 10 71.974
33 14 35.024
33 18 97.931
33 20 48.778
33 23 91.687
33 28 56.047
33 34 93.151
33 36 57.726
33 42 63.414
33 43 60.860
33 49 11.392
34 1 67.569
34 2 35.935
34 3 45.580
34 4 9.057
34 11 53.159
34 13 83.524
34 14 5.229
34 15 79.235
34 23 23.619
34 24 17.999
34 25 15.835
34 26 67.168
34 28 54.273
34 29 65.762
34 30 66.570
34 35 99.863
34 36 10.821
34 37 32.922
34 38 59.045
34 39 15.218
34 40 10.699
34 41 90.778
34 42 10.365
34 43 40.563
34 45 94.480
34 48 97.152
34 49 99.105
35 0 43.361
35 1 13.578
35 3 37.836
35 4 3.931
35 6 16.707
35 8 76.663
35 9 53.098
35 10 13.540
35 11 55.979
35 13 65.473
35 14 50.509
35 15 84.002
35 16 13.202
35 20 82.715
35 23 29.833
35 24 50.979
35 25 61.653
35 28 14.192
35 29 10.388
35 31 96.694
35 32 55.941
35 33 76.165
35 36 97.384
35 37 90.883
35 38 87.920
35 39 55.551
35 40 66.436
35 41 42.737
35 42 43.729
35 43 38.938
35 44 47.821
35 45 68.264
35 46 57.385
35 47 88.309
35 48 76.522
35 49 5.954
36 1 55.817
36 3 40.151
36 6 88.822
36 8 57.556
36 13 58.894
36 14 61.832
36 19 99.985
36 21 36.807
36 24 32.896
36 31 85.914
36 37 55.217
36 39 4.367
36 40 62.055
36 41 58.915
36 44 22.026
36 46 22.254
36 47 48.645
36 48 15.219
36 49 2.987
37 1 58.422
37 4 1.998
37 6 73.207
37 9 86.881
37 10 56.655
37 13 66.248
37 14 19.533
37 15 52.613
37 21 53.920
37 25 23.668
37 28 90.645
37 29 71.688
37 32 30.245
37 38 91.612
37 39 43.531
37 40 30.042
37 42 50.583
37 43 92.095
37 44 77.573
37 46 94.389
37 47 47.697
38 3 50.234
38 16 99.739
38 26 90.469
38 29 73.542
38 30 15.158
38 33 25.669
38 40 5.917
38 42 46.588
38 47 54.735
38 48 96.239
39 25 5.552
39 33 94.335
39 40 70.311
39 48 79.000
40 0 1.145
40 1 80.927
40 3 47.222
40 4 72.814
40 7 87.065
40 8 52.303
40 10 53.240
40 11 81.787
40 13 86.893
40 14 28.458
40 15 19.349
40 16 55.374
40 17 26.818
40 20 97.865
40 21 52.064
40 23 87.053
40 24 12.895
40 25 94.406
40 28 49.290
40 29 16.552
40 31 83.884
40 32 98.439
40 33 27.499
40 41 97.406
40 42 58.898
40 43 3.951
40 44 86.144
40 45 64.628
40 47 30.219
40 48 27.990
40 49 37.884
41 6 90.765
41 8 99.780
41 9 42.331
41 10 37.967
41 15 37.051
41 16 35.663
41 19 94.790
41 20 53.366
41 23 34.141
41 26 94.146
41 28 73.484
41 33 60.757
41 37 2.235
41 43 25.382
41 44 98.485
41 45 45.795
41 47 56.034
41 48 85.618
41 49 28.747
42 1 33.642
42 2 51.303
42 6 80.634
42 8 70.621
42 14 46.049
42 19 46.859
42 20 50.277
42 26 46.674
42 28 70.873
42 41 29.003
42 44 41.684
42 46 65.613
42 47 1.234
42 49 32.576
43 1 63.250
43 2 44.047
43 3 29.379
43 4 71.675
43 7 20.954
43 8 16.614
43 9 39.788
43 10 1.921
43 12 3.305
43 14 78.575
43 15 62.164
43 16 65.608
43 25 56.147
43 26 3.635
43 44 94.524
43 47 24.755
43 48 89.899
43 49 6.203
44 0 3.652
44 1 88.729
44 2 50.949
44 3 40.049
44 4 92.413
44 6 0.729
44 8 75.059
44 10 5.798
44 12 71.391
44 15 74.387
44 17 36.241
44 18 2.615
44 20 96.779
44 23 84.131
44 24 3.512
44 25 69.241
44 26 89.563
44 28 77.470
44 33 46.034
44 34 69.486
44 38 17.022
44 39 38.257
44 45 51.231
44 46 13.766
44 47 14.005
44 48 73.095
44 49 86.878
45 10 80.229
45 15 78.796
45 20 27.733
45 26 52.546
45 28 13.054
45 36 87.110
45 43 71.588
45 47 28.930
45 48 29.690
46 0 83.691
46 1 72.284
46 3 41.536
46 10 84.251
46 17 76.795
46 26 76.201
46 28 9.522
46 29 5.083
46 33 50.712
46 34 73.186
46 38 3.850
46 48 21.799
46 49 78.747
47 1 47.615
47 3 36.250
47 4 5.247
47 6 99.434
47 8 72.755
47 9 14.874
47 11 87.862
47 13 70.911
47 14 83.839
47 16 20.736
47 19 6.285
47 20 40.513
47 23 8.337
47 24 49.352
47 25 14.974
47 27 28.351
47 28 50.121
47 29 17.191
47 30 26.161
47 33 80.394
47 34 7.231
47 39 96.151
47 46 5.334
47 48 34.508
47 49 28.388
48 0 13.465
48 1 12.356
48 3 93.149
48 5 44.782
48 6 3.082
48 14 0.357
48 16 51.204
48 19 48.676
48 21 16.311
48 25 84.898
48 29 17.043
48 30 31.155
48 37 40.869
49 10 62.934
49 11 19.890
49 17 46.404
49 18 89.023
49 21 18.798
