50
0 1 97.347
0 15 32.955
1 2 20.270
2 3 42.779
3 4 93.766
4 5 82.874
5 6 25.821
6 7 81.936
7 8 19.736
8 9 81.115
9 10 6.459
10 11 34.508
11 12 73.692
12 13 1.999
13 14 73.634
13 28 54.530
14 15 24.169
15 16 34.604
16 17 22.939
17 18 16.986
18 19 13.998
19 20 30.165
20 21 3.682
21 22 78.512
21 36 40.820
22 23 98.023
23 24 56.166
24 25 4.950
25 26 76.372
26 27 14.161
27 28 2.759
28 29 41.099
29 30 68.077
30 31 37.216
30 45 13.690
31 32 27.216
32 33 76.847
33 34 28.912
34 35 59.628
35 36 87.250
36 37 60.283
37 38 18.337
38 39 60.968
38 49 26.615
39 40 85.317
40 41 36.691
41 42 68.738
42 43 71.247
43 44 21.300
44 45 12.879
45 46 27.712
46 47 50.547
47 48 63.578
48 49 45.087
