50
1 2 10
2 3 10
3 4 10
4 5 10
5 6 10
6 7 10
7 8 10
8 9 10
9 23 10
23 24 10
24 25 10
25 26 10
26 22 10
22 21 10
21 20 10
20 19 10
19 18 10
18 17 10
17 16 10
16 15 10
15 14 10
14 13 10
13 12 10
12 11 10
11 10 10
10 1 10
1 28 20
3 28 20
14 29 20
16 29 20
30 9 20
30 8 20
22 31 20
21 31 20
33 5 20
32 18 20
28 29 30
30 31 30
28 30 40
29 31 40
28 37 5
29 38 5
30 36 5
35 31 5
33 37 2
37 38 2
38 32 2
32 35 2
35 36 2
36 33 2
27 37 2
27 38 2
27 32 2
27 35 2
27 36 2
27 33 2
27 34 60
34 39 70
39 40 8
40 42 8
42 43 8
43 41 8
41 39 8
40 41 8
39 42 8
40 43 8
39 43 8
41 42 8
43 44 10
44 45 10
45 46 10
46 47 10
47 48 10
48 49 10
49 0 10
