50
35 36 18.476
10 11 10.205
23 24 40.14
39 40 64.909
5 6 69.554
8 9 34.114
18 19 44.885
29 30 30.104
22 23 50.442
31 32 52.673
1 2 60.492
6 7 6.295
45 46 22.198
12 13 70.863
19 20 4.315
25 26 69.085
28 29 73.241
47 48 91.325
20 21 11.096
27 28 14.677
36 37 40.663
32 33 32.867
17 18 16.777
42 43 80.875
4 5 20.394
33 34 41.041
9 10 36.025
2 3 45.856
38 39 7.786
46 47 93.602
44 45 58.354
3 4 60.009
37 38 13.131
11 12 43.719
16 17 4.627
0 1 82.228
40 41 92.406
26 27 3.209
48 49 57.132
21 22 57.476
15 16 26.193
24 25 38.511
13 14 60.514
30 31 18.559
43 44 6.924
14 15 86.951
41 42 34.952
7 8 59.022
34 35 11.749
