50
0 4 4
0 11 7
0 13 4
0 17 7
0 19 4
0 20 7
0 26 9
0 30 5
0 34 7
0 44 5
0 46 3
0 48 7
0 9 1
1 2 4
1 13 4
1 14 7
1 15 5
1 23 9
1 25 9
1 39 9
1 46 6
1 48 3
1 34 2
1 27 3
2 17 3
2 18 8
2 21 7
2 24 6
2 29 3
2 30 4
2 37 9
2 46 4
2 7 1
3 20 6
3 23 9
3 24 5
3 33 9
3 36 5
3 40 7
3 42 7
3 48 5
3 4 2
4 7 8
4 12 7
4 26 6
4 33 2
4 47 4
4 34 1
4 48 1
5 6 3
5 8 6
5 11 8
5 14 4
5 16 8
5 18 5
5 29 6
5 31 8
5 37 9
5 46 8
5 24 1
6 8 7
6 11 4
6 16 7
6 24 9
6 26 9
6 28 2
6 35 5
6 40 6
6 18 1
6 30 1
7 8 8
7 12 8
7 20 8
7 22 3
7 23 6
7 30 9
7 31 8
7 40 6
7 46 7
7 49 8
7 26 1
7 16 3
8 14 4
8 26 6
8 28 5
8 29 5
8 32 9
8 35 3
8 40 6
8 46 9
8 49 7
8 9 2
9 13 3
9 22 6
9 33 3
9 34 3
9 36 4
9 39 2
9 11 2
9 23 2
10 12 5
10 14 8
10 21 7
10 24 5
10 25 6
10 31 4
10 36 9
10 37 5
10 47 5
10 28 1
10 49 2
11 22 3
11 25 8
11 26 6
11 30 9
11 41 5
11 47 5
12 13 6
12 21 8
12 29 9
12 46 1
12 27 3
13 14 6
13 17 3
13 24 8
13 25 5
13 30 8
13 31 5
13 32 4
13 21 1
14 18 9
14 21 7
14 25 4
14 30 8
14 32 9
14 44 5
14 33 2
15 20 4
15 28 5
15 29 5
15 36 9
15 39 3
15 45 5
15 49 5
15 30 1
16 20 8
17 46 5
17 47 3
17 26 1
17 34 2
17 31 2
17 40 2
18 26 3
18 30 4
18 34 9
18 37 9
18 48 3
18 49 4
18 32 1
18 38 2
19 26 9
19 31 8
19 33 7
19 39 5
19 42 4
19 49 3
19 47 1
20 23 4
20 25 6
20 30 9
20 32 4
20 34 5
20 35 5
20 42 5
20 47 7
20 38 1
20 22 2
21 22 4
21 27 6
21 30 3
21 44 5
21 45 6
21 46 6
21 49 1
22 29 6
22 30 2
22 45 6
22 49 4
22 25 1
22 31 1
23 29 5
23 30 8
23 32 7
23 35 9
24 38 1
24 46 1
24 29 2
24 28 2
25 37 1
25 48 1
26 47 9
26 49 7
26 41 3
27 28 7
27 31 9
27 32 9
27 35 8
27 49 4
27 33 3
28 29 8
28 32 2
28 35 3
28 37 3
28 39 5
28 44 4
28 48 7
28 43 1
29 32 3
29 35 4
29 38 9
29 43 7
29 44 2
29 47 7
29 49 4
29 48 1
30 38 6
30 31 1
30 44 1
30 35 2
31 35 6
31 40 6
31 43 6
31 46 6
32 35 3
32 36 4
32 42 8
32 47 3
33 35 8
33 46 4
33 49 6
33 39 1
34 36 8
34 42 9
34 45 6
35 46 7
36 45 9
37 38 5
37 45 4
37 47 1
38 45 1
38 44 2
39 43 7
39 48 6
39 47 1
39 40 2
40 41 4
40 43 9
40 48 5
42 45 9
42 46 2
43 44 1
44 45 5
44 46 6
45 47 3
47 48 9
47 49 4