50
0 2 70.0
0 4 14.0
0 8 40.0
0 9 86.0
0 12 89.0
0 13 89.0
0 17 15.0
0 18 49.0
0 19 42.0
0 20 50.0
0 21 50.0
0 24 89.0
0 25 39.0
0 26 96.0
0 28 64.0
0 29 24.0
0 33 79.0
0 36 38.0
0 37 78.0
0 38 31.0
0 39 82.0
0 44 62.0
0 48 35.0
1 2 36.0
1 5 91.0
1 8 93.0
1 13 19.0
1 17 77.0
1 20 97.0
1 24 21.0
1 25 16.0
1 29 18.0
1 30 23.0
1 31 69.0
1 32 49.0
1 33 26.0
1 34 51.0
1 35 80.0
1 36 90.0
1 37 30.0
1 42 52.0
1 45 13.0
1 48 59.0
1 49 10.0
2 3 80.0
2 4 81.0
2 5 55.0
2 7 27.0
2 9 7.0
2 12 75.0
2 13 74.0
2 17 78.0
2 18 62.0
2 20 66.0
2 23 80.0
2 24 18.0
2 25 33.0
2 27 69.0
2 28 57.0
2 29 21.0
2 35 9.0
2 36 83.0
2 37 49.0
2 38 25.0
2 39 51.0
2 43 3.0
2 46 15.0
2 47 29.0
2 48 60.0
3 7 35.0
3 10 95.0
3 11 83.0
3 12 27.0
3 16 20.0
3 18 23.0
3 19 16.0
3 21 59.0
3 23 9.0
3 24 9.0
3 26 63.0
3 27 55.0
3 29 35.0
3 30 62.0
3 32 61.0
3 33 78.0
3 42 22.0
3 43 59.0
3 48 24.0
4 9 89.0
4 10 81.0
4 11 79.0
4 14 78.0
4 17 33.0
4 20 21.0
4 22 3.0
4 25 33.0
4 26 29.0
4 27 32.0
4 28 93.0
4 31 33.0
4 32 61.0
4 33 64.0
4 39 24.0
4 41 86.0
4 42 82.0
4 45 43.0
4 46 27.0
4 47 20.0
5 8 55.0
5 9 94.0
5 11 8.0
5 12 52.0
5 15 11.0
5 16 10.0
5 20 13.0
5 21 72.0
5 22 56.0
5 23 44.0
5 24 79.0
5 25 4.0
5 26 72.0
5 27 94.0
5 29 65.0
5 31 71.0
5 34 28.0
5 37 72.0
5 38 7.0
5 41 83.0
5 44 18.0
5 46 91.0
5 47 47.0
6 8 30.0
6 10 85.0
6 11 48.0
6 14 96.0
6 15 81.0
6 19 95.0
6 20 29.0
6 21 24.0
6 23 34.0
6 24 57.0
6 27 82.0
6 29 13.0
6 31 44.0
6 33 73.0
6 35 39.0
6 36 79.0
6 37 92.0
6 39 76.0
6 41 67.0
6 42 56.0
6 43 89.0
6 46 16.0
6 49 18.0
7 10 58.0
7 13 54.0
7 15 6.0
7 17 32.0
7 18 92.0
7 19 33.0
7 23 22.0
7 24 96.0
7 25 39.0
7 27 23.0
7 28 98.0
7 30 28.0
7 31 72.0
7 34 20.0
7 35 20.0
7 36 36.0
7 38 49.0
7 43 17.0
7 47 97.0
7 48 75.0
8 10 10.0
8 14 28.0
8 16 19.0
8 22 19.0
8 24 7.0
8 27 41.0
8 28 99.0
8 29 90.0
8 30 49.0
8 33 4.0
8 35 92.0
8 36 45.0
8 37 35.0
8 38 13.0
8 39 12.0
8 41 34.0
8 43 67.0
8 44 43.0
8 45 15.0
8 46 52.0
8 47 30.0
8 49 40.0
9 10 86.0
9 11 98.0
9 12 66.0
9 16 61.0
9 17 19.0
9 18 92.0
9 19 7.0
9 20 64.0
9 21 27.0
9 23 41.0
9 24 23.0
9 25 46.0
9 29 29.0
9 30 17.0
9 31 58.0
9 36 3.0
9 40 94.0
9 42 37.0
9 47 22.0
10 11 84.0
10 12 4.0
10 14 7.0
10 18 38.0
10 21 5.0
10 27 49.0
10 28 3.0
10 30 78.0
10 31 56.0
10 32 43.0
10 35 65.0
10 36 2.0
10 40 95.0
10 43 75.0
10 45 76.0
10 46 14.0
10 47 69.0
11 15 56.0
11 17 80.0
11 18 36.0
11 20 21.0
11 24 9.0
11 25 95.0
11 28 50.0
11 31 74.0
11 34 18.0
11 35 34.0
11 39 88.0
11 41 78.0
11 45 96.0
11 46 35.0
11 48 43.0
12 15 95.0
12 17 11.0
12 18 74.0
12 22 63.0
12 23 56.0
12 24 3.0
12 26 42.0
12 29 66.0
12 30 33.0
12 31 31.0
12 32 72.0
12 33 79.0
12 35 65.0
12 40 39.0
12 41 4.0
12 42 75.0
12 47 43.0
12 49 14.0
13 15 14.0
13 16 76.0
13 17 39.0
13 18 2.0
13 19 99.0
13 20 90.0
13 22 63.0
13 23 69.0
13 24 74.0
13 25 86.0
13 26 43.0
13 27 37.0
13 28 97.0
13 30 62.0
13 32 86.0
13 36 6.0
13 37 27.0
13 38 88.0
13 39 57.0
13 40 4.0
13 41 23.0
13 42 12.0
13 43 36.0
13 44 97.0
13 47 41.0
13 48 17.0
14 15 37.0
14 16 20.0
14 18 7.0
14 22 25.0
14 24 15.0
14 25 10.0
14 26 53.0
14 27 5.0
14 28 79.0
14 29 51.0
14 31 1.0
14 35 1.0
14 37 1.0
14 38 64.0
14 44 39.0
14 47 96.0
14 48 34.0
14 49 64.0
15 20 96.0
15 22 36.0
15 23 59.0
15 24 83.0
15 25 78.0
15 26 75.0
15 29 78.0
15 30 52.0
15 33 42.0
15 35 73.0
15 36 53.0
15 38 87.0
15 39 13.0
15 43 94.0
15 45 89.0
15 49 19.0
16 17 26.0
16 18 79.0
16 19 66.0
16 21 26.0
16 22 39.0
16 29 58.0
16 32 14.0
16 34 10.0
16 35 3.0
16 36 20.0
16 37 18.0
16 40 14.0
16 41 5.0
16 43 41.0
16 44 93.0
16 46 86.0
16 47 69.0
16 48 49.0
17 18 18.0
17 20 73.0
17 21 20.0
17 26 75.0
17 31 51.0
17 32 53.0
17 33 54.0
17 35 81.0
17 37 26.0
17 39 40.0
17 40 88.0
17 41 92.0
17 44 34.0
17 48 94.0
17 49 25.0
18 19 85.0
18 20 44.0
18 21 84.0
18 22 2.0
18 24 56.0
18 25 59.0
18 29 3.0
18 30 90.0
18 34 40.0
18 35 55.0
18 37 22.0
18 38 89.0
18 39 23.0
18 40 78.0
18 41 40.0
18 46 22.0
18 47 37.0
18 48 18.0
19 22 56.0
19 24 10.0
19 27 74.0
19 32 13.0
19 33 56.0
19 34 15.0
19 36 95.0
19 37 9.0
19 38 24.0
19 40 71.0
19 41 90.0
19 42 47.0
19 44 78.0
19 46 46.0
19 47 54.0
19 49 71.0
20 21 94.0
20 22 22.0
20 23 70.0
20 26 90.0
20 27 63.0
20 30 35.0
20 31 47.0
20 32 85.0
20 35 6.0
20 37 32.0
20 38 67.0
20 39 19.0
20 40 95.0
20 41 42.0
20 42 94.0
20 43 28.0
20 45 2.0
20 48 20.0
21 24 87.0
21 26 49.0
21 29 31.0
21 30 45.0
21 32 83.0
21 42 53.0
21 43 83.0
21 44 98.0
21 47 16.0
21 49 25.0
22 24 57.0
22 27 78.0
22 28 94.0
22 29 75.0
22 32 7.0
22 37 16.0
22 38 16.0
22 39 68.0
22 40 96.0
22 41 39.0
22 43 80.0
22 44 58.0
22 46 6.0
22 47 93.0
22 49 69.0
23 24 14.0
23 29 52.0
23 30 81.0
23 31 21.0
23 34 88.0
23 35 21.0
23 36 70.0
23 39 71.0
23 41 27.0
23 42 67.0
23 44 1.0
23 45 60.0
24 25 26.0
24 26 70.0
24 27 37.0
24 28 48.0
24 30 41.0
24 31 3.0
24 32 99.0
24 33 64.0
24 34 5.0
24 35 49.0
24 38 91.0
24 39 17.0
24 41 3.0
24 42 63.0
24 43 33.0
24 46 21.0
24 48 43.0
25 27 14.0
25 29 4.0
25 30 34.0
25 31 42.0
25 33 53.0
25 34 44.0
25 35 80.0
25 41 48.0
25 43 49.0
25 44 35.0
25 46 93.0
25 47 5.0
26 28 67.0
26 29 55.0
26 30 97.0
26 36 54.0
26 38 55.0
26 39 93.0
26 40 67.0
26 42 65.0
26 46 12.0
27 30 4.0
27 31 72.0
27 33 95.0
27 36 5.0
27 38 28.0
27 40 62.0
27 41 25.0
27 43 88.0
27 44 11.0
27 47 30.0
27 48 62.0
27 49 88.0
28 29 9.0
28 30 10.0
28 31 15.0
28 35 75.0
28 39 11.0
28 40 49.0
28 41 68.0
28 42 8.0
28 43 13.0
28 45 17.0
28 46 89.0
28 47 49.0
28 48 4.0
29 31 90.0
29 33 57.0
29 34 39.0
29 38 14.0
29 40 1.0
29 41 71.0
29 44 38.0
29 45 3.0
29 47 11.0
29 48 42.0
30 33 82.0
30 34 9.0
30 36 5.0
30 41 98.0
30 43 78.0
30 46 22.0
30 47 66.0
31 32 46.0
31 33 73.0
31 36 91.0
31 37 94.0
31 38 25.0
31 39 29.0
31 41 43.0
31 43 98.0
31 44 83.0
31 46 51.0
32 33 20.0
32 35 88.0
32 36 36.0
32 41 51.0
32 42 16.0
32 44 20.0
32 46 10.0
33 34 56.0
33 36 67.0
33 39 44.0
33 42 21.0
33 43 92.0
33 44 43.0
33 45 52.0
33 47 91.0
34 35 90.0
34 36 46.0
34 37 28.0
34 38 73.0
34 40 94.0
34 41 64.0
34 43 5.0
34 44 12.0
34 45 22.0
34 47 54.0
34 48 96.0
35 39 26.0
35 42 62.0
35 43 73.0
35 45 87.0
36 38 64.0
36 41 26.0
36 42 20.0
36 44 80.0
36 46 18.0
36 47 29.0
36 49 31.0
37 39 57.0
37 40 38.0
37 43 47.0
37 44 58.0
37 46 94.0
37 47 25.0
37 48 5.0
38 41 53.0
38 47 68.0
38 49 96.0
39 40 9.0
39 45 74.0
39 47 34.0
39 48 31.0
39 49 44.0
40 42 21.0
40 44 5.0
41 42 34.0
41 44 56.0
41 45 63.0
41 46 13.0
41 47 23.0
41 48 54.0
41 49 86.0
42 45 44.0
42 47 92.0
42 49 94.0
43 44 34.0
43 45 96.0
43 46 62.0
43 47 80.0
43 49 82.0
44 45 38.0
44 46 53.0
45 48 58.0
45 49 46.0
46 47 56.0
46 48 42.0
47 49 42.0
