50
0 2 8.44
0 6 5.968
0 13 4.83
0 5 11.635
0 22 11.59
0 17 9.766
0 38 10.286
0 47 11.693
0 48 6.514
0 20 10.969
0 33 8.457
0 7 9.624
0 12 4.758
0 15 6.201
0 23 9.415
0 30 11.453
0 44 5.256
0 45 12.303
0 10 4.719
0 18 4.851
0 40 10.887
1 7 9.106
1 24 11.805
1 15 7.508
1 33 6.113
1 23 8.036
1 28 8.281
1 9 9.179
1 30 12.397
1 20 6.272
1 10 9.612
1 12 12.046
1 44 4.868
1 8 6.431
1 14 12.684
1 48 11.052
1 21 7.328
1 16 8.102
1 11 12.135
1 32 10.529
1 29 7.97
1 38 11.817
1 3 4.903
1 45 12.47
1 6 5.943
1 26 6.312
2 19 12.451
2 14 10.565
2 24 11.183
2 38 12.663
2 7 6.528
2 43 4.424
2 15 7.783
2 8 6.77
2 25 12.153
2 9 13.321
2 23 9.103
2 49 5.433
2 34 8.355
2 6 7.587
2 13 11.511
2 36 6.08
3 43 4.328
3 11 5.468
3 18 11.165
3 31 13.058
3 36 13.258
3 4 9.689
3 41 5.449
3 16 6.405
3 15 9.985
3 6 10.824
3 20 12.408
3 35 10.452
3 39 8.324
3 19 12.894
3 5 11.607
3 33 12.407
3 48 11.419
3 47 13.965
3 17 6.62
4 46 11.463
4 36 12.705
4 49 6.266
4 6 7.402
4 23 4.949
4 42 12.328
4 9 5.133
4 40 10.385
4 15 6.794
4 27 13.656
4 41 10.898
4 33 12.282
4 16 13.019
4 19 10.658
4 37 7.979
4 28 9.898
4 45 7.363
4 18 9.872
5 9 5.508
5 20 8.411
5 41 9.658
5 43 14.096
5 22 5.372
5 7 8.205
5 47 13.935
5 25 10.684
5 49 7.63
5 6 8.989
5 48 4.966
5 12 8.31
5 24 8.088
5 38 13.203
6 32 4.324
6 27 6.995
6 7 6.513
6 36 4.525
6 39 7.244
6 18 7.446
6 11 5.209
6 19 8.889
6 46 13.58
6 28 6.335
6 20 6.884
6 38 9.458
6 41 14.098
6 29 9.967
6 33 5.392
6 26 12.402
6 44 13.428
6 49 5.029
6 42 14.102
6 23 12.859
6 15 11.991
7 47 5.594
7 31 11.637
7 44 10.718
7 34 10.434
7 22 6.895
7 39 6.903
7 48 10.385
7 18 4.292
7 24 4.705
7 33 12.41
7 49 9.274
7 37 6.292
7 19 12.269
7 43 9.075
7 41 13.755
7 15 13.536
7 40 9.542
7 20 10.844
7 16 5.575
7 10 11.649
8 27 8.41
8 36 7.126
8 28 13.811
8 15 11.67
8 35 4.673
8 48 6.906
8 26 10.371
8 22 11.724
8 41 12.56
8 34 4.45
8 18 6.677
8 47 12.129
8 21 10.499
8 31 12.127
8 12 4.338
9 16 4.653
9 27 9.073
9 43 10.386
9 35 4.926
9 23 4.67
9 42 13.59
9 14 13.107
9 15 8.246
9 25 4.321
9 34 7.329
9 33 4.601
9 22 13.336
9 32 13.324
9 10 12.32
9 40 13.881
9 13 9.725
9 46 9.757
10 29 10.557
10 30 13.324
10 42 12.679
10 19 7.035
10 46 14.13
10 47 12.058
10 26 4.45
10 48 5.286
10 44 6.607
10 27 5.846
10 38 6.446
10 37 8.162
10 18 7.981
10 20 13.309
10 28 9.088
10 23 10.067
10 34 4.935
10 11 11.331
10 49 11.204
10 41 11.909
10 39 9.677
10 16 14.195
11 32 12.537
11 47 5.621
11 16 13.645
11 34 9.927
11 46 9.096
11 23 4.894
11 24 6.866
11 30 10.059
11 35 6.841
11 44 12.778
11 21 6.942
11 27 12.676
11 37 5.997
11 45 14.019
11 43 13.057
11 49 7.294
11 18 11.945
11 40 6.011
11 26 10.113
12 37 4.315
12 15 5.698
12 46 10.473
12 30 4.567
12 21 13.676
12 42 4.327
12 40 12.569
12 41 13.248
12 38 5.506
12 32 8.045
12 31 12.505
12 26 6.165
12 22 5.136
12 20 12.79
12 24 7.33
12 18 6.692
12 43 6.851
13 31 5.165
13 16 8.882
13 27 9.439
13 18 6.74
13 39 9.194
13 23 4.704
13 40 11.297
13 19 4.306
13 41 10.869
13 38 7.465
13 42 8.558
13 25 9.475
13 17 9.705
13 35 9.554
13 32 12.016
13 24 6.982
13 36 14.229
14 27 13.126
14 30 12.174
14 24 11.099
14 35 9.374
14 40 8.318
14 41 9.284
14 29 11.267
14 36 5.6
14 23 11.665
14 28 11.375
14 34 8.19
14 43 4.895
14 39 8.659
14 26 7.531
14 45 7.287
14 46 5.855
14 20 12.188
15 33 7.483
15 30 10.07
15 34 13.346
15 39 6.984
15 36 4.549
15 16 9.167
15 49 8.989
15 47 13.896
15 21 12.027
15 23 13.686
15 31 11.158
15 29 10.79
15 32 12.066
15 40 12.519
15 27 7.05
16 26 9.233
16 36 8.466
16 35 7.569
16 43 10.325
16 20 12.871
16 17 11.713
16 25 11.653
16 48 5.584
16 49 11.682
16 47 10.499
16 37 11.364
17 22 11.372
17 19 4.945
17 31 12.314
17 47 5.154
17 40 9.071
17 44 6.308
17 34 7.358
17 20 13.462
17 43 13.241
17 29 10.681
17 46 8.885
17 28 4.899
18 33 5.341
18 23 8.482
18 26 8.489
18 44 4.714
18 39 9.139
18 27 8.498
18 32 9.524
18 38 6.73
18 31 8.442
19 20 11.873
19 24 13.383
19 35 11.059
19 43 7.754
19 31 13.536
19 40 13.65
19 38 9.081
19 44 6.57
19 36 11.733
19 32 8.916
19 48 12.15
20 23 9.277
20 32 7.578
20 22 8.743
20 27 13.617
20 48 7.689
20 37 10.443
20 33 13.408
20 49 9.966
20 24 6.838
20 28 10.571
20 21 9.584
20 42 13.277
21 49 13.543
21 47 11.078
21 36 6.196
21 48 7.23
21 35 13.655
21 33 7.824
21 38 13.616
21 31 6.581
21 42 7.086
21 24 6.14
22 41 6.778
22 48 11.65
22 23 7.761
22 44 12.846
22 29 10.619
22 27 13.137
22 47 6.201
22 45 11.576
22 30 4.349
22 34 10.676
22 28 5.12
22 46 10.716
22 42 7.401
22 26 11.386
22 36 11.24
22 40 13.434
22 49 8.104
23 44 11.576
23 48 12.866
23 31 12.957
23 27 9.223
23 41 10.975
23 28 12.448
23 32 8.479
23 40 8.931
23 30 13.999
23 29 13.574
23 45 4.5
24 25 5.052
24 34 7.41
24 47 7.471
24 37 8.138
24 39 4.335
24 49 4.997
24 48 8.12
24 38 6.306
24 36 8.657
24 45 9.955
25 46 5.644
25 34 7.035
25 27 9.081
25 42 13.698
25 35 11.358
25 40 11.011
25 44 6.011
25 48 8.313
25 26 7.454
26 28 10.881
26 47 10.606
26 35 11.06
26 42 6.009
26 37 5.345
26 30 7.239
26 49 4.498
26 44 11.939
27 29 5.799
27 41 5.397
27 32 13.694
27 30 9.225
27 43 13.292
27 39 9.85
27 44 13.557
28 29 8.986
28 31 5.995
28 30 13.521
28 43 4.748
28 44 8.987
28 36 4.998
29 47 12.57
29 33 7.501
29 45 9.771
29 41 13.003
29 31 12.494
29 44 5.425
29 34 12.179
29 30 7.046
30 36 6.317
30 39 8.887
30 35 7.776
30 40 12.197
30 47 6.922
30 32 6.674
30 43 11.617
31 37 8.069
31 42 5.026
31 49 5.061
31 48 6.193
31 45 6.172
32 45 7.203
32 38 7.233
32 47 7.092
32 34 10.328
32 42 10.466
32 41 12.704
32 44 7.071
32 43 13.669
33 42 5.399
33 46 5.154
33 41 5.911
33 37 5.118
33 38 9.426
33 39 5.241
34 40 9.005
34 46 5.489
35 44 12.328
35 45 10.94
35 42 10.584
35 40 11.848
35 41 9.272
35 48 5.426
36 45 4.682
36 40 7.041
36 42 11.089
37 48 13.788
37 49 13.7
37 44 9.441
37 43 6.96
37 47 14.079
37 38 6.636
37 45 10.05
37 39 4.433
38 41 4.442
38 39 8.969
38 43 6.26
39 48 11.408
39 42 13.206
39 45 10.331
39 49 7.714
40 46 8.734
40 45 4.294
40 44 5.516
40 47 10.347
41 47 9.514
41 45 6.466
41 44 10.154
42 48 9.801
42 43 11.296
43 46 13.475
44 48 12.589
45 47 6.382
46 48 6.994
47 48 10.938