50
0 2 7.68
0 4 91.0
0 5 73.68
0 6 2.24
0 8 83.63
0 9 71.55
0 14 31.41
0 15 84.32
0 16 65.21
0 17 14.39
0 18 27.93
0 19 81.32
0 24 69.86
0 29 69.96
0 30 53.47
0 31 79.62
0 33 56.15
0 34 80.32
0 35 23.58
0 37 41.62
0 40 54.62
0 41 80.71
0 43 12.44
0 48 25.52
1 3 27.69
1 7 21.05
1 8 2.63
1 9 67.49
1 10 5.5
1 11 47.21
1 13 89.47
1 14 91.97
1 15 8.83
1 16 1.2
1 17 51.9
1 18 11.36
1 21 8.98
1 23 33.4
1 25 15.22
1 26 74.38
1 30 25.51
1 31 55.32
1 32 83.84
1 34 50.37
1 37 84.76
1 39 38.15
1 40 35.93
1 41 1.43
1 42 22.03
1 43 23.64
1 45 23.5
2 4 90.6
2 6 36.57
2 7 4.54
2 11 76.66
2 12 30.85
2 13 25.86
2 15 26.03
2 18 64.22
2 19 24.58
2 20 48.07
2 22 73.38
2 25 14.81
2 26 45.81
2 28 5.54
2 32 28.07
2 34 78.37
2 35 49.1
2 36 40.62
2 37 16.28
2 45 6.07
2 46 38.61
2 47 29.07
2 48 79.15
2 49 22.63
3 4 61.46
3 5 35.61
3 6 49.93
3 7 73.87
3 11 60.42
3 14 61.47
3 15 34.81
3 17 40.36
3 19 87.25
3 20 45.08
3 21 52.76
3 22 61.97
3 23 36.13
3 24 42.99
3 26 21.08
3 28 98.92
3 30 54.93
3 31 1.61
3 33 88.19
3 35 14.71
3 36 21.36
3 38 23.52
3 41 20.21
3 45 1.27
3 46 93.01
3 47 16.14
3 48 16.52
3 49 86.03
4 7 10.93
4 8 19.76
4 13 67.31
4 15 50.26
4 17 98.1
4 18 79.1
4 19 89.78
4 20 43.78
4 23 2.23
4 26 47.55
4 27 78.4
4 33 48.18
4 34 86.73
4 35 16.72
4 39 65.8
4 40 38.43
4 45 73.51
4 46 87.12
4 47 61.75
4 48 23.43
4 49 73.37
5 7 86.21
5 8 83.84
5 9 17.09
5 10 86.97
5 11 66.81
5 12 68.1
5 13 47.16
5 19 31.25
5 20 49.84
5 21 93.33
5 23 88.41
5 24 40.1
5 27 46.09
5 31 30.77
5 34 24.82
5 36 96.93
5 37 68.51
5 38 88.58
5 40 53.87
5 42 2.14
5 43 88.14
6 9 2.42
6 12 20.25
6 14 97.21
6 17 11.06
6 20 54.1
6 23 93.37
6 26 89.12
6 30 0.47
6 31 85.82
6 32 98.6
6 35 50.42
6 36 82.35
6 39 74.4
6 40 56.65
6 41 17.03
6 43 51.51
6 44 41.28
6 45 62.94
6 47 71.13
6 48 24.28
6 49 44.03
7 8 64.6
7 9 47.76
7 15 88.49
7 17 83.18
7 21 14.89
7 22 67.39
7 23 67.25
7 26 81.52
7 30 66.22
7 32 35.22
7 34 13.57
7 38 95.29
7 39 0.73
7 42 76.95
7 45 51.77
7 47 36.43
7 48 47.51
7 49 68.47
8 10 35.53
8 12 13.19
8 14 67.62
8 15 35.84
8 18 57.92
8 19 77.33
8 22 30.54
8 23 47.78
8 27 72.23
8 31 64.84
8 35 91.73
8 36 49.65
8 37 87.5
8 38 53.91
8 41 68.18
8 43 96.91
8 44 91.77
8 47 16.25
8 49 80.65
9 10 30.13
9 11 20.83
9 12 69.83
9 15 14.36
9 18 27.44
9 19 14.43
9 20 21.2
9 22 26.59
9 25 89.88
9 26 22.39
9 32 20.88
9 34 71.6
9 36 37.13
9 37 90.08
9 38 87.78
9 40 39.03
9 41 16.2
9 42 30.61
9 43 20.38
9 44 1.78
9 47 68.11
10 12 81.99
10 16 47.41
10 18 91.04
10 19 20.12
10 21 75.15
10 23 87.81
10 25 46.49
10 28 49.09
10 29 93.09
10 30 67.6
10 31 12.31
10 33 53.85
10 35 21.2
10 36 33.58
10 37 43.53
10 38 70.13
10 39 1.56
10 41 45.43
10 44 28.59
10 48 0.9
11 12 73.38
11 13 41.35
11 16 46.18
11 18 29.05
11 19 8.87
11 23 33.85
11 25 93.75
11 26 9.95
11 29 66.14
11 31 57.47
11 32 45.66
11 35 52.37
11 36 33.55
11 37 88.09
11 39 78.26
11 42 20.78
11 43 48.6
11 44 16.36
11 45 20.82
11 46 3.25
11 49 16.19
12 13 29.11
12 14 0.47
12 15 6.52
12 16 28.82
12 17 50.51
12 18 86.32
12 19 33.16
12 23 63.13
12 24 50.82
12 25 46.68
12 26 7.21
12 27 28.72
12 28 59.97
12 29 42.31
12 31 90.21
12 32 34.67
12 33 73.71
12 34 34.8
12 35 25.05
12 36 69.94
12 38 75.46
12 40 78.98
12 41 88.91
12 44 1.43
12 46 94.44
12 48 80.45
13 18 37.14
13 19 48.31
13 28 56.08
13 29 84.38
13 32 87.49
13 35 84.97
13 36 46.19
13 39 89.09
13 42 3.09
13 46 6.36
13 47 8.35
13 48 76.47
13 49 54.72
14 15 32.13
14 17 53.49
14 19 99.77
14 21 73.9
14 23 23.92
14 24 66.6
14 26 25.52
14 29 20.75
14 30 41.65
14 31 72.39
14 32 43.48
14 34 91.72
14 35 0.25
14 36 13.03
14 38 35.36
14 39 52.7
14 40 27.34
14 41 92.28
14 44 81.07
14 47 9.32
14 48 84.52
15 16 15.97
15 21 98.64
15 22 97.65
15 27 9.78
15 28 75.15
15 30 27.6
15 31 94.39
15 32 44.16
15 33 87.9
15 39 68.74
15 40 40.66
15 46 67.84
15 47 70.61
16 17 37.84
16 19 63.85
16 22 80.14
16 23 93.91
16 26 90.29
16 29 13.68
16 30 76.77
16 31 43.6
16 32 68.47
16 33 29.87
16 35 84.62
16 38 91.38
16 41 46.51
16 42 88.73
16 43 84.63
16 46 47.96
16 47 32.89
16 48 49.53
16 49 1.01
17 20 21.77
17 21 68.25
17 22 1.01
17 24 2.84
17 27 58.81
17 28 56.28
17 29 60.51
17 35 26.61
17 38 48.63
17 40 30.08
17 42 25.39
17 43 18.84
17 44 95.04
17 48 3.82
17 49 71.48
18 19 15.95
18 20 47.37
18 24 61.98
18 27 59.37
18 29 88.61
18 30 41.18
18 37 65.39
18 38 86.6
18 39 79.79
18 46 10.6
18 47 19.75
18 48 13.64
19 23 88.1
19 25 1.78
19 30 67.2
19 33 70.86
19 36 45.37
19 37 65.36
19 40 15.1
19 41 38.2
19 42 91.57
19 47 63.31
19 49 16.78
20 24 84.36
20 25 45.69
20 27 24.97
20 31 37.91
20 32 94.3
20 37 95.55
20 38 88.36
20 41 36.55
20 42 98.88
20 43 0.99
20 44 62.4
20 45 19.7
20 46 8.39
20 48 23.79
21 24 1.06
21 25 64.32
21 27 77.23
21 28 28.25
21 29 88.08
21 33 73.94
21 34 74.74
21 36 37.38
21 40 51.87
21 41 51.61
21 48 52.24
21 49 51.87
22 23 45.2
22 25 12.9
22 28 57.24
22 29 85.79
22 31 87.38
22 35 74.51
22 36 96.65
22 37 62.89
22 39 1.23
22 42 14.76
22 43 49.94
22 44 62.87
22 46 29.25
22 48 78.64
23 25 81.06
23 27 25.86
23 31 74.26
23 32 48.14
23 35 2.18
23 36 67.01
23 37 72.5
23 38 7.76
23 40 12.71
23 44 59.37
23 45 16.94
23 49 30.81
24 25 6.52
24 26 82.21
24 27 10.76
24 34 59.17
24 36 96.46
24 37 2.28
24 38 15.08
24 40 86.81
24 42 6.66
24 43 8.43
24 47 78.46
25 26 2.66
25 27 58.82
25 28 81.45
25 31 75.02
25 32 42.36
25 33 73.29
25 35 13.25
25 36 65.45
25 37 27.02
25 39 65.6
25 40 45.44
25 48 79.25
25 49 71.56
26 27 55.23
26 29 35.14
26 31 38.29
26 33 98.72
26 40 86.57
26 43 94.63
26 44 60.39
26 45 49.89
26 46 74.03
26 47 38.33
27 32 65.23
27 38 85.87
27 40 64.5
27 41 61.46
27 42 98.45
27 43 75.43
27 44 76.0
27 45 11.21
27 46 81.51
27 48 75.37
28 29 22.62
28 31 69.71
28 33 15.74
28 34 16.2
28 36 0.44
28 38 44.42
28 39 98.77
28 40 11.91
28 41 28.13
28 44 34.4
28 48 63.49
28 49 92.83
29 30 4.23
29 31 94.05
29 32 6.64
29 33 78.22
29 34 47.58
29 35 43.66
29 37 42.32
29 40 15.03
29 41 38.6
29 42 41.32
29 43 77.17
29 45 3.79
29 49 50.25
30 36 86.49
30 37 34.99
30 38 26.5
30 39 90.25
30 40 55.79
30 42 11.8
30 43 34.94
30 44 92.61
30 46 95.81
30 47 79.82
30 49 96.75
31 35 65.0
31 36 46.58
31 40 2.7
31 42 16.85
31 46 70.81
31 47 84.15
31 48 65.95
31 49 25.02
32 35 12.78
32 36 79.72
32 37 17.13
32 38 2.12
32 40 36.73
32 41 47.75
32 44 27.52
32 47 82.33
32 48 48.39
33 34 48.02
33 37 76.82
33 38 37.49
33 41 28.3
33 43 85.44
33 46 35.16
33 48 47.27
33 49 1.96
34 35 2.81
34 36 41.29
34 37 25.33
34 39 43.7
34 42 23.1
34 44 60.56
34 45 16.98
34 47 77.48
35 41 42.81
35 45 94.98
36 39 38.73
36 41 16.44
36 44 98.08
36 47 40.17
36 48 65.13
37 38 80.86
37 39 24.73
37 41 68.71
37 44 66.7
37 45 79.12
37 47 30.18
37 48 13.86
38 39 88.58
38 43 94.03
38 45 63.0
38 47 38.74
38 49 27.63
39 42 53.59
39 43 82.18
39 44 58.18
39 46 56.61
39 49 78.71
40 46 76.52
40 47 36.14
41 43 95.14
41 45 66.26
41 47 78.3
41 48 28.18
41 49 65.43
42 43 86.1
42 44 36.91
42 49 65.83
43 44 81.83
43 45 77.91
43 47 69.19
43 48 14.05
44 45 77.1
44 47 52.72
44 48 58.33
45 46 23.13
45 47 50.09
46 47 82.32
46 49 62.13
47 48 40.84
47 49 44.53
