50
14 7 13.9
14 10 98.9
14 15 99.8
14 20 99.9
14 19 99.8
14 18 99.9
15 13 0.001
14 13 99.8
7 6 28
13 6 0.48
7 4 27
6 3 14.7
32 33 99.9
8 14 98.9
4 7 62
43 37 13.5
38 44 73.2
39 45 56.3
44 45 0.98
43 44 0.24
40 46 54.9
46 47 47.7
41 47 0.42
42 48 29.9
47 48 14
32 38 99.9
1 32 99.9
1 9 3.84
1 8 0.23
11 22 39
8 11 75.4
18 17 0.94
17 49 60
49 0 19
28 0 21
0 29 0.13
0 30 42
0 36 0.97
0 42 99
0 48 89.4
31 33 65
33 34 0.43
34 36 72
31 35 0.98
21 22 0.84
22 23 40.9
23 24 0.34
24 29 98
29 28 1
28 27 0.42
26 27 78
26 21 16.6
21 27 95
22 26 87
22 28 0.27
27 23 69
28 24 71
23 29 48
16 21 58
12 16 29
12 17 72
9 6 42.1
2 31 54
25 9 99.9
5 9 10
