50
0 1 12.52
1 2 2.12
2 3 4.97
3 4 44.32
4 5 32.15
5 6 17.85
6 7 37.21
7 8 23.55
8 9 19.05
9 10 77.31
10 11 3.60
11 12 21.43
12 13 84.31
13 14 41.72
14 15 21.96
15 16 48.32
16 17 9.32
17 18 39.11
18 19 66.42
19 20 48.22
20 21 37.37
21 22 26.93
22 23 32.92
23 24 41.45
24 25 18.42
25 26 42.52
26 27 62.51
27 28 37.18
28 29 81.46
29 30 71.35
30 31 53.82
31 32 72.42
32 33 12.34
33 34 34.98
34 35 16.34
35 36 88.90
36 37 67.88
37 38 15.67
38 39 10.11
39 40 45.78
40 41 20.14
41 42 11.78
42 43 16.56
43 44 15.39
44 45 12.23
45 46 81.09
46 47 76.21
47 48 15.33
48 49 19.35
49 0 10.26
