50
0 1 1
0 2 1
0 3 2
0 10 2
0 11 3
0 15 3
1 35 4
2 3 4
2 4 5
2 10 5
2 7 6
4 5 6
4 6 7
6 7 7
6 10 8
7 45 8
7 19 9
7 18 9
7 17 10
7 16 10
8 10 11
8 46 11
8 9 12
10 13 13
11 13 25
11 12 26
12 14 27
12 48 29
13 14 30
14 47 31
15 9 48
15 19 27
16 42 18
16 20 39
17 49 28
17 18 29
17 37 21
17 36 34
17 28 40
17 23 89
18 49 98
19 22 12
19 34 38
19 23 29
20 43 17
20 21 12
21 44 9
21 29 9
22 25 8
22 33 8
23 27 7
23 26 7
23 41 6
24 25 6
24 27 55
24 23 75
25 32 48
25 31 28
26 28 38
26 29 29
27 30 82
27 31 17
31 49 82
32 33 22
32 39 47
32 38 56
33 40 12
34 35 48
34 40 30
38 49 78
47 9 56
47 46 67
