49
0 15 60.038
0 21 3.674
0 42 12.151
0 47 64.065
1 33 38.377
1 39 27.91
1 44 88.534
1 48 9.237
2 15 59.321
2 22 59.752
2 35 43.938
2 41 88.113
3 27 62.771
3 31 62.538
3 32 35.521
3 39 40.59
4 12 73.306
4 28 69.871
4 39 45.297
4 41 67.718
5 12 7.054
5 22 92.392
5 42 27.114
5 45 12.161
6 30 22.277
6 39 27.552
6 40 88.718
6 41 12.853
7 13 19.34
7 42 81.569
7 46 71.944
7 47 74.866
8 9 93.199
8 31 45.437
8 34 11.851
8 38 56.408
9 14 27.417
9 35 30.809
9 44 75.524
10 17 93.178
10 27 87.115
10 36 5.598
10 45 11.069
11 12 49.913
11 20 85.462
11 23 99.061
11 41 42.372
12 43 98.419
13 20 64.234
13 34 49.051
13 36 24.798
14 27 61.256
14 33 7.337
14 45 96.869
15 16 6.035
15 23 13.46
16 18 32.809
16 31 39.514
16 36 0.643
17 21 42.125
17 42 20.895
17 47 9.502
18 26 69.657
18 32 56.784
18 40 69.199
19 24 55.262
19 27 75.055
19 31 92.053
19 32 30.33
20 37 60.245
20 45 88.548
21 22 15.069
21 44 34.907
22 33 66.593
23 34 44.089
23 44 76.549
24 28 62.838
24 29 34.826
24 47 0.46
25 32 83.493
25 35 10.581
25 36 20.866
25 46 90.149
26 30 40.889
26 34 18.534
26 38 34.531
28 33 92.235
28 35 80.991
29 38 34.612
29 40 70.953
29 43 67.121
30 38 99.067
30 40 13.887
37 43 68.771
37 46 93.728
37 48 9.915
43 48 48.418
46 48 10.811