50
0 1 84
0 2 62
0 3 41
0 4 4
0 5 52
0 6 47
0 7 31
0 8 85
0 9 61
0 10 18
0 11 48
0 12 68
0 13 81
0 14 83
0 15 32
0 16 79
0 17 57
0 18 69
0 19 20
0 20 84
0 21 82
0 22 92
0 23 84
0 24 60
0 25 26
0 26 34
0 27 41
0 28 19
0 29 24
0 30 57
0 31 23
0 32 69
0 33 72
0 34 93
0 35 96
0 36 4
0 37 14
0 38 56
0 39 96
0 40 18
0 41 49
0 42 89
0 43 46
0 44 1
0 45 50
0 46 5
0 47 79
0 48 38
0 49 58
1 2 9
1 3 20
1 4 46
1 5 79
1 6 38
1 7 96
1 8 11
1 9 67
1 10 13
1 11 92
1 12 23
1 13 38
1 14 25
1 15 64
1 16 81
1 17 88
1 18 80
1 19 43
1 20 37
1 21 48
1 22 58
1 23 3
1 24 24
1 25 66
1 26 59
1 27 18
1 28 56
1 29 80
1 30 27
1 31 47
1 32 36
1 33 23
1 34 14
1 35 4
1 36 94
1 37 7
1 38 18
1 39 77
1 40 64
1 41 46
1 42 46
1 43 99
1 44 65
1 45 72
1 46 90
1 47 38
1 48 94
1 49 77
2 3 70
2 4 80
2 5 21
2 6 94
2 7 93
2 8 72
2 9 92
2 10 62
2 11 42
2 12 25
2 13 5
2 14 88
2 15 59
2 16 18
2 17 15
2 18 76
2 19 55
2 20 11
2 21 7
2 22 93
2 23 53
2 24 70
2 25 72
2 26 8
2 27 11
2 28 16
2 29 85
2 30 62
2 31 14
2 32 32
2 33 30
2 34 46
2 35 46
2 36 21
2 37 95
2 38 32
2 39 65
2 40 13
2 41 24
2 42 56
2 43 9
2 44 78
2 45 90
2 46 86
2 47 69
2 48 30
2 49 29
3 4 27
3 5 30
3 6 82
3 7 75
3 8 69
3 9 57
3 10 69
3 11 42
3 12 94
3 13 26
3 14 44
3 15 66
3 16 33
3 17 53
3 18 67
3 19 51
3 20 40
3 21 96
3 22 1
3 23 91
3 24 70
3 25 49
3 26 88
3 27 52
3 28 51
3 29 21
3 30 1
3 31 31
3 32 92
3 33 95
3 34 2
3 35 83
3 36 62
3 37 74
3 38 60
3 39 68
3 40 40
3 41 95
3 42 68
3 43 8
3 44 88
3 45 31
3 46 78
3 47 87
3 48 62
3 49 19
4 5 75
4 6 29
4 7 17
4 8 51
4 9 61
4 10 59
4 11 20
4 12 23
4 13 11
4 14 55
4 15 1
4 16 86
4 17 64
4 18 85
4 19 71
4 20 20
4 21 89
4 22 86
4 23 28
4 24 43
4 25 89
4 26 4
4 27 97
4 28 16
4 29 61
4 30 90
4 31 27
4 32 25
4 33 53
4 34 26
4 35 39
4 36 23
4 37 94
4 38 69
4 39 22
4 40 43
4 41 91
4 42 81
4 43 6
4 44 12
4 45 68
4 46 26
4 47 81
4 48 10
4 49 80
5 6 19
5 7 3
5 8 23
5 9 94
5 10 16
5 11 84
5 12 22
5 13 32
5 14 83
5 15 34
5 16 9
5 17 59
5 18 89
5 19 63
5 20 40
5 21 57
5 22 93
5 23 46
5 24 49
5 25 37
5 26 37
5 27 86
5 28 73
5 29 11
5 30 37
5 31 32
5 32 10
5 33 57
5 34 5
5 35 68
5 36 61
5 37 79
5 38 54
5 39 57
5 40 28
5 41 42
5 42 53
5 43 15
5 44 50
5 45 31
5 46 40
5 47 85
5 48 53
5 49 57
6 7 16
6 8 1
6 9 15
6 10 81
6 11 39
6 12 69
6 13 21
6 14 17
6 15 55
6 16 36
6 17 95
6 18 71
6 19 36
6 20 39
6 21 51
6 22 40
6 23 99
6 24 85
6 25 60
6 26 65
6 27 66
6 28 30
6 29 63
6 30 42
6 31 31
6 32 83
6 33 80
6 34 88
6 35 10
6 36 60
6 37 11
6 38 22
6 39 95
6 40 6
6 41 41
6 42 59
6 43 15
6 44 68
6 45 40
6 46 22
6 47 89
6 48 32
6 49 98
7 8 1
7 9 96
7 10 36
7 11 15
7 12 51
7 13 74
7 14 14
7 15 69
7 16 83
7 17 79
7 18 55
7 19 39
7 20 86
7 21 35
7 22 11
7 23 32
7 24 11
7 25 75
7 26 60
7 27 60
7 28 63
7 29 90
7 30 3
7 31 25
7 32 27
7 33 87
7 34 66
7 35 87
7 36 9
7 37 49
7 38 17
7 39 23
7 40 36
7 41 85
7 42 61
7 43 31
7 44 45
7 45 63
7 46 15
7 47 18
7 48 9
7 49 70
8 9 23
8 10 40
8 11 46
8 12 27
8 13 59
8 14 58
8 15 34
8 16 12
8 17 31
8 18 19
8 19 10
8 20 31
8 21 62
8 22 76
8 23 71
8 24 76
8 25 76
8 26 35
8 27 84
8 28 48
8 29 16
8 30 95
8 31 23
8 32 16
8 33 2
8 34 18
8 35 67
8 36 99
8 37 80
8 38 46
8 39 5
8 40 70
8 41 24
8 42 11
8 43 76
8 44 43
8 45 14
8 46 97
8 47 81
8 48 86
8 49 4
9 10 66
9 11 65
9 12 84
9 13 38
9 14 43
9 15 51
9 16 16
9 17 81
9 18 58
9 19 40
9 20 10
9 21 17
9 22 49
9 23 18
9 24 61
9 25 98
9 26 94
9 27 15
9 28 7
9 29 90
9 30 94
9 31 98
9 32 38
9 33 84
9 34 89
9 35 3
9 36 84
9 37 54
9 38 40
9 39 97
9 40 27
9 41 7
9 42 71
9 43 38
9 44 5
9 45 12
9 46 55
9 47 96
9 48 70
9 49 89
10 11 61
10 12 57
10 13 6
10 14 85
10 15 66
10 16 86
10 17 98
10 18 93
10 19 81
10 20 55
10 21 15
10 22 4
10 23 97
10 24 95
10 25 3
10 26 96
10 27 10
10 28 98
10 29 23
10 30 71
10 31 76
10 32 96
10 33 58
10 34 96
10 35 62
10 36 46
10 37 32
10 38 31
10 39 37
10 40 82
10 41 21
10 42 55
10 43 27
10 44 28
10 45 4
10 46 90
10 47 74
10 48 77
10 49 67
11 12 34
11 13 24
11 14 30
11 15 92
11 16 21
11 17 56
11 18 10
11 19 67
11 20 95
11 21 14
11 22 36
11 23 34
11 24 33
11 25 65
11 26 12
11 27 2
11 28 77
11 29 76
11 30 88
11 31 9
11 32 81
11 33 98
11 34 7
11 35 23
11 36 78
11 37 97
11 38 91
11 39 86
11 40 54
11 41 44
11 42 83
11 43 31
11 44 13
11 45 24
11 46 95
11 47 78
11 48 76
11 49 14
12 13 61
12 14 89
12 15 11
12 16 34
12 17 58
12 18 13
12 19 87
12 20 76
12 21 90
12 22 97
12 23 87
12 24 23
12 25 50
12 26 92
12 27 6
12 28 85
12 29 35
12 30 50
12 31 51
12 32 10
12 33 88
12 34 58
12 35 33
12 36 16
12 37 67
12 38 99
12 39 59
12 40 81
12 41 93
12 42 71
12 43 16
12 44 76
12 45 9
12 46 60
12 47 77
12 48 14
12 49 23
13 14 72
13 15 29
13 16 87
13 17 22
13 18 77
13 19 29
13 20 29
13 21 93
13 22 34
13 23 19
13 24 62
13 25 25
13 26 49
13 27 31
13 28 13
13 29 55
13 30 68
13 31 82
13 32 18
13 33 48
13 34 90
13 35 64
13 36 30
13 37 19
13 38 31
13 39 63
13 40 61
13 41 62
13 42 97
13 43 16
13 44 24
13 45 23
13 46 50
13 47 27
13 48 96
13 49 42
14 15 13
14 16 82
14 17 54
14 18 27
14 19 18
14 20 98
14 21 76
14 22 93
14 23 48
14 24 34
14 25 17
14 26 25
14 27 1
14 28 26
14 29 7
14 30 56
14 31 94
14 32 38
14 33 70
14 34 74
14 35 75
14 36 25
14 37 34
14 38 63
14 39 81
14 40 11
14 41 88
14 42 83
14 43 44
14 44 54
14 45 38
14 46 77
14 47 6
14 48 8
14 49 79
15 16 39
15 17 55
15 18 26
15 19 38
15 20 59
15 21 73
15 22 70
15 23 21
15 24 45
15 25 71
15 26 60
15 27 33
15 28 38
15 29 52
15 30 11
15 31 89
15 32 8
15 33 23
15 34 1
15 35 58
15 36 51
15 37 36
15 38 34
15 39 20
15 40 58
15 41 75
15 42 34
15 43 82
15 44 69
15 45 51
15 46 21
15 47 25
15 48 95
15 49 65
16 17 50
16 18 60
16 19 59
16 20 46
16 21 87
16 22 31
16 23 95
16 24 61
16 25 45
16 26 85
16 27 4
16 28 94
16 29 66
16 30 15
16 31 96
16 32 79
16 33 51
16 34 34
16 35 61
16 36 48
16 37 93
16 38 80
16 39 5
16 40 66
16 41 41
16 42 91
16 43 5
16 44 54
16 45 6
16 46 35
16 47 32
16 48 60
16 49 83
17 18 55
17 19 21
17 20 93
17 21 31
17 22 36
17 23 56
17 24 93
17 25 48
17 26 95
17 27 61
17 28 75
17 29 46
17 30 60
17 31 52
17 32 15
17 33 24
17 34 87
17 35 58
17 36 60
17 37 63
17 38 25
17 39 30
17 40 86
17 41 62
17 42 6
17 43 17
17 44 47
17 45 15
17 46 64
17 47 26
17 48 9
17 49 58
18 19 76
18 20 78
18 21 4
18 22 43
18 23 54
18 24 89
18 25 40
18 26 72
18 27 27
18 28 79
18 29 48
18 30 7
18 31 58
18 32 20
18 33 74
18 34 24
18 35 77
18 36 52
18 37 89
18 38 39
18 39 47
18 40 57
18 41 45
18 42 84
18 43 1
18 44 65
18 45 21
18 46 48
18 47 21
18 48 73
18 49 64
19 20 17
19 21 6
19 22 78
19 23 55
19 24 95
19 25 10
19 26 43
19 27 88
19 28 25
19 29 27
19 30 56
19 31 9
19 32 66
19 33 17
19 34 35
19 35 13
19 36 24
19 37 55
19 38 99
19 39 54
19 40 1
19 41 4
19 42 97
19 43 96
19 44 80
19 45 10
19 46 12
19 47 67
19 48 27
19 49 41
20 21 40
20 22 36
20 23 4
20 24 16
20 25 21
20 26 42
20 27 62
20 28 59
20 29 61
20 30 17
20 31 54
20 32 20
20 33 35
20 34 21
20 35 73
20 36 24
20 37 11
20 38 73
20 39 78
20 40 98
20 41 32
20 42 77
20 43 41
20 44 27
20 45 59
20 46 80
20 47 21
20 48 5
20 49 51
21 22 88
21 23 52
21 24 68
21 25 79
21 26 49
21 27 45
21 28 7
21 29 88
21 30 97
21 31 43
21 32 52
21 33 36
21 34 90
21 35 48
21 36 37
21 37 27
21 38 64
21 39 2
21 40 83
21 41 6
21 42 68
21 43 73
21 44 72
21 45 57
21 46 30
21 47 5
21 48 6
21 49 65
22 23 33
22 24 73
22 25 25
22 26 35
22 27 75
22 28 10
22 29 73
22 30 53
22 31 78
22 32 92
22 33 80
22 34 76
22 35 84
22 36 70
22 37 46
22 38 80
22 39 71
22 40 82
22 41 9
22 42 81
22 43 65
22 44 48
22 45 14
22 46 9
22 47 48
22 48 13
22 49 12
23 24 79
23 25 54
23 26 97
23 27 1
23 28 29
23 29 2
23 30 15
23 31 47
23 32 54
23 33 51
23 34 99
23 35 89
23 36 62
23 37 26
23 38 74
23 39 88
23 40 40
23 41 62
23 42 30
23 43 6
23 44 28
23 45 30
23 46 67
23 47 90
23 48 35
23 49 69
24 25 55
24 26 14
24 27 8
24 28 44
24 29 68
24 30 4
24 31 68
24 32 37
24 33 15
24 34 63
24 35 4
24 36 11
24 37 74
24 38 76
24 39 22
24 40 39
24 41 98
24 42 91
24 43 28
24 44 16
24 45 92
24 46 26
24 47 92
24 48 29
24 49 69
25 26 67
25 27 46
25 28 90
25 29 94
25 30 56
25 31 68
25 32 62
25 33 11
25 34 69
25 35 44
25 36 37
25 37 95
25 38 66
25 39 17
25 40 28
25 41 58
25 42 36
25 43 39
25 44 11
25 45 70
25 46 46
25 47 34
25 48 76
25 49 43
26 27 34
26 28 37
26 29 93
26 30 52
26 31 11
26 32 67
26 33 92
26 34 50
26 35 13
26 36 79
26 37 55
26 38 81
26 39 33
26 40 34
26 41 90
26 42 27
26 43 66
26 44 89
26 45 83
26 46 29
26 47 24
26 48 91
26 49 30
27 28 59
27 29 65
27 30 21
27 31 4
27 32 28
27 33 81
27 34 96
27 35 72
27 36 69
27 37 92
27 38 86
27 39 78
27 40 44
27 41 19
27 42 26
27 43 27
27 44 6
27 45 52
27 46 61
27 47 43
27 48 70
27 49 69
28 29 17
28 30 69
28 31 42
28 32 79
28 33 59
28 34 71
28 35 30
28 36 66
28 37 53
28 38 22
28 39 61
28 40 89
28 41 43
28 42 92
28 43 78
28 44 25
28 45 33
28 46 86
28 47 85
28 48 68
28 49 49
29 30 83
29 31 24
29 32 96
29 33 76
29 34 68
29 35 7
29 36 69
29 37 83
29 38 92
29 39 35
29 40 9
29 41 10
29 42 35
29 43 36
29 44 37
29 45 88
29 46 65
29 47 87
29 48 21
29 49 40
30 31 26
30 32 22
30 33 5
30 34 77
30 35 66
30 36 70
30 37 38
30 38 54
30 39 6
30 40 48
30 41 64
30 42 68
30 43 93
30 44 16
30 45 1
30 46 90
30 47 91
30 48 5
30 49 68
31 32 90
31 33 86
31 34 69
31 35 3
31 36 72
31 37 82
31 38 18
31 39 30
31 40 71
31 41 28
31 42 94
31 43 17
31 44 99
31 45 79
31 46 98
31 47 23
31 48 46
31 49 41
32 33 48
32 34 34
32 35 74
32 36 13
32 37 43
32 38 56
32 39 82
32 40 21
32 41 35
32 42 41
32 43 11
32 44 96
32 45 27
32 46 19
32 47 4
32 48 45
32 49 55
33 34 43
33 35 37
33 36 64
33 37 83
33 38 81
33 39 71
33 40 52
33 41 23
33 42 53
33 43 28
33 44 56
33 45 97
33 46 35
33 47 3
33 48 72
33 49 78
34 35 77
34 36 40
34 37 76
34 38 16
34 39 59
34 40 48
34 41 41
34 42 77
34 43 11
34 44 49
34 45 54
34 46 69
34 47 92
34 48 28
34 49 88
35 36 46
35 37 68
35 38 83
35 39 6
35 40 16
35 41 25
35 42 41
35 43 43
35 44 57
35 45 12
35 46 87
35 47 40
35 48 60
35 49 84
36 37 14
36 38 13
36 39 80
36 40 32
36 41 71
36 42 14
36 43 65
36 44 23
36 45 24
36 46 84
36 47 98
36 48 66
36 49 75
37 38 34
37 39 6
37 40 13
37 41 32
37 42 14
37 43 41
37 44 42
37 45 16
37 46 72
37 47 34
37 48 78
37 49 7
38 39 60
38 40 39
38 41 81
38 42 22
38 43 88
38 44 27
38 45 26
38 46 57
38 47 44
38 48 80
38 49 56
39 40 48
39 41 23
39 42 72
39 43 11
39 44 13
39 45 73
39 46 90
39 47 93
39 48 63
39 49 6
40 41 24
40 42 51
40 43 69
40 44 39
40 45 22
40 46 73
40 47 91
40 48 96
40 49 85
41 42 25
41 43 58
41 44 36
41 45 2
41 46 28
41 47 73
41 48 48
41 49 3
42 43 54
42 44 8
42 45 18
42 46 39
42 47 39
42 48 70
42 49 97
43 44 43
43 45 20
43 46 86
43 47 9
43 48 96
43 49 7
44 45 46
44 46 76
44 47 65
44 48 19
44 49 63
45 46 57
45 47 94
45 48 16
45 49 12
46 47 84
46 48 21
46 49 91
47 48 59
47 49 95
48 49 53
