50
0 5 79.958
0 7 89.795
0 11 61.641
0 32 39.976
0 34 72.018
0 40 22.498
0 48 22.562
1 4 62.307
1 20 23.707
1 26 3.836
1 32 65.740
2 6 34.895
2 13 75.103
2 37 25.578
3 5 31.498
3 11 17.124
3 23 45.848
3 26 91.043
3 28 48.946
3 43 67.495
4 10 81.716
4 21 25.086
4 43 37.727
4 49 78.665
5 19 69.652
5 33 84.658
6 37 27.827
7 27 83.853
7 36 61.879
7 42 79.550
8 31 24.870
8 48 72.732
9 13 38.890
9 26 50.752
9 40 44.865
10 13 7.520
10 17 79.232
10 25 68.746
11 26 49.339
11 30 48.164
12 32 49.461
13 21 76.583
13 31 0.085
13 34 6.143
13 36 64.211
13 49 61.361
14 15 34.202
14 16 80.688
14 27 61.229
14 31 18.186
14 32 13.157
14 37 85.940
14 38 85.003
14 47 89.117
15 27 8.362
15 31 94.906
15 38 46.507
15 40 99.258
15 46 75.307
15 48 68.963
16 20 31.776
16 24 49.165
16 27 5.823
16 39 41.240
16 43 42.094
17 18 8.594
17 36 36.045
17 43 90.213
18 43 43.281
18 47 54.521
19 27 80.325
19 28 63.695
19 31 14.341
19 36 89.969
19 38 74.429
19 44 43.892
19 46 77.389
19 48 85.641
20 22 20.298
20 24 92.657
20 47 86.825
21 24 87.811
21 28 6.568
21 36 14.249
21 37 95.041
23 42 10.047
24 41 1.224
24 42 74.004
24 43 57.225
25 36 55.763
25 37 92.840
25 38 43.788
26 41 63.359
26 46 31.172
27 29 85.571
27 30 67.827
27 45 11.219
30 40 81.875
30 41 36.244
30 48 97.226
31 35 46.492
31 41 69.817
31 46 95.285
32 35 48.500
32 47 14.048
32 49 19.538
33 42 78.976
34 35 89.703
34 48 19.700
37 38 6.720
37 44 78.997
41 44 70.675
42 43 44.566
46 47 81.799
48 49 89.578