50
0 7 98
0 10 34
0 49 44
0 48 1
0 9 27
0 26 94
0 17 96
0 32 76
0 11 67
0 47 30
0 39 48
0 33 7
1 38 92
1 31 58
1 45 22
1 11 40
1 37 42
1 4 99
1 5 20
1 39 6
1 29 41
1 25 45
1 44 72
1 46 96
1 2 12
2 43 5
2 37 34
2 5 80
2 6 42
2 45 58
2 33 16
2 35 28
2 26 15
2 28 94
2 21 63
2 36 5
3 16 92
3 27 82
3 17 3
3 48 91
3 41 94
3 8 95
3 42 54
3 26 9
3 28 65
3 23 66
3 30 86
3 31 92
4 36 20
4 40 86
0 4 14
4 17 55
4 24 96
4 25 4
4 49 86
4 43 74
4 11 42
4 14 36
4 23 72
4 21 25
5 33 10
5 27 99
5 37 38
5 26 63
5 31 45
5 17 41
5 8 62
0 5 23
3 5 4
5 9 55
5 25 53
5 44 74
6 37 10
4 6 41
6 13 47
6 7 81
6 18 12
6 9 47
6 41 42
6 32 22
6 11 1
6 10 77
6 15 99
6 40 29
5 7 35
7 9 50
7 49 22
7 24 31
7 8 78
7 47 69
7 31 63
7 45 36
7 42 23
7 44 16
2 7 47
7 28 51
8 47 80
8 48 41
8 20 10
8 14 54
8 16 31
8 46 58
8 29 19
8 45 31
0 8 44
8 34 89
6 8 85
8 42 1
3 9 22
9 42 61
9 44 24
9 45 92
9 13 53
9 15 77
9 39 39
9 18 32
9 19 38
9 41 5
9 16 42
9 30 19
3 10 71
5 10 79
10 45 3
10 31 47
10 14 97
10 42 88
10 33 5
10 43 35
10 18 61
10 41 72
10 22 29
10 44 92
11 21 21
11 47 61
11 22 8
11 25 26
11 15 33
11 16 37
2 11 21
11 37 92
11 49 90
11 41 59
11 13 74
7 11 75
12 39 38
2 12 70
3 12 80
12 25 89
12 37 40
12 41 32
12 35 81
12 16 27
5 12 35
12 48 86
12 27 71
12 20 27
13 38 57
13 24 72
0 13 54
13 16 11
13 32 70
1 13 7
13 43 13
13 33 64
4 13 82
13 39 20
13 23 48
13 45 71
2 14 90
14 34 83
7 14 12
14 15 93
0 14 67
3 14 83
14 42 48
14 25 68
14 48 62
14 35 23
14 30 9
14 32 41
10 15 98
15 45 94
15 41 89
15 24 14
7 15 64
15 27 73
15 42 42
15 31 4
15 18 70
15 39 86
15 19 16
15 43 57
7 16 19
10 16 88
16 42 57
1 16 49
16 36 89
16 31 91
16 32 38
0 16 64
2 16 7
16 43 46
16 29 26
16 41 53
17 38 41
17 42 64
17 36 60
17 33 21
17 25 97
17 30 12
17 39 98
17 20 89
16 17 10
17 34 35
17 40 6
17 44 87
18 28 9
18 37 47
18 49 55
18 47 80
18 30 87
14 18 56
18 19 27
13 18 75
18 26 33
18 42 26
4 18 43
18 43 13
19 46 17
19 29 29
5 19 5
19 26 5
12 19 17
7 19 58
19 40 39
19 49 42
19 33 89
19 42 14
2 19 89
10 19 77
20 49 29
20 47 36
20 43 78
20 31 10
20 27 69
2 20 86
9 20 62
20 45 73
20 34 26
14 20 9
20 30 39
20 29 94
21 31 19
21 49 92
14 21 73
6 21 86
21 25 5
21 33 40
21 26 54
21 24 57
21 35 43
21 43 22
21 40 73
21 32 67
8 22 71
7 22 97
18 22 94
22 47 91
22 31 43
22 33 97
22 29 38
0 22 34
2 22 54
22 45 43
22 41 86
12 22 84
23 34 49
6 23 98
23 29 60
19 23 68
18 23 91
23 36 3
23 43 4
17 23 83
23 46 63
23 37 35
23 49 51
21 23 43
24 43 25
24 34 9
24 44 12
23 24 96
24 36 21
24 29 40
19 24 30
24 40 63
8 24 66
6 24 98
24 41 80
24 27 11
25 33 99
23 25 80
25 29 57
25 42 33
25 34 68
25 49 38
25 36 55
25 44 28
25 31 70
0 25 9
25 39 69
25 45 52
1 26 99
12 26 21
26 39 94
6 26 78
20 26 65
23 26 68
14 26 87
22 26 28
26 41 49
26 28 79
26 36 22
26 43 19
27 33 30
11 27 45
25 27 77
27 47 69
27 34 61
7 27 25
27 35 65
23 27 1
22 27 73
4 27 71
16 27 70
27 39 74
28 30 57
21 28 50
15 28 3
28 34 69
1 28 2
13 28 19
28 35 83
28 45 48
19 28 70
28 49 90
10 28 22
28 36 22
0 29 88
4 29 29
29 35 67
18 29 65
29 43 85
29 31 10
13 29 26
10 29 20
29 46 76
29 38 38
29 39 22
29 40 69
30 40 96
1 30 85
25 30 60
30 44 30
30 31 3
30 32 61
30 48 4
16 30 80
30 47 50
30 34 9
30 37 49
30 42 33
31 35 83
31 43 17
4 31 72
9 31 70
31 44 33
31 37 64
31 32 5
0 31 69
12 31 14
18 31 22
31 49 45
26 31 49
32 35 50
32 48 86
9 32 1
12 32 29
17 32 96
8 32 42
32 33 24
27 32 72
32 47 33
32 44 80
32 49 76
1 32 88
11 33 41
33 49 31
33 37 72
31 33 60
1 33 75
30 33 50
26 33 33
33 41 4
33 34 96
6 33 40
33 45 60
33 35 4
13 34 25
29 34 10
18 34 14
31 34 11
34 48 93
12 34 40
21 34 44
34 46 95
34 45 87
15 34 29
34 40 65
0 34 55
13 35 97
18 35 56
5 35 86
35 43 79
23 35 6
35 44 13
35 47 73
35 40 26
35 45 80
35 36 47
35 48 72
16 35 70
1 36 66
8 36 17
7 36 1
33 36 84
29 36 20
36 47 42
36 40 71
0 36 49
22 36 40
21 36 99
36 49 19
30 36 3
34 37 56
37 42 32
27 37 87
37 47 79
7 37 26
10 37 78
0 37 36
37 45 20
21 37 47
20 37 9
32 37 20
17 37 65
21 38 98
20 38 10
38 46 41
38 42 99
14 38 95
3 38 81
27 38 41
12 38 25
9 38 70
38 41 50
23 38 92
2 38 33
20 39 85
39 44 74
39 42 68
39 48 86
16 39 93
35 39 99
19 39 82
24 39 72
38 39 23
6 39 14
10 39 76
39 40 99
11 40 43
40 41 95
40 44 76
0 40 96
8 40 37
13 40 31
40 49 5
23 40 45
40 47 6
20 40 66
31 40 12
37 40 92
41 42 29
32 41 68
41 48 99
1 41 77
31 41 95
27 41 62
2 41 90
21 41 26
41 46 84
23 41 66
41 44 36
7 41 43
42 47 60
0 42 80
2 42 2
22 42 96
29 42 3
5 42 15
27 42 25
42 44 24
32 42 14
24 42 7
6 42 7
42 48 52
43 48 50
17 43 54
41 43 38
27 43 53
33 43 47
0 43 57
9 43 86
43 49 11
38 43 69
43 45 86
1 43 54
8 43 42
44 48 16
6 44 37
18 44 93
38 44 99
26 44 57
34 44 38
11 44 22
2 44 19
4 44 43
12 44 40
33 44 27
8 44 96
44 45 50
23 45 48
16 45 56
17 45 8
5 45 99
6 45 78
0 45 26
42 45 45
40 45 43
32 45 80
4 45 60
29 45 29
2 46 37
17 46 44
11 46 91
5 46 30
35 46 78
15 46 31
0 46 2
6 46 11
44 46 1
16 46 81
37 46 83
21 46 22
26 47 76
1 47 36
31 47 31
29 47 92
21 47 68
47 48 89
25 47 57
38 47 93
33 47 7
3 47 36
15 47 62
34 47 38
38 48 19
31 48 19
46 48 98
19 48 86
23 48 58
1 48 61
24 48 73
33 48 27
29 48 87
15 48 60
37 48 86
28 48 54
13 49 49
37 49 65
45 49 59
9 49 39
39 49 51
26 49 43
5 49 60
15 49 71
10 49 83
42 49 30
27 49 94
35 49 32
