50
0 3 1
0 33 22
1 3 1
1 38 5
2 3 4
2 4 74
2 11 88
2 19 12
2 22 3
2 23 90
2 27 26
2 28 1
2 30 14
2 38 19
2 47 1
3 4 8
3 5 1
3 6 8
3 7 10
3 8 1
3 10 1
3 12 62
3 15 1
3 24 99
3 27 21
3 39 1
3 42 1
4 8 1
4 12 13
4 13 1
4 16 4
4 17 14
4 29 1
4 32 6
4 40 39
4 41 1
4 46 13
5 13 65
6 11 50
6 40 80
7 18 19
7 21 1
7 34 2
8 35 27
9 17 2
9 32 1
9 35 7
9 41 1
10 16 1
10 20 2
10 39 1
10 48 17
11 12 1
11 30 1
11 34 33
11 44 3
12 28 3
13 14 52
13 19 3
14 15 16
14 18 1
16 20 1
16 21 1
16 22 25
16 23 76
16 24 3
16 25 2
16 48 20
17 28 1
19 25 56
19 26 55
20 37 1
21 35 47
21 43 1
21 47 42
22 31 1
23 32 4
23 42 1
24 39 1
25 45 16
27 31 1
28 30 1
28 44 98
30 37 22
30 43 3
31 36 1
32 45 30
32 49 2
33 41 33
35 45 83
38 48 4
40 46 1
45 49 4
