50
0 45 59
0 12 76
0 15 56
0 22 81
0 4 91
0 38 78
0 27 73
0 31 93
0 42 99
0 29 16
0 36 34
0 25 40
0 41 91
0 34 71
0 39 36
0 30 1
0 43 22
0 6 20
0 24 93
0 33 92
0 21 85
0 1 35
0 5 8
0 7 84
0 44 28
0 26 63
0 40 58
0 17 76
0 32 94
0 37 6
0 11 52
1 15 90
1 3 36
1 14 16
1 24 76
1 2 99
1 11 81
1 27 41
1 26 18
1 18 11
1 12 57
1 9 76
1 6 53
1 44 9
1 48 5
1 5 66
1 34 1
1 4 71
1 46 17
1 39 86
2 14 14
2 13 21
2 45 31
2 26 94
2 8 81
2 29 47
2 41 53
2 47 60
2 11 24
2 3 16
2 4 72
2 21 60
2 7 13
2 16 41
2 28 49
2 39 96
2 19 41
2 22 26
2 5 83
2 35 80
2 6 37
2 37 50
2 46 95
2 43 46
2 34 79
2 20 53
2 18 93
2 24 41
2 40 36
3 22 18
3 23 1
3 40 43
3 26 34
3 16 19
3 6 69
3 49 38
3 38 46
3 35 33
3 44 96
3 7 87
3 18 60
3 13 57
3 37 71
3 10 60
3 43 18
3 42 1
3 11 24
3 17 55
3 48 23
3 29 79
3 25 94
3 30 40
3 12 23
3 21 27
3 32 6
3 46 49
3 14 13
3 45 80
3 9 87
3 33 94
3 15 5
3 41 20
3 19 4
3 5 76
3 24 15
4 45 92
4 10 68
4 33 24
4 13 8
4 37 36
4 34 38
4 18 64
4 16 61
4 49 51
4 24 6
4 20 40
4 15 71
5 34 36
5 36 3
5 32 42
5 17 35
5 39 98
5 8 4
5 23 25
5 25 76
5 15 17
5 45 6
5 29 91
5 9 74
5 43 73
5 14 87
5 18 60
5 19 80
5 40 69
5 47 52
5 28 25
5 20 20
5 30 48
5 26 59
5 37 88
5 6 42
5 48 72
5 38 22
6 40 82
6 10 16
6 42 95
6 49 47
6 33 56
6 14 4
6 41 80
6 16 60
6 23 62
6 12 74
6 44 30
6 15 94
6 36 35
6 31 98
6 24 82
6 38 62
6 30 66
6 27 41
6 19 44
6 9 48
6 11 35
6 39 87
6 20 6
6 48 48
7 37 32
7 8 50
7 19 16
7 46 9
7 39 9
7 35 73
7 20 82
7 34 12
7 17 94
7 41 52
7 21 15
7 48 38
7 16 44
7 18 51
8 41 50
8 46 39
8 23 43
8 30 13
8 47 91
8 42 55
8 26 11
8 27 17
8 15 28
8 10 93
8 45 45
8 33 67
8 28 63
8 13 75
8 9 34
8 20 31
8 29 15
8 36 9
9 28 88
9 46 83
10 41 94
10 24 2
10 43 36
10 33 49
10 40 45
10 32 42
10 25 64
10 28 70
10 45 8
10 21 70
10 39 68
10 22 43
10 16 66
10 19 62
10 23 83
10 15 51
10 30 50
10 26 75
10 27 24
10 46 17
10 48 66
10 38 41
10 31 87
10 11 35
10 42 74
10 36 49
10 49 52
10 44 52
11 46 98
11 15 45
11 25 35
11 12 66
11 22 3
12 37 46
12 40 87
12 45 58
12 28 11
12 47 54
12 23 91
12 29 48
12 38 96
12 19 3
12 36 4
12 39 81
12 30 91
12 33 86
12 49 48
12 15 51
12 26 94
12 31 25
12 42 53
12 41 92
12 32 98
12 34 26
12 18 39
12 22 37
12 44 57
12 17 85
12 16 91
13 27 53
13 41 67
13 42 75
13 45 10
13 20 31
13 19 53
13 40 20
13 14 58
13 49 73
13 35 10
14 32 33
14 21 46
14 40 95
14 20 79
14 35 18
14 18 74
14 23 50
14 37 16
14 39 34
14 42 42
14 45 88
14 44 84
14 34 13
14 15 42
14 38 1
14 33 51
14 30 87
14 31 54
14 46 59
14 24 64
14 19 89
14 22 1
14 48 2
14 47 79
15 26 16
15 23 49
15 35 9
15 42 68
15 38 34
15 32 36
15 25 73
15 47 91
15 28 1
15 27 98
15 21 57
15 31 95
15 43 47
15 24 12
15 17 89
15 40 2
15 34 40
15 41 10
15 37 64
15 44 39
15 45 73
16 41 80
16 49 18
16 44 46
16 40 72
16 36 64
16 47 3
16 45 55
16 39 24
16 31 86
17 39 65
17 35 19
17 42 76
17 36 48
17 46 24
17 49 88
17 26 89
17 44 20
17 34 48
17 25 2
17 29 28
17 43 25
17 47 12
17 48 54
17 27 1
17 40 80
17 45 71
17 24 2
17 30 87
17 31 69
17 38 11
17 20 20
17 41 65
17 33 30
17 21 48
17 28 2
17 32 9
18 26 14
18 35 16
18 38 75
18 24 85
18 37 32
18 25 77
18 22 43
18 30 21
18 33 73
18 45 98
18 20 39
18 34 49
18 40 43
18 23 42
18 19 46
18 48 90
18 39 82
18 32 1
18 27 10
18 43 3
18 28 34
18 46 67
18 21 91
19 36 52
19 35 35
20 35 85
20 47 3
20 46 75
20 29 97
20 45 50
20 23 75
20 27 51
20 25 9
20 39 48
21 37 8
21 31 29
21 32 17
21 29 51
21 38 82
21 22 21
22 30 40
22 28 47
22 49 50
22 27 23
22 47 25
23 45 5
23 33 63
23 42 98
23 35 37
23 41 22
23 44 31
23 43 27
23 29 26
23 39 98
23 40 83
23 38 47
23 30 66
23 31 46
23 26 81
23 48 84
23 36 18
23 27 77
24 46 36
24 44 12
24 38 7
24 30 39
24 45 38
25 30 18
25 48 77
25 34 98
25 45 55
25 49 61
25 36 25
25 39 82
25 35 76
25 37 38
25 41 14
25 44 66
25 28 11
25 43 49
25 31 48
25 46 15
25 29 65
26 49 2
26 32 73
26 41 57
26 28 5
26 46 15
26 44 78
26 34 7
26 35 84
26 38 31
26 40 43
26 39 16
26 36 20
26 45 50
27 43 45
27 34 97
27 32 32
27 30 81
27 41 6
28 42 79
28 45 63
28 37 77
28 29 19
28 44 74
28 30 76
28 31 61
28 41 33
28 47 38
28 46 16
28 39 51
28 33 90
28 48 87
28 34 49
28 38 33
28 43 35
29 31 85
29 46 90
29 38 16
29 30 61
30 41 97
31 34 19
31 45 70
32 35 56
32 48 16
32 46 38
32 33 38
32 49 22
32 40 12
32 47 84
32 45 7
32 42 50
33 42 29
33 35 47
33 41 54
33 40 40
33 44 79
33 46 12
33 49 41
33 47 33
33 45 69
33 34 58
33 38 1
33 39 98
33 36 22
33 43 99
34 44 78
34 48 45
34 40 42
34 41 91
34 49 59
34 36 92
34 35 33
34 45 86
34 39 93
34 46 61
35 47 11
35 39 41
35 45 99
35 49 15
35 48 36
35 37 9
35 44 55
35 38 63
35 40 70
35 41 73
35 46 22
36 45 86
36 41 85
36 38 59
36 42 45
36 47 96
36 49 66
37 40 33
37 47 42
37 42 22
37 41 50
37 44 95
37 45 1
37 46 29
37 39 23
38 47 78
38 48 44
38 43 25
38 44 63
38 40 91
38 49 71
38 42 86
38 45 95
39 45 55
39 48 18
39 47 76
39 42 77
39 46 21
39 44 49
40 41 85
40 44 69
40 48 62
40 45 76
40 43 45
40 46 54
40 42 75
41 48 57
41 42 99
41 44 99
41 46 68
41 45 94
42 43 7
43 49 86
43 44 91
44 45 63
44 49 48
45 48 23
45 46 79
46 48 61
46 47 34
46 49 26
47 48 93
47 49 54
48 49 28
