50
0 1 0.724
1 2 0.577
2 3 0.246
3 4 0.744
4 5 0.047
5 6 0.552
6 7 0.893
7 8 0.105
8 9 0.971
9 10 0.47
10 11 2.397
11 12 1.872
12 13 0.397
13 14 1.314
14 15 2.812
15 16 1.274
16 17 2.124
17 18 0.054
18 19 0.907
19 20 2.495
20 21 0.305
21 22 0.153
22 23 0.447
23 24 2.427
24 25 0.719
25 26 1.58
26 27 0.311
27 28 1.548
28 29 1.077
29 30 0.109
30 31 0.372
31 32 2.707
32 33 2.788
33 34 0.067
34 35 3.878
35 36 2.616
36 37 0.947
37 38 0.661
38 39 2.812
39 40 0.617
40 41 0.489
41 42 0.08
42 43 1.455
43 44 0.574
44 45 0.221
45 46 0.423
46 47 1.827
47 48 0.075
48 49 1.251
29 15 2.088
30 46 1.348
31 36 0.942
22 1 0.228
35 2 0.266
18 47 0.703
49 15 1.153
35 21 2.6
7 29 0.139
6 34 1.754
15 25 0.601
44 4 0.188
47 44 1.549
34 30 1.31
18 5 0.076
39 1 2.318
48 28 0.594
10 25 1.163
23 40 0.57
22 17 0.228
13 40 1.283
16 46 0.354
7 12 0.753
5 44 0.305
39 8 1.573
0 3 1.5
14 24 3.633
40 3 0.019
17 13 1.823
30 25 0.991
29 22 1.694
30 6 0.092
16 41 0.039
38 4 0.568
35 9 1.586
19 17 0.424
32 46 0.253
14 45 0.227
22 36 0.665
4 29 0.243
0 16 0.151
49 38 0.244
10 28 0.026
19 27 0.029
36 19 1.058
36 4 0.416
7 45 0.135
27 25 0.939
26 1 0.557
31 41 1.154
0 6 0.34
13 41 2.311
13 10 0.146
23 25 5.749
12 37 0.518
40 18 1.798
32 21 0.537
25 40 0.564
35 5 0.339
24 4 2.708
8 14 0.627
48 16 1.036
6 16 0.893
22 5 0.408
11 15 0.174
26 9 0.818
11 1 1.338
27 16 0.465
24 43 0.021
17 21 1.11
13 6 2.54
38 26 2.858
