50
1 5 2.0
1 7 2.0
7 9 2.0
9 17 2.0
17 24 5.0
0 1 4.0
1 2 18.0
3 9 52.0
4 9 13.0
7 8 21.0
5 6 2.0
5 10 3.0
7 11 45.0
7 12 34.0
9 13 53.0
9 14 4.0
15 17 43.0
16 17 34.0
17 18 3.0
17 19 7.0
17 20 5.0
21 17 54.0
22 24 6.0
23 24 5.0
24 36 2.0
36 28 2.0
36 44 2.0
44 31 2.0
36 48 4.0
25 36 44.0
26 36 53.0
27 28 5.0
29 48 23.0
30 31 4.0
32 31 76.0
32 44 6.0
33 44 5.0
34 36 3.0
34 44 76.0
35 36 6.0
37 48 5.0
38 28 54.0
38 48 4.0
39 28 45.0
39 48 5.0
40 31 5.0
41 31 7.0
42 31 86.0
42 44 7.0
43 44 7.0
45 44 26.0
45 36 86.0
46 44 66.0
46 36 6.0
47 48 53.0
47 44 7.0
49 48 3.0
19 28 2.0