50
0 42 79.478
0 41 66.772
0 19 2.933
0 20 23.977
0 2 5.488
1 14 27.532
1 38 56.009
1 19 53.585
1 25 95.766
1 43 48.935
2 38 60.08
2 3 7.845
2 49 45.5
2 1 28.482
2 0 96.909
3 4 48.564
3 16 17.027
3 40 6.029
3 39 80.734
3 47 69.342
4 38 44.539
4 16 41.446
4 46 60.406
4 37 82.498
4 30 11.905
5 22 37.643
5 16 92.796
5 46 78.466
5 45 70.539
5 33 59.786
6 48 79.563
6 45 5.835
6 31 44.045
6 44 85.097
6 38 66.462
7 43 17.287
7 15 77.232
7 18 68.078
7 1 65.703
7 4 67.21
8 12 16.147
8 37 44.997
8 30 73.974
8 19 9.272
8 8 90.378
9 45 10.387
9 16 19.775
9 46 52.763
9 27 47.531
9 25 3.182
10 14 51.755
10 4 14.881
10 8 23.804
10 6 56.834
10 28 9.831
11 10 44.012
11 30 38.748
11 32 37.268
11 17 99.552
11 12 45.171
12 45 45.332
12 11 27.741
12 27 97.979
12 33 2.527
12 0 60.078
13 32 13.655
13 35 74.737
13 43 94.236
13 28 57.464
13 15 55.496
14 30 36.592
14 14 90.499
14 46 80.801
14 16 74.674
14 32 75.49
15 2 32.886
15 18 14.424
15 28 70.383
15 39 33.705
15 0 6.239
16 40 69.64
16 27 29.164
16 36 65.932
16 11 12.619
16 22 42.46
17 46 27.415
17 30 48.057
17 25 55.012
17 19 15.124
17 26 15.324
18 8 53.786
18 28 27.462
18 33 26.932
18 13 88.017
18 38 85.165
19 16 1.934
19 13 26.194
19 18 16.078
19 31 63.726
19 2 8.582
20 27 47.296
20 2 49.438
20 39 90.169
20 36 40.045
20 6 56.991
21 1 68.058
21 7 61.063
21 42 21.058
21 20 33.206
21 43 5.933
22 24 75.343
22 28 94.439
22 15 27.759
22 25 96.083
22 37 34.919
23 13 88.043
23 29 68.537
23 40 61.755
23 42 33.815
23 41 96.914
24 4 72.667
24 21 18.944
24 2 93.882
24 16 50.468
24 13 90.513
25 26 34.688
25 9 49.134
25 24 46.578
25 33 93.419
25 6 75.666
26 17 77.028
26 10 68.207
26 47 94.171
26 13 78.879
26 44 40.965
27 24 56.515
27 18 15.162
27 14 82.775
27 1 11.99
27 25 67.803
28 6 37.835
28 33 0.285
28 34 50.335
28 19 24.696
28 10 80.393
29 22 98.913
29 0 22.217
29 38 68.617
29 23 83.559
29 24 27.21
30 38 1.621
30 21 58.116
30 17 77.329
30 22 1.009
30 11 74.416
31 9 20.289
31 6 97.383
31 38 9.445
31 13 5.216
31 44 93.051
32 1 69.664
32 28 79.304
32 22 37.758
32 29 67.509
32 30 82.697
33 32 75.839
33 11 28.04
33 46 13.703
33 3 24.587
33 16 59.411
34 16 14.904
34 23 87.027
34 1 54.549
34 32 60.546
34 2 40.305
35 25 98.785
35 1 31.841
35 39 36.678
35 20 69.304
35 29 35.36
36 32 83.549
36 23 32.705
36 26 83.361
36 27 1.83
36 34 7.457
37 7 25.282
37 22 88.431
37 40 61.575
37 28 45.791
37 14 47.95
38 42 79.201
38 32 96.242
38 27 46.862
38 38 56.562
38 26 63.005
39 14 29.804
39 34 55.885
39 21 64.677
39 49 91.656
39 10 90.46
40 7 1.548
40 34 46.372
40 12 54.904
40 28 67.21
40 4 90.02
41 1 61.995
41 25 61.232
41 44 12.562
41 47 37.114
41 40 86.835
42 11 1.74
42 20 84.372
42 49 80.616
42 23 59.145
42 19 51.238
43 42 13.612
43 40 54.049
43 36 45.825
43 19 96.814
43 39 35.197
44 3 51.449
44 26 85.534
44 34 28.918
44 17 90.871
44 7 90.076
45 4 6.923
45 18 85.413
45 31 11.044
45 11 9.214
45 12 32.984
46 38 62.385
46 18 25.116
46 49 24.036
46 43 69.569
46 4 65.049
47 35 81.326
47 9 60.178
47 0 43.624
47 2 62.554
47 10 49.277
48 18 77.647
48 45 51.401
48 17 44.155
48 15 5.092
48 24 20.901
49 44 87.306
49 27 36.606
49 7 18.616
49 0 70.346
49 18 67.903
