50
0 4 99
0 14 70
0 15 10
0 28 25
0 31 51
0 32 46
0 33 89
0 46 24
0 47 73
1 6 63
1 30 72
1 33 61
2 6 69
2 19 93
2 34 83
2 48 72
3 10 47
3 20 99
3 25 74
4 17 70
4 21 15
4 32 11
4 37 5
5 10 70
5 44 17
6 9 82
6 20 12
6 22 41
6 25 18
6 30 56
6 38 53
6 39 69
6 48 1
7 10 23
7 18 74
7 31 98
7 40 31
8 18 85
8 34 60
8 37 86
8 44 73
8 46 16
8 48 94
9 12 1
9 33 57
9 34 34
9 43 9
10 12 48
10 18 5
10 19 17
10 20 56
10 26 19
10 29 96
10 30 40
10 46 62
10 47 71
11 18 44
11 28 68
11 30 80
11 41 90
11 48 35
11 49 60
12 18 81
12 20 76
12 23 90
12 24 29
12 35 16
12 44 62
13 16 26
13 26 87
13 41 89
14 16 73
14 30 37
15 16 11
15 19 12
15 25 41
15 34 90
15 35 24
15 38 55
16 24 46
16 31 80
16 42 84
17 22 43
17 27 63
17 42 95
18 19 81
18 29 59
18 42 40
19 23 78
19 24 62
19 26 6
20 32 77
20 41 42
20 48 21
21 47 90
21 49 87
22 23 80
22 41 20
22 44 24
23 41 79
23 42 31
23 46 53
24 30 2
24 43 77
24 44 11
24 49 75
25 38 3
26 37 28
26 38 55
26 39 89
26 40 30
26 44 94
27 29 31
27 30 65
27 32 59
27 35 70
27 36 58
27 46 54
28 31 21
28 38 73
28 40 33
28 46 85
29 43 11
30 44 39
31 36 59
31 47 95
31 49 75
32 40 74
33 34 12
34 39 36
35 45 48
36 37 15
36 44 24
37 45 70
38 42 40
39 44 3
39 45 56
39 46 12
39 47 14
40 41 8
41 45 33