50
0 18 36.42
0 25 9.159
0 7 98.682
0 1 12.294
0 13 44.653
0 20 28.541
0 27 35.935
0 16 59.065
0 38 40.357
0 2 90.591
0 21 31.621
0 3 1.192
1 16 39.664
1 27 12.656
1 43 52.31
1 20 99.343
1 2 16.529
1 31 24.315
1 9 62.654
2 13 78.992
2 37 95.786
2 49 31.634
2 16 59.353
2 32 36.342
2 26 25.804
2 31 60.711
2 47 41.888
2 15 98.162
2 27 45.629
2 5 91.302
2 6 8.884
3 42 78.505
3 8 17.268
3 35 86.832
3 9 3.92
3 37 1.316
3 26 98.134
3 27 32.41
3 7 13.948
3 20 24.008
4 23 90.779
4 14 60.338
4 43 5.531
5 15 80.11
5 14 81.272
5 10 5.575
5 36 69.757
5 40 88.033
5 30 15.139
5 8 32.42
5 22 33.336
5 1 6.723
5 31 51.164
6 34 74.832
6 8 54.698
6 1 56.496
6 33 38.214
6 13 86.131
6 29 98.12
6 11 39.521
6 35 24.768
7 36 82.219
7 35 75.708
7 46 38.873
7 37 90.901
7 11 85.789
7 10 90.605
7 34 76.924
8 23 16.327
8 14 74.432
8 4 79.121
8 2 81.454
8 13 14.47
8 45 8.462
8 11 3.591
8 18 67.076
8 17 76.992
8 33 29.713
8 10 61.318
8 39 54.118
9 13 11.762
9 16 90.255
9 38 98.356
9 44 42.638
9 33 53.374
9 7 53.915
10 9 95.556
10 11 39.079
10 43 87.469
10 44 95.347
10 46 94.414
10 14 40.473
11 31 17.145
11 30 9.369
11 40 41.911
11 39 25.36
11 1 67.071
11 3 68.098
11 27 8.686
11 15 57.355
11 9 63.586
11 42 84.826
12 4 13.68
13 7 1.41
13 27 45.28
13 1 5.761
13 42 6.286
13 11 44.669
13 21 43.104
13 44 6.131
13 49 48.215
13 31 25.391
13 26 45.621
14 48 20.264
14 19 10.242
14 34 1.732
14 49 79.735
14 16 54.535
14 29 79.176
14 40 30.547
15 39 6.484
15 9 85.266
15 3 83.766
15 12 61.279
15 31 14.776
15 14 62.442
16 34 26.879
16 25 53.934
16 40 33.61
16 32 61.914
16 7 43.099
16 29 77.201
16 24 97.54
17 12 5.429
17 5 47.07
17 35 52.537
17 4 11.472
17 40 72.528
17 34 19.964
17 22 19.456
17 19 42.747
17 23 52.018
17 28 73.774
17 26 62.862
18 17 86.592
18 32 96.288
18 12 26.339
18 33 93.684
18 44 43.475
18 37 12.421
18 43 24.992
18 1 47.923
18 15 31.86
18 46 67.556
18 24 74.26
18 23 93.609
18 21 99.291
19 46 56.924
19 29 43.446
19 2 60.616
19 36 5.443
19 41 71.089
19 28 5.555
19 31 34.639
19 6 70.474
19 11 23.452
19 34 67.348
20 2 67.258
20 23 34.337
20 24 71.73
20 46 94.248
20 41 56.677
20 30 72.405
20 7 42.041
20 18 68.086
20 10 84.464
20 38 92.81
20 25 11.357
21 19 76.114
21 3 23.176
21 4 11.118
21 49 82.618
22 39 1.983
22 42 92.709
22 26 24.186
22 15 2.417
22 25 1.585
22 28 78.799
22 36 46.89
22 14 22.517
22 34 93.31
23 24 33.146
23 21 79.294
23 29 0.423
23 14 7.982
23 27 96.901
23 34 39.169
23 9 85.754
23 38 52.786
23 42 40.613
23 0 32.341
23 19 80.971
23 26 90.31
24 21 24.679
24 26 30.964
24 14 81.9
25 18 66.091
25 37 2.631
25 2 55.053
25 10 3.113
25 21 67.803
25 9 24.928
25 23 27.513
25 47 41.145
25 7 38.961
25 45 98.279
25 36 41.511
25 35 86.232
25 28 9.028
26 28 7.135
26 0 62.98
26 36 72.534
26 10 9.735
26 43 52.542
27 24 54.578
27 26 19.637
27 40 91.498
27 16 50.605
27 49 30.853
27 33 45.559
27 45 56.807
27 34 88.104
27 43 67.629
27 31 7.607
27 30 40.367
27 10 52.822
27 47 13.395
28 47 29.418
28 18 34.118
28 30 14.553
29 2 46.593
29 0 9.233
29 38 99.55
29 47 95.692
29 35 33.21
29 1 57.444
29 4 9.314
29 20 26.855
29 10 44.285
30 25 95.481
30 37 67.13
30 31 84.314
30 9 36.213
30 43 79.551
30 26 65.496
30 4 30.417
30 12 73.742
30 36 21.895
30 24 43.037
31 4 64.992
31 7 62.869
31 34 70.468
31 48 98.026
31 37 25.646
31 33 49.078
31 6 50.685
31 0 52.874
31 42 60.914
32 20 1.354
32 25 14.68
32 29 94.238
32 35 27.783
32 8 31.019
33 36 34.093
33 17 95.439
33 32 16.966
33 7 61.874
33 3 46.013
33 21 82.388
33 16 22.06
33 22 94.959
33 35 66.935
33 47 61.521
33 5 66.747
33 43 47.446
33 26 58.046
34 5 74.131
34 33 31.108
34 11 13.506
34 42 39.198
34 37 92.245
34 1 92.838
34 15 91.582
34 20 85.563
34 8 26.189
34 44 37.885
35 39 31.876
35 4 92.127
35 40 39.958
35 30 99.596
35 28 67.693
36 27 56.315
36 12 78.301
36 0 0.001
36 24 55.639
36 16 44.517
36 13 14.329
36 44 72.461
37 26 92.332
37 41 7.57
37 19 77.936
37 33 64.297
37 22 64.885
37 24 85.14
37 17 22.774
37 12 43.82
37 9 18.366
37 36 21.29
37 47 21.184
38 34 11.719
38 15 86.256
38 3 32.915
38 41 29.365
38 30 4.67
38 14 87.665
38 25 0.456
38 26 83.512
38 22 49.888
38 46 36.726
38 16 22.003
39 18 12.87
39 30 60.42
39 29 44.37
39 34 91.873
39 28 75.156
39 40 86.877
39 27 73.049
40 43 34.854
40 49 28.648
40 37 77.299
40 9 48.637
40 8 11.225
40 30 8.433
40 22 43.207
40 10 60.017
40 47 32.257
40 0 81.954
41 40 35.612
41 36 73.568
41 48 90.485
41 34 75.733
41 14 27.183
41 10 3.551
41 22 23.951
41 2 93.198
42 19 73.963
42 25 55.771
42 47 89.509
42 37 97.926
42 14 57.906
42 20 15.632
42 4 40.641
42 24 85.758
43 46 90.077
43 14 64.244
44 16 64.399
44 2 82.35
44 26 1.299
44 32 79.482
44 15 65.633
44 30 92.719
44 28 91.798
44 7 95.505
44 11 67.018
44 39 8.739
45 38 35.61
45 11 31.28
45 31 55.376
45 13 58.284
45 40 3.286
45 42 58.334
45 4 34.148
46 6 13.197
46 35 55.615
46 3 85.445
46 49 74.553
46 16 70.206
46 22 63.909
46 14 54.009
46 45 9.574
47 34 21.433
47 20 62.821
47 43 17.43
47 1 75.944
47 10 28.901
47 32 15.398
47 46 29.348
47 30 2.197
47 44 49.708
48 46 13.429
48 34 55.533
48 15 24.921
48 12 83.403
48 33 80.367
48 43 37.035
48 26 82.36
48 9 35.476
48 19 23.327
48 17 31.858
49 45 97.545
49 4 44.225
49 43 75.059
49 33 61.161
49 7 66.501
