49 
0 2 99
0 1 40
0 3 40
0 7 1
0 42 1
1 2 99
1 45 99
2 5 99
2 3 99
2 4 99
2 6 99
2 9 2
2 44 2
3 8 99
4 5 40
5 6 40
7 9 99
7 8 40
7 10 40
7 14 1
8 9 99
9 12 99
9 10 99
9 11 99
9 13 99
9 16 2
10 15 99
11 12 40
12 13 40
14 16 99
14 15 40
14 17 40
14 21 1
15 16 99
16 19 99
16 17 99
16 18 99
16 20 99
16 23 2
17 22 99
18 19 40
19 20 40
21 23 99
21 22 40
21 24 40
21 28 1
22 23 99
23 26 99
23 24 99
23 25 99
23 27 99
23 30 2
24 29 99
25 26 40
26 27 40
28 30 99
28 29 40
28 31 40
28 35 1
29 30 99
30 33 99
30 31 99
30 32 99
30 34 99
30 37 2
31 36 99
32 33 40
33 34 40
35 37 99
35 36 40
35 38 40
35 42 1
36 37 99
37 40 99
37 38 99
37 39 99
37 41 99
37 44 2
38 43 99
39 40 40
40 41 40
42 44 99
42 43 40
42 45 40
43 44 99
44 47 99
44 45 99
44 46 99
44 48 99
46 47 40
47 48 40
