50
1 0 59.76
2 0 34.47
3 0 0.14
4 0 34.64
5 0 82.31
6 0 42.34
7 0 57.98
8 0 16.17
9 0 42.76
10 0 36.81
11 0 13.85
12 0 24.63
13 0 9.43
14 0 86.86
15 0 50.28
16 0 51.52
17 0 77.2
18 0 69.03
19 0 29.67
20 0 88.63
21 0 55.67
22 0 95.7
23 0 27.45
24 0 35.04
25 0 6.63
26 0 80.43
27 0 62.42
28 0 80.9
29 0 37.61
30 0 91.9
31 0 75.14
32 0 81.42
33 0 3.45
34 0 82.3
35 0 95.43
36 0 73.18
37 0 44.42
38 0 61.81
39 0 27.11
40 0 19.64
41 0 89.25
42 0 64.13
43 0 87.59
44 0 23.81
45 0 40.9
46 0 82.08
47 0 14.06
48 0 52.1
49 0 45.43
15 23 75.28
42 40 40.18
48 5 82.19
1 17 67.42
41 13 59.48
16 36 37.11
32 38 6.82
23 1 17.62
12 22 51.71
35 23 59.65
25 43 8.78
31 32 82.91
1 18 70.78
11 28 0.51
5 12 15.13
7 3 49.03
29 19 84.81
34 25 86.5
25 21 81.73
36 24 29.29
32 40 15.46
13 29 32.91
21 19 13.94
13 44 29.38
47 7 66.52
12 11 79.36
22 42 18.83
45 41 25.29
21 47 61.63
16 12 35.01
43 37 24.95
20 21 10.76
38 17 26.07
19 35 33.0
1 7 14.5
25 3 12.37
6 32 21.09
23 19 41.62
21 3 75.28
6 26 36.66
29 21 11.5
27 6 19.95
44 46 9.65
12 9 13.62
4 26 58.49
13 42 83.47
31 11 1.56
21 48 97.33
26 12 14.61
7 30 12.97
44 39 87.89
6 16 8.42
32 17 28.08
29 15 21.78
20 30 59.77
3 43 4.93
2 40 85.77
5 21 26.84
12 2 92.06
46 26 49.34
4 24 80.02
48 10 39.93
38 40 10.78
10 44 22.55
38 37 23.27
25 9 63.46
19 42 46.87
11 49 65.51
43 17 46.28
2 1 74.26
41 27 53.9
27 21 64.28
39 3 87.49
21 10 46.5
49 40 11.69
30 34 40.13
15 19 31.68
40 13 15.42
43 46 70.43
3 19 69.92
25 10 25.28
31 26 31.09
34 48 36.75
31 14 94.21
49 20 41.6
44 48 5.78
42 35 34.13
5 34 33.09
46 29 31.58
30 32 12.3
8 41 53.59
2 7 90.31
45 35 66.76
4 11 6.72
43 39 38.2
34 11 37.71
14 44 2.94
33 4 72.04
36 42 17.8
35 18 75.9
30 42 62.57
16 25 30.1
25 12 72.67
17 40 43.02
15 35 98.79
1 35 26.05
36 8 23.78
46 48 9.64
21 44 60.47
15 18 98.17
26 22 30.63
24 19 89.65
28 49 4.34
24 28 14.39
39 23 98.25
41 26 67.22
17 24 11.13
3 34 80.72
31 2 39.16
34 40 79.34
45 17 66.59
7 13 46.82
31 15 22.33
21 35 74.01
37 10 22.45
8 27 2.22
3 12 97.15
48 30 76.72
1 45 96.77
35 46 1.47
20 44 57.07
17 27 84.1
12 18 28.49
28 10 88.08
19 7 32.4
46 31 20.21
37 28 93.81
22 1 6.01
35 25 29.56
47 20 92.53
25 28 28.92
7 8 14.5
18 16 45.77
11 9 86.7
40 30 83.44
20 24 75.9
35 4 40.51
32 33 14.81
13 1 9.67
32 34 71.93
5 35 25.74
29 37 27.74
24 25 31.0
35 39 80.88
20 13 78.65
29 47 35.71
36 10 21.24
42 44 69.99
49 47 89.99
28 14 91.48
39 45 53.66
10 19 60.23
2 47 58.8
14 38 10.46
2 4 14.86
36 39 15.26
14 37 79.06
41 46 56.25
26 34 89.17
4 31 64.46
10 47 51.9
12 32 58.14
30 33 80.86
44 9 58.15
33 5 45.38
12 21 85.62
29 27 91.77
34 33 46.52
15 45 57.07
7 10 48.51
41 37 15.27
14 10 81.91
6 28 77.51
36 28 99.36
33 6 66.46
42 41 54.44
36 23 96.39
25 47 55.78
26 16 60.68
43 8 6.45
33 36 77.49
29 43 12.57
8 31 89.65
22 49 40.93
36 44 14.86
15 33 62.45
42 1 74.38
16 47 90.96
32 18 7.42
28 16 47.96
48 29 22.06
2 14 13.79
24 47 78.95
35 22 64.37
25 36 58.5
16 10 95.66
16 43 37.92
31 22 18.47
27 25 81.61
32 49 78.04
47 15 85.69
17 11 98.94
5 7 90.17
36 34 18.2
44 32 65.85
40 7 60.55
28 19 95.74
13 5 17.87
8 18 0.4
2 33 6.72
9 36 39.3
5 30 16.2
39 7 45.96
23 29 88.09
6 17 54.38
25 7 1.28
19 31 93.82
48 18 42.63
36 40 54.02
11 1 93.59
33 38 32.0
12 42 23.16
41 10 5.91
39 2 40.51
42 8 61.03
12 38 99.51
33 7 28.27
25 45 81.82
31 21 94.31
28 12 34.01
15 48 44.04
17 20 10.73
34 42 81.65
42 20 51.4
48 39 84.14
31 7 93.77
21 34 90.0
36 1 10.44
43 1 14.57
49 37 40.51
19 33 44.41
48 11 31.98
40 27 72.88
20 36 18.15
25 42 82.69
2 20 62.5
30 36 68.4
2 10 87.94
20 46 5.31
32 36 29.21
34 49 19.1
28 4 61.7
22 33 63.65
39 40 38.52
15 2 27.9
2 19 3.84
44 43 35.07
20 11 12.84
22 17 18.34
21 8 62.37
6 20 70.1
23 30 49.38
24 26 31.96
46 33 32.29
48 47 77.29
18 7 94.07
3 18 17.3
39 37 19.33
49 5 19.95
44 34 19.45
10 3 24.09
3 4 62.87
18 4 83.81
27 19 55.01
26 27 67.16
32 20 54.27
22 47 23.33
44 3 46.82
33 13 62.82
38 23 30.51
14 16 86.94
45 2 76.69
25 38 35.25
6 3 29.71
47 43 51.34
22 9 74.1
32 19 4.23
15 12 78.46
46 45 16.01
1 6 51.79
20 43 60.17
6 21 57.39
46 19 54.36
1 10 49.25
43 21 0.9
41 11 91.15
48 24 51.81
47 6 77.0
42 16 10.55
21 1 26.21
33 3 6.6
39 12 59.67
48 45 74.14
32 39 83.92
19 38 73.64
18 31 63.84
22 28 68.29
29 26 61.05
14 36 2.25
47 42 3.57
14 18 45.32
1 3 33.74
18 46 73.0
24 34 6.7
38 43 92.33
47 26 96.43
10 39 74.91
40 33 49.0
1 26 26.96
16 44 38.41
12 10 82.15
18 34 20.06
48 26 66.78
21 49 37.75
18 13 50.21
47 23 18.48
6 31 79.81
7 22 62.15
42 9 64.17
31 39 37.97
34 15 56.79
4 16 7.55
36 48 48.18
22 38 42.83
14 21 81.79
42 5 89.13
32 7 38.96
9 31 77.1
32 23 76.66
38 30 92.12
48 17 1.68
25 48 16.24
25 5 39.44
10 34 98.09
14 15 34.34
29 10 48.92
21 15 41.88
4 21 37.13
43 24 2.45
6 39 58.81
16 23 70.76
31 16 39.34
8 37 39.95
45 22 6.67
49 19 61.11
17 46 91.9
27 11 59.4
5 36 73.83
11 24 70.29
31 28 27.84
4 7 89.53
20 27 51.41
15 16 60.84
26 10 67.19
5 32 19.97
31 47 16.64
37 31 5.43
13 21 33.09
6 19 96.38
7 23 94.23
26 2 18.84
34 4 42.93
18 26 37.3
9 33 99.11
25 23 76.79
40 26 19.84
11 33 96.28
42 14 88.64
28 44 84.17
35 8 93.36
35 10 56.7
46 3 19.85
39 21 65.28
42 3 52.14
38 11 40.37
5 22 95.85
43 31 25.73
23 13 45.36
18 17 35.54
29 2 29.68
17 9 37.13
44 15 41.15
16 40 20.33
35 31 88.58
20 9 23.57
49 44 64.09
16 11 7.91
17 49 32.53
35 24 80.97
45 40 67.24
15 22 84.17
23 21 73.97
30 24 57.16
42 39 77.74
43 12 19.64
24 49 86.73
3 27 44.58
29 11 29.95
9 40 52.53
44 8 98.46
42 45 63.14
20 19 99.9
10 9 71.98
6 13 39.8
1 24 22.87
48 35 43.93
44 22 56.71
43 36 64.66
37 24 34.77
34 12 52.77
24 40 92.27
25 6 80.59
31 24 6.37
2 11 54.32
28 21 47.09
26 45 96.63
26 32 59.27
23 41 5.6
40 48 96.91
44 33 7.67
45 19 91.6
17 28 52.24
47 36 35.89
18 38 88.76
14 22 39.15
41 48 82.05
33 29 81.08
14 3 52.52
43 4 48.01
45 29 69.87
45 36 5.83
46 37 80.29
14 11 88.53
9 1 36.98
14 17 3.34
28 46 83.17
40 35 77.27
28 9 84.38
47 45 22.99
2 22 93.98
30 21 65.79
23 26 6.23
29 17 92.76
3 45 38.23
1 41 6.39
39 5 65.63
49 12 73.08
1 48 15.31
10 8 0.06
18 5 41.91
12 30 77.48
9 39 47.49
11 23 27.37
48 12 89.45
7 35 25.31
20 22 62.25
43 7 73.11
35 37 4.46
29 6 83.57
11 36 39.27
24 23 92.36
29 7 46.9
7 16 40.12
46 14 28.43
17 31 58.35
15 24 48.18
49 13 60.62
18 43 76.46
25 31 56.39
25 22 52.52
34 45 56.84
49 45 40.64
30 25 9.75
40 21 31.89
37 20 35.4
28 2 57.85
27 34 26.68
37 40 86.09
35 13 97.42
19 12 90.12
28 8 24.97
37 22 38.93
34 46 77.24
30 44 85.61
31 5 47.52
16 34 84.64
27 10 61.54
16 8 6.79
30 43 7.66
33 1 65.43
38 1 81.06
9 7 81.38
21 18 73.49
8 32 2.98
40 25 83.07
39 41 33.63
38 20 74.32
42 18 49.02
38 49 13.33
45 4 4.92
29 35 52.39
26 38 57.27
40 18 1.98
12 1 21.36
13 15 81.92
38 21 75.16
47 44 61.47
23 3 57.85
2 13 34.13
44 12 77.17
36 15 62.14
18 33 36.27
41 35 89.26
6 46 51.53
9 6 81.38
49 10 94.17
41 40 78.21
25 11 14.04
31 41 84.34
12 29 26.61
24 32 92.03
17 16 35.5
8 3 31.46
38 15 77.72
41 4 73.1
18 2 97.06
6 24 44.96
46 40 67.3
36 13 16.41
11 45 20.01
29 3 68.13
17 26 90.05
16 19 52.58
32 3 82.86
32 1 78.79
9 30 90.59
46 39 13.98
32 45 69.38
5 27 40.34
5 19 52.81
32 41 32.52
15 43 27.07
5 15 44.27
18 9 28.26
48 22 4.08
14 48 54.34
32 11 29.05
4 37 98.22
32 28 28.3
46 27 90.42
37 1 80.04
46 2 90.27
47 12 51.85
13 12 88.95
29 18 30.55
14 4 95.8
33 43 63.27
26 30 56.82
13 26 21.66
14 19 4.19
46 5 96.37
11 40 53.71
35 43 0.5
7 15 64.78
10 17 93.29
32 35 79.56
42 11 89.6
28 40 26.43
8 40 37.73
10 38 10.15
29 1 81.64
34 14 56.58
13 25 2.95
12 14 78.66
29 25 64.25
38 28 35.02
9 43 4.35
41 28 52.91
36 7 96.38
24 7 56.38
30 29 18.18
4 39 76.73
37 26 11.65
26 15 60.17
30 15 88.29
33 35 67.75
2 17 87.33
13 39 69.5
7 45 18.6
26 9 1.7
11 26 47.0
48 20 28.59
49 23 57.58
17 19 56.88
28 45 22.7
9 5 9.82
6 11 41.7
9 45 22.78
25 19 59.79
14 29 34.6
27 2 79.13
13 27 60.5
25 26 79.4
5 4 23.88
35 27 2.3
38 3 60.73
9 27 29.09
17 39 57.08
12 7 14.94
20 23 27.47
15 10 19.19
47 19 8.33
12 8 18.84
24 29 38.91
24 13 78.58
46 25 95.05
47 8 40.26
5 45 98.64
45 31 6.42
42 10 3.6
10 32 18.54
25 41 4.68
11 21 79.72
25 44 50.37
23 8 49.52
39 27 83.68
8 48 7.44
8 17 45.5
10 5 73.97
17 33 94.81
29 8 69.18
35 28 79.16
41 20 34.73
25 18 52.9
27 18 56.53
44 35 69.84
48 19 77.82
4 32 35.7
3 31 31.79
28 15 28.09
17 47 77.95
1 28 67.44
40 19 64.05
40 15 10.28
6 48 16.32
15 8 75.73
18 22 46.48
5 28 97.34
21 41 55.95
15 1 65.65
8 22 94.92
48 13 35.48
22 10 57.58
25 17 76.59
44 41 73.27
47 9 34.12
14 5 6.36
35 34 37.97
43 14 37.23
1 46 11.0
47 38 20.8
15 25 89.55
49 36 63.69
29 31 85.6
12 46 13.1
47 11 72.41
29 44 64.95
35 6 23.61
8 38 66.57
4 30 80.62
6 8 35.11
2 30 7.56
48 32 42.79
49 18 78.57
39 30 25.1
22 21 35.08
41 17 99.04
38 9 39.7
31 44 56.33
30 49 77.59
6 43 96.43
39 16 86.75
28 29 85.94
40 31 8.17
46 16 48.26
28 26 46.35
14 6 67.56
12 20 47.99
15 49 42.54
43 5 7.81
40 14 86.12
39 26 78.25
2 16 80.36
37 15 52.71
32 25 28.31
24 12 3.41
24 9 1.54
49 39 20.76
17 5 76.85
15 3 59.66
24 33 42.43
42 23 61.86
38 2 49.73
49 46 27.28
34 47 20.48
49 33 79.33
23 12 5.17
32 46 9.22
29 34 9.02
23 31 68.76
40 20 47.68
9 29 56.44
14 41 62.58
11 37 24.51
37 12 2.63
13 47 46.68
22 30 74.43
45 30 34.96
16 13 13.13
23 45 83.55
20 29 34.0
26 8 72.25
28 7 21.5
33 39 33.36
2 43 16.23
16 30 0.16
38 5 58.71
8 5 46.39
38 44 44.66
18 24 88.71
15 4 3.9
29 32 7.64