50
0 10 29
0 11 4
0 14 72
0 25 40
0 26 60
0 36 80
0 43 68
0 45 1
1 3 79
1 4 84
1 7 67
1 26 70
1 32 49
1 38 76
2 6 11
2 14 4
2 16 23
2 20 88
2 21 8
2 25 71
2 28 57
2 34 9
2 39 34
2 41 48
2 49 99
3 4 97
3 5 92
3 8 93
3 10 5
3 17 23
3 18 20
3 40 23
3 44 42
4 7 37
4 14 64
4 25 57
4 27 19
4 32 67
4 35 84
4 42 23
4 44 49
5 8 73
5 19 25
5 33 79
5 34 8
5 36 75
5 39 96
5 44 44
5 47 13
6 8 29
6 12 38
6 15 94
6 19 37
6 23 91
6 25 52
6 34 83
6 43 99
7 9 76
7 10 72
7 20 38
7 25 24
7 26 35
7 34 50
7 36 2
8 13 39
8 17 5
8 18 7
8 19 63
8 21 84
8 23 79
8 25 70
8 27 10
8 28 50
8 31 87
8 34 34
8 38 82
9 10 71
9 32 13
9 33 4
9 37 85
9 45 89
10 24 96
10 26 72
10 31 85
10 34 19
10 37 30
10 39 62
10 41 14
10 43 52
10 45 87
10 49 13
11 15 78
11 20 80
11 22 51
11 31 98
11 35 38
11 39 56
12 13 26
12 17 57
12 19 99
12 25 83
12 28 56
12 30 92
12 49 4
13 14 27
13 25 69
13 29 41
13 38 19
13 46 22
14 16 95
14 24 39
14 26 84
14 32 59
14 34 56
14 36 6
14 37 59
14 44 10
15 17 82
15 21 28
15 24 43
15 26 16
15 32 45
15 37 71
15 39 62
15 42 13
16 17 47
16 19 62
16 23 61
16 32 31
16 34 72
16 38 96
16 39 44
16 44 36
17 18 42
17 23 79
17 25 68
17 33 3
17 34 13
17 35 79
17 36 20
17 44 75
18 19 75
18 22 1
18 23 3
18 27 77
18 40 81
18 42 39
18 45 89
18 46 80
18 47 46
19 26 19
19 29 59
19 42 53
19 45 2
19 47 44
20 29 80
20 30 37
20 37 26
20 38 8
20 44 29
21 32 22
21 33 61
21 37 69
21 39 27
21 45 12
21 47 55
22 25 30
22 28 67
22 33 16
22 44 66
22 47 54
23 24 1
23 27 75
23 29 89
23 35 50
23 42 80
23 45 34
24 26 62
24 37 93
24 38 24
24 40 49
24 45 75
25 29 84
25 31 13
25 41 49
25 44 69
25 49 4
26 29 78
26 30 91
26 35 39
26 40 64
27 30 53
27 33 51
27 36 19
27 38 80
27 43 73
27 45 78
27 47 62
28 30 32
28 33 71
28 39 13
28 44 95
29 31 46
29 35 10
29 37 94
29 41 29
29 43 1
29 47 4
30 35 14
30 36 54
30 41 16
30 43 27
30 45 75
31 34 61
31 38 8
31 39 41
31 41 1
31 44 63
31 45 16
32 34 79
32 45 40
33 37 18
33 45 94
34 39 83
34 47 74
35 40 41
35 41 9
36 44 87
36 46 98
37 40 15
39 47 45
39 48 8
39 49 9
40 41 88
40 42 66
40 46 2
40 47 69
40 48 4
41 43 83
43 46 95
