50
0 19 5.68
0 22 33.21
1 42 51.38
1 44 38.75
2 37 98.17
2 19 33.39
2 12 59.16
2 17 10.03
2 49 55.93
2 3 22.28
2 45 14.32
2 10 41.44
3 12 91.21
3 1 49.20
3 0 35.75
3 18 59.65
3 30 24.07
3 25 8.44
3 13 98.07
3 22 88.45
3 5 34.63
3 44 14.80
3 39 20.90
3 32 28.83
3 42 66.21
3 29 49.15
3 26 51.53
3 37 38.39
3 43 58.76
3 6 17.31
3 16 17.82
3 11 92.15
3 19 4.98
3 15 80.58
3 20 11.96
3 9 59.06
3 46 22.17
3 33 75.50
3 34 22.65
3 21 81.03
3 38 16.90
3 45 43.17
3 31 16.03
3 23 77.09
3 10 80.79
3 17 42.53
3 14 4.85
3 48 96.65
3 4 46.49
3 40 99.27
3 36 53.06
3 35 19.93
3 28 98.39
3 8 22.61
3 41 70.33
3 27 8.51
3 47 8.22
4 1 40.13
5 18 77.24
5 36 76.32
5 13 38.99
5 1 87.79
5 40 25.03
5 30 27.86
5 49 41.43
5 22 26.56
5 6 66.57
5 44 20.81
5 42 58.81
5 7 44.70
5 21 83.36
5 14 25.77
5 9 90.14
5 41 65.34
5 11 63.37
5 2 58.09
5 12 96.72
5 19 41.01
5 38 75.76
5 43 86.65
5 10 89.83
5 47 63.47
5 28 37.47
5 45 46.46
5 15 68.97
5 24 51.73
5 37 4.98
5 17 28.11
5 32 80.46
5 8 47.69
5 35 2.18
5 39 1.70
5 25 80.99
5 27 22.84
5 48 6.86
5 46 77.93
5 23 53.40
5 16 16.89
5 4 20.68
5 33 23.18
5 20 22.71
6 40 43.00
6 31 36.47
6 42 75.76
6 36 95.62
6 2 69.10
6 21 13.14
6 35 71.81
7 34 99.10
7 42 91.13
7 8 63.34
7 44 19.44
7 49 19.65
7 19 12.16
7 4 90.26
7 36 93.97
7 28 41.19
7 16 70.93
7 48 65.82
7 27 31.71
7 12 53.56
7 1 30.06
7 15 56.10
7 20 2.19
7 39 60.00
7 24 30.99
7 29 72.02
7 46 79.94
8 24 1.63
8 2 89.94
8 42 82.46
8 27 85.75
8 34 57.13
8 20 28.80
8 19 29.73
8 32 26.90
8 13 32.47
8 35 7.42
8 12 30.22
9 33 75.04
9 25 0.15
9 20 80.63
9 43 75.26
9 27 47.19
9 10 52.47
9 31 38.77
9 24 9.50
9 8 19.49
9 11 12.71
9 47 38.46
9 32 55.34
9 19 29.56
9 2 86.41
9 1 99.71
9 45 61.57
9 28 11.99
9 40 24.01
9 22 6.48
9 41 63.38
9 29 86.86
9 38 10.40
9 36 76.32
9 14 71.46
9 17 47.55
9 39 98.59
9 16 22.80
9 18 88.87
9 46 58.43
9 48 95.82
9 37 70.81
9 6 38.84
9 4 52.14
9 7 53.63
9 44 57.51
9 49 5.14
9 21 10.40
9 30 47.68
9 42 18.83
9 15 93.71
9 35 36.15
9 34 56.96
9 13 31.14
9 12 74.98
9 26 15.69
10 23 73.47
10 37 94.13
10 19 44.81
10 13 71.21
10 30 74.00
10 4 18.66
10 21 90.54
10 32 77.37
10 12 42.51
10 27 98.44
10 24 0.67
10 36 96.81
10 14 13.73
10 47 5.63
10 28 82.88
10 26 74.92
10 33 17.88
10 20 73.51
10 38 80.08
10 6 10.89
10 7 78.01
10 49 29.78
10 40 52.68
10 44 31.28
10 0 82.20
10 17 96.17
10 25 94.91
10 15 15.17
10 11 32.43
10 1 1.31
10 34 82.62
10 42 11.34
10 29 37.72
10 35 46.93
10 8 68.90
10 31 4.71
10 43 7.29
10 48 14.29
10 16 62.27
11 35 63.38
11 0 8.77
11 23 94.29
11 16 92.54
11 22 88.70
11 49 26.84
11 45 86.13
11 34 94.11
11 33 67.56
11 40 36.83
11 7 30.23
11 19 10.76
11 32 19.70
11 27 65.94
11 12 32.70
11 28 3.36
11 39 45.13
11 4 36.77
11 41 59.38
11 20 83.94
11 42 16.21
12 1 14.54
12 47 72.47
12 36 99.28
12 19 71.94
12 27 92.23
12 39 36.67
12 43 3.42
12 16 53.68
12 22 46.35
12 32 75.16
12 26 24.86
12 40 73.67
12 37 6.22
12 45 4.48
12 4 55.42
12 48 78.31
12 34 61.19
12 41 48.81
12 24 95.57
12 20 62.03
12 21 53.02
12 46 15.18
12 38 2.10
12 35 61.90
12 14 90.90
12 42 46.11
12 25 3.15
12 0 99.32
12 49 61.35
12 15 18.91
12 13 17.05
12 28 55.30
12 30 40.12
12 18 62.07
13 48 98.74
13 47 50.33
13 30 58.62
13 28 6.12
13 11 55.21
13 18 77.65
13 23 81.71
13 34 17.42
13 26 2.95
13 44 69.83
13 14 24.27
13 36 25.34
13 22 7.24
13 2 34.49
13 27 99.07
13 0 6.91
13 43 75.64
13 29 20.09
13 49 54.84
13 45 29.40
13 37 23.60
13 38 59.24
13 24 93.90
13 46 8.44
13 39 19.27
13 35 59.06
13 25 33.29
13 19 76.91
13 4 13.34
13 15 47.15
13 41 61.03
13 1 10.13
13 21 53.55
13 6 49.56
13 7 29.50
14 28 96.85
14 39 74.03
14 4 50.93
14 41 6.38
14 2 81.11
14 34 34.24
14 20 42.27
14 32 56.11
14 0 34.68
14 46 5.80
14 37 51.54
14 6 83.48
14 23 81.11
14 1 79.72
14 15 22.46
14 29 25.31
14 44 78.55
14 40 68.08
14 24 75.93
14 36 30.97
14 8 52.29
14 47 21.17
14 19 15.79
14 25 34.62
14 42 79.15
14 18 3.96
14 11 22.87
14 27 25.81
14 16 43.52
14 7 35.90
14 45 26.67
14 38 86.77
14 48 46.26
14 21 24.26
14 30 86.65
14 17 48.88
15 8 13.49
15 26 44.16
15 19 29.98
15 20 18.43
15 27 67.58
15 36 69.88
15 41 95.75
15 4 20.15
16 28 69.63
16 13 46.75
16 24 89.35
16 17 18.75
16 33 18.67
16 44 18.63
16 2 63.24
16 26 53.44
16 18 60.79
16 39 15.75
16 37 67.83
16 27 90.95
16 15 23.61
16 23 29.43
16 19 95.53
16 41 22.08
17 11 12.47
17 32 45.61
17 23 86.41
17 35 48.32
17 34 83.06
17 38 41.48
17 0 50.68
17 1 26.87
17 25 72.61
17 49 91.93
17 6 96.53
17 22 4.53
17 33 93.55
17 31 92.80
17 47 33.57
17 45 69.96
17 43 39.68
17 19 30.10
17 29 52.59
17 4 42.92
17 27 66.75
17 12 33.93
17 46 37.63
17 28 56.89
17 30 80.53
17 7 14.72
17 42 48.92
17 48 98.59
17 39 89.44
17 24 86.78
17 37 50.58
17 40 58.57
17 8 74.95
17 44 31.35
17 20 14.05
17 21 70.67
18 27 71.87
18 23 44.47
18 31 4.88
18 22 10.01
18 40 26.62
18 39 62.20
18 42 55.03
18 33 48.33
18 41 24.35
18 1 96.54
19 40 80.46
19 34 66.96
19 24 80.66
19 22 71.58
19 28 74.98
19 36 25.82
19 27 67.13
19 41 71.29
19 35 36.34
19 46 71.77
19 37 43.56
19 48 76.05
19 21 66.15
19 49 98.75
19 20 53.98
19 31 42.57
20 4 20.20
20 25 52.72
20 36 15.84
20 1 13.54
20 40 68.35
20 30 92.80
20 47 30.13
20 42 83.32
20 41 62.49
20 38 39.40
20 35 92.35
20 31 18.12
20 0 12.48
21 26 30.35
21 27 44.11
21 18 8.20
21 35 45.68
21 40 30.21
21 29 47.24
21 34 51.98
21 22 68.66
21 28 5.72
21 1 59.39
21 7 40.84
21 36 55.78
21 49 22.86
21 16 20.02
21 25 51.22
21 39 82.90
21 2 17.76
22 6 6.57
22 38 43.91
22 27 96.68
22 48 43.11
22 26 42.69
22 47 56.39
22 25 38.69
22 40 53.61
22 2 32.22
22 49 93.02
22 32 88.08
22 43 75.87
22 39 1.79
22 42 59.46
22 4 36.41
22 45 54.48
22 15 5.49
22 10 98.96
22 24 2.07
22 29 66.64
22 16 95.44
22 1 85.20
22 28 90.30
22 34 1.84
23 29 23.23
23 49 14.58
23 0 99.98
23 15 60.66
24 2 90.02
24 49 38.69
24 36 60.57
24 40 38.71
24 31 56.52
24 37 81.86
24 43 71.80
24 29 87.05
24 6 24.28
24 4 62.92
24 41 80.06
24 30 27.24
24 3 57.42
24 33 97.30
24 47 52.46
24 23 62.69
24 27 35.80
24 39 77.63
24 18 60.52
24 21 18.63
25 38 50.16
25 46 2.55
25 30 78.95
25 7 43.71
25 24 98.47
25 49 66.25
25 2 79.31
25 31 10.46
25 33 20.78
25 40 82.46
25 39 36.19
25 6 7.19
25 15 71.41
25 47 3.95
25 29 6.03
25 18 13.84
25 34 26.79
25 19 1.33
25 44 40.61
25 23 10.03
25 32 92.66
25 0 53.21
25 28 65.45
25 37 28.40
25 43 1.83
25 1 69.26
25 45 26.44
25 8 52.49
25 27 24.25
25 36 43.39
25 16 58.10
26 44 20.08
26 18 38.66
26 5 75.41
26 45 65.16
26 1 19.49
26 47 65.58
26 29 80.35
26 27 37.08
26 30 90.71
26 43 28.46
26 33 15.18
26 0 45.85
26 17 31.79
26 38 94.84
26 41 99.79
26 2 54.89
26 8 88.78
26 24 16.70
26 37 76.94
26 19 32.60
27 33 8.58
27 31 58.44
27 41 94.49
27 23 20.98
27 4 19.14
27 40 17.78
28 45 15.51
28 29 41.32
28 1 70.22
28 8 98.40
28 47 28.63
28 26 92.69
28 34 38.52
28 2 45.76
28 23 89.74
28 39 81.80
28 31 74.11
29 47 22.51
29 30 4.94
29 20 67.17
29 42 54.07
29 43 27.07
29 0 46.86
29 39 1.81
29 49 53.05
29 34 19.74
29 4 43.79
29 5 39.57
29 38 99.96
29 40 58.91
29 46 71.02
29 31 86.00
29 37 24.05
29 32 77.37
29 48 78.02
29 33 35.18
29 19 32.84
29 11 90.10
30 11 8.67
30 36 0.06
30 49 21.70
30 4 17.84
30 1 88.25
30 48 70.46
30 45 64.65
30 33 30.08
30 6 20.57
31 43 36.45
31 30 3.28
31 7 14.96
31 2 75.74
31 49 3.71
31 41 60.91
31 44 17.73
31 22 67.06
31 13 70.92
31 5 40.35
31 23 76.56
31 34 77.19
31 21 87.60
31 37 15.14
31 47 9.69
31 48 21.43
31 36 69.56
31 38 11.24
31 39 12.00
31 35 98.34
31 11 20.44
31 8 83.30
31 12 82.87
31 40 27.92
31 4 31.01
31 33 40.59
31 42 30.95
31 0 75.13
31 14 42.91
31 46 5.00
31 16 31.97
31 1 22.18
31 26 1.64
31 32 38.25
31 45 36.34
32 23 4.45
32 39 46.87
32 41 7.32
32 24 2.98
32 33 95.43
32 4 60.89
32 37 13.05
32 1 9.42
33 4 91.24
33 35 56.37
33 21 40.95
33 38 5.46
33 41 21.33
33 44 70.75
33 20 16.78
33 36 12.13
33 47 9.67
33 14 19.77
33 34 88.15
34 5 22.48
34 36 35.88
34 40 32.27
34 30 88.42
34 38 97.29
34 23 16.21
35 29 86.49
35 4 22.92
35 44 82.05
35 47 72.23
35 0 45.30
36 18 83.26
36 29 28.37
36 4 45.23
36 40 8.33
36 41 50.57
36 39 27.85
36 0 25.63
36 17 75.28
36 44 63.02
36 48 87.93
36 37 32.16
36 22 27.67
36 42 33.54
36 35 15.34
36 1 51.54
36 43 9.23
36 11 47.32
36 27 68.20
36 46 68.93
36 8 6.20
36 49 31.08
36 23 35.98
36 38 24.83
36 28 96.34
36 45 66.00
36 47 54.38
37 48 8.83
37 11 60.19
37 33 13.36
37 45 84.63
37 35 17.41
37 4 30.71
37 23 66.19
37 27 28.72
37 34 15.92
37 46 35.12
38 0 74.84
38 46 55.81
38 30 66.40
38 35 8.65
38 15 90.82
38 44 7.21
38 11 30.85
38 37 92.78
38 18 22.29
38 43 32.27
38 41 66.33
38 39 79.71
38 4 50.63
38 32 51.02
38 2 75.68
38 21 4.12
38 16 26.56
38 24 78.22
39 33 55.88
39 37 61.89
39 1 48.00
39 15 18.28
39 46 44.26
39 44 22.17
39 49 75.01
39 0 75.79
39 43 86.49
39 2 26.24
39 19 3.77
39 27 34.94
40 23 75.96
40 43 77.36
40 45 17.47
40 15 95.39
40 41 33.91
40 13 81.83
40 39 41.33
40 2 35.29
41 7 59.20
41 4 83.83
41 46 40.79
41 43 35.76
41 45 55.30
41 30 18.28
41 39 73.71
41 44 48.38
41 23 84.14
41 34 25.67
41 37 66.22
41 47 52.23
41 8 51.25
41 22 98.84
41 35 14.05
41 17 62.42
41 21 45.87
41 28 7.10
41 10 39.98
42 38 25.26
42 28 22.62
42 48 11.60
42 35 61.79
42 2 93.13
42 21 55.11
42 23 67.80
43 11 93.73
43 32 83.95
43 8 86.95
43 37 29.29
43 23 43.96
43 34 76.75
43 21 23.30
43 46 0.89
43 0 20.42
43 30 5.92
43 49 60.29
43 28 44.42
43 27 96.15
44 43 76.56
44 0 91.82
44 23 66.72
44 11 51.37
44 24 20.40
44 46 17.58
44 28 88.25
45 24 18.90
45 43 65.25
45 15 4.93
45 44 17.46
45 27 63.43
45 10 17.99
45 4 59.53
45 34 36.77
45 21 39.63
45 32 21.83
45 16 97.11
45 18 48.57
45 1 51.49
45 0 33.60
45 19 50.97
45 7 23.27
45 20 54.65
45 48 2.97
45 8 28.24
45 6 65.77
45 46 24.76
45 35 20.22
45 38 24.69
45 29 90.59
45 23 71.79
45 49 26.26
46 15 77.69
46 16 51.47
46 0 87.06
47 11 36.48
47 45 78.14
47 6 12.39
47 37 25.11
48 0 81.95
48 32 6.77
48 2 87.85
48 28 37.61
48 4 66.26
48 26 89.32
48 34 16.74
48 21 59.72
48 43 61.30
48 24 96.29
48 20 26.97
48 25 61.16
48 6 98.47
48 49 42.03
48 41 7.47
48 15 25.97
48 46 76.18
48 8 29.50
48 39 69.75
48 18 77.61
48 38 47.34
48 16 6.27
48 27 78.98
48 33 22.64
48 23 72.42
49 26 37.59
49 40 80.93
49 28 19.02
49 14 9.96
49 27 83.94
49 6 3.30
49 18 17.81
49 16 17.55
49 0 56.03
49 32 38.22
49 35 95.67
49 4 62.17
49 41 85.79
49 8 91.69
49 15 13.04
49 38 73.45
49 33 74.67
