50
0 6 18.215
0 7 17.032
0 8 49.81
0 9 9.499
0 10 85.73
0 11 1.364
0 14 9.191
0 15 27.221
0 16 51.513
0 17 42.35
0 20 99.003
0 21 91.346
0 23 73.195
0 24 4.181
0 26 27.696
0 27 65.616
0 28 33.699
0 29 96.666
0 30 90.748
0 31 70.082
0 33 11.888
0 35 9.187
0 36 95.14
0 40 28.485
0 43 40.441
0 45 24.557
0 47 88.584
0 48 26.115
1 2 39.538
1 4 50.083
1 5 76.716
1 10 24.2
1 15 25.215
1 17 97.488
1 20 20.432
1 27 72.398
1 29 23.345
1 31 48.852
1 32 92.655
1 33 46.801
1 35 2.821
1 39 29.741
1 40 12.011
1 43 16.654
1 46 25.478
1 47 45.769
1 48 77.356
2 3 20.607
2 4 37.044
2 7 0.836
2 8 62.561
2 10 48.873
2 12 66.588
2 13 84.031
2 15 29.612
2 18 60.835
2 20 38.618
2 21 94.328
2 22 13.836
2 28 40.966
2 29 10.303
2 30 31.394
2 32 81.47
2 33 81.598
2 35 89.47
2 39 20.532
2 42 26.953
2 43 99.104
2 46 49.859
2 47 38.713
2 49 97.809
3 4 75.135
3 6 86.317
3 7 16.223
3 10 13.329
3 11 28.058
3 14 38.588
3 15 98.967
3 18 34.55
3 21 72.524
3 23 91.626
3 24 47.171
3 25 98.425
3 26 40.159
3 27 23.125
3 28 64.189
3 32 36.906
3 35 61.169
3 36 2.902
3 39 50.94
3 41 35.891
3 42 78.457
3 48 19.486
3 49 81.552
4 8 71.281
4 10 20.571
4 11 53.546
4 12 60.273
4 14 48.228
4 19 21.779
4 20 39.588
4 22 59.158
4 23 16.791
4 24 60.136
4 26 1.795
4 27 12.097
4 28 74.751
4 30 77.957
4 32 14.677
4 33 0.863
4 36 36.578
4 37 93.208
4 40 65.064
4 41 74.168
4 42 86.975
4 43 42.883
4 48 14.314
5 7 31.187
5 8 99.56
5 10 24.41
5 11 89.189
5 14 25.522
5 15 28.699
5 17 67.026
5 18 50.513
5 19 22.488
5 20 14.184
5 22 58.271
5 23 33.586
5 25 49.218
5 26 71.269
5 27 80.817
5 29 78.849
5 30 28.855
5 32 77.838
5 34 64.468
5 35 59.897
5 37 82.412
5 38 10.422
5 42 72.383
5 44 73.867
5 45 90.527
5 46 84.396
6 7 86.271
6 8 82.245
6 9 77.623
6 10 72.823
6 14 39.975
6 16 73.785
6 17 5.462
6 18 31.261
6 22 92.366
6 23 86.085
6 24 14.663
6 29 89.865
6 30 66.422
6 31 10.301
6 34 86.07
6 35 64.276
6 36 69.805
6 38 48.446
6 39 61.645
6 40 38.599
6 41 2.147
6 42 82.093
6 43 16.323
6 48 37.942
7 8 38.681
7 9 58.868
7 11 87.441
7 12 45.9
7 17 94.295
7 20 15.563
7 24 82.731
7 25 23.411
7 28 94.161
7 29 19.893
7 31 2.793
7 32 26.389
7 34 94.95
7 35 42.111
7 44 52.135
8 10 3.77
8 14 27.294
8 16 46.961
8 18 49.888
8 20 75.21
8 21 90.726
8 22 57.534
8 24 59.563
8 25 76.21
8 27 7.575
8 28 33.002
8 29 88.546
8 30 44.324
8 31 76.209
8 32 47.905
8 33 6.517
8 34 25.6
8 35 17.705
8 40 88.57
8 41 19.215
8 42 33.159
8 43 86.997
8 45 38.652
8 46 65.319
8 47 56.928
8 48 56.387
8 49 63.972
9 10 85.765
9 14 18.652
9 16 22.544
9 17 77.768
9 18 1.928
9 19 89.726
9 20 26.758
9 21 96.518
9 23 43.093
9 26 46.588
9 27 84.716
9 29 74.448
9 30 60.65
9 34 77.935
9 36 76.275
9 37 63.406
9 41 60.462
9 45 74.958
9 46 67.078
9 47 69.96
9 48 77.844
9 49 67.925
10 11 7.685
10 13 95.799
10 14 34.317
10 15 36.365
10 17 28.729
10 18 74.564
10 19 33.108
10 22 17.72
10 24 5.107
10 25 4.253
10 26 11.508
10 27 2.321
10 30 99.313
10 33 25.608
10 34 43.223
10 36 27.754
10 37 41.255
10 41 45.976
10 43 22.845
10 45 52.416
10 48 68.676
11 12 20.793
11 14 63.064
11 15 82.31
11 17 34.433
11 19 63.626
11 20 5.061
11 22 45.313
11 23 49.766
11 24 38.311
11 25 3.361
11 28 53.93
11 30 74.247
11 32 8.324
11 37 5.944
11 39 38.897
11 41 3.694
11 42 41.192
11 43 54.537
11 44 57.225
11 47 47.032
12 13 53.768
12 15 13.835
12 23 54.957
12 24 26.494
12 25 74.835
12 26 80.969
12 28 17.684
12 30 52.645
12 31 86.393
12 34 14.458
12 35 83.446
12 36 89.311
12 38 50.369
12 39 11.964
12 45 62.185
12 46 37.649
12 47 32.877
12 48 66.105
13 17 54.122
13 19 6.802
13 20 21.479
13 22 78.485
13 23 68.688
13 25 65.955
13 28 75.571
13 29 98.776
13 30 79.967
13 32 58.544
13 33 54.527
13 35 16.292
13 38 27.217
13 39 94.74
13 40 23.755
13 41 74.871
13 44 51.657
13 45 83.149
13 46 7.947
13 47 7.555
13 48 85.835
14 15 80.131
14 18 11.038
14 20 76.184
14 21 49.361
14 22 55.798
14 25 67.858
14 26 29.696
14 29 30.665
14 31 89.35
14 33 97.45
14 34 91.795
14 35 86.2
14 37 4.569
14 38 35.645
14 39 75.282
14 41 99.728
14 42 15.281
14 44 39.125
14 46 91.778
15 16 40.936
15 17 29.753
15 18 68.359
15 19 66.244
15 24 40.742
15 26 3.307
15 27 63.957
15 29 34.79
15 30 25.293
15 31 16.98
15 32 60.44
15 34 88.545
15 35 52.152
15 36 58.615
15 37 49.465
15 39 93.397
15 41 33.925
15 43 7.371
15 47 66.293
16 17 84.576
16 20 74.442
16 21 30.408
16 22 32.012
16 23 58.562
16 25 86.494
16 26 17.897
16 28 86.524
16 29 89.049
16 30 59.214
16 31 64.079
16 33 99.884
16 34 46.005
16 35 64.581
16 36 77.647
16 38 83.731
16 42 53.056
16 45 41.832
16 46 9.733
16 47 8.811
17 18 97.187
17 19 5.883
17 23 68.795
17 24 23.882
17 26 2.024
17 31 29.347
17 33 68.487
17 34 82.021
17 37 30.37
17 40 57.197
17 42 33.471
17 43 18.305
17 45 45.066
17 47 39.829
17 48 87.571
17 49 81.866
18 21 23.928
18 23 1.57
18 24 17.963
18 25 19.923
18 26 17.421
18 29 47.12
18 30 28.731
18 31 65.499
18 33 30.647
18 34 22.99
18 36 34.515
18 37 65.199
18 39 71.512
18 45 87.258
18 48 21.842
18 49 66.169
19 20 6.902
19 24 24.257
19 25 65.07
19 28 19.883
19 29 35.635
19 31 69.72
19 33 23.347
19 34 80.717
19 35 35.226
19 37 2.404
19 38 15.871
19 39 3.04
19 40 82.682
19 41 72.048
19 42 52.719
19 45 26.072
19 47 26.723
19 48 13.473
19 49 29.55
20 24 77.426
20 25 96.893
20 26 4.32
20 27 57.669
20 29 44.433
20 31 86.399
20 32 52.511
20 34 8.712
20 35 32.733
20 38 50.454
20 41 71.324
20 47 30.185
20 49 72.285
21 22 28.61
21 25 26.803
21 26 23.923
21 28 91.241
21 29 99.748
21 30 61.442
21 31 83.972
21 32 75.491
21 34 51.785
21 37 23.376
21 38 0.359
21 42 75.345
21 43 94.056
21 48 10.938
21 49 26.191
22 25 6.723
22 28 10.799
22 30 45.267
22 31 17.068
22 34 66.407
22 35 23.554
22 37 49.521
22 40 30.501
22 47 21.276
22 48 94.193
22 49 22.958
23 25 76.417
23 26 96.302
23 27 84.715
23 28 82.634
23 29 53.313
23 30 86.58
23 31 71.845
23 33 43.327
23 40 44.021
23 41 8.027
23 47 39.967
24 25 72.527
24 28 10.458
24 29 7.505
24 32 51.783
24 34 66.084
24 38 96.729
24 42 19.184
24 44 68.112
24 46 87.068
25 26 31.357
25 27 62.813
25 29 55.968
25 31 47.884
25 32 0.517
25 33 26.132
25 35 57.125
25 38 69.581
25 39 39.466
25 40 15.114
25 43 46.903
25 45 95.349
25 47 31.458
25 48 69.844
25 49 28.808
26 31 49.623
26 34 38.157
26 35 96.508
26 36 38.528
26 37 22.172
26 39 99.053
26 42 36.185
26 45 23.633
26 48 12.77
26 49 5.389
27 28 35.89
27 31 1.509
27 32 34.793
27 33 26.111
27 36 66.332
27 41 64.787
27 42 65.575
27 44 80.52
27 45 97.255
27 46 34.733
27 47 8.177
27 49 0.195
28 30 24.424
28 31 21.026
28 33 19.616
28 34 87.646
28 35 12.9
28 36 22.702
28 37 36.563
28 38 89.686
28 39 71.311
28 41 60.397
28 44 86.4
28 45 80.659
28 46 32.515
28 47 54.988
29 30 21.5
29 33 61.718
29 38 49.056
29 40 89.436
29 41 14.437
29 42 80.918
29 43 16.021
29 44 39.643
29 45 72.361
29 47 44.072
29 48 18.137
29 49 0.964
30 34 85.22
30 36 87.118
30 46 56.338
30 47 58.044
30 48 53.063
30 49 17.125
31 32 44.508
31 34 21.213
31 36 91.083
31 37 24.992
31 38 82.385
31 45 40.587
31 46 11.601
31 49 26.765
32 45 19.492
32 47 46.211
32 49 93.361
33 35 95.68
33 36 77.593
33 38 65.138
33 39 56.927
33 41 56.598
33 42 30.598
33 43 29.587
33 46 39.901
33 48 30.323
33 49 95.013
34 36 76.107
34 37 4.424
34 42 98.622
34 43 40.196
34 46 81.356
34 49 83.609
35 36 56.29
35 38 95.926
35 39 13.709
35 41 5.375
35 43 23.698
35 45 82.034
35 46 18.809
35 47 77.806
35 48 77.474
36 37 56.271
36 40 85.371
36 42 62.184
36 44 61.961
36 45 77.196
36 46 0.98
36 48 17.451
37 39 96.235
37 42 79.544
37 43 7.563
37 44 29.051
37 46 11.905
37 48 93.249
37 49 49.211
38 39 58.943
38 40 79.572
38 42 52.759
38 43 55.386
38 46 75.836
38 49 75.006
39 40 67.234
39 41 10.615
39 43 89.948
39 48 32.704
39 49 94.217
40 41 99.515
40 42 76.144
40 43 38.228
40 44 27.334
40 46 74.413
41 42 60.322
41 43 97.063
41 45 44.475
41 46 63.4
41 48 0.264
41 49 24.95
42 43 35.009
42 44 20.738
42 47 96.157
42 49 16.166
43 44 91.112
43 46 51.626
43 48 99.022
43 49 72.479
44 46 15.146
44 48 77.067
45 46 47.764
46 48 76.146
48 49 59.868