50
0 1 95
0 2 1
1 3 59
2 3 82
3 4 85
3 5 21
4 6 23
5 6 22
6 7 12
6 8 55
7 9 60
8 9 77
9 10 28
9 11 82
10 12 46
11 12 24
12 13 28
12 14 61
13 15 64
14 15 16
15 16 85
15 17 83
16 18 45
17 18 59
18 19 30
18 20 56
19 21 71
20 21 73
21 22 63
21 23 43
22 24 18
23 24 66
24 25 98
24 26 95
25 27 66
26 27 80
27 28 32
27 29 21
28 30 26
29 30 37
30 31 79
30 32 76
31 33 39
32 33 67
33 34 29
33 35 96
34 36 92
35 36 1
36 37 87
36 38 96
37 39 32
38 39 42
39 40 56
39 41 61
40 42 93
41 42 64
42 43 69
42 44 87
43 45 52
44 45 69
45 46 69
45 47 9
46 48 26
47 48 87
48 49 9
