50
25 44 42.541
44 39 38.629
39 36 88.627
36 12 86.707
12 0 39.918
0 49 9.824
49 34 74.219
34 7 83.185
7 24 29.394
24 5 78.794
5 14 97.581
14 26 15.66
26 8 29.477
8 4 73.03
4 42 61.422
42 18 33.553
18 11 12.572
11 32 32.612
32 6 49.002
6 21 2.389
21 17 45.005
17 33 10.891
33 35 66.501
35 46 20.224
46 2 40.75
2 13 92.143
13 31 24.648
31 3 91.612
3 1 55.838
1 40 76.256
40 30 88.146
30 22 31.03
22 48 29.35
48 10 79.048
10 16 4.948
16 27 28.998
27 38 33.033
38 28 87.375
28 9 81.54
9 19 29.414
19 47 84.86
47 41 76.678
41 45 82.243
45 37 84.518
37 15 21.487
15 43 9.875
43 23 30.973
23 29 52.199
29 20 26.128
0 5 55.283
0 11 60.2
0 20 72.049
0 24 53.431
0 30 79.397
0 36 82.261
0 48 1.526
1 4 9.721
1 6 98.595
1 11 36.273
1 12 62.063
1 13 35.23
1 14 59.822
1 15 19.575
1 18 75.877
1 20 87.203
1 24 10.733
1 31 60.288
1 35 48.039
1 37 75.388
1 48 58.713
1 49 6.672
2 16 79.93
2 18 77.972
2 24 91.27
2 25 15.544
2 28 1.753
2 29 22.287
2 43 58.26
2 49 50.03
3 12 1.157
3 14 22.305
3 27 56.344
3 45 74.229
4 5 20.295
4 6 87.329
4 21 35.615
4 22 21.659
4 23 87.394
4 24 99.544
4 40 8.693
4 43 82.813
4 45 61.543
5 12 38.526
5 16 21.299
5 20 74.45
5 21 7.143
5 23 2.83
5 25 53.37
5 28 41.003
5 30 74.459
5 40 94.928
6 7 18.501
6 10 38.368
6 13 73.042
6 23 0.864
6 38 47.488
6 43 36.531
6 46 23.328
7 8 78.284
7 12 73.65
7 15 39.032
7 23 23.528
7 28 54.982
7 30 1.886
7 41 54.778
7 49 91.807
8 20 10.019
8 22 61.772
8 31 49.332
8 39 99.404
8 47 99.566
8 48 42.833
8 49 80.725
9 14 25.974
9 21 29.58
9 30 95.676
9 31 79.587
9 34 23.055
9 40 83.244
9 43 52.186
9 46 43.494
9 47 0.226
9 48 98.941
10 11 50.553
10 26 68.06
10 30 76.483
10 40 81.244
10 47 73.29
11 13 5.858
11 23 49.239
11 26 87.697
11 47 32.497
11 48 81.832
12 14 28.043
12 15 55.191
12 24 61.553
12 29 57.44
12 33 44.261
12 34 94.665
12 38 5.633
12 40 60.747
12 41 20.914
12 44 72.465
13 19 42.921
13 21 90.479
13 23 6.789
13 45 24.147
14 17 36.606
14 19 27.614
14 20 81.343
14 22 52.81
14 30 73.386
14 32 56.61
14 33 40.992
15 24 53.883
15 26 60.255
15 27 87.709
15 30 21.85
16 24 76.501
16 29 61.747
16 43 45.946
17 22 90.173
17 25 95.298
17 37 10.668
17 40 18.192
17 45 99.323
17 49 69.015
18 23 88.756
18 28 52.831
18 31 77.488
18 32 65.77
18 35 22.718
18 37 75.373
18 38 28.057
18 39 82.223
19 24 87.7
19 31 59.094
19 39 77.961
19 40 64.738
19 45 27.123
20 23 99.362
20 25 61.775
20 27 61.723
20 37 69.113
20 43 9.847
21 27 43.177
21 32 33.73
21 41 71.66
21 42 20.513
21 44 81.63
21 46 75.879
21 48 65.728
22 26 14.722
22 38 52.405
22 42 67.567
22 43 99.216
22 47 76.761
23 27 96.208
23 35 45.556
23 41 18.134
23 44 43.358
24 27 15.446
24 28 42.019
24 29 87.127
24 30 35.668
24 32 56.361
24 36 31.744
24 49 64.915
25 31 77.188
25 38 28.463
25 39 30.268
25 40 31.992
25 42 4.901
25 46 85.503
25 47 43.121
25 48 87.943
26 36 48.888
26 40 38.805
26 41 30.472
26 43 15.755
27 28 33.464
27 39 99.019
27 40 69.572
27 42 85.888
27 43 60.772
27 48 24.033
28 31 0.961
28 35 74.334
28 44 83.046
28 48 83.586
29 45 37.31
30 39 0.936
30 42 9.544
30 46 14.831
30 49 89.152
31 35 29.223
31 37 18.346
31 41 67.297
31 42 48.466
31 43 18.561
32 35 6.944
32 37 63.466
32 45 42.057
32 49 3.33
33 36 17.21
33 39 38.98
33 49 69.959
34 47 17.015
35 38 47.752
35 42 87.389
36 41 98.581
37 40 97.176
37 41 10.334
37 44 89.422
37 48 27.484
37 49 72.996
38 39 15.701
38 49 68.668
39 47 58.435
39 49 8.279
40 45 72.802
40 48 18.032
41 42 45.2
41 49 2.127
42 47 94.068
43 44 3.179
44 47 67.18
46 47 39.423
48 49 92.988
