50
11 20 34.98
15 47 40.17
41 42 37.78
18 27 59.57
10 30 2.63
44 48 53.30
4 18 64.38
15 32 23.19
10 45 65.28
4 28 31.08
9 49 97.69
8 46 89.49
26 47 40.02
23 49 5.07
1 19 73.52
6 12 75.14
42 47 76.82
7 27 82.55
14 23 71.27
19 37 80.19
21 43 18.83
13 20 88.22
0 17 9.38
14 21 26.05
3 5 18.46
5 13 62.13
46 47 40.45
17 28 63.19
25 32 10.49
13 18 93.70
25 27 50.85
10 39 22.23
5 19 54.43
11 39 65.71
1 8 77.47
31 36 32.20
24 41 56.70
18 23 91.42
35 41 50.47
1 11 36.86
33 41 24.62
7 16 65.49
9 37 86.52
4 41 44.32
33 45 29.18
15 29 92.54
7 45 28.39
4 12 64.04
29 46 14.29
11 26 61.89
26 42 30.79
15 30 87.92
44 47 58.94
7 41 23.15
4 22 85.31
21 27 84.41
11 33 7.60
7 26 54.79
25 39 63.26
9 19 2.65
40 45 80.60
0 39 98.06
21 23 94.15
19 25 89.32
6 24 11.68
6 38 6.70
2 32 24.74
11 47 68.08
15 31 45.16
18 45 25.53
4 21 46.01
3 20 34.11
30 36 4.64
19 30 16.04
12 35 40.87
9 44 64.00
11 13 26.35
3 14 97.64
29 49 84.20
1 27 66.97
35 42 73.54
22 40 48.23
36 38 67.71
4 17 58.90
6 23 50.78
8 11 4.42
32 35 95.88
5 10 87.19
9 24 35.11
25 34 12.95
36 39 95.28
28 31 29.71
48 49 72.71
33 42 75.58
19 23 21.87
15 22 67.10
28 37 57.90
0 10 51.80
17 35 86.88
11 37 22.11
14 26 58.45
25 40 66.40
17 38 12.28
3 13 4.21
1 46 7.08
3 10 27.31
6 15 22.57
14 16 76.51
11 16 35.88
39 46 30.37
1 20 6.07
24 39 16.30
7 22 8.44
4 32 24.66
28 46 68.11
37 47 41.57
28 38 51.95
28 33 93.68
24 37 21.51
2 3 97.06
11 44 58.74
12 46 98.73
11 17 95.51
5 49 1.27
19 44 11.14
9 23 69.93
3 16 90.13
10 21 73.34
8 26 27.87
8 15 85.08
29 33 54.17
27 45 13.86
16 23 81.31
7 25 5.97
2 20 19.54
7 11 2.04
26 30 84.58
1 45 8.39
24 47 96.85
31 41 83.51
7 39 19.74
2 43 97.20
20 31 86.93
17 20 54.53
17 41 1.03
4 31 78.05
11 30 98.08
3 28 34.30
20 49 26.97
7 35 61.25
34 39 41.35
3 23 76.62
39 45 53.73
44 45 28.94
8 22 84.93
4 33 35.92
36 45 79.42
8 33 64.52
34 48 61.36
1 40 88.90
5 47 15.89
9 22 75.03
6 44 7.81
33 48 68.77
32 34 25.79
33 38 94.21
10 17 57.44
21 24 90.20
16 19 48.05
28 48 54.24
28 49 84.81
23 47 37.68
17 22 49.89
9 46 28.07
6 9 17.08
37 48 9.85
4 43 69.85
38 48 47.51
18 35 23.35
3 35 83.08
28 42 40.14
20 45 49.39
18 19 80.29
2 46 46.00
8 12 38.63
19 39 11.82
32 33 52.71
23 38 76.21
26 44 58.38
20 32 83.84
36 44 70.28
12 21 51.50
34 42 28.13
9 26 86.76
30 47 75.28
25 38 88.95
12 19 50.72
1 37 93.25
2 44 48.92
31 32 47.04
13 22 87.75
36 40 73.62
12 34 83.19
15 33 42.18
6 47 11.59
9 35 53.80
10 34 23.97
12 40 37.21
7 13 92.37
13 48 41.43
23 31 82.10
6 20 87.37
3 17 77.93
3 49 6.28
8 45 11.61
15 49 65.30
8 30 34.74
18 47 62.19
11 38 51.95
6 35 13.21
8 29 90.95
19 31 41.61
0 41 4.45
28 40 62.86
12 48 78.00
1 42 67.77
37 43 29.94
1 7 1.66
0 14 91.52
38 43 15.79
10 43 71.73
12 39 74.24
7 21 7.08
26 33 82.25
0 20 18.42
42 46 17.83
21 44 37.45
20 47 94.00
21 47 24.25
2 34 54.16
33 40 76.40
17 39 72.07
3 34 8.94
1 35 73.08
43 47 97.93
2 30 76.86
30 43 25.54
2 15 29.46
43 49 67.44
14 33 6.63
35 46 20.58
22 25 29.08
10 14 20.36
1 39 15.67
9 36 30.77
12 45 24.62
18 36 37.73
28 35 88.07
15 17 75.73
27 47 5.81
34 49 11.77
34 46 17.65
4 11 7.36
15 18 91.48
32 39 47.43
15 25 16.47
7 19 87.00
12 49 67.41
27 40 71.44
29 47 79.49
22 47 17.53
41 43 21.08
12 26 67.95
16 38 66.24
2 48 84.54
25 44 71.65
1 48 92.59
23 26 97.41
12 16 89.55
31 46 82.21
23 24 49.92
23 25 83.84
1 24 82.31
27 37 72.82
20 48 79.43
12 28 23.23
12 31 2.05
1 17 96.79
6 22 77.17
42 43 71.08
8 18 32.70
19 22 33.28
4 7 34.58
6 37 86.06
26 32 82.05
18 28 49.91
25 49 90.82
14 22 92.62
20 41 29.46
10 41 2.93
1 3 4.37
21 40 53.26
8 10 47.21
11 22 4.40
25 30 72.66
17 43 74.70
10 20 24.59
26 36 64.45
35 39 82.37
35 47 23.33
3 11 31.38
22 44 2.18
17 40 9.41
5 40 92.92
37 44 95.12
20 26 60.40
26 45 2.92
5 11 5.24
17 33 49.20
14 43 46.82
16 35 8.12
34 37 51.15
13 31 42.78
21 33 25.00
2 11 57.48
24 44 96.57
28 45 66.70
3 26 45.07
23 41 26.39
2 36 97.05
31 42 59.37
29 41 22.87
20 37 44.60
2 16 68.50
8 48 19.30
8 49 22.83
19 46 77.32
5 22 57.23
0 32 27.19
22 32 19.42
35 36 10.31
42 48 4.15
3 7 5.79
15 34 47.98
4 15 31.34
3 27 72.12
6 27 1.48
3 38 60.91
36 41 87.43
30 48 46.70
8 21 43.47
28 36 96.20
15 35 70.74
0 12 1.82
23 29 93.75
2 49 17.71
13 24 66.50
19 36 30.15
19 26 38.94
33 35 78.84
35 37 51.30
4 49 8.18
23 46 60.65
1 31 23.94
6 26 94.39
30 49 79.59
2 10 29.38
6 14 72.63
32 41 72.83
9 11 91.15
45 49 78.52
21 39 56.25
33 49 37.49
5 48 41.34
30 39 31.84
24 25 2.05
5 36 93.01
10 28 63.16
8 38 97.58
10 18 39.22
35 44 40.32
13 28 84.71
38 49 47.11
5 27 28.14
43 44 86.88
16 24 88.53