50
0 4 22.84
0 8 15.121
0 14 50.747
0 22 61.265
0 32 99.062
0 34 75.082
0 39 98.721
0 47 22.441
1 15 6.358
1 24 43.29
1 27 57.684
1 42 53.674
1 47 71.728
2 3 80.956
2 7 40.53
2 8 20.86
2 11 97.862
2 19 11.189
2 24 78.216
2 38 82.735
3 7 81.76
3 12 16.501
3 14 99.316
3 15 48.523
3 18 10.344
3 28 27.849
3 49 90.842
4 12 44.535
4 18 86.923
4 39 31.379
4 47 0.236
5 13 82.337
5 27 29.837
5 41 83.564
5 45 28.738
5 49 81.489
6 9 2.822
6 11 25.201
6 20 51.725
6 27 50.116
6 35 20.986
6 36 88.567
6 44 9.776
7 16 17.066
7 21 87.149
7 48 27.831
7 49 7.675
8 9 56.422
8 28 25.249
8 41 69.459
8 42 55.039
9 23 92.838
9 34 68.797
9 41 88.046
10 12 97.573
10 13 82.678
10 20 12.602
10 21 54.03
10 32 55.949
10 43 92.629
10 49 84.874
11 13 2.792
11 21 18.83
11 23 86.038
11 26 5.066
11 37 16.667
12 32 22.566
12 39 43.066
12 40 42.34
12 48 53.026
13 16 62.533
13 24 64.971
13 32 61.301
13 35 72.03
13 42 9.281
14 16 35.049
14 31 95.925
14 35 71.735
14 40 18.907
14 48 98.677
15 16 66.411
16 37 99.706
16 47 8.062
16 49 15.911
17 23 3.253
17 26 83.414
17 45 13.925
18 34 28.408
18 37 37.554
18 39 26.051
18 41 89.236
18 46 30.036
19 20 13.059
19 21 99.286
19 22 38.851
19 26 85.04
19 35 11.585
19 37 18.431
19 43 92.091
20 23 31.155
20 24 49.645
20 26 64.411
20 42 38.583
20 47 79.497
20 49 65.761
21 31 53.087
21 38 88.426
23 29 29.169
23 46 76.485
24 44 55.58
24 46 47.152
24 48 40.902
25 38 60.405
25 39 79.388
25 40 26.289
25 42 52.791
25 44 79.993
25 45 11.634
26 30 83.527
26 45 40.141
27 32 84.526
27 42 27.915
28 31 85.678
30 40 91.247
31 35 98.875
31 46 91.13
31 49 20.267
32 34 41.386
33 34 24.36
33 38 75.685
33 41 28.682
33 47 93.022
33 49 13.093
34 48 78.73
35 41 25.129
35 42 23.766
35 44 26.299
35 48 73.434
35 49 44.975
36 49 93.447
37 38 94.465
38 39 48.431
38 41 31.472
38 47 94.916
38 49 85.335
39 47 66.408
39 48 10.736
43 48 0.416
43 49 64.69
44 45 5.607
45 47 73.889
47 48 95.754
