50
0 1 27
0 10 20
0 14 1
0 15 94
0 16 61
0 17 59
0 18 72
0 2 94
0 25 68
0 27 11
0 28 48
0 3 33
0 31 11
0 37 9
0 4 68
0 40 65
0 44 92
0 49 74
0 5 98
0 7 90
0 9 66
1 15 88
1 18 43
1 19 53
1 2 85
1 21 86
1 22 23
1 23 3
1 25 13
1 3 8
1 30 70
1 31 78
1 33 20
1 37 57
1 39 78
1 4 24
1 40 29
1 41 1
1 43 88
1 44 23
1 46 52
1 48 61
1 49 75
1 5 46
1 6 14
1 7 81
10 11 46
10 12 35
10 17 19
10 18 14
10 19 15
10 22 89
10 23 2
10 24 81
10 28 77
10 30 94
10 33 3
10 36 2
10 37 79
10 38 35
10 39 34
10 40 81
10 42 95
10 45 57
11 12 99
11 18 71
11 20 98
11 24 8
11 26 72
11 33 89
11 36 80
11 38 30
11 41 39
11 46 83
11 47 75
11 48 17
11 49 84
12 13 68
12 15 13
12 20 64
12 22 39
12 23 37
12 25 78
12 27 49
12 28 32
12 29 18
12 32 56
12 34 60
12 37 36
12 38 82
12 39 34
12 40 15
12 41 24
12 42 40
12 44 48
12 47 4
12 48 80
12 49 69
13 14 81
13 16 96
13 17 55
13 18 90
13 20 21
13 21 17
13 23 18
13 24 80
13 26 97
13 28 15
13 29 67
13 30 58
13 34 39
13 35 77
13 36 92
13 41 64
13 43 14
13 44 30
13 45 52
13 46 59
13 48 81
13 49 49
14 15 32
14 23 53
14 24 39
14 27 23
14 32 32
14 34 72
14 39 52
14 42 64
14 44 78
14 47 29
14 48 5
14 49 9
15 16 56
15 18 1
15 21 39
15 22 20
15 23 66
15 25 28
15 28 92
15 34 41
15 36 7
15 37 61
15 38 47
15 39 37
15 40 36
15 41 16
15 42 14
15 43 7
15 44 44
15 45 65
15 46 56
16 17 77
16 18 47
16 19 18
16 21 47
16 22 91
16 23 88
16 25 83
16 27 81
16 28 2
16 32 8
16 34 72
16 35 55
16 36 98
16 37 26
16 40 85
16 41 10
16 42 72
16 44 17
16 45 19
16 47 41
16 48 50
16 49 98
17 18 45
17 20 19
17 21 56
17 23 74
17 24 74
17 25 63
17 27 50
17 28 89
17 30 93
17 32 3
17 34 99
17 35 80
17 36 47
17 37 35
17 40 32
17 42 50
17 44 86
17 49 16
18 19 93
18 20 73
18 21 31
18 22 63
18 24 88
18 25 86
18 26 65
18 27 58
18 35 97
18 36 83
18 39 37
18 40 25
18 41 81
18 43 22
18 44 87
18 45 53
19 20 42
19 21 63
19 27 89
19 34 34
19 36 38
19 37 78
19 38 22
19 39 79
19 40 2
19 44 25
19 45 61
19 46 41
2 18 3
2 19 33
2 21 21
2 23 17
2 25 66
2 27 20
2 29 40
2 3 70
2 32 70
2 34 80
2 37 3
2 42 86
2 45 43
2 46 59
2 47 82
2 48 29
2 49 89
2 5 32
2 7 10
20 21 60
20 24 20
20 27 5
20 28 65
20 29 21
20 31 69
20 33 4
20 34 86
20 39 37
20 44 80
20 49 9
21 22 13
21 24 45
21 25 2
21 31 75
21 33 44
21 34 72
21 37 2
21 38 76
21 39 21
21 40 78
21 41 67
21 43 29
21 44 25
21 45 13
21 46 28
21 49 30
22 23 10
22 26 54
22 27 31
22 28 99
22 33 22
22 34 90
22 36 74
22 37 94
22 38 88
22 42 49
22 43 12
22 44 38
22 45 60
22 46 78
22 47 99
22 48 38
22 49 31
23 24 65
23 25 13
23 26 99
23 28 46
23 29 50
23 39 86
23 40 56
23 41 92
23 47 29
23 48 74
24 25 67
24 26 53
24 27 39
24 28 22
24 31 69
24 32 22
24 33 97
24 34 97
24 35 40
24 38 58
24 40 35
24 42 95
24 43 68
24 45 32
24 46 40
24 47 36
24 48 14
25 26 32
25 27 53
25 28 20
25 29 46
25 32 60
25 35 17
25 37 96
25 39 9
25 41 31
25 42 37
25 46 25
25 47 56
25 48 89
25 49 68
26 27 46
26 28 78
26 29 94
26 31 37
26 35 60
26 36 65
26 37 88
26 39 27
26 40 79
26 42 78
26 43 13
26 44 43
26 45 26
26 46 9
26 49 9
27 28 16
27 31 6
27 32 82
27 36 23
27 37 50
27 38 22
27 39 37
27 40 98
27 41 56
27 42 15
27 44 76
27 45 33
27 47 89
27 48 88
27 49 99
28 29 75
28 30 41
28 31 75
28 34 92
28 36 85
28 37 51
28 38 89
28 41 9
28 42 94
28 43 22
28 44 75
28 45 93
28 46 67
28 47 1
28 49 1
29 30 37
29 31 89
29 32 84
29 34 51
29 36 50
29 41 19
29 48 44
29 49 77
3 11 28
3 14 87
3 15 18
3 16 92
3 17 54
3 18 83
3 21 52
3 22 51
3 23 2
3 24 88
3 25 71
3 29 11
3 32 23
3 33 44
3 34 8
3 36 20
3 37 23
3 39 41
3 4 18
3 40 51
3 41 31
3 45 31
3 46 50
3 47 18
3 49 64
3 7 81
3 9 62
30 31 73
30 35 27
30 37 36
30 38 7
30 39 50
30 40 7
30 44 32
30 45 13
30 47 35
31 32 4
31 37 36
31 39 96
31 40 26
31 41 54
31 44 79
31 45 63
31 48 67
31 49 18
32 33 68
32 34 78
32 35 43
32 36 55
32 37 61
32 41 2
32 42 17
32 43 62
32 46 54
32 47 43
32 48 82
33 34 47
33 36 61
33 38 65
33 39 67
33 41 50
33 42 87
33 44 16
33 45 17
33 48 76
33 49 56
34 35 37
34 36 79
34 38 27
34 40 20
34 41 42
34 42 27
34 44 35
34 47 70
35 36 4
35 37 83
35 41 82
35 46 13
35 49 27
36 37 46
36 39 13
36 40 91
36 41 39
36 46 84
36 48 17
37 38 68
37 39 60
37 40 78
37 41 92
37 42 78
37 44 50
37 45 54
37 46 84
37 49 4
38 39 93
38 40 15
38 43 2
38 44 92
38 45 26
38 46 78
39 40 18
39 41 59
39 44 61
39 46 7
39 47 62
39 49 19
4 12 76
4 13 52
4 15 13
4 16 44
4 18 93
4 22 65
4 23 41
4 24 55
4 26 11
4 28 18
4 30 83
4 31 93
4 35 56
4 36 23
4 37 49
4 42 11
4 43 28
4 44 33
4 46 40
4 48 36
4 49 45
4 5 39
4 7 62
4 8 15
4 9 34
40 41 45
40 42 29
40 45 28
40 47 11
40 48 21
40 49 46
41 42 93
41 44 68
41 48 26
41 49 84
42 43 63
42 45 1
42 46 86
42 47 76
43 44 7
43 46 13
43 47 74
44 45 54
44 46 79
44 48 56
45 46 56
45 47 76
45 48 82
45 49 99
46 47 44
46 48 44
46 49 27
47 48 61
47 49 39
48 49 1
5 10 79
5 11 50
5 12 20
5 14 42
5 16 60
5 18 21
5 19 88
5 20 86
5 22 60
5 23 14
5 24 66
5 25 62
5 26 10
5 27 65
5 28 37
5 36 22
5 37 82
5 39 68
5 43 39
5 45 63
5 48 99
5 49 98
5 6 88
5 8 78
6 12 38
6 16 4
6 19 66
6 21 33
6 23 68
6 31 72
6 33 70
6 34 81
6 36 58
6 38 40
6 39 92
6 41 66
6 42 1
6 43 3
6 44 42
6 45 93
6 46 73
6 48 6
6 7 89
6 9 79
7 11 17
7 12 43
7 14 45
7 15 93
7 17 19
7 18 76
7 21 46
7 22 53
7 24 90
7 26 18
7 27 8
7 28 42
7 29 91
7 30 56
7 31 7
7 35 13
7 37 91
7 39 98
7 41 52
7 42 33
7 43 21
7 44 31
7 48 58
7 8 33
7 9 14
8 10 50
8 13 12
8 15 25
8 16 94
8 17 49
8 18 55
8 19 13
8 20 67
8 21 87
8 22 7
8 23 11
8 24 75
8 25 92
8 27 6
8 29 37
8 30 45
8 32 73
8 33 28
8 34 5
8 35 15
8 36 5
8 37 18
8 38 8
8 40 99
8 41 44
8 42 80
8 44 8
8 46 55
8 47 10
8 9 13
9 10 21
9 11 25
9 12 11
9 13 86
9 16 61
9 18 87
9 19 4
9 21 26
9 22 30
9 24 1
9 29 32
9 30 76
9 31 36
9 32 17
9 33 43
9 35 96
9 36 4
9 37 38
9 41 32
9 42 11
9 43 41
9 45 96
9 46 6
9 47 37
9 48 10
9 49 85
