50
0 2 36.515
0 3 39.223
0 4 34.3
0 8 28.284
0 28 31.623
0 34 31.623
0 35 39.223
1 2 22.646
1 3 27.217
1 4 25.4
1 5 22.361
1 6 27.735
1 7 27.735
1 9 29.488
1 10 25.0
1 12 20.851
1 14 22.086
1 15 23.57
1 19 25.4
1 20 28.868
1 24 22.942
1 39 28.284
1 42 29.488
1 45 30.861
2 5 30.861
2 16 40.825
2 25 33.333
2 38 42.64
4 6 25.4
4 8 25.0
4 9 44.721
4 16 33.333
5 7 33.333
5 11 30.151
5 14 25.4
5 22 30.861
5 49 32.444
6 10 40.825
6 11 37.796
6 13 27.735
6 20 37.796
6 40 37.796
7 12 35.355
7 36 32.444
7 37 32.444
8 13 23.905
8 17 25.82
8 21 37.796
8 24 36.515
10 23 30.151
11 18 42.64
12 15 25.82
12 18 25.4
12 22 32.444
12 23 25.0
12 25 39.223
12 26 24.618
12 31 28.284
13 26 30.861
13 28 25.82
13 29 26.261
13 31 34.3
13 34 24.254
13 41 30.861
13 42 27.217
13 43 27.217
13 48 27.217
14 17 33.333
14 21 33.333
14 32 37.796
14 36 26.726
15 41 36.515
15 44 39.223
15 47 32.444
17 19 35.355
17 33 27.217
18 30 40.825
18 33 36.515
20 27 44.721
23 27 44.721
23 29 47.14
23 47 34.3
24 39 53.452
26 30 31.623
26 40 34.3
26 43 37.796
26 46 30.861
27 46 33.333
28 32 29.488
33 37 39.223
34 35 39.223
37 38 32.444
37 44 37.796
38 48 30.861
40 45 29.488
46 49 42.64