50
0 1 84.74
0 3 49.54
0 4 65.16
0 6 2.84
0 8 76.22
0 9 44.54
0 10 22.88
0 13 2.55
0 14 93.91
0 15 21.67
0 16 2.91
0 17 43.79
0 18 23.31
0 19 21.88
0 20 28.98
0 21 83.75
0 22 64.23
0 23 99.24
0 25 33.27
0 26 71.11
0 28 83.0
0 29 30.34
0 30 88.24
0 32 58.9
0 33 24.28
0 35 17.31
0 36 70.3
0 37 37.47
0 38 50.84
0 40 39.33
0 41 2.97
0 42 70.33
0 44 39.36
0 45 50.22
0 48 86.02
0 49 51.38
1 3 45.91
1 4 54.8
1 6 78.36
1 9 80.91
1 10 56.13
1 11 5.62
1 13 19.99
1 14 48.49
1 15 34.61
1 16 62.35
1 17 45.82
1 18 22.97
1 19 58.44
1 24 84.17
1 25 8.33
1 26 1.47
1 28 10.96
1 29 34.45
1 30 15.97
1 31 16.82
1 32 71.15
1 33 32.2
1 34 2.37
1 35 42.09
1 36 10.88
1 38 20.91
1 39 81.7
1 40 1.8
1 41 71.88
1 42 70.46
1 43 54.47
1 44 97.55
1 46 22.33
1 47 39.49
1 48 32.13
1 49 5.89
2 3 96.78
2 5 85.84
2 6 93.92
2 7 41.62
2 8 0.86
2 10 81.94
2 12 17.16
2 15 50.89
2 16 34.7
2 17 67.41
2 18 19.42
2 19 66.59
2 20 49.98
2 21 87.15
2 23 20.09
2 24 98.7
2 26 21.31
2 27 83.76
2 29 88.23
2 30 48.45
2 32 72.54
2 33 16.98
2 35 75.91
2 36 84.11
2 37 34.03
2 38 86.73
2 39 95.42
2 41 55.12
2 42 3.92
2 43 86.61
2 46 61.52
2 48 57.08
2 49 8.18
3 4 89.07
3 5 92.5
3 6 27.72
3 9 67.04
3 10 11.52
3 12 23.97
3 14 11.56
3 15 24.15
3 16 10.29
3 18 97.02
3 20 25.35
3 21 10.02
3 22 3.97
3 23 98.25
3 24 59.66
3 25 31.33
3 26 91.33
3 29 21.53
3 30 97.99
3 31 68.82
3 32 25.91
3 33 30.74
3 34 8.15
3 35 98.33
3 36 65.2
3 37 94.06
3 38 30.68
3 39 31.68
3 42 33.44
3 43 57.9
3 44 24.51
3 45 24.38
3 46 55.12
3 47 7.52
3 48 29.09
4 5 86.26
4 6 50.14
4 8 94.91
4 9 77.62
4 12 10.7
4 13 91.93
4 14 89.37
4 15 91.04
4 16 31.61
4 21 68.96
4 22 43.27
4 23 71.48
4 24 25.26
4 25 96.33
4 27 54.14
4 29 39.57
4 30 25.8
4 31 64.64
4 32 57.06
4 33 35.5
4 34 12.52
4 35 82.89
4 36 40.11
4 37 23.36
4 38 52.87
4 39 64.88
4 40 68.65
4 41 23.84
4 42 47.88
4 43 41.23
4 44 90.69
4 46 64.64
4 47 7.16
4 48 87.73
4 49 76.6
5 7 69.25
5 9 70.12
5 10 59.46
5 14 17.63
5 15 21.77
5 16 75.77
5 17 68.16
5 18 34.8
5 19 16.49
5 20 4.08
5 23 26.76
5 26 77.57
5 28 70.04
5 29 92.42
5 31 80.27
5 32 16.48
5 33 12.64
5 36 60.07
5 37 11.82
5 38 24.83
5 39 0.41
5 40 43.88
5 41 62.75
5 42 83.53
5 43 28.48
5 44 27.33
5 45 25.09
5 46 79.1
5 49 49.08
6 9 38.33
6 10 10.82
6 12 74.72
6 13 96.49
6 16 50.04
6 17 31.13
6 18 35.68
6 19 0.09
6 20 44.96
6 21 39.94
6 23 49.23
6 24 37.76
6 25 0.4
6 26 59.81
6 29 98.69
6 30 83.45
6 31 74.46
6 33 17.04
6 34 53.09
6 35 0.36
6 36 42.59
6 37 86.12
6 38 73.38
6 40 49.27
6 41 64.03
6 42 62.96
6 43 62.92
6 44 93.7
6 49 34.95
7 8 70.8
7 10 15.21
7 12 46.71
7 13 51.03
7 14 42.26
7 15 65.68
7 16 50.72
7 18 40.19
7 19 60.5
7 20 20.78
7 22 7.5
7 24 36.82
7 25 73.67
7 26 65.3
7 27 81.49
7 28 60.96
7 29 56.1
7 30 78.97
7 32 22.24
7 34 84.37
7 35 89.93
7 36 31.66
7 37 76.15
7 39 62.59
7 40 97.3
7 41 91.31
7 42 60.62
7 43 52.66
7 44 13.82
7 45 36.11
7 47 71.81
7 48 30.55
7 49 39.7
8 9 10.01
8 10 5.54
8 11 88.88
8 12 3.48
8 13 81.48
8 15 34.25
8 17 69.26
8 18 39.97
8 19 37.79
8 20 23.18
8 22 57.99
8 23 71.49
8 24 59.36
8 27 79.74
8 29 38.32
8 30 91.88
8 31 88.0
8 33 91.36
8 34 14.52
8 35 5.72
8 36 13.01
8 37 83.99
8 39 6.09
8 41 27.36
8 42 9.11
8 43 63.75
8 44 68.67
8 46 38.97
8 47 96.95
8 48 24.31
8 49 93.51
9 10 34.96
9 11 56.02
9 12 6.09
9 13 41.27
9 14 88.0
9 15 66.24
9 16 74.32
9 17 75.22
9 18 97.63
9 19 91.86
9 22 9.13
9 24 37.03
9 26 53.15
9 27 12.83
9 28 70.76
9 30 52.45
9 31 80.03
9 32 3.43
9 33 73.26
9 34 13.01
9 38 42.48
9 39 55.72
9 40 33.87
9 43 10.48
9 44 44.86
9 46 83.47
9 47 53.56
10 11 15.71
10 12 52.11
10 13 34.54
10 14 4.37
10 16 31.37
10 17 35.26
10 18 74.85
10 19 52.61
10 20 91.43
10 21 32.76
10 22 97.93
10 23 91.28
10 30 52.37
10 31 99.24
10 33 74.66
10 34 94.22
10 35 40.26
10 36 97.97
10 37 16.79
10 38 68.72
10 39 90.67
10 40 41.11
10 41 5.02
10 42 54.57
10 43 10.7
10 44 63.21
10 45 7.86
10 46 85.06
10 47 17.34
10 49 36.81
11 13 28.38
11 15 86.54
11 17 67.56
11 18 94.46
11 20 81.4
11 22 20.14
11 23 77.03
11 24 48.71
11 25 88.26
11 27 4.02
11 29 18.98
11 30 69.13
11 31 12.01
11 32 88.71
11 33 97.07
11 34 57.2
11 35 52.56
11 36 81.85
11 38 62.99
11 39 30.2
11 40 58.63
11 41 97.65
11 42 63.66
11 44 56.59
11 45 40.22
11 48 89.87
12 14 46.44
12 16 74.93
12 17 33.66
12 18 11.66
12 19 41.52
12 20 17.21
12 21 85.78
12 22 28.72
12 24 51.38
12 25 69.13
12 26 77.69
12 27 71.54
12 28 97.14
12 29 9.15
12 30 96.64
12 31 2.62
12 32 47.98
12 34 72.35
12 36 61.19
12 38 53.45
12 39 94.6
12 41 55.28
12 42 67.16
12 43 26.54
12 44 47.97
12 48 8.73
12 49 66.87
13 14 50.78
13 16 85.38
13 17 38.64
13 19 52.07
13 20 88.79
13 22 49.25
13 24 21.47
13 26 48.6
13 27 98.89
13 28 92.57
13 30 54.05
13 31 75.98
13 33 27.46
13 34 41.17
13 35 19.54
13 36 59.85
13 38 60.9
13 39 41.38
13 40 69.54
13 41 21.45
13 42 47.06
13 43 60.57
13 44 87.98
13 45 53.48
13 46 32.6
13 47 64.5
14 15 49.37
14 16 12.8
14 17 25.65
14 18 53.88
14 19 56.31
14 20 22.63
14 21 56.76
14 23 0.43
14 24 30.53
14 25 8.46
14 26 68.07
14 28 60.11
14 29 2.32
14 30 13.95
14 31 76.99
14 32 4.11
14 33 72.49
14 34 31.71
14 35 4.99
14 36 13.91
14 37 93.36
14 38 24.21
14 39 27.37
14 40 32.19
14 42 80.35
14 43 84.33
14 44 87.03
14 45 67.9
14 46 52.77
14 47 53.58
14 48 89.82
14 49 54.91
15 16 50.85
15 17 21.51
15 18 54.59
15 19 27.1
15 20 47.32
15 21 10.38
15 22 65.44
15 23 54.47
15 25 68.46
15 26 30.82
15 27 15.58
15 29 87.9
15 30 84.15
15 32 88.85
15 33 84.9
15 34 43.97
15 35 60.1
15 36 66.68
15 38 0.83
15 41 37.95
15 42 88.27
15 43 77.92
15 44 42.23
15 46 60.58
15 47 47.08
15 48 70.41
15 49 4.22
16 17 13.96
16 18 35.63
16 19 98.35
16 21 80.2
16 23 80.82
16 24 56.23
16 25 15.87
16 28 87.97
16 29 65.75
16 32 43.49
16 33 29.4
16 35 69.92
16 36 51.9
16 37 67.3
16 39 64.27
16 40 34.1
16 41 97.51
16 42 89.72
16 43 83.38
16 44 71.65
16 45 33.56
16 47 78.45
16 48 47.12
16 49 77.31
17 18 19.38
17 19 54.2
17 20 92.67
17 22 37.61
17 23 2.63
17 24 18.3
17 26 79.78
17 27 15.56
17 31 39.66
17 32 73.6
17 34 39.08
17 35 80.38
17 38 34.25
17 39 77.5
17 42 58.53
17 43 42.74
17 46 70.03
17 47 65.35
17 48 24.8
18 19 64.39
18 20 56.0
18 21 47.89
18 23 1.23
18 25 27.81
18 26 59.49
18 28 31.84
18 29 44.87
18 30 41.76
18 31 39.55
18 32 20.08
18 34 15.16
18 35 84.48
18 37 73.1
18 38 14.28
18 39 34.94
18 40 46.78
18 41 13.03
18 42 19.66
18 44 19.85
18 45 87.18
18 46 55.39
18 47 19.59
18 48 7.72
19 20 74.63
19 21 68.24
19 22 12.92
19 23 7.43
19 24 38.17
19 25 66.17
19 27 83.85
19 28 70.93
19 29 53.54
19 30 82.73
19 31 46.35
19 32 81.01
19 33 61.52
19 35 5.83
19 37 81.22
19 39 10.34
19 41 24.6
19 42 50.77
19 43 90.59
19 44 81.92
19 45 92.31
19 46 71.62
19 47 0.37
19 48 20.16
20 21 48.2
20 22 26.77
20 23 67.15
20 25 85.52
20 28 27.2
20 29 83.1
20 30 55.95
20 31 4.49
20 32 82.28
20 33 92.43
20 35 67.81
20 36 42.27
20 37 95.68
20 38 19.01
20 39 52.18
20 40 35.98
20 44 90.58
20 45 83.4
20 46 14.78
20 48 4.31
20 49 99.05
21 23 99.3
21 26 39.44
21 28 93.46
21 29 90.98
21 30 42.68
21 31 31.73
21 32 58.93
21 34 86.49
21 37 99.87
21 39 11.36
21 40 1.45
21 42 36.84
21 43 63.74
21 44 48.49
21 45 84.71
21 46 50.01
21 48 16.08
21 49 21.4
22 24 10.8
22 25 50.86
22 29 3.77
22 30 63.07
22 32 96.91
22 33 57.38
22 34 7.5
22 35 93.61
22 36 8.34
22 37 72.61
22 38 21.06
22 39 48.04
22 40 30.14
22 44 31.55
22 47 44.22
22 48 74.74
22 49 31.55
23 24 88.68
23 25 58.83
23 26 87.28
23 27 97.3
23 28 11.48
23 29 58.67
23 30 26.66
23 31 5.54
23 33 96.39
23 34 21.98
23 36 98.16
23 37 25.34
23 38 0.93
23 40 81.7
23 41 52.82
23 42 28.88
23 43 37.14
23 44 65.34
23 45 18.16
23 46 29.7
23 48 47.4
23 49 2.08
24 25 62.56
24 26 95.21
24 27 70.76
24 28 7.41
24 29 70.16
24 33 55.04
24 34 47.76
24 35 57.57
24 37 47.12
24 39 52.44
24 40 80.56
24 41 25.92
24 42 60.46
24 43 45.76
24 45 44.42
24 46 92.54
24 47 62.58
24 48 43.74
24 49 35.63
25 27 75.14
25 28 30.65
25 29 33.82
25 30 78.69
25 32 8.18
25 33 98.9
25 34 12.84
25 35 95.94
25 36 23.26
25 38 18.3
25 40 57.4
25 41 29.38
25 42 52.64
25 43 86.62
25 44 19.9
25 46 61.75
25 47 24.35
25 48 21.02
25 49 98.94
26 27 87.91
26 28 70.44
26 29 49.79
26 30 3.13
26 31 55.39
26 33 31.76
26 34 58.36
26 35 54.8
26 36 1.14
26 37 8.65
26 38 50.11
26 40 74.93
26 42 37.28
26 43 10.26
26 44 51.13
26 45 92.25
26 47 0.33
26 48 73.17
27 28 0.91
27 29 33.27
27 30 0.89
27 31 20.02
27 32 55.07
27 33 23.36
27 34 88.69
27 35 55.53
27 36 33.14
27 37 1.61
27 38 64.01
27 40 17.66
27 42 79.48
27 44 83.29
27 45 4.32
27 46 34.44
27 47 44.25
27 49 11.93
28 29 74.61
28 30 95.25
28 32 28.62
28 33 42.29
28 34 3.24
28 35 19.49
28 36 45.43
28 38 61.55
28 40 42.61
28 41 83.01
28 44 11.39
28 45 79.75
28 47 92.07
29 30 45.64
29 31 39.61
29 32 1.72
29 33 16.81
29 34 87.15
29 35 14.96
29 36 62.73
29 37 7.98
29 38 23.55
29 39 17.16
29 41 42.84
29 42 88.63
29 45 6.93
29 46 53.46
29 48 19.17
29 49 96.24
30 31 87.02
30 34 66.58
30 35 12.05
30 37 27.09
30 38 96.48
30 39 24.7
30 41 40.3
30 42 4.95
30 44 0.69
30 45 13.55
30 46 89.02
30 47 22.81
30 48 51.07
31 32 90.35
31 33 43.21
31 35 47.5
31 36 35.57
31 37 7.42
31 38 76.29
31 39 20.83
31 40 36.29
31 41 36.04
31 42 67.79
31 44 64.38
31 45 34.25
31 46 83.79
31 47 98.52
31 48 31.61
31 49 3.63
32 33 36.68
32 34 13.56
32 35 31.89
32 36 56.72
32 38 89.03
32 39 48.09
32 40 7.16
32 41 65.84
32 43 18.03
32 44 31.31
32 46 30.63
32 47 95.07
32 48 63.37
32 49 43.15
33 35 35.65
33 36 56.55
33 37 60.85
33 38 32.27
33 39 39.7
33 40 56.7
33 42 44.93
33 45 73.04
33 46 74.11
33 47 50.71
33 48 69.96
34 36 49.72
34 37 55.27
34 38 74.21
34 39 58.86
34 40 72.59
34 42 68.76
34 43 30.36
34 44 75.79
34 45 16.14
34 46 83.29
34 48 96.98
34 49 49.04
35 36 23.4
35 38 65.44
35 39 98.75
35 41 26.21
35 43 18.05
35 45 30.82
35 46 42.74
35 47 55.21
35 48 61.56
36 37 78.74
36 38 15.47
36 39 98.12
36 40 38.0
36 41 73.46
36 42 43.96
36 44 83.52
36 45 72.2
36 46 38.76
36 47 18.21
36 48 85.28
36 49 19.4
37 39 38.98
37 42 59.79
37 43 77.57
37 44 79.85
37 45 92.79
37 46 84.97
37 47 88.88
37 48 5.39
37 49 93.04
38 39 50.75
38 40 54.1
38 41 88.78
38 42 47.78
38 43 14.6
38 45 22.5
38 47 45.4
38 49 10.3
39 40 15.18
39 41 32.17
39 42 1.43
39 43 44.54
39 44 30.31
39 45 31.32
39 47 48.94
39 48 45.87
39 49 53.61
40 41 82.4
40 43 63.55
40 44 31.98
40 45 46.26
40 46 39.42
40 47 21.82
40 48 20.02
40 49 24.54
41 45 94.25
41 46 36.16
41 47 66.06
41 48 78.66
42 43 22.47
42 44 69.86
42 45 17.57
42 46 90.18
42 48 78.01
43 44 6.6
43 45 38.47
43 46 29.37
43 47 80.82
43 48 40.79
43 49 53.36
44 45 98.71
44 47 43.7
44 48 63.77
44 49 97.32
45 47 15.85
45 49 96.81
46 47 58.49
46 48 13.39
46 49 79.37
47 48 31.73
47 49 35.87
48 49 23.51
