50
0 0 16
0 1 29
0 5 1
0 8 12
0 9 63
0 11 50
0 12 78
0 15 93
0 16 31
0 17 66
0 18 37
0 21 95
0 22 29
0 24 19
0 27 47
0 30 97
0 32 72
0 34 55
0 35 16
0 37 7
0 39 12
0 40 93
0 41 58
0 43 43
0 46 41
0 47 38
0 48 24
1 3 80
1 8 82
1 9 42
1 10 31
1 11 17
1 13 65
1 18 28
1 22 94
1 23 87
1 26 89
1 28 44
1 29 72
1 30 73
1 31 31
1 36 5
1 41 4
1 45 75
1 46 3
1 49 14
2 2 6
2 3 85
2 4 43
2 5 47
2 9 19
2 10 45
2 13 84
2 14 89
2 16 45
2 20 5
2 21 74
2 22 91
2 23 10
2 29 80
2 32 4
2 33 88
2 34 70
2 35 21
2 36 71
2 37 17
2 39 20
2 41 36
2 43 83
2 45 11
2 49 82
3 4 32
3 5 39
3 6 60
3 8 1
3 10 60
3 12 71
3 13 30
3 14 93
3 16 94
3 18 81
3 22 92
3 26 39
3 29 49
3 30 65
3 31 10
3 32 91
3 33 24
3 42 47
3 43 85
3 46 13
3 47 78
3 49 82
4 5 98
4 7 81
4 10 71
4 12 20
4 13 55
4 14 83
4 18 72
4 20 36
4 21 38
4 23 38
4 27 15
4 28 31
4 29 11
4 32 12
4 33 83
4 34 12
4 37 61
4 38 60
4 39 22
4 40 19
4 44 72
4 46 97
4 47 90
4 49 20
5 5 97
5 8 76
5 9 27
5 12 92
5 13 61
5 14 78
5 15 41
5 17 82
5 18 39
5 19 95
5 20 75
5 21 83
5 22 17
5 24 39
5 25 59
5 26 39
5 27 74
5 28 27
5 29 2
5 36 30
5 37 29
5 42 92
5 46 88
5 48 44
5 49 43
6 6 19
6 8 33
6 9 48
6 13 97
6 14 19
6 19 70
6 20 29
6 22 17
6 23 4
6 24 77
6 25 83
6 26 73
6 27 22
6 28 96
6 29 26
6 30 74
6 33 48
6 34 6
6 39 7
6 40 72
6 42 11
6 43 34
6 44 89
6 46 67
6 47 6
6 49 52
7 7 98
7 9 39
7 11 55
7 12 23
7 13 55
7 17 24
7 19 57
7 24 5
7 31 30
7 32 73
7 33 8
7 35 81
7 41 40
7 43 58
7 45 42
7 49 34
8 8 67
8 9 38
8 12 36
8 16 67
8 17 5
8 20 59
8 21 32
8 22 43
8 23 19
8 25 47
8 26 74
8 27 42
8 28 13
8 29 50
8 30 58
8 31 93
8 34 61
8 37 9
8 38 55
8 41 32
8 46 82
9 13 57
9 14 38
9 16 7
9 19 3
9 21 49
9 22 83
9 27 20
9 28 65
9 31 8
9 33 38
9 35 24
9 36 70
9 37 58
9 41 49
9 46 82
9 49 89
10 10 69
10 14 79
10 16 68
10 19 55
10 21 21
10 23 20
10 24 96
10 25 74
10 26 96
10 27 15
10 31 85
10 32 78
10 33 51
10 34 80
10 35 71
10 36 56
10 37 84
10 38 88
10 39 48
10 40 71
10 41 60
10 44 42
10 46 16
10 48 32
11 19 21
11 20 24
11 22 31
11 23 42
11 24 33
11 26 58
11 30 25
11 32 91
11 33 9
11 34 50
11 35 54
11 37 77
11 40 85
11 41 79
11 47 9
11 48 26
11 49 59
12 12 52
12 13 53
12 14 77
12 17 39
12 22 5
12 24 59
12 25 46
12 26 13
12 27 56
12 32 40
12 34 92
12 39 90
12 40 53
12 41 27
12 42 45
12 43 60
12 45 45
12 46 2
12 49 86
13 14 2
13 15 25
13 16 27
13 17 70
13 19 22
13 20 35
13 26 43
13 28 67
13 29 50
13 30 8
13 31 63
13 32 40
13 33 85
13 34 57
13 36 95
13 39 23
13 41 92
13 42 5
13 43 23
13 44 83
13 46 17
13 47 4
14 15 10
14 16 74
14 17 4
14 18 33
14 21 62
14 22 73
14 23 84
14 24 38
14 26 64
14 28 20
14 30 44
14 31 92
14 32 55
14 34 64
14 38 42
14 40 77
14 42 7
14 44 89
14 46 10
14 48 75
14 49 15
15 15 13
15 18 14
15 22 56
15 23 4
15 24 37
15 27 96
15 28 38
15 29 58
15 30 34
15 31 34
15 32 32
15 33 92
15 34 73
15 40 76
15 44 74
15 48 25
16 17 65
16 19 7
16 20 39
16 21 10
16 23 95
16 25 43
16 28 89
16 34 37
16 35 56
16 37 51
16 38 34
16 40 20
16 42 90
16 43 69
16 45 53
16 46 81
16 49 74
17 17 42
17 19 54
17 21 63
17 22 7
17 24 83
17 26 29
17 29 33
17 34 52
17 35 76
17 39 49
17 42 29
17 44 11
18 20 19
18 24 33
18 25 37
18 26 97
18 28 66
18 30 91
18 31 29
18 33 54
18 35 31
18 36 85
18 40 67
18 42 75
18 49 70
19 20 2
19 21 50
19 22 13
19 23 81
19 30 11
19 31 54
19 32 13
19 34 39
19 37 19
19 38 43
19 42 72
19 49 55
20 21 44
20 22 90
20 23 35
20 24 14
20 29 17
20 33 6
20 34 91
20 37 88
20 38 67
20 40 50
20 43 16
20 44 61
20 45 60
20 46 43
20 47 52
21 23 10
21 28 54
21 29 4
21 31 98
21 32 5
21 33 44
21 34 52
21 38 10
21 41 16
21 42 22
21 43 15
21 48 70
22 23 94
22 24 13
22 25 22
22 26 57
22 29 95
22 31 66
22 32 65
22 33 9
22 34 88
22 35 91
22 36 25
22 39 80
22 44 32
22 46 1
22 47 81
22 48 61
23 25 46
23 26 73
23 27 79
23 28 82
23 30 1
23 33 25
23 36 4
23 39 12
23 40 46
23 41 22
23 42 57
23 44 94
24 24 52
24 26 79
24 27 20
24 28 16
24 29 93
24 32 77
24 33 6
24 34 4
24 35 84
24 37 96
24 41 54
24 42 21
24 44 51
24 45 44
24 48 64
24 49 22
25 28 83
25 29 35
25 30 23
25 32 85
25 33 60
25 34 59
25 35 3
25 36 87
25 38 14
25 40 92
25 42 16
25 45 30
25 46 83
25 47 79
25 49 84
26 28 24
26 33 15
26 37 63
26 38 24
26 39 30
26 41 97
27 27 1
27 29 20
27 30 6
27 31 68
27 32 76
27 33 56
27 34 68
27 35 74
27 36 82
27 37 32
27 38 78
27 39 72
27 42 53
27 44 71
27 46 40
27 48 88
27 49 31
28 29 68
28 30 55
28 34 65
28 35 8
28 38 41
28 39 45
28 43 56
28 47 20
28 48 35
29 29 32
29 33 75
29 34 37
29 35 22
29 36 64
29 37 78
29 39 40
29 41 21
29 42 70
29 43 60
29 44 68
29 46 34
29 47 46
29 48 31
30 30 31
30 33 58
30 35 55
30 42 49
30 43 54
30 44 95
30 47 6
30 49 15
31 32 93
31 33 31
31 34 14
31 35 20
31 37 35
31 43 25
31 45 54
31 46 67
31 47 32
31 49 33
32 32 5
32 35 55
32 38 85
32 43 61
32 45 16
32 47 2
33 33 1
33 36 24
33 37 25
33 41 79
33 42 92
33 47 95
33 49 28
34 34 21
34 35 2
34 37 51
34 39 65
34 40 46
34 42 36
34 43 2
34 47 42
35 37 85
35 44 19
35 48 84
36 41 41
36 42 61
36 44 31
36 48 84
36 49 25
37 41 74
37 42 11
37 43 6
37 44 54
37 45 52
38 38 37
38 39 23
38 41 10
38 43 13
38 44 28
38 45 27
38 46 73
38 48 19
38 49 32
39 41 47
39 42 23
39 43 18
39 44 79
39 45 81
39 46 65
39 47 5
39 48 7
39 49 12
40 40 21
40 43 87
40 44 92
40 46 27
40 48 42
40 49 2
41 42 34
41 43 73
41 44 45
41 45 53
41 47 87
41 48 73
41 49 82
42 42 6
42 43 75
42 45 20
42 46 44
42 48 78
43 43 24
43 44 50
43 46 79
43 47 33
43 48 74
43 49 57
44 44 39
44 46 75
44 47 69
44 48 57
44 49 8
45 45 4
45 46 81
45 47 94
45 48 65
45 49 24
47 47 40
47 49 83
48 49 75
