49
0 2 88.331
0 3 72.761
0 4 91.133
0 6 90.261
0 8 46.793
0 10 4.344
0 11 96.922
0 13 29.641
0 17 26.583
0 21 20.474
0 22 83.017
0 23 68.956
0 24 25.575
0 25 52.528
0 26 44.643
0 34 67.07
0 35 97.863
0 37 61.128
0 38 86.583
0 39 71.838
0 40 26.342
0 42 44.197
0 43 1.18
0 45 73.698
0 46 58.387
1 2 71.03
1 3 96.628
1 4 19.334
1 8 6.729
1 10 81.148
1 11 70.825
1 12 30.49
1 13 8.892
1 15 6.111
1 19 36.941
1 20 98.238
1 21 50.467
1 23 3.269
1 24 33.754
1 26 5.025
1 27 9.671
1 28 83.987
1 29 30.681
1 30 12.497
1 31 2.15
1 32 52.628
1 35 91.338
1 36 78.912
1 37 14.793
1 39 91.181
1 46 45.765
1 48 7.253
2 6 84.772
2 7 16.102
2 8 93.52
2 9 87.918
2 10 64.138
2 13 91.732
2 15 16.648
2 16 92.719
2 19 6.239
2 21 83.437
2 26 86.647
2 27 58.523
2 30 80.095
2 31 38.789
2 33 27.248
2 34 91.151
2 35 52.672
2 36 88.166
2 37 10.775
2 38 93.111
2 39 32.458
2 41 68.706
2 43 62.502
2 44 76.162
2 46 63.07
3 4 35.98
3 12 33.076
3 15 36.588
3 16 20.552
3 17 57.885
3 18 3.857
3 20 29.897
3 25 30.089
3 27 88.858
3 29 44.556
3 31 29.283
3 32 87.587
3 33 91.53
3 35 15.646
3 36 39.538
3 37 74.095
3 38 92.927
3 40 77.841
3 44 85.232
3 47 24.792
3 48 56.609
4 5 66.956
4 7 61.328
4 8 76.596
4 9 28.375
4 10 43.797
4 13 18.548
4 14 29.001
4 15 19.64
4 16 11.74
4 19 47.425
4 20 33.311
4 24 29.594
4 25 83.162
4 27 6.678
4 30 95.21
4 31 20.735
4 35 16.252
4 37 82.169
4 42 62.35
4 43 81.387
4 46 45.956
4 47 18.926
4 48 30.135
5 11 52.03
5 12 36.787
5 13 10.0
5 14 2.14
5 15 64.627
5 17 71.69
5 19 0.285
5 20 39.324
5 21 18.404
5 24 38.509
5 25 39.712
5 26 64.389
5 28 66.645
5 29 58.466
5 32 35.72
5 33 26.325
5 36 13.404
5 39 20.143
5 40 30.107
5 42 19.28
5 43 33.458
5 44 31.105
5 46 80.564
5 47 26.696
6 13 10.833
6 17 51.099
6 18 88.616
6 21 62.709
6 23 73.626
6 24 41.768
6 26 89.784
6 28 10.275
6 30 41.859
6 33 16.257
6 34 94.478
6 35 45.671
6 38 86.945
6 40 80.432
6 41 22.074
6 42 92.928
6 43 64.966
6 44 95.807
6 45 13.645
6 47 83.77
6 48 88.433
7 10 34.058
7 12 38.215
7 13 63.045
7 14 97.333
7 16 52.769
7 21 85.825
7 22 32.186
7 24 42.729
7 25 18.143
7 26 5.342
7 27 57.105
7 28 15.582
7 29 58.136
7 30 43.965
7 31 58.516
7 32 10.214
7 33 25.555
7 34 84.082
7 36 60.643
7 40 59.391
7 43 79.506
7 44 24.461
7 45 72.351
7 46 37.602
8 10 32.028
8 11 10.001
8 14 86.41
8 15 63.256
8 18 27.745
8 21 95.681
8 23 65.144
8 24 80.851
8 25 34.88
8 27 10.27
8 28 38.986
8 29 43.23
8 34 99.171
8 35 96.369
8 38 74.775
8 45 24.564
8 46 35.197
9 10 12.679
9 12 95.534
9 15 84.392
9 18 60.788
9 19 49.494
9 20 40.447
9 22 50.959
9 23 19.706
9 25 73.398
9 27 13.055
9 31 78.134
9 34 56.646
9 36 39.327
9 37 8.141
9 38 45.393
9 39 60.879
9 40 45.035
9 42 1.438
9 45 20.368
9 47 94.864
9 48 28.095
10 11 12.621
10 12 96.918
10 13 50.501
10 14 54.898
10 15 11.829
10 18 29.772
10 20 81.081
10 25 0.144
10 27 48.246
10 29 93.846
10 33 59.191
10 36 98.296
10 38 96.441
10 39 96.21
10 41 94.458
10 42 89.798
10 46 31.835
11 13 98.344
11 14 42.211
11 16 62.852
11 17 69.24
11 18 52.66
11 19 86.184
11 23 54.961
11 24 65.7
11 26 69.234
11 27 75.628
11 28 25.759
11 30 88.638
11 31 5.225
11 36 23.866
11 38 14.252
11 39 24.485
11 41 45.957
11 42 70.206
11 43 51.134
11 45 17.354
11 47 35.88
11 48 92.059
12 16 22.68
12 17 96.222
12 18 86.735
12 20 40.664
12 24 84.764
12 26 33.074
12 31 32.56
12 32 33.223
12 34 12.695
12 38 5.51
12 40 32.15
12 41 84.862
12 42 68.478
12 43 44.496
12 44 91.522
12 46 85.197
12 47 15.319
12 48 3.344
13 14 91.984
13 16 24.907
13 19 5.336
13 22 63.389
13 23 36.088
13 25 44.562
13 26 18.894
13 27 32.616
13 28 45.435
13 30 43.262
13 31 52.208
13 37 99.892
13 38 89.049
13 39 23.547
13 40 83.796
13 42 4.952
13 45 35.898
13 48 75.938
14 16 75.739
14 18 60.554
14 19 85.716
14 23 91.984
14 25 98.504
14 27 50.075
14 31 42.574
14 35 92.657
14 38 16.341
14 40 31.733
14 42 35.217
14 45 82.246
15 16 28.35
15 17 43.729
15 18 52.046
15 21 21.399
15 22 64.211
15 23 57.208
15 26 91.796
15 27 37.764
15 29 43.581
15 32 44.254
15 35 8.737
15 36 26.893
15 39 55.896
15 43 42.837
15 45 41.893
15 47 59.575
15 48 48.072
16 17 57.918
16 19 45.709
16 20 67.484
16 23 7.684
16 27 76.829
16 29 18.385
16 30 69.467
16 32 38.062
16 36 78.445
16 37 90.192
16 38 34.375
16 41 60.289
16 42 63.009
16 44 89.15
16 46 8.496
16 47 40.144
16 48 50.796
17 19 60.812
17 23 49.981
17 27 16.389
17 28 81.231
17 29 1.247
17 32 23.405
17 38 99.361
17 42 12.435
17 43 42.074
17 44 3.941
17 47 40.147
18 19 46.506
18 20 40.762
18 21 48.751
18 22 70.641
18 23 25.265
18 24 8.944
18 26 96.14
18 27 19.81
18 28 89.047
18 29 22.273
18 30 87.104
18 34 14.513
18 36 23.963
18 38 44.162
18 40 90.067
18 41 97.762
18 48 81.086
19 21 93.977
19 22 11.545
19 24 39.679
19 26 8.414
19 27 7.662
19 31 65.537
19 33 39.989
19 34 17.846
19 36 11.797
19 38 51.953
19 40 83.82
19 41 41.997
19 43 29.382
19 47 4.485
19 48 46.677
20 21 60.721
20 22 3.177
20 23 36.08
20 24 62.528
20 26 92.447
20 28 54.381
20 30 29.693
20 32 85.078
20 33 28.497
20 35 22.882
20 37 50.361
20 38 5.416
20 40 20.109
20 44 38.776
20 45 22.706
20 46 46.19
20 47 48.719
21 22 18.985
21 23 17.109
21 24 95.972
21 26 48.678
21 28 60.872
21 29 95.456
21 30 94.507
21 31 58.271
21 35 87.329
21 38 13.27
21 39 96.497
21 40 85.289
21 44 70.637
21 46 77.596
22 24 21.446
22 26 45.897
22 27 34.701
22 36 45.343
22 37 96.456
22 41 27.535
22 42 85.001
22 43 75.662
22 44 83.823
22 45 97.045
22 47 63.504
22 48 27.046
23 24 38.952
23 26 12.684
23 27 50.748
23 29 91.781
23 32 24.695
23 42 31.902
23 43 82.803
23 44 86.473
23 45 98.412
23 46 8.148
23 47 24.925
23 48 58.453
24 27 93.122
24 29 27.376
24 33 7.626
24 36 64.677
24 37 83.495
24 38 82.028
24 39 54.511
24 40 83.008
24 41 47.055
24 45 9.239
24 47 19.463
24 48 23.442
25 26 51.719
25 27 65.083
25 28 6.909
25 29 18.336
25 30 70.822
25 31 30.148
25 32 94.016
25 37 68.445
25 38 10.44
25 42 80.588
25 45 22.386
25 47 28.367
25 48 72.665
26 27 74.669
26 31 42.987
26 33 35.071
26 34 2.215
26 35 59.362
26 36 70.909
26 38 53.375
26 39 44.69
26 40 49.199
26 44 29.833
26 45 86.613
26 46 37.188
26 48 91.517
27 29 67.714
27 30 53.945
27 31 61.282
27 33 33.759
27 36 39.601
27 37 33.461
27 38 58.635
27 39 53.487
27 42 85.707
27 44 14.555
27 45 97.626
27 48 40.439
28 30 69.825
28 31 69.307
28 32 57.166
28 38 45.934
28 39 36.79
28 40 72.456
28 42 16.216
28 43 49.538
28 44 55.857
28 47 12.617
29 30 64.563
29 31 51.76
29 33 58.638
29 34 77.831
29 35 57.007
29 38 35.91
29 39 41.245
29 40 91.245
29 44 84.562
29 47 70.77
29 48 2.537
30 31 58.873
30 32 78.481
30 33 91.386
30 35 92.603
30 36 64.144
30 37 47.482
30 39 1.503
30 42 16.239
30 43 80.146
30 46 53.06
30 47 81.557
31 35 39.33
31 38 42.841
31 39 44.472
31 41 21.903
31 43 27.284
31 45 81.647
31 46 46.616
31 47 16.273
32 35 40.394
32 38 36.658
32 44 10.646
32 46 91.668
33 37 84.985
33 39 40.933
33 40 47.757
33 41 47.902
33 44 15.222
34 37 75.245
34 41 75.434
34 44 83.702
34 45 22.315
34 46 27.085
34 47 45.008
35 38 57.284
35 39 56.468
35 42 15.808
35 44 36.252
35 45 9.707
35 48 23.407
36 37 88.685
36 38 8.192
36 39 69.735
36 40 96.312
36 41 6.342
36 42 47.462
36 46 99.076
37 39 97.455
37 42 9.446
37 43 8.515
37 46 27.679
37 48 97.944
38 43 13.556
38 44 91.29
38 46 25.532
38 47 66.862
38 48 49.091
39 44 17.483
40 41 74.082
40 42 65.013
40 44 18.721
40 47 84.372
41 42 38.759
41 43 5.066
41 44 73.94
41 45 93.271
41 46 37.251
41 47 46.439
42 43 14.547
42 45 15.239
42 48 99.85
43 44 47.909
44 48 20.414
46 48 89.215
