50
0 2 27.14
0 15 8.05
0 3 75.66
0 32 70.95
0 27 58.67
0 33 20.83
0 23 53.05
0 4 43.84
0 9 58.99
0 14 94.17
0 30 47.63
0 1 96.33
0 29 71.57
0 12 46.12
0 37 77.87
0 18 24.82
0 36 19.38
0 40 87.51
0 16 49.91
0 44 70.39
1 36 33.71
1 18 90.92
1 9 54.62
1 34 79.51
1 41 75.28
1 14 67.65
1 17 61.91
1 21 42.53
1 15 9.42
1 8 94.79
1 11 97.58
1 27 32.09
1 12 5.31
1 45 26.02
1 49 20.56
1 35 82.57
1 33 54.83
1 30 36.68
1 29 31.45
1 31 91.47
1 47 33.42
2 20 69.92
2 4 23.21
2 25 2.39
2 7 8.71
2 8 39.3
2 1 55.64
2 5 65.86
2 22 67.07
2 46 37.72
2 12 64.64
2 17 38.04
2 15 63.23
2 23 3.15
2 19 84.25
2 42 97.92
2 43 86.23
2 32 53.02
3 2 71.07
3 12 98.05
3 4 72.73
3 40 19.13
3 29 58.33
3 1 35.06
3 6 22.95
3 37 47.55
3 36 16.2
3 23 6.65
3 21 49.38
3 45 53.66
3 11 68.98
3 38 14.11
3 13 85.82
3 32 78.29
3 47 63.23
3 9 56.76
4 18 43.37
4 1 98.85
4 14 8.69
4 6 77.09
4 30 92.42
4 8 1.14
4 13 65.97
4 26 23.46
4 11 23.08
4 20 65.06
4 28 25.85
4 29 3.49
4 7 98.15
4 22 76.25
4 10 40.35
4 12 41.21
4 33 40.51
4 34 86.94
4 19 61.75
4 45 96.64
5 10 64.25
5 0 92.57
5 1 61.99
5 26 34.34
5 23 24.43
5 20 83.29
5 16 62.52
5 4 20.2
5 25 78.89
5 46 77.97
5 21 47.63
5 6 5.24
5 9 83.02
5 43 64.29
5 8 6.51
5 40 34.3
5 30 15.67
5 18 85.32
5 31 85.52
5 14 37.41
6 2 73.99
6 17 10.62
6 13 48.06
6 10 67.27
6 1 46.14
6 39 72.9
6 27 71.07
6 0 84.36
6 28 31.82
6 23 89.5
6 45 18.73
6 36 2.84
6 33 22.22
6 41 1.84
6 25 40.61
6 46 71.79
6 34 60.48
6 16 90.53
6 21 53.39
6 31 8.07
6 20 22.95
6 24 10.95
6 42 56.35
7 3 24.8
7 0 30.78
7 15 10.62
7 17 29.38
7 9 33.3
7 24 84.52
7 5 36.51
7 6 24.55
7 30 62.74
7 1 94.34
7 35 59.62
7 21 83.59
7 28 59.62
7 38 44.45
7 34 11.49
7 44 38.66
7 39 20.44
7 20 72.0
7 23 67.87
7 27 95.29
7 47 21.42
7 46 70.97
8 3 46.68
8 7 80.95
8 0 96.5
8 26 13.42
8 40 22.02
8 9 94.88
8 18 96.59
8 11 40.74
8 6 80.74
8 22 17.07
8 10 2.67
8 30 48.15
8 21 44.98
8 24 76.22
8 44 78.62
8 47 81.88
8 36 18.57
9 13 38.73
9 2 55.14
9 18 50.2
9 4 53.34
9 6 29.67
9 14 18.18
9 31 86.01
9 26 31.48
9 20 20.86
9 33 28.65
9 17 7.85
9 16 78.28
9 30 74.4
9 22 91.51
9 32 46.48
9 35 67.68
9 47 30.73
9 45 65.68
10 25 43.56
10 7 32.08
10 2 61.64
10 3 88.25
10 28 68.15
10 11 34.87
10 12 84.08
10 41 68.2
10 38 33.46
10 0 43.12
10 36 15.49
10 37 64.0
10 26 2.02
10 9 37.57
10 1 24.08
10 19 68.88
10 31 49.27
10 33 37.89
10 29 93.95
10 22 0.98
10 47 24.29
10 30 94.27
11 0 69.07
11 5 13.21
11 17 78.7
11 7 47.66
11 2 96.02
11 6 19.58
11 15 77.0
11 14 80.19
11 32 20.22
11 25 91.85
11 41 95.51
11 9 21.94
11 33 34.61
11 31 99.48
11 19 53.08
11 37 84.94
11 26 7.71
11 40 81.91
11 39 10.95
11 42 2.56
11 22 52.01
12 5 28.02
12 27 66.21
12 30 37.35
12 21 8.0
12 11 94.61
12 6 3.35
12 7 30.32
12 22 14.27
12 38 61.0
12 24 42.92
12 40 29.11
12 16 23.19
12 15 83.88
12 8 95.41
12 25 90.59
12 9 22.94
12 44 37.11
12 43 74.4
12 49 22.88
12 26 8.04
12 37 22.74
13 2 11.45
13 7 35.78
13 1 18.11
13 0 46.9
13 20 27.02
13 5 91.99
13 28 57.37
13 10 6.63
13 12 25.79
13 37 74.15
13 29 34.4
13 19 2.36
13 16 45.99
13 27 17.11
13 39 20.29
13 47 68.07
13 35 88.56
13 8 95.31
13 45 56.73
13 46 15.7
14 6 32.06
14 3 1.5
14 10 26.81
14 13 20.17
14 2 31.93
14 7 76.91
14 8 93.46
14 29 76.95
14 18 36.65
14 37 44.95
14 24 25.11
14 20 24.74
14 27 5.74
14 43 96.29
14 15 74.98
14 47 76.64
14 19 70.9
14 26 50.38
14 16 43.41
14 40 24.71
14 12 97.23
14 25 70.52
15 18 79.01
15 5 72.66
15 24 36.91
15 9 53.59
15 20 26.77
15 3 92.37
15 10 43.12
15 35 12.37
15 8 22.72
15 27 2.83
15 17 92.78
15 23 27.08
15 6 93.18
15 45 91.8
15 31 86.38
15 43 34.62
15 19 58.77
15 36 59.75
15 33 6.25
15 32 87.58
15 42 75.99
16 17 7.44
16 4 51.1
16 2 1.31
16 27 15.54
16 3 37.64
16 30 13.96
16 10 17.09
16 34 74.83
16 43 91.8
16 1 74.2
16 8 88.63
16 24 98.6
16 42 10.05
16 21 0.49
16 7 26.06
16 15 13.75
16 37 41.9
16 46 56.47
16 28 33.28
16 11 18.88
17 5 60.72
17 0 80.07
17 8 97.35
17 4 4.8
17 10 89.0
17 13 47.43
17 19 16.73
17 14 87.86
17 49 72.72
17 12 76.52
17 3 47.62
17 25 57.19
17 27 46.77
17 21 88.99
17 20 57.83
17 36 31.53
17 45 6.22
17 38 19.69
18 27 77.82
18 16 20.07
18 7 86.98
18 13 40.27
18 20 73.01
18 11 12.85
18 6 35.91
18 28 20.86
18 12 98.37
18 3 14.64
18 23 14.9
18 2 67.42
18 38 15.93
18 29 22.75
18 45 22.37
18 17 67.94
18 47 17.95
18 10 87.93
18 37 33.61
18 30 43.56
19 16 33.63
19 5 1.92
19 7 75.99
19 22 99.07
19 27 32.11
19 18 95.73
19 12 21.19
19 8 91.38
19 9 14.31
19 29 74.58
19 35 87.58
19 21 94.62
19 43 33.43
19 3 83.26
19 45 94.54
19 40 9.14
19 0 75.26
19 6 23.79
20 11 15.52
20 1 24.16
20 26 75.69
20 25 49.83
20 3 15.57
20 0 7.56
20 12 82.31
20 19 39.34
20 10 17.01
20 27 18.74
20 37 69.56
20 34 33.04
20 36 45.71
20 16 31.8
20 47 52.53
20 33 89.03
20 40 86.64
20 38 15.5
20 8 35.86
20 46 58.48
20 21 4.84
21 0 69.5
21 4 29.68
21 13 40.61
21 15 63.76
21 14 99.12
21 18 85.17
21 34 38.45
21 10 23.45
21 30 15.65
21 11 46.29
21 27 23.82
21 38 82.78
21 31 72.9
21 39 43.89
21 32 49.54
21 22 28.84
21 33 41.1
21 45 29.96
21 37 32.19
21 9 42.92
21 23 27.85
22 17 81.85
22 7 90.44
22 14 65.61
22 3 99.48
22 35 37.06
22 1 38.86
22 30 52.91
22 6 26.18
22 15 82.17
22 32 12.94
22 20 98.15
22 16 13.51
22 29 32.77
22 36 80.09
22 45 52.41
22 37 98.84
22 27 6.84
22 43 2.68
22 0 60.13
22 13 8.12
22 28 31.17
22 18 50.72
22 5 0.92
23 11 5.85
23 4 98.94
23 17 67.91
23 8 22.4
23 16 16.63
23 1 23.01
23 10 56.44
23 49 20.27
23 20 16.92
23 26 98.32
23 33 6.69
23 43 95.28
23 19 91.74
23 9 91.07
23 42 8.18
23 12 92.19
23 22 1.84
23 14 8.97
23 36 98.81
23 37 98.92
23 13 38.41
23 34 14.51
24 2 13.73
24 0 44.71
24 4 2.47
24 10 27.99
24 31 22.8
24 21 13.92
24 9 14.8
24 20 34.06
24 11 46.91
24 44 27.95
24 32 51.87
24 22 97.08
24 36 41.32
24 18 89.8
24 33 60.46
24 49 68.16
24 41 49.52
24 3 12.59
24 13 9.2
24 5 17.89
24 26 52.53
24 1 89.0
25 0 82.23
25 3 75.12
25 21 91.78
25 26 24.99
25 13 68.09
25 4 82.69
25 1 32.56
25 8 78.47
25 23 66.72
25 18 81.86
25 24 22.8
25 49 5.13
25 41 68.93
25 22 79.52
25 42 28.73
25 16 83.47
25 9 61.0
25 45 56.18
25 43 51.97
25 19 71.71
25 33 2.61
25 15 84.14
26 13 24.01
26 1 96.22
26 22 41.52
26 16 56.91
26 7 62.56
26 2 22.73
26 43 20.14
26 17 66.8
26 18 89.48
26 31 83.77
26 6 38.8
26 30 74.47
26 19 26.01
26 36 2.73
26 15 1.16
26 3 61.58
26 0 16.75
26 21 68.33
27 26 49.82
27 34 11.29
27 9 56.79
27 5 49.25
27 3 20.55
27 4 64.22
27 8 91.29
27 11 78.03
27 35 18.37
27 24 92.08
27 25 14.96
27 23 62.08
27 10 67.07
27 38 82.89
27 47 47.38
27 29 33.58
27 37 80.56
27 33 80.33
27 28 45.31
27 2 68.34
28 17 57.0
28 0 5.27
28 15 23.2
28 5 66.82
28 29 11.14
28 11 95.79
28 32 28.83
28 9 74.08
28 21 93.38
28 31 15.45
28 38 21.0
28 36 85.26
28 19 93.44
28 45 41.83
28 23 44.1
28 12 5.68
28 1 65.35
28 39 10.81
28 46 64.3
28 24 42.2
28 2 50.67
28 14 27.61
29 7 97.07
29 5 48.94
29 9 31.81
29 12 18.47
29 15 73.83
29 23 98.67
29 11 7.65
29 26 25.91
29 16 59.45
29 40 99.87
29 30 94.64
29 20 82.4
29 45 43.17
29 21 5.8
29 25 42.74
29 24 67.74
29 8 3.38
29 17 67.06
29 36 35.2
29 6 12.69
30 14 82.4
30 2 73.36
30 11 99.45
30 6 69.34
30 13 27.4
30 28 84.18
30 15 49.47
30 27 85.36
30 25 13.53
30 19 47.49
30 36 84.7
30 24 65.15
30 33 50.51
30 35 89.89
30 31 28.86
30 23 85.11
30 20 79.67
30 17 50.95
30 3 37.85
30 32 33.54
31 43 15.53
31 18 44.51
31 27 93.19
31 14 17.81
31 3 30.85
31 8 58.14
31 20 19.73
31 19 18.7
31 12 16.5
31 32 38.29
31 29 2.68
31 35 64.04
31 25 11.37
31 13 5.42
31 17 6.16
31 41 84.89
31 4 69.07
31 2 92.4
31 7 53.08
31 16 47.29
32 19 45.39
32 4 49.57
32 12 80.76
32 6 18.61
32 1 17.15
32 27 44.93
32 39 30.52
32 47 23.31
32 36 86.85
32 38 2.18
32 20 18.47
32 25 16.75
32 17 6.52
32 18 98.3
32 23 91.01
32 33 31.36
32 10 82.79
32 35 93.9
32 7 95.53
32 14 65.63
32 8 67.76
32 13 69.21
32 16 30.67
32 5 56.85
33 14 31.05
33 28 13.72
33 12 15.46
33 7 19.42
33 19 39.06
33 5 53.12
33 22 65.83
33 37 18.38
33 18 85.07
33 36 42.48
33 16 12.98
33 3 33.01
33 17 64.9
33 31 77.14
33 8 83.11
33 29 55.42
33 2 55.49
33 26 63.56
33 13 83.98
33 41 22.5
34 29 52.49
34 10 23.97
34 13 39.85
34 15 24.19
34 2 89.32
34 14 1.73
34 25 42.15
34 9 3.57
34 47 26.97
34 24 62.18
34 32 6.57
34 12 82.08
34 22 1.26
34 31 85.32
34 30 58.61
34 17 41.26
34 26 58.35
34 8 39.95
34 11 63.31
34 18 7.29
34 35 99.05
34 45 54.51
34 28 37.87
34 44 21.47
34 38 43.47
34 37 76.59
34 0 50.2
34 5 36.36
34 41 37.0
34 3 59.18
35 5 43.24
35 17 72.32
35 12 30.9
35 25 99.08
35 18 21.2
35 33 47.57
35 29 31.39
35 21 83.87
35 26 15.86
35 23 88.28
35 10 25.57
35 43 5.04
35 39 41.28
35 40 12.27
35 8 35.13
35 28 78.65
35 3 83.63
35 11 52.0
35 14 5.81
35 20 50.41
35 16 68.96
35 2 29.41
36 5 67.05
36 27 68.51
36 7 7.76
36 11 2.54
36 25 8.8
36 21 97.13
36 18 5.7
36 31 76.52
36 40 42.87
36 35 83.71
36 16 99.85
36 9 33.59
36 14 2.09
36 12 85.53
36 37 92.62
36 2 73.77
36 4 69.42
37 5 54.46
37 7 12.03
37 15 6.38
37 4 49.72
37 2 11.17
37 25 52.03
37 9 92.36
37 38 5.82
37 1 58.11
37 40 38.02
37 31 89.48
37 24 2.42
37 32 37.79
37 29 87.42
37 19 15.86
37 6 0.98
37 8 95.53
37 26 83.17
37 35 79.99
37 17 85.59
38 0 72.45
38 2 72.63
38 15 57.18
38 6 5.25
38 4 57.75
38 11 8.71
38 26 84.45
38 25 72.07
38 30 10.69
38 24 67.09
38 16 45.72
38 9 69.09
38 33 70.7
38 23 83.44
38 22 6.04
38 29 0.19
38 45 3.51
38 5 24.25
38 14 90.25
38 13 0.97
39 2 71.72
39 12 95.63
39 3 85.89
39 9 96.59
39 38 82.42
39 19 16.45
39 37 56.9
39 40 34.43
39 15 78.33
39 1 47.31
39 34 35.28
39 26 29.12
39 49 33.96
39 20 36.93
39 17 16.69
39 42 88.09
39 24 61.06
39 45 54.45
39 18 13.84
39 22 53.91
39 30 29.65
39 0 13.39
39 10 33.61
39 4 88.17
39 5 34.93
40 1 10.33
40 7 76.57
40 4 11.6
40 22 4.65
40 9 85.44
40 24 43.64
40 44 66.73
40 18 33.52
40 15 78.42
40 16 92.57
40 10 17.42
40 33 13.83
40 25 52.6
40 45 38.05
40 30 70.14
40 6 57.65
40 27 37.05
40 17 64.09
40 38 77.62
40 21 20.21
40 23 41.72
40 41 73.71
40 26 85.26
41 4 61.01
41 5 37.36
41 15 86.84
41 37 44.73
41 9 86.96
41 0 61.4
41 47 20.95
41 36 40.75
41 30 74.07
41 38 66.63
41 26 49.58
41 32 54.29
41 22 66.49
41 21 67.19
41 43 45.16
41 35 92.06
41 18 26.55
41 20 64.61
41 45 20.24
41 7 95.4
41 19 42.87
41 27 13.69
41 13 45.9
41 29 12.43
41 8 48.31
41 39 76.7
41 17 98.15
41 2 73.34
41 14 88.88
41 3 9.27
42 21 98.83
42 0 21.4
42 18 5.32
42 45 99.03
42 1 10.8
42 26 84.72
42 31 81.56
42 20 12.79
42 27 48.07
42 19 84.18
42 38 68.05
42 8 78.82
42 32 78.65
42 10 70.55
42 4 92.05
42 14 84.72
42 35 94.23
42 30 0.14
42 36 37.79
42 12 31.51
42 40 55.37
42 29 0.56
42 37 58.91
42 3 38.33
42 5 27.66
42 7 9.61
42 24 20.11
43 4 87.55
43 7 99.56
43 18 30.39
43 36 48.3
43 10 80.47
43 6 29.28
43 47 54.11
43 17 29.48
43 40 92.71
43 8 14.65
43 24 5.41
43 20 34.19
43 21 95.75
43 30 83.47
43 27 85.23
43 1 17.28
43 28 23.86
43 3 13.17
43 29 20.54
44 10 54.99
44 31 60.0
44 18 40.83
44 29 37.32
44 30 54.24
44 32 59.49
44 26 53.08
44 37 12.84
44 22 89.48
44 20 40.24
44 33 71.28
44 17 9.72
44 38 14.59
44 4 69.17
44 5 97.12
44 2 44.95
44 23 60.45
44 9 69.61
44 1 58.56
44 39 26.2
44 28 58.51
44 14 9.31
44 43 70.82
44 11 67.11
44 21 49.97
44 6 60.99
44 3 71.08
44 36 72.32
45 37 40.96
45 2 91.68
45 0 75.27
45 5 69.83
45 10 84.85
45 26 91.77
45 8 64.27
45 24 53.57
45 44 68.65
45 20 78.97
45 36 75.18
45 16 79.11
45 43 90.2
45 49 5.24
45 12 83.38
45 33 64.28
45 11 60.95
45 14 69.73
46 21 56.98
46 4 91.71
46 14 45.99
46 9 70.66
46 35 84.04
46 25 19.16
46 1 44.51
46 34 59.89
46 31 91.2
46 24 16.1
46 29 83.5
46 26 63.11
46 19 63.47
46 37 57.66
46 33 36.26
46 45 91.18
46 23 71.69
46 44 78.09
46 10 45.46
46 15 86.61
46 12 61.9
46 27 44.19
46 3 96.89
46 30 15.78
46 18 63.65
46 0 89.15
47 11 52.76
47 15 15.34
47 28 36.93
47 6 95.15
47 39 4.22
47 30 37.92
47 33 18.62
47 22 87.15
47 45 55.25
47 23 26.43
47 37 16.85
47 25 91.38
47 31 68.56
47 12 79.53
47 36 60.19
47 29 68.7
47 5 74.11
47 0 20.74
47 4 37.23
47 17 20.5
47 19 70.72
48 0 25.16
48 42 56.71
48 33 79.31
48 9 93.52
48 36 78.37
48 24 25.72
48 35 6.58
48 25 10.05
48 22 36.67
48 38 10.45
48 27 3.03
48 16 37.04
48 10 24.72
48 31 47.39
48 18 8.01
48 26 67.18
48 11 64.65
48 49 7.55
48 8 8.63
48 37 5.63
48 43 99.0
48 12 42.42
48 6 48.72
48 7 16.38
48 29 60.82
48 1 96.88
48 4 12.18
48 17 38.67
48 41 39.0
48 21 87.91
48 14 57.01
48 40 15.08
48 3 79.82
48 2 57.43
48 20 39.88
48 34 87.41
48 30 88.23
48 15 96.61
48 5 1.0
49 10 99.46
49 13 95.26
49 3 58.53
49 6 92.98
49 21 22.16
49 15 57.63
49 26 26.24
49 44 46.82
49 37 97.05
49 18 22.94
49 19 86.68
49 16 11.88
49 0 36.05
49 38 62.62
49 2 20.33
49 36 78.35
49 33 84.09
49 27 28.63
49 4 99.33
49 9 67.53
49 30 58.61
49 7 51.43
49 8 45.95
49 11 12.43
49 5 38.48
49 28 17.6
