50
47 2 68.045
40 6 80.844
48 32 63.007
20 5 81.41
32 6 96.451
41 24 54.434
1 3 42.786
43 7 17.157
24 45 30.342
39 20 18.66
3 14 98.637
35 31 98.637
24 43 98.637
2 6 92.003
17 0 27.781
20 48 98.637
25 23 57.662
23 1 76.851
10 45 0.411
17 26 98.637
33 23 61.748
9 29 46.15
26 42 57.332
45 6 49.104
14 18 16.419
30 2 13.231
39 3 98.637
13 37 98.637
16 9 98.637
35 15 98.637
31 22 66.107
14 10 98.637
3 33 98.637
8 44 77.965
16 26 98.637
12 24 31.565
5 47 66.657
22 41 61.033
46 3 23.058
16 46 98.637
19 23 98.637
0 42 39.664
34 26 63.032
7 49 89.581
16 2 86.574
29 45 96.637
44 9 79.303
13 10 84.903
18 3 21.533
7 38 98.637
4 14 54.85
3 28 90.978
36 29 59.561
11 24 40.217
27 34 14.346
15 43 70.7
0 18 98.637
35 21 84.54
37 4 98.637
21 42 94.81
47 41 98.637
20 42 98.637
42 6 97.175
28 0 47.117
38 45 40.789
49 6 24.842
47 24 98.637
19 9 90.959
11 43 98.637