50
0 1 23.0
0 3 2.0
1 2 15.0
1 4 4.0
2 3 7.0
2 7 3.0
3 4 2.0
3 34 4.7
4 5 32.0
5 6 6.0
6 7 9.0
6 21 2.0
7 8 4.0
7 10 3.0
8 9 24.0
8 24 2.4
9 10 12.0
10 11 2.0
11 12 32.0
12 13 3.0
12 15 2.7
13 14 5.0
14 15 1.2
15 16 1.0
16 17 3.0
17 18 23.0
18 19 2.5
19 20 4.3
20 21 32.0
21 22 4.0
22 23 4.0
23 24 8.24
23 31 13.0
24 25 5.6
25 26 4.2
26 27 43.3
27 28 3.9
27 32 2.0
27 49 4.5
28 29 4.3
29 30 3.45
30 31 4.0
31 32 43.0
32 33 34.0
33 34 8.0
34 35 28.0
34 49 23.0
35 36 8.0
35 41 3.0
36 37 1.2
37 38 2.0
38 39 34.0
39 40 12.0
40 41 4.7
41 42 8.0
42 43 4.0
43 44 9.0
44 45 23.0
44 46 2.0
45 46 32.0
46 47 20.0
47 48 2.5
48 49 3.2