50
0 2 66.949
0 7 2.425
0 12 93.146
0 13 98.476
0 15 0.412
0 16 58.23
0 18 68.795
0 19 75.031
0 25 34.751
0 28 68.179
0 30 91.551
0 32 29.501
0 33 60.68
0 39 2.058
0 47 76.782
0 48 99.237
0 49 7.706
1 4 13.105
1 7 46.856
1 13 4.854
1 15 3.262
1 16 14.029
1 18 94.364
1 19 80.166
1 23 70.853
1 25 33.252
1 27 42.642
1 32 48.589
1 34 67.415
1 35 35.897
1 39 43.554
1 41 54.859
1 43 69.672
1 44 43.273
1 48 22.494
2 3 46.797
2 6 48.75
2 7 94.47
2 11 63.23
2 12 76.542
2 13 20.164
2 15 99.422
2 18 77.353
2 19 6.054
2 23 78.842
2 24 55.648
2 25 4.18
2 27 55.231
2 29 10.978
2 31 52.847
2 36 99.635
2 37 29.63
2 38 3.928
2 41 23.237
2 43 14.621
2 47 82.261
3 7 17.683
3 10 1.292
3 14 21.676
3 16 15.118
3 17 82.398
3 21 66.891
3 27 8.175
3 39 7.165
3 42 80.31
3 43 99.458
3 45 86.553
3 46 73.407
3 49 85.504
4 5 22.821
4 6 41.59
4 8 29.143
4 13 9.922
4 15 67.598
4 16 62.027
4 18 96.544
4 19 3.086
4 23 57.728
4 28 11.884
4 29 17.763
4 32 78.227
4 33 59.179
4 34 68.215
4 38 20.644
4 42 84.584
4 43 66.634
4 45 78.662
4 47 97.158
5 8 54.8
5 9 86.87
5 16 69.123
5 19 23.445
5 21 64.244
5 33 7.773
5 35 90.336
5 39 94.593
5 43 80.009
5 45 34.412
6 16 19.671
6 19 50.058
6 20 49.104
6 21 63.881
6 24 76.04
6 27 33.954
6 32 72.343
6 34 67.14
6 38 39.603
6 39 93.927
6 40 73.511
6 44 68.924
6 49 16.52
7 11 47.849
7 15 71.751
7 19 29.503
7 20 85.207
7 23 76.054
7 24 9.636
7 25 45.171
7 32 11.727
7 41 23.236
7 46 11.318
8 10 91.077
8 14 53.051
8 17 26.074
8 19 31.251
8 30 17.925
8 32 88.273
8 33 53.989
8 34 91.141
8 36 35.996
8 38 35.433
8 39 76.412
8 44 40.147
8 46 85.61
8 48 53.977
8 49 34.933
9 11 75.467
9 12 46.825
9 13 63.152
9 23 30.922
9 24 81.789
9 33 1.943
9 41 94.914
9 43 34.36
9 47 84.271
9 48 39.904
9 49 91.787
10 15 79.398
10 17 80.452
10 22 47.725
10 27 4.982
10 28 86.122
10 29 78.211
10 30 99.665
10 35 8.094
10 45 9.993
10 46 22.23
11 13 92.304
11 14 83.619
11 16 93.988
11 17 75.456
11 18 66.572
11 21 55.312
11 23 90.164
11 29 62.563
11 30 84.544
11 31 41.174
11 33 2.742
11 34 20.927
11 35 28.35
11 39 31.045
11 40 63.789
11 41 78.813
11 47 27.14
12 15 33.888
12 23 41.047
12 28 2.317
12 29 86.011
12 31 38.883
12 33 65.315
12 35 44.863
12 36 55.984
12 37 74.793
12 38 40.976
12 44 97.94
12 45 71.414
12 47 7.264
12 48 6.883
12 49 20.132
13 23 51.357
13 25 48.958
13 29 32.582
13 31 71.34
13 32 1.594
13 33 47.32
13 34 37.273
13 37 62.593
13 38 59.113
13 39 15.364
13 40 88.23
13 43 72.24
13 45 4.22
13 46 81.385
14 18 44.727
14 19 20.824
14 22 28.086
14 23 89.969
14 26 71.733
14 31 81.374
14 35 57.386
14 37 93.453
14 40 36.803
14 41 7.002
14 42 47.736
14 46 79.415
14 49 9.374
15 18 44.808
15 21 98.467
15 22 76.585
15 23 9.835
15 24 3.986
15 26 4.514
15 32 76.64
15 37 83.81
15 38 37.263
15 45 97.02
15 48 14.186
16 22 43.279
16 24 53.521
16 27 23.222
16 28 98.437
16 32 34.533
16 38 12.156
16 39 88.856
16 40 56.25
16 45 81.023
16 48 56.032
16 49 62.752
17 21 90.427
17 26 4.861
17 27 88.527
17 28 56.352
17 30 37.131
17 33 40.77
17 34 19.941
17 36 28.234
17 40 51.005
17 43 84.154
17 46 4.983
18 20 16.016
18 24 4.669
18 25 40.18
18 26 9.696
18 41 7.936
18 42 55.805
18 44 64.044
18 47 33.571
18 48 47.76
19 21 62.427
19 22 26.848
19 27 86.23
19 31 51.12
19 33 80.775
19 34 79.272
19 35 23.212
19 36 58.041
19 38 72.864
19 43 20.877
19 46 1.218
19 48 0.198
19 49 32.454
20 25 93.165
20 28 52.978
20 31 18.211
20 32 85.514
20 38 52.568
20 44 99.355
20 47 91.062
20 48 88.243
21 24 11.049
21 30 21.763
21 36 8.902
21 38 31.623
21 40 99.022
21 41 54.634
21 43 32.8
21 47 92.415
21 49 56.418
22 25 7.202
22 28 57.07
22 31 39.987
22 33 11.162
22 37 17.47
22 44 42.234
22 46 61.675
22 47 78.068
22 49 58.749
23 27 84.152
23 41 30.698
23 49 26.838
24 30 3.394
24 33 12.334
24 34 78.758
24 38 97.371
24 39 18.844
24 45 94.926
24 47 85.692
24 49 60.459
25 27 90.868
25 30 42.651
25 31 12.093
25 34 89.51
25 37 44.693
25 40 34.007
25 42 25.761
25 45 35.54
25 46 60.876
25 47 2.825
26 30 18.391
26 32 89.839
26 36 64.518
26 49 51.06
27 29 68.966
27 31 79.568
27 32 88.53
27 35 45.546
27 36 13.139
27 39 61.752
27 40 67.796
27 41 63.658
27 48 29.615
28 30 95.652
28 31 44.72
28 36 12.641
28 37 20.694
28 42 46.133
28 44 16.189
28 45 20.513
28 49 81.482
29 34 72.524
29 38 39.558
29 40 56.177
29 42 2.96
29 46 81.887
29 47 74.71
29 49 56.755
30 37 67.894
30 39 40.071
30 40 7.094
30 41 62.25
30 44 74.62
30 46 2.271
31 35 9.747
31 46 15.019
32 35 25.994
32 38 75.399
32 40 58.334
32 41 3.2
32 42 23.852
32 45 11.567
33 40 91.86
33 42 22.096
33 46 20.505
33 47 58.937
34 39 34.953
34 42 64.356
34 48 67.102
34 49 57.606
35 47 43.338
35 49 4.059
36 38 77.571
36 41 88.043
36 45 64.232
36 49 87.373
37 43 56.876
37 44 14.925
37 47 97.962
37 49 99.67
38 46 69.333
38 48 95.981
39 48 62.368
40 43 73.205
40 47 61.641
40 49 39.961
41 44 62.18
43 47 79.92
44 47 94.205
44 49 44.309
45 48 22.85
46 49 14.024