30
0 1 1
1 11 2.5
20 11 3.9
10 1 4
1 12 1.1
0 3 3.8
3 2 3.4
2 1 3.7
2 13 1.2
13 12 4.2
12 11 3.2
11 21 3.3
21 18 1.3
18 11 4.1
12 23 1.4
18 12 1.5
18 23 4.3
12 2 3.1
1 13 3
21 1 2.7
11 14 4.4
13 14 4.5
16 15 1.6
15 17 5.1
17 16 2.8
14 15 5.2
15 5 5
4 13 2.9
4 5 1.7
4 6 4.9
3 5 4.8
6 7 1.8
5 8 4.6
8 9 4.7
9 7 5.3
7 5 3.6
27 28 1.9
28 29 5.4
29 27 5.9
27 26 3.5
26 28 5.8
26 15 2
19 15 2.1
19 14 5.6
14 25 2.2
25 15 5.7
24 25 2.3
22 24 2.6
22 23 6
23 19 2.4
23 25 5.5
