50
11 36 68
11 22 24
11 0 91
11 29 10
36 12 82
36 32 39
36 25 85
24 9 38
9 17 99
9 20 34
32 22 62
32 27 22
32 19 81
32 12 54
22 2 46
22 0 56
22 41 99
22 26 19
19 40 12
19 5 91
19 46 72
19 8 32
19 30 21
40 49 18
40 44 87
40 39 28
40 31 13
40 10 89
40 23 61
40 35 35
2 39 13
2 34 86
39 23 44
39 16 76
39 35 48
8 35 3
8 25 82
8 12 4
48 37 59
48 23 27
48 21 99
48 33 92
48 18 56
48 4 45
48 34 90
37 46 41
37 28 41
37 7 7
37 6 33
7 3 43
7 5 63
7 28 88
7 18 13
3 26 41
3 5 69
3 3 63
3 27 40
49 43 1
49 30 34
49 18 80
49 34 54
49 26 94
43 15 47
43 44 82
43 42 54
44 34 62
34 33 15
0 42 55
0 14 2
0 21 31
0 30 84
0 47 39
0 20 96
25 29 53
25 18 95
25 12 61
25 14 19
25 41 69
29 28 9
29 26 10
26 6 66
18 21 96
28 20 36
45 21 9
46 1 74
46 14 61
1 10 76
42 16 11
42 10 83
42 38 46
14 13 33
10 27 82
10 31 49
27 27 45
6 12 86
31 12 98
16 47 83
16 20 49