50
0 1 97
1 2 25
2 3 44
3 4 30
4 5 65
5 6 7
6 7 37
7 8 47
8 9 47
9 10 21
10 11 48
11 12 65
12 13 90
13 14 86
14 15 57
15 16 11
16 17 10
17 18 84
18 19 81
19 20 7
20 21 52
21 22 30
22 23 96
23 24 43
24 25 67
25 26 12
26 27 37
27 28 98
28 29 83
29 30 60
30 31 64
31 32 90
32 33 33
33 34 19
34 35 88
35 36 80
36 37 8
37 38 19
38 39 87
39 40 53
40 41 52
41 42 47
42 43 66
43 44 23
44 45 38
45 46 34
46 47 22
47 48 48
48 49 25
13 45 63
9 48 70
25 33 96
37 28 38
15 13 26
48 22 25
26 49 22
36 1 30
45 26 91
31 28 5
42 42 7
8 46 74
43 21 63
37 49 59
9 39 4
6 24 64
15 9 78
20 1 48
49 49 19
26 18 91
21 46 51
22 27 4
0 49 56
35 14 42
1 17 80
0 30 38
48 12 84
26 34 1
2 43 55
29 11 37
25 43 65
47 9 76
17 32 31
28 30 22
2 26 18
36 34 45
7 40 8
21 29 92
27 24 13
13 17 16
14 44 14
36 11 86
19 47 16
7 17 7
44 21 98
48 27 42
5 16 58
