50
0 38 24
0 18 28
0 21 20
0 11 27
0 28 44
0 23 54
0 5 21
0 8 24
0 36 53
0 31 21
0 42 70
1 0 83
1 26 91
1 24 96
1 13 86
1 12 71
1 35 26
1 9 35
1 5 39
1 7 29
1 41 48
1 31 7
1 39 92
1 22 35
1 11 21
2 1 86
2 2 58
2 0 4
2 47 42
2 36 69
2 23 49
2 35 4
2 27 34
2 39 25
2 28 88
2 45 60
2 8 6
2 10 76
2 4 28
3 2 77
3 11 54
3 28 99
3 18 85
3 13 86
3 22 81
3 34 95
3 30 44
4 3 15
4 14 58
4 19 34
4 29 95
4 48 69
4 32 54
4 37 73
4 26 86
4 41 96
4 1 42
4 43 42
4 17 58
5 4 93
5 2 46
5 20 75
5 29 12
5 10 22
5 30 42
5 23 62
5 7 13
6 5 35
6 26 94
6 37 13
6 27 80
6 1 59
6 10 2
6 14 61
6 30 90
6 29 47
6 43 72
6 13 10
6 24 54
6 17 49
7 6 86
7 4 51
7 25 34
7 45 32
7 40 49
7 0 89
7 42 72
7 16 70
7 13 17
7 31 75
7 20 28
8 7 92
8 37 24
8 33 73
8 36 50
8 38 91
8 15 68
8 25 49
8 10 44
8 45 5
8 6 95
8 34 19
8 5 87
8 4 66
8 43 47
9 8 49
9 7 90
9 9 84
9 26 94
9 2 16
9 11 71
9 44 88
9 20 13
9 18 95
9 33 19
9 0 47
9 35 66
9 25 28
9 48 75
9 23 18
10 9 21
10 31 17
10 21 65
10 25 84
10 36 8
10 18 83
10 7 33
10 20 85
10 48 32
10 41 35
10 37 70
10 4 24
10 43 19
10 45 47
10 1 7
10 42 86
11 10 62
11 39 60
11 16 81
11 18 42
11 38 91
11 35 31
11 2 83
11 40 59
11 42 40
11 22 8
11 4 32
11 48 84
11 23 55
12 11 27
12 18 68
12 46 46
12 5 59
12 38 84
12 39 94
12 8 72
12 30 87
12 23 58
12 7 67
12 41 71
12 14 25
12 9 75
12 12 50
12 2 81
12 28 2
12 37 42
13 12 90
13 0 83
13 2 43
13 10 27
13 5 48
13 43 23
13 46 12
13 31 79
13 11 89
13 48 21
13 19 93
13 42 48
13 13 59
13 32 69
13 41 96
14 13 59
14 32 43
14 44 41
14 45 34
14 2 88
14 8 1
14 25 2
14 5 93
14 39 69
14 42 51
14 16 86
14 10 77
14 41 59
14 36 97
14 37 33
14 26 78
14 30 99
14 7 78
14 27 58
14 14 57
14 0 32
14 31 40
14 23 26
15 14 63
15 12 27
15 24 43
15 30 9
15 1 82
15 42 18
15 5 99
15 45 86
15 10 94
15 2 84
15 15 99
15 47 71
15 44 66
16 15 26
16 10 60
16 28 41
16 12 3
16 35 30
16 39 58
16 6 8
16 42 21
16 30 86
16 0 83
16 48 72
17 16 40
17 35 32
17 5 74
17 31 40
17 37 59
17 46 30
17 22 42
17 24 92
17 15 84
17 20 96
17 14 27
17 13 10
17 7 89
17 34 71
17 10 41
17 1 35
17 25 43
18 17 26
18 35 48
18 38 67
18 44 21
18 36 68
18 20 38
18 48 22
18 16 56
18 4 57
18 39 40
18 1 65
18 2 10
18 21 35
19 18 72
19 1 50
19 40 51
19 21 12
19 25 57
19 24 89
19 10 87
19 41 99
19 37 83
19 34 23
19 38 84
19 8 50
19 39 5
19 14 37
19 30 55
19 11 94
20 19 36
20 48 43
20 22 90
20 29 43
20 23 92
20 6 69
20 20 33
20 28 71
20 15 86
20 44 80
20 1 35
20 2 53
20 41 90
20 42 39
20 47 36
20 37 49
21 20 11
21 44 46
21 11 19
21 8 11
21 17 98
21 48 62
21 29 23
21 23 8
21 16 37
21 7 39
21 26 18
21 32 21
21 45 4
21 5 6
21 13 28
21 2 38
21 35 46
21 21 55
21 37 23
21 3 38
21 43 25
21 38 56
22 21 68
22 4 81
22 0 89
22 12 52
22 40 71
22 8 97
22 26 97
22 9 13
22 19 85
22 35 20
22 24 58
22 15 46
22 22 1
22 47 86
22 41 58
23 22 67
23 15 62
23 3 45
23 32 86
23 10 34
23 6 33
23 23 66
23 8 97
23 1 41
23 18 50
23 46 43
23 35 70
23 37 11
24 23 29
24 24 40
24 45 3
24 47 89
24 48 55
24 39 9
24 5 87
24 18 80
24 9 29
24 35 95
24 34 63
24 37 37
24 38 92
24 21 96
24 16 31
24 4 66
25 24 82
25 5 55
25 2 14
25 36 58
25 35 47
25 6 35
25 48 17
25 31 55
25 21 91
25 4 69
25 39 90
25 32 16
25 47 53
25 37 70
26 25 30
26 44 30
26 7 81
26 16 26
26 40 29
26 47 84
26 45 18
26 3 38
26 2 13
26 28 95
26 12 92
26 5 90
26 36 60
26 43 68
26 20 61
26 38 58
26 10 47
26 19 63
26 48 14
27 26 62
27 9 84
27 21 17
27 25 24
27 20 21
27 4 73
27 15 50
27 40 72
27 18 86
27 24 63
27 45 65
27 47 4
27 48 39
27 29 4
28 27 23
28 33 88
28 6 89
28 44 37
28 37 52
28 19 96
28 8 73
28 45 89
28 40 55
28 21 79
28 25 66
28 48 74
28 13 59
28 14 2
28 17 18
29 28 67
29 8 32
29 10 92
29 43 50
29 33 59
29 25 18
29 48 65
29 17 24
29 44 13
29 45 82
29 14 90
29 40 86
29 24 33
29 0 96
29 3 97
29 26 33
29 15 50
29 22 64
30 29 35
30 26 39
30 13 63
30 25 82
30 24 57
30 45 55
30 20 57
30 10 47
30 37 79
30 28 40
30 38 53
30 30 92
30 7 91
30 27 31
30 48 1
30 2 33
30 36 62
31 30 29
31 5 5
31 12 55
31 24 65
31 48 60
31 21 74
31 23 28
31 3 52
31 20 19
31 27 7
31 2 27
31 6 88
32 31 2
32 22 24
32 45 9
32 29 5
32 12 43
32 28 81
32 6 45
32 10 73
32 24 43
32 17 56
32 40 88
32 34 46
33 32 22
33 5 86
33 31 43
33 26 82
33 45 28
33 37 39
33 25 70
33 18 77
33 13 47
33 47 81
33 35 29
33 27 84
33 24 49
33 11 34
33 30 97
33 41 59
33 4 14
33 23 18
33 33 89
33 10 89
34 33 58
34 7 56
34 16 99
34 10 85
34 40 83
34 30 25
34 27 75
34 21 74
34 42 54
34 15 80
34 46 98
34 9 54
34 23 36
34 26 78
35 34 69
35 7 8
35 30 9
35 38 92
35 19 70
35 27 28
35 15 65
35 29 1
35 26 41
35 8 60
35 28 50
35 46 50
35 0 26
36 35 67
36 27 40
36 40 18
36 36 83
36 42 49
36 11 86
36 23 19
36 28 95
36 6 2
36 31 42
36 43 72
36 19 80
37 36 93
37 37 98
37 1 47
37 22 68
37 27 5
37 41 71
37 44 63
37 2 82
37 9 56
37 0 28
38 37 56
38 15 26
38 31 5
38 17 3
38 32 95
38 6 97
38 20 70
38 3 56
38 4 51
38 41 91
38 40 80
38 29 20
38 33 53
38 27 11
38 46 97
38 10 38
39 38 11
39 20 39
39 17 81
39 37 23
39 45 29
39 7 82
39 29 81
39 5 53
39 6 92
39 0 14
39 4 78
39 32 8
40 39 42
40 30 95
40 13 38
40 21 69
40 5 80
40 40 17
40 9 79
40 25 93
40 37 8
40 1 87
40 20 53
40 8 57
40 44 10
40 2 45
40 6 49
41 40 29
41 23 38
41 0 72
41 39 45
41 6 29
41 28 51
41 35 10
41 2 17
41 26 14
41 21 23
41 11 64
42 41 73
42 29 4
42 23 6
42 33 59
42 22 15
42 5 17
42 40 72
42 39 60
42 12 72
42 28 37
42 45 66
42 25 61
42 32 70
42 35 57
42 4 16
42 44 48
42 42 22
43 42 21
43 28 26
43 0 1
43 22 40
43 48 10
43 45 73
43 20 91
43 43 66
43 33 66
43 35 73
43 23 69
43 46 37
43 16 89
44 43 19
44 11 54
44 32 22
44 38 26
44 48 25
44 30 49
44 12 59
44 27 83
44 17 94
44 10 44
44 1 88
45 44 84
45 18 19
45 5 22
45 34 21
45 1 49
45 23 78
45 9 38
45 36 54
45 37 96
45 41 34
45 20 49
46 45 37
46 11 36
46 44 99
46 5 76
46 32 16
46 30 62
46 41 89
46 31 2
46 1 21
46 19 87
46 36 17
46 3 37
46 33 41
46 4 24
46 8 37
46 16 9
47 46 98
47 0 69
47 13 24
47 38 21
47 11 96
47 37 10
47 31 17
47 43 69
47 16 30
47 32 67
47 47 44
47 6 33
47 3 2
47 19 25
47 44 90
47 29 49
48 47 24
48 32 97
48 1 28
48 6 27
48 33 48
48 8 48
48 2 91
48 36 40
48 38 95
48 45 57
48 14 61
49 48 15
