50
1 0 3.247
1 0 14.844
1 0 81.103
1 0 92.319
1 0 59.404
1 0 54.9
1 0 91.507
1 0 93.937
2 0 27.028
2 0 18.884
2 0 55.772
2 0 41.194
2 0 82.661
2 0 70.59
2 0 52.285
2 0 17.978
2 0 11.644
2 0 21.571
2 0 52.339
2 0 22.096
2 0 93.552
2 0 14.051
2 0 19.565
2 0 11.121
2 0 27.481
3 2 67.196
3 2 94.108
3 2 24.563
3 2 46.354
3 2 96.951
3 2 12.035
3 2 42.301
3 2 46.164
3 2 80.642
3 2 4.256
3 2 43.587
3 2 56.648
3 2 80.835
3 2 2.705
3 2 30.941
3 2 34.422
3 2 36.139
3 2 65.662
3 2 27.85
3 2 68.966
3 0 59.823
4 2 32.532
4 2 27.77
4 2 88.222
4 2 0.377
4 2 98.894
4 2 96.463
4 2 81.299
4 2 92.719
4 2 54.049
4 2 13.729
4 2 95.396
4 2 6.049
4 2 36.805
4 2 17.876
4 2 84.128
4 2 39.51
4 2 87.902
4 2 22.656
4 2 84.925
4 2 30.43
4 2 68.017
4 2 56.845
4 2 83.94
4 2 34.389
4 2 90.481
4 2 41.302
4 2 48.029
4 2 1.181
4 2 25.45
4 2 87.297
4 2 17.66
4 2 85.488
4 1 69.384
4 1 95.198
4 1 93.34
4 1 37.645
4 1 54.484
4 1 79.373
4 1 15.382
4 1 55.161
4 1 74.987
4 1 55.752
4 1 51.36
5 1 92.952
5 1 45.569
5 1 73.277
5 1 96.99
5 1 88.088
5 1 24.175
5 1 68.418
5 1 17.752
5 1 86.916
5 1 37.749
5 1 53.361
5 1 94.837
5 2 22.457
5 2 38.212
5 2 54.952
5 4 54.165
5 4 73.197
5 4 22.14
5 4 70.67
5 4 71.438
5 4 31.567
5 4 55.305
5 4 57.623
5 4 90.837
5 4 29.555
5 4 78.736
5 4 30.207
5 4 9.907
5 4 90.466
5 4 87.115
5 4 63.623
5 4 95.413
5 4 15.342
6 2 29.094
6 2 81.629
6 2 37.504
6 2 72.669
6 2 91.745
6 2 37.252
6 2 23.902
6 2 34.238
6 2 59.943
6 4 20.023
6 4 74.702
6 4 36.919
6 4 58.869
6 4 37.035
6 2 66.994
6 2 86.932
6 2 18.653
6 4 31.968
6 4 4.674
6 4 43.811
6 4 99.372
6 4 33.439
6 4 28.346
6 4 60.275
6 4 75.236
6 4 33.838
6 4 85.548
6 4 66.071
6 4 54.294
6 4 31.605
6 4 57.548
6 4 14.08
6 4 98.007
6 4 15.674
6 4 30.877
6 4 62.76
6 4 53.992
6 4 45.916
6 4 10.672
7 4 50.035
7 4 87.271
7 4 98.599
7 4 67.539
7 4 24.901
7 4 71.954
7 4 2.785
7 4 33.257
7 4 4.408
7 4 74.677
7 4 25.711
7 4 43.284
7 4 1.138
7 4 9.165
7 4 98.891
7 4 82.042
7 4 19.581
7 4 87.27
7 4 55.414
7 4 34.871
7 4 31.379
7 4 94.314
7 4 86.896
7 4 14.608
7 4 61.043
7 1 33.962
7 1 3.852
7 1 27.307
7 1 94.315
7 1 95.476
7 1 36.675
7 1 64.27
7 1 3.022
7 1 2.898
7 1 29.581
7 1 62.963
7 1 8.082
7 1 82.918
7 1 35.108
7 1 92.119
7 1 90.304
7 1 35.256
7 1 89.751
7 1 2.926
7 1 28.997
7 1 70.195
7 1 43.686
7 1 53.561
7 1 52.393
7 1 15.718
7 1 74.582
7 1 59.879
7 1 81.804
7 1 72.095
7 1 62.287
7 1 20.007
7 1 40.683
7 1 63.136
7 5 29.073
7 5 74.479
7 5 76.085
7 5 78.777
7 5 61.871
7 5 10.232
7 5 53.617
7 5 42.085
7 5 98.68
7 5 40.657
7 5 8.849
7 5 1.631
8 3 93.772
8 3 38.095
8 3 46.971
8 3 7.283
8 1 33.873
8 1 5.51
8 1 97.476
8 3 32.937
8 3 39.671
8 3 47.447
8 3 96.113
8 3 24.198
8 3 72.731
8 3 49.48
8 3 18.412
8 3 42.616
8 3 77.818
8 3 44.503
8 3 17.515
8 3 91.122
8 3 17.177
8 3 3.398
8 3 35.013
8 3 37.939
8 3 73.079
8 1 59.037
8 1 30.067
8 1 34.206
8 1 30.375
8 1 56.671
8 1 43.469
8 1 73.068
8 1 59.077
8 1 18.521
8 1 97.308
8 1 71.803
8 1 74.628
8 1 50.165
8 1 97.673
8 1 2.459
8 1 24.533
8 1 68.468
8 1 79.193
8 1 18.97
8 1 73.126
8 1 9.593
8 1 43.256
9 1 21.974
9 1 26.383
9 1 83.108
9 1 36.963
9 1 65.502
9 1 27.377
9 1 67.237
9 1 89.01
9 1 20.609
9 1 20.492
9 1 41.417
9 1 84.145
9 1 46.399
9 1 83.968
9 8 0.341
9 8 35.936
9 8 84.707
9 8 99.644
9 8 60.581
9 8 13.452
9 8 6.477
9 8 20.627
9 8 52.937
9 8 6.276
9 8 52.766
9 8 44.9
9 8 93.666
9 8 70.412
9 8 19.996
9 8 65.313
9 8 80.891
9 8 73.439
9 8 63.127
9 8 15.221
9 8 71.988
9 0 21.365
9 0 40.108
9 0 98.288
9 0 16.664
9 0 82.452
9 0 4.396
9 0 93.934
9 0 67.393
9 0 70.071
9 0 61.818
9 0 74.7
9 0 50.716
9 0 75.626
9 0 10.503
9 0 41.612
9 0 10.174
9 0 13.079
9 0 53.573
9 0 13.792
9 0 45.933
9 0 88.85
9 8 5.446
9 8 70.06
9 8 56.395
9 8 15.32
9 8 21.706
9 8 7.198
9 8 7.245
9 8 20.56
9 8 99.657
9 8 9.805
9 8 70.637
9 2 57.621
9 2 96.321
9 2 48.21
9 2 32.497
9 2 87.903
9 2 54.559
9 2 94.581
9 2 97.387
9 2 22.227
9 2 83.549
9 2 57.279
9 2 6.065
9 2 0.625
9 2 41.678
9 2 77.936
9 2 6.824
9 2 99.118
9 2 17.779
10 8 73.519
10 8 20.758
10 8 29.178
10 8 62.523
10 8 90.582
10 8 6.316
10 8 93.494
10 8 2.933
10 8 70.901
10 8 46.275
10 8 55.094
10 8 10.527
10 8 61.143
10 8 5.852
10 8 60.036
10 8 78.764
10 8 76.219
10 1 43.026
10 1 15.466
10 1 96.475
10 1 89.551
10 1 40.886
10 1 90.59
10 1 43.972
10 1 58.226
10 4 57.728
10 4 94.471
10 4 58.613
10 4 42.651
10 4 30.844
10 4 15.619
10 4 70.204
10 4 35.48
10 4 51.698
10 5 86.206
10 5 11.486
10 5 88.767
10 5 89.169
10 5 79.074
10 5 36.392
10 5 11.556
10 5 5.728
10 5 56.832
10 5 18.293
10 5 41.628
10 5 11.634
10 5 25.249
10 5 17.809
10 5 3.208
10 2 7.339
10 2 20.553
10 2 76.633
10 2 18.423
10 2 6.514
10 2 24.753
10 2 18.065
10 2 25.989
10 2 56.315
10 2 67.469
10 2 12.375
10 2 14.462
10 2 51.512
10 2 26.404
10 2 11.853
10 2 29.705
10 2 30.678
10 2 8.617
10 2 73.63
10 2 9.729
10 2 10.278
10 2 24.277
10 2 98.817
10 2 87.407
10 2 11.185
11 9 37.087
11 9 4.182
11 9 4.708
11 9 86.305
11 9 73.791
11 9 81.342
11 9 75.344
11 9 85.702
11 9 19.499
11 9 23.667
11 9 50.881
11 9 98.76
11 9 81.662
11 9 51.874
11 9 5.282
11 9 28.941
11 9 27.883
11 9 31.119
11 9 0.403
11 9 84.936
11 9 85.656
11 9 11.736
11 9 44.326
11 9 63.809
11 9 46.317
11 9 59.979
11 1 2.137
11 1 81.956
11 1 93.887
11 1 2.437
11 1 80.994
11 1 19.116
11 1 36.002
11 1 26.893
11 1 21.183
11 0 46.717
11 0 68.177
11 0 70.206
11 0 46.65
11 0 18.628
11 0 74.635
11 0 49.213
11 0 96.757
11 2 0.166
11 2 20.575
11 2 42.946
11 2 72.728
11 2 25.699
11 2 71.35
11 2 76.594
11 2 9.489
11 2 46.235
11 2 41.894
11 2 74.45
11 2 28.595
11 2 0.902
11 2 60.445
11 2 80.262
11 2 52.915
11 2 65.2
11 2 10.444
11 6 0.396
11 6 0.921
12 8 74.465
12 8 40.764
12 8 54.691
12 8 72.466
12 8 96.954
12 8 78.621
12 8 48.684
12 8 83.435
12 8 50.98
12 8 32.744
12 8 0.371
12 8 32.218
12 8 5.808
12 8 46.532
12 8 3.159
12 8 19.983
12 8 43.189
12 8 91.452
12 8 58.93
12 8 93.863
12 8 44.155
12 8 95.479
12 8 33.541
12 8 36.104
12 3 52.298
12 3 9.37
12 3 78.937
12 3 96.406
12 3 44.399
12 3 69.701
12 3 4.478
12 3 47.287
12 3 9.737
12 5 80.769
12 2 49.959
12 2 62.623
12 2 90.712
12 2 0.286
12 2 51.897
12 2 76.962
12 2 90.244
12 2 92.554
12 2 89.809
12 2 64.597
12 2 77.152
12 0 14.947
12 0 21.916
12 0 88.78
12 0 99.756
12 0 35.739
12 0 95.549
12 0 20.141
12 0 45.067
12 0 54.418
12 0 17.102
12 0 87.706
12 0 3.888
12 0 6.76
12 0 81.722
12 9 53.872
12 9 93.58
12 9 16.263
12 9 50.466
12 9 33.426
12 9 34.512
12 9 21.334
12 9 71.046
12 9 81.818
12 9 13.412
12 9 79.398
12 9 65.393
12 9 49.343
12 9 73.953
12 9 11.274
12 9 57.879
12 9 38.604
12 9 94.105
12 9 9.926
12 9 57.247
12 9 24.257
12 9 69.936
12 9 94.75
12 9 39.147
12 9 7.561
13 7 72.027
13 7 67.115
13 6 60.745
13 6 84.937
13 6 11.36
13 6 91.885
13 6 84.457
13 6 85.683
13 6 21.626
13 6 55.054
13 6 74.444
13 6 24.412
13 6 16.702
13 6 12.043
13 6 57.654
13 6 86.283
13 6 74.59
13 6 56.197
13 6 93.37
13 0 58.988
13 0 93.663
13 0 10.625
13 0 26.716
13 0 13.977
13 0 33.757
13 0 63.877
13 0 28.915
13 0 23.103
13 4 44.544
13 4 86.101
13 4 65.377
13 4 43.962
13 4 17.372
13 4 69.551
13 4 40.286
13 4 92.628
13 4 7.314
13 4 27.515
13 4 99.705
13 4 64.526
13 4 66.194
13 4 22.07
13 4 72.301
13 4 17.46
13 4 5.683
13 4 67.505
13 4 24.275
13 4 70.721
13 4 80.798
13 9 55.704
13 9 24.886
13 9 56.216
13 9 83.262
13 9 49.766
13 0 70.157
13 0 47.299
13 0 43.379
13 0 60.562
13 0 69.992
13 0 8.402
13 0 16.181
13 0 48.368
13 0 13.31
13 0 29.197
13 0 38.284
13 0 83.594
13 0 72.378
13 0 67.359
13 0 20.467
13 0 1.947
13 0 84.248
13 0 83.066
14 11 80.058
14 11 98.918
14 11 7.366
14 11 69.238
14 11 58.96
14 11 69.656
14 11 71.154
14 11 45.734
14 11 25.074
14 11 60.944
14 11 61.513
14 11 14.492
14 11 98.687
14 11 54.188
14 11 6.483
14 11 15.309
14 12 48.934
14 12 97.699
14 12 49.026
14 12 48.406
14 12 59.932
14 9 22.684
14 9 37.589
14 9 28.987
14 9 41.383
14 9 72.942
14 9 96.283
14 9 78.407
14 10 62.108
14 10 67.449
14 10 67.222
14 10 77.371
14 10 72.39
14 10 80.592
14 10 27.405
14 10 77.234
14 10 33.304
14 10 42.649
14 10 80.115
14 10 7.652
14 10 42.78
14 10 66.439
14 10 16.298
14 10 66.254
14 6 91.601
14 6 66.687
14 6 38.459
14 6 84.064
14 6 96.569
14 6 15.846
14 6 68.203
14 6 12.873
14 6 65.51
14 6 71.847
14 6 40.888
14 6 25.425
14 0 45.568
14 0 64.279
14 0 45.038
14 0 14.232
14 0 95.884
14 0 70.009
14 0 68.3
14 0 71.546
14 0 57.144
14 0 93.206
14 0 95.374
14 0 41.657
14 0 25.868
14 0 32.499
15 3 91.973
15 3 74.621
15 3 6.42
15 3 22.954
15 3 66.975
15 3 34.84
15 0 30.633
15 0 3.796
15 0 67.663
15 0 61.455
15 4 99.283
15 4 62.548
15 4 58.008
15 4 53.227
15 4 63.268
15 4 16.962
15 4 53.291
15 4 86.258
15 4 80.243
15 4 35.745
15 4 23.602
15 4 69.354
15 4 67.356
15 4 60.476
15 4 67.118
15 4 79.282
15 4 33.302
15 4 67.26
15 13 48.373
15 13 59.667
15 13 56.134
15 13 35.251
15 13 22.603
15 13 69.755
15 13 56.486
15 13 29.228
15 13 99.381
15 5 90.655
15 5 21.724
15 5 23.642
15 5 0.305
15 5 52.233
15 5 85.968
15 5 27.415
15 1 84.728
15 1 99.768
15 1 12.845
15 1 16.218
15 1 25.36
16 10 58.061
16 10 5.826
16 10 24.853
16 10 30.826
16 10 90.61
16 10 21.783
16 10 84.216
16 10 51.936
16 10 98.502
16 10 90.969
16 10 25.747
16 10 10.827
16 10 31.907
16 10 17.319
16 10 32.832
16 10 4.041
16 10 69.961
16 10 48.099
16 10 63.173
16 10 65.739
16 10 78.488
16 10 79.747
16 10 78.161
16 12 34.092
16 12 88.91
16 12 75.15
16 12 57.279
16 12 23.45
16 12 77.749
16 12 8.074
16 12 87.509
16 12 26.825
16 12 26.446
16 12 55.595
16 12 56.38
16 12 29.003
16 12 31.969
16 12 44.861
16 12 11.259
16 12 33.31
16 12 60.288
16 12 93.381
16 12 57.564
16 0 7.559
16 0 13.228
16 0 90.427
16 0 15.989
16 0 16.368
16 0 50.363
16 0 38.735
16 0 42.677
16 0 41.793
16 0 63.198
16 0 3.578
16 0 48.405
16 0 12.224
16 0 85.493
16 0 74.354
16 0 79.243
16 0 60.689
16 0 62.106
16 0 11.208
16 0 69.882
16 0 36.499
16 13 72.94
16 13 86.869
16 13 92.218
16 13 25.738
16 13 10.132
16 13 76.528
16 13 0.724
16 13 8.738
16 13 28.887
16 13 21.542
16 13 42.566
16 6 39.988
16 6 51.785
16 6 93.13
16 12 41.194
16 12 93.714
16 12 28.424
16 12 88.903
16 12 42.173
16 12 10.834
16 12 12.222
16 12 41.507
16 12 88.995
16 12 68.622
16 12 56.833
16 12 91.298
16 12 82.593
16 12 81.626
16 12 42.191
16 12 89.469
16 12 6.448
16 12 33.543
16 12 60.087
16 12 5.509
16 12 59.041
17 7 4.125
17 7 19.193
17 7 94.43
17 7 96.831
17 7 69.638
17 7 76.721
17 7 16.256
17 7 96.229
17 7 57.629
17 7 22.544
17 7 52.865
17 7 0.265
17 7 75.338
17 7 80.94
17 7 43.391
17 7 8.133
17 7 49.258
17 3 96.296
17 3 62.66
17 3 92.409
17 3 38.251
17 3 90.656
17 3 46.241
17 3 7.91
17 3 53.085
17 5 27.356
17 5 40.72
17 5 5.506
17 5 73.066
17 5 70.278
17 5 6.097
17 5 24.073
17 5 93.459
17 5 46.678
17 5 99.912
17 5 58.628
17 5 57.774
17 5 77.422
17 5 28.922
17 5 90.769
17 5 47.935
17 5 93.796
17 5 94.331
17 5 16.589
17 5 26.615
17 5 76.546
17 5 81.717
17 4 70.548
17 4 90.634
17 4 16.131
17 4 16.792
17 4 76.178
17 4 29.807
17 4 32.025
17 4 14.161
17 4 64.371
17 4 12.774
17 4 32.093
17 4 61.272
17 4 21.171
17 4 50.441
17 4 73.063
17 4 95.195
17 4 84.056
17 4 38.069
17 4 90.386
17 9 1.202
17 9 5.805
17 9 93.214
17 9 64.07
17 9 60.814
17 9 34.209
17 9 85.469
17 9 59.553
17 9 59.951
17 9 42.277
17 9 54.064
17 9 85.844
17 9 1.935
17 9 4.589
17 9 96.77
17 9 32.23
17 9 68.815
17 9 40.203
18 2 70.022
18 2 83.202
18 2 79.406
18 2 66.874
18 2 64.092
18 2 91.744
18 2 64.243
18 2 72.693
18 2 52.422
18 2 35.4
18 2 34.35
18 2 62.035
18 2 62.386
18 2 40.271
18 2 83.67
18 2 82.92
18 2 28.844
18 2 90.691
18 2 94.345
18 2 65.441
18 2 30.54
18 2 6.087
18 2 25.032
18 2 8.592
18 6 61.243
18 6 24.938
18 6 90.371
18 6 23.047
18 6 6.088
18 6 36.907
18 6 69.388
18 6 44.999
18 6 62.031
18 6 22.932
18 6 24.585
18 6 8.748
18 6 64.582
18 6 24.837
18 6 28.296
18 11 61.305
18 11 11.858
18 11 9.117
18 11 29.329
18 11 16.034
18 11 2.692
18 11 47.682
18 11 0.157
18 11 68.968
18 11 19.923
18 11 63.093
18 11 92.909
18 11 77.992
18 11 53.069
18 11 45.198
18 11 47.752
18 11 70.536
18 11 59.195
18 11 57.747
18 11 35.942
18 15 98.734
18 15 35.789
18 15 42.95
18 15 91.388
18 15 64.428
18 4 67.361
18 4 48.988
18 4 25.697
18 4 2.461
18 4 55.609
18 4 81.838
18 4 20.174
18 4 78.624
18 4 40.27
18 4 71.365
18 4 88.698
18 4 18.357
18 4 58.988
18 11 29.111
18 11 66.874
18 11 46.938
18 11 37.759
18 11 26.186
18 11 3.942
18 11 93.745
18 11 22.247
18 11 1.177
18 11 39.287
18 11 67.187
18 11 62.296
18 11 33.837
18 11 75.548
18 11 3.223
18 11 37.658
18 11 94.124
18 11 85.917
18 11 55.489
18 11 92.729
18 11 30.76
19 10 94.869
19 10 32.136
19 10 55.713
19 10 5.482
19 10 2.744
19 10 41.649
19 10 67.723
19 10 79.372
19 10 61.534
19 10 63.901
19 1 93.322
19 1 94.631
19 1 26.017
19 1 14.525
19 1 3.482
19 5 79.092
19 5 9.1
19 1 95.577
19 1 27.431
19 1 38.11
19 1 45.331
19 4 92.572
19 11 91.255
19 11 54.457
19 11 58.185
19 11 88.729
19 11 95.153
19 11 3.756
19 11 30.167
19 11 38.982
20 10 34.926
20 10 22.417
20 10 89.511
20 10 4.33
20 10 93.412
20 10 64.38
20 10 54.715
20 10 48.06
20 15 41.536
20 15 84.05
20 15 26.78
20 15 77.987
20 15 39.006
20 15 45.373
20 16 6.966
20 16 0.947
20 16 69.913
20 16 85.234
20 16 85.766
20 4 94.328
20 4 24.01
20 4 58.663
20 4 99.803
20 4 43.397
20 19 7.32
20 19 4.99
20 16 46.864
20 16 49.819
21 6 9.873
21 6 98.016
21 6 24.876
21 6 43.797
21 6 24.998
21 6 31.261
21 6 72.01
21 6 39.86
21 6 41.238
21 6 53.192
21 6 47.81
21 6 86.3
21 6 45.215
21 6 29.915
21 6 10.683
21 6 64.949
21 6 70.008
21 6 54.691
21 6 58.774
21 6 26.019
21 20 4.094
21 20 82.689
21 20 91.888
21 20 86.659
21 20 0.992
21 20 52.506
21 20 12.188
21 20 13.532
21 20 52.766
21 20 38.031
21 20 56.031
21 20 83.907
21 20 69.354
21 20 1.127
21 20 18.397
21 20 16.256
21 20 9.745
21 20 71.744
21 20 82.409
21 4 72.483
21 4 47.876
21 4 7.644
21 4 68.334
21 4 91.366
21 4 45.606
21 4 10.956
21 4 26.392
21 8 32.801
21 8 4.344
21 8 76.485
21 8 20.281
21 9 39.017
21 5 21.664
21 5 58.644
21 5 23.272
21 5 87.025
21 5 82.806
21 5 69.141
21 5 79.969
21 5 20.071
21 5 78.989
21 5 76.286
21 5 38.941
21 5 86.521
21 5 20.201
21 5 77.135
21 5 88.482
21 5 73.808
21 5 56.943
21 5 41.137
21 5 82.452
21 5 64.886
21 5 80.262
21 5 47.981
21 5 53.628
22 13 21.48
22 13 51.202
22 13 8.889
22 13 57.121
22 13 88.913
22 13 37.173
22 13 76.623
22 13 87.965
22 13 23.52
22 13 37.657
22 13 21.624
22 13 80.594
22 13 90.396
22 13 19.698
22 13 70.146
22 13 77.692
22 13 44.293
22 13 4.197
22 13 24.908
22 15 7.846
22 15 58.4
22 15 97.801
22 15 26.529
22 15 8.796
22 15 2.462
22 15 91.785
22 15 97.062
22 15 46.136
22 15 37.837
22 15 61.335
22 15 15.575
22 15 11.834
22 15 38.616
22 15 18.534
22 15 53.943
22 15 5.984
22 15 37.123
22 15 29.539
22 15 58.2
22 9 60.471
22 9 89.657
22 9 51.387
22 9 28.621
22 9 16.991
22 9 18.807
22 9 46.903
22 9 68.188
22 9 35.354
22 9 78.25
22 9 9.097
22 9 3.701
22 9 80.274
22 9 79.689
22 9 33.502
22 9 84.784
22 9 72.641
22 9 28.279
22 9 24.182
22 9 38.725
22 9 17.904
22 9 66.352
22 13 43.881
22 13 42.835
22 13 10.923
22 13 6.269
22 13 43.482
22 13 84.462
22 13 78.668
22 13 86.636
22 3 49.786
22 3 29.893
22 1 66.868
22 1 73.56
22 1 39.346
22 1 75.513
22 1 53.785
22 1 65.711
22 1 36.632
22 1 2.901
22 1 15.026
22 1 62.737
22 1 92.121
22 1 7.068
22 1 79.576
22 1 16.536
22 1 6.121
23 12 9.014
23 12 33.284
23 12 86.517
23 12 41.246
23 12 33.615
23 12 67.554
23 12 24.09
23 12 30.265
23 12 19.343
23 12 17.165
23 12 46.214
23 12 63.421
23 12 73.419
23 12 8.627
23 12 38.909
23 12 87.608
23 12 38.752
23 12 34.97
23 12 62.194
23 12 33.183
23 12 4.07
23 12 77.814
23 12 81.102
23 12 73.297
23 22 5.472
23 22 81.468
23 22 28.45
23 22 83.425
23 22 2.082
23 22 40.77
23 22 65.88
23 22 5.383
23 22 32.26
23 22 72.685
23 22 48.998
23 22 12.066
23 22 52.255
23 22 44.988
23 22 70.298
23 15 96.535
23 16 37.781
23 16 3.997
23 16 4.335
23 16 9.775
23 16 8.891
23 16 31.311
23 16 33.524
23 16 80.526
23 16 6.576
23 16 39.283
23 16 14.079
23 16 86.28
23 16 18.593
23 16 56.424
23 16 87.759
23 16 18.006
23 16 36.984
23 16 85.201
23 16 65.657
23 16 85.148
23 16 93.407
23 16 67.566
23 16 47.758
23 15 14.71
23 15 50.247
23 15 0.507
23 15 99.318
23 15 73.16
23 15 70.858
23 15 55.791
23 15 96.744
23 15 38.154
23 15 44.052
23 15 37.877
23 15 26.831
23 15 51.441
23 15 26.129
23 15 19.771
23 15 4.666
23 15 60.982
23 15 40.234
23 15 3.024
23 3 13.021
23 3 46.25
23 3 56.767
23 3 54.72
23 3 7.217
23 3 24.553
23 3 30.749
23 3 76.521
23 3 95.245
23 3 65.154
23 3 79.0
23 3 96.523
23 3 48.582
23 3 7.225
23 3 60.362
23 3 15.659
23 3 7.959
23 3 47.299
24 9 7.901
24 9 54.058
24 9 39.786
24 9 27.553
24 9 54.495
24 9 18.409
24 9 76.625
24 9 9.666
24 9 21.961
24 9 38.978
24 9 39.869
24 9 64.519
24 9 76.141
24 9 71.596
24 19 38.232
24 19 15.544
24 19 3.844
24 19 32.493
24 19 11.984
24 19 79.077
24 19 36.684
24 19 17.482
24 19 41.793
24 0 53.981
24 0 95.967
24 0 16.123
24 0 73.968
24 0 47.805
24 0 87.357
24 0 31.63
24 0 28.513
24 0 81.443
24 0 78.008
24 0 42.001
24 0 60.499
24 0 48.928
24 0 86.268
24 0 58.764
24 0 27.395
24 18 60.793
24 18 97.957
24 18 52.682
24 18 95.208
24 18 7.121
24 18 81.86
24 18 1.236
24 18 97.608
24 18 73.859
24 18 19.84
24 18 41.71
24 18 92.491
24 18 72.37
24 18 13.8
24 18 46.71
24 18 67.771
24 18 44.369
24 3 98.399
24 3 31.034
24 3 38.204
24 3 69.477
24 3 70.235
24 3 89.962
24 5 89.273
24 5 6.156
24 5 51.167
24 5 1.367
24 5 7.426
24 5 4.465
24 5 65.132
24 5 53.066
24 5 78.643
25 24 22.02
25 24 5.034
25 24 44.177
25 24 91.715
25 24 87.557
25 24 38.263
25 24 7.313
25 24 66.572
25 24 59.728
25 24 34.254
25 24 34.868
25 24 42.472
25 24 65.673
25 24 71.331
25 24 11.969
25 24 4.821
25 24 48.296
25 24 26.64
25 24 60.832
25 24 32.94
25 2 95.824
25 2 7.072
25 2 18.215
25 2 2.797
25 2 90.563
25 2 72.967
25 2 52.086
25 2 54.871
25 2 77.358
25 2 19.542
25 2 38.802
25 2 53.464
25 2 90.955
25 2 47.009
25 2 70.68
25 2 87.255
25 2 35.874
25 2 84.113
25 2 44.539
25 2 5.432
25 2 96.578
25 2 25.899
25 16 70.279
25 16 55.947
25 16 30.427
25 16 22.974
25 16 39.372
25 16 25.72
25 16 30.012
25 16 2.453
25 16 34.978
25 16 51.978
25 16 27.752
25 16 37.718
25 16 70.25
25 16 82.762
25 20 93.252
25 20 73.256
25 20 83.081
25 20 8.895
25 20 30.309
25 20 88.659
25 20 52.379
25 20 60.442
25 20 79.769
25 20 18.806
25 20 65.484
25 20 91.278
25 20 2.711
25 20 81.499
25 20 27.715
25 19 7.506
25 0 4.353
25 0 99.182
25 0 81.81
25 0 43.678
25 0 67.015
25 0 55.263
25 0 33.392
25 0 63.707
25 0 61.989
26 24 64.496
26 24 73.916
26 24 22.994
26 24 54.34
26 24 32.452
26 24 33.918
26 24 58.043
26 24 62.095
26 24 1.852
26 24 83.604
26 24 44.375
26 24 86.85
26 24 87.463
26 24 35.416
26 4 63.303
26 19 9.267
26 19 94.683
26 19 7.673
26 19 52.061
26 19 16.966
26 19 89.212
26 19 8.045
26 19 98.631
26 19 26.02
26 19 32.823
26 19 90.541
26 19 0.586
26 19 58.044
26 19 14.825
26 19 58.364
26 19 11.412
26 19 95.482
26 19 96.357
26 12 77.375
26 12 38.836
26 12 68.457
26 12 89.302
26 12 99.909
26 12 83.275
26 12 47.325
26 12 8.027
26 12 79.249
26 12 45.516
26 12 27.576
26 12 92.137
26 21 8.575
26 21 79.412
26 21 95.24
26 21 44.916
26 21 77.758
26 21 8.679
26 21 30.813
26 21 98.692
26 21 53.659
26 21 56.011
26 21 42.338
26 21 78.491
26 21 84.504
26 21 54.234
26 21 80.209
26 21 88.085
26 21 39.527
26 21 61.086
26 21 3.123
26 21 22.053
26 21 43.388
26 21 71.912
26 21 62.028
26 21 88.891
26 21 26.066
26 8 3.682
26 8 6.128
26 8 41.177
26 8 65.613
26 8 99.915
26 8 78.238
26 8 47.471
26 8 67.859
26 8 35.713
26 8 13.32
26 8 41.008
26 8 35.151
26 8 58.679
26 8 93.106
26 8 22.291
26 8 29.607
26 8 41.364
26 8 82.619
26 8 78.412
27 21 82.615
27 21 19.23
27 21 29.113
27 21 34.721
27 21 69.337
27 21 91.308
27 21 97.584
27 21 76.275
27 21 22.8
27 21 11.045
27 24 4.971
27 24 96.946
27 24 17.89
27 24 63.83
27 24 62.867
27 24 52.376
27 9 64.685
27 9 66.373
27 9 75.215
27 9 32.141
27 9 21.071
27 9 4.235
27 9 3.211
27 9 75.045
27 9 68.842
27 9 70.074
27 9 49.795
27 9 92.127
27 12 80.384
27 12 9.043
27 12 19.407
27 12 12.616
27 12 60.62
27 12 13.751
27 12 60.465
27 12 89.512
27 12 25.346
27 12 40.008
27 12 5.914
27 12 91.519
27 12 81.479
27 12 5.251
27 12 12.695
27 12 80.863
27 12 59.745
27 10 16.307
27 10 58.958
27 10 32.149
27 10 30.394
27 10 25.344
27 10 49.446
27 10 88.852
27 10 67.194
27 10 52.671
27 10 60.886
27 10 60.989
27 10 21.455
27 10 91.797
27 10 74.149
27 10 98.292
27 10 42.216
27 19 49.205
27 19 13.826
27 19 85.1
27 19 84.395
27 19 22.291
27 19 23.885
27 19 24.379
28 13 15.015
28 13 27.506
28 13 82.839
28 13 94.042
28 13 40.878
28 13 38.804
28 13 78.143
28 13 59.536
28 13 67.042
28 13 34.709
28 13 68.295
28 13 23.138
28 13 70.435
28 13 34.612
28 13 64.669
28 13 45.717
28 13 94.14
28 20 58.535
28 20 75.518
28 20 7.831
28 20 77.894
28 20 61.1
28 20 93.764
28 20 34.392
28 20 0.048
28 20 74.143
28 20 25.96
28 20 52.594
28 20 42.558
28 20 42.332
28 20 61.138
28 20 34.229
28 20 78.248
28 20 82.333
28 20 78.635
28 20 38.23
28 20 60.436
28 20 56.565
28 20 57.573
28 20 30.564
28 17 12.092
28 17 15.477
28 17 81.786
28 17 66.841
28 17 3.06
28 17 3.27
28 4 82.501
28 4 15.414
28 4 31.876
28 4 34.645
28 4 96.098
28 4 46.966
28 4 33.637
28 4 82.403
28 4 78.607
28 4 64.465
28 4 14.889
28 4 18.878
28 4 31.917
28 4 85.671
28 4 10.249
28 4 34.173
28 4 63.902
28 4 92.722
28 4 32.91
28 4 66.931
28 5 68.709
28 5 84.45
28 5 98.488
28 5 46.757
28 20 63.252
28 20 30.222
28 20 8.512
28 20 54.29
28 20 73.322
28 20 42.166
28 20 31.182
28 20 67.341
28 20 67.229
28 20 52.269
28 20 4.384
28 20 94.945
28 20 70.494
28 20 50.87
28 20 24.043
28 20 36.887
28 20 82.709
28 20 19.081
28 20 24.245
28 20 48.662
28 20 7.392
28 20 69.426
28 20 93.926
29 22 30.935
29 22 51.347
29 22 95.768
29 22 2.785
29 22 35.547
29 22 47.597
29 22 78.676
29 22 69.19
29 22 51.727
29 22 26.627
29 22 41.853
29 22 12.292
29 22 47.332
29 22 37.506
29 22 7.928
29 22 57.973
29 22 66.78
29 22 37.043
29 22 84.448
29 13 12.09
29 13 42.41
29 13 52.127
29 13 40.549
29 13 48.699
29 13 84.381
29 13 91.319
29 13 76.505
29 24 32.618
29 24 79.426
29 24 2.204
29 24 61.313
29 24 6.518
29 24 24.646
29 24 41.966
29 24 13.839
29 24 36.779
29 24 88.986
29 24 56.608
29 24 65.352
29 24 67.173
29 24 94.477
29 24 20.886
29 24 29.863
29 24 30.718
29 24 49.485
29 24 82.721
29 15 62.426
29 15 96.212
29 15 48.614
29 15 59.232
29 15 65.05
29 15 7.343
29 15 86.636
29 15 60.486
29 15 35.775
29 10 63.689
29 10 58.222
29 10 20.093
29 10 50.908
29 10 73.657
29 10 17.189
29 10 64.873
29 10 13.844
29 10 58.396
29 10 26.569
29 10 67.06
29 10 83.559
29 10 67.351
29 10 48.756
29 10 54.355
29 10 8.527
29 3 58.664
29 3 66.058
29 3 48.034
29 3 3.983
29 3 51.238
29 3 73.536
29 3 18.368
29 3 74.89
29 3 94.855
29 3 37.674
29 3 88.24
29 3 58.805
29 3 79.43
29 3 1.47
29 3 17.608
29 3 64.554
29 3 5.962
29 3 23.386
29 3 23.479
29 3 77.764
29 3 77.083
29 3 87.973
29 3 43.113
29 3 83.676
29 3 57.151
30 26 88.221
30 26 85.446
30 26 47.698
30 26 94.011
30 26 39.242
30 26 72.126
30 26 95.643
30 15 13.923
30 15 19.824
30 15 88.615
30 15 57.25
30 15 3.082
30 15 85.298
30 15 77.022
30 15 45.116
30 15 2.648
30 15 52.143
30 15 15.679
30 15 6.097
30 15 31.52
30 15 31.525
30 15 37.69
30 15 1.434
30 15 17.704
30 15 12.813
30 15 11.476
30 15 62.095
30 15 21.442
30 15 89.122
30 15 63.331
30 21 95.177
30 21 17.353
30 21 91.54
30 21 47.719
30 21 49.482
30 21 60.45
30 21 57.448
30 21 62.099
30 21 72.619
30 21 43.108
30 25 13.069
30 25 69.296
30 25 48.117
30 25 61.661
30 25 31.582
30 25 44.536
30 25 27.054
30 25 28.043
30 25 22.261
30 25 79.451
30 25 44.456
30 25 27.429
30 25 81.148
30 8 63.753
30 8 2.092
30 8 25.244
30 8 9.158
30 8 67.25
30 8 59.659
31 19 63.639
31 19 0.816
31 19 62.989
31 19 73.065
31 19 98.583
31 19 84.362
31 19 76.128
31 19 18.023
31 19 37.591
31 19 78.805
31 19 30.58
31 19 77.938
31 19 57.616
31 13 10.418
31 13 46.913
31 13 24.868
31 13 13.396
31 13 7.512
31 13 94.099
31 13 8.411
31 13 38.761
31 8 70.479
31 8 55.581
31 8 54.199
31 8 61.883
31 8 76.296
31 8 51.298
31 8 0.53
31 8 54.425
31 8 52.051
31 8 79.37
31 2 86.607
31 2 78.146
31 2 47.934
31 2 55.904
31 2 94.892
31 2 46.36
31 2 85.234
31 2 6.336
31 2 24.641
31 2 62.648
31 2 63.375
31 2 67.419
31 2 65.807
31 8 21.532
31 8 65.588
31 8 82.486
31 8 84.975
31 8 96.923
31 8 52.971
31 8 9.852
31 8 23.35
31 8 92.057
31 8 69.131
31 8 8.649
31 8 16.462
31 8 45.81
31 8 17.371
31 8 8.254
31 8 7.7
31 8 26.201
31 8 55.554
31 8 90.959
31 8 25.489
31 15 93.401
31 15 54.537
31 15 77.08
31 15 24.587
32 9 18.441
32 9 39.429
32 9 41.232
32 9 40.082
32 9 8.669
32 9 77.776
32 9 95.103
32 2 39.886
32 2 35.398
32 2 94.508
32 2 98.659
32 2 19.095
32 2 49.207
32 2 65.433
32 2 23.342
32 2 88.991
32 2 33.377
32 2 72.578
32 2 27.247
32 2 34.589
32 2 98.733
32 2 4.476
32 2 89.365
32 2 21.386
32 2 93.891
32 2 25.35
32 2 3.478
32 2 41.089
32 2 91.941
32 2 28.786
32 2 88.433
32 2 51.874
32 23 79.621
32 23 92.866
32 23 78.655
32 23 45.12
32 23 54.549
32 23 75.221
32 23 92.416
32 23 17.932
32 23 94.512
32 23 69.157
32 23 31.96
32 23 17.531
32 23 79.938
32 23 71.446
32 23 93.089
32 23 15.509
32 23 88.064
32 23 65.99
32 23 22.419
32 23 65.256
32 23 27.485
32 23 46.267
32 23 14.232
32 27 63.419
32 27 28.649
32 27 10.205
32 27 15.661
32 27 0.068
32 27 31.193
32 27 83.374
32 27 29.051
32 27 39.005
32 27 76.072
32 27 44.832
32 27 56.823
32 27 93.62
32 27 49.365
32 27 50.986
32 27 63.234
32 27 90.872
32 27 47.237
32 27 34.661
32 3 86.144
32 27 88.029
32 27 71.969
32 27 61.114
33 10 20.519
33 10 5.108
33 10 4.979
33 10 55.528
33 10 19.919
33 1 5.402
33 1 41.089
33 1 55.435
33 1 60.053
33 1 64.26
33 1 39.671
33 1 56.011
33 1 66.715
33 1 71.665
33 1 42.631
33 1 72.768
33 1 71.025
33 1 62.251
33 1 93.21
33 1 8.841
33 1 95.982
33 1 19.858
33 1 90.125
33 1 17.529
33 1 56.343
33 1 19.731
33 1 18.007
33 21 12.072
33 21 2.202
33 21 96.552
33 21 30.999
33 21 58.244
33 21 68.318
33 21 75.524
33 21 1.499
33 21 38.59
33 21 57.543
33 21 44.297
33 2 59.003
33 2 36.915
33 2 54.739
33 2 79.405
33 2 52.344
33 2 14.768
33 2 72.631
33 2 93.236
33 31 6.52
33 31 15.318
33 31 23.826
33 31 9.043
33 31 40.542
33 31 67.392
33 31 20.556
33 31 58.931
33 31 36.988
33 31 85.532
33 31 81.54
33 31 39.977
33 31 42.875
33 31 81.627
33 31 58.541
33 31 84.718
33 31 82.821
33 31 18.662
33 31 40.526
33 31 89.147
33 31 31.963
33 31 92.959
33 31 10.459
33 31 32.717
34 13 82.143
34 13 4.798
34 13 23.908
34 13 30.763
34 13 89.42
34 13 33.324
34 13 47.543
34 13 28.262
34 13 35.176
34 13 42.705
34 13 9.866
34 13 7.743
34 13 21.399
34 13 48.194
34 13 35.031
34 13 72.028
34 22 49.52
34 22 63.533
34 22 81.131
34 22 84.289
34 22 1.511
34 22 72.126
34 22 67.23
34 22 25.065
34 22 63.674
34 22 46.694
34 22 88.267
34 22 43.487
34 22 84.831
34 22 58.033
34 22 48.78
34 15 53.532
34 15 63.543
34 15 33.452
34 15 29.891
34 15 97.511
34 15 24.83
34 15 39.723
34 15 94.139
34 32 2.922
34 32 71.794
34 32 8.917
34 32 23.712
34 32 32.629
34 32 30.572
34 32 11.332
34 32 35.964
34 32 4.872
34 32 20.019
34 32 36.058
34 32 66.576
34 32 7.823
34 32 78.639
34 32 64.647
34 32 97.365
34 32 1.774
34 32 74.683
34 32 71.685
34 32 22.14
34 32 4.395
34 10 17.276
34 6 87.018
34 6 38.433
34 6 55.743
34 6 45.159
34 6 46.941
34 6 85.891
34 6 76.804
35 25 82.943
35 25 87.688
35 25 50.925
35 25 37.525
35 25 66.208
35 25 35.435
35 25 19.953
35 25 18.465
35 25 45.994
35 25 15.571
35 25 37.967
35 25 9.448
35 32 95.555
35 32 73.792
35 32 23.539
35 24 87.693
35 24 58.977
35 24 85.354
35 24 60.601
35 24 69.55
35 24 83.553
35 24 88.782
35 24 53.673
35 10 34.113
35 10 69.685
35 10 78.72
35 10 14.021
35 10 50.873
35 10 12.366
35 10 70.249
35 10 17.576
35 10 85.974
35 10 98.635
35 10 76.383
35 13 9.556
35 13 42.546
35 13 24.177
35 13 93.038
35 13 63.341
35 13 2.036
35 13 7.38
35 13 36.055
35 13 9.193
35 13 60.292
35 13 4.343
35 13 74.33
35 13 6.926
35 13 66.699
35 13 59.527
35 13 66.136
35 13 39.317
35 13 96.066
35 13 52.963
35 13 43.453
35 13 83.992
35 19 50.482
35 19 27.836
35 19 57.322
35 19 53.574
35 19 94.566
35 19 85.646
35 19 72.966
35 19 17.991
35 19 13.081
36 8 17.919
36 8 36.168
36 8 86.948
36 8 92.613
36 8 70.02
36 8 7.294
36 8 98.473
36 8 81.63
36 8 11.298
36 8 44.091
36 8 66.314
36 8 82.051
36 8 74.982
36 8 77.388
36 8 71.228
36 8 21.4
36 8 88.904
36 34 57.863
36 34 81.591
36 34 97.603
36 34 29.656
36 34 87.045
36 34 56.876
36 34 20.286
36 34 50.03
36 34 3.864
36 34 42.891
36 34 27.335
36 34 59.88
36 34 58.137
36 34 38.043
36 34 25.824
36 34 50.819
36 34 98.626
36 34 3.298
36 34 45.065
36 1 11.667
36 1 28.744
36 1 85.059
36 1 26.674
36 1 40.107
36 1 50.35
36 1 53.067
36 1 99.827
36 1 20.53
36 1 96.575
36 1 78.902
36 1 22.486
36 1 7.83
36 1 9.545
36 1 3.403
36 1 43.8
36 1 3.18
36 1 21.929
36 1 37.572
36 1 31.469
36 1 29.205
36 1 84.901
36 1 0.17
36 1 87.819
36 1 91.526
36 35 3.883
36 35 51.281
36 35 64.768
36 35 4.831
36 35 8.166
36 35 90.065
36 35 9.761
36 35 3.973
36 35 69.387
36 35 65.413
36 35 86.316
36 15 17.542
36 15 32.735
36 15 74.983
36 15 71.435
36 15 11.604
36 15 84.624
36 15 92.875
36 26 42.534
36 26 48.321
37 30 52.56
37 30 68.352
37 30 95.526
37 30 48.071
37 30 35.901
37 30 75.391
37 30 35.54
37 30 86.558
37 30 2.982
37 30 30.516
37 30 22.433
37 30 94.975
37 30 41.347
37 30 20.589
37 30 58.053
37 30 32.837
37 30 21.698
37 30 57.508
37 30 59.575
37 30 83.061
37 30 32.557
37 30 86.068
37 30 22.25
37 30 71.604
37 30 37.182
37 30 32.779
37 30 38.939
37 30 83.934
37 30 33.161
37 30 47.338
37 30 31.514
37 30 81.612
37 30 66.302
37 30 32.151
37 32 46.359
37 5 65.888
37 5 18.562
37 5 86.033
37 5 98.636
37 5 21.032
37 5 69.694
37 5 1.021
37 5 56.63
37 5 36.123
37 5 41.615
37 5 12.443
37 5 67.367
37 5 32.264
37 5 86.034
37 5 89.709
37 5 48.781
37 0 96.313
37 0 39.646
37 0 44.15
37 0 40.411
37 0 32.478
37 0 75.873
37 0 86.789
37 0 63.353
37 0 62.022
37 0 60.146
37 0 72.433
37 0 47.165
37 0 97.37
37 0 30.401
37 0 62.3
37 0 58.04
37 13 1.512
37 13 30.901
37 13 60.373
38 14 46.819
38 14 16.038
38 14 39.184
38 14 2.844
38 14 57.017
38 14 9.266
38 14 99.025
38 14 80.917
38 14 75.366
38 14 15.528
38 14 52.57
38 14 43.987
38 14 89.013
38 14 97.49
38 14 50.857
38 14 0.493
38 14 11.698
38 14 3.198
38 4 82.206
38 4 60.032
38 4 67.709
38 4 1.308
38 4 85.198
38 4 36.879
38 4 95.976
38 4 54.589
38 21 87.593
38 21 27.738
38 21 21.793
38 21 86.142
38 21 34.914
38 21 99.26
38 21 17.774
38 21 34.101
38 27 12.821
38 27 83.688
38 27 7.223
38 27 86.465
38 27 45.362
38 27 39.289
38 27 83.263
38 27 34.141
38 27 82.065
38 11 25.329
38 11 90.312
38 11 48.999
38 11 43.536
38 11 4.348
38 11 92.485
38 11 75.138
38 11 99.032
38 11 18.706
38 11 68.53
38 11 51.465
38 11 79.372
38 11 8.802
38 11 37.474
38 11 36.543
38 11 98.859
38 11 13.255
38 11 9.462
38 11 0.199
38 11 21.397
38 27 88.574
38 27 51.015
38 27 38.062
38 27 46.679
38 27 17.39
38 27 41.5
38 27 90.29
38 27 74.223
38 27 50.96
38 27 23.309
38 27 3.703
38 27 59.891
38 27 71.982
38 27 29.023
38 27 13.192
38 27 55.952
38 27 15.325
38 27 50.829
38 27 27.838
38 27 46.053
38 27 46.088
38 27 87.719
38 27 52.162
38 27 6.213
39 3 20.748
39 3 58.562
39 3 92.409
39 3 12.802
39 3 89.612
39 3 10.941
39 3 34.705
39 3 4.783
39 3 37.131
39 3 29.494
39 3 75.71
39 0 68.499
39 0 69.713
39 0 87.722
39 0 97.065
39 0 49.274
39 0 37.059
39 0 41.322
39 0 40.975
39 0 98.521
39 0 76.805
39 0 63.131
39 0 18.013
39 24 86.417
39 24 11.662
39 21 99.125
39 21 59.733
39 4 40.255
39 4 88.415
39 4 18.001
39 4 31.334
39 4 90.554
39 4 9.516
39 4 5.914
39 4 2.395
39 4 92.336
39 4 60.399
39 4 15.467
39 4 9.152
39 4 65.817
39 4 47.136
39 4 52.076
39 4 43.571
39 4 77.971
39 4 24.312
39 4 78.533
39 4 91.07
39 4 16.885
39 4 61.148
39 4 61.872
39 4 27.571
39 27 52.214
39 27 56.795
39 27 56.594
39 27 15.55
39 27 86.533
39 27 53.339
39 27 24.903
39 27 78.336
39 27 11.478
40 16 73.581
40 16 6.939
40 16 18.754
40 16 88.02
40 16 79.157
40 16 75.986
40 16 65.918
40 16 26.502
40 16 44.996
40 16 18.091
40 16 89.6
40 16 83.306
40 16 12.964
40 16 59.891
40 16 41.451
40 16 21.384
40 16 97.829
40 25 77.718
40 25 21.175
40 25 89.489
40 25 27.952
40 25 33.944
40 25 21.831
40 25 71.638
40 25 82.964
40 25 5.951
40 25 92.783
40 25 11.198
40 25 38.282
40 25 83.507
40 25 79.446
40 25 39.275
40 25 1.175
40 25 0.479
40 25 83.914
40 25 91.992
40 25 16.533
40 25 26.401
40 12 20.841
40 12 30.016
40 12 29.282
40 12 9.029
40 12 6.211
40 12 4.031
40 12 12.432
40 12 26.259
40 12 69.485
40 12 84.242
40 29 92.278
40 29 65.19
40 29 56.514
40 29 3.824
40 29 13.23
40 29 4.109
40 29 98.326
40 29 5.664
40 29 99.995
40 29 78.691
40 29 83.196
40 29 3.189
40 29 92.915
40 29 20.479
40 29 88.344
40 29 73.685
40 29 15.355
40 29 40.91
40 29 45.913
40 29 21.142
40 29 43.298
40 29 46.193
40 29 21.043
40 29 21.569
40 29 6.563
40 23 8.555
40 23 32.57
40 23 27.088
40 23 51.292
40 23 60.302
40 23 62.577
40 23 86.807
40 23 68.377
40 23 51.476
40 23 90.888
40 23 73.816
40 29 66.239
40 29 23.212
41 16 90.539
41 16 9.736
41 16 63.045
41 16 6.294
41 16 59.229
41 16 43.64
41 16 88.318
41 16 51.29
41 16 56.904
41 16 42.952
41 16 28.096
41 16 58.498
41 16 34.121
41 16 58.768
41 16 24.888
41 16 72.81
41 16 19.413
41 16 54.273
41 16 90.765
41 16 70.071
41 16 25.772
41 16 61.026
41 16 89.229
41 16 21.646
41 24 75.864
41 24 8.295
41 24 63.298
41 24 67.697
41 24 47.418
41 24 60.372
41 24 87.36
41 24 70.146
41 24 0.592
41 24 46.924
41 24 40.33
41 24 70.2
41 24 97.613
41 24 55.019
41 24 47.302
41 24 21.502
41 24 23.89
41 24 60.403
41 24 63.743
41 24 10.152
41 24 97.153
41 20 5.482
41 20 43.736
41 20 40.345
41 20 10.796
41 20 65.165
41 20 69.997
41 20 18.382
41 20 61.241
41 20 52.2
41 20 61.229
41 20 15.122
41 20 7.063
41 9 37.21
41 23 65.05
41 23 75.727
41 23 96.055
41 23 22.526
41 23 65.386
41 23 6.933
41 23 21.616
41 23 17.746
41 23 1.213
41 23 35.098
41 23 89.554
41 23 9.022
41 23 70.305
41 23 17.082
41 23 40.836
41 23 9.036
41 23 95.144
41 23 92.559
41 23 32.489
41 23 36.35
41 23 73.552
41 23 57.051
41 23 10.05
41 23 90.489
41 39 41.495
41 39 51.151
41 39 94.301
41 39 52.648
41 39 29.376
41 39 15.809
41 39 75.154
41 39 41.516
41 39 90.97
41 39 98.353
41 39 82.845
41 39 88.951
41 39 86.531
41 39 7.606
41 39 71.227
41 39 74.441
41 39 35.132
41 39 20.907
41 39 80.578
41 39 94.33
41 39 48.95
41 39 76.372
41 39 58.37
41 39 87.002
41 39 95.819
42 27 73.727
42 27 31.57
42 27 81.194
42 27 3.993
42 27 83.606
42 27 31.69
42 27 57.537
42 27 96.56
42 27 83.47
42 27 29.12
42 27 85.919
42 27 95.075
42 27 44.375
42 27 33.763
42 27 17.125
42 19 71.372
42 19 44.478
42 35 91.379
42 35 16.948
42 14 26.791
42 14 26.657
42 14 95.317
42 14 51.599
42 14 44.667
42 14 50.642
42 14 85.368
42 14 23.556
42 14 18.531
42 14 12.83
42 14 46.982
42 14 99.765
42 14 72.667
42 14 56.574
42 14 22.497
42 14 41.088
42 14 8.447
42 14 91.72
42 14 89.721
42 14 56.337
42 14 84.885
42 18 95.945
42 18 94.645
42 18 50.232
42 18 25.983
42 18 69.111
42 18 26.596
42 18 71.798
42 18 3.177
42 18 35.094
42 18 25.013
42 18 4.735
42 18 69.606
42 18 54.025
42 18 85.396
42 18 86.304
42 18 38.62
42 18 62.231
42 18 20.216
42 18 38.849
42 18 24.484
42 18 27.809
42 18 86.433
42 2 64.053
42 2 8.799
42 2 96.056
42 2 64.212
42 2 32.974
42 2 6.381
42 2 64.519
42 2 27.805
42 2 74.538
42 2 50.334
42 2 93.453
43 20 68.24
43 20 84.707
43 20 91.755
43 20 63.116
43 20 68.47
43 20 40.392
43 20 67.151
43 20 32.059
43 20 77.615
43 20 90.483
43 20 33.64
43 20 56.204
43 20 36.648
43 20 84.815
43 20 88.605
43 20 67.065
43 20 63.979
43 20 34.257
43 20 63.799
43 20 53.238
43 20 23.69
43 20 64.394
43 20 29.07
43 20 38.952
43 20 92.552
43 3 18.357
43 3 29.255
43 3 63.593
43 3 73.221
43 3 6.024
43 3 63.881
43 3 0.367
43 3 44.035
43 3 80.77
43 3 43.558
43 3 32.747
43 3 96.012
43 3 83.202
43 3 88.794
43 3 74.435
43 3 34.134
43 3 21.948
43 3 69.415
43 3 12.466
43 3 56.508
43 3 20.568
43 15 11.734
43 15 4.369
43 15 4.153
43 15 42.953
43 15 24.77
43 15 5.448
43 15 50.364
43 15 49.837
43 15 53.447
43 15 55.066
43 15 38.501
43 15 9.568
43 15 94.252
43 29 41.502
43 29 71.953
43 29 72.913
43 29 29.688
43 29 22.848
43 29 51.488
43 29 42.155
43 29 16.945
43 29 57.158
43 29 51.056
43 29 37.65
43 29 54.014
43 29 64.843
43 29 11.821
43 29 81.025
43 29 54.034
43 29 59.415
43 29 6.544
43 29 54.556
43 29 75.056
43 29 68.24
43 29 84.223
43 32 39.502
43 32 62.12
43 30 21.35
43 30 9.659
43 30 32.952
43 30 52.615
43 30 66.158
43 30 41.519
43 30 74.547
43 30 40.757
43 30 4.707
43 30 76.695
43 30 5.829
43 30 37.767
43 30 1.624
43 30 83.888
43 30 69.332
43 30 1.71
43 30 94.246
43 30 34.132
43 30 33.777
43 30 73.026
44 20 7.012
44 20 22.498
44 20 72.074
44 20 62.88
44 20 2.091
44 20 29.993
44 20 56.487
44 20 38.75
44 20 34.877
44 20 39.41
44 20 68.842
44 20 41.715
44 0 3.891
44 0 30.989
44 0 2.708
44 0 74.07
44 0 81.767
44 0 78.781
44 0 30.336
44 0 93.433
44 0 1.368
44 0 19.184
44 21 91.549
44 21 19.704
44 21 63.209
44 21 51.268
44 21 76.231
44 21 13.781
44 21 96.621
44 21 58.256
44 21 99.177
44 21 95.141
44 21 16.031
44 21 48.351
44 21 53.993
44 21 78.541
44 21 30.035
44 24 52.408
44 24 88.984
44 24 0.64
44 24 11.704
44 24 73.748
44 24 95.764
44 24 37.886
44 24 6.014
44 24 25.071
44 24 10.089
44 24 6.775
44 24 61.975
44 24 9.973
44 24 45.55
44 7 47.315
44 7 19.408
44 7 20.622
44 7 76.094
44 7 54.799
44 7 56.227
44 7 7.71
44 7 25.086
44 7 27.913
44 7 90.978
44 7 51.568
44 7 1.788
44 7 99.789
44 7 40.641
44 7 64.389
44 7 61.462
44 7 47.305
44 7 99.541
44 7 66.277
44 7 34.828
44 7 56.342
44 7 99.533
44 7 59.759
44 7 19.067
44 2 78.851
44 2 58.914
44 2 56.18
44 2 90.171
44 2 0.718
44 2 81.194
44 2 85.339
44 2 86.724
44 2 44.484
44 2 81.832
44 2 26.264
44 2 29.139
44 2 24.35
44 2 23.615
45 2 26.265
45 2 69.141
45 2 48.089
45 2 85.173
45 2 93.095
45 6 62.496
45 6 66.531
45 6 55.533
45 6 4.345
45 6 80.202
45 6 31.616
45 6 56.449
45 6 38.306
45 6 22.968
45 6 95.569
45 6 98.188
45 6 47.385
45 6 33.651
45 6 1.986
45 6 7.175
45 6 81.924
45 6 2.509
45 6 97.821
45 6 38.085
45 6 43.485
45 6 74.472
45 6 14.956
45 2 40.603
45 2 43.906
45 2 59.392
45 2 4.627
45 2 94.631
45 2 29.146
45 30 18.671
45 30 92.288
45 30 49.56
45 30 35.355
45 30 81.834
45 30 75.053
45 30 99.409
45 30 66.548
45 30 29.216
45 30 55.735
45 30 49.616
45 30 28.481
45 17 20.382
45 17 84.498
45 17 6.933
45 17 73.951
45 17 67.459
45 17 58.839
45 17 49.516
45 17 2.866
45 17 70.62
45 17 73.066
45 17 31.508
45 17 92.905
45 31 24.661
45 31 84.913
45 31 84.795
45 31 38.054
45 31 60.541
45 31 3.133
45 31 39.386
45 31 93.489
45 31 95.127
45 31 96.426
46 33 62.974
46 33 52.725
46 33 45.124
46 33 94.46
46 33 53.92
46 33 3.954
46 33 41.326
46 33 86.642
46 33 87.04
46 33 99.883
46 33 14.366
46 33 20.472
46 33 73.052
46 33 40.497
46 33 3.068
46 33 66.001
46 33 64.653
46 33 93.478
46 33 36.423
46 33 81.812
46 33 11.608
46 36 51.016
46 36 64.561
46 36 25.616
46 36 96.623
46 36 21.84
46 36 34.843
46 36 16.596
46 36 73.285
46 44 4.291
46 44 44.792
46 44 71.77
46 44 59.609
46 44 56.229
46 44 61.104
46 44 45.334
46 44 28.47
46 44 34.209
46 44 11.766
46 44 85.012
46 44 8.304
46 44 93.009
46 44 86.012
46 44 37.443
46 44 27.933
46 44 5.709
46 23 29.673
46 23 72.61
46 23 20.993
46 23 14.599
46 23 88.776
46 23 42.257
46 23 68.521
46 23 73.266
46 23 73.645
46 23 79.349
46 23 57.747
46 23 89.798
46 23 32.664
46 23 68.193
46 23 87.282
46 23 69.222
46 23 49.546
46 23 73.296
46 23 41.209
46 23 10.033
46 23 89.794
46 23 83.073
46 23 75.516
46 23 97.309
46 23 56.012
46 23 33.086
46 23 15.262
46 23 66.471
46 23 67.605
46 23 54.823
46 23 41.554
46 23 71.483
46 23 99.835
46 23 78.826
46 23 79.908
46 23 26.953
46 23 0.369
46 23 0.304
46 23 29.123
46 23 34.62
46 23 49.234
46 23 42.441
46 23 83.851
46 44 72.364
46 44 27.81
46 44 79.813
46 44 67.475
46 44 84.57
46 44 40.934
46 44 35.815
46 44 86.076
46 44 0.706
46 44 98.701
46 44 8.328
46 44 56.915
46 44 89.745
46 44 13.121
46 44 44.142
46 44 80.987
46 44 17.374
46 44 32.984
46 44 91.123
46 44 61.651
46 44 36.274
47 27 4.521
47 27 47.205
47 27 84.368
47 27 53.268
47 27 42.335
47 27 44.347
47 27 89.119
47 27 81.82
47 27 13.274
47 27 1.286
47 27 98.028
47 27 1.772
47 27 92.413
47 27 56.759
47 27 23.938
47 27 76.363
47 27 94.12
47 27 37.517
47 27 29.681
47 42 74.948
47 42 89.312
47 42 24.085
47 42 52.753
47 42 7.705
47 42 47.697
47 42 2.981
47 42 67.587
47 42 20.179
47 42 19.788
47 42 67.733
47 42 51.297
47 42 4.221
47 42 35.85
47 42 29.813
47 42 60.395
47 42 62.839
47 42 48.216
47 42 61.13
47 6 70.335
47 6 47.254
47 15 83.22
47 7 35.58
47 7 26.424
47 7 90.406
47 7 22.376
47 7 33.093
47 7 92.978
47 15 71.972
47 15 43.936
47 15 6.83
47 15 46.71
47 15 80.931
47 15 86.357
47 15 8.587
47 15 31.485
47 15 81.945
47 15 2.768
47 15 56.978
47 15 83.328
47 15 7.839
47 15 27.877
47 15 20.069
47 15 73.777
47 15 22.519
47 15 41.461
47 15 47.918
48 47 28.8
48 47 27.761
48 47 49.105
48 9 66.947
48 9 25.305
48 9 8.387
48 32 71.513
48 32 85.973
48 32 37.29
48 32 61.072
48 32 51.536
48 32 49.009
48 32 68.004
48 32 18.363
48 32 0.143
48 32 8.496
48 32 19.054
48 32 65.657
48 32 63.318
48 32 20.744
48 32 34.569
48 32 97.644
48 32 57.68
48 32 22.941
48 32 57.192
48 32 23.539
48 32 78.852
48 32 10.002
48 32 71.721
48 32 14.818
48 32 78.381
48 37 96.897
48 37 58.735
48 37 32.448
48 37 84.198
48 37 43.639
48 37 68.866
48 37 0.12
48 37 34.718
48 37 26.417
48 37 13.033
48 37 83.882
48 37 28.281
48 37 89.402
48 37 53.101
48 37 12.469
48 29 26.17
48 29 91.103
48 29 4.491
48 29 83.702
48 29 0.801
48 29 54.023
48 29 49.615
48 29 66.727
48 29 25.934
48 29 88.363
48 20 83.178
48 20 11.493
48 20 5.857
49 2 65.378
49 2 78.409
49 2 41.415
49 2 64.732
49 2 34.686
49 2 67.555
49 2 96.466
49 2 43.558
49 2 84.119
49 2 7.104
49 2 0.007
49 2 14.379
49 2 76.865
49 2 1.463
49 2 50.439
49 2 65.254
49 2 16.45
49 2 47.868
49 2 27.812
49 2 6.454
49 2 89.989
49 2 84.801
49 2 9.547
49 2 59.226
49 1 36.694
49 1 47.431
49 1 1.289
49 1 56.253
49 1 57.195
49 1 43.086
49 1 9.299
49 1 18.292
49 1 15.712
49 1 49.37
49 1 85.272
49 1 47.347
49 1 65.559
49 1 86.154
49 1 65.936
49 43 92.707
49 43 87.847
49 43 37.559
49 32 16.447
49 32 72.525
49 32 26.277
49 32 91.601
49 32 62.633
49 42 97.243
49 42 86.764
49 34 80.069
49 34 48.479
49 34 63.436
49 34 64.807
49 34 95.558
49 34 9.558
49 34 73.565
49 34 9.108
49 34 42.216
49 34 9.117
0 0 65.148
0 0 55.412
0 0 59.971
0 0 23.352
1 1 75.042
1 1 70.403
1 1 73.656
1 1 99.978
1 1 27.703
2 2 22.152
2 2 58.903
3 3 93.763
4 4 20.632
4 4 89.648
5 5 35.593
5 5 25.368
5 5 57.542
6 6 58.986
6 6 86.607
6 6 2.626
7 7 37.875
7 7 41.805
7 7 56.389
7 7 97.475
7 7 96.58
8 8 98.113
9 9 30.214
9 9 26.387
10 10 29.197
10 10 60.187
10 10 41.441
11 11 41.396
11 11 18.23
11 11 87.344
11 11 70.648
11 11 9.582
12 12 27.07
13 13 62.463
13 13 20.255
13 13 29.542
13 13 55.643
14 14 40.522
14 14 33.489
15 15 34.414
15 15 45.236
15 15 63.711
16 16 55.975
16 16 21.517
16 16 51.001
17 17 78.835
17 17 36.521
18 18 35.334
18 18 30.046
18 18 77.474
18 18 92.437
18 18 34.527
19 19 6.656
20 20 12.54
20 20 95.957
20 20 2.79
20 20 5.705
21 21 43.78
21 21 5.998
21 21 16.729
21 21 39.939
22 22 65.865
22 22 33.15
22 22 34.276
22 22 29.574
22 22 98.901
23 23 23.715
24 24 9.589
24 24 56.358
24 24 27.769
25 25 27.271
26 26 64.459
26 26 69.426
26 26 87.463
26 26 28.75
27 27 11.623
27 27 15.566
27 27 68.702
28 28 16.245
28 28 22.228
29 29 69.22
30 30 42.941
31 31 47.608
31 31 78.449
32 32 26.915
32 32 49.153
33 33 35.699
34 34 6.602
34 34 49.01
35 35 34.812
36 36 86.564
37 37 69.911
38 38 29.167
38 38 89.252
39 39 96.372
39 39 98.365
39 39 35.463
40 40 88.128
41 41 72.071
42 42 80.2
43 43 12.646
43 43 23.084
43 43 38.244
43 43 95.064
43 43 70.8
44 44 52.021
45 45 52.181
45 45 60.051
45 45 53.526
45 45 49.705
46 46 0.596
46 46 45.963
47 47 46.7
47 47 93.305
47 47 52.123
47 47 81.217
48 48 24.397
48 48 69.79
48 48 47.908
48 48 49.933
49 49 76.839
49 49 72.984
