25
0 2 66.949
0 7 2.425
0 12 93.146
0 13 98.476
0 15 0.412
0 16 58.23
0 18 68.795
0 19 75.031
1 4 13.105
1 7 46.856
1 13 4.854
1 15 3.262
1 16 14.029
1 18 94.364
1 19 80.166
1 23 70.853
2 3 46.797
2 6 48.75
2 7 94.47
2 11 63.23
2 12 76.542
2 13 20.164
2 15 99.422
2 18 77.353
2 19 6.054
2 23 78.842
2 24 55.648
3 7 17.683
3 10 1.292
3 14 21.676
3 16 15.118
3 17 82.398
3 21 66.891
4 5 22.821
4 6 41.59
4 8 29.143
4 13 9.922
4 15 67.598
4 16 62.027
4 18 96.544
4 19 3.086
4 23 57.728
5 8 54.8
5 9 86.87
5 16 69.123
5 19 23.445
5 21 64.244
6 16 19.671
6 19 50.058
6 20 49.104
6 21 63.881
6 24 76.04
7 11 47.849
7 15 71.751
7 19 29.503
7 20 85.207
7 23 76.054
7 24 9.636
8 10 91.077
8 14 53.051
8 17 26.074
8 19 31.251
9 11 75.467
9 12 46.825
9 13 63.152
9 23 30.922
9 24 81.789
10 15 79.398
10 17 80.452
10 22 47.725
11 13 92.304
11 14 83.619
11 16 93.988
11 17 75.456
11 18 66.572
11 21 55.312
11 23 90.164
12 15 33.888
12 23 41.047
13 23 51.357
14 18 44.727
14 19 20.824
14 22 28.086
14 23 89.969
15 18 44.808
15 21 98.467
15 22 76.585
15 23 9.835
15 24 3.986
16 22 43.279
16 24 53.521
17 21 90.427
18 20 16.016
18 24 4.669
19 21 62.427
19 22 26.848
21 24 11.049