25
0 20 3
0 3 29
0 10 24
0 23 29
1 0 83
1 15 56
1 3 55
1 18 58
1 7 63
1 1 86
1 4 37
2 1 86
2 14 62
2 15 64
2 11 99
2 10 78
2 18 24
2 8 25
2 16 98
2 17 90
2 19 48
2 23 28
2 21 55
3 2 77
3 15 27
3 13 36
3 3 11
4 3 15
4 2 81
4 0 15
4 8 43
4 9 60
5 4 93
5 18 26
5 19 37
5 7 99
5 22 96
5 17 92
5 15 34
6 5 35
6 15 83
6 4 5
6 21 24
6 0 36
6 2 87
6 1 84
6 17 45
7 6 86
7 14 26
8 7 92
8 15 5
8 11 28
8 6 97
8 1 3
8 12 28
9 8 49
9 20 62
9 22 13
9 6 14
9 11 97
10 9 21
10 19 29
10 4 86
10 15 68
10 12 84
10 18 24
10 8 46
10 23 51
11 10 62
11 6 95
11 15 70
11 4 7
11 20 79
11 7 99
11 22 49
12 11 27
12 17 95
12 0 78
12 12 39
12 4 14
12 5 24
12 14 99
12 1 21
12 16 55
12 18 28
12 6 97
12 2 79
13 12 90
13 15 97
13 1 30
13 8 61
13 13 54
14 13 59
14 3 87
14 8 41
14 23 84
14 9 99
14 4 94
14 17 68
15 14 63
15 4 73
15 15 49
16 15 26
16 11 29
16 16 88
16 3 2
16 13 8
17 16 40
17 9 44
17 22 20
17 11 73
18 17 26
18 6 69
18 18 16
18 8 55
18 7 68
18 23 59
18 22 40
19 18 72
19 19 2
19 9 43
19 6 12
20 19 36
20 14 15
20 4 1
20 15 29
20 20 93
20 2 43
20 22 71
20 23 48
20 7 57
20 3 81
20 17 33
21 20 11
21 21 37
21 9 84
21 14 92
21 11 27
21 4 96
21 10 82
21 19 56
21 17 19
21 0 23
22 21 68
22 4 11
22 10 70
23 22 67
23 16 37
23 23 92
23 13 35
23 9 88
24 23 29
