25
0 1 49.823
0 2 84.247
0 3 57.408
0 4 7.127
0 6 55.239
0 8 58.736
0 10 3.642
0 11 14.568
0 12 24.405
0 13 53.929
0 14 75.489
0 15 3.14
0 16 22.623
0 18 61.349
0 19 62.818
0 20 31.263
0 22 58.32
0 23 32.591
1 2 48.025
1 5 47.833
1 8 32.65
1 10 52.862
1 14 31.897
1 15 43.54
1 22 46.117
1 24 41.555
2 3 84.515
2 5 21.83
2 9 61.162
2 10 86.496
2 11 91.845
2 12 1.455
2 13 33.87
2 15 39.157
2 16 93.3
2 17 31.144
2 19 58.56
2 20 66.36
2 21 28.711
3 8 32.513
3 9 82.289
3 10 75.236
3 12 54.217
3 14 97.435
3 15 95.028
3 16 77.974
3 17 61.064
3 18 50.624
3 19 70.622
3 20 4.544
3 21 73.816
3 22 34.57
3 23 39.857
3 24 7.694
4 5 34.013
4 6 60.3
4 7 59.552
4 9 49.894
4 11 56.987
4 13 29.154
4 14 48.775
4 16 33.453
4 17 33.586
4 21 67.753
4 24 27.98
5 6 78.432
5 7 43.542
5 9 97.867
5 12 12.349
5 16 27.388
5 17 4.088
5 22 63.752
5 23 46.263
5 24 59.602
6 8 26.134
6 13 44.477
6 15 31.534
6 19 52.548
6 22 57.923
6 24 1.715
7 8 71.749
7 10 97.282
7 11 52.922
7 12 62.957
7 14 26.131
7 15 35.89
7 16 29.577
7 19 55.016
7 21 27.603
7 22 20.423
7 23 94.623
8 13 7.419
8 16 91.129
8 19 30.797
8 20 69.31
8 21 0.037
8 23 46.122
9 13 14.609
9 15 36.659
9 16 87.037
9 18 84.09
9 20 88.853
9 21 84.019
9 23 80.913
10 12 98.967
10 14 14.521
10 15 82.628
10 18 45.045
10 20 98.031
10 22 48.934
10 23 13.088
11 12 66.868
11 14 39.561
11 15 45.592
11 16 93.991
11 19 7.886
11 21 35.038
11 22 76.771
11 24 99.764
12 16 38.27
12 18 60.149
12 19 96.796
12 22 76.214
12 23 48.158
13 14 36.672
13 17 39.036
13 19 99.857
13 23 47.113
14 16 37.643
14 17 86.789
14 19 83.784
14 20 53.232
14 21 54.928
14 22 74.406
14 23 7.911
15 16 1.528
15 17 54.389
15 18 41.436
15 23 50.377
16 17 42.704
16 18 33.433
16 19 86.369
16 20 75.998
16 22 14.88
16 23 51.928
17 18 90.836
17 20 87.263
17 22 69.847
18 19 36.657
18 20 26.881
18 21 24.887
18 22 10.664
18 23 6.243
18 24 97.012
19 20 55.49
19 22 13.325
19 24 85.303
20 23 97.02
21 24 50.841
22 23 27.111
22 24 33.382
23 24 85.212
