25
0 1 70.457
0 2 3.807
0 11 1.915
0 23 76.465
1 2 75.516
1 11 49.357
1 15 72.719
1 17 36.07
2 7 28.184
2 10 79.791
2 15 49.702
2 17 9.169
3 4 58.157
3 11 15.015
3 12 79.594
3 13 77.773
3 14 87.286
4 5 64.632
4 11 87.591
4 12 89.625
4 13 16.345
5 6 53.507
5 8 99.445
5 11 46.81
5 12 5.706
5 17 95.316
5 23 88.748
5 24 15.887
6 7 74.396
6 9 64.753
6 12 50.081
6 19 99.559
6 21 94.019
7 8 12.113
7 12 46.71
7 15 1.834
7 18 53.44
7 21 35.663
7 23 34.326
8 10 19.896
8 11 62.636
8 16 78.933
8 21 30.555
9 10 8.396
9 12 95.164
9 15 46.952
9 19 19.263
9 23 66.241
10 11 90.9
10 15 57.189
10 16 97.719
10 21 47.825
10 24 98.116
11 15 49.759
11 23 37.467
11 24 66.413
12 13 76.579
12 14 7.913
12 16 42.464
12 21 16.486
13 15 26.124
13 17 27.118
13 18 87.536
13 19 38.276
13 20 15.765
14 17 57.219
14 18 18.442
15 19 3.196
15 21 37.424
15 22 88.293
15 24 23.624
16 21 42.167
17 18 33.108
18 19 47.436
19 20 15.085
21 22 0.964
22 23 27.042
22 24 61.342
