25
0 1 19.843
0 2 89.891
0 3 81.223
0 4 60.35
0 5 65.512
0 6 10.243
0 7 38.462
0 8 54.89
0 9 61.536
0 10 43.584
0 11 53.366
0 12 0.094
0 13 91.709
0 14 60.173
0 15 28.643
0 16 63.281
0 17 7.629
0 18 47.587
0 19 84.155
0 20 10.402
0 21 80.602
0 22 63.978
0 23 41.97
1 2 86.437
1 3 69.991
1 4 63.522
1 5 54.986
1 6 81.853
1 7 70.822
1 8 18.817
1 9 16.614
1 10 60.606
1 11 92.607
1 12 4.331
1 13 18.436
1 14 75.681
1 16 8.561
1 17 67.124
1 18 32.53
1 20 54.62
1 22 38.935
1 23 58.797
1 24 86.427
2 3 13.902
2 4 81.243
2 5 59.017
2 6 83.735
2 7 24.23
2 8 4.076
2 9 43.102
2 11 50.308
2 12 26.775
2 14 28.01
2 15 75.274
2 16 64.408
2 17 47.782
2 18 33.81
2 19 11.109
2 20 43.615
2 21 48.111
2 22 23.033
2 23 15.54
2 24 96.184
3 4 94.677
3 5 93.625
3 6 45.946
3 7 38.957
3 8 48.997
3 9 15.635
3 10 36.615
3 11 82.943
3 12 66.123
3 13 78.295
3 14 21.767
3 15 29.179
3 16 60.93
3 17 77.257
3 18 34.819
3 19 77.408
3 20 21.341
3 21 68.581
3 22 74.565
3 23 0.975
3 24 5.692
4 5 34.02
4 6 52.731
4 7 31.477
4 8 24.487
4 9 54.527
4 10 85.285
4 11 79.572
4 12 66.906
4 13 18.838
4 14 11.359
4 16 22.588
4 17 23.294
4 18 98.751
4 19 69.423
4 20 21.734
4 21 19.348
4 23 94.462
4 24 42.297
5 6 86.329
5 9 77.349
5 10 17.576
5 11 60.884
5 12 42.552
5 13 35.846
5 15 53.651
5 16 70.553
5 17 79.292
5 18 74.418
5 19 74.495
5 20 26.843
5 21 49.098
5 22 8.675
5 23 41.141
6 7 63.454
6 9 17.405
6 10 47.389
6 11 48.407
6 12 70.199
6 13 32.946
6 14 12.809
6 15 2.935
6 16 74.333
6 17 85.666
6 18 13.543
6 20 47.844
6 21 49.164
6 22 86.643
6 23 34.834
6 24 16.422
7 8 19.869
7 9 27.999
7 10 38.941
7 11 51.831
7 12 41.361
7 13 4.716
7 14 69.549
7 16 28.929
7 17 23.064
7 18 15.909
7 19 27.933
7 20 38.531
7 21 40.626
7 22 17.843
7 23 5.988
7 24 60.296
8 9 99.783
8 10 39.251
8 11 65.576
8 12 89.254
8 13 76.375
8 14 96.152
8 15 19.733
8 16 63.205
8 17 6.365
8 18 89.654
8 19 84.036
8 20 39.158
8 21 45.545
8 22 88.367
8 23 46.267
8 24 76.584
9 10 2.964
9 11 77.106
9 13 20.724
9 14 39.861
9 15 88.824
9 16 36.961
9 18 10.544
9 19 83.978
9 20 8.177
9 21 34.783
9 22 31.137
9 23 98.601
9 24 25.04
10 11 21.124
10 12 13.574
10 13 7.546
10 14 66.555
10 15 77.969
10 16 45.111
10 18 91.343
10 19 28.531
10 20 0.08
10 21 87.445
10 22 85.038
10 23 89.646
10 24 57.105
11 12 84.043
11 14 92.436
11 15 82.777
11 16 44.615
11 17 38.452
11 18 70.178
11 19 33.332
11 20 58.44
11 21 21.792
11 22 28.02
11 23 8.218
11 24 68.892
12 15 68.918
12 16 69.76
12 17 52.403
12 18 40.142
12 19 28.453
12 21 60.096
12 22 65.147
12 24 46.432
13 14 37.859
13 15 72.464
13 16 10.932
13 17 1.877
13 18 83.514
13 19 55.724
13 20 89.325
13 21 61.591
13 22 2.013
13 23 36.233
13 24 84.825
14 15 57.593
14 16 1.552
14 17 2.172
14 18 34.881
14 19 50.598
14 20 24.732
14 21 28.348
14 22 32.283
14 23 50.815
14 24 34.545
15 16 10.093
15 17 6.63
15 18 17.823
15 19 98.987
15 20 1.171
15 21 57.8
15 22 63.935
15 23 94.576
15 24 5.141
16 18 53.747
16 19 82.517
16 20 74.48
16 22 28.866
16 23 78.24
16 24 88.588
17 18 97.674
17 20 7.686
17 21 96.093
17 22 25.703
17 23 49.696
17 24 89.717
18 19 40.182
18 20 82.222
18 21 15.716
18 22 33.657
18 23 35.49
18 24 77.365
19 20 16.091
19 21 48.083
19 22 46.768
19 23 66.792
19 24 17.782
20 21 31.727
20 22 48.941
20 23 74.371
20 24 41.269
21 22 43.753
21 24 18.836
22 24 7.424
23 24 48.551