25
0 15 57
0 16 31
0 4 8
0 10 49
0 14 17
0 20 92
1 17 82
1 18 12
1 8 38
1 5 56
1 24 46
1 14 12
2 16 78
2 21 9
2 12 45
2 3 39
2 22 75
2 19 91
3 20 48
3 14 20
3 24 80
3 22 82
3 17 9
3 16 7
3 4 74
1 4 93
4 23 58
4 9 98
2 4 2
4 6 2
5 7 59
5 24 37
5 16 26
5 18 72
5 17 95
5 13 12
0 6 45
6 23 20
3 6 74
2 6 58
6 7 69
6 13 62
7 17 44
7 19 76
7 21 19
7 10 60
7 24 6
7 11 32
8 22 35
8 20 15
8 11 40
8 9 69
2 8 73
8 21 33
6 9 45
9 14 34
9 15 61
0 9 94
9 13 38
9 20 44
10 23 70
10 19 90
10 15 19
10 21 98
2 10 45
5 10 35
11 17 24
3 11 48
9 11 71
11 15 52
11 14 22
11 12 96
10 12 45
1 12 37
8 12 34
7 12 46
12 22 73
9 12 82
13 15 26
10 13 94
7 13 93
13 14 98
1 13 56
13 24 7
14 16 2
14 23 3
10 14 13
14 15 98
14 24 89
14 22 63
15 19 45
15 24 22
15 16 18
2 15 30
15 17 9
12 15 64
10 16 54
7 16 83
4 16 74
16 20 81
16 24 42
16 23 42
13 17 60
17 24 2
0 17 15
4 17 64
2 17 64
16 17 42
6 18 48
13 18 1
8 18 7
10 18 54
18 20 80
0 18 9
6 19 4
19 24 54
16 19 16
4 19 50
14 19 89
11 19 59
2 20 36
7 20 69
20 21 58
13 20 11
17 20 41
1 20 75
12 21 75
18 21 79
13 21 34
14 21 91
1 21 26
15 21 70
17 22 94
11 22 49
15 22 83
20 22 81
7 22 65
21 22 92
22 23 7
13 23 58
11 23 80
9 23 59
7 23 10
0 23 38
4 24 60
0 24 57
18 24 94
23 24 40
11 24 44
12 24 45
