25
0 5 52.109
0 7 58.4
0 9 59.001
0 11 34.994
0 12 47.725
0 14 19.491
0 16 33.993
0 18 42.537
0 19 27.03
0 20 7.027
1 7 61.171
1 10 24.611
1 16 72.412
1 19 93.166
1 20 58.093
1 23 99.789
2 3 56.585
2 4 72.176
2 8 2.226
2 14 10.607
2 15 12.678
2 16 31.052
2 17 84.025
2 18 74.941
2 22 35.509
2 23 17.388
3 4 96.868
3 5 2.04
3 6 33.545
3 11 24.541
3 14 31.632
3 17 49.861
4 13 41.887
4 15 61.918
4 18 29.367
4 20 76.171
5 6 78.691
5 7 88.438
5 11 18.004
5 12 94.128
5 13 88.512
5 16 1.431
5 21 80.798
5 24 57.44
6 16 96.299
6 17 51.959
6 18 50.423
6 21 17.863
6 22 69.283
6 23 15.092
7 9 96.507
7 22 83.178
8 11 30.67
8 21 7.686
8 23 31.817
9 10 65.396
9 14 70.055
9 16 39.206
9 24 36.21
10 11 84.104
10 13 52.193
10 16 99.939
11 13 63.112
11 14 38.81
11 18 18.169
11 24 69.049
12 15 37.356
12 18 14.706
12 23 20.772
13 14 66.591
13 16 50.509
13 17 40.16
14 15 13.964
14 16 90.679
14 20 9.628
15 16 32.578
15 21 28.283
15 22 60.451
16 17 84.557
16 24 77.987
17 19 31.448
18 20 64.558
18 24 84.384
19 20 32.503
19 22 59.539
20 22 15.515
21 24 54.338
23 24 87.392