25
0 1 32.18
0 2 24.86
0 3 11.08
0 4 70.5
0 5 68.57
0 6 39.27
0 7 69.24
0 8 58.46
0 9 83.67
0 10 82.02
0 11 24.3
0 12 38.95
0 13 27.64
0 14 63.74
0 15 84.19
0 16 14.77
0 17 98.95
0 18 3.24
0 19 96.64
0 20 1.57
0 21 34.83
0 22 4.53
0 23 77.47
0 24 1.45
1 2 26.33
1 3 95.31
1 4 47.39
1 5 29.02
1 6 62.02
1 7 77.91
1 8 17.82
1 9 16.81
1 10 97.19
1 11 97.69
1 12 83.89
1 13 61.61
1 14 58.72
1 15 62.02
1 16 82.47
1 17 51.86
1 18 47.98
1 19 45.58
1 20 60.32
1 21 99.26
1 22 86.51
1 23 38.88
1 24 73.51
2 3 37.68
2 4 60.6
2 5 87.78
2 6 46.76
2 7 18.78
2 8 22.61
2 9 58.22
2 10 54.45
2 11 34.08
2 12 88.64
2 13 98.08
2 14 31.19
2 15 24.26
2 16 12.63
2 17 29.07
2 18 17.91
2 19 43.04
2 20 46.55
2 21 54.19
2 22 22.93
2 23 46.89
2 24 75.28
3 4 19.09
3 5 25.05
3 6 19.02
3 7 10.8
3 8 6.14
3 9 66.41
3 10 44.45
3 11 65.25
3 12 19.38
3 13 15.32
3 14 60.27
3 15 22.45
3 16 85.7
3 17 56.34
3 18 97.73
3 19 85.95
3 20 91.59
3 21 33.53
3 22 18.41
3 23 52.46
3 24 94.55
4 5 20.76
4 6 71.75
4 7 1.55
4 8 91.3
4 9 36.11
4 10 72.71
4 11 72.0
4 12 11.78
4 13 14.95
4 14 12.7
4 15 24.25
4 16 79.71
4 17 91.82
4 18 33.52
4 19 7.83
4 20 94.15
4 21 72.44
4 22 46.09
4 23 23.05
4 24 11.45
5 6 76.23
5 7 48.6
5 8 98.95
5 9 87.1
5 10 41.08
5 11 95.08
5 12 76.72
5 13 58.86
5 14 74.11
5 15 60.47
5 16 18.9
5 17 64.44
5 18 52.09
5 19 93.89
5 20 52.0
5 21 9.67
5 22 7.34
5 23 37.21
5 24 77.92
6 7 43.73
6 8 73.96
6 9 16.07
6 10 20.59
6 11 18.21
6 12 24.21
6 13 14.52
6 14 88.77
6 15 52.03
6 16 62.5
6 17 5.51
6 18 58.19
6 19 20.75
6 20 24.84
6 21 99.35
6 22 24.59
6 23 7.06
6 24 70.79
7 8 91.29
7 9 35.58
7 10 57.14
7 11 23.24
7 12 51.42
7 13 16.67
7 14 65.71
7 15 29.83
7 16 81.05
7 17 44.99
7 18 19.97
7 19 18.55
7 20 85.03
7 21 37.72
7 22 82.15
7 23 78.65
7 24 9.4
8 9 82.39
8 10 24.0
8 11 68.77
8 12 40.06
8 13 17.82
8 14 11.12
8 15 62.37
8 16 59.09
8 17 62.8
8 18 13.05
8 19 16.67
8 20 83.41
8 21 21.89
8 22 89.44
8 23 79.64
8 24 85.45
9 10 72.9
9 11 79.97
9 12 20.45
9 13 27.75
9 14 11.99
9 15 73.46
9 16 34.36
9 17 6.76
9 18 1.83
9 19 23.16
9 20 13.01
9 21 43.46
9 22 59.76
9 23 59.3
9 24 60.11
10 11 82.68
10 12 36.47
10 13 36.82
10 14 76.23
10 15 6.43
10 16 32.01
10 17 61.35
10 18 1.75
10 19 87.06
10 20 72.22
10 21 72.64
10 22 24.58
10 23 71.8
10 24 88.95
11 12 16.04
11 13 56.45
11 14 43.47
11 15 30.39
11 16 79.54
11 17 65.85
11 18 27.08
11 19 77.83
11 20 19.31
11 21 41.98
11 22 21.33
11 23 70.4
11 24 16.92
12 13 25.41
12 14 86.53
12 15 42.58
12 16 82.77
12 17 72.22
12 18 12.36
12 19 50.95
12 20 85.29
12 21 24.71
12 22 29.63
12 23 73.11
12 24 60.88
13 14 57.17
13 15 18.37
13 16 81.27
13 17 95.1
13 18 15.85
13 19 47.28
13 20 42.96
13 21 97.14
13 22 76.18
13 23 43.06
13 24 82.23
14 15 56.2
14 16 82.4
14 17 34.74
14 18 51.83
14 19 87.61
14 20 12.8
14 21 29.33
14 22 62.89
14 23 27.58
14 24 62.86
15 16 24.31
15 17 58.09
15 18 66.24
15 19 30.34
15 20 20.29
15 21 2.71
15 22 12.5
15 23 14.71
15 24 20.47
16 17 92.93
16 18 35.71
16 19 69.7
16 20 52.84
16 21 14.38
16 22 13.93
16 23 6.67
16 24 46.06
17 18 88.1
17 19 29.43
17 20 78.22
17 21 6.67
17 22 12.95
17 23 22.96
17 24 79.87
18 19 23.47
18 20 83.86
18 21 4.3
18 22 44.13
18 23 67.92
18 24 86.91
19 20 39.54
19 21 61.42
19 22 25.64
19 23 50.6
19 24 55.82
20 21 46.53
20 22 3.43
20 23 69.48
20 24 33.53
21 22 64.99
21 23 76.52
21 24 83.99
22 23 79.87
22 24 31.08
23 24 19.49
