24
18 12 12.9
4 12 14.814
20 1 18.511
22 23 12.9
3 11 16.375
1 4 13.012
3 12 24.68
0 7 17.208
2 7 17.659
12 11 14.609
6 10 17.167
9 15 17.607
16 9 24.868
4 2 16.154
4 15 8.349
13 6 12.277
15 17 11.575
8 4 12.098
8 5 22.822
7 10 19.047
18 20 22.327
8 10 19.627
13 21 18.589
11 7 24.446
11 15 7.033
4 3 13.655
22 5 17.502
17 10 24.596
21 23 3.759
16 19 17.27
23 4 13.32
21 2 18.487
21 15 14.564
18 15 13.312
12 17 20.394
4 16 8.63
19 8 8.27
6 3 12.881
22 15 16.068
13 11 21.582
12 2 17.046
10 19 15.893
12 6 22.561
21 8 10.314
15 8 12.142
19 6 11.607
3 2 19.552
8 18 12.5
9 10 19.367
15 14 12.603
20 13 24.4
20 7 14.376
2 15 16.696
12 7 12.559
16 13 15.053
21 19 7.035
14 20 19.316
9 8 15.415
13 12 22.062
22 12 8.794
21 9 16.346
9 17 24.299
21 11 10.107
9 14 10.897
10 20 17.803
19 9 9.518
14 19 11.22
23 19 13.522
11 18 11.23
23 15 12.031
20 12 17.466
15 13 9.52
22 18 10.899
23 14 5.927
19 18 14.808
21 20 12.133
23 2 2.129
16 17 12.117
22 2 6.731
19 22 12.41
2 16 10.115
18 2 9.325
16 18 17.467
21 16 18.48
