25
0 1 52
0 8 26
0 15 25
1 7 17
1 19 32
1 21 4
1 24 90
2 8 64
2 9 14
2 12 58
2 16 33
2 21 41
2 22 19
2 24 89
3 4 41
3 8 23
3 14 53
3 19 33
4 9 77
4 22 72
5 15 58
5 20 65
6 9 30
6 12 84
6 18 64
7 8 20
7 12 75
7 14 29
7 19 29
8 11 54
8 13 50
8 16 31
9 13 82
9 14 83
9 15 50
9 24 65
10 12 91
10 15 99
10 20 4
10 22 58
11 20 21
11 21 61
11 23 16
11 24 21
12 16 67
12 18 68
12 19 5
12 20 77
13 15 95
13 19 73
13 23 6
14 19 98
14 20 72
15 23 9
17 19 20
17 20 23
17 23 94
18 23 79
19 24 19
20 21 85
20 22 74
23 24 57