25
0 1 80.749
0 2 85.808
0 3 39.426
0 4 69.869
0 5 35.348
0 6 58.089
0 7 87.675
0 8 91.005
0 9 57.86
0 10 15.788
0 11 32.41
0 12 56.988
0 13 12.731
0 14 18.426
0 15 71.428
0 16 95.563
0 17 71.206
0 18 49.423
0 19 40.884
0 20 69.928
0 21 42.384
0 22 99.002
0 23 85.584
0 24 90.993
1 2 80.642
1 3 12.552
1 4 89.676
1 5 68.207
1 6 31.982
1 7 3.845
1 8 36.335
1 9 70.561
1 10 8.578
1 11 8.498
1 12 9.771
1 13 29.547
1 14 21.191
1 15 16.828
1 16 0.423
1 17 27.577
1 18 4.112
1 19 5.581
1 20 70.795
1 21 79.123
1 22 81.954
1 23 73.988
1 24 60.508
2 3 79.515
2 4 26.407
2 5 55.031
2 6 49.909
2 7 29.49
2 8 19.076
2 9 4.349
2 10 23.149
2 11 51.956
2 12 10.561
2 13 28.57
2 14 60.934
2 15 96.672
2 16 18.432
2 17 56.412
2 18 88.192
2 19 63.805
2 20 46.503
2 21 15.716
2 22 99.84
2 23 28.041
2 24 73.858
3 4 95.963
3 5 79.699
3 6 9.427
3 7 36.018
3 8 64.834
3 9 10.205
3 10 51.717
3 11 6.832
3 12 82.389
3 13 30.247
3 14 80.753
3 15 41.815
3 16 79.948
3 17 91.553
3 18 47.024
3 19 28.778
3 20 4.548
3 21 90.941
3 22 45.537
3 23 1.479
3 24 57.475
4 5 48.16
4 6 68.439
4 7 61.164
4 8 90.974
4 9 95.777
4 10 97.178
4 11 85.149
4 12 49.265
4 13 0.516
4 14 66.986
4 15 19.94
4 16 23.49
4 17 24.99
4 18 85.461
4 19 59.027
4 20 78.474
4 21 66.643
4 22 26.666
4 23 87.317
4 24 65.517
5 6 56.733
5 7 44.228
5 8 61.099
5 9 61.3
5 10 95.472
5 11 70.735
5 12 73.118
5 13 31.685
5 14 94.143
5 15 80.874
5 16 25.747
5 17 52.253
5 18 60.94
5 19 40.029
5 20 2.566
5 21 88.883
5 22 96.818
5 23 41.821
5 24 30.311
6 7 87.043
6 8 10.1
6 9 28.037
6 10 31.261
6 11 41.147
6 12 39.453
6 13 22.263
6 14 45.319
6 15 26.624
6 16 67.319
6 17 75.503
6 18 68.467
6 19 87.637
6 20 85.339
6 21 19.216
6 22 76.329
6 23 42.734
6 24 42.727
7 8 1.187
7 9 53.335
7 10 29.044
7 11 53.555
7 12 70.434
7 13 14.632
7 14 3.661
7 15 36.13
7 16 46.945
7 17 30.541
7 18 3.343
7 19 97.108
7 20 27.6
7 21 43.355
7 22 58.789
7 23 69.741
7 24 6.406
8 9 0.824
8 10 71.721
8 11 67.718
8 12 84.098
8 13 68.493
8 14 15.516
8 15 26.618
8 16 56.615
8 17 39.235
8 18 28.442
8 19 13.785
8 20 84.456
8 21 90.037
8 22 25.41
8 23 42.951
8 24 5.945
9 10 61.854
9 11 7.199
9 12 62.103
9 13 91.656
9 14 8.713
9 15 14.903
9 16 53.493
9 17 89.087
9 18 26.304
9 19 72.798
9 20 41.772
9 21 17.415
9 22 92.783
9 23 57.568
9 24 81.838
10 11 97.925
10 12 99.064
10 13 98.626
10 14 5.262
10 15 82.196
10 16 61.768
10 17 94.881
10 18 28.693
10 19 9.973
10 20 8.773
10 21 22.755
10 22 73.114
10 23 7.653
10 24 21.428
11 12 81.901
11 13 22.438
11 14 76.803
11 15 25.56
11 16 26.464
11 17 22.588
11 18 27.64
11 19 62.131
11 20 47.963
11 21 63.863
11 22 14.451
11 23 57.679
11 24 36.093
12 13 56.223
12 14 0.618
12 15 90.601
12 16 25.582
12 17 67.1
12 18 18.995
12 19 48.421
12 20 6.89
12 21 95.764
12 22 93.018
12 23 12.286
12 24 37.004
13 14 62.956
13 15 32.22
13 16 46.194
13 17 96.403
13 18 26.144
13 19 25.496
13 20 74.372
13 21 63.342
13 22 50.829
13 23 61.044
13 24 1.895
14 15 19.0
14 16 7.98
14 17 12.392
14 18 0.583
14 19 95.741
14 20 70.448
14 21 89.544
14 22 5.891
14 23 77.417
14 24 10.875
15 16 78.245
15 17 32.737
15 18 63.293
15 19 18.956
15 20 39.001
15 21 28.169
15 22 97.571
15 23 53.907
15 24 59.295
16 17 50.409
16 18 7.218
16 19 75.954
16 20 36.484
16 21 28.62
16 22 14.482
16 23 11.043
16 24 91.382
17 18 58.979
17 19 52.9
17 20 52.033
17 21 84.835
17 22 20.952
17 23 98.561
17 24 61.553
18 19 72.437
18 20 7.449
18 21 87.217
18 22 93.322
18 23 72.497
18 24 87.603
19 20 35.03
19 21 10.497
19 22 60.192
19 23 86.935
19 24 53.088
20 21 7.894
20 22 53.258
20 23 20.109
20 24 13.035
21 22 26.768
21 23 39.669
21 24 34.637
22 23 59.578
22 24 89.661
23 24 44.088