25
0 7 19.78
0 18 8.01
1 6 24.01
1 7 17.78
1 13 8.07
1 14 3.61
1 16 10.79
1 21 0.47
1 23 23.65
2 5 4.1
2 14 9.88
2 22 13.46
2 23 2.62
3 4 12.69
3 5 11.52
3 6 19.44
3 8 12.55
3 11 10.64
3 14 9.51
3 15 2.35
3 17 12.46
3 18 0.84
3 22 20.79
4 10 21.36
4 12 24.71
4 18 15.52
4 19 23.75
5 6 10.68
5 7 0.16
5 13 11.88
5 15 18.72
5 17 15.05
5 21 15.48
6 9 21.73
6 18 8.85
7 10 15.07
7 18 8.47
7 20 19.02
7 22 5.72
8 11 16.52
8 12 24.08
8 14 14.49
8 19 14.26
9 16 21.67
9 18 5.45
9 20 20.06
10 17 21.99
10 20 24.26
11 22 10.45
12 13 6.8
12 16 14.56
12 19 11.59
13 14 7.87
13 18 18.97
13 24 4.57
14 18 16.36
14 21 16.32
14 24 9.15
15 21 23.97
16 17 16.62
16 18 24.83
16 19 23.1
17 22 0.97
18 21 0.12
19 21 17.86
22 24 19.98
23 24 5.53