25
0 1 73
0 2 37
0 3 76
0 4 85
0 5 10
0 6 38
0 7 31
0 8 96
0 9 2
0 10 10
0 11 10
0 12 48
0 13 90
0 14 23
0 15 21
0 16 24
0 17 28
0 18 28
0 19 85
0 20 71
0 21 75
0 22 33
0 23 39
0 24 54
1 2 19
1 3 34
1 4 35
1 5 9
1 6 75
1 7 56
1 8 60
1 9 25
1 10 20
1 11 66
1 12 55
1 13 28
1 14 46
1 15 87
1 16 41
1 17 14
1 18 43
1 19 72
1 20 11
1 21 76
1 22 34
1 23 95
1 24 15
2 3 75
2 4 82
2 5 89
2 6 39
2 7 7
2 8 30
2 9 25
2 10 4
2 11 79
2 12 1
2 13 22
2 14 31
2 15 16
2 16 28
2 17 32
2 18 9
2 20 23
2 21 75
2 22 3
2 23 19
2 24 30
3 14 6
3 15 54
3 17 11
3 22 82
4 5 76
4 8 72
4 9 25
4 13 47
4 14 67
4 15 7
4 17 72
4 20 75
4 23 40
5 7 46
5 8 22
5 9 46
5 10 92
5 11 96
5 14 36
5 16 41
5 17 17
5 18 88
5 19 61
5 20 59
5 24 26
6 11 81
6 17 55
6 21 70
6 22 12
7 13 53
8 10 77
8 11 90
8 15 22
8 18 43
8 22 36
8 24 46
9 10 27
9 12 94
9 15 76
9 20 16
9 22 79
10 11 86
10 12 9
10 14 91
10 15 61
10 18 21
10 21 35
10 22 25
10 23 13
10 24 75
11 12 70
11 13 73
11 15 10
11 16 74
11 17 28
11 18 37
11 19 46
11 20 64
11 21 5
11 22 6
11 24 80
12 13 79
12 14 30
12 15 21
12 16 75
12 17 74
12 18 87
12 19 6
12 20 63
12 21 57
12 22 89
12 23 54
12 24 29
13 14 72
13 16 2
13 18 8
13 22 42
13 23 28
13 24 46
14 15 49
14 16 13
14 18 41
14 19 2
14 20 7
14 21 77
14 22 24
14 23 1
15 20 7
16 17 11
17 18 73
17 19 49
17 20 75
17 21 68
17 22 20
17 23 69
17 24 17
18 19 20
18 20 88
18 21 41
18 23 6
19 21 90
19 22 66
20 21 17
21 23 8
22 24 35
23 24 74
