25
1 0 52.889
1 0 54.431
1 0 2.689
1 0 57.643
1 0 71.59
1 0 68.28
1 0 66.028
1 0 94.289
1 0 81.623
1 0 74.063
1 0 98.248
1 0 55.101
1 0 83.413
1 0 1.138
1 0 63.088
2 0 42.273
2 0 70.393
2 0 10.891
2 0 11.664
2 0 90.671
2 0 41.783
2 0 28.309
2 0 92.54
2 0 3.468
2 0 14.006
2 0 53.458
2 0 62.091
2 0 45.133
2 0 17.728
2 0 48.07
2 0 50.615
2 0 46.177
2 0 69.035
2 0 1.839
2 0 79.31
2 0 34.205
2 0 74.994
2 0 33.05
2 0 88.609
3 0 54.836
3 0 22.93
3 0 88.838
3 0 50.405
3 0 55.838
3 0 56.183
3 0 21.736
3 0 60.377
3 0 0.419
3 0 34.955
3 0 58.98
3 0 10.94
3 0 64.41
3 0 84.148
3 0 39.474
3 0 84.044
3 0 66.228
3 0 99.639
3 0 8.944
3 0 39.322
3 0 46.713
3 0 13.456
3 0 27.752
3 0 17.148
3 2 7.274
3 2 12.247
3 2 72.498
3 2 79.258
3 2 99.37
3 2 17.566
3 2 82.853
3 2 4.709
3 2 52.259
3 2 9.165
3 2 1.112
3 2 64.923
3 2 71.949
3 2 79.513
3 2 76.539
3 2 27.381
3 2 59.356
3 2 30.239
3 2 61.59
3 2 68.432
3 2 76.572
3 2 9.743
3 2 72.345
4 0 69.901
4 0 55.699
4 0 67.817
4 0 66.777
4 0 14.418
4 0 19.697
4 0 93.268
4 0 35.913
4 0 77.935
4 0 26.36
4 0 4.087
4 0 55.732
4 0 29.386
4 0 65.803
4 0 5.556
4 0 48.007
4 0 42.041
4 0 55.944
4 0 84.348
4 0 12.17
4 0 18.352
4 0 33.962
4 0 58.514
4 0 94.092
4 0 44.412
4 0 93.096
4 0 54.176
4 0 51.832
4 0 75.893
4 0 51.497
4 0 47.611
4 0 48.676
4 0 87.168
4 2 35.641
4 2 91.641
4 2 63.499
4 2 86.225
4 2 39.032
4 2 9.917
4 2 1.545
4 2 91.165
4 2 72.384
4 2 93.095
4 2 57.42
4 2 30.114
4 2 86.891
4 2 78.821
4 2 69.415
4 2 21.289
4 2 2.24
4 2 54.806
4 2 79.457
4 2 91.494
4 2 62.732
4 2 34.566
4 2 65.26
5 4 43.311
5 4 76.944
5 4 61.783
5 4 91.31
5 4 52.64
5 4 43.689
5 4 12.187
5 4 11.337
5 4 71.333
5 4 69.862
5 4 90.703
5 4 47.199
5 4 10.974
5 4 69.59
5 4 54.883
5 4 16.656
5 4 51.842
5 4 31.493
5 4 60.205
5 4 99.002
5 4 47.127
5 4 85.01
5 4 54.013
5 1 17.795
5 1 70.736
5 1 91.761
5 1 45.891
5 1 51.216
5 1 56.208
5 1 77.262
5 1 44.752
5 1 96.297
5 1 50.597
5 1 60.09
5 1 23.864
5 1 64.113
5 1 25.1
5 1 29.48
5 1 34.628
5 1 55.425
5 1 31.433
5 1 42.751
5 1 1.575
5 1 50.541
5 1 43.913
5 1 29.784
5 0 20.3
5 0 87.758
5 0 27.117
5 0 5.769
5 0 60.363
5 0 58.565
5 0 90.13
5 0 83.752
5 0 36.469
5 0 61.636
5 0 3.751
6 3 55.141
6 3 6.1
6 3 96.4
6 3 96.134
6 3 53.052
6 3 41.622
6 3 19.322
6 3 16.914
6 3 15.835
6 3 51.887
6 3 83.926
6 3 18.213
6 3 53.226
6 3 97.628
6 3 9.776
6 3 91.01
6 3 74.639
6 3 80.269
6 3 7.78
6 3 44.179
6 3 76.063
6 3 78.319
6 3 69.432
6 1 97.922
6 1 28.626
6 1 31.664
6 1 65.59
6 1 19.754
6 1 39.156
6 1 28.099
6 1 89.07
6 1 72.829
6 0 41.943
6 0 20.148
6 0 81.487
6 0 28.419
6 0 28.512
6 0 60.038
6 0 34.961
6 0 45.031
6 0 62.821
6 0 42.381
6 0 49.197
6 0 2.712
6 0 34.199
6 0 65.883
6 0 91.574
6 0 39.696
6 0 6.943
6 0 56.638
7 3 90.786
7 3 28.725
7 3 27.675
7 3 36.035
7 3 76.806
7 3 25.892
7 3 88.162
7 3 12.515
7 3 82.703
7 3 4.69
7 3 58.777
7 3 33.78
7 3 3.246
7 3 28.213
7 3 49.72
7 3 61.342
7 3 23.604
7 3 80.628
7 4 5.889
7 4 76.12
7 4 25.7
7 4 76.851
7 6 19.576
7 0 65.212
8 2 73.484
8 2 11.048
8 2 45.937
8 2 79.662
8 2 43.974
8 2 82.599
8 2 7.254
8 2 11.712
8 2 5.25
8 2 60.131
8 2 45.109
8 2 38.846
8 2 87.323
8 1 50.866
8 1 93.277
8 1 50.172
8 1 52.844
8 1 86.124
8 1 23.21
8 1 61.314
8 1 13.428
8 1 53.172
8 1 71.22
8 1 47.727
8 1 30.028
8 1 92.948
8 1 69.504
8 1 59.142
8 1 18.335
8 1 12.4
8 1 89.36
8 1 87.197
8 1 9.393
8 1 61.752
8 1 1.49
8 1 54.755
8 1 36.305
8 1 3.615
8 1 37.714
8 6 84.427
8 6 82.464
8 6 48.235
8 6 92.546
8 6 89.052
8 6 93.543
8 6 24.106
8 6 2.041
8 6 85.659
8 6 79.262
8 6 96.154
8 6 7.302
8 6 85.621
8 6 59.888
9 3 20.318
9 3 75.761
9 3 72.224
9 2 98.507
9 2 0.485
9 2 37.385
9 2 67.88
9 2 1.658
9 2 74.775
9 7 64.27
9 7 90.455
9 7 40.002
9 7 46.121
9 7 43.866
9 7 55.668
9 7 48.036
9 7 80.269
9 7 18.487
9 7 52.711
9 7 16.601
9 7 59.213
9 4 11.756
9 4 9.24
9 4 46.76
9 4 74.938
9 4 17.945
9 4 88.27
9 4 73.126
9 4 43.102
9 4 32.178
9 4 43.882
9 4 76.004
9 4 89.247
10 9 20.284
10 9 96.313
10 9 90.966
10 9 54.403
10 9 41.729
10 9 23.659
10 9 66.895
10 9 84.349
10 9 73.142
10 9 1.904
10 9 73.626
10 9 49.001
10 9 37.373
10 9 20.638
10 9 50.832
10 9 61.576
10 9 48.612
10 9 66.928
10 9 30.948
10 9 66.901
10 6 4.691
10 6 39.536
10 6 33.553
10 6 27.471
10 6 38.208
10 6 1.349
10 6 62.804
10 6 22.948
10 6 93.891
10 6 1.413
10 6 52.814
10 6 65.112
10 6 36.477
10 2 79.875
10 2 67.036
10 2 19.521
10 2 82.908
10 2 8.593
10 2 47.436
10 2 6.598
10 2 68.268
10 2 23.025
10 2 61.685
10 2 26.608
10 2 3.458
10 2 76.673
10 2 93.751
10 2 91.262
10 2 42.363
10 2 85.508
10 2 46.599
10 2 19.071
10 2 40.354
10 2 16.007
10 2 9.297
10 9 51.849
10 9 49.767
10 9 90.148
10 9 19.909
10 9 26.358
10 9 11.085
10 9 2.057
10 9 23.209
10 9 87.729
11 5 94.183
11 5 23.208
11 5 62.686
11 9 76.311
11 9 6.061
11 9 76.874
11 9 65.055
11 5 84.957
11 5 70.082
11 5 67.147
11 5 41.392
11 5 82.819
11 9 17.404
11 9 63.564
11 9 82.802
11 9 8.727
11 9 9.38
11 9 95.304
11 9 89.567
11 9 10.363
11 9 94.003
11 9 59.757
11 9 30.504
11 9 55.48
11 9 31.311
11 9 70.872
11 9 52.477
11 9 72.958
11 9 88.192
11 9 31.046
11 9 52.79
11 9 61.167
11 9 69.828
11 9 83.016
11 9 35.804
12 1 59.342
12 1 7.885
12 1 12.241
12 1 20.285
12 1 43.51
12 8 94.793
12 8 86.079
12 8 82.909
12 8 14.607
12 8 84.441
12 8 24.085
12 2 96.009
12 2 90.135
12 2 29.152
12 2 83.947
12 2 56.245
12 2 31.289
12 2 96.737
12 2 32.269
12 2 12.29
12 2 50.786
12 2 48.731
12 2 35.493
12 2 86.309
12 2 88.511
12 2 25.586
12 2 35.35
12 2 29.834
12 2 76.386
12 2 85.601
12 2 33.354
12 2 82.436
12 2 67.179
12 2 4.32
12 0 21.419
12 0 70.753
12 0 12.123
12 0 52.586
12 0 8.115
12 0 25.579
12 0 58.476
13 3 84.896
13 3 46.233
13 3 5.429
13 3 70.18
13 3 87.605
13 3 43.861
13 3 57.366
13 3 15.323
13 7 92.259
13 7 61.576
13 7 63.578
13 7 97.332
13 7 20.411
13 7 83.098
13 7 73.188
13 7 74.955
13 7 31.555
13 7 41.536
13 7 34.822
13 7 64.149
13 7 24.311
13 7 43.913
13 7 51.227
13 8 69.021
13 8 96.962
13 8 55.327
13 8 12.402
13 8 18.85
13 12 56.315
13 12 70.207
13 12 39.645
13 12 18.355
13 12 39.172
13 12 62.452
13 12 12.15
13 12 22.424
13 12 8.883
13 12 64.808
13 12 30.927
13 12 75.652
13 12 88.34
13 12 92.666
13 12 13.287
13 12 14.613
14 6 30.295
14 6 38.644
14 6 84.34
14 6 55.89
14 6 74.341
14 6 21.739
14 6 27.186
14 6 63.004
14 6 85.583
14 6 76.35
14 6 77.025
14 6 3.023
14 6 61.522
14 6 4.797
14 6 33.379
14 6 23.715
14 6 82.433
14 5 3.545
14 5 76.864
14 5 82.902
14 5 38.698
14 5 66.888
14 5 64.043
14 5 78.061
14 5 39.636
14 5 51.453
14 5 94.723
14 5 47.387
14 5 83.322
14 5 32.502
14 5 88.586
14 5 98.217
14 5 36.713
14 5 47.416
14 5 64.128
14 5 7.376
14 5 37.072
14 5 9.394
14 5 82.577
14 5 7.191
14 5 53.524
14 5 30.195
14 6 96.745
14 6 69.132
14 6 1.596
14 6 98.02
14 6 39.033
14 6 14.68
14 6 92.732
14 6 87.877
14 6 20.01
14 6 4.388
14 6 91.172
14 6 22.652
14 6 77.676
14 6 46.826
14 6 83.268
14 13 97.788
14 13 70.293
14 13 57.68
14 13 30.977
14 13 46.107
14 13 76.668
14 13 36.656
14 13 25.526
14 13 97.657
14 13 57.686
14 13 53.875
14 13 34.21
14 13 33.993
14 13 43.305
14 13 2.017
14 13 3.8
14 13 47.059
14 13 6.79
14 13 69.39
14 13 7.818
14 13 86.038
14 13 29.482
15 5 5.168
15 5 24.064
15 5 28.143
15 5 99.334
15 6 66.065
15 6 91.855
15 6 32.662
15 6 96.837
15 6 23.967
15 13 13.652
15 13 57.655
15 13 27.447
15 6 49.964
15 6 51.759
15 6 5.458
15 6 39.876
15 6 82.79
15 6 75.777
15 6 35.498
15 6 41.111
15 6 91.386
15 6 64.733
15 6 31.031
15 6 7.272
15 6 64.17
15 6 48.763
15 6 91.355
15 6 33.607
15 6 23.016
15 6 86.32
15 6 98.429
15 6 76.73
15 6 8.857
15 6 98.611
15 6 4.468
16 0 97.971
16 0 48.336
16 0 67.678
16 0 38.128
16 0 60.047
16 0 55.797
16 0 90.318
16 0 50.112
16 0 35.397
16 0 14.87
16 0 12.853
16 0 65.113
16 0 36.418
16 0 78.58
16 0 99.677
16 0 66.08
16 0 92.552
16 0 44.757
16 0 52.457
16 0 37.259
16 0 36.076
16 0 43.344
16 0 63.805
16 15 2.914
16 15 56.03
16 15 93.821
16 15 12.762
16 15 96.379
16 15 75.264
16 15 27.543
16 15 64.687
16 15 32.992
16 5 70.426
16 5 8.925
16 5 98.993
16 13 44.284
16 13 78.569
16 13 18.895
16 13 99.097
16 13 23.034
16 13 14.423
16 13 36.296
16 13 53.079
16 13 27.018
16 13 7.632
16 13 34.702
16 13 3.758
16 13 33.051
16 13 82.124
16 13 77.575
16 13 1.806
16 13 99.785
16 13 90.627
16 13 81.008
16 13 13.823
16 13 97.449
17 0 27.6
17 0 68.592
17 0 86.104
17 0 66.414
17 0 57.79
17 0 80.608
17 0 78.621
17 0 18.086
17 0 63.865
17 0 81.936
17 0 34.645
17 0 43.531
17 0 69.701
17 0 88.194
17 0 55.799
17 0 25.574
17 3 88.525
17 3 9.145
17 3 13.081
17 3 78.281
17 7 35.089
17 7 16.688
17 7 45.253
17 0 5.879
17 0 93.305
17 0 89.229
17 0 84.149
17 0 87.738
17 0 16.853
17 0 78.979
17 0 2.202
17 0 66.804
17 0 29.707
17 0 54.015
17 0 70.308
17 0 71.827
17 0 69.574
17 0 56.201
17 0 57.773
17 0 14.52
17 0 20.49
17 0 74.59
17 0 46.749
17 0 8.754
17 0 38.292
17 0 94.165
17 0 4.113
18 7 28.371
18 7 24.278
18 7 89.233
18 7 34.925
18 7 78.139
18 7 14.092
18 7 37.52
18 7 88.347
18 7 8.91
18 7 32.619
18 7 88.626
18 7 65.564
18 7 96.02
18 7 69.092
18 7 73.305
18 7 23.891
18 7 61.329
18 7 13.124
18 7 93.944
18 7 1.707
18 7 14.195
18 7 96.109
18 7 47.374
18 7 24.537
18 7 22.826
18 8 81.65
18 8 8.127
18 8 47.516
18 8 41.443
18 8 79.621
18 8 57.366
18 8 52.954
18 8 22.911
18 8 75.276
18 6 91.166
18 6 68.618
18 6 32.782
18 6 27.305
18 6 23.547
18 6 64.863
18 6 79.691
18 6 59.877
18 6 58.422
18 6 28.167
18 6 66.328
18 6 40.791
18 1 19.561
18 1 25.055
18 1 12.843
18 1 88.201
18 1 36.568
18 1 20.424
18 1 38.692
18 1 39.472
18 1 92.078
18 1 11.403
18 1 19.219
18 1 25.764
18 1 59.832
18 1 57.624
18 1 78.241
18 1 82.459
18 1 16.02
18 1 41.606
18 1 24.263
18 1 27.989
18 1 96.341
18 1 97.638
18 1 35.884
18 1 96.086
18 1 1.713
19 9 1.659
19 9 10.135
19 9 19.427
19 9 72.225
19 9 67.362
19 9 89.716
19 9 50.201
19 9 9.574
19 9 55.61
19 9 20.112
19 9 51.153
19 9 59.126
19 9 18.669
19 9 40.837
19 9 64.934
19 13 59.816
19 13 51.434
19 13 23.841
19 13 35.009
19 13 17.624
19 13 82.602
19 13 90.878
19 13 67.815
19 13 7.819
19 13 5.748
19 13 2.596
19 13 88.458
19 13 34.134
19 13 23.338
19 13 62.14
19 13 24.236
19 13 28.051
19 13 18.897
19 13 94.212
19 13 48.791
19 13 45.275
19 13 18.978
19 13 44.827
19 11 64.692
19 11 23.352
19 11 24.537
19 11 55.918
19 11 47.364
19 11 11.319
19 11 64.902
19 11 13.718
19 11 43.884
19 11 41.604
19 11 34.925
20 8 65.934
20 8 48.89
20 8 26.528
20 8 23.907
20 8 58.232
20 8 24.927
20 8 40.653
20 8 66.51
20 8 3.631
20 8 61.77
20 8 76.208
20 8 27.2
20 8 31.635
20 8 76.527
20 8 98.097
20 8 46.819
20 8 20.208
20 8 93.75
20 8 49.805
20 8 41.944
20 8 63.266
20 8 96.863
20 6 14.534
20 6 57.089
20 6 9.549
20 6 5.483
20 6 97.597
20 6 52.09
20 6 56.068
20 6 56.014
20 6 35.296
20 6 94.822
20 6 19.935
20 6 51.734
20 6 99.894
20 6 2.984
20 6 73.225
20 1 39.601
20 1 61.601
20 1 15.723
20 1 52.158
20 1 28.14
20 1 59.356
20 1 6.154
20 1 16.371
20 1 25.958
20 1 56.518
20 1 89.843
20 1 0.534
20 1 26.418
20 1 15.244
20 1 16.562
20 1 43.248
20 1 92.386
20 1 67.095
20 11 58.697
20 11 61.963
20 11 15.382
20 11 37.211
21 13 33.265
21 13 68.478
21 13 11.324
21 13 71.327
21 13 75.938
21 13 15.942
21 13 92.877
21 13 8.557
21 13 11.443
21 13 16.716
21 13 90.729
21 7 48.59
21 7 27.502
21 7 55.995
21 7 57.983
21 7 88.131
21 8 84.704
21 8 74.362
21 8 66.924
21 8 2.509
21 8 98.09
21 8 56.36
21 8 93.475
21 8 94.65
21 1 82.757
21 1 96.451
21 1 84.703
21 1 41.47
21 1 42.664
21 1 36.292
21 1 90.967
21 1 76.768
21 1 90.85
21 1 47.039
21 1 13.759
21 1 83.033
21 1 5.517
21 1 74.73
21 1 92.303
22 4 73.847
22 4 98.007
22 4 46.185
22 4 64.611
22 0 29.279
22 0 29.57
22 19 51.091
22 19 65.832
22 19 14.863
22 19 31.276
22 19 44.415
22 19 22.838
22 19 70.455
22 19 11.679
22 19 57.938
22 19 55.902
22 13 69.896
22 13 53.07
22 13 12.498
22 13 46.956
22 13 33.733
22 13 3.499
22 13 32.435
22 13 66.474
22 13 97.089
22 13 34.7
22 13 8.017
22 13 64.414
22 13 14.529
22 13 83.814
22 13 14.795
22 13 23.303
22 13 59.952
23 5 67.948
23 5 2.839
23 5 52.715
23 5 39.983
23 5 38.199
23 5 9.861
23 18 52.685
23 18 96.674
23 17 94.119
23 17 28.836
23 17 80.688
23 9 57.577
23 9 57.663
23 9 32.688
23 9 5.895
23 9 38.024
23 9 5.926
23 9 98.83
23 9 77.55
23 9 10.986
23 9 1.087
23 9 50.279
23 9 62.008
23 9 22.721
23 9 33.633
23 9 8.059
23 9 58.943
23 9 36.596
23 9 86.813
23 9 13.415
23 9 26.487
23 9 20.958
23 9 69.831
24 9 57.628
24 9 22.818
24 9 4.017
24 9 21.572
24 9 96.225
24 9 50.369
24 9 40.187
24 9 94.56
24 9 25.115
24 9 22.965
24 9 8.315
24 7 89.751
24 7 74.364
24 7 42.695
24 7 23.559
24 7 66.107
24 7 21.874
24 7 57.79
24 7 78.822
24 7 19.243
24 7 30.561
24 7 30.454
24 7 13.251
24 7 2.222
24 7 60.225
24 7 31.919
24 7 69.015
24 7 28.473
24 7 75.06
24 7 25.759
24 7 91.956
24 7 18.015
24 1 79.163
24 1 80.888
24 1 27.198
24 1 30.724
24 1 9.08
24 1 58.545
24 1 17.704
24 1 8.222
24 1 7.626
24 8 99.805
24 8 5.697
24 8 10.473
24 8 27.164
24 8 67.184
24 8 27.852
24 8 40.256
24 8 7.413
24 8 75.746
24 8 89.184
24 8 19.028
24 8 68.174
24 8 58.762
24 8 32.223
0 0 53.505
0 0 48.93
1 1 83.604
1 1 4.072
1 1 43.437
1 1 10.561
2 2 93.223
2 2 0.078
2 2 18.51
3 3 12.995
3 3 80.409
3 3 53.816
4 4 63.359
4 4 53.375
4 4 32.783
5 5 40.996
5 5 36.755
6 6 64.817
6 6 8.89
7 7 67.805
7 7 64.515
7 7 75.222
8 8 19.688
8 8 1.322
8 8 29.06
8 8 22.657
8 8 19.54
9 9 19.595
9 9 55.902
9 9 21.548
10 10 99.374
10 10 50.165
10 10 94.92
10 10 90.506
11 11 50.575
12 12 73.29
12 12 62.249
12 12 77.182
12 12 84.996
12 12 36.031
13 13 33.476
13 13 98.021
14 14 5.14
14 14 58.323
14 14 83.693
14 14 41.504
14 14 82.702
15 15 63.168
15 15 73.975
15 15 49.078
15 15 62.727
16 16 45.235
16 16 69.904
16 16 33.082
16 16 62.127
16 16 56.622
17 17 89.494
18 18 4.826
18 18 45.748
18 18 91.451
18 18 82.526
19 19 15.228
19 19 28.368
19 19 51.054
20 20 97.916
20 20 88.226
21 21 45.827
21 21 88.617
21 21 27.306
21 21 56.827
21 21 82.108
22 22 46.428
22 22 51.723
22 22 66.867
22 22 57.641
22 22 53.741
23 23 27.743
23 23 97.157
23 23 70.93
23 23 93.102
24 24 50.659
24 24 42.984
24 24 65.137
