25
0 3 15
0 16 53
0 21 13
1 3 89
1 4 3
1 5 37
1 6 86
1 8 97
1 10 18
1 11 46
1 14 9
1 15 49
1 16 99
1 18 98
2 10 66
2 17 26
2 22 74
2 23 39
2 24 99
3 7 15
3 10 70
3 11 37
3 12 49
3 17 24
3 21 42
4 5 95
4 12 12
4 17 59
5 6 68
6 7 43
6 13 94
6 14 7
6 16 32
6 18 49
6 19 73
6 21 34
7 14 30
7 19 1
7 20 12
8 9 78
8 11 67
9 14 32
9 17 23
9 22 62
9 24 48
10 13 41
10 15 29
10 17 33
10 19 99
10 24 77
11 15 25
11 17 48
11 18 23
12 13 42
12 16 38
12 17 28
12 19 3
13 14 79
14 16 19
14 21 45
14 23 16
15 16 22
16 17 39
17 20 63
17 21 48
18 21 91
18 22 75
20 21 46
20 22 92
20 24 70