25
0 18 59.62
0 22 37.03
0 20 22.92
0 4 51.9
0 21 13.79
1 21 20.77
1 14 85.28
1 24 63.62
2 10 46.87
2 15 13.52
2 0 88.6
3 1 93.67
3 13 59.78
3 7 34.37
3 12 13.28
4 5 21.14
4 3 31.51
4 8 47.65
4 1 5.08
4 13 73.0
4 10 20.81
5 14 94.54
5 21 11.22
5 18 58.55
5 1 47.26
5 12 67.46
5 7 38.2
6 0 31.41
6 9 58.06
6 12 17.26
6 14 43.1
7 2 24.29
7 19 2.47
7 1 28.87
7 4 41.79
8 2 11.98
8 0 4.19
8 21 50.42
9 19 95.22
9 4 62.49
9 1 94.84
10 3 20.86
10 0 15.22
11 0 93.62
11 24 90.53
11 15 45.49
12 4 37.46
12 0 48.81
12 19 56.27
12 1 66.32
13 0 85.96
13 8 90.28
13 1 12.51
14 11 39.07
14 0 37.9
14 4 30.84
14 18 77.07
14 21 83.93
15 4 35.39
15 13 54.61
15 5 22.41
15 21 99.71
15 1 31.97
15 0 75.98
15 3 88.98
15 7 6.59
16 5 30.49
16 3 85.47
16 24 11.63
16 13 21.67
17 4 65.14
17 0 22.97
17 19 94.69
17 18 84.43
18 2 46.0
18 22 41.01
18 21 79.85
19 6 99.28
19 11 76.33
19 3 71.51
19 15 13.32
19 4 38.89
19 24 78.62
19 5 42.69
19 1 6.55
20 2 57.31
20 14 42.82
20 19 77.8
21 9 97.23
21 17 35.86
21 7 93.54
21 16 52.57
21 19 49.35
21 4 28.25
21 24 98.13
21 12 54.2
22 21 83.73
22 6 27.34
22 2 68.29
22 13 39.67
23 4 52.96
23 18 62.72
23 12 48.12
23 0 0.49
23 8 64.7
23 2 73.62
24 15 4.0
24 4 97.24
24 22 2.56
24 3 62.76
24 13 38.69
