25
0 1 86.163
0 2 31.698
0 3 69.006
0 23 61.816
0 13 39.394
0 6 62.018
0 9 59.065
0 11 30.538
0 8 45.369
0 24 63.237
0 20 58.672
0 4 85.634
0 14 37.719
0 21 61.751
0 5 52.709
0 10 64.268
0 17 51.73
0 18 45.004
0 16 8.146
0 7 7.762
0 0 0.001
1 24 52.213
1 14 71.808
1 3 33.81
1 7 71.52
1 9 51.926
1 4 10.475
1 16 75.357
1 19 43.017
1 17 65.411
1 12 24.138
1 6 48.108
1 2 41.741
1 10 78.81
1 20 98.13
1 1 0.001
2 4 49.157
2 6 97.621
2 9 77.571
2 11 45.331
2 8 81.408
2 12 31.375
2 17 14.837
2 7 85.801
2 13 78.929
2 5 57.822
2 3 24.43
2 18 22.609
2 2 0.001
3 7 36.734
3 8 95.338
3 14 57.617
3 20 20.421
3 18 7.186
3 16 14.004
3 15 48.989
3 9 53.858
3 5 16.008
3 21 14.465
3 3 0.001
4 5 87.62
4 13 68.503
4 20 17.66
4 14 85.437
4 10 96.487
4 18 20.505
4 24 40.9
4 17 92.761
4 23 97.163
4 8 49.595
4 15 10.516
4 6 76.514
4 11 64.248
4 4 0.001
5 6 31.454
5 9 97.243
5 24 22.143
5 13 42.912
5 22 61.499
5 16 57.866
5 15 29.416
5 7 45.268
5 19 24.407
5 20 51.176
5 5 0.001
6 16 93.387
6 9 5.905
6 22 41.541
6 13 92.481
6 24 21.758
6 19 80.863
6 11 86.853
6 12 7.885
6 7 75.202
6 8 56.14
6 6 0.001
7 9 15.503
7 10 78.069
7 11 14.31
7 15 37.073
7 18 52.882
7 22 36.244
7 19 35.837
7 23 60.599
7 12 99.593
7 17 69.689
7 13 90.374
7 21 29.554
7 7 0.001
8 12 28.606
8 22 29.744
8 20 8.563
8 10 78.839
8 9 98.747
8 24 87.038
8 19 22.836
8 17 8.202
8 8 0.001
9 24 45.927
9 15 73.628
9 20 93.645
9 21 10.858
9 10 10.542
9 13 7.821
9 16 8.062
9 23 23.347
9 9 0.001
10 19 53.014
10 22 7.983
10 14 70.032
10 15 41.309
10 12 86.577
10 10 0.001
11 17 55.969
11 20 69.283
11 18 79.088
11 22 27.119
11 23 88.649
11 19 3.575
11 16 90.806
11 13 58.821
11 15 94.655
11 21 49.444
11 11 0.001
12 17 41.142
12 24 33.639
12 18 36.901
12 19 22.067
12 21 91.277
12 12 0.001
13 21 24.969
13 15 93.848
13 19 16.815
13 23 43.541
13 16 99.676
13 24 15.057
13 14 1.471
13 13 0.001
14 18 26.503
14 21 61.777
14 16 42.166
14 20 69.135
14 15 94.062
14 14 0.001
15 21 71.884
15 16 1.474
15 17 97.668
15 23 12.733
15 15 0.001
16 21 45.532
16 19 23.183
16 16 0.001
17 24 51.294
17 23 74.638
17 18 39.937
17 22 41.017
17 20 5.726
17 17 0.001
18 20 13.415
18 23 13.478
18 22 51.364
18 24 45.729
18 18 0.001
19 20 2.215
19 22 14.69
19 23 22.193
19 21 73.212
19 24 20.002
19 19 0.001
20 23 9.439
20 21 82.793
20 24 71.0
20 20 0.001
21 23 71.496
21 21 0.001
22 24 16.613
22 22 0.001
23 24 71.983
23 23 0.001
24 24 0.001