25
0 1 50.58
0 2 55.89
0 3 63.19
0 4 39.26
0 5 49.07
0 6 31.6
0 7 68.61
0 8 36.83
0 9 30.91
0 10 60.36
0 11 63.47
0 12 60.79
0 13 36.88
0 14 39.99
0 15 51.87
0 16 48.79
0 17 52.43
0 18 63.67
0 19 68.71
0 20 66.04
0 21 65.92
0 22 44.72
0 23 31.1
0 24 63.57
1 2 35.12
1 3 58.15
1 4 56.95
1 5 45.61
1 6 57.59
1 7 38.91
1 8 46.78
1 9 54.27
1 10 62.87
1 11 48.42
1 12 58.17
1 13 41.09
1 14 62.76
1 15 69.99
1 16 34.19
1 17 41.7
1 18 61.72
1 19 68.93
1 20 44.01
1 21 66.02
1 22 32.18
1 23 44.79
1 24 47.11
2 3 43.46
2 4 52.34
2 5 56.2
2 6 50.06
2 7 37.59
2 8 37.15
2 9 54.23
2 10 37.27
2 11 60.87
2 12 34.99
2 13 43.12
2 14 68.31
2 15 41.27
2 16 42.28
2 17 54.73
2 18 32.35
2 19 42.56
2 20 65.02
2 21 62.22
2 22 46.46
2 23 45.84
2 24 60.32
3 4 59.77
3 5 41.79
3 6 40.88
3 7 36.58
3 8 42.07
3 9 65.89
3 10 61.41
3 11 45.49
3 12 56.53
3 13 67.69
3 14 65.5
3 15 61.03
3 16 63.86
3 17 62.4
3 18 41.76
3 19 48.55
3 20 55.77
3 21 39.6
3 22 66.96
3 23 42.62
3 24 60.93
4 5 69.15
4 6 57.46
4 7 30.32
4 8 67.1
4 9 66.14
4 10 31.82
4 11 53.91
4 12 66.26
4 13 54.03
4 14 32.68
4 15 61.96
4 16 69.04
4 17 62.77
4 18 59.1
4 19 38.17
4 20 65.9
4 21 34.45
4 22 67.17
4 23 44.62
4 24 56.54
5 6 56.13
5 7 64.31
5 8 35.42
5 9 64.81
5 10 67.98
5 11 57.65
5 12 69.57
5 13 38.53
5 14 43.26
5 15 62.17
5 16 56.87
5 17 41.35
5 18 61.5
5 19 35.41
5 20 38.69
5 21 43.72
5 22 65.29
5 23 32.42
5 24 51.5
6 7 43.0
6 8 62.46
6 9 47.94
6 10 41.22
6 11 37.39
6 12 36.9
6 13 33.11
6 14 65.62
6 15 55.39
6 16 46.31
6 17 43.19
6 18 41.02
6 19 59.13
6 20 63.86
6 21 47.91
6 22 46.19
6 23 33.79
6 24 41.57
7 8 34.46
7 9 46.65
7 10 63.09
7 11 40.02
7 12 46.47
7 13 38.49
7 14 37.27
7 15 45.41
7 16 38.76
7 17 40.37
7 18 37.47
7 19 60.56
7 20 41.69
7 21 47.36
7 22 32.8
7 23 56.83
7 24 36.65
8 9 42.8
8 10 39.51
8 11 37.25
8 12 42.82
8 13 50.87
8 14 56.38
8 15 48.0
8 16 64.71
8 17 56.28
8 18 69.32
8 19 58.86
8 20 35.4
8 21 41.02
8 22 63.5
8 23 53.01
8 24 47.65
9 10 49.54
9 11 55.14
9 12 65.17
9 13 62.6
9 14 43.47
9 15 64.82
9 16 60.67
9 17 56.4
9 18 31.62
9 19 42.96
9 20 51.7
9 21 63.7
9 22 39.46
9 23 39.12
9 24 51.11
10 11 39.71
10 12 59.52
10 13 67.01
10 14 68.66
10 15 63.54
10 16 48.1
10 17 68.52
10 18 46.67
10 19 55.05
10 20 34.43
10 21 69.24
10 22 43.43
10 23 31.94
10 24 46.72
11 12 63.38
11 13 30.47
11 14 59.88
11 15 66.36
11 16 54.89
11 17 44.23
11 18 52.21
11 19 63.9
11 20 69.17
11 21 62.45
11 22 51.9
11 23 57.23
11 24 39.34
12 13 37.24
12 14 64.21
12 15 41.87
12 16 32.5
12 17 43.05
12 18 33.67
12 19 31.25
12 20 45.01
12 21 55.51
12 22 54.41
12 23 34.36
12 24 37.96
13 14 56.8
13 15 36.24
13 16 39.88
13 17 56.6
13 18 47.42
13 19 53.83
13 20 36.4
13 21 33.84
13 22 50.52
13 23 60.06
13 24 39.98
14 15 66.09
14 16 69.26
14 17 65.26
14 18 45.18
14 19 67.32
14 20 53.18
14 21 51.94
14 22 47.5
14 23 50.04
14 24 35.25
15 16 44.61
15 17 51.93
15 18 50.04
15 19 30.27
15 20 42.2
15 21 49.81
15 22 56.55
15 23 49.6
15 24 39.61
16 17 61.64
16 18 31.26
16 19 52.97
16 20 61.58
16 21 61.78
16 22 31.86
16 23 31.3
16 24 48.71
17 18 38.84
17 19 45.76
17 20 54.84
17 21 63.45
17 22 55.0
17 23 52.81
17 24 48.63
18 19 59.75
18 20 47.42
18 21 51.28
18 22 60.49
18 23 44.4
18 24 48.9
19 20 40.31
19 21 43.86
19 22 61.65
19 23 36.4
19 24 45.08
20 21 41.36
20 22 69.11
20 23 30.96
20 24 68.3
21 22 37.16
21 23 42.4
21 24 57.63
22 23 42.27
22 24 50.73
23 24 46.07