25
4 21 15.194
4 10 88.711
4 7 95.541
4 18 65.267
4 19 56.078
4 20 64.285
4 22 59.977
4 14 56.231
4 8 52.939
4 23 82.832
4 12 0.461
20 12 54.49
20 21 15.696
20 5 9.499
20 11 70.799
20 4 44.387
2 21 24.366
2 17 31.564
2 14 1.419
2 22 86.51
2 5 94.795
2 20 5.549
2 9 98.224
2 1 1.573
2 3 75.55
2 19 43.964
2 6 40.292
2 10 65.505
2 7 26.641
2 4 93.398
23 2 91.918
23 10 88.219
23 13 15.843
23 11 98.572
23 5 25.736
23 15 78.756
23 14 34.653
23 19 12.622
10 22 84.614
10 17 55.402
10 9 3.978
10 18 72.772
10 16 68.581
10 8 98.701
10 24 31.176
10 11 40.897
10 6 95.446
10 19 30.002
10 21 18.548
9 15 68.746
9 19 18.095
9 8 30.816
9 17 87.328
9 7 72.913
8 1 48.935
8 17 11.323
8 24 51.6
8 0 36.194
8 12 70.567
8 6 63.064
8 21 40.078
8 11 40.627
8 20 59.134
8 3 35.4
8 16 99.816
8 23 39.302
8 4 98.901
7 20 66.172
7 1 0.076
7 0 20.416
7 3 17.468
7 9 15.388
7 16 51.893
7 19 98.436
7 2 36.015
7 11 79.959
21 11 50.725
21 18 36.536
21 2 39.458
21 15 43.941
21 9 19.564
21 13 28.848
21 17 15.269
21 19 39.244
6 22 92.974
6 3 85.999
6 1 31.311
6 16 0.377
6 9 44.956
6 21 42.791
6 17 30.617
6 15 7.038
6 20 56.122
0 12 22.626
0 2 92.417
0 21 8.797
0 5 53.271
0 22 57.007
0 19 92.654
0 13 55.405
0 16 80.257
0 14 66.16
0 23 93.898
0 3 0.741
18 16 49.1
18 4 90.199
18 12 40.14
18 21 57.476
18 2 96.399
18 3 9.217
18 1 88.229
18 22 54.334
22 5 10.017
22 19 98.676
22 21 85.211
22 6 50.144
22 3 54.584
22 17 14.369
22 8 75.514
22 4 47.374
22 13 57.581
22 24 16.534
15 16 78.396
15 20 89.946
15 21 10.472
15 12 26.95
15 1 73.312
15 19 38.494
15 11 56.77
17 22 79.25
17 7 56.586
17 8 90.286
17 4 56.124
17 1 22.673
17 20 72.016
17 9 80.466
17 11 64.627
13 2 99.298
13 14 33.467
13 7 82.51
13 4 7.537
13 17 12.472
13 21 98.896
13 10 69.883
13 1 0.579
13 16 88.972
5 16 58.102
5 6 88.363
5 4 45.788
5 9 9.513
5 3 57.872
5 12 18.693
5 20 77.74
5 13 15.483
5 2 10.212
5 19 70.757
5 1 37.553
1 21 59.555
1 22 35.15
1 20 0.305
1 10 53.328
1 16 11.558
1 23 14.691
1 13 98.835
3 23 46.863
3 15 77.326
3 16 81.711
3 11 52.515
3 18 96.783
3 2 71.221
3 17 52.324
14 17 6.45
14 1 15.015
14 20 18.246
14 23 75.782
14 15 35.887
14 2 86.438
14 8 56.414
24 12 8.781
24 15 36.879
24 22 62.231
24 1 69.31
24 0 44.715
24 21 34.618
11 17 46.056
11 12 66.886
11 19 63.96
11 14 87.281
11 8 10.171
11 6 89.622
11 1 28.203
11 15 24.492
11 22 31.465
11 20 35.088
12 7 54.25
12 0 29.243
12 20 57.392
12 16 78.162
12 24 76.944
12 1 24.208
12 14 62.942
19 7 28.613
19 4 10.626
19 5 14.005
19 14 88.404
19 18 88.419
19 0 47.987
19 16 26.443
19 21 46.872
16 12 40.579
16 17 94.237
16 0 71.39
16 24 95.64
16 7 18.009
16 1 5.913
16 23 29.611
16 22 90.719
