25
0 6 0.66
0 17 0.22
0 20 0.07
0 23 0.49
1 2 89.28
1 17 60.17
1 21 27.55
1 23 62.33
1 24 23.15
2 5 0.06
2 21 0.53
3 6 97.31
3 7 32.62
3 9 60.94
3 23 1.02
4 6 0.27
4 11 0.8
4 17 0.18
5 13 40.94
5 18 78.84
5 24 34.71
6 8 0.17
6 17 0.43
6 19 0.33
6 21 0.45
7 8 30.24
8 15 0.54
8 16 0.12
8 17 0.87
8 21 0.76
8 22 0.1
9 10 40.3
9 16 1.31
9 20 79.64
10 14 0.94
10 18 0.61
10 20 0.53
11 12 50.99
11 17 70.43
12 13 0.4
12 14 0.33
12 18 0.21
12 19 0.59
13 15 27.48
13 16 12.98
13 19 74.79
13 23 5.39
14 19 0.41
15 16 82.45
15 20 53.06
16 18 0.71
16 20 0.08
17 21 42.38
18 19 0.64
18 22 0.09
18 23 0.07
19 20 79.5
19 23 7.86
22 23 0.16
