25
0 1 5
0 8 5
0 13 5
0 14 5
0 16 6
0 19 9
0 21 7
0 22 5
0 5 4
1 4 4
1 17 6
1 22 2
1 8 1
1 9 2
1 5 2
2 3 8
2 8 9
2 9 6
2 10 2
2 12 7
2 15 5
2 17 2
2 18 7
2 24 2
2 4 1
3 4 4
3 6 6
3 10 5
3 12 6
3 17 2
3 19 9
3 20 4
3 8 1
3 13 1
3 21 1
4 9 4
4 10 8
4 13 9
4 15 5
4 18 5
4 22 4
4 23 3
4 16 1
4 17 1
5 6 3
5 7 9
5 12 9
5 13 3
5 14 6
5 21 9
5 24 7
5 9 1
6 11 7
6 15 5
6 16 9
6 17 8
6 18 8
6 19 6
6 24 7
6 22 2
7 19 9
7 20 7
7 24 4
7 18 1
8 19 2
8 20 7
8 24 5
8 21 1
8 10 1
8 16 1
8 9 2
8 12 2
8 14 2
9 12 4
9 16 8
10 13 7
10 15 4
10 17 8
10 14 2
11 13 3
11 15 4
11 16 7
11 17 9
11 20 7
11 23 5
11 24 2
11 19 1
12 13 7
12 17 9
12 23 1
12 16 2
13 14 5
13 19 4
13 22 7
13 24 7
13 21 1
14 16 6
14 21 5
14 24 6
15 17 3
15 21 8
15 20 1
15 18 2
16 21 8
16 24 6
16 17 1
17 20 7
17 23 6
17 24 1
18 20 6
18 21 6
18 22 1
18 23 2
19 20 5
19 23 4
19 24 1
20 21 6
20 24 9
21 24 8
22 24 1