25
0 18 18.594
0 24 74.385
0 17 10.474
0 5 69.756
0 7 15.75
0 10 75.792
1 17 49.36
1 9 34.156
1 6 46.672
1 19 88.608
1 14 63.723
2 1 72.074
2 6 34.115
2 10 28.67
2 14 22.95
2 20 14.246
2 18 81.183
2 0 30.164
2 9 4.536
2 7 1.311
2 13 98.733
3 6 3.643
3 2 41.765
3 7 20.892
3 24 68.293
3 0 39.391
3 13 91.443
3 1 34.86
3 10 98.084
3 22 25.772
3 17 90.614
4 9 80.306
4 0 65.667
4 5 97.243
4 8 83.099
4 3 14.254
4 6 38.372
4 2 63.451
4 10 4.3
4 20 56.738
4 1 99.938
5 13 33.349
5 17 41.527
5 3 11.229
6 5 22.877
7 9 82.768
7 17 27.334
7 16 78.526
7 19 13.798
7 4 52.605
7 11 77.036
7 1 98.599
7 8 61.026
7 5 45.948
8 14 29.974
8 19 26.519
8 22 34.623
8 13 54.146
8 6 94.947
8 17 71.262
8 10 57.409
8 5 7.67
8 3 73.045
8 0 26.566
8 1 45.727
9 0 28.469
9 10 18.682
9 8 14.301
9 3 95.51
11 5 71.353
11 14 61.354
11 0 77.621
11 3 50.711
11 24 28.479
11 1 92.896
11 13 16.826
11 10 86.106
11 4 33.602
11 2 91.577
11 19 78.042
12 16 75.577
12 17 31.926
12 6 8.256
12 18 3.684
12 11 89.543
12 9 3.339
12 0 88.737
12 5 19.067
12 1 31.013
12 24 76.502
12 4 69.312
12 14 66.585
12 13 35.254
12 2 79.594
12 10 18.126
12 3 36.797
12 21 70.098
12 7 94.199
12 8 14.683
13 9 87.093
13 17 85.772
13 4 3.763
14 5 15.427
14 7 7.35
14 19 53.151
14 3 7.535
14 4 87.473
14 21 16.182
15 24 85.383
15 12 52.868
15 17 2.696
15 7 8.705
15 20 83.239
15 19 92.777
15 2 1.756
15 11 7.261
15 8 48.736
15 4 74.862
15 5 25.651
15 9 4.792
15 1 36.722
15 21 69.83
15 10 81.259
15 13 18.075
15 3 35.284
15 16 37.929
15 6 73.534
15 0 94.201
15 14 69.988
16 0 13.168
16 13 68.877
16 6 1.41
16 8 73.945
16 10 22.684
16 11 99.228
16 4 17.098
16 9 31.684
16 2 93.92
16 3 45.475
17 2 30.97
17 9 86.325
17 16 88.088
18 9 90.321
18 10 76.561
18 4 75.401
18 8 10.858
18 5 32.858
18 7 77.284
18 3 94.628
18 17 82.341
18 6 23.113
18 19 52.818
19 4 35.381
20 19 20.506
20 16 14.602
20 7 86.052
20 5 21.547
20 8 0.512
20 24 81.477
20 12 89.251
20 17 84.32
20 13 12.432
20 1 7.792
20 18 34.296
20 9 84.025
20 11 77.266
20 14 18.38
20 10 92.771
21 0 50.778
21 11 90.997
21 22 14.71
21 10 84.97
21 4 48.745
21 19 32.031
21 1 81.465
21 2 15.019
21 5 45.276
21 6 54.316
21 13 46.518
21 3 90.702
21 8 81.611
21 18 14.591
21 16 94.378
21 9 75.03
21 20 79.848
22 2 91.752
22 12 58.946
22 16 7.014
22 9 17.09
22 5 80.837
22 10 2.032
22 14 14.929
22 18 7.661
22 1 2.952
22 15 86.277
22 20 51.245
22 11 78.895
22 19 48.858
22 4 79.943
22 0 73.494
22 7 54.835
22 6 77.104
23 12 19.774
23 0 55.536
23 18 52.159
23 19 42.62
23 22 4.102
23 1 49.189
23 2 19.752
23 16 97.192
23 5 40.447
23 4 25.326
23 20 64.375
23 6 18.647
23 9 77.224
23 7 1.521
23 17 51.339
23 3 97.769
23 21 89.051
23 14 79.32
23 15 32.781
23 13 42.036
23 11 81.839
24 4 65.018