25
9 15 72.442
15 14 6.767
15 12 4.374
15 13 4.34
13 7 50.409
14 0 38.063
7 6 58.803
15 8 52.56
12 20 34.287
7 22 21.264
12 11 13.933
22 10 35.717
6 24 72.333
6 4 70.655
6 16 33.732
13 2 67.892
24 19 67.804
6 5 78.755
11 23 3.266
23 3 88.455
8 18 18.157
20 1 93.029
18 17 32.707
17 21 88.197
22 16 38.72
24 5 69.942
9 0 82.806
13 22 9.352
16 2 96.163
18 20 29.679
18 16 57.894
19 5 46.686
21 9 24.463
1 4 93.74
3 15 98.927
18 13 74.302
15 4 1.541
8 22 57.025
18 19 24.241
0 5 52.349
11 21 93.664
8 17 67.477
16 0 68.259
3 24 41.742
5 4 12.536
19 10 99.353
5 13 54.974
23 20 69.41
6 3 99.199
19 11 73.974
17 3 89.443
9 11 15.83
5 14 58.937
14 23 14.982
5 21 4.956
0 7 21.571
16 8 17.58
19 17 21.256
1 22 85.591
17 24 42.743
12 1 11.319
4 10 31.131
5 9 14.634
13 10 50.577
21 1 32.31
16 7 30.573
11 6 0.79
0 13 28.547
8 21 63.278
