25
0 8 27.988
8 7 77.751
7 6 84.677
6 22 47.63
22 15 61.351
15 3 22.772
3 12 95.112
12 6 85.056
12 5 77.813
5 11 87.976
11 20 51.88
20 8 82.024
20 13 53.908
13 8 24.215
13 23 84.234
23 12 20.458
23 6 17.214
23 0 10.447
23 18 26.182
18 9 52.173
9 16 0.267
16 19 36.256
19 17 3.645
17 13 63.543
17 11 36.593
17 22 72.458
17 23 4.771
17 5 50.839
17 4 62.932
4 19 9.682
4 11 82.22
4 8 4.514
4 2 92.503
2 14 87.283
14 0 74.215
14 23 6.787
14 15 59.844
14 9 58.686
14 12 24.154
14 17 91.729
14 7 88.274
14 8 1.348
14 3 0.449
14 16 77.451
14 21 61.838
21 12 97.47
21 6 65.066
21 18 0.859
21 11 79.205
21 22 9.899
21 4 94.108
21 1 58.494
1 19 55.463
1 0 26.932
1 22 81.203
1 15 3.419
1 24 83.7
24 22 34.815
24 19 71.808
24 20 66.876
24 15 47.159
24 21 7.111
24 12 23.972
24 16 54.359
24 4 30.014
24 7 14.615
24 11 45.989
24 5 88.531
24 23 15.046
24 8 79.687
24 3 94.242
24 17 69.128
24 13 6.69
24 9 82.728
24 14 45.727
24 18 17.751
24 6 64.255
24 0 70.674
24 2 77.904
24 10 46.975