24
0 1 15.297
0 2 32.756
0 3 51.329
0 4 41.93
0 5 87.04
0 6 74.682
0 7 27.32
0 8 20.207
0 9 33.8
0 10 35.975
0 11 93.101
0 12 32.685
0 13 20.1
0 14 21.295
0 15 91.99
0 16 6.26
0 17 10.739
0 18 83.577
0 19 54.171
0 20 73.983
0 21 69.653
0 22 59.347
0 23 62.136
1 2 1.79
1 3 23.464
1 4 67.764
1 5 38.256
1 6 41.847
1 7 49.312
1 8 97.682
1 9 16.795
1 10 52.581
1 11 90.965
1 12 21.792
1 13 21.793
1 14 89.814
1 15 91.401
1 16 37.514
1 17 72.232
1 18 16.354
1 19 4.082
1 20 44.349
1 21 52.685
1 22 1.376
1 23 47.55
2 3 94.452
2 4 30.823
2 5 15.295
2 6 88.269
2 7 16.029
2 8 43.249
2 9 43.013
2 10 34.53
2 11 97.392
2 12 70.356
2 13 12.61
2 14 95.806
2 15 36.02
2 16 38.058
2 17 78.337
2 18 25.857
2 19 41.729
2 20 87.838
2 21 34.682
2 22 90.082
2 23 94.696
3 4 76.781
3 5 27.538
3 6 57.659
3 7 0.123
3 8 94.055
3 9 13.004
3 10 83.294
3 11 57.666
3 12 40.818
3 13 24.665
3 14 37.721
3 15 84.24
3 16 46.621
3 17 1.204
3 18 29.079
3 19 79.039
3 20 22.807
3 21 13.151
3 22 5.275
3 23 87.943
4 5 26.881
4 6 80.262
4 7 21.252
4 8 3.259
4 9 7.431
4 10 57.643
4 11 9.606
4 12 7.44
4 13 26.981
4 14 28.477
4 15 93.693
4 16 40.768
4 17 32.13
4 18 48.558
4 19 55.184
4 20 8.043
4 21 54.792
4 22 64.645
4 23 11.847
5 6 80.142
5 7 63.822
5 8 76.15
5 9 62.203
5 10 2.333
5 11 25.432
5 12 13.418
5 13 44.411
5 14 77.825
5 15 5.511
5 16 32.341
5 17 33.268
5 18 78.986
5 19 49.088
5 20 99.356
5 21 0.083
5 22 59.826
5 23 97.533
6 7 45.257
6 8 72.522
6 9 59.65
6 10 76.097
6 11 55.677
6 12 69.198
6 13 27.971
6 14 71.101
6 15 33.268
6 16 81.3
6 17 31.761
6 18 28.562
6 19 64.72
6 20 30.678
6 21 98.915
6 22 53.214
6 23 43.415
7 8 22.267
7 9 84.658
7 10 81.051
7 11 5.156
7 12 40.864
7 13 18.014
7 14 29.73
7 15 30.634
7 16 23.693
7 17 1.121
7 18 92.617
7 19 22.887
7 20 92.868
7 21 79.582
7 22 31.708
7 23 80.907
8 9 73.544
8 10 45.796
8 11 1.002
8 12 84.521
8 13 76.71
8 14 72.674
8 15 25.052
8 16 40.574
8 17 13.048
8 18 53.635
8 19 96.418
8 20 57.898
8 21 20.819
8 22 33.587
8 23 49.981
9 10 61.924
9 11 62.248
9 12 99.821
9 13 63.997
9 14 96.648
9 15 60.444
9 16 45.223
9 17 87.586
9 18 5.373
9 19 93.17
9 20 61.41
9 21 30.891
9 22 34.469
9 23 64.151
10 11 23.028
10 12 24.211
10 13 36.17
10 14 34.342
10 15 34.402
10 16 47.815
10 17 66.638
10 18 84.955
10 19 97.329
10 20 75.94
10 21 87.539
10 22 41.704
10 23 18.086
11 12 26.867
11 13 91.725
11 14 86.591
11 15 76.827
11 16 75.71
11 17 19.206
11 18 60.598
11 19 13.481
11 20 31.428
11 21 82.65
11 22 37.29
11 23 10.873
12 13 81.493
12 14 61.989
12 15 95.674
12 16 35.794
12 17 68.461
12 18 77.525
12 19 38.889
12 20 77.7
12 21 51.507
12 22 29.766
12 23 96.113
13 14 34.813
13 15 79.369
13 16 87.211
13 17 79.362
13 18 68.165
13 19 59.491
13 20 40.887
13 21 63.428
13 22 20.215
13 23 70.484
14 15 68.969
14 16 20.025
14 17 17.85
14 18 61.865
14 19 26.824
14 20 67.749
14 21 2.88
14 22 84.67
14 23 53.031
15 16 78.666
15 17 89.253
15 18 84.984
15 19 32.715
15 20 71.378
15 21 58.083
15 22 6.529
15 23 21.261
16 17 3.68
16 18 14.074
16 19 56.032
16 20 88.189
16 21 43.378
16 22 38.38
16 23 8.794
17 18 84.729
17 19 90.843
17 20 59.187
17 21 73.975
17 22 67.442
17 23 92.35
18 19 10.929
18 20 70.013
18 21 39.262
18 22 26.779
18 23 97.831
19 20 63.492
19 21 5.051
19 22 10.295
19 23 85.956
20 21 29.225
20 22 52.539
20 23 23.088
21 22 42.817
21 23 77.516
22 23 85.218
