25
6 20 43.15
6 12 72.57
1 13 19.37
20 17 7.49
11 19 93.89
9 18 92.94
14 10 13.12
1 14 15.37
7 6 82.87
14 18 27.13
11 13 37.88
6 11 0.27
2 18 43.03
0 14 10.71
8 5 16.94
11 9 85.14
4 9 25.13
5 0 4.87
20 13 3.06
9 10 3.72
3 7 45.06
7 10 22.19
19 13 54.36
13 0 71.27
5 18 76.68
20 15 38.01
12 3 27.75
11 14 52.76
10 20 58.88
14 15 15.23
16 0 47.02
18 4 48.82
0 2 55.69
9 12 54.32
6 9 15.36
7 12 37.32
15 4 31.62
12 14 68.89
17 19 33.22
20 16 80.21
7 16 56.93
12 15 13.67
10 11 77.47
5 14 72.86
15 0 45.92
3 9 11.61
3 6 35.15
16 9 81.71
8 4 96.56
2 11 9.49
2 5 43.8
16 10 32.88
1 9 73.45
15 17 90.32
0 7 81.38
13 6 51.57
2 19 75.87
18 3 67.06
2 14 35.01
8 7 95.02
4 19 35.14
16 5 71.31
7 18 40.63
20 7 28.05
2 4 24.1
12 1 36.5
17 5 52.45
2 3 93.11
16 15 88.56
9 7 25.84
7 5 3.26
18 16 47.44
1 0 52.29
13 15 75.72
11 7 10.85
19 8 10.86
13 18 16.25
16 17 62.57
10 3 48.04
9 19 91.37
6 4 92.54
10 13 24.91
5 20 81.92
19 16 67.89
17 6 93.18
6 10 96.61
5 4 79.24
18 20 95.09
3 4 69.17
10 19 85.26
3 11 3.99
14 16 83.44
10 0 89.37
8 14 43.31
10 18 67.6
4 7 4.09
0 23 99.6
1 23 99.6
2 23 99.6
3 23 99.6
4 23 99.6
5 23 99.6
6 23 99.6
7 23 99.6
8 23 99.6
9 23 99.6
10 23 99.6
11 23 99.6
12 23 99.6
13 23 99.6
14 23 99.6
15 23 99.6
16 23 99.6
17 23 99.6
18 23 99.6
19 23 99.6
20 23 99.6
21 23 99.6
22 23 99.6
0 24 99.6
1 24 99.6
2 24 99.6
3 24 99.6
4 24 99.6
5 24 99.6
6 24 99.6
7 24 99.6
8 24 99.6
9 24 99.6
10 24 99.6
11 24 99.6
12 24 99.6
13 24 99.6
14 24 99.6
15 24 99.6
16 24 99.6
17 24 99.6
18 24 99.6
19 24 99.6
20 24 99.6
21 24 99.6
22 24 99.6
23 24 0.1
