25
0 2 3.24
0 5 6.37
0 8 4.25
0 12 4.16
0 15 0.93
0 20 9.88
0 23 3.52
1 2 2.38
1 4 6.95
1 10 2.37
1 18 4.25
1 20 4.13
2 10 1.48
2 15 7.7
2 16 9.1
2 22 1.05
2 23 3.8
3 11 6.85
3 13 6.52
3 18 6.68
4 9 9.57
4 13 8.21
4 24 6.03
5 9 8.15
5 13 4.73
6 9 9.41
6 20 0.77
7 11 2.11
7 18 4.55
8 13 0.85
8 15 2.89
8 17 5.24
9 10 9.84
9 19 8.04
9 20 7.46
10 14 1.76
11 13 4.91
11 19 1.86
11 22 5.15
13 17 8.92
13 23 9.54
14 18 7.49
14 19 5.75
14 22 8.99
14 23 9.11
15 16 6.76
15 19 5.31
15 21 6.07
16 22 8.65
16 23 4.07
17 24 4.37
19 23 5.16
20 24 0.16
21 24 9.16
22 24 7.25
