25
0 6 2.722
0 9 8.383
0 11 47.771
0 13 44.917
0 15 16.684
0 19 55.684
0 21 27.619
0 24 8.304
1 4 53.148
1 12 82.479
1 13 74.676
1 16 79.318
1 21 60.918
2 5 74.813
2 6 61.257
2 8 80.328
2 14 87.271
2 18 60.164
2 22 81.280
3 11 24.238
3 13 92.557
3 17 97.586
4 9 63.759
4 15 21.894
4 16 42.750
4 19 61.534
5 12 90.857
5 22 46.956
6 7 9.534
6 9 26.859
6 10 65.337
6 13 51.067
6 15 49.092
6 18 16.514
6 19 65.352
7 9 72.756
7 15 8.615
7 16 17.402
7 22 55.632
8 12 61.934
8 14 13.770
9 10 16.865
9 11 64.309
9 16 79.293
9 20 6.458
9 22 31.669
10 11 65.319
10 15 55.574
10 17 70.052
11 12 22.953
11 17 78.652
11 23 51.625
11 24 4.443
13 18 5.356
14 19 21.107
14 21 80.062
15 20 31.443
15 21 56.099
15 22 47.978
16 17 32.978
16 20 19.218
16 22 38.240
17 23 30.540
18 19 68.932
18 20 98.077
19 20 13.199
19 21 71.407
19 24 8.246
21 23 34.843
23 24 63.878