25
0 1 89.972
1 3 50.359
1 16 55.077
1 22 12.559
2 17 39.033
2 19 99.951
2 20 30.329
3 7 35.660
3 20 92.080
4 5 85.911
4 11 77.718
4 21 54.180
4 22 55.972
5 6 3.661
5 8 80.148
5 13 80.852
5 14 70.923
5 19 81.771
6 14 4.004
6 17 5.094
6 23 57.974
7 13 76.210
7 16 85.492
7 23 32.309
8 10 53.719
8 12 98.086
8 13 41.947
9 10 46.117
9 11 52.261
10 12 56.553
10 15 93.303
10 18 13.460
11 13 49.503
11 20 79.787
11 21 71.697
12 17 30.547
12 24 65.875
13 14 44.006
13 24 49.336
15 16 86.670
15 17 33.991
16 19 38.957
16 22 62.777
17 21 79.117
18 21 29.563
18 23 23.670
18 24 61.167
19 21 52.110
19 22 18.677
20 21 91.790