25
0 1 22
0 5 19
0 6 49
1 2 2
1 5 29
1 6 29
1 7 70
2 3 91
2 6 70
2 7 19
2 8 71
3 4 19
3 7 26
3 8 22
3 9 51
4 8 52
4 9 77
5 6 13
5 10 49
5 11 5
6 7 11
6 10 28
6 11 41
6 12 24
7 8 87
7 11 50
7 12 13
7 13 75
8 9 72
8 12 48
8 13 51
8 14 10
9 13 37
9 14 53
10 11 57
10 15 11
10 16 85
11 12 32
11 15 13
11 16 77
11 17 33
12 13 45
12 16 29
12 17 65
12 18 87
13 14 30
13 17 48
13 18 46
13 19 57
14 18 89
14 19 58
15 16 60
15 20 16
15 21 17
16 17 68
16 20 52
16 21 56
16 22 72
17 18 72
17 21 93
17 22 60
17 23 96
18 19 9
18 22 76
18 23 15
18 24 10
19 23 71
19 24 38
20 21 8
21 22 15
22 23 21
23 24 97
