25
24 17 98.671
0 1 58.839
4 0 87.641
0 22 8.858
0 11 43.551
0 3 49.508
0 2 4.552
0 12 34.880
9 0 2.591
20 0 74.408
0 24 8.586
7 1 46.496
1 14 40.080
3 1 87.915
1 2 53.835
1 6 45.236
1 9 79.700
1 21 82.374
1 10 4.409
8 1 39.754
1 4 16.827
1 18 46.141
1 17 35.950
1 11 52.824
14 2 0.615
2 15 69.787
2 4 69.244
8 2 38.160
22 2 32.717
2 17 95.614
23 2 54.174
10 2 99.722
2 19 25.445
9 2 22.513
3 10 80.273
8 3 23.171
3 5 64.136
3 12 91.982
17 3 22.242
23 3 9.826
3 7 70.509
18 3 40.051
20 3 97.825
3 6 17.275
24 3 19.513
15 3 19.575
18 4 79.182
4 12 28.548
4 17 96.775
4 9 4.077
22 4 63.441
8 4 60.285
4 11 58.506
4 24 62.223
5 21 39.909
5 18 56.319
5 23 8.712
6 5 12.815
11 5 74.391
5 12 53.692
5 9 66.180
6 12 93.532
6 17 21.569
19 6 98.217
6 24 57.045
20 6 21.215
6 23 70.045
18 6 22.511
10 7 94.069
7 12 88.920
7 8 60.599
16 7 49.168
13 7 30.580
21 8 99.788
8 19 59.347
8 18 73.269
8 23 12.854
8 12 65.476
9 8 83.867
16 8 17.698
22 8 96.384
8 20 40.478
13 9 4.051
9 10 10.701
11 9 18.687
9 21 30.024
9 15 76.593
14 9 45.578
11 10 39.670
18 10 98.423
12 10 38.357
17 10 53.550
15 10 17.224
24 11 24.262
11 13 80.226
12 16 87.586
12 18 26.190
21 12 65.318
17 12 41.034
12 14 62.801
12 22 12.670
13 14 75.396
21 13 95.442
13 24 41.669
17 13 24.664
23 13 15.812
19 14 51.307
14 15 96.498
14 17 29.174
14 18 22.498
15 20 76.812
15 18 49.884
17 15 58.640
15 16 3.604
19 16 87.483
16 18 18.722
17 20 21.403
18 17 61.211
20 18 46.615
19 23 83.864
19 22 9.311
20 21 29.420
23 20 44.788
23 21 38.049
24 22 35.543
