25
2 4 63.01
2 3 68.82
0 1 40.05
3 4 50.86
0 2 76.48
0 3 78.45
1 2 6.0
5 7 43.45
6 7 76.43
7 9 76.2
6 8 62.28
6 9 72.65
5 9 71.87
8 9 11.53
11 12 73.71
10 13 4.67
11 13 65.14
12 14 85.18
12 13 81.16
11 14 77.7
13 14 65.42
10 11 3.66
15 19 73.24
16 18 88.74
15 16 67.45
17 18 57.64
16 19 56.17
15 18 55.26
18 19 59.09
16 17 58.32
22 23 47.16
20 21 80.31
20 23 63.42
22 24 64.74
20 24 54.58
20 22 56.07
21 22 19.06
4 7 54.61
3 17 57.92
6 23 87.1
5 17 77.71
12 4 85.3
14 5 42.64
19 8 72.39
15 0 40.92
23 10 87.04
24 1 14.14