25
0 3 77.883
0 4 56.49
0 11 85.217
0 19 86.76
0 24 37.506
1 8 54.697
1 12 62.697
1 13 23.281
1 24 6.088
2 15 98.053
2 16 32.529
2 18 5.979
2 19 23.424
3 18 71.369
3 23 46.143
4 7 4.954
4 8 16.614
4 13 83.741
4 20 58.913
4 24 73.86
5 16 40.709
5 21 59.877
5 22 47.086
6 12 6.436
6 14 43.138
6 17 96.186
6 20 2.03
7 15 12.62
8 17 22.029
8 22 75.095
9 11 86.06
9 13 48.515
9 15 34.94
9 19 15.183
9 23 68.445
10 24 60.412
11 15 66.216
11 21 29.638
11 22 82.854
12 14 53.378
13 17 82.237
13 21 57.347
13 23 96.592
14 15 91.963
14 17 32.952
14 22 69.231
15 17 39.219
15 21 83.141
18 19 81.843
18 22 0.901
19 21 53.524
21 22 51.688
21 23 40.391
23 24 98.015
