25
0 5 17.135
0 6 12.266
0 7 46.723
0 18 20.509
0 1 5.078
1 21 0.756
1 22 74.918
1 6 74.216
1 20 34.522
2 4 64.158
2 7 18.128
2 10 17.975
2 15 48.49
2 18 31.588
3 3 12.516
3 7 93.655
3 8 17.672
3 12 0.025
3 18 84.655
4 4 63.151
4 6 49.774
4 9 15.681
4 15 89.597
5 5 69.871
5 13 47.465
5 20 35.927
5 7 6.425
6 9 71.709
6 22 22.24
7 11 26.082
8 12 81.693
8 18 94.848
8 19 39.322
8 22 71.956
9 10 18.808
9 11 65.202
9 15 68.624
10 16 4.792
10 23 98.23
11 15 39.359
11 13 33.955
11 20 56.013
12 13 38.695
12 18 73.935
12 22 41.887
13 16 7.728
13 17 32.924
14 16 90.559
15 17 41.343
16 23 6.815
19 22 99.823
19 24 70.181
20 20 47.265
20 23 17.57
21 21 28.367