25
6 9 10
6 1 10
6 2 10
6 23 10
6 13 10
6 3 10
6 20 10
6 17 10
6 18 10
6 8 10
6 0 10
6 5 10
6 21 10
6 22 10
6 12 10
6 19 10
9 21 10
9 14 10
9 8 10
9 20 10
9 23 10
9 18 10
9 24 10
9 3 10
9 1 10
9 0 10
9 4 10
9 2 10
9 15 10
9 17 10
9 10 10
10 17 10
10 18 10
10 24 10
10 23 10
10 14 10
10 19 10
10 15 10
10 3 10
10 8 10
10 16 10
10 11 10
10 21 10
10 12 10
10 7 10
10 22 10
17 12 10
17 23 10
17 2 10
17 18 10
17 24 10
17 22 10
17 4 10
17 7 10
17 21 10
17 19 10
17 8 10
17 15 10
17 11 10
7 12 10
7 8 10
7 21 10
7 24 10
7 2 10
7 5 10
7 11 10
7 20 10
7 14 10
7 13 10
7 1 10
7 4 10
7 16 10
7 23 10
12 3 10
12 2 10
12 13 10
12 24 10
12 18 10
12 23 10
12 20 10
12 0 10
12 16 10
12 5 10
12 11 10
12 15 10
15 20 10
15 14 10
15 4 10
15 11 10
15 16 10
15 1 10
15 23 10
15 3 10
15 19 10
15 21 10
15 5 10
15 2 10
20 13 10
20 18 10
20 21 10
20 11 10
20 16 10
20 1 10
20 22 10
20 2 10
20 24 10
20 14 10
20 4 10
2 22 10
2 11 10
2 18 10
2 19 10
2 13 10
2 3 10
2 14 10
2 4 10
2 1 10
22 11 10
22 16 10
22 23 10
22 14 10
22 13 10
22 4 10
22 19 10
22 5 10
22 24 10
22 1 10
22 21 10
1 11 10
1 0 10
1 16 10
1 3 10
1 14 10
1 18 10
1 24 10
1 13 10
1 8 10
18 19 10
18 14 10
18 5 10
18 8 10
18 0 10
18 13 10
18 11 10
18 24 10
19 4 10
19 16 10
19 23 10
19 13 10
19 8 10
19 21 10
19 0 10
19 5 10
19 3 10
11 5 10
11 0 10
11 4 10
11 13 10
11 23 10
11 24 10
5 8 10
5 4 10
5 24 10
5 21 10
5 14 10
5 0 10
5 3 10
5 23 10
8 0 10
8 13 10
8 4 10
8 16 10
8 23 10
8 14 10
8 3 10
3 24 10
3 23 10
3 21 10
3 4 10
3 0 10
3 14 10
24 0 10
24 4 10
24 16 10
24 13 10
4 16 10
4 13 10
4 14 10
21 14 10
21 0 10
21 23 10
21 16 10
21 13 10
14 0 10
14 16 10
16 13 10
16 23 10
16 0 10
23 0 10
13 0 10