25
0 24 11
0 16 90
0 22 60
0 4 8
0 11 45
0 23 83
0 10 41
0 1 27
0 19 12
0 21 83
0 13 53
0 5 28
0 18 8
0 8 36
0 15 19
0 20 38
1 2 1
1 22 17
1 4 95
1 17 77
2 15 37
2 17 12
2 20 89
2 7 40
2 11 87
2 14 61
2 21 27
2 12 19
2 8 37
2 13 67
2 22 97
2 5 23
2 4 79
2 24 75
2 23 64
2 16 41
2 3 39
2 6 98
2 19 30
2 10 77
3 18 65
3 9 67
3 17 93
3 14 82
3 11 86
3 23 74
3 5 79
4 24 75
4 7 1
4 6 6
4 12 84
4 10 86
4 15 21
4 9 91
4 14 11
4 17 22
5 16 15
5 14 60
5 12 34
5 13 8
5 6 89
5 21 35
5 24 41
5 10 25
5 22 53
5 15 3
5 20 29
5 23 17
5 18 98
5 7 66
5 19 32
5 11 22
5 9 55
5 17 49
5 8 84
6 23 65
6 15 36
6 11 52
6 19 72
6 17 71
6 22 94
6 8 5
6 7 37
6 9 17
6 10 38
6 13 12
6 12 51
6 16 16
6 24 64
6 21 69
6 14 59
6 18 46
6 20 36
7 16 10
7 18 46
8 16 73
9 13 16
9 11 62
10 18 9
10 13 9
10 15 22
10 16 24
10 17 43
10 19 78
10 22 70
10 20 60
10 11 74
10 21 38
10 14 38
10 23 59
10 24 66
10 12 3
11 12 25
11 18 33
11 23 28
12 21 49
12 23 34
12 15 77
12 14 68
12 17 22
12 18 22
12 22 90
12 16 33
12 19 96
12 13 31
12 20 14
12 24 69
13 18 81
13 16 11
13 19 57
13 23 48
13 21 71
13 14 19
14 18 17
14 15 61
14 19 56
14 17 88
14 23 50
14 22 42
14 16 44
14 21 58
14 24 80
15 18 34
15 16 99
15 23 18
15 17 55
15 24 58
15 19 20
15 21 60
16 24 58
16 19 63
16 17 62
16 22 16
16 23 98
16 21 76
17 18 36
17 24 84
17 19 31
17 22 7
17 20 64
17 23 28
17 21 95
18 20 48
19 20 68
19 24 68
19 22 89
20 23 55
20 22 49
21 24 18
21 23 18
22 23 93
23 24 96
