25
4 12 97.894
12 18 64.731
16 18 71.117
0 16 95.925
0 23 21.613
8 23 94.885
2 8 32.904
2 10 79.429
6 10 12.629
6 17 3.724
3 17 93.253
3 7 1.091
1 7 77.548
1 9 91.443
9 22 39.23
13 22 79.715
11 13 28.27
11 15 30.612
15 20 95.724
14 20 98.364
14 21 92.981
5 21 59.78
5 24 20.77
19 24 45.798
4 19 28.204
5 9 70.278
5 18 73.712
18 20 40.619
20 23 2.779
12 23 31.607
12 22 98.394
13 21 33.544
19 21 34.39
7 19 60.788
7 15 25.12
15 16 58.738
10 16 7.413
0 10 26.345
0 4 0.414
4 8 29.34
2 17 9.16
3 6 48.868
6 11 30.613
11 24 11.948
14 24 84.496
1 14 92.115
2 16 95.982
6 16 80.994
17 19 21.401
7 21 59.697
0 21 46.941
0 8 4.831
8 15 96.704
15 24 37.308
3 24 40.305
3 20 64.67
1 20 17.634
1 10 47.344
10 11 81.229
11 14 15.201
5 14 76.499
5 22 89.818
12 13 69.62
4 13 74.745
4 23 49.623
9 23 76.993
9 18 99.232
2 18 96.187
4 9 90.434
1 11 8.407
11 18 8.723
12 16 92.062
6 24 12.122
8 19 96.785
0 20 98.387
5 20 31.162
2 21 17.896
2 23 43.681
10 23 28.795
10 15 1.229
7 13 17.423
3 13 11.376
3 22 12.052
14 22 96.121
14 17 53.94
4 17 85.126