25
0 9 77.878
0 11 36.778
0 12 91.197
0 13 93.9
0 17 74.078
0 24 66.43
1 9 19.001
1 10 69.122
1 11 24.735
1 12 42.502
1 13 52.596
1 15 44.542
1 16 8.352
1 17 11.17
1 19 15.022
1 20 45.034
2 9 10.73
2 10 27.02
2 11 41.28
2 12 22.869
2 13 97.408
2 14 6.558
2 15 7.383
2 19 44.52
2 21 59.038
3 9 41.627
3 10 17.591
3 11 81.583
3 12 64.98
3 14 85.846
3 15 10.595
3 18 10.054
3 24 50.993
4 9 86.17
4 10 14.731
4 11 37.523
4 13 89.84
4 15 31.995
4 17 34.504
4 21 3.351
4 22 42.241
5 9 13.708
5 10 23.582
5 15 31.708
5 16 76.879
5 17 12.587
5 19 9.666
5 21 97.59
5 22 28.611
5 24 36.483
6 9 33.284
6 10 88.516
6 11 14.605
6 14 6.796
7 9 83.851
7 10 22.387
7 12 61.344
7 13 0.744
7 14 69.774
7 16 31.67
7 17 98.02
7 18 43.103
7 19 78.622
7 21 11.63
7 23 0.271
8 9 13.188
8 10 54.385
8 11 38.086
8 12 8.85
8 13 75.941
8 16 24.315
8 17 81.217
8 19 63.043
8 21 75.949
8 22 83.977
8 23 70.284
8 24 15.153
9 10 55.52
9 11 85.528
9 12 29.57
9 14 20.952
9 15 14.767
9 16 71.403
9 18 71.942
9 20 93.991
9 22 88.331
9 23 40.297
10 11 38.058
10 12 26.723
10 13 14.295
10 14 21.518
10 15 67.733
10 17 69.679
10 18 26.072
10 19 8.818
10 20 92.1
10 24 25.546
11 12 67.398
11 13 91.802
11 14 37.912
11 15 12.749
11 16 19.192
11 17 50.991
11 18 85.665
11 19 98.898
11 20 64.643
11 22 3.221
11 23 48.368
11 24 47.16
12 13 17.757
12 14 11.749
12 15 93.675
12 16 69.451
12 18 70.271
12 20 57.122
12 21 92.308
12 22 74.93
12 23 55.261
13 14 77.365
13 16 57.083
13 18 78.641
13 22 15.143
13 24 88.054
14 16 6.352
14 17 70.842
14 19 48.405
14 20 35.934
14 23 32.606
15 20 22.958
15 21 33.419
15 22 26.108
15 23 92.862
15 24 37.775
16 18 45.861
16 19 64.81
16 21 53.512
16 22 16.271
17 18 40.91
17 20 55.757
17 21 0.616
18 20 12.225
18 23 17.535
22 23 64.913
22 24 57.632