24
8 0 9.77
0 3 4.3
3 6 6.32
6 20 18.18
20 9 11.14
9 17 19.91
9 11 20.73
11 17 3.82
11 15 12.73
17 15 10.73
0 23 16.82
3 23 13.86
6 23 11.14
20 23 20.32
0 18 21
23 18 6.05
13 18 7.73
18 2 15.64
13 2 12.86
2 14 18.55
14 22 24.45
22 2 13.55
22 4 28.73
7 22 35.41
4 7 10.86
18 22 25.36
13 22 24.09
22 9 25.23
20 22 32.5
4 16 36
10 16 37.32
16 22 38.68
14 16 38.36
2 16 45.68
16 1 46.23
1 10 16.95
5 19 4
16 19 51
19 1 17.45
1 5 17.36
19 21 26.27
12 21 7.95
16 12 59.77
21 16 56.45
10 12 65.05
21 2 96.36
14 21 78.59
22 21 92.86
22 12 94.68
14 12 75.27
12 2 92.82
10 14 74.55
14 19 85.77
8 18 29.09
4 9 35.55
9 7 36.05
4 11 50.32
7 11 44.55
4 17 49.55
17 7 43.77
4 18 53.77
18 7 59
7 23 60.73
4 23 55.5
6 4 60.36
6 7 64
13 4 53.95
7 13 59.18
13 9 32.82
9 18 32.32
9 2 32.59
14 9 51.36
20 13 28.59
2 20 34.36
20 18 23.41
20 11 26.32
20 17 23.95
15 20 33.27
4 10 48.41
7 10 53.45
4 19 78.5
5 4 78.77
21 4 91.27
4 12 94.14
4 14 42.82
15 6 47.91
11 6 41.05
17 6 38.5