25
12 6 52.662
6 16 12.443
16 14 87.592
14 19 51.4
19 23 91.591
23 11 19.905
11 18 90.18
18 3 50.083
3 24 12.95
24 7 80.935
7 20 69.271
20 8 10.276
8 13 17.112
13 0 33.905
0 10 41.056
10 2 27.054
2 21 28.801
21 17 12.498
17 4 12.698
4 9 70.76
9 15 65.991
15 5 51.873
5 22 6.703
22 1 14.268
22 9 87.394
21 16 69.167
16 8 62.23
3 11 11.427
5 19 57.722
7 3 3.713
14 2 71.615
12 23 22.639
14 5 17.561
15 1 55.476
12 21 24.002
8 18 21.274
23 20 82.648
18 22 94.451
10 13 68.177
2 19 80.113
7 0 69.053
23 16 69.825
7 11 1.571
11 6 68.955
4 24 44.142
12 15 23.917
9 18 48.425
24 22 77.428
14 3 68.666