24
0 1 0.77
0 2 0.38
0 3 0.61
0 4 0.43
0 5 0.81
0 6 0.28
0 7 0.42
0 8 0.15
0 9 0.55
0 10 0.69
0 11 0.12
0 12 0.41
0 13 0.98
0 14 0.45
0 15 0.01
0 16 0.8
0 17 0.89
0 18 0.8
0 19 0.76
0 20 0.58
0 21 0.22
0 22 0.39
0 23 0.44
1 2 0.78
1 3 0.81
1 4 0.82
1 5 0.27
1 6 0.11
1 7 0.65
1 8 0.9
1 9 0.06
1 10 0.62
1 11 0.6
1 12 0.14
1 13 0.95
1 14 0.45
1 15 0.81
1 16 0.81
1 17 0.29
1 18 0.6
1 19 0.24
1 20 0.19
1 21 0.4
1 22 0.71
1 23 0.2
2 3 0.31
2 4 0.01
2 5 0.75
2 6 0.49
2 7 0.4
2 8 0.14
2 9 0.67
2 10 0.08
2 11 0.8
2 12 0.01
2 13 0.99
2 15 0.65
2 16 0.17
2 17 0.17
2 18 0.08
2 19 0.74
2 20 0.69
2 21 0.14
2 22 0.42
2 23 0.95
3 4 0.4
3 5 0.82
3 6 0.95
3 7 0.23
3 8 0.1
3 9 0.06
3 10 0.38
3 11 0.61
3 12 0.5
3 13 0.44
3 14 0.42
3 15 0.39
3 16 0.17
3 17 0.36
3 18 0.48
3 19 0.61
3 20 0.02
3 21 0.8
3 22 0.65
3 23 0.24
4 5 0.74
4 6 0.76
4 7 0.69
4 8 0.24
4 9 0.02
4 10 0.01
4 11 0.2
4 12 0.54
4 13 0.83
4 14 0.91
4 15 0.32
4 16 0.53
4 17 0.56
4 18 0.02
4 19 0.92
4 20 0.89
4 21 0.24
4 22 0.78
4 23 0.79
5 6 0.12
5 7 0.58
5 8 0.26
5 9 0.62
5 10 0.32
5 11 0.59
5 12 0.19
5 13 0.49
5 14 0.91
5 15 0.24
5 16 0.92
5 17 0.33
5 18 0.19
5 19 0.64
5 20 0.27
5 21 0.81
5 22 0.02
5 23 0.76
6 7 0.44
6 8 0.07
6 9 0.76
6 10 0.48
6 11 0.31
6 12 0.63
6 13 0.25
6 14 0.45
6 15 0.69
6 16 0.53
6 17 0.65
6 18 0.57
6 19 0.71
6 20 0.31
6 21 0.19
6 22 0.09
6 23 0.2
7 8 0.05
7 9 0.62
7 10 0.81
7 11 0.61
7 12 0.79
7 13 0.63
7 14 0.6
7 15 0.99
7 16 0.44
7 17 0.22
7 18 0.01
7 19 0.46
7 20 0.67
7 21 0.88
7 22 0.65
7 23 0.64
8 9 0.24
8 10 0.96
8 11 0.24
8 12 0.29
8 13 0.28
8 14 0.86
8 15 0.84
8 16 0.6
8 17 0.78
8 18 0.22
8 19 0.28
8 20 1.0
8 21 0.4
8 22 0.42
8 23 0.11
9 10 0.99
9 11 0.12
9 12 0.03
9 13 0.88
9 14 0.01
9 15 0.83
9 16 0.28
9 17 0.46
9 18 0.7
9 19 0.61
9 20 0.36
9 21 0.52
9 22 0.52
9 23 0.39
10 11 0.2
10 12 0.13
10 13 0.9
10 14 0.32
10 15 0.52
10 16 0.62
10 17 0.04
10 18 0.22
10 19 0.45
10 20 0.46
10 21 0.27
10 22 0.97
10 23 0.35
11 12 0.69
11 13 0.63
11 14 0.98
11 15 0.21
11 16 1.0
11 17 0.86
11 18 0.2
11 19 0.17
11 20 0.37
11 21 0.4
11 22 0.85
11 23 0.45
12 13 0.33
12 14 0.21
12 15 0.42
12 16 0.2
12 17 0.68
12 18 0.39
12 19 0.2
12 20 0.06
12 21 0.43
12 22 0.75
12 23 0.08
13 14 0.44
13 15 0.15
13 16 0.28
13 17 0.45
13 18 0.37
13 19 0.11
13 20 0.48
13 21 0.87
13 22 0.07
13 23 0.04
14 15 0.72
14 16 0.44
14 17 0.8
14 18 0.21
14 19 0.08
14 20 0.26
14 21 0.06
14 22 0.99
14 23 0.36
15 16 0.17
15 17 0.51
15 18 0.2
15 19 0.45
15 20 0.35
15 21 0.65
15 22 0.96
15 23 0.27
16 17 0.64
16 18 0.27
16 19 0.31
16 20 0.31
16 21 0.56
16 22 0.8
16 23 0.86
17 18 0.65
17 19 0.76
17 20 0.55
17 21 0.93
17 22 0.82
17 23 0.64
18 19 0.85
18 20 0.51
18 21 0.87
18 22 0.86
18 23 0.31
19 20 0.97
19 21 0.49
19 22 0.34
19 23 0.02
20 21 0.22
20 22 0.45
20 23 0.2
21 22 0.15
21 23 0.17
22 23 0.03