25
0 19 90.91
19 8 65.93
8 3 75.22
3 24 2.21
24 12 12.86
12 15 46.10
15 19 54.46
19 21 1.64
21 20 18.83
20 10 60.45
10 5 62.00
5 2 72.93
2 23 57.44
23 19 98.65
19 12 57.25
12 0 68.39
0 18 67.25
18 9 60.26
9 2 23.22
2 11 11.17
11 18 74.23
18 23 2.50
23 8 40.37
8 24 78.50
24 6 50.29
6 15 32.56
15 11 71.12
11 24 71.99
24 9 56.01
9 7 33.03
7 17 97.46
17 22 0.62
22 9 47.51
9 15 38.92
15 16 98.73
16 20 86.82
20 7 85.52
7 10 66.53
10 8 6.51
8 4 8.19
4 19 91.58
19 17 45.83
17 15 12.55
15 23 37.53
23 1 2.22
1 11 63.17
11 12 14.83
12 4 86.70
4 22 9.87
22 15 75.91
15 1 66.19
1 24 28.85
24 21 80.98
21 14 79.06
14 9 62.04
9 0 87.04
0 17 37.99
17 1 30.69
1 0 6.36
0 16 48.47
16 2 21.86
2 15 70.14
15 3 92.48
3 12 37.92
12 17 38.69
17 5 24.09
5 23 10.61
23 11 59.59
11 3 99.23
3 7 10.87
7 12 14.18
12 8 69.43
8 18 88.41
18 15 27.17
15 20 52.50
20 14 38.47
14 3 62.49
3 21 91.69
21 8 38.08
8 1 55.79
1 10 66.98
10 2 52.52
2 21 36.23
21 18 15.27
18 20 35.81
20 5 3.38
5 16 63.86
16 1 81.33
1 5 7.66
5 24 48.42
24 13 17.42