25
0 1 64.074
1 2 30.115
2 3 10.622
3 4 97.561
4 5 57.492
5 6 66.391
6 7 73.157
7 8 75.924
8 9 76.492
9 10 77.11
10 11 12.413
11 12 91.792
12 13 21.264
13 14 70.28
14 15 48.951
15 16 79.859
16 17 36.714
17 18 97.31
18 19 17.101
19 20 51.63
20 21 17.903
21 22 25.209
22 23 59.632
23 24 90.274
9 7 26.621
2 4 54.747
7 21 64.844
8 17 2.298
0 9 33.108
22 5 33.158
21 10 1.648
22 12 58.181
10 13 11.309
17 23 23.951
8 13 20.348
24 19 66.219
24 21 33.823
23 15 4.9
11 13 86.559
4 9 71.755
8 10 12.849
4 24 77.976
12 18 34.829
4 7 26.238
20 4 77.881
17 7 52.041
23 1 76.432
0 23 44.872
6 12 76.209
1 4 33.053
1 6 34.644
21 9 20.761
14 2 20.85
3 5 9.488
19 23 75.271
8 24 12.705
19 2 61.935
13 19 38.667
11 7 71.348
20 2 61.83
21 14 82.373
4 15 58.195
17 4 16.490
20 8 42.922
8 2 65.052