25
14 3 0.34
3 4 1.07
19 6 2.13
17 14 2.36
9 13 0.62
21 3 0.63
0 5 0.29
7 12 2.95
14 11 1.57
4 17 2.66
6 13 0.65
9 23 0.74
9 1 0.24
16 8 1.07
19 4 0.64
9 4 2.51
24 5 1.04
0 20 1.69
0 10 0.73
11 1 1.16
24 7 1.39
18 14 0.43
13 8 1.02
15 3 0.90
14 19 0.56
5 8 1.11
3 11 2.85
22 8 2.60
19 11 1.92
20 17 0.29
22 0 0.98
7 9 3.00
20 8 0.93
18 21 2.05
13 5 0.56
5 21 1.26
8 7 0.68
8 23 0.56
16 13 3.21
9 22 2.50
13 18 2.66
13 7 1.19
23 12 0.70
19 3 1.28
10 9 0.92
17 24 0.57
6 7 1.19
20 12 2.02
12 10 1.31
12 3 1.50
22 5 1.70
10 5 1.82
13 24 1.02
16 14 0.47
5 2 1.22
6 10 2.05
4 21 0.36
15 6 0.49
14 0 0.72
14 24 0.33
16 12 0.79
7 14 0.31
14 4 0.25
22 15 3.10
20 10 1.07
15 24 0.20
2 6 0.53
2 12 1.18
18 2 0.59
22 14 0.28
21 14 3.17
11 6 0.20
4 6 1.29
18 11 1.21
10 2 0.68
13 0 0.68
11 13 0.67
21 9 0.68
22 10 1.69
1 24 0.41
21 0 0.73
23 21 0.87
9 5 2.85
13 2 0.53
2 1 0.40
16 1 0.95
22 6 0.15
3 2 0.60
2 19 1.07
22 20 2.94
23 22 0.45
19 5 0.32
13 4 0.76
15 8 1.56
17 13 0.97
24 16 1.72
24 23 1.09
3 0 3.11
21 2 0.10
16 23 0.50
2 24 0.78
20 9 1.21
18 6 2.75
20 24 2.19
13 12 2.17
2 22 0.85
8 18 0.53
2 8 0.19
0 7 2.23
12 21 0.76
12 6 1.03
11 23 2.65
7 20 2.09
2 15 0.94
19 9 1.12
20 13 0.95
11 8 2.98
6 5 0.43
3 24 0.47
19 21 0.90
22 16 1.86
15 1 0.33
10 13 2.43
14 23 0.80
8 6 0.58
23 4 0.68
23 15 0.61
22 11 1.44
10 11 0.35
17 15 0.13
16 0 0.42
0 15 2.13
16 10 0.80
19 15 0.89
9 15 2.22
14 9 0.31
21 24 0.24
9 16 0.70
22 12 0.54
16 5 1.07
24 9 1.16
15 14 2.88
15 5 2.28
5 20 1.00
22 13 2.23
13 3 0.68
18 7 1.31
17 12 1.54
13 19 0.39
2 20 0.36
0 8 0.59
21 16 0.64
0 11 1.97
21 7 1.62
21 6 0.65
11 7 1.62
19 20 0.48
17 0 0.31
13 15 0.85
6 1 0.70
19 8 2.07
24 6 0.55
22 17 0.33
9 8 3.01
19 16 0.88
0 2 1.36
23 19 1.00
12 9 2.66
11 12 1.07
14 20 1.03
24 10 0.36
7 16 0.72
17 10 0.21
2 4 0.72
9 6 2.30
15 21 0.85
20 16 0.92
17 1 2.65
5 4 0.89
24 11 2.02
21 22 1.62
19 24 0.57
19 18 0.49
8 1 0.46
16 3 2.56
23 2 2.75
15 18 1.57
18 4 2.86
19 17 0.51
22 18 0.12
2 14 0.48
5 3 1.01
20 3 0.95
21 11 0.90
23 0 1.34
7 2 0.50
15 11 0.66
12 8 0.17
20 6 2.78
20 23 1.74
12 4 0.56
18 0 2.22
1 3 2.06
24 12 0.12
5 23 3.21
5 18 2.72
7 17 1.63
24 0 0.19
17 11 2.52
12 14 0.43
21 1 0.48
21 10 1.52
15 12 0.58
15 16 1.00
17 2 0.33
21 17 1.09
20 15 2.79
24 8 0.23
22 7 2.62
16 4 1.81
14 10 2.86
10 1 0.57
18 17 0.99
18 12 0.59
11 5 0.53
7 3 0.15
6 16 2.40
22 1 1.03
10 18 0.57
6 23 0.92