25
0 1 89.171
1 2 68.64
2 3 94.985
3 4 59.375
4 5 14.972
5 6 8.334
6 7 70.703
7 8 10.925
8 9 32.75
9 10 33.12
10 11 14.945
11 12 75.907
12 13 64.347
13 14 60.107
14 15 9.397
15 16 92.05
16 17 22.774
17 18 81.487
18 19 17.172
19 20 96.975
20 21 39.633
21 22 77.9
22 23 59.743
23 24 60.284
6 13 70.064
19 6 71.86
3 7 58.255
16 19 29.856
22 12 46.714
20 2 98.501
9 7 45.862
14 22 23.621
12 21 73.514
8 6 18.925
23 12 41.412
3 8 96.316
13 9 82.627
14 0 95.903
7 15 65.389
17 4 24.04
4 14 78.657
21 9 83.919
9 14 19.062
14 20 7.13
24 21 72.706
17 12 74.342
3 0 34.752
13 20 9.102
8 14 69.071
13 0 43.065
10 15 24.202
24 20 49.463
3 11 58.917
13 15 32.338
18 7 46.623
22 16 17.726
19 15 69.173
10 4 96.951
19 7 30.568
8 24 35.6
21 1 85.926
11 15 71.526
7 23 37.184
14 13 96.011
3 21 39.421
13 24 80.558
4 24 94.154
15 23 94.472
14 6 30.747
1 6 51.506
20 16 94.77
3 18 87.955
12 7 85.886
20 15 61.496
2 21 0.26
8 16 24.959
8 0 10.883
19 0 10.609
13 3 65.48
0 2 29.247
6 2 7.502
0 16 40.604
6 16 60.265
7 11 91.097
11 2 39.121
20 4 92.026
11 20 32.587
17 7 43.693
4 0 89.875
17 5 2.87
23 13 11.42
4 11 39.936
24 23 20.651
8 18 71.066
2 5 78.578
1 17 74.86
19 13 14.899
13 4 9.35
23 1 47.172
7 2 14.804
6 18 58.625
15 0 56.252
8 13 66.952
5 24 72.145
5 8 44.8
8 7 18.067
2 1 78.277
7 21 1.556
0 11 92.173
22 15 53.182
2 23 4.221
20 9 81.704
14 23 36.526
15 12 42.36
2 15 73.272
2 10 71.025
14 5 67.443
8 1 14.802
9 24 37.042
3 16 73.813
18 0 20.661
23 9 22.421
22 5 34.898
11 18 94.587
3 23 44.602
0 12 30.671
21 18 99.37
16 9 66.873
12 4 5.678
12 6 30.117
2 16 28.947
1 7 78.029
21 6 90.126
10 9 30.259
19 9 7.163
3 15 11.69
19 12 64.955
13 5 18.657
10 13 75.518
18 2 82.378
5 16 18.678
2 14 86.557
14 16 89.332
4 8 34.819
14 19 27.257
21 20 85.469
19 3 16.721
23 11 81.994
3 14 76.376
17 16 76.664
6 0 50.74
12 3 82.193
2 22 15.451
24 12 80.633
9 18 56.006
23 0 35.789
7 10 3.299
13 18 8.381
21 19 88.304
14 7 39.682
0 5 82.559
13 11 72.289
22 21 4.953
7 16 34.442
15 6 79.731
23 6 78.789
8 10 4.42
11 24 69.159
16 24 13.643
22 1 85.629
2 12 98.0
4 2 28.058
4 7 83.858
22 6 86.278
9 0 6.104
18 17 41.235
3 2 91.319
11 9 45.753
9 17 61.66
1 16 22.951
23 22 9.75
17 14 4.366
14 1 59.433
24 17 5.759
18 4 60.282
5 18 81.786
16 13 29.697
8 12 18.244
15 1 99.291
17 15 20.339
22 24 85.469
11 8 28.661
5 3 83.652
9 3 44.961
14 10 10.722
0 20 72.138
21 5 97.773
18 20 50.185
2 19 66.768
20 7 47.482
15 5 94.368
7 6 29.143
5 4 20.95
21 17 60.578
22 7 24.682
15 21 8.406
1 4 23.616
13 17 93.524
24 0 20.645
21 13 85.541
13 1 78.215
1 3 29.25
3 6 74.162
10 1 67.004
10 19 18.63
23 19 38.92
23 10 71.939
23 20 68.163
3 17 6.427
0 22 94.528
24 2 70.035
18 15 75.046
1 18 75.307
16 23 5.679
22 20 2.685
2 17 99.519
4 23 0.11
9 12 84.112
24 6 80.089
5 7 0.258
16 12 36.897
5 19 77.562
12 20 62.414
3 20 30.766
6 5 99.285
7 24 3.612
10 20 48.551
7 13 69.655
11 21 49.664
19 8 52.824
24 15 6.653
17 19 53.659
19 11 27.804
18 14 43.003
20 6 34.918
18 12 55.845
19 18 62.713
21 8 38.735
18 13 87.869
24 12 49.252
6 13 54.44
4 7 48.145
23 15 64.335
4 2 3.839
3 1 40.423
4 12 48.777
20 18 76.504
9 13 67.185
17 16 47.346
3 18 24.958
12 1 26.172
13 2 82.188
14 16 84.962
2 24 64.852
20 23 71.923
18 17 92.508
10 7 41.746
7 13 72.056
10 16 71.607
7 18 72.22
21 0 48.112
0 20 48.175
19 17 23.902
15 13 31.57
9 8 41.617
21 24 80.624
9 3 43.196
2 16 41.126
4 10 31.953
15 4 52.597
12 16 8.887
22 3 66.542
19 6 65.214
22 20 29.229
21 17 99.891
14 0 76.603
24 16 44.224
17 1 98.641
11 10 27.405
14 23 83.695
9 4 80.943
24 3 79.824
5 10 28.911
3 13 78.019
3 2 54.597
12 10 85.549
10 22 3.953
22 12 8.012
22 21 90.473
8 3 39.31
6 21 80.267
8 24 54.974
3 5 59.56
17 12 94.875
16 5 37.288
17 11 36.419
20 9 57.33
9 2 24.937
2 21 69.094
22 4 45.705
1 0 85.686
22 0 23.94
0 12 37.55
0 2 31.611
3 17 97.113
12 11 68.692
4 3 62.463
21 4 3.878
8 7 46.934
19 8 76.776
11 9 79.489
9 15 3.089
20 19 94.496
7 6 70.218
10 9 95.935