25
24 0 14.509
24 2 5.613
24 12 92.986
24 19 84.957
24 4 91.285
24 3 5.749
24 7 33.635
24 9 38.265
24 21 20.271
24 13 72.016
24 15 95.953
24 18 23.998
24 22 71.341
24 23 12.264
24 14 65.385
24 1 64.436
24 8 29.667
24 10 38.334
24 20 1.239
24 6 76.554
0 11 18.942
0 19 99.37
0 8 9.314
0 2 41.613
0 12 56.793
0 20 33.494
0 7 24.175
0 18 65.318
0 5 52.974
0 16 88.646
0 9 2.393
0 21 19.711
0 10 15.404
0 23 37.188
0 13 6.329
11 13 27.442
11 23 20.317
11 2 70.96
11 16 83.466
11 6 17.313
11 18 5.772
11 5 36.178
11 12 16.325
11 7 90.707
11 15 9.194
11 17 66.962
11 9 95.64
11 14 15.024
11 10 8.953
11 3 38.75
2 3 80.111
2 13 96.067
2 23 59.252
2 5 13.795
2 21 78.347
2 6 88.385
2 17 48.363
2 18 11.515
2 16 38.099
2 9 20.19
2 10 49.109
2 8 59.042
2 12 75.422
2 20 54.078
19 22 8.962
19 4 33.151
19 3 18.985
19 13 30.052
19 6 37.787
19 23 75.749
19 8 8.653
19 15 12.545
19 16 38.85
19 12 26.334
19 5 58.501
19 7 4.082
19 18 17.385
19 1 31.048
19 14 2.904
19 20 0.204
19 17 98.441
19 21 28.885
19 10 42.662
22 16 20.572
22 23 73.186
22 14 21.6
22 8 53.828
22 3 14.827
22 17 80.167
22 20 94.976
22 1 84.62
22 21 78.356
22 9 50.262
22 13 4.507
22 5 72.643
22 18 0.67
9 7 2.579
9 4 81.045
9 6 83.359
9 18 50.525
9 10 35.589
9 15 82.018
9 17 9.858
9 14 68.19
9 23 20.407
9 1 40.303
9 21 96.096
9 16 60.82
9 5 54.798
7 4 14.246
7 8 11.153
7 13 46.645
7 3 61.832
7 5 57.402
7 1 85.404
7 17 27.537
7 12 86.672
7 10 51.445
7 16 18.954
7 20 45.579
7 6 59.084
7 15 88.548
13 16 52.424
13 8 82.648
13 5 55.088
13 6 21.665
13 15 85.0
13 21 0.024
13 4 87.524
13 14 40.085
13 12 53.096
13 10 1.91
13 23 35.697
17 4 11.748
17 23 31.597
17 5 70.776
17 14 50.071
17 6 71.69
17 3 9.57
17 15 5.219
17 12 14.164
17 10 59.915
17 21 90.148
4 1 68.908
4 12 47.871
4 10 0.086
4 16 58.817
4 23 29.533
4 6 1.976
4 3 12.103
4 8 49.864
4 21 17.463
21 1 28.306
21 15 82.852
21 12 55.497
21 18 38.905
21 3 88.869
21 10 20.537
21 23 90.421
21 14 32.359
21 16 54.367
1 8 64.903
1 20 30.516
1 12 45.212
1 23 76.25
1 18 66.567
1 5 66.478
1 16 87.566
1 3 62.119
3 12 80.226
3 18 4.094
3 16 63.186
3 10 42.176
3 14 39.561
3 15 56.438
3 20 51.716
3 23 22.016
3 5 10.486
3 6 8.502
3 8 43.742
16 10 63.741
16 6 39.81
16 5 22.311
16 23 45.595
16 15 95.757
16 12 65.6
16 20 46.053
8 18 83.346
8 10 89.162
8 14 98.71
8 12 69.446
8 6 80.793
8 23 50.634
20 18 92.776
20 5 7.46
20 6 84.98
20 15 93.291
20 23 96.5
20 10 0.024
20 14 77.57
23 5 67.541
23 6 58.844
23 10 85.007
23 18 80.044
23 14 11.871
23 12 50.872
23 15 54.106
5 6 2.583
5 18 3.392
5 12 28.875
5 10 75.728
5 15 76.687
5 14 31.111
12 18 63.345
12 10 9.732
12 6 68.646
12 15 36.117
12 14 85.471
6 18 93.185
6 15 28.531
6 14 5.84
18 15 74.25
15 10 41.223
15 14 11.352
10 14 37.853