25
4 13 0.001
15 21 0.002
14 17 0.005
9 18 0.008
1 16 0.009
12 21 0.009
0 18 0.01
6 24 0.01
19 22 0.014
11 14 0.015
19 23 0.016
11 16 0.021
5 22 0.026
1 2 0.029
5 10 0.029
8 21 0.029
2 23 0.029
5 24 0.03
2 17 0.04
22 24 0.04
1 12 0.042
7 22 0.042
1 7 0.045
0 9 0.046
0 10 0.046
17 21 0.047
8 14 0.049
15 20 0.049
17 20 0.049
4 14 0.05
1 18 0.05
5 6 0.052
2 16 0.055
17 19 0.056
7 23 0.056
1 4 0.058
5 14 0.059
7 12 0.062
1 8 0.064
3 14 0.065
11 13 0.066
14 23 0.069
16 24 0.069
12 13 0.07
5 9 0.071
1 17 0.072
5 16 0.073
0 5 0.076
5 17 0.076
11 12 0.079
21 23 0.08
18 19 0.084
8 12 0.085
12 23 0.085
7 9 0.09
10 17 0.09
7 15 0.092
17 24 0.092
19 21 0.095
14 20 0.096
8 18 0.099
3 20 0.099
