25
0 1 1.4
1 2 1.3
2 3 1.5
3 4 1.3
0 5 1.2
5 10 1.6
10 15 1.4
15 20 1.5
20 21 1.3
21 22 1.2
22 23 1.7
23 24 1.5
4 9 1.6
9 14 1.2
14 19 1.8
19 24 1.4
6 7 5.2
7 8 4.7
8 13 3.9
13 18 5.0
18 17 4.8
17 16 5.6
16 11 6.9
11 6 3.2
7 12 24.3
11 12 36.8
13 12 21.7
17 12 33.3
0 6 10.7
4 8 12.9
18 24 9.1
16 20 14.5
6 10 8.7
10 16 6.7
2 6 9.0
2 8 13.2
8 14 7.6
14 18 8.8
16 22 6.9
18 22 4.6
0 20 1.1
0 4 3.2
4 24 2.8
20 24 0.6
1 5 1.3
3 9 2.0
15 21 0.9
19 23 1.3
1 3 2.7
5 15 2.1
21 23 0.9
9 19 3.5
7 11 10.2
7 13 40.9
11 17 30.7
13 17 23.5
0 7 51.2
4 7 39.7
0 11 45.4
11 20 29.1
17 20 69.9
17 24 17.4
4 13 35.8
13 24 42.3