25
11 14 57.263
14 0 92.105
0 21 76.994
21 15 35.033
15 24 17.192
24 2 47.43
2 19 17.279
19 3 40.037
3 5 97.732
5 17 71.786
17 18 47.926
18 9 4.233
9 12 98.253
12 20 18.132
20 23 3.61
23 7 18.927
7 16 50.853
16 13 13.999
13 1 93.438
1 10 44.458
10 22 16.834
22 6 93.124
6 8 46.237
8 4 48.377
0 18 16.138
1 4 11.079
1 12 98.393
1 16 15.723
1 21 16.55
1 22 40.899
2 9 77.293
2 23 55.234
3 9 80.072
3 10 74.666
4 10 41.42
4 12 69.291
4 16 75.179
4 22 91.159
4 23 13.634
5 11 97.795
5 19 97.112
5 22 20.863
5 24 94.204
6 7 65.051
6 18 20.297
6 21 52.542
7 14 83.776
7 19 63.377
8 18 62.251
8 19 38.993
8 20 89.991
8 21 39.851
8 23 9.164
9 13 30.224
10 12 17.228
10 18 66.645
10 24 57.772
11 12 42.385
11 13 74.798
11 18 0.398
11 22 94.254
12 15 11.641
12 17 63.528
12 22 51.555
13 18 86.809
14 21 9.777
14 24 6.887
15 18 67.946
16 22 87.451
17 19 70.225
22 24 40.929
