25
0 1 3.5
0 3 14.413
0 17 58.32
0 5 83.941
0 6 86.005
0 22 18.2
0 9 31.979
0 18 26.659
0 24 17.355
0 2 70.999
0 19 14.647
0 7 77.984
0 21 42.834
0 15 7.14
1 19 30.711
1 6 14.286
1 21 9.123
1 23 19.937
1 22 89.661
1 7 63.74
1 17 54.885
1 5 25.908
1 9 48.643
1 2 32.103
2 24 36.218
2 10 86.738
2 7 84.254
2 19 0.496
2 8 99.716
2 4 42.34
2 20 32.289
2 9 93.208
2 11 51.655
2 13 47.895
2 5 92.658
3 12 27.197
3 5 89.949
3 19 82.455
3 13 39.216
3 14 19.001
3 24 55.126
3 18 38.836
3 4 87.26
3 15 87.23
3 20 70.889
3 7 32.889
3 22 90.778
4 13 22.012
4 18 74.257
4 5 11.935
4 11 12.548
4 24 54.937
4 23 84.57
4 12 48.028
4 10 70.944
4 20 31.956
5 11 53.01
5 7 47.33
5 8 11.119
5 23 37.052
5 14 45.551
5 16 40.966
5 9 70.566
5 24 21.316
6 21 87.858
6 16 45.712
6 13 58.858
6 15 29.155
6 23 63.79
6 18 33.159
6 20 7.23
6 8 44.613
6 14 19.899
6 17 12.449
6 22 7.613
7 17 37.676
7 21 38.042
7 19 51.798
7 13 55.774
7 15 49.438
7 16 64.923
7 12 61.124
7 8 39.058
8 22 27.829
8 13 58.262
8 10 55.657
8 18 64.873
8 9 53.149
8 15 45.613
8 14 3.205
8 12 37.548
8 21 45.96
9 16 81.422
9 21 98.392
9 22 85.498
9 10 67.176
9 18 76.227
9 24 85.711
9 17 93.68
10 19 49.684
10 21 85.905
10 24 12.32
10 14 20.16
10 18 78.606
10 20 60.876
11 15 96.478
11 16 67.678
11 14 90.681
11 13 31.599
11 24 67.104
11 21 58.715
11 12 54.083
11 19 33.528
12 22 48.414
12 13 26.416
12 21 31.831
12 19 50.78
12 23 40.857
12 16 93.291
12 18 91.224
12 20 24.684
13 15 45.335
13 21 32.893
13 17 34.915
13 20 40.819
13 18 95.336
14 19 68.47
14 16 6.171
14 22 76.359
14 24 5.058
14 21 61.641
14 20 57.143
14 23 69.456
14 15 77.024
15 17 16.585
15 22 39.313
15 19 36.496
15 24 88.355
15 16 83.691
15 21 56.316
16 17 61.339
16 24 22.794
16 20 28.196
16 19 1.908
16 18 58.28
17 21 0.645
17 19 21.007
17 24 41.539
18 24 39.794
18 21 86.586
18 22 96.115
18 19 4.044
19 24 45.098
19 21 73.036
19 22 44.14
20 24 13.799
21 24 94.889
21 23 65.193
21 22 20.235
22 23 27.098
22 24 53.972