25
0 6 58.515
0 11 35.279
1 20 26.763
1 14 78.232
1 6 39.203
1 21 93.581
1 3 75.699
1 15 8.989
2 6 79.728
2 21 87.100
3 12 82.368
3 20 64.761
3 14 25.083
4 19 6.533
4 23 10.282
4 24 16.961
5 9 74.044
5 24 62.100
5 21 75.194
6 8 8.812
7 17 68.822
7 12 41.763
8 18 60.916
8 13 12.203
8 24 74.878
9 21 29.708
10 24 28.827
10 11 38.415
10 17 62.632
10 14 23.605
11 16 72.368
12 19 6.444
12 24 51.111
13 17 30.486
14 15 11.478
15 16 25.283
15 19 22.211
18 22 30.286
19 20 95.057
22 23 5.367
