25
0 1 44.925
0 11 96.11
0 9 23.488
0 16 37.082
0 2 59.613
1 2 52.152
1 7 93.054
1 15 63.454
1 24 19.505
1 11 63.536
1 23 30.74
1 14 29.762
1 6 5.889
1 18 29.672
1 13 82.391
1 19 29.599
1 22 38.712
1 16 75.486
1 3 84.645
2 3 68.584
2 12 28.755
2 4 59.523
2 23 53.436
3 4 63.636
3 18 41.065
3 12 48.437
3 8 37.964
3 10 98.034
3 24 94.015
3 7 5.309
3 14 89.966
3 19 34.556
3 23 85.341
3 13 98.925
4 5 13.983
4 15 80.741
4 10 80.663
4 9 50.714
4 23 78.554
4 7 79.704
4 17 3.074
4 8 0.378
4 14 21.867
4 21 35.005
4 6 46.686
4 19 71.743
4 11 5.665
4 22 92.965
5 6 22.965
6 7 97.996
6 20 8.363
6 16 67.554
7 8 26.538
7 0 19.725
7 14 86.951
7 10 25.418
7 15 82.694
7 16 37.486
7 21 30.649
7 18 88.851
7 23 67.805
7 22 46.572
7 11 57.644
7 2 54.471
7 9 96.104
7 5 4.773
8 9 62.219
8 16 41.947
8 13 16.028
8 15 82.494
8 6 96.936
8 12 21.943
9 10 65.956
9 11 94.777
9 14 21.767
9 24 85.896
9 15 15.153
9 13 62.868
9 23 86.372
9 22 70.255
10 11 92.357
10 22 91.283
10 16 36.275
10 15 16.106
10 20 8.524
10 23 44.165
10 14 21.137
11 12 55.056
11 3 62.357
11 5 9.538
11 21 11.59
11 18 71.609
11 17 16.369
11 20 34.892
11 8 57.816
11 24 28.363
11 15 3.078
11 16 88.182
11 14 96.764
12 13 65.236
12 23 14.515
12 21 22.249
12 24 59.824
12 15 62.505
12 6 83.194
12 17 42.006
12 19 32.447
12 0 85.22
13 14 59.851
13 6 95.812
14 15 95.475
15 16 97.895
16 17 51.232
16 2 14.897
16 4 85.69
16 24 61.267
17 18 63.732
17 2 89.511
17 7 69.328
17 9 79.943
17 5 83.637
17 3 55.156
17 8 52.419
17 24 83.402
17 21 14.411
17 13 27.734
17 22 49.005
18 19 54.82
18 22 61.262
18 21 56.66
18 0 57.182
18 5 11.148
18 9 52.04
18 10 19.725
18 20 25.28
18 23 42.105
18 24 54.109
19 20 95.868
19 24 23.912
19 8 1.094
19 21 43.986
19 2 31.163
19 9 49.468
19 23 72.257
19 7 28.598
19 0 62.989
19 14 67.847
19 17 39.314
20 21 96.78
20 15 91.84
20 24 78.701
20 5 70.605
21 22 84.922
21 1 78.441
21 0 19.867
21 10 10.533
21 2 15.55
21 23 48.693
21 5 75.047
22 23 94.221
22 0 38.858
22 15 30.202
22 12 91.97
23 24 4.746
23 17 68.133
23 11 24.728
23 13 66.409