25
21 1 9.488
5 2 59.907
10 17 41.039
13 18 43.327
16 10 55.436
14 4 40.808
12 2 41.018
4 6 14.101
9 6 68.674
21 24 91.906
16 6 10.223
12 19 72.167
8 23 60.112
1 2 9.283
0 4 24.672
7 8 14.898
15 20 79.508
22 10 62.745
17 16 41.261
8 2 72.939
9 12 90.141
8 4 66.242
20 15 18.968
17 5 92.099
20 12 21.436
8 13 48.003
13 8 65.966
2 17 34.976
16 18 37.701
2 14 71.04
4 3 68.269
15 6 2.689
24 12 37.669
7 19 25.604
4 1 28.186
17 16 89.568
15 14 58.077
6 19 71.522
10 2 12.334
24 5 74.667
17 2 79.322
2 22 70.165
14 24 13.547
17 15 84.738
22 17 84.629
10 3 37.701
16 8 61.183
15 7 78.36
1 24 15.48
9 0 69.278
2 20 66.312
8 6 10.957
24 6 36.258
0 15 10.746
9 18 36.492
3 17 39.917
18 17 30.912
12 23 26.217
12 21 1.068
15 18 16.079
23 24 14.925
21 20 82.2
19 6 45.436
12 10 30.298
12 1 98.798
23 10 19.346
11 5 79.593
