25
0 6 41.744
0 10 28.597
0 12 56.412
0 19 18.757
0 23 69.049
0 24 79.69
1 7 12.39
1 12 98.972
1 16 96.875
1 18 24.728
1 20 82.619
1 24 99.554
2 6 40.069
2 8 20.744
2 12 0.044
2 18 96.533
2 19 83.15
3 14 16.131
3 16 70.038
3 17 74.096
3 19 56.181
4 8 57.558
4 13 9.041
4 18 61.56
4 20 93.37
4 21 43.639
4 24 43.589
5 8 26.571
5 18 99.905
5 21 56.354
6 12 49.862
6 17 79.731
7 8 58.722
7 17 85.255
7 21 45.062
8 10 93.283
8 17 65.784
8 20 54.6
9 12 71.008
9 17 83.377
9 19 48.053
11 12 2.264
11 14 78.539
11 15 92.411
11 22 48.071
13 15 65.839
13 23 96.647
14 16 91.846
14 23 18.165
15 16 38.956
15 18 19.21
15 21 43.911
15 23 52.026
15 24 41.7
16 18 2.786
16 22 67.029
16 24 49.49
17 23 1.935
18 19 18.891
20 24 8.821
21 22 59.675