25
0 10 83.929
0 13 74.303
0 18 93.808
0 23 24.925
1 2 77.506
1 5 1.147
1 6 27.396
1 9 76.627
1 15 99.763
1 16 71.185
1 19 19.512
1 21 62.251
1 24 19.331
2 4 11.080
2 10 95.156
2 17 97.195
2 19 86.146
2 22 55.811
2 23 63.907
3 5 99.293
3 6 91.259
3 10 30.951
3 13 75.824
3 15 77.131
3 17 3.297
4 6 95.310
4 9 30.142
4 12 10.581
4 13 69.942
4 15 68.785
4 16 81.635
4 20 97.316
4 22 60.898
5 6 54.855
5 7 58.516
5 11 85.322
5 12 7.372
5 18 78.548
6 8 57.539
6 11 51.309
6 12 9.315
6 13 23.708
6 14 50.056
6 19 78.099
6 21 91.732
6 22 29.938
6 24 66.168
7 8 35.368
7 9 67.804
7 11 87.820
7 13 20.545
7 16 32.418
8 9 56.937
8 11 58.733
8 13 15.279
8 18 33.409
8 22 67.396
9 10 48.549
9 13 57.707
9 14 25.272
9 15 68.126
9 20 36.989
9 24 13.149
10 11 34.000
10 12 79.784
10 13 1.202
10 16 73.301
10 18 62.134
10 19 76.803
10 21 69.523
10 24 11.590
11 14 45.730
11 15 32.696
11 16 47.464
11 19 34.428
11 20 59.054
11 24 27.744
12 13 45.787
12 18 75.374
12 19 13.206
12 21 41.603
12 24 52.540
13 23 22.850
14 20 32.099
14 21 62.140
16 18 72.779
16 21 92.147
17 19 2.058
18 21 28.022
19 20 68.901
19 23 82.273
20 21 65.560
21 23 93.236
23 24 78.105
