25
18 5 38.990
5 16 63.333
13 5 85.017
13 23 63.623
5 20 13.931
5 24 77.946
23 1 16.216
23 7 75.032
10 11 86.979
10 18 4.449
11 1 85.113
1 10 84.162
23 10 23.483
23 15 12.380
10 15 7.639
15 24 15.836
4 0 91.703
4 18 62.280
0 19 5.873
0 7 82.347
18 20 24.692
18 9 98.266
0 9 79.616
0 15 55.682
9 20 7.176
9 17 88.980
15 14 4.584
15 7 83.835
20 23 60.320
23 3 75.223
3 2 52.622
3 18 80.528
2 18 5.571
19 9 87.786
9 15 80.769
9 4 99.743
15 4 20.309
15 18 0.462
4 18 5.785
18 0 19.692
0 23 96.129
23 24 77.281
23 4 88.329
24 4 19.388
24 12 22.945
4 12 2.011
12 13 1.353
13 1 67.788
19 7 93.779
19 23 14.780
5 6 97.184
5 19 25.317
6 14 6.579
6 3 91.106
19 9 83.288
9 12 92.841
12 21 98.763
12 13 85.663
21 13 12.719
21 6 24.484
13 6 10.771
6 1 24.624
11 17 77.779
17 0 79.957
17 6 97.404
0 6 15.286
0 24 10.163
6 24 1.013
2 22 75.861
22 12 64.139
22 18 88.223
12 18 6.642
18 6 99.197
19 17 82.654
17 1 3.535
17 16 19.856
17 4 2.489
1 16 22.188
1 4 2.593
16 4 17.434
23 22 68.013
19 6 79.865
19 20 14.892
1 19 57.826
12 5 46.154
15 20 81.986
15 12 24.193
16 12 93.009
12 14 75.851
14 22 8.562
22 6 11.710
5 10 77.850
10 24 74.622
10 8 76.483
24 8 1.549
