25
1 0 9.559
2 1 71.997
3 2 48.504
4 1 59.195
4 3 14.297
5 4 20.008
6 0 53.239
6 5 20.1
7 3 66.016
7 5 70.825
7 6 70.168
8 2 5.617
8 5 42.042
8 7 94.493
9 8 48.822
10 5 58.259
10 7 96.955
10 9 29.606
11 0 73.133
11 2 15.345
11 10 39.307
12 11 73.711
13 12 53.786
14 6 66.829
14 10 55.381
14 13 27.068
15 8 8.39
15 14 23.203
16 0 89.518
16 5 9.781
16 14 1.695
16 15 94.21
17 1 17.857
17 2 80.872
17 6 11.886
17 8 8.824
17 16 78.885
18 4 4.3
18 17 79.518
19 0 65.203
19 3 29.23
19 13 5.614
19 14 64.279
19 18 84.225
20 4 7.601
20 16 36.65
20 19 88.2
21 0 87.197
21 1 8.793
21 3 45.214
21 5 74.142
21 8 5.379
21 19 75.004
21 20 61.154
22 0 62.403
22 10 89.073
22 21 98.026
23 10 60.638
23 12 44.896
23 15 96.439
23 17 25.451
23 22 35.459
24 16 7.299
24 23 82.058
