21
0 1 54.346
0 2 82.635
0 3 42.664
0 5 65.81
0 8 28.622
0 11 75.828
0 12 12.151
0 13 75.546
0 14 7.655
0 15 77.426
0 18 60.149
0 20 47.069
1 3 68.781
1 7 73.352
1 12 42.764
1 13 24.588
1 14 45.333
1 16 2.623
1 18 11.43
1 19 0.484
2 3 96.062
2 4 58.667
2 5 58.643
2 6 1.076
2 8 51.335
2 9 74.84
2 11 44.196
2 12 65.229
2 13 63.56
2 15 49.908
2 16 52.76
3 7 90.326
3 8 8.367
3 10 21.119
3 13 73.03
3 14 26.963
3 15 80.033
3 17 51.017
3 20 46.401
4 5 39.082
4 6 48.501
4 7 75.04
4 8 7.433
4 9 73.515
4 10 4.664
4 11 87.016
4 12 90.155
4 19 6.609
5 6 6.049
5 7 71.043
5 8 30.06
5 9 6.368
5 12 84.272
5 15 30.354
5 17 23.622
6 7 95.845
6 9 58.701
6 12 39.705
6 16 18.971
6 17 9.296
6 18 11.822
6 20 82.647
7 8 15.479
7 9 43.472
7 10 23.688
7 11 61.508
7 12 39.045
7 14 38.391
7 15 29.566
7 18 15.825
8 9 0.32
8 11 27.904
8 12 35.269
8 13 59.815
8 16 71.214
8 17 65.419
8 20 43.483
9 11 25.657
9 12 70.234
9 13 6.189
9 15 19.004
9 17 6.507
9 18 47.219
10 11 12.53
10 13 34.328
10 15 12.757
10 17 68.024
10 19 2.729
10 20 41.953
11 12 79.979
11 13 51.838
11 14 49.104
11 16 79.614
11 19 28.776
12 13 42.4
12 14 67.135
12 16 76.105
12 17 17.414
12 19 92.648
12 20 40.549
13 15 28.765
13 16 63.228
13 18 81.404
14 15 70.629
14 16 93.003
14 17 35.545
15 16 5.59
15 18 10.531
15 19 27.823
16 19 84.869
16 20 10.67
17 18 3.357
17 19 3.058
17 20 85.315
19 20 51.975
