25
0 3 46.664
0 8 0.209
0 12 3.876
0 20 9.646
1 9 36.513
1 10 13.26
1 12 19.149
1 15 80.322
2 4 68.94
2 9 25.734
2 15 30.384
2 19 97.834
3 6 68.644
3 9 39.519
3 22 10.546
4 12 49.011
4 17 70.949
4 18 72.076
5 8 78.071
5 18 95.401
5 19 95.797
5 24 47.412
6 7 93.913
6 11 49.383
6 22 2.887
7 10 42.201
7 14 11.799
7 19 26.212
8 10 77.287
8 14 67.282
9 22 56.687
10 16 9.82
11 15 37.029
11 19 27.37
11 21 76.253
12 22 56.918
13 15 99.773
13 16 96.6
13 20 38.592
13 23 23.224
14 17 85.44
14 21 45.985
16 17 91.108
16 23 34.615
17 18 77.529
18 20 37.971
20 24 98.381
21 23 17.471
21 24 72.459
23 24 30.564