25
0 6 49.01
0 8 45.33
0 9 25.55
0 11 58.64
0 12 20.88
0 13 49.72
0 14 5.3
0 15 22.96
0 17 56.35
0 18 3.62
0 19 54.33
0 20 27.95
0 21 71.85
0 23 87.38
1 2 28.73
1 3 22.43
1 4 47.86
1 6 59.89
1 10 18.63
1 11 99.32
1 12 20.63
1 13 54.83
1 15 75.78
1 16 31.19
1 18 9.32
1 19 71.09
1 23 31.27
1 24 87.85
2 3 72.3
2 4 87.01
2 7 30.52
2 9 36.23
2 10 58.4
2 13 13.75
2 14 59.34
2 17 60.92
2 19 70.98
2 22 66.18
2 24 50.99
3 4 42.87
3 5 54.76
3 6 20.75
3 7 2.5
3 8 48.21
3 11 77.31
3 14 97.51
3 15 15.72
3 16 86.88
3 17 70.17
3 18 10.05
3 19 49.48
3 21 46.82
3 22 0.52
4 5 32.52
4 6 76.18
4 7 48.4
4 8 68.71
4 9 67.51
4 11 10.35
4 13 26.95
4 14 90.52
4 24 17.07
5 6 19.52
5 7 56.25
5 8 53.01
5 9 17.45
5 15 49.77
5 20 73.22
5 21 5.36
6 9 49.0
6 11 55.72
6 13 93.72
6 15 21.01
6 16 22.95
6 17 76.4
6 19 47.04
6 20 41.29
6 21 40.75
6 22 44.27
6 24 87.7
7 10 75.4
7 11 86.43
7 14 24.48
7 15 79.99
7 16 86.41
7 19 32.7
7 21 77.31
7 23 2.9
8 10 2.66
8 11 52.19
8 16 38.75
8 19 1.55
8 22 90.26
8 24 82.45
9 10 93.68
9 11 99.84
9 12 28.41
9 13 6.65
9 15 37.91
9 16 30.86
9 17 56.89
9 18 50.13
9 19 16.61
9 22 78.04
9 23 5.66
10 15 32.83
10 16 50.69
10 17 24.22
10 19 26.34
10 20 18.06
11 12 16.72
11 15 81.55
11 16 84.87
11 18 92.82
11 21 72.44
11 24 92.58
12 14 98.14
12 16 41.44
12 19 66.26
12 24 63.55
13 14 59.36
13 16 62.77
13 20 24.68
13 22 2.88
13 23 6.79
13 24 93.03
14 15 65.29
14 17 36.86
14 19 85.61
14 20 49.21
14 24 37.72
15 16 69.1
15 19 81.17
15 20 67.62
15 23 78.08
16 20 41.61
16 24 94.13
17 18 35.3
17 19 62.15
17 21 73.08
17 22 37.43
17 23 79.85
17 24 86.07
18 19 16.32
18 21 46.42
18 22 75.2
19 20 61.11
19 21 67.04
19 22 21.25
19 23 79.92
20 21 48.89
20 23 55.58
20 24 92.15
22 24 82.88
23 24 42.08
