25
0 4 55.522
0 18 51.953
0 21 34.642
1 6 80.125
1 7 86.482
1 14 29.093
1 17 19.076
1 23 83.591
2 7 47.062
2 20 27.461
2 21 15.997
3 10 37.518
3 21 83.512
3 23 3.578
4 10 3.525
4 11 74.187
4 17 69.955
4 19 33.05
4 20 69.331
5 6 72.353
5 15 32.385
5 20 44.07
6 17 75.153
6 20 84.286
6 22 81.55
6 24 41.909
7 15 57.598
7 18 66.596
7 21 76.593
7 22 10.82
8 14 79.957
8 19 7.424
9 15 4.771
9 22 80.877
9 23 80.034
10 20 18.409
11 15 68.342
11 22 61.015
12 13 8.235
12 18 26.059
12 24 29.409
13 14 33.562
13 16 24.629
13 21 53.882
13 23 19.639
14 18 73.322
16 22 47.544
16 24 85.744
17 19 22.827
17 21 96.87
17 22 35.713
17 24 8.813
18 20 20.957
19 22 58.663
23 24 39.097
