25
0 15 79.883
0 6 74.954
0 7 49.218
0 2 70.474
0 11 65.17
0 4 20.566
0 5 50.87
0 9 87.367
0 10 7.766
0 12 41.056
1 5 0.704
1 21 58.81
1 2 88.852
1 12 42.921
1 14 98.469
1 3 42.627
1 6 85.495
1 17 52.243
1 18 5.491
1 19 94.274
1 24 79.696
2 13 48.22
2 24 32.979
2 14 65.432
2 9 94.574
2 5 8.349
2 6 85.43
2 10 46.323
2 17 74.436
2 18 39.161
2 19 18.953
2 20 18.695
3 15 62.865
3 20 85.252
3 13 43.42
3 5 73.865
3 19 5.678
3 7 62.363
3 11 81.537
3 16 44.576
4 9 19.646
4 14 54.626
4 11 49.978
4 10 89.187
4 16 45.534
4 7 54.881
4 15 48.033
5 23 8.897
5 11 91.518
5 8 92.742
5 9 10.58
5 16 50.738
6 23 23.452
6 13 27.19
6 24 56.495
7 22 75.891
7 20 51.988
7 9 30.231
7 8 10.499
7 11 10.738
8 22 52.799
8 17 33.997
8 23 62.574
8 24 67.74
8 9 68.015
9 14 61.772
9 17 92.488
9 24 15.88
10 21 19.372
10 13 1.257
10 18 27.565
10 16 18.581
10 17 80.634
10 19 49.788
11 22 29.059
11 14 32.473
11 16 21.703
11 18 77.637
11 23 44.484
12 15 81.801
12 21 6.375
12 18 67.858
12 20 27.392
12 17 35.065
13 20 72.167
13 14 98.299
15 22 30.779
15 20 83.292
16 22 11.283
17 23 37.436
18 19 12.704
18 21 5.508
19 22 16.398
19 21 79.818
21 23 95.835
22 24 79.848
