25
17 20 98.501
17 11 28.850
20 22 20.997
20 9 97.091
11 3 0.583
11 16 95.184
2 5 93.306
2 3 21.529
9 10 94.670
9 12 58.253
10 14 13.085
10 4 85.503
12 1 23.285
12 24 96.843
12 5 89.194
12 10 1.821
18 1 84.838
18 12 22.322
21 2 97.354
21 7 4.597
15 8 83.982
8 18 55.283
8 19 81.787
18 19 12.336
1 9 15.221
15 24 96.638
24 22 75.799
24 10 91.169
22 10 20.265
22 5 1.357
10 5 1.523
11 19 73.958
13 24 95.238
13 19 56.736
24 4 79.319
19 1 12.467
19 15 78.219
24 8 5.558
24 18 23.529
8 13 12.360
18 13 3.629
12 8 75.277
8 23 81.182
8 7 78.555
23 7 6.470
23 0 14.411
7 0 24.525
0 22 4.758
17 0 82.927
0 19 45.343
0 9 91.133
19 9 0.972
8 11 81.913
13 11 0.380
9 15 49.520
12 4 82.994
12 22 50.534
4 17 24.818
4 13 98.157
22 16 82.382
24 1 9.333
12 16 70.287
11 5 70.025
19 4 7.697
4 8 88.938
8 21 0.039
7 15 16.849
15 21 3.074
16 6 78.259
6 14 8.162
6 13 87.595
12 15 10.453
