22
20 13 46.293
13 3 67.739
13 8 94.633
3 21 88.162
8 4 84.675
20 5 79.414
20 16 96.023
5 10 92.987
5 9 4.373
9 18 97.273
5 17 91.168
21 15 66.293
9 2 61.813
4 14 53.725
18 19 81.662
15 11 79.509
18 7 15.269
10 12 71.591
21 1 14.193
21 6 70.382
9 0 14.236
15 13 6.842
2 11 8.155
4 13 24.642
1 16 82.861
12 15 96.641
2 13 62.273
14 19 60.306
21 11 57.658
10 14 80.654
1 3 59.846
5 16 4.775
20 18 63.129
16 15 74.676
4 10 62.438
12 4 56.515
9 19 34.693
3 11 76.239
12 1 44.322
20 0 34.210
18 6 77.118
0 11 92.342
0 17 18.063
6 9 95.171
7 2 65.642
0 2 70.280
20 15 3.745
16 0 94.211
17 21 30.168
14 0 20.690
12 21 13.287
12 8 52.778
2 15 44.117
14 17 5.446
19 7 53.615
11 17 18.897
18 14 59.251
17 2 41.159
12 7 91.364
2 3 10.549
3 16 68.397
4 20 81.725
7 10 85.503
9 11 15.501
5 3 35.515
3 15 17.059
21 4 6.544
21 16 9.818
12 2 25.558
6 5 44.302
16 10 85.087
3 17 26.488
9 1 16.084
14 2 49.315
10 9 86.317
16 7 13.894
6 19 92.329
11 16 23.290
2 18 89.712
14 6 6.514
3 14 47.216
2 1 83.970
13 17 29.366
3 9 8.757
2 4 83.307
4 6 60.140
18 4 22.856
19 21 14.682
10 21 83.556
10 13 3.062
12 18 59.026
15 9 85.457
10 3 26.154
4 11 66.606
19 0 19.109
1 13 51.212
19 11 73.475
15 6 62.750
21 18 23.797
19 2 46.370
3 6 76.492
20 11 23.314
9 20 67.393
12 16 26.611
19 13 84.969
9 12 72.309
7 14 33.061
4 3 17.275
0 3 47.834
7 11 22.578
18 5 99.596
18 16 42.124
15 4 84.719
8 3 35.482
12 3 42.599
20 19 79.174
20 1 5.903
10 15 20.970
20 6 60.825
0 10 8.215
1 17 18.874
15 8 24.055
13 14 60.422
4 0 21.014
15 18 20.093
5 15 86.001
14 20 88.619
5 0 39.540
14 5 69.261
18 8 95.886
13 18 66.050
4 7 10.783
20 21 72.884
20 12 2.088
10 20 59.896
11 5 42.949
14 11 46.159
3 7 66.395
14 16 92.508
6 7 58.957
6 16 9.309
5 4 29.797
2 21 2.965
6 10 14.647
21 8 13.387
16 8 2.274
2 6 64.135
1 8 4.078
13 0 62.858
7 1 27.670
19 12 80.800
12 14 26.829
19 16 83.326
8 17 86.565
18 0 48.270
8 5 36.677
11 13 40.724
15 19 81.780
10 18 86.939
12 11 10.636
6 0 53.842
20 2 84.760
4 9 47.187
12 5 86.055
20 7 28.704
16 13 37.107
2 8 10.391
1 4 85.924
7 15 91.300
5 1 53.673
7 13 62.829
11 1 52.891
1 15 9.860
4 17 90.752
8 10 49.913
7 9 65.025
1 14 71.727
6 13 10.618
9 16 85.538
11 10 30.015
10 1 93.472
17 9 81.209
4 16 68.531
5 21 27.708
