25
14 5 46.846
2 11 41.86
1 7 98.306
14 4 52.854
7 6 88.684
17 13 96.077
1 17 0.015
17 10 48.104
3 1 74.715
3 17 91.334
1 15 44.531
19 24 62.262
23 10 92.508
20 5 9.74
17 12 27.185
2 0 88.87
1 11 26.216
21 19 81.29
23 7 68.08
17 19 79.129
14 19 31.973
22 0 51.24
0 19 49.583
8 22 7.638
10 0 16.519
10 6 85.983
20 7 64.23
18 3 62.934
19 5 1.344
3 13 76.418
18 22 37.954
10 24 13.735
12 5 87.73
1 5 38.361
24 23 56.443
4 2 66.97
9 6 19.923
14 2 31.431
18 12 24.744
20 21 93.154
22 21 15.024
18 17 24.338
24 12 26.373
1 19 92.464
12 8 23.178
9 14 23.857
4 10 54.295
1 23 27.271
24 20 10.28
17 22 1.192
0 21 85.389
15 22 77.757
4 20 54.055
9 15 21.731
24 8 43.311
4 17 22.708
6 11 9.605
1 20 25.839
6 20 36.47
4 13 79.916
3 10 6.261
9 12 69.259
19 7 0.116
8 4 3.124
10 22 25.621
0 14 12.65
6 3 60.07
6 16 79.882
16 18 1.225
10 15 26.939
19 9 46.431
5 23 94.707
11 20 5.263
18 14 49.366
0 18 27.082
16 15 41.746
14 13 22.27
9 20 59.5
18 6 91.761
12 10 67.506
8 15 99.101
14 15 15.97
9 5 30.544
0 4 8.816
4 11 46.654
7 4 97.767
15 12 24.787
2 17 11.174
5 22 11.338
18 10 99.406
14 12 68.907
10 9 43.612
19 20 71.224
17 0 2.953
3 4 20.162
15 21 75.969
5 0 89.368
22 6 58.892
14 11 66.223
2 23 38.045
10 8 83.03
11 0 60.945
23 12 62.907
17 20 63.809
11 12 11.044
18 13 16.382
1 14 10.75
3 5 93.674
21 14 84.276
11 9 30.513
16 10 14.071
21 16 56.423
12 19 55.483
5 21 12.564
15 20 77.222
15 17 12.127
11 17 19.734
7 12 98.972
23 0 87.457
24 11 84.306
