25
0 3 31.902
0 7 35.892
0 15 32.811
0 17 21.663
0 19 25.456
0 20 33.629
0 22 24.082
0 23 38.293
0 24 24.062
1 4 26.004
1 8 17.183
1 14 46.279
1 15 4.405
1 16 48.773
1 19 13.775
1 22 14.984
1 24 44.518
2 3 16.746
2 6 15.429
2 7 1.488
2 8 27.565
2 9 18.163
2 13 14.613
2 14 6.329
2 15 22.294
2 16 30.269
2 23 4.406
2 24 32.019
3 5 38.086
3 6 23.437
3 8 18.081
3 13 20.946
3 20 18.877
3 21 17.914
4 6 48.115
4 8 49.91
4 10 32.128
4 20 19.67
4 23 13.242
5 6 25.848
5 10 45.578
5 11 43.699
5 15 0.606
5 18 30.073
5 19 25.452
5 20 20.244
5 22 2.783
5 23 29.451
5 24 20.936
6 7 36.19
6 9 43.728
6 11 31.823
6 13 45.975
6 15 9.355
6 18 15.481
6 19 6.49
6 20 31.081
6 21 40.571
6 22 43.473
7 10 43.831
7 12 35.463
7 13 34.31
7 16 30.486
7 22 46.984
8 9 4.437
8 10 32.786
8 11 4.205
8 12 0.757
8 15 24.101
8 20 43.252
8 22 3.564
8 23 43.957
9 11 8.071
9 13 5.507
9 14 27.434
9 16 26.586
9 18 33.333
9 20 18.467
9 22 37.8
9 23 20.246
10 14 22.31
10 17 6.151
10 18 10.159
10 19 44.869
10 20 17.893
10 21 34.049
10 23 1.008
10 24 45.229
11 17 2.381
11 18 23.897
11 19 47.614
11 22 20.095
11 23 9.473
12 13 40.589
12 14 7.399
12 15 44.447
12 16 1.683
12 17 20.542
12 18 37.718
12 19 15.457
12 20 31.172
12 24 46.725
13 14 5.05
13 16 15.895
13 17 1.776
13 20 32.35
13 23 49.609
14 16 14.285
14 18 16.754
14 19 2.345
14 23 49.312
15 21 18.911
16 18 26.189
16 20 36.879
16 21 39.078
16 23 33.45
17 20 44.497
17 21 25.084
17 22 41.044
17 23 29.767
18 21 48.077
19 24 35.998
20 24 19.529
21 22 42.754
22 23 40.707
22 24 38.754
23 24 15.169
