25
0 2 50.0
0 5 34.0
0 7 94.0
0 8 81.0
0 9 31.0
0 10 30.0
0 14 20.0
0 15 44.0
0 17 6.0
0 18 62.0
0 19 73.0
0 20 15.0
0 21 7.0
0 22 41.0
0 23 16.0
0 24 57.0
1 5 98.0
1 7 38.0
1 9 15.0
1 10 43.0
1 13 70.0
1 14 23.0
1 16 22.0
1 17 92.0
1 18 12.0
1 20 21.0
1 21 46.0
2 4 19.0
2 7 45.0
2 8 79.0
2 10 69.0
2 11 57.0
2 13 73.0
2 14 1.0
2 15 34.0
2 16 88.0
2 19 72.0
2 20 17.0
2 21 70.0
2 23 74.0
3 4 74.0
3 5 48.0
3 6 42.0
3 7 63.0
3 8 81.0
3 9 33.0
3 10 50.0
3 11 94.0
3 14 17.0
3 15 56.0
3 17 36.0
3 18 27.0
3 20 77.0
4 6 87.0
4 9 63.0
4 10 20.0
4 12 60.0
4 19 43.0
4 24 98.0
5 7 91.0
5 9 28.0
5 11 63.0
5 12 95.0
5 15 67.0
5 18 92.0
5 20 97.0
5 21 29.0
5 24 75.0
6 8 56.0
6 11 49.0
6 12 31.0
6 13 60.0
6 14 5.0
6 17 14.0
6 18 38.0
6 22 1.0
7 8 30.0
7 9 92.0
7 13 50.0
7 14 45.0
7 16 76.0
7 18 23.0
7 20 53.0
7 21 17.0
7 22 82.0
8 10 73.0
8 11 60.0
8 13 30.0
8 16 90.0
8 18 62.0
8 20 84.0
8 21 18.0
8 22 84.0
8 23 67.0
8 24 98.0
9 11 49.0
9 14 26.0
9 16 35.0
9 18 34.0
9 19 52.0
9 20 34.0
9 21 57.0
9 22 14.0
9 23 62.0
9 24 30.0
10 12 11.0
10 13 64.0
10 15 62.0
10 19 33.0
10 20 76.0
10 21 4.0
10 22 87.0
10 24 98.0
11 12 45.0
11 13 45.0
11 14 13.0
11 15 56.0
11 16 9.0
11 19 30.0
11 22 97.0
11 23 54.0
12 13 94.0
12 14 41.0
12 15 59.0
12 21 97.0
12 23 84.0
12 24 22.0
13 16 21.0
13 17 34.0
13 18 86.0
13 21 96.0
13 24 77.0
14 15 97.0
14 16 37.0
14 21 86.0
15 16 38.0
15 21 97.0
15 23 70.0
15 24 6.0
16 18 83.0
16 19 76.0
16 21 2.0
16 22 39.0
17 20 41.0
18 19 66.0
18 20 71.0
19 21 61.0
19 22 91.0
20 21 25.0
20 24 29.0
22 23 37.0
