25
0 1 84.74
0 3 49.54
0 4 65.16
0 6 2.84
0 8 76.22
0 9 44.54
0 10 22.88
0 13 2.55
0 14 93.91
0 15 21.67
0 16 2.91
0 17 43.79
0 18 23.31
0 19 21.88
0 20 28.98
0 21 83.75
0 22 64.23
0 23 99.24
1 2 33.27
1 3 71.11
1 5 83.0
1 6 30.34
1 7 88.24
1 9 58.9
1 10 24.28
1 12 17.31
1 13 70.3
1 14 37.47
1 15 50.84
1 17 39.33
1 18 2.97
1 19 70.33
1 21 39.36
1 22 50.22
2 3 86.02
2 4 51.38
2 6 45.91
2 7 54.8
2 9 78.36
2 12 80.91
2 13 56.13
2 14 5.62
2 16 19.99
2 17 48.49
2 18 34.61
2 19 62.35
2 20 45.82
2 21 22.97
2 22 58.44
3 6 84.17
3 7 8.33
3 8 1.47
3 10 10.96
3 11 34.45
3 12 15.97
3 13 16.82
3 14 71.15
3 15 32.2
3 16 2.37
3 17 42.09
3 18 10.88
3 20 20.91
3 21 81.7
3 22 1.8
3 23 71.88
3 24 70.46
4 5 54.47
4 6 97.55
4 8 22.33
4 9 39.49
4 10 32.13
4 11 5.89
4 12 96.78
4 14 85.84
4 15 93.92
4 16 41.62
4 17 0.86
4 19 81.94
4 21 17.16
4 24 50.89
5 6 34.7
5 7 67.41
5 8 19.42
5 9 66.59
5 10 49.98
5 11 87.15
5 13 20.09
5 14 98.7
5 16 21.31
5 17 83.76
5 19 88.23
5 20 48.45
5 22 72.54
5 23 16.98
6 7 75.91
6 8 84.11
6 9 34.03
6 10 86.73
6 11 95.42
6 13 55.12
6 14 3.92
6 15 86.61
6 18 61.52
6 20 57.08
6 21 8.18
6 22 89.07
6 23 92.5
6 24 27.72
7 10 67.04
7 11 11.52
7 13 23.97
7 15 11.56
7 16 24.15
7 17 10.29
7 19 97.02
7 21 25.35
7 22 10.02
7 23 3.97
7 24 98.25
8 9 59.66
8 10 31.33
8 11 91.33
8 14 21.53
8 15 97.99
8 16 68.82
8 17 25.91
8 18 30.74
8 19 8.15
8 20 98.33
8 21 65.2
8 22 94.06
8 23 30.68
8 24 31.68
9 12 33.44
9 13 57.9
9 14 24.51
9 15 24.38
9 16 55.12
9 17 7.52
9 18 29.09
9 20 86.26
9 21 50.14
9 23 94.91
9 24 77.62
10 13 10.7
10 14 91.93
10 15 89.37
10 16 91.04
10 17 31.61
10 22 68.96
10 23 43.27
10 24 71.48
11 12 25.26
11 13 96.33
11 15 54.14
11 17 39.57
11 18 25.8
11 19 64.64
11 20 57.06
11 21 35.5
11 22 12.52
11 23 82.89
11 24 40.11
12 13 23.36
12 14 52.87
12 15 64.88
12 16 68.65
12 17 23.84
12 18 47.88
12 19 41.23
12 20 90.69
12 22 64.64
12 23 7.16
12 24 87.73
13 14 76.6
13 16 69.25
13 18 70.12
13 19 59.46
13 23 17.63
13 24 21.77
14 15 75.77
14 16 68.16
14 17 34.8
14 18 16.49
14 19 4.08
14 22 26.76
15 16 77.57
15 18 70.04
15 19 92.42
15 21 80.27
15 22 16.48
15 23 12.64
16 18 60.07
16 19 11.82
16 20 24.83
16 21 0.41
16 22 43.88
16 23 62.75
16 24 83.53
17 18 28.48
17 19 27.33
17 20 25.09
17 21 79.1
17 24 49.08
18 21 38.33
18 22 10.82
18 24 74.72
19 20 96.49
19 23 50.04
19 24 31.13
20 21 35.68
20 22 0.09
20 23 44.96
20 24 39.94
21 23 49.23
21 24 37.76
22 23 0.4
22 24 59.81
