25
0 4 65.32
0 5 11.123
0 9 29.508
0 10 79.931
0 13 55.743
0 14 67.661
0 17 29.133
0 20 52.338
0 24 59.571
1 3 62.708
1 4 1.389
1 6 5.357
1 8 73.66
1 18 36.98
2 1 32.733
2 3 33.263
2 5 18.303
2 6 58.744
2 11 8.616
2 20 46.497
3 8 65.917
3 9 28.898
3 16 14.549
3 17 45.12
3 19 13.823
3 20 22.292
3 23 21.585
3 24 12.218
4 9 87.895
4 10 71.534
4 12 11.208
4 13 99.163
4 14 86.036
4 21 78.238
4 24 73.225
5 9 16.801
5 19 36.727
5 24 15.35
6 5 55.182
6 11 44.855
6 13 79.942
6 14 13.894
6 21 61.055
6 23 89.89
7 0 76.46
7 4 88.664
7 11 36.593
7 21 46.475
8 0 99.49
8 4 6.184
8 9 21.773
8 11 98.917
8 16 62.072
8 20 16.776
9 6 33.068
9 11 89.104
9 14 74.551
9 15 87.766
9 18 61.326
9 20 32.76
9 22 82.876
10 3 78.555
10 6 14.268
10 7 92.389
10 14 48.521
10 16 84.696
10 20 18.331
10 23 13.055
11 0 44.544
11 1 37.545
11 13 2.813
11 15 68.474
11 17 13.336
11 20 12.573
11 22 78.546
12 0 36.89
12 3 95.525
12 10 20.396
12 11 47.259
12 16 55.117
12 22 10.916
13 1 15.013
13 3 19.443
13 19 57.934
14 17 18.528
14 18 64.544
14 23 97.973
14 24 85.276
15 1 70.035
15 5 53.391
15 6 9.643
15 12 86.866
15 13 88.464
15 18 62.137
15 19 46.734
15 23 30.163
16 6 99.074
16 13 82.055
16 14 1.687
17 1 80.688
17 2 6.231
17 5 90.978
17 12 82.159
17 18 95.025
18 3 12.233
18 5 28.394
18 7 54.49
19 7 71.857
19 9 20.832
19 11 17.855
19 14 66.777
19 18 34.281
20 13 2.887
20 21 79.36
20 22 22.92
21 1 65.133
21 13 46.765
21 17 11.266
21 19 84.823
22 5 35.792
22 10 66.394
22 14 81.818
23 19 14.774
24 1 48.857
24 11 5.195
24 12 55.841
24 18 94.804
