25
0 3 43.433
0 4 52.083
0 10 51.303
0 13 36.418
0 17 91.989
0 18 29.658
0 21 14.108
1 22 22.896
2 7 53.271
2 19 88.401
2 23 2.961
3 4 94.709
3 6 81.22
3 8 25.494
3 11 79.521
3 12 69.366
3 18 23.242
4 18 21.292
5 9 26.805
5 11 11.523
6 7 59.883
6 12 78.197
6 15 1.981
6 19 43.797
6 23 60.999
7 23 39.241
8 9 79.593
8 12 82.218
8 13 1.369
8 16 28.416
8 17 13.783
8 24 38.528
9 19 97.427
9 24 74.563
10 13 86.146
10 15 68.22
10 16 83.329
10 24 23.987
11 15 19.278
11 18 67.138
11 22 77.785
12 15 62.181
12 16 27.266
12 24 45.123
14 16 70.791
17 23 12.354
18 24 37.932
19 21 31.115
20 22 55.23
21 22 36.142
22 24 63.042