23
14 14 53.989
15 9 32.317
21 12 80.482
15 19 79.221
12 7 28.041
21 14 6.398
18 8 25.986
3 1 58.302
22 11 99.352
21 21 91.023
22 4 92.048
0 9 35.483
21 6 39.67
0 19 93.048
1 15 40.903
3 12 84.087
13 12 94.873
6 22 9.048
20 21 23.64
0 0 35.082
0 10 12.996
13 11 98.103
2 15 50.194
5 18 54.269
8 16 20.663
19 12 32.976
19 2 34.951
19 9 35.692
4 19 88.501
5 7 6.328
3 21 1.497
6 9 29.72
13 16 68.072
0 11 70.845
17 21 1.484
6 19 39.185
6 12 6.864
17 19 66.493
21 4 75.79
3 22 52.615
8 10 6.167
16 13 36.634
15 3 64.586
10 18 90.296
7 11 19.783
0 22 60.874
1 6 21.626
1 2 70.114
6 6 59.646
12 22 93.283
13 3 14.852
3 5 49.484
8 12 12.711
11 18 26.052
0 12 43.279
8 13 31.762
10 1 29.379
2 22 21.722
18 19 54.899
13 15 52.573
4 3 76.098
2 11 1.706
18 18 85.127
0 14 72.006
17 14 90.253
18 7 36.027
14 18 33.075
1 0 90.322
7 4 38.459
15 10 69.232
19 13 61.739
20 2 30.001
1 19 77.051
10 19 99.816
14 8 94.364
21 5 78.446
11 20 14.119
0 6 11.979
4 13 64.736
12 12 79.738
14 13 7.499
22 13 85.216
0 13 58.835
13 21 92.528
5 12 54.913
21 1 43.994
0 3 40.966
6 7 10.046
3 17 25.036
16 17 26.618
22 22 16.954
2 8 40.463
14 19 64.757
0 4 60.842
5 15 23.694
21 22 6.702
14 1 65.726
18 21 81.305
4 4 39.126
9 20 67.969
7 19 4.914
3 10 26.414
20 13 44.936
2 6 59.639
17 21 83.159
7 12 62.631
6 17 62.698
16 6 9.651
20 0 97.071
5 16 3.304
20 19 27.871
22 15 85.787
11 15 61.602
2 10 43.427
2 14 10.98
17 11 90.699
7 20 77.218
11 4 46.538
9 9 14.858
14 20 42.364
12 19 47.816
13 13 82.719
2 17 6.201
9 17 11.899
1 20 33.406
17 17 44.808
20 10 86.02
0 2 44.409
13 18 92.194
12 20 51.714
4 17 1.721
17 22 95.326
20 14 10.808
5 10 24.128
18 9 71.002
12 4 98.432
21 16 89.791
6 15 98.728
13 20 40.101
4 8 83.912
16 0 94.635
17 18 6.59
17 5 27.956
9 3 15.939
9 1 55.874
6 21 14.586
15 11 99.214
8 11 69.516
1 22 35.587
4 6 97.205
1 11 88.848
5 22 19.131
9 10 29.236
18 3 73.194
22 18 89.576
3 5 73.131
1 8 71.706
13 17 38.059
8 15 37.2
8 11 43.918
9 12 58.885
19 19 15.209
9 14 39.693
16 11 4.667
8 9 18.061
6 7 45.486
2 1 55.222
18 1 45.713
19 21 26.667
3 3 2.007
8 20 57.345
9 15 26.753
3 4 76.019
22 7 15.621
2 13 7.488
14 22 76.638
16 12 87.94
8 19 32.018
7 17 20.118
3 20 19.864
20 5 13.712
2 12 42.1
14 4 32.137
7 7 22.682
14 15 8.539
5 9 34.907
18 6 77.784
6 8 5.952
12 14 97.213
1 13 29.596
9 22 65.693
8 8 77.156
16 10 0.558
3 6 27.027
14 5 79.841
6 10 15.996
8 17 69.861
7 3 69.442
7 2 72.997
15 18 11.94
0 17 29.672
5 0 30.051
5 19 63.978
20 20 73.85
14 7 56.169
10 11 55.79
22 19 15.55
19 16 95.382
4 5 87.567
2 21 87.136
1 7 3.605
15 21 67.645
14 11 22.491
4 10 99.655
7 15 0.766