25
0 11 69.00
0 23 3.00
0 14 74.00
0 13 85.00
0 5 88.00
1 8 5.00
1 11 37.00
1 24 35.00
1 16 18.00
2 17 89.00
2 15 96.00
2 21 48.00
2 13 74.00
2 14 56.00
2 3 47.00
3 24 26.00
3 22 95.00
4 24 99.00
4 13 14.00
4 23 32.00
4 11 58.00
5 13 79.00
5 6 42.00
5 10 32.00
5 23 64.00
5 21 57.00
5 8 47.00
5 9 29.00
5 7 62.00
6 17 81.00
6 11 75.00
6 20 69.00
6 15 70.00
7 18 12.00
7 12 44.00
8 10 61.00
9 10 9.00
9 13 52.00
9 19 99.99
9 11 99.00
10 12 34.00
10 22 15.00
10 24 32.00
10 17 72.00
10 16 51.00
10 18 19.00
11 16 47.00
13 24 54.00
13 16 99.00
14 16 18.00
15 17 52.00
15 18 85.00
15 21 33.00
15 16 91.00
16 19 13.00
17 23 13.00
18 19 86.00
19 20 24.00
20 24 90.00
21 22 81.00
