25
0 2 2
0 3 11
0 4 97
0 14 72
0 17 50
0 19 54
0 21 56
1 2 47
1 3 84
1 6 27
1 8 29
1 10 71
1 12 8
1 15 84
1 18 39
2 4 14
2 8 72
2 12 29
2 13 65
2 22 41
3 4 1
3 6 52
3 10 59
3 14 10
3 23 89
4 5 62
4 11 90
4 17 60
4 18 69
4 20 26
4 23 86
4 24 38
5 8 70
5 9 28
5 13 50
5 15 38
5 16 29
5 17 75
5 18 16
5 20 60
5 21 86
6 9 40
6 11 55
6 13 60
6 14 93
6 16 53
6 20 47
6 24 34
7 9 67
7 11 34
7 12 31
7 14 49
7 16 74
7 18 5
7 21 33
7 23 42
8 13 32
8 17 55
8 19 59
8 20 29
8 23 48
8 24 83
9 15 37
10 11 63
10 14 57
10 19 36
10 20 17
10 23 95
10 24 60
11 16 18
11 17 16
11 18 57
11 22 39
12 14 83
12 18 11
12 19 6
12 20 57
13 14 76
13 18 38
13 19 48
13 22 39
13 23 43
14 18 53
14 19 75
14 22 20
14 24 27
15 16 10
15 19 85
15 20 52
16 21 53
17 19 18
17 20 35
17 23 84
18 22 5
18 23 17
19 22 73
19 23 37
20 23 27
21 24 6
23 24 51
