25
0 6 77.047
0 7 2.209
0 8 0.908
0 11 89.449
0 12 76.379
0 13 32.133
0 14 92.567
0 15 58.743
0 20 10.253
0 22 79.351
0 23 17.124
0 24 5.555
1 9 57.006
1 21 89.385
2 5 70.479
2 7 85.346
2 10 19.29
2 19 53.927
3 8 72.205
3 9 76.728
3 12 64.232
3 13 85.875
3 15 47.993
3 19 35.967
4 5 1.402
4 7 81.447
4 10 99.944
4 12 82.919
4 13 70.011
4 16 7.633
4 17 80.19
4 18 6.333
4 24 27.273
5 7 26.756
5 10 25.128
5 13 37.13
5 14 99.961
5 17 47.123
5 19 91.226
5 20 16.95
5 21 94.075
5 23 65.215
6 7 99.495
6 16 95.975
6 21 93.001
6 24 45.897
7 8 80.288
7 12 94.264
7 14 33.318
7 19 71.117
7 20 68.547
7 23 52.548
7 24 4.033
8 11 66.727
8 17 40.764
8 18 97.362
8 19 11.426
8 21 40.872
8 23 30.838
9 17 67.96
9 22 97.422
9 23 9.173
10 11 91.985
10 16 46.935
10 19 29.958
10 21 86.404
10 24 78.96
11 15 28.215
11 18 43.523
11 19 82.775
12 17 34.869
12 18 6.224
12 19 72.701
12 20 30.867
12 21 99.163
13 16 30.468
13 20 95.051
14 15 14.994
14 16 13.198
14 21 48.654
14 23 25.295
15 16 18.716
15 19 61.617
15 21 81.919
15 23 39.254
16 21 11.975
16 24 85.92
17 18 60.623
17 19 0.92
17 24 89.625
18 24 58.74
21 22 64.002
22 24 82.962
