25
1 0 8.385
2 1 78.383
3 2 87.863
4 3 41.724
5 0 2.274
5 4 85.396
6 5 49.384
7 2 92.139
7 3 41.67
7 4 10.333
7 6 56.352
8 0 52.98
8 5 79.753
8 7 80.497
9 2 72.744
9 4 6.945
9 8 21.955
10 2 32.97
10 9 90.927
11 10 42.073
12 0 2.95
12 9 21.222
12 11 75.526
13 1 42.501
13 7 42.401
13 8 39.08
13 12 1.262
14 0 68.577
14 2 21.666
14 9 76.334
14 10 33.521
14 11 18.49
14 13 8.702
15 6 97.923
15 14 72.664
16 0 82.067
16 6 62.675
16 8 21.703
16 9 43.348
16 12 94.093
16 15 23.678
17 12 83.428
17 16 5.973
18 4 55.157
18 17 61.612
19 1 74.874
19 4 71.197
19 6 21.64
19 18 7.864
20 0 70.547
20 4 19.68
20 19 55.866
21 4 7.411
21 10 32.584
21 20 45.712
22 4 92.649
22 17 36.304
22 19 54.235
22 20 32.872
22 21 27.036
23 7 79.729
23 9 93.208
23 10 26.386
23 13 58.662
23 22 11.71
24 3 69.326
24 6 75.25
24 12 46.568
24 15 29.971
24 23 95.64
