24
1 0 7.45
2 0 65.56
2 1 45.38
3 0 66.95
3 1 52.5
3 2 20.3
4 0 73.32
4 1 13.49
4 2 53.67
4 3 18.67
5 0 42.76
5 1 34.61
5 2 61.65
5 3 4.94
5 4 62.25
6 0 55.39
6 1 15.74
6 2 42.07
6 3 47.04
6 4 80.33
6 5 22.82
7 0 47.67
7 1 2.61
7 2 41.77
7 3 60.49
7 4 89.5
7 5 41.05
7 6 67.84
8 0 64.76
8 1 29.31
8 2 50.22
8 3 40.43
8 4 41.56
8 5 73.46
8 6 44.26
8 7 3.53
9 0 58.01
9 1 69.92
9 2 82.16
9 3 30.43
9 4 27.14
9 5 10.51
9 6 17.93
9 7 5.72
9 8 22.47
10 0 99.57
10 1 43.66
10 2 11.74
10 3 24.26
10 4 43.59
10 5 99.93
10 6 89.17
10 7 19.26
10 8 1.32
10 9 6.88
11 0 87.7
11 1 94.16
11 2 14.64
11 3 27.44
11 4 92.09
11 5 75.29
11 6 10.86
11 7 19.29
11 8 39.64
11 9 88.18
11 10 43.91
12 0 1.14
12 1 5.74
12 2 82.77
12 3 81.56
12 4 23.36
12 5 6.63
12 6 19.09
12 7 1.35
12 8 4.61
12 9 46.1
12 10 73.14
12 11 29.49
13 0 53.44
13 1 15.01
13 2 49.61
13 3 95.58
13 4 47.13
13 5 77.46
13 6 21.6
13 7 70.51
13 8 80.65
13 9 77.82
13 10 21.22
13 11 29.63
13 12 92.81
14 0 8.39
14 1 81.45
14 2 36.79
14 3 66.95
14 4 96.97
14 5 80.29
14 6 38.66
14 7 44.34
14 8 11.65
14 9 61.61
14 10 14.42
14 11 44.9
14 12 76.74
14 13 21.32
15 0 0.17
15 1 87.85
15 2 69.16
15 3 94.86
15 4 83.61
15 5 88.49
15 6 0.18
15 7 34.04
15 8 12.43
15 9 73.41
15 10 70.76
15 11 73.03
15 12 98.4
15 13 41.27
15 14 90.68
16 0 20.17
16 1 78.94
16 2 82.29
16 3 3.33
16 4 9.72
16 5 17.13
16 6 26.0
16 7 30.89
16 8 24.08
16 9 15.01
16 10 1.32
16 11 43.12
16 12 85.87
16 13 92.65
16 14 45.52
16 15 10.51
17 0 3.47
17 1 93.88
17 2 6.76
17 3 44.46
17 4 0.64
17 5 71.12
17 6 80.84
17 7 3.0
17 8 16.83
17 9 47.48
17 10 45.92
17 11 31.56
17 12 4.26
17 13 97.89
17 14 74.22
17 15 53.19
17 16 41.96
18 0 87.4
18 1 16.23
18 2 97.12
18 3 7.96
18 4 16.2
18 5 33.35
18 6 43.78
18 7 69.45
18 8 51.81
18 9 97.29
18 10 80.57
18 11 29.99
18 12 39.77
18 13 12.38
18 14 56.49
18 15 52.98
18 16 57.83
18 17 16.33
19 0 79.82
19 1 83.53
19 2 98.67
19 3 61.97
19 4 58.89
19 5 43.38
19 6 57.26
19 7 37.03
19 8 65.1
19 9 80.37
19 10 29.68
19 11 18.69
19 12 19.54
19 13 3.39
19 14 93.71
19 15 31.88
19 16 1.31
19 17 80.68
19 18 8.13
20 0 71.52
20 1 99.52
20 2 69.76
20 3 60.82
20 4 89.35
20 5 25.38
20 6 56.61
20 7 79.9
20 8 82.47
20 9 12.63
20 10 89.67
20 11 67.15
20 12 58.07
20 13 51.44
20 14 43.22
20 15 5.14
20 16 22.07
20 17 57.53
20 18 35.8
20 19 55.01
21 0 38.16
21 1 39.33
21 2 2.12
21 3 20.54
21 4 31.93
21 5 30.14
21 6 29.8
21 7 20.24
21 8 68.21
21 9 2.8
21 10 70.25
21 11 43.59
21 12 72.89
21 13 83.86
21 14 69.26
21 15 98.46
21 16 39.11
21 17 70.93
21 18 12.97
21 19 10.26
21 20 46.5
22 0 24.85
22 1 53.41
22 2 65.32
22 3 37.86
22 4 44.86
22 5 15.47
22 6 70.95
22 7 69.95
22 8 94.4
22 9 99.82
22 10 83.65
22 11 29.81
22 12 23.76
22 13 21.79
22 14 36.79
22 15 30.24
22 16 66.98
22 17 7.53
22 18 79.49
22 19 52.13
22 20 64.1
22 21 59.97
23 0 94.97
23 1 42.65
23 2 59.75
23 3 4.77
23 4 63.38
23 5 44.58
23 6 43.44
23 7 52.09
23 8 36.85
23 9 84.44
23 10 2.86
23 11 7.75
23 12 7.94
23 13 48.28
23 14 26.63
23 15 70.38
23 16 28.53
23 17 22.07
23 18 72.67
23 19 50.11
23 20 5.29
23 21 48.07
23 22 81.09
