25
5 12 20.62
2 18 44.9
9 13 94.99
14 23 10.26
12 15 39.94
4 13 73.95
3 23 50.08
21 22 5.29
10 15 6.89
7 19 44.5
3 10 67.7
14 19 12.53
16 19 72.94
15 18 39.02
6 14 17.58
20 21 55.38
10 23 63.34
17 23 42.84
8 15 57.14
3 11 47.63
2 10 53.76
11 20 7.46
1 9 61.18
13 18 46.22
12 22 56.66
11 23 35.3
3 20 86.82
6 18 0.35
2 16 95.28
14 16 75.76
15 17 34.16
3 24 76.8
15 16 18.16
1 24 32.96
3 6 98.8
9 21 86.49
9 14 63.19
16 23 14.32
1 4 51.69
20 24 80.94
3 9 38.95
19 20 84.6
5 14 34.13
17 19 63.98
16 20 78.69
12 23 77.64
13 16 63.0
0 12 44.76
5 22 3.48
3 8 78.12
8 21 24.67
10 21 41.51
14 22 32.77
10 17 36.4
13 15 64.3
18 24 53.26
4 5 12.17
2 22 3.1
21 23 92.14
5 8 1.23
2 5 57.34
4 11 20.93
0 21 6.28
3 5 51.07
12 18 21.55
13 22 51.48
16 21 75.24
17 24 14.79
4 22 29.85
19 21 34.7
0 6 40.62
5 16 17.23
1 13 90.79
12 17 23.56
5 7 19.97
7 22 55.95
2 8 97.01
15 23 60.18
4 7 66.15
6 8 43.69
0 17 13.2
10 22 48.83
20 23 65.13
9 12 40.98
3 4 40.82
7 24 66.53
1 20 26.56
3 17 98.42
5 21 19.07
0 3 95.35
18 21 14.13
10 18 24.07
0 4 9.55
6 12 62.21
11 12 98.95
17 20 50.58
12 21 95.22
2 13 39.71
0 19 21.51
18 19 86.59