24
0 2 79.783
0 4 18.285
0 6 56.244
0 9 68.24
0 11 27.311
0 18 71.33
0 19 37.09
0 20 77.533
0 22 32.396
1 0 11.356
1 6 92.581
1 7 36.936
1 13 29.986
1 14 41.782
1 15 63.89
1 18 64.596
1 19 7.138
1 21 81.542
1 23 95.075
2 7 17.762
2 9 83.39
2 11 47.816
2 13 52.87
2 19 80.999
2 21 31.51
2 23 66.141
3 4 66.969
3 6 96.396
3 7 16.644
3 8 32.17
3 12 91.536
3 13 47.766
3 14 77.855
3 15 69.587
3 16 20.585
3 20 55.039
3 21 59.792
3 23 22.982
4 2 59.132
4 5 5.363
4 6 39.903
4 7 20.101
4 12 7.932
4 13 22.761
4 14 91.722
4 18 71.573
4 20 3.836
4 22 77.506
4 23 38.774
5 0 29.883
5 1 24.929
5 3 61.987
5 7 99.428
5 10 0.909
5 12 69.554
5 15 70.775
5 18 28.619
5 20 79.373
5 21 52.672
5 23 85.054
6 5 37.9
6 8 29.327
6 9 70.65
6 10 96.915
6 12 80.413
6 13 71.104
6 14 57.531
6 15 49.143
6 18 10.294
6 19 25.253
6 20 8.463
6 23 80.67
7 6 58.272
7 9 70.158
7 14 96.921
7 15 21.914
7 17 88.321
7 19 13.902
7 21 91.03
7 22 17.104
7 23 3.067
8 1 99.308
8 4 59.848
8 5 88.103
8 11 7.072
8 12 55.315
8 13 84.933
8 14 88.421
8 17 34.594
8 18 38.934
8 21 60.027
9 12 60.245
9 16 64.332
9 19 32.88
9 22 68.633
10 0 9.39
10 1 52.005
10 2 0.538
10 4 84.69
10 7 79.097
10 8 68.686
10 12 34.153
10 13 93.787
10 14 76.866
10 16 62.478
10 17 34.885
10 19 87.268
10 21 16.722
10 23 88.201
11 1 61.607
11 4 16.336
11 10 28.236
11 12 59.152
11 13 65.046
11 14 47.01
11 15 32.088
11 16 5.105
11 17 35.333
11 20 95.806
11 22 85.851
11 23 73.588
12 1 48.249
12 13 17.948
12 14 19.978
12 15 9.151
12 16 47.299
12 17 38.576
12 18 93.631
12 19 53.471
12 20 10.558
12 21 47.327
12 23 25.828
13 0 21.886
13 5 78.28
13 14 76.823
13 16 14.46
13 17 31.786
13 19 29.632
13 20 90.165
13 23 13.302
14 5 60.676
14 16 35.745
14 20 54.737
14 21 64.892
15 2 36.051
15 10 82.333
15 13 0.668
15 16 86.83
15 19 52.212
15 20 89.141
15 22 46.006
16 1 26.951
16 4 86.055
16 5 69.551
16 7 97.809
16 8 0.132
16 18 16.642
16 19 19.751
16 20 32.045
16 23 98.041
17 2 95.069
17 3 28.874
17 9 54.699
17 14 55.79
17 15 83.611
17 16 98.994
17 18 14.21
17 19 4.186
17 22 28.295
18 2 11.509
18 7 78.224
18 9 75.166
18 10 85.851
18 14 54.824
18 15 16.314
18 22 87.675
19 4 86.299
19 5 56.471
19 8 71.322
19 18 3.51
19 21 91.415
20 1 98.693
20 2 18.045
20 8 51.061
20 17 82.769
20 18 80.2
20 21 28.96
21 0 80.812
21 6 27.995
21 15 89.58
21 17 40.813
21 18 71.577
21 22 65.015
22 8 57.528
22 12 59.703
22 13 81.74
22 14 5.434
22 20 31.224
22 23 90.633
23 8 19.223
23 14 64.652
23 15 15.814
23 17 40.185
23 18 69.863
23 19 83.173
