24
0 1 20.861
0 1 98.296
0 10 25.915
0 10 6.435
0 12 55.385
0 13 52.459
0 13 55.088
0 13 74.071
0 14 53.715
0 14 59.832
0 15 13.635
0 15 13.669
0 16 27.813
0 16 31.331
0 17 54.867
0 17 92.833
0 18 24.599
0 18 65.003
0 18 97.819
0 20 11.286
0 20 58.913
0 22 93.922
0 23 40.069
0 4 1.668
0 4 8.156
0 4 88.812
0 5 14.848
0 6 61.894
0 7 50.444
1 10 65.885
1 13 69.698
1 13 96.032
1 15 54.24
1 16 52.261
1 16 60.622
1 17 25.608
1 19 7.819
1 20 12.281
1 22 54.051
1 23 75.44
1 3 84.341
1 4 12.645
1 8 36.052
1 8 9.196
1 9 49.746
10 11 16.505
10 12 54.389
10 13 18.46
10 13 86.593
10 14 20.87
10 14 22.069
10 15 55.615
10 15 82.294
10 15 87.041
10 17 17.282
10 19 15.989
10 20 54.608
10 22 52.693
10 22 54.798
10 22 96.824
10 23 19.832
11 13 21.504
11 13 32.792
11 14 58.613
11 14 74.704
11 16 15.645
11 16 46.841
11 18 22.167
11 19 50.418
11 19 7.626
11 20 6.515
11 22 53.091
11 22 80.84
11 23 21.249
12 15 10.742
12 16 81.75
12 18 22.443
12 19 37.796
12 20 0.318
12 21 39.276
12 22 78.915
12 22 83.635
12 23 72.469
13 16 68.469
13 18 81.191
13 19 83.372
13 20 42.2
13 21 57.636
14 17 31.188
14 17 52.306
14 18 86.431
14 19 39.603
14 20 94.272
14 21 21.065
14 21 70.283
14 22 29.806
14 22 99.856
15 16 13.614
15 17 33.777
15 18 65.505
15 20 28.566
15 22 98.556
15 23 97.366
16 17 30.14
16 19 24.814
16 22 58.291
16 23 60.463
16 23 70.058
17 18 9.612
17 20 1.791
17 21 36.106
17 22 64.42
17 22 70.982
17 22 83.675
17 23 4.814
17 23 86.842
18 19 15.795
18 19 76.0
18 19 96.25
18 20 35.976
18 23 57.154
19 20 53.591
19 20 54.56
19 20 67.986
19 21 18.701
19 23 96.247
2 13 20.885
2 13 31.289
2 13 4.004
2 15 74.774
2 15 84.758
2 15 95.597
2 17 14.589
2 17 35.04
2 20 23.672
2 20 9.725
2 23 2.604
2 23 36.615
2 23 46.032
2 3 39.573
2 6 14.714
2 6 33.491
2 6 61.111
2 6 75.564
20 22 24.148
20 22 80.248
20 23 11.526
20 23 13.42
20 23 43.967
20 23 45.588
22 23 20.414
3 11 7.967
3 12 75.469
3 13 6.913
3 13 60.848
3 14 42.039
3 15 24.82
3 16 78.65
3 17 4.481
3 18 8.764
3 19 54.808
3 19 83.036
3 20 4.106
3 20 92.924
3 22 95.936
3 23 50.98
3 5 22.767
3 6 3.457
4 10 38.361
4 10 62.04
4 10 9.181
4 11 76.771
4 12 97.352
4 13 0.347
4 13 20.152
4 13 76.43
4 13 94.515
4 17 23.303
4 17 33.31
4 17 37.825
4 19 44.837
4 19 51.956
4 19 67.585
4 22 41.32
4 22 47.93
4 22 66.885
4 23 17.572
4 7 90.273
4 8 92.976
4 9 37.18
4 9 43.808
5 10 29.565
5 11 34.599
5 11 91.942
5 12 22.243
5 13 27.28
5 13 49.639
5 14 49.681
5 14 57.088
5 16 68.237
5 18 96.706
5 19 37.245
5 19 71.379
5 20 65.57
5 20 68.979
5 23 44.836
5 23 45.403
5 23 76.528
5 23 84.787
5 6 12.013
5 6 95.137
5 7 96.071
6 10 24.413
6 10 51.901
6 11 85.529
6 12 86.163
6 15 40.82
6 15 59.532
6 15 90.73
6 16 49.524
6 17 37.088
6 17 88.411
6 18 30.422
6 19 4.663
6 19 48.529
6 19 50.849
6 19 91.374
6 22 62.882
6 22 86.259
6 23 2.765
6 8 92.136
6 9 26.113
7 13 93.144
7 14 78.482
7 16 34.463
7 16 44.361
7 17 88.249
7 18 28.963
7 18 46.014
7 19 26.76
7 21 58.016
8 15 1.774
8 18 70.498
8 19 65.287
8 23 26.361
8 9 91.645
9 11 41.329
9 11 47.424
9 11 48.932
9 12 13.829
9 13 20.405
9 13 80.531
9 14 1.805
9 14 56.188
9 14 67.573
9 15 97.387
9 17 60.458
9 17 77.652
9 18 6.681
9 19 35.514
9 21 19.0
9 21 85.262
9 22 62.794
9 23 52.734