25
0 14 10.995
0 20 67.468
0 17 25.15
0 1 38.583
0 2 6.502
0 10 96.41
0 11 74.743
0 18 80.035
0 22 99.319
0 8 25.584
0 5 55.243
0 7 49.416
0 9 83.533
0 13 9.796
0 3 95.802
1 12 3.515
1 5 59.812
1 13 39.77
1 20 25.234
1 10 16.935
1 15 89.365
1 9 9.433
1 18 52.608
1 7 50.528
1 22 19.039
1 17 66.941
1 6 1.391
2 18 96.016
2 22 22.811
2 7 38.972
2 21 17.243
2 3 4.775
2 14 94.682
2 9 63.761
2 10 80.843
2 6 50.297
2 5 60.947
2 12 80.353
2 23 81.423
2 16 45.855
3 13 65.507
3 14 39.176
3 12 83.758
3 7 36.672
3 17 21.696
3 11 32.12
3 15 23.353
3 24 9.107
3 9 46.127
3 18 11.444
3 22 2.156
3 8 16.472
3 21 68.864
4 10 55.612
4 13 79.593
4 5 49.868
4 22 62.182
4 19 78.345
4 11 33.441
4 14 34.158
4 12 51.205
5 15 94.302
5 22 98.581
5 12 96.236
5 24 4.92
5 23 15.356
5 8 94.822
5 6 95.964
5 17 26.031
5 20 15.462
6 10 6.163
6 13 12.401
6 20 44.592
6 15 25.381
6 18 99.24
6 11 36.444
6 23 51.949
6 17 5.841
6 19 92.747
7 12 73.804
7 9 82.742
7 15 31.999
7 14 78.348
7 21 74.148
7 16 23.975
7 13 36.673
7 24 6.45
7 17 75.714
8 15 8.102
8 23 41.051
8 18 49.291
8 21 88.926
8 13 52.373
8 9 61.822
8 20 67.637
8 11 97.643
9 14 22.484
9 20 23.39
9 24 15.77
9 10 65.698
9 11 92.484
9 15 13.221
9 19 34.441
9 12 65.086
9 13 87.069
10 17 51.786
10 13 13.389
10 12 73.803
10 24 33.73
10 20 8.088
10 19 53.731
10 22 23.821
10 18 2.383
10 14 5.291
10 16 95.186
11 16 39.907
11 19 0.323
11 14 87.521
11 15 27.725
11 13 1.467
11 17 44.59
11 18 96.768
11 23 5.976
12 19 2.42
12 24 15.397
12 17 79.338
12 15 89.167
12 21 47.079
12 18 43.051
12 16 73.251
12 14 97.66
13 22 30.603
13 17 94.771
13 14 9.081
13 15 65.418
14 17 50.863
14 21 84.143
14 24 63.144
14 22 96.964
14 15 87.156
15 21 10.116
15 19 68.183
15 17 36.161
15 24 78.858
15 18 3.066
16 21 56.154
16 17 70.296
16 19 92.246
16 24 53.29
16 23 23.453
16 22 33.722
17 19 43.41
17 18 36.634
17 23 86.118
17 20 22.073
17 22 92.73
18 20 11.091
18 22 68.596
18 24 29.161
20 21 90.088
21 23 44.83
23 24 17.481