25 
0 1 98
0 2 98
0 3 98
0 5 99
0 20 99
1 4 98
1 2 2
1 23 99
2 4 99
2 3 2
3 4 99
3 6 99
4 9 99
4 24 99
5 6 98
5 7 98
5 8 98
5 10 99
6 9 98
6 7 2
7 9 99
7 8 2
8 9 99
8 11 99
9 14 99
10 11 98
10 12 98
10 13 98
10 15 99
11 14 98
11 12 2
12 14 99
12 13 2
13 14 99
13 16 99
14 19 99
15 16 98
15 17 98
15 18 98
15 20 99
16 19 98
16 17 2
17 19 99
17 18 2
18 19 99
18 21 99
19 24 99
20 21 98
20 22 98
20 23 98
21 24 98
21 22 2
22 24 99
22 23 2
23 24 99
