25
0 10 2.973
0 23 0.438
0 24 8.039
0 18 70.11
0 11 19.681
0 16 98.607
0 14 19.398
0 8 88.37
1 20 98.896
1 3 76.74
1 8 84.238
1 12 34.827
1 22 48.001
1 11 1.89
1 19 1.165
1 21 56.355
1 9 13.122
1 0 83.742
2 6 2.053
2 3 92.676
2 1 99.235
2 18 2.353
2 4 27.258
2 11 1.833
2 23 9.017
2 21 10.928
2 0 0.887
3 16 6.397
3 11 99.832
3 18 64.861
3 4 50.542
3 12 99.078
3 20 31.871
4 8 41.061
4 16 2.052
4 9 76.086
4 14 99.677
4 22 69.343
4 23 65.829
4 21 40.439
4 17 2.299
4 12 2.798
5 4 91.926
5 3 23.212
5 0 49.567
5 9 31.38
5 14 61.836
5 10 98.884
5 13 0.989
5 17 64.591
5 11 11.643
6 13 0.392
6 12 41.039
6 17 47.835
6 7 26.374
6 10 61.335
6 23 93.789
7 4 66.512
7 17 0.663
7 15 92.718
7 0 29.939
7 19 48.644
7 12 10.428
7 22 1.411
7 2 85.317
8 7 91.371
8 23 1.797
8 16 28.304
8 6 13.109
8 22 91.218
8 14 5.35
8 21 26.789
8 24 2.585
8 10 51.255
9 12 22.236
9 6 98.915
9 17 99.783
9 21 14.626
9 22 2.331
9 10 1.196
9 11 61.544
10 14 2.231
10 20 1.168
10 7 2.815
10 23 60.944
10 17 76.283
10 11 29.876
10 1 99.757
10 3 50.791
10 16 76.524
10 4 72.045
11 15 3.8
11 18 20.061
11 4 99.683
11 7 1.068
12 0 37.473
12 2 36.551
12 20 99.363
12 10 19.191
13 12 27.408
13 14 29.459
13 1 36.03
13 24 8.006
13 11 2.132
13 16 26.093
13 18 62.801
13 3 81.639
13 20 99.301
13 4 88.881
13 2 2.235
13 22 79.708
13 0 44.023
13 21 5.012
13 15 97.517
14 7 1.85
14 6 21.198
14 15 99.574
14 3 53.761
14 24 1.07
14 1 76.463
14 2 59.989
14 18 10.123
15 10 11.609
15 21 44.114
15 24 37.593
15 0 30.336
15 2 30.874
15 12 87.089
15 9 2.26
15 19 37.765
15 3 6.547
15 6 45.967
15 20 46.373
15 18 27.604
16 11 75.928
16 19 64.68
16 14 0.112
16 5 93.311
16 1 34.095
17 0 79.885
17 23 2.667
17 3 15.959
17 21 97.596
18 23 8.043
18 7 98.989
18 17 2.551
18 24 12.095
18 1 88.687
18 4 11.841
18 5 1.3
19 8 3.088
19 2 74.672
19 18 45.008
19 20 37.901
19 14 61.813
19 12 42.996
19 9 63.321
19 0 56.556
19 17 34.868
20 22 2.55
20 8 35.401
20 2 43.636
20 5 36.873
20 14 3.194
20 23 56.218
21 24 2.605
21 10 98.069
21 14 47.789
21 7 6.258
21 16 63.142
21 11 8.133
21 19 2.267
22 17 1.319
22 6 42.809
22 23 30.361
22 19 63.412
22 14 30.76
22 24 68.581
22 12 68.663
22 5 2.67
22 15 48.431
22 11 62.86
23 19 31.36
23 9 77.826
23 5 4.477
23 13 61.009
23 1 37.798
23 24 35.872
23 15 99.317
23 7 34.836
23 11 35.745
24 20 73.994
24 2 82.87
24 4 92.291
24 9 83.248
24 6 62.354
24 7 23.39
24 10 1.884
