25
1 0 86.39
2 0 5.86
3 0 95.43
4 0 31.58
5 0 61.85
6 0 52.73
7 0 64.31
8 0 32.06
9 0 37.22
10 0 24.86
11 0 76.66
12 0 46.83
13 0 78.86
14 0 54.37
15 0 62.32
16 0 16.33
17 0 52.37
18 0 24.68
19 0 55.67
20 0 98.09
21 0 83.88
22 0 39.85
23 0 51.37
24 0 58.01
19 2 35.92
23 24 85.24
21 10 97.76
5 10 23.3
2 20 18.93
20 1 82.33
4 11 16.79
13 3 11.78
9 10 54.11
13 4 57.77
24 19 81.14
17 10 80.7
23 9 27.99
17 23 90.39
23 22 4.07
13 9 87.58
18 8 18.21
21 14 43.85
11 19 24.98
18 19 55.23
2 14 98.55
12 13 28.76
19 10 80.23
21 9 34.56
23 15 70.76
24 8 19.19
6 16 57.38
12 10 48.97
19 9 12.66
16 2 54.16
11 2 67.18
5 17 71.34
1 4 89.52
10 20 59.25
20 8 54.27
1 18 31.27
6 10 94.09
17 15 39.19
3 21 55.49
15 16 65.36
11 7 95.26
16 13 67.78
22 11 29.21
3 1 80.78
4 14 29.23
11 23 1.58
13 22 84.1
11 20 81.83
4 5 58.91
13 1 85.69
10 24 65.3
10 18 98.15
16 14 23.4
13 24 41.7
6 2 65.52
23 5 73.09
1 2 81.21
9 17 48.37
21 16 26.29
19 6 97.17
21 4 82.46
8 4 37.82
18 16 59.86
12 9 45.67
16 9 84.73
7 19 57.57
17 19 12.64
6 4 27.54
24 11 9.74
21 20 15.29
13 18 80.66
11 9 74.01
14 19 89.27
19 23 99.77
20 9 24.91
8 10 80.99
22 14 31.7
6 15 37.68
19 20 87.15
21 2 58.39
22 17 62.08
24 22 4.33
7 18 63.8
10 16 38.38
15 12 96.11
24 4 43.69
4 19 94.09
13 15 22.18
13 6 23.41
7 6 80.71
6 8 91.27
12 6 38.38
9 22 40.36
15 18 31.12
8 17 14.45
24 18 42.02
18 9 62.11
14 5 5.02
6 24 83.02
24 9 50.9
13 19 69.49
4 22 48.35
21 13 76.77
3 2 98.92
22 21 73.71
18 17 48.88
1 24 3.36
20 12 81.59
4 20 44.28
13 17 99.81
6 22 93.45
18 4 72.25
10 7 21.52
23 7 76.98
4 16 73.26
12 1 36.98
11 6 79.15
23 4 75.51
3 5 75.32
12 16 93.75
15 10 20.16
20 3 61.25
2 24 6.2
12 14 94.08
20 14 7.43
9 3 83.12
6 14 13.4
3 16 73.84
17 21 25.89
1 5 3.39
14 13 5.93
22 20 83.19
13 2 96.08
21 11 55.12
22 15 73.22
4 7 95.58
15 9 99.7
16 19 86.11
19 3 57.72
17 2 3.42
8 13 52.0
23 14 21.55
19 12 28.67
8 12 25.68
5 9 54.82
24 3 2.77
20 17 67.21
19 5 43.49
19 21 10.59
16 23 73.2
22 12 19.7
6 1 55.36
1 19 81.67
20 16 90.02
23 8 25.59
11 12 73.74
22 16 73.98
14 7 12.18
3 8 7.88
22 8 88.17
10 11 14.26
10 23 68.28
9 7 86.02
16 8 53.01
21 18 46.5
2 15 3.95
5 8 66.46
7 24 73.21
3 14 30.14
4 17 51.71
11 14 31.88
17 24 77.25
5 6 54.95
22 10 99.19
1 11 35.81
1 9 65.59
24 12 63.99
14 17 43.51
9 6 59.33
17 12 85.8
15 20 7.17
17 16 59.35
15 11 36.76
23 12 85.94
