25
0 7 12.962
0 9 68.067
0 14 83.119
0 20 25.684
0 22 98.151
0 23 28.635
1 4 3.134
1 12 23.155
1 21 34.262
2 3 99.085
2 8 80.641
2 18 65.048
2 22 59.392
2 23 85.197
2 24 85.351
3 9 54.632
3 12 72.543
3 14 73.5
3 15 13.119
3 16 64.201
3 20 10.116
3 24 16.054
4 8 57.357
4 10 77.771
4 14 93.956
4 15 43.355
4 20 88.683
4 22 51.505
5 19 32.379
6 12 75.385
6 15 88.836
6 17 3.929
6 22 67.968
7 14 65.859
7 15 20.564
7 19 35.007
7 20 27.765
8 10 39.546
8 14 99.373
8 17 53.096
9 15 18.907
9 16 46.252
9 18 43.363
9 19 13.204
10 13 8.426
10 16 77.702
10 17 29.897
10 22 83.068
10 23 63.302
11 14 9.293
11 16 15.819
12 17 43.806
12 18 81.064
12 21 63.659
12 22 19.419
13 16 98.279
13 19 24.406
13 21 22.613
14 19 2.231
14 20 55.162
14 21 68.229
14 24 50.327
15 17 59.269
15 19 86.199
15 21 49.988
16 20 87.388
16 21 66.553
17 19 59.75
17 22 65.038
18 20 45.954
19 20 47.625
19 22 21.801
21 24 66.121
22 24 62.53
