25
0 4 74.6
1 12 34.04
1 19 85.64
1 18 9.33
1 8 18.61
1 3 51.97
1 9 44.04
1 24 80.46
1 22 44.79
1 17 84.83
1 14 84.11
2 5 18.89
2 8 56.07
2 15 84.96
2 4 31.9
2 12 81.89
2 13 64.1
2 11 68.94
2 3 34.31
3 9 51.63
3 21 61.64
3 12 56.97
3 13 23.22
3 20 79.06
3 14 60.9
3 24 63.31
3 7 77.37
4 12 0.22
4 22 68.11
4 18 5.05
5 8 67.3
5 21 98.13
5 10 28.31
5 7 21.8
5 13 47.11
5 17 58.18
6 22 31.84
6 14 11.51
6 21 61.64
6 15 26.9
6 24 68.49
6 18 96.49
6 20 83.55
7 17 11.53
7 22 41.88
7 23 81.73
7 9 32.18
7 21 4.06
7 24 29.92
7 8 10.32
7 13 0.49
7 10 88.74
7 14 52.06
8 13 75.48
8 11 64.72
9 16 62.02
9 18 34.95
9 12 91.92
9 15 97.38
9 17 23.31
10 18 82.85
10 19 87.6
10 21 90.06
10 20 11.64
10 17 31.74
10 23 86.3
10 22 17.9
10 16 60.16
11 24 65.95
11 21 28.72
11 18 54.52
11 12 67.22
12 20 10.38
12 19 96.08
12 14 13.07
12 22 53.13
13 15 99.85
13 20 26.93
13 24 14.02
13 19 87.86
14 15 42.32
14 21 38.19
14 24 59.39
14 17 56.86
14 22 56.34
15 16 13.06
15 19 83.65
16 23 10.61
16 22 92.15
16 19 61.52
17 19 70.44
17 22 30.4
17 21 73.13
18 21 49.44
18 22 91.37
20 22 88.48
20 23 39.89
21 22 5.09
22 23 28.87
23 24 72.21
