20
0 1 69.88
1 2 22.28
1 3 43.08
1 4 19.43
3 5 29.47
0 6 68.57
3 7 77.54
7 8 62.53
8 9 39.53
9 10 54.55
4 11 17.61
7 12 86.48
1 13 61.06
6 14 40.11
10 15 85.6
12 16 78.73
9 17 92.52
17 18 4.37
16 19 89.05
2 4 34.59
19 15 56.73
6 11 45.77
11 18 73.74
0 18 86.88
19 7 90.56
11 8 63.57
13 10 59.15
11 3 15.28
5 18 81.79
11 2 29.55
10 1 86.02
14 8 55.27
16 15 28.51
6 3 20.0
14 1 72.08
17 13 98.07
6 15 18.58
6 18 28.62
1 12 85.83
8 5 12.08
3 2 35.59
15 4 81.51
3 13 26.57
14 7 80.26
13 7 13.55
17 3 32.72
8 1 36.5
13 11 44.43
16 17 95.18
9 0 72.82
11 1 75.13
2 6 23.99
10 2 74.54
13 6 57.3
10 12 67.26
4 7 38.86
18 4 23.05
5 1 61.69
17 0 36.66
0 7 39.16
9 12 24.57
6 12 45.48
18 19 37.09
2 17 79.62
5 7 26.18
0 12 62.02
19 2 25.4
17 8 92.52
18 1 8.14
16 1 78.19
3 9 92.32
5 15 95.72
2 14 45.1
10 17 62.8
8 3 53.13
10 19 98.56
17 6 64.68
17 14 87.68
11 5 97.26
6 7 94.71
14 16 78.03
16 13 4.3
19 17 34.1
1 19 62.98
2 9 21.84
0 14 1.3
11 17 72.9
2 18 24.45
6 16 82.98
7 15 20.62
8 4 31.78
1 15 67.72
4 19 54.39
17 4 76.91
3 15 47.62
6 4 52.78
13 19 90.69
10 4 13.07
2 12 63.31
19 9 29.76
12 15 50.0
18 9 35.45
1 17 23.53
9 4 64.74
18 15 12.39
5 0 30.91
6 5 83.01
6 1 52.1
10 18 20.45
15 13 93.77
5 9 93.06
0 3 2.21
19 11 69.85
18 3 45.36
4 5 29.58
12 4 98.91
5 12 16.55
8 15 91.71
12 8 8.18
12 17 1.75
13 18 25.57
9 1 95.74
10 0 97.26
3 14 35.09
4 16 66.51
14 10 77.82
15 0 73.53
5 16 37.81
18 7 27.28
10 8 46.09
8 19 29.31
13 14 19.1
9 6 66.22
11 16 48.24
10 5 91.53
17 7 41.34
3 16 95.17
9 11 38.12
7 1 28.03
8 6 11.13
16 18 16.84
11 12 33.87
3 19 92.92
9 15 54.24
7 9 91.0
9 14 70.08
4 13 26.78
13 0 44.86
