25
0 3 25.327
0 5 16.983
0 8 87.792
0 11 29.506
0 12 48.785
0 23 45.263
1 3 36.694
1 5 26.067
1 6 7.985
1 8 52.918
1 10 64.690
1 11 54.011
1 12 97.405
1 15 19.623
1 19 52.241
1 20 63.550
1 21 96.374
1 22 56.860
2 13 93.304
2 14 92.058
2 16 50.032
2 19 38.778
3 2 88.644
3 7 35.222
3 10 11.222
3 11 20.728
3 12 82.328
3 13 3.140
3 16 10.303
3 20 14.340
3 21 4.959
4 1 33.782
4 2 21.460
4 3 8.256
4 5 44.036
4 7 69.594
4 8 31.792
4 10 86.072
4 11 70.418
4 12 52.482
4 13 81.193
4 14 88.259
4 15 1.821
4 16 39.931
4 17 53.051
4 21 96.942
4 22 58.769
4 24 99.067
5 11 29.892
5 21 56.772
5 22 91.241
6 0 38.397
6 2 20.957
6 3 78.840
6 4 57.645
6 7 0.936
6 8 66.497
6 9 19.109
6 10 37.744
6 11 30.637
6 12 98.600
6 13 54.489
6 14 23.636
6 15 72.881
6 18 92.662
6 20 88.654
6 21 93.777
6 22 28.810
7 0 74.677
7 5 79.560
7 8 38.568
7 9 47.890
7 10 66.209
7 11 6.659
7 12 73.569
7 14 31.632
7 15 60.757
7 16 86.722
7 17 88.715
7 20 1.609
7 22 34.475
7 24 9.202
8 9 33.202
8 10 96.847
8 11 97.591
8 12 28.018
8 13 59.409
8 14 70.027
8 15 50.810
8 16 73.213
8 19 66.494
8 22 57.101
8 23 21.770
9 3 27.039
9 14 77.463
9 18 11.171
10 0 22.272
10 9 61.649
11 2 56.627
11 9 54.569
11 10 44.834
11 13 19.515
11 17 72.747
11 19 43.721
11 20 56.303
11 22 46.919
11 23 5.723
11 24 36.290
12 2 54.268
12 15 34.541
12 16 63.078
12 17 34.518
12 19 35.089
12 20 63.615
12 22 78.035
12 23 47.538
13 0 24.380
13 1 21.244
13 5 68.884
13 7 52.647
13 9 10.853
13 10 57.712
13 12 4.976
13 14 63.999
13 15 50.872
13 16 85.258
13 17 7.133
13 18 17.889
13 19 67.571
13 20 21.323
13 21 55.594
13 22 71.259
13 23 71.639
13 24 39.227
14 11 85.691
14 12 15.366
14 15 31.291
14 23 30.940
15 0 56.217
15 2 18.804
15 3 9.510
15 5 83.962
15 9 36.775
15 10 26.515
15 11 14.524
15 16 4.973
15 17 24.902
15 18 23.698
15 19 8.915
15 21 39.471
15 23 87.932
15 24 51.661
16 0 10.977
16 1 51.503
16 5 60.516
16 9 95.177
16 10 80.473
16 11 65.081
16 14 16.988
16 17 69.952
16 18 78.468
16 19 19.135
16 20 30.110
16 21 94.921
16 22 12.702
16 23 72.069
16 24 24.078
17 1 90.505
17 2 16.490
17 5 79.162
17 9 85.000
17 19 13.467
17 21 69.422
17 23 67.185
17 24 81.895
18 7 85.236
18 11 83.332
18 12 32.227
18 14 28.407
18 17 73.865
18 19 46.760
18 20 44.490
18 21 41.172
18 23 53.468
18 24 16.537
19 3 41.063
19 9 73.841
19 10 56.810
19 20 49.345
19 23 39.910
19 24 28.021
20 0 24.988
20 2 93.560
20 4 18.140
20 8 19.521
20 9 50.379
20 10 64.453
20 14 36.261
20 15 23.653
20 17 39.194
20 23 69.572
20 24 30.694
21 2 50.192
22 3 41.098
22 9 20.580
22 10 14.516
22 17 52.365
22 18 56.439
22 19 97.699
22 20 40.986
22 23 12.186
23 4 9.320
23 5 65.853
23 9 60.968
23 21 95.600
24 0 48.223
24 2 3.047
24 3 11.907
24 9 40.441
24 10 36.064
24 12 19.981
24 14 59.673
24 21 42.853
24 22 78.986
24 23 3.358
