25
0 12 0.522
0 8 0.067
0 17 0.735
0 7 0.647
0 15 0.516
0 1 0.09
0 10 0.91
0 3 0.281
0 23 0.514
0 19 0.565
0 16 0.69
0 18 0.798
0 14 0.307
0 11 0.197
0 4 0.691
0 5 0.49
0 20 0.843
1 8 0.737
1 6 0.687
1 4 0.05
1 10 0.219
1 15 0.573
1 23 0.08
1 14 0.944
1 22 0.56
1 12 0.925
1 16 0.984
1 3 0.359
1 11 0.656
1 9 0.565
1 17 0.24
1 19 0.95
1 21 0.69
1 2 0.029
1 24 0.968
1 18 0.945
1 13 0.888
2 8 0.851
2 21 0.447
2 22 0.344
2 7 0.535
2 12 0.707
2 16 0.317
2 6 0.778
2 19 0.866
2 23 0.898
2 4 0.526
2 20 0.147
2 17 0.925
2 24 0.926
2 15 0.87
2 10 0.602
2 11 0.622
2 14 0.672
2 13 0.437
3 13 0.713
3 15 0.84
3 23 0.875
3 8 0.826
3 17 0.683
3 21 0.826
3 18 0.984
3 19 0.256
3 16 0.912
3 7 0.658
3 12 0.381
3 14 0.923
4 19 0.092
4 9 0.653
4 20 0.511
4 10 0.741
4 12 0.362
4 7 0.908
4 6 0.35
4 23 0.225
4 13 0.765
4 22 0.09
4 18 0.012
5 20 0.34
5 16 0.707
5 22 0.313
5 9 0.772
5 19 0.113
5 8 0.394
5 10 0.262
5 13 0.293
5 6 0.603
5 17 0.17
5 15 0.628
5 14 0.967
5 7 0.322
5 11 0.561
6 8 0.587
6 20 0.467
6 14 0.711
6 22 0.615
6 11 0.26
6 9 0.056
6 17 0.677
6 15 0.31
6 19 0.844
6 18 0.503
6 10 0.783
7 12 0.639
7 24 0.341
7 18 0.868
7 20 0.526
7 9 0.026
7 8 0.164
7 17 0.64
7 10 0.054
7 23 0.826
7 22 0.77
7 15 0.827
7 19 0.875
7 13 0.721
8 21 0.853
8 13 0.983
8 11 0.72
8 16 0.785
8 14 0.852
8 12 0.327
8 24 0.308
8 10 0.555
8 18 0.685
8 22 0.509
8 15 0.512
8 23 0.05
8 20 0.339
9 16 0.339
9 22 0.538
9 14 0.275
9 10 0.462
9 15 0.969
9 19 0.494
9 12 0.614
9 23 0.932
9 24 0.467
9 13 0.275
10 15 0.763
10 23 0.077
10 19 0.42
10 13 0.304
10 22 0.072
10 20 0.405
10 14 0.595
10 11 0.796
10 18 0.182
11 18 0.693
11 19 0.241
11 16 0.822
11 24 0.55
11 23 0.335
11 12 0.383
11 21 0.374
11 14 0.285
12 13 0.357
12 14 0.537
12 16 0.628
12 22 0.657
12 21 0.447
12 18 0.276
12 24 0.532
13 15 0.344
13 22 0.654
13 17 0.886
13 21 0.027
13 18 0.014
13 19 0.122
13 23 0.719
13 20 0.306
13 16 0.836
14 22 0.557
14 21 0.456
14 23 0.945
14 19 0.255
14 24 0.933
15 22 0.476
15 23 0.966
15 18 0.276
15 21 0.76
15 24 0.258
15 19 0.137
15 20 0.431
16 24 0.91
16 22 0.833
16 21 0.988
16 20 0.056
16 19 0.205
16 23 0.097
16 17 0.896
16 18 0.598
17 22 0.389
17 24 0.993
17 21 0.582
17 20 0.003
17 19 0.562
17 23 0.443
18 20 0.622
18 22 0.249
18 21 0.407
19 20 0.569
19 24 0.746
19 21 0.806
20 21 0.185
20 22 0.42
20 23 0.209
21 23 0.636
21 24 0.564
21 22 0.4
22 23 0.877
