25
10 16 33.098
11 18 16.381
8 13 52.638
6 1 37.925
4 0 90.761
21 7 15.632
24 13 95.019
16 19 36.776
17 20 41.595
6 12 33.303
14 16 2.035
13 1 83.003
8 20 44.485
3 0 38.257
15 4 86.448
11 16 72.774
9 12 84.127
20 24 97.927
15 11 15.053
17 9 99.079
5 19 96.78
8 2 35.887
19 3 77.038
3 23 35.945
13 18 16.398
22 6 47.775
10 0 74.836
20 22 9.255
10 11 63.707
16 17 38.112
23 2 17.978
3 23 46.005
11 14 50.3
7 18 37.116
24 3 31.739
3 13 40.937
23 10 77.413
15 9 24.893
8 20 44.112
12 23 79.408
17 7 47.463
22 13 10.292
13 8 53.225
7 24 42.604
5 19 4.437
1 8 45.902
11 4 29.306
18 5 36.919
3 3 59.914
6 18 44.582