25
0 1 50.04
0 2 49.314
0 3 18.199
0 4 61.386
0 5 78.503
0 6 6.326
0 7 31.09
0 8 21.576
0 9 40.457
0 10 76.201
0 11 81.537
0 12 51.616
0 13 18.119
0 14 63.724
0 17 3.1
0 18 40.026
0 19 76.533
0 20 33.574
0 21 2.544
0 22 48.701
0 23 52.825
0 24 97.334
1 2 46.965
1 3 75.256
1 4 73.475
1 5 78.183
1 6 27.937
1 7 92.999
1 8 5.359
1 9 12.937
1 10 55.278
1 11 86.385
1 12 72.459
1 13 72.346
1 14 37.98
1 15 68.181
1 16 45.437
1 17 18.795
1 18 83.993
1 19 64.671
1 22 83.605
1 23 20.187
1 24 91.978
2 3 6.587
2 4 2.104
2 5 50.263
2 6 33.332
2 7 66.159
2 8 44.522
2 9 87.888
2 10 13.759
2 11 10.464
2 12 35.815
2 13 48.459
2 14 53.62
2 15 67.492
2 16 71.421
2 17 12.64
2 18 27.757
2 19 90.545
2 20 90.481
2 21 3.087
2 22 21.122
2 23 69.482
2 24 38.801
3 4 18.214
3 5 69.631
3 6 87.006
3 7 18.367
3 8 12.996
3 9 22.074
3 10 37.855
3 11 91.359
3 12 77.5
3 13 48.276
3 14 51.457
3 15 52.583
3 16 38.072
3 17 61.705
3 18 84.318
3 19 16.251
3 20 79.473
3 21 88.446
3 22 35.266
3 23 87.063
3 24 43.394
4 5 79.177
4 6 43.959
4 7 64.521
4 8 20.767
4 9 85.508
4 10 55.592
4 11 66.654
4 12 77.99
4 13 82.582
4 14 28.396
4 15 91.569
4 16 35.155
4 17 28.975
4 18 37.486
4 19 4.559
4 20 3.073
4 21 76.123
4 22 7.767
4 23 14.82
4 24 75.048
5 6 65.498
5 7 88.836
5 8 7.074
5 9 11.396
5 10 64.359
5 11 45.849
5 12 99.532
5 13 71.064
5 14 45.661
5 15 36.208
5 16 18.194
5 17 34.106
5 18 56.364
5 19 33.266
5 20 61.989
5 21 26.445
5 22 18.109
5 23 42.705
5 24 73.621
6 7 10.868
6 8 68.725
6 9 2.647
6 10 83.639
6 11 99.508
6 12 38.988
6 13 73.094
6 14 63.462
6 15 6.389
6 16 92.537
6 17 75.737
6 18 9.063
6 19 10.286
6 20 22.819
6 21 94.068
6 22 21.384
6 23 99.511
6 24 53.399
7 8 73.755
7 9 42.322
7 10 99.959
7 11 44.357
7 12 33.931
7 13 92.361
7 14 97.73
7 16 87.831
7 17 25.709
7 18 18.074
7 19 1.209
7 20 17.215
7 21 20.388
7 22 25.461
7 23 62.22
7 24 95.279
8 9 77.792
8 10 60.61
8 11 94.5
8 12 68.58
8 13 95.307
8 14 76.462
8 15 85.063
8 16 56.933
8 17 28.45
8 18 80.3
8 19 48.022
8 20 37.942
8 21 49.332
8 22 55.28
8 23 45.362
8 24 45.949
9 10 72.928
9 11 28.768
9 12 24.809
9 13 2.254
9 14 85.508
9 15 0.853
9 16 93.254
9 17 65.82
9 18 35.774
9 19 40.047
9 20 31.477
9 21 79.19
9 22 84.627
9 23 8.627
9 24 63.004
10 11 92.923
10 12 62.501
10 13 50.374
10 14 92.105
10 15 28.295
10 16 8.286
10 17 32.674
10 18 93.571
10 19 55.913
10 20 57.266
10 21 69.539
10 22 52.171
10 23 42.49
10 24 55.051
11 12 69.473
11 13 3.459
11 14 70.32
11 15 71.946
11 16 19.062
11 17 40.893
11 18 39.066
11 19 14.927
11 20 65.277
11 21 69.88
11 22 3.39
11 24 54.708
12 13 51.638
12 14 20.566
12 15 7.853
12 16 46.851
12 17 26.249
12 18 90.219
12 19 30.576
12 20 21.899
12 21 35.243
12 22 49.86
12 23 97.802
12 24 34.24
13 14 48.821
13 15 75.144
13 16 46.144
13 17 95.822
13 18 73.778
13 19 59.238
13 20 16.995
13 21 69.738
13 22 18.113
13 23 6.865
13 24 67.67
14 15 74.512
14 16 29.978
14 17 76.823
14 18 29.171
14 19 64.803
14 20 87.685
14 21 79.596
14 22 78.315
14 23 72.868
14 24 33.522
15 16 19.273
15 17 78.038
15 18 55.934
15 19 70.032
15 20 23.546
15 21 29.778
15 22 38.852
15 23 89.209
15 24 47.195
16 17 68.589
16 18 80.006
16 19 19.379
16 20 19.708
16 21 32.56
16 22 9.006
16 23 69.284
16 24 78.437
17 18 81.809
17 19 63.658
17 20 9.925
17 21 92.489
17 22 80.758
17 23 69.74
17 24 22.807
18 19 39.964
18 20 0.623
18 21 93.252
18 22 83.404
18 23 90.534
18 24 87.326
19 20 7.501
19 21 92.034
19 22 54.281
19 23 90.53
19 24 48.308
20 21 51.164
20 22 52.281
20 23 47.448
20 24 89.332
21 22 31.87
21 23 16.392
21 24 40.356
22 23 91.872
22 24 22.892
23 24 59.874
