25
11 5 9.158
21 9 73.597
6 19 25.158
21 5 3.573
20 12 99.972
16 11 80.367
14 16 54.418
1 0 26.824
10 12 36.401
16 5 42.361
0 5 56.051
4 16 32.514
16 21 51.022
14 13 55.989
24 11 73.44
14 5 78.975
12 22 95.493
20 16 73.859
8 15 24.99
11 21 50.084
14 11 88.285
17 23 56.771
21 7 45.655
22 5 94.06
19 8 87.67
15 9 77.298
22 16 30.33
19 18 56.219
23 6 40.667
19 2 48.891
10 23 78.428
3 1 0.842
1 8 57.441
21 3 59.17
4 8 75.437
6 1 24.483
22 24 42.292
5 7 3.187
2 3 67.277
23 0 95.456
4 5 37.31
0 12 73.479
7 4 58.946
0 11 97.082
20 23 93.846
9 10 74.768
9 14 48.876
19 23 55.15
8 24 4.577
19 22 40.185
7 2 15.346
10 3 66.083