25
0 1 49.45
0 2 22.8
0 3 25.54
0 4 39.62
0 5 37.72
0 6 99.64
0 7 40.81
0 8 77.18
0 9 76.03
0 10 30.99
0 11 34.65
0 12 35.17
0 13 14.54
0 14 97.25
0 15 90.9
0 16 55.98
0 17 31.35
0 18 88.81
0 19 67.45
0 20 39.1
0 21 50.71
0 22 52.40
0 23 92.78
0 24 57.13
1 2 66.82
1 3 5.220
1 4 32.7
1 5 5.63
1 6 17.98
1 7 92.58
1 8 93.78
1 9 71.39
1 10 73.26
1 11 46.17
1 12 93.12
1 13 40.63
1 14 68.31
1 15 64.98
1 16 59.87
1 17 22.2
1 18 68.22
1 19 87.79
1 20 79.66
1 21 43.19
1 22 91.77
1 23 78.17
1 24 72.56
2 3 12.47
2 4 91.62
2 5 38.76
2 6 29.49
2 7 61.66
2 8 46.77
2 9 25.53
2 10 83.89
2 11 17.86
2 12 22.7
2 13 65.98
2 14 47.9
2 15 7.340
2 16 13.88
2 17 11.21
2 18 47.77
2 19 54.02
2 20 95.78
2 21 58.37
2 22 52.66
2 23 92.21
2 24 91.91
3 4 25.19
3 5 68.25
3 6 96.41
3 7 22.68
3 8 71.59
3 9 79.75
3 10 93.66
3 11 85.36
3 12 42.15
3 13 0.54
3 14 3.479
3 15 1.39
3 16 58.87
3 17 38.29
3 18 11.48
3 19 86.42
3 20 82.15
3 21 73.74
3 22 84.02
3 23 40.14
3 24 74.85
4 5 55.95
4 6 61.30
4 7 29.79
4 8 60.23
4 9 42.55
4 10 53.83
4 11 48.66
4 12 49.98
4 13 91.73
4 14 26.27
4 15 4.96
4 16 46.26
4 17 40.81
4 18 48.69
4 19 7.049
4 20 58.19
4 21 98.69
4 22 20.9
4 23 21.23
4 24 96.1
5 6 70.67
5 7 59.29
5 8 38.08
5 9 63.85
5 10 50.23
5 11 8.97
5 12 29.70
5 13 82.8
5 14 17.54
5 15 90.42
5 16 58.81
5 17 1.650
5 18 36.99
5 19 4.21
5 20 12.72
5 21 17.91
5 22 16.64
5 23 88.36
5 24 90.58
6 7 23.53
6 8 40.72
6 9 47.11
6 10 83.00
6 11 29.18
6 12 17.38
6 13 45.80
6 14 90.23
6 15 59.48
6 16 41.25
6 17 40.56
6 18 30.84
6 19 31.78
6 20 41.5
6 21 63.81
6 22 79.51
6 23 3.699
6 24 73.44
7 8 77.24
7 9 24.44
7 10 98.49
7 11 67.49
7 12 89.25
7 13 24.3
7 14 5.16
7 15 70.96
7 16 95.71
7 17 2.280
7 18 91.3
7 19 72.82
7 20 95.53
7 21 27.31
7 22 17.05
7 23 32.25
7 24 27.72
8 9 49.05
8 10 13.07
8 11 73.81
8 12 14.03
8 13 57.05
8 14 53.32
8 15 23.34
8 16 47.68
8 17 46.46
8 18 80.58
8 19 1.849
8 20 71.27
8 21 25.09
8 22 66.03
8 23 63.62
8 24 5.689
9 10 71.88
9 11 33.98
9 12 54.94
9 13 74.42
9 14 17.84
9 15 25.06
9 16 13.38
9 17 15.07
9 18 93.89
9 19 97.13
9 20 14.24
9 21 19.58
9 22 10.03
9 23 8.18
9 24 76.82
10 11 21.02
10 12 46.21
10 13 8.4
10 14 33.14
10 15 98.82
10 16 90.01
10 17 86.52
10 18 38.42
10 19 70.05
10 20 3.71
10 21 50.12
10 22 11.37
10 23 73.36
10 24 43.66
11 12 32.69
11 13 75.14
11 14 26.3
11 15 48.5
11 16 0.65
11 17 0.52
11 18 56.76
11 19 35.29
11 20 37.5
11 21 36.5
11 22 30.89
11 23 17.08
11 24 97.89
12 13 77.49
12 14 97.2
12 15 52.54
12 16 23.84
12 17 48.5
12 18 58.91
12 19 50.03
12 20 42.96
12 21 25.08
12 22 5.74
12 23 64.33
12 24 25.14
13 14 19.13
13 15 51.06
13 16 38.06
13 17 91.67
13 18 5.220
13 19 37.75
13 20 49.76
13 21 57.92
13 22 80.74
13 23 89.24
13 24 47.19
14 15 9.86
14 16 72.72
14 17 48.89
14 18 70.23
14 19 35.73
14 20 19.37
14 21 33.73
14 22 54.64
14 23 95.88
14 24 91.58
15 16 70.66
15 17 86.56
15 18 22.81
15 19 80.16
15 20 73.9
15 21 19.46
15 22 14.72
15 23 36.72
15 24 35.03
16 17 11.08
16 18 17.0
16 19 65.78
16 20 94.64
16 21 25.54
16 22 10.93
16 23 78.49
16 24 48.87
17 18 61.19
17 19 89.81
17 20 39.11
17 21 10.81
17 22 31.66
17 23 2.02
17 24 59.30
18 19 58.44
18 20 69.08
18 21 67.01
18 22 23.52
18 23 58.56
18 24 19.7
19 20 65.44
19 21 64.84
19 22 20.09
19 23 2.34
19 24 77.92
20 21 1.31
20 22 63.88
20 23 75.49
20 24 64.23
21 22 85.16
21 23 63.16
21 24 30.33
22 23 41.34
22 24 16.79
23 24 80.77