25
0 1 23.564
0 3 13.748
0 10 99.847
0 11 70.035
0 13 65.288
0 15 40.797
0 18 72.003
0 19 42.456
0 20 10.861
0 23 65.378
0 24 30.464
1 4 43.941
1 6 20.274
1 8 38.298
1 9 68.343
1 10 54.001
1 11 4.746
1 17 46.027
1 18 33.044
1 22 79.106
2 3 25.467
2 4 53.882
2 5 53.512
2 6 99.247
2 10 65.524
2 11 4.709
2 12 43.321
2 13 11.059
2 15 15.96
2 17 18.61
2 19 82.019
2 23 35.63
2 24 67.754
3 4 99.489
3 5 29.679
3 8 75.321
3 10 40.32
3 11 72.962
3 12 86.44
3 13 41.863
3 16 47.611
3 18 10.884
3 20 22.887
3 21 91.443
3 22 84.23
3 23 55.604
4 5 19.294
4 8 50.855
4 10 12.566
4 14 38.971
4 17 81.777
4 18 98.734
4 19 80.547
4 20 48.178
4 23 90.288
4 24 41.778
5 8 55.587
5 18 69.002
5 20 22.36
5 23 37.402
5 24 56.753
6 7 70.426
6 8 72.658
6 9 59.061
6 14 48.324
6 15 30.689
6 16 37.519
6 19 80.748
6 21 93.652
6 22 79.046
6 24 59.771
7 8 95.178
7 9 17.984
7 12 26.439
7 15 79.678
7 19 19.332
7 21 53.368
7 23 67.193
8 12 54.886
8 14 53.681
8 18 54.442
8 19 15.727
8 20 85.579
8 22 25.475
8 23 96.866
8 24 95.959
9 10 11.649
9 15 91.276
9 16 74.49
9 20 18.725
9 21 21.988
10 14 65.192
10 15 57.677
10 16 2.656
10 20 89.259
10 22 53.673
10 23 32.077
10 24 10.535
11 13 55.967
11 14 77.165
11 15 5.108
11 16 45.466
11 17 28.688
11 19 46.548
11 20 96.282
11 21 64.14
11 23 53.325
11 24 87.339
12 13 29.036
12 15 1.514
12 17 19.19
12 18 32.903
12 19 94.609
12 21 15.74
12 23 1.39
13 15 31.788
13 16 38.104
13 17 99.704
13 18 71.741
13 19 88.012
13 20 34.168
13 22 71.717
14 15 60.636
14 20 20.001
14 23 37.196
14 24 92.299
15 16 97.358
15 18 3.929
15 20 26.715
15 22 15.296
15 23 5.938
16 20 82.558
16 21 35.01
17 18 62.867
17 21 61.483
18 20 94.879
18 22 74.351
18 24 42.534
19 20 38.541
19 21 4.657
19 23 55.755
19 24 22.246
20 21 38.493
20 22 89.055
21 23 71.654
22 23 7.589
22 24 97.691
23 24 11.075
