25
0 2 71.097
0 4 67.548
0 5 12.987
0 6 32.987
0 11 22.5
0 12 12.678
0 15 96.646
0 16 80.288
0 17 18.85
0 18 30.721
0 20 69.009
0 21 13.051
0 22 20.45
1 4 89.106
1 5 26.481
1 10 81.177
1 12 60.729
1 13 76.343
1 15 83.77
1 18 49.341
1 19 41.785
2 4 76.437
2 5 90.983
2 6 8.658
2 8 31.575
2 9 2.036
2 10 52.194
2 14 28.945
2 15 77.985
2 19 73.734
2 21 15.481
2 22 51.353
2 23 4.393
2 24 88.641
3 5 44.494
3 7 11.554
3 8 80.003
3 12 77.636
3 13 40.402
3 15 84.766
3 16 63.663
3 17 49.823
3 19 36.94
3 22 33.244
4 5 7.844
4 7 3.83
4 9 37.848
4 17 90.184
4 19 1.095
4 23 22.368
5 6 97.834
5 7 58.235
5 8 49.224
5 9 49.405
5 13 15.464
5 14 83.264
5 15 96.974
5 16 76.726
5 20 80.471
5 22 12.915
5 23 82.871
6 9 81.397
6 10 42.887
6 11 46.294
6 14 4.444
6 20 4.655
6 23 43.807
6 24 38.733
7 8 2.95
7 10 60.558
7 18 60.826
7 22 57.379
8 9 22.011
8 10 66.931
8 11 34.62
8 12 1.894
8 14 77.546
8 16 20.362
8 19 3.791
8 23 98.266
8 24 47.209
9 11 56.955
9 13 24.981
9 14 64.172
9 15 91.879
9 22 93.228
9 24 60.08
10 17 43.105
10 19 47.769
10 20 67.344
10 23 98.287
10 24 90.168
11 15 45.418
11 18 27.393
11 20 70.878
11 22 14.985
11 23 97.041
11 24 6.882
12 14 1.981
12 15 40.609
12 17 17.656
12 22 33.382
13 18 54.409
13 23 90.602
14 16 52.897
14 20 55.286
14 21 7.759
15 18 34.299
15 19 2.888
15 20 89.264
15 21 9.511
15 23 58.932
15 24 9.265
16 17 1.384
16 21 79.384
16 22 91.589
16 23 59.66
17 23 24.695
17 24 36.264
18 20 59.422
18 21 48.726
18 22 53.412
18 24 31.551
19 20 43.963
19 21 44.679
19 24 60.503
20 22 42.101
20 23 71.939
20 24 61.031
21 23 84.49
22 23 33.526
22 24 60.335
23 24 76.25