25
0 3 76.379
0 8 4.878
0 10 36.441
0 11 14.14
0 12 6.178
0 13 96.521
0 17 26.263
0 19 3.28
0 22 29.498
0 23 49.852
1 6 91.028
1 7 92.007
1 8 22.242
1 9 70.031
1 10 25.063
1 15 37.328
1 20 54.935
1 22 88.768
2 4 13.299
2 6 39.957
2 7 17.288
2 9 58.943
2 11 56.607
2 12 93.776
2 13 0.142
2 14 82.288
2 15 58.57
2 21 38.267
2 24 39.109
3 4 0.854
3 5 32.527
3 7 41.738
3 10 58.554
3 12 26.757
3 13 48.478
3 14 25.139
3 16 9.184
3 18 92.4
3 19 14.97
3 20 46.946
3 21 23.781
3 23 25.741
3 24 9.987
4 5 96.115
4 6 20.765
4 10 48.693
4 11 67.494
4 14 50.508
4 15 81.328
4 17 53.043
4 18 3.988
4 19 32.627
4 20 81.397
4 21 19.488
4 22 83.839
4 23 70.812
5 6 63.95
5 7 35.947
5 11 86.472
5 14 51.019
5 17 30.403
5 19 56.143
5 24 93.723
6 7 41.366
6 9 44.144
6 10 71.193
6 11 10.157
6 12 8.468
6 13 83.034
6 15 79.982
6 16 34.906
6 17 1.96
6 18 72.267
6 19 89.903
6 20 89.334
7 8 76.698
7 10 47.685
7 14 18.171
7 15 85.415
7 16 35.83
7 22 61.237
7 23 1.498
7 24 43.511
8 9 23.695
8 10 3.076
8 17 19.787
8 18 54.905
8 20 55.12
8 23 9.865
9 10 92.332
9 11 10.173
9 12 89.605
9 13 90.658
9 20 81.719
9 21 60.434
10 11 70.017
10 12 95.421
10 13 40.757
10 16 49.367
10 21 9.83
10 22 83.826
10 24 95.241
11 13 51.33
11 14 87.246
11 16 23.08
11 17 30.408
11 18 56.546
11 20 12.105
11 23 72.2
11 24 36.205
12 13 73.041
12 14 17.306
12 15 32.882
12 16 75.628
12 17 78.148
12 19 41.135
12 20 64.88
12 21 31.227
12 23 43.369
13 14 68.168
13 15 11.719
13 16 97.616
13 17 80.915
13 19 36.758
13 20 52.79
13 21 39.781
13 23 27.564
13 24 73.076
14 15 61.343
14 16 28.006
14 17 79.357
14 18 1.771
14 19 69.584
14 22 48.505
14 24 29.136
15 16 14.543
15 17 75.604
15 22 93.597
15 24 75.059
16 17 19.258
16 19 68.34
17 18 24.454
17 24 46.619
18 22 92.945
18 23 96.302
18 24 79.432
19 20 69.376
20 22 14.831
20 23 16.913
22 23 13.211