25
0 1 5.236
1 2 1.431
2 3 3.983
3 4 1.145
4 5 4.43
5 6 2.726
6 7 3.652
7 8 1.678
8 9 4.249
9 10 4.965
10 11 4.634
11 12 3.851
12 13 2.301
13 14 2.055
14 15 2.972
15 16 2.995
16 17 2.772
17 18 1.583
18 19 5.208
19 20 1.565
20 21 0.235
21 22 4.533
22 23 2.611
23 24 1.416
24 0 1.04
0 13 2.949
1 9 0.772
2 1 1.029
3 7 0.403
4 14 3.358
5 4 0.933
6 22 3.996
7 6 1.995
8 24 3.619
9 19 3.481
10 16 3.236
11 3 1.106
12 0 2.949
13 17 3.997
14 18 2.404
15 10 2.66
16 20 4.202
17 15 2.642
18 11 1.1
19 21 1.211
20 12 3.804
21 8 1.289
22 2 3.541
23 5 2.763
24 23 1.585