25
23 19 23.0
1 3 36.0
0 5 47.0
16 4 30.0
17 8 45.0
10 3 47.0
14 4 44.0
2 0 7.0
5 16 99.0
3 21 37.0
11 2 82.0
20 2 21.0
10 8 42.0
3 24 99.0
14 6 71.0
14 21 54.0
8 7 30.0
15 23 66.0
14 17 76.0
7 1 49.0
0 23 86.0
1 4 50.0
0 11 14.0
18 21 37.0
7 9 75.0
11 14 13.0
13 14 35.0
12 24 45.0
16 7 82.0
9 23 29.0
4 22 28.0
16 18 58.0
20 18 70.0
15 3 29.0
20 15 58.0
20 22 32.0
13 0 90.0
13 15 34.0
12 20 88.0
11 13 67.0
10 0 32.0
19 3 75.0
4 8 42.0
15 8 87.0
9 11 32.0
15 14 76.0
1 11 23.0
21 7 67.0
18 5 73.0
15 22 50.0
8 23 42.0
10 23 16.0
11 24 15.0
12 16 81.0
14 9 88.0
7 12 39.0
14 19 92.0
12 2 47.0
6 15 4.0
6 21 73.0
17 3 92.0
11 8 81.0
24 14 75.0
22 7 56.0
21 23 34.0
5 3 75.0
9 17 36.0
10 16 42.0
0 8 18.0
12 19 5.0
11 20 22.0
20 3 81.0
15 0 49.0
4 18 38.0
24 20 62.0
12 15 67.0
7 10 19.0
4 13 70.0
10 5 14.0
16 2 92.0
22 12 17.0
16 13 68.0
16 19 64.0
2 3 69.0
21 0 99.0
0 12 10.0
13 10 82.0
6 18 1.0
7 19 75.0
0 18 34.0
4 3 64.0
19 17 9.0
21 4 65.0
9 21 98.0
2 7 84.0
23 2 26.0
20 6 55.0
0 6 79.0
5 6 71.0
14 16 61.0
