25
0 1 8
0 10 28
0 19 59
0 2 60
0 23 45
0 4 94
0 8 14
1 10 45
1 12 76
1 16 51
1 19 42
1 2 41
1 21 85
1 23 17
1 4 49
1 8 30
1 9 84
10 11 35
10 12 38
10 15 85
10 17 92
10 19 94
10 21 40
10 22 21
10 23 59
10 24 5
11 12 14
11 14 7
11 16 77
12 13 42
12 14 76
12 18 41
12 21 73
12 22 78
12 23 41
13 14 51
13 16 88
13 17 1
13 19 44
14 15 19
14 20 76
14 22 15
15 16 10
15 18 70
15 19 99
16 17 90
16 18 13
16 19 39
16 23 53
17 18 41
17 20 22
17 21 31
17 23 60
18 19 18
18 20 46
18 23 2
19 20 75
19 21 21
19 24 16
2 10 44
2 12 10
2 13 76
2 14 15
2 16 62
2 17 55
2 18 65
2 22 66
2 3 63
2 5 44
2 6 78
2 9 18
20 21 9
20 23 12
21 22 70
21 24 3
22 23 91
23 24 49
3 15 98
3 16 18
3 18 94
3 19 50
3 20 53
3 22 48
3 4 40
3 5 91
3 8 76
4 10 34
4 15 37
4 16 11
4 19 58
4 23 22
4 24 29
4 5 26
4 9 25
5 10 63
5 11 28
5 12 62
5 14 20
5 15 39
5 17 54
5 19 51
5 20 61
5 23 23
5 24 92
5 6 48
5 8 17
5 9 59
6 10 58
6 12 90
6 14 42
6 15 90
6 16 59
6 18 13
6 19 66
6 20 46
6 21 86
6 22 85
6 7 23
7 11 85
7 12 21
7 16 57
7 17 4
7 19 49
7 20 46
7 21 47
7 22 49
7 23 96
7 8 38
7 9 27
8 10 45
8 11 11
8 12 39
8 13 18
8 14 51
8 15 44
8 21 92
8 24 60
8 9 32
9 10 13
9 12 75
9 16 77
9 21 18
