25
11 2 7.046
2 19 82.792
19 3 20.312
3 0 44.825
0 24 30.305
24 8 98.413
8 11 92.745
11 10 33.84
10 19 40.902
19 16 32.35
16 0 0.576
0 6 54.428
6 4 6.163
4 20 38.616
20 2 67.005
2 18 28.873
18 19 35.659
19 1 3.823
1 2 97.872
2 21 23.103
21 19 40.456
19 13 50.895
13 4 58.491
4 9 48.456
9 24 33.499
24 11 44.044
11 15 6.465
15 14 43.397
14 9 24.288
9 12 4.214
12 22 84.377
22 7 63.835
7 2 21.791
2 17 50.742
17 9 24.533
9 1 65.451
1 22 33.512
22 11 79.925
11 1 47.692
1 21 17.887
21 15 29.459
15 8 87.725
8 2 31.952
2 12 26.686
12 21 67.144
21 10 95.204
10 6 6.002
6 2 91.203
2 10 26.01
10 12 32.477
12 19 59.165
19 6 57.823
6 22 76.728
22 16 81.645
16 4 1.603
4 19 56.164
19 24 13.307
24 3 10.645
3 9 51.835
9 0 26.061
0 15 59.933
15 16 73.66
16 5 42.467
5 23 95.704
