25
0 1 68.822
0 2 92.518
0 3 72.117
0 4 65.606
0 5 94.381
0 6 42.612
0 7 80.2
0 8 99.745
0 9 48.035
0 10 28.74
0 11 63.36
0 12 16.592
0 13 96.998
0 14 51.457
0 15 63.45
0 16 81.523
0 17 39.251
0 18 13.008
0 19 40.006
0 20 40.729
0 21 26.362
0 22 21.844
0 23 16.228
0 24 41.479
1 2 78.769
1 3 47.539
1 4 63.665
1 5 39.293
1 6 54.995
1 7 4.116
1 8 78.921
1 9 61.12
1 10 64.0
1 11 50.768
1 12 5.26
1 13 4.778
1 14 59.889
1 15 19.317
1 16 25.962
1 17 83.38
1 18 52.312
1 19 37.662
1 20 31.122
1 21 85.152
1 22 37.813
1 23 21.885
1 24 72.766
2 3 34.455
2 4 69.939
2 5 14.252
2 6 30.549
2 7 82.469
2 8 74.858
2 9 23.841
2 10 91.679
2 11 25.791
2 12 97.471
2 13 43.481
2 14 19.206
2 15 11.058
2 16 89.706
2 17 8.462
2 18 63.329
2 19 41.495
2 20 0.714
2 21 81.308
2 22 49.625
2 23 22.637
2 24 79.005
3 4 86.679
3 5 82.152
3 6 10.531
3 7 96.707
3 8 66.22
3 9 25.159
3 10 73.531
3 11 93.008
3 12 63.735
3 13 69.648
3 14 13.517
3 15 52.13
3 16 6.135
3 17 66.832
3 18 62.125
3 19 25.017
3 20 21.854
3 21 70.448
3 22 51.611
3 23 4.251
3 24 38.94
4 5 24.76
4 6 3.87
4 7 61.709
4 8 13.706
4 9 19.767
4 10 33.642
4 11 95.381
4 12 68.564
4 13 71.424
4 14 46.263
4 15 4.158
4 16 85.914
4 17 39.745
4 18 85.031
4 19 31.832
4 20 8.302
4 21 39.006
4 22 15.37
4 23 97.798
4 24 13.74
5 6 69.981
5 7 50.129
5 8 5.266
5 9 64.43
5 10 46.666
5 11 64.906
5 12 56.823
5 13 18.883
5 14 97.534
5 15 73.219
5 16 56.855
5 17 32.999
5 18 42.76
5 19 14.998
5 20 70.225
5 21 77.1
5 22 50.087
5 23 96.583
5 24 4.557
6 7 90.236
6 8 71.001
6 9 24.721
6 10 31.382
6 11 10.688
6 12 69.026
6 13 78.182
6 14 54.44
6 15 17.222
6 16 97.429
6 17 32.834
6 18 86.251
6 19 7.341
6 20 35.992
6 21 73.92
6 22 93.959
6 23 25.73
6 24 17.944
7 8 70.726
7 9 62.648
7 10 75.292
7 11 92.394
7 12 6.789
7 13 96.71
7 14 52.344
7 15 42.321
7 16 6.321
7 17 69.517
7 18 33.273
7 19 55.216
7 20 57.405
7 21 30.212
7 22 90.237
7 23 88.63
7 24 20.726
8 9 18.701
8 10 81.61
8 11 83.946
8 12 82.319
8 13 31.884
8 14 4.872
8 15 98.505
8 16 57.92
8 17 85.678
8 18 76.741
8 19 7.656
8 20 24.103
8 21 37.083
8 22 76.968
8 23 8.505
8 24 75.723
9 10 22.389
9 11 30.995
9 12 75.1
9 13 50.853
9 14 14.94
9 15 92.629
9 16 66.605
9 17 25.114
9 18 66.157
9 19 29.236
9 20 38.527
9 21 48.928
9 22 15.46
9 23 40.411
9 24 81.617
10 11 93.402
10 12 69.585
10 13 73.831
10 14 79.788
10 15 42.05
10 16 12.369
10 17 44.005
10 18 56.455
10 19 43.769
10 20 67.129
10 21 78.149
10 22 93.169
10 23 69.287
10 24 3.778
11 12 85.352
11 13 57.419
11 14 96.056
11 15 44.627
11 16 76.319
11 17 56.549
11 18 88.868
11 19 96.742
11 20 38.677
11 21 80.883
11 22 8.588
11 23 76.44
11 24 27.34
12 13 30.112
12 14 74.537
12 15 56.256
12 16 26.523
12 17 23.437
12 18 5.562
12 19 61.57
12 20 48.813
12 21 21.07
12 22 50.727
12 23 38.288
12 24 9.012
13 14 47.939
13 15 69.367
13 16 67.788
13 17 36.61
13 18 36.467
13 19 45.057
13 20 42.388
13 21 99.93
13 22 39.097
13 23 12.156
13 24 76.069
14 15 25.429
14 16 75.675
14 17 12.777
14 18 3.766
14 19 51.065
14 20 38.375
14 21 55.426
14 22 71.07
14 23 16.549
14 24 1.869
15 16 56.137
15 17 70.731
15 18 89.286
15 19 66.604
15 20 34.267
15 21 7.29
15 22 26.274
15 23 92.992
15 24 86.857
16 17 66.207
16 18 50.136
16 19 38.498
16 20 37.306
16 21 38.324
16 22 45.875
16 23 2.227
16 24 60.085
17 18 6.167
17 19 63.486
17 20 27.819
17 21 7.751
17 22 28.776
17 23 52.435
17 24 45.22
18 19 25.401
18 20 41.62
18 21 76.307
18 22 55.34
18 23 20.586
18 24 60.017
19 20 97.338
19 21 35.983
19 22 56.261
19 23 30.922
19 24 99.99
20 21 59.372
20 22 99.018
20 23 15.327
20 24 89.544
21 22 65.918
21 23 19.766
21 24 30.62
22 23 91.759
22 24 90.753
23 24 64.773