25
0 5 96.138
0 8 58.315
0 10 88.954
0 16 25.16
0 9 81.935
0 6 23.485
0 17 75.042
1 9 81.652
1 7 63.358
1 10 76.54
1 21 22.686
2 20 53.128
2 18 95.789
2 4 42.041
2 24 71.173
3 15 77.306
3 6 97.227
4 18 20.534
4 6 53.507
4 13 25.971
5 21 52.678
6 7 53.235
6 11 54.482
6 9 55.674
6 12 54.002
6 23 14.238
7 17 68.554
7 8 73.276
7 13 10.494
7 9 43.235
7 15 83.552
7 14 9.638
7 12 21.263
8 9 88.628
8 22 43.354
8 14 30.53
8 11 17.804
8 23 16.392
8 12 25.919
8 10 80.289
9 24 90.652
9 13 12.5
9 22 83.737
9 20 58.204
9 17 44.845
9 14 38.475
10 22 65.078
11 23 10.014
11 18 8.432
11 13 36.196
12 17 10.301
12 18 46.117
13 18 34.491
13 14 13.111
14 22 95.837
14 24 99.155
14 17 1.896
15 21 70.7
15 24 51.103
15 23 89.496
16 21 92.743
17 23 86.186
18 23 38.173
18 20 44.823
18 19 27.523
18 21 41.374
18 24 53.727