25
19 2 66.54
13 14 91.5
10 0 44.69
7 2 21.76
6 1 22.9
2 6 20.24
6 9 75.96
2 24 81.74
16 20 43.78
12 8 99.09
24 11 84.39
2 0 8.43
10 7 21.53
12 6 37.46
6 10 70.19
6 5 95.57
20 19 49.06
15 0 21.9
8 1 26.84
24 17 62.75
12 13 75.82
12 5 7.71
2 5 26.16
14 5 35.67
12 1 21.35
11 8 62.97
3 17 77.62
8 5 5.0
8 3 72.11
1 0 96.74
20 3 94.89
18 5 28.43
19 4 88.54
6 19 17.11
18 7 25.01
9 5 70.63
15 22 7.91
14 16 52.18
24 3 10.47
4 9 53.53
7 11 16.11
5 16 69.6
18 3 63.77
24 15 89.33
7 5 56.76
13 19 79.61
11 19 56.94
21 16 9.12
16 24 81.71
5 24 15.27
17 13 90.1
7 20 54.94
16 1 0.04
21 19 84.39
14 7 25.96
17 10 31.64
1 19 59.97
17 12 51.65
17 18 45.96
10 16 19.35
13 1 32.42
22 9 87.89
4 2 99.28
0 12 44.43
14 19 55.21
6 8 50.14
14 22 80.2
22 7 67.43
21 6 62.94
10 21 28.25
21 14 92.26
2 10 23.35
0 5 77.03
20 11 27.23
17 2 26.67
8 10 13.72
16 8 31.29
16 3 1.85
7 24 41.19
9 24 34.79
8 15 27.12
0 9 37.69
7 23 96.46
9 19 13.92
11 14 61.16
7 12 7.5
15 19 73.86
12 11 22.18
13 11 58.33
12 4 77.62
13 7 71.11
0 8 75.78
3 2 55.43
12 18 32.76
1 24 88.2
8 17 12.39
21 17 9.42
6 24 94.12
6 11 86.36
1 20 29.07
4 16 89.57
14 20 66.94
13 15 17.7
18 0 85.48
20 18 76.72
23 16 42.02
4 23 87.93
23 22 21.98
5 3 38.06
11 17 32.67
12 9 59.15
4 24 66.58
5 17 26.76
14 4 72.53
0 21 90.98
14 23 78.49
13 24 92.5
23 11 92.72
19 24 73.01
13 9 74.01
7 17 12.91
22 13 46.94
5 23 28.41
2 1 16.42
12 15 4.46
22 10 61.5
16 17 48.49
23 9 75.72
23 19 49.37
1 5 75.79
16 13 59.23
13 23 28.97
3 21 77.35
21 4 32.35
11 21 83.07
16 18 7.81
18 14 97.98
2 9 5.63
6 7 61.79
13 2 68.96
18 9 52.87
5 22 5.57
2 15 97.07
0 6 81.14
2 16 78.58
10 12 71.36
10 23 55.89
2 23 96.71
0 19 88.96
7 4 39.42
1 22 87.38
2 11 21.8
14 6 6.04
22 18 43.98
11 15 42.63
23 21 57.47
22 0 36.93
21 13 28.8
15 5 25.55
13 6 7.83
15 23 54.67
11 18 29.23
15 20 43.55
7 8 29.48
24 23 91.89
17 15 70.77
20 24 38.98
18 21 45.62
8 18 98.9
22 3 33.16
19 10 52.52
22 24 54.1
1 21 52.24
18 24 39.68
4 5 1.39