25
0 1 1.75
1 2 1.5
2 3 1.25
3 4 2.0
4 5 1.0
5 6 1.25
6 7 1.50
7 8 1.75
8 9 1.75
9 10 1.0
10 11 1.25
11 12 2.0
12 13 1.0
13 14 1.75
14 15 1.5
15 16 1.0
16 17 2.0
17 18 1.5
18 19 2.25
19 20 2.5
20 21 1.75
21 22 0.5
22 23 0.25
23 24 0.75
0 2 1.5
0 7 1.0
0 9 0.5
0 11 0.5
0 12 2
0 14 1.5
0 21 1.0
0 23 1.0
1 5 1.25
1 7 1.75
1 11 0.75
1 17 1.25
1 23 0.25
2 13 0.75
2 19 1.5
2 21 1.75
3 12 1.25
3 18 0.25
4 15 0.75
4 19 1.25
5 21 1.5
5 23 1.25
7 18 0.25
7 23 2.25
11 13 1.5
11 17 2.25
14 19 0.5
14 21 0.75
17 19 1.0
17 21 1.25
19 21 1.75
19 22 1.25
