24
0 1 38.515
0 2 80.892
0 3 1.046
0 4 93.88
0 5 37.47
0 6 11.708
0 7 3.771
0 8 58.51
0 9 72.184
0 10 24.661
0 11 29.659
0 12 15.799
0 13 17.773
0 14 60.328
0 15 65.755
0 16 0.144
0 17 39.085
0 18 77.152
0 19 74.247
0 20 11.25
0 21 5.246
0 22 83.812
0 23 51.104
1 2 83.613
1 3 23.951
1 4 7.549
1 5 21.055
1 6 4.055
1 7 66.167
1 8 36.992
1 9 1.021
1 10 23.69
1 11 47.711
1 12 16.86
1 13 97.147
1 14 80.405
1 15 58.794
1 16 83.282
1 17 47.173
1 18 32.557
1 19 35.337
1 20 83.739
1 21 27.494
1 22 47.767
1 23 38.365
2 3 51.333
2 4 56.406
2 5 79.213
2 6 98.763
2 7 62.624
2 8 59.443
2 9 3.1
2 10 95.002
2 11 34.878
2 12 49.185
2 13 14.565
2 14 9.524
2 15 90.7
2 16 26.025
2 17 72.366
2 18 85.503
2 19 20.549
2 20 78.332
2 21 24.587
2 22 14.214
2 23 20.557
3 4 62.393
3 5 47.831
3 6 69.98
3 7 39.725
3 8 10.562
3 9 77.625
3 10 49.877
3 11 80.377
3 12 94.678
3 13 18.887
3 14 16.118
3 15 29.171
3 16 25.925
3 17 28.104
3 18 47.705
3 19 61.381
3 20 63.894
3 21 50.227
3 22 44.985
3 23 54.374
4 5 81.946
4 6 5.063
4 7 21.462
4 8 31.01
4 9 88.24
4 10 43.209
4 11 4.298
4 12 36.906
4 13 44.569
4 14 56.747
4 15 95.85
4 16 80.825
4 17 10.05
4 18 89.042
4 19 51.88
4 20 19.033
4 21 54.782
4 22 90.166
4 23 32.868
5 6 3.866
5 7 50.744
5 8 61.238
5 9 14.111
5 10 39.645
5 11 64.535
5 12 74.514
5 13 94.707
5 14 99.786
5 15 97.209
5 16 85.318
5 17 45.233
5 18 30.767
5 19 30.749
5 20 49.579
5 21 79.23
5 22 88.983
5 23 87.66
6 7 10.842
6 8 20.132
6 9 30.418
6 10 50.061
6 11 42.624
6 12 46.963
6 13 70.013
6 14 89.399
6 15 42.34
6 16 63.929
6 17 40.181
6 18 1.497
6 19 23.832
6 20 38.555
6 21 0.264
6 22 8.324
6 23 91.652
7 8 82.168
7 9 29.666
7 10 58.161
7 11 56.201
7 12 24.994
7 13 72.33
7 14 94.882
7 15 52.264
7 16 51.317
7 17 55.55
7 18 32.582
7 19 42.907
7 20 74.831
7 21 70.094
7 22 42.478
7 23 44.68
8 9 57.259
8 10 32.5
8 11 66.023
8 12 73.566
8 13 66.923
8 14 36.846
8 15 62.495
8 16 16.247
8 17 45.76
8 18 19.814
8 19 53.632
8 20 5.707
8 21 4.479
8 22 43.407
8 23 58.601
9 10 60.089
9 11 6.924
9 12 75.614
9 13 12.728
9 14 89.996
9 15 19.372
9 16 68.666
9 17 62.889
9 18 6.078
9 19 23.085
9 20 93.453
9 21 3.804
9 22 44.405
9 23 9.152
10 11 93.978
10 12 93.373
10 13 49.997
10 14 78.38
10 15 99.893
10 16 49.019
10 17 52.794
10 18 65.462
10 19 55.299
10 20 56.413
10 21 30.653
10 22 2.111
10 23 75.932
11 12 6.618
11 13 33.673
11 14 63.25
11 15 47.788
11 16 3.123
11 17 9.984
11 18 61.954
11 19 99.262
11 20 41.026
11 21 14.365
11 22 32.263
11 23 35.708
12 13 36.13
12 14 46.314
12 15 10.309
12 16 10.933
12 17 57.005
12 18 39.985
12 19 88.649
12 20 82.371
12 21 33.192
12 22 54.232
12 23 20.452
13 14 85.02
13 15 20.185
13 16 19.396
13 17 91.496
13 18 39.029
13 19 31.599
13 20 2.277
13 21 65.823
13 22 42.218
13 23 10.731
14 15 33.254
14 16 23.068
14 17 47.741
14 18 51.104
14 19 66.489
14 20 2.454
14 21 33.587
14 22 64.515
14 23 90.936
15 16 73.053
15 17 46.16
15 18 1.743
15 19 11.788
15 20 64.645
15 21 46.229
15 22 15.867
15 23 44.044
16 17 55.921
16 18 26.176
16 19 11.98
16 20 95.536
16 21 18.308
16 22 44.923
16 23 24.294
17 18 43.5
17 19 86.576
17 20 26.078
17 21 4.086
17 22 43.814
17 23 37.596
18 19 81.927
18 20 93.02
18 21 24.698
18 22 76.228
18 23 47.538
19 20 41.881
19 21 33.845
19 22 64.233
19 23 61.658
20 21 14.778
20 22 42.111
20 23 62.682
21 22 25.022
21 23 66.268
22 23 99.674