50
0 16 27.324
0 30 79.793
0 31 98.909
0 39 34.956
1 3 49.708
1 14 98.398
1 33 95.032
2 6 57.781
2 13 72.339
2 23 82.211
2 28 55.309
2 31 61.598
2 40 75.39
3 26 41.486
3 32 25.412
3 41 27.733
4 9 70.446
4 10 13.763
4 32 43.366
4 34 69.879
5 27 36.451
5 28 80.72
5 30 55.141
5 43 5.129
6 12 0.82
6 27 14.448
6 29 97.956
6 39 72.027
6 41 1.3
6 46 51.349
7 8 0.986
7 10 45.504
7 21 44.997
7 39 99.562
7 47 73.01
8 20 8.543
8 22 44.452
8 31 46.984
8 40 71.986
8 42 51.757
8 43 79.181
9 22 64.434
9 24 39.563
9 35 41.733
9 44 30.928
10 22 61.091
10 45 49.505
10 49 38.608
11 17 79.081
11 32 14.517
11 33 4.715
11 49 10.056
12 35 64.936
12 38 33.732
12 39 82.007
13 19 60.034
13 28 35.892
13 30 60.892
13 39 95.252
14 18 75.707
14 22 82.231
14 23 9.901
14 25 25.145
14 28 38.154
14 30 34.111
14 41 44.816
15 21 18.861
15 23 68.607
15 41 36.61
15 43 39.084
15 48 87.003
16 30 10.441
16 33 58.954
17 20 35.44
17 38 29.3
17 47 62.829
18 24 92.139
18 27 6.436
18 30 73.026
18 33 61.455
18 40 75.39
19 23 38.579
19 34 45.696
19 37 71.05
19 41 89.145
20 26 44.799
20 29 91.084
20 32 47.659
21 25 12.815
21 37 52.08
22 32 15.497
22 39 91.658
22 42 62.906
23 24 64.799
23 27 8.235
23 33 14.746
23 36 3.168
23 43 64.109
24 27 61.133
24 31 38.83
24 32 53.699
24 42 44.39
24 46 49.881
25 43 73.926
25 49 20.214
26 29 11.172
26 39 53.979
26 45 7.46
27 34 66.221
27 36 42.399
27 39 84.173
28 33 94.918
28 39 13.947
28 43 57.18
28 45 88.482
28 46 35.818
29 31 1.605
29 39 88.351
29 40 74.945
29 41 86.099
30 31 42.216
30 38 22.395
30 48 10.121
31 33 20.517
31 41 58.31
31 45 23.255
31 49 7.089
32 33 32.641
32 35 16.334
32 40 39.443
33 48 83.469
34 37 71.265
34 38 4.521
34 42 29.282
34 44 15.916
34 47 60.581
35 36 77.605
35 45 27.882
36 38 34.677
36 39 69.0
38 47 50.422
40 42 28.884
41 44 3.876
42 44 43.514
42 49 77.367
44 46 25.033
45 49 61.089
47 49 67.727
